1173550 2538.2
1173560 2543.8
1173570 2543.8
1173580 2552.1
1173590 2561.3
1173600 2570.8
1173610 2570.8
1173620 2581.5
1173630 2596.0
1173640 2596.0
1173650 2606.9
1173660 2612.9
1173670 2612.9
1173680 2608.3
1173690 2603.0
1173700 2603.0
1173710 2603.5
1173720 2608.0
1173730 2608.0
1173740 2607.2
1173750 2608.0
1173760 2608.0
1173770 2607.0
1173780 2602.6
1173790 2596.7
1173800 2596.7
1173810 2590.4
1173820 2586.0
1173830 2586.0
1173840 2580.5
1173850 2579.3
1173860 2579.3
1173870 2580.8
1173880 2585.7
1173890 2577.7
1173900 2578.6
1173910 2582.3
1173920 2582.3
1173930 2587.6
1173940 2596.3
1173950 2607.9
1173960 2607.9
1173970 2617.3
1173980 2623.6
1173990 2623.6
1174000 2630.1
1174010 2637.0
1174020 2637.0
1174030 2641.8
1174040 2640.9
1174050 2640.9
1174060 2643.3
1174070 2652.7
1174080 2652.7
1174090 2660.3
1174100 2664.3
1174110 2664.3
1174120 2669.0
1174130 2672.9
1174140 2678.5
1174150 2678.5
1174160 2684.5
1174170 2690.4
1174180 2690.4
1174190 2694.3
1174200 2697.6
1174210 2697.6
1174220 2700.1
1174230 2701.6
1174240 2701.6
1174250 2702.4
1174260 2702.7
1174270 2702.7
1174280 2702.2
1174290 2687.1
1174300 2687.1
1174310 2675.9
1174320 2666.1
1174330 2656.9
1174340 2656.9
1174350 2647.8
1174360 2638.8
1174370 2638.8
1174380 2629.7
1174390 2620.6
1174400 2620.6
1174410 2613.4
1174420 2607.5
1174430 2607.5
1174440 2602.9
1174450 2599.9
1174460 2599.9
1174470 2597.4
1174480 2599.5
1174490 2599.5
1174500 2600.8
1174510 2598.7
1174520 2599.8
1174530 2599.8
1174540 2602.7
1174550 2602.9
1174560 2602.9
1174570 2602.5
1174580 2602.7
1174590 2602.7
