1173280 2561.8
1173290 2570.4
1173300 2570.4
1173310 2568.0
1173320 2569.6
1173330 2569.6
1173340 2563.5
1173350 2556.1
1173360 2556.1
1173370 2558.7
1173380 2561.0
1173390 2561.0
1173400 2556.8
1173410 2561.0
1173420 2561.0
1173430 2557.1
1173440 2553.3
1173450 2553.3
1173460 2558.9
1173470 2568.7
1173480 2579.3
1173490 2579.3
1173500 2588.1
1173510 2598.7
1173520 2598.7
1173530 2610.0
1173540 2616.8
1173550 2616.8
1173560 2621.4
1173570 2614.2
1173580 2614.2
1173590 2609.5
1173600 2616.3
1173610 2616.3
1173620 2625.5
1173630 2640.6
1173640 2640.6
1173650 2659.0
1173660 2670.3
1173670 2687.8
1173680 2687.8
1173690 2704.0
1173700 2716.2
1173710 2716.2
1173720 2729.6
1173730 2741.1
1173740 2741.1
1173750 2749.0
1173760 2763.2
1173770 2763.2
1173780 2769.8
1173790 2773.9
1173800 2773.9
1173810 2784.4
1173820 2800.3
1173830 2800.3
1173840 2803.6
1173850 2810.0
1173860 2817.7
1173870 2817.7
1173880 2825.2
1173890 2831.3
1173900 2831.3
1173910 2835.3
1173920 2842.2
1173930 2842.2
1173940 2853.0
1173950 2861.9
1173960 2861.9
1173970 2871.5
1173980 2882.1
1173990 2882.1
1174000 2893.8
1174010 2900.0
1174020 2894.0
1174030 2894.0
1174040 2887.1
1174050 2877.4
1174060 2877.4
1174070 2863.8
1174080 2859.4
1174090 2859.4
1174100 2861.0
1174110 2865.4
1174120 2865.4
1174130 2861.8
1174140 2848.2
1174150 2848.2
1174160 2835.8
1174170 2823.0
1174180 2823.0
1174190 2820.1
1174200 2820.1
1174210 2825.5
1174220 2825.5
1174230 2830.7
1174240 2826.7
1174250 2826.7
1174260 2812.3
1174270 2803.4
1174280 2803.4
1174290 2799.5
1174300 2792.7
1174310 2792.7
1174320 2782.8
1174330 2771.6
1174340 2771.6
1174350 2768.9
1174360 2763.5
1174370 2763.5
1174380 2763.0
1174390 2765.7
1174400 2754.8
1174410 2754.8
1174420 2742.5
1174430 2740.0
1174440 2740.0
1174450 2741.1
1174460 2744.1
1174470 2730.7
1174480 2726.3
1174490 2724.0
1174500 2724.0
1174510 2723.1
1174520 2723.7
1174530 2723.7
1174540 2723.1
1174550 2723.1
1174560 2723.1
1174570 2723.2
1174580 2724.1
1174590 2724.2
1174600 2724.2
1174610 2723.6
1174620 2723.1
1174630 2723.1
1174640 2722.9
1174650 2723.6
1174660 2723.6
1174670 2724.5
1174680 2724.9
1174690 2724.9
1174700 2725.1
1174710 2725.4
1174720 2725.4
1174730 2725.9
1174740 2726.2
1174750 2726.2
1174760 2727.8
1174770 2729.4
1174780 2730.2
1174790 2730.2
1174800 2730.2
1174810 2729.4
1174820 2729.4
1174830 2728.0
1174840 2729.5
1174850 2729.5
1174860 2734.5
1174870 2739.8
1174880 2734.5
1174890 2738.4
1174900 2740.6
1174910 2740.6
1174920 2743.8
1174930 2749.9
1174940 2749.9
1174950 2758.6
1174960 2769.3
1174970 2781.2
1174980 2781.2
1174990 2783.6
1175000 2780.4
1175010 2780.4
1175020 2783.5
1175030 2785.4
1175040 2785.4
1175050 2780.1
1175060 2773.9
1175070 2773.9
1175080 2768.0
1175090 2763.7
1175100 2763.7
1175110 2755.5
1175120 2745.7
1175130 2745.7
1175140 2735.1
1175150 2728.0
1175160 2723.6
1175170 2723.6
1175180 2721.0
1175190 2720.6
1175200 2720.6
1175210 2720.1
1175220 2718.5
1175230 2718.5
1175240 2716.7
1175250 2714.1
1175260 2714.1
1175270 2711.2
1175280 2708.0
1175290 2706.4
1175300 2703.7
1175310 2701.1
1175320 2698.7
1175330 2698.7
1175340 2696.8
1175350 2695.1
1175360 2695.1
1175370 2693.6
1175380 2692.4
1175390 2692.4
1175400 2691.2
1175410 2689.6
1175420 2689.6
1175430 2688.6
1175440 2688.9
1175450 2688.9
1175460 2690.4
1175470 2690.5
1175480 2690.5
1175490 2689.2
1175500 2688.5
1175510 2687.6
1175520 2687.6
1175530 2686.6
1175540 2685.2
1175550 2685.2
1175560 2683.6
1175570 2681.8
1175580 2681.8
1175590 2679.4
1175600 2677.6
1175610 2677.6
1175620 2675.4
1175630 2673.4
1175640 2673.4
1175650 2671.4
1175660 2670.3
1175670 2670.3
1175680 2669.4
1175690 2669.0
1175700 2670.4
1175710 2670.4
1175720 2670.7
1175730 2669.6
1175740 2669.6
1175750 2666.9
1175760 2662.3
1175770 2662.3
1175780 2660.1
1175790 2660.0
1175800 2660.0
1175810 2660.9
1175820 2661.6
1175830 2661.6
1175840 2660.9
1175850 2659.1
1175860 2659.1
1175870 2657.3
1175880 2655.3
1175890 2653.4
1175900 2653.4
1175910 2650.9
1175920 2648.2
1175930 2648.2
1175940 2644.1
1175950 2638.7
1175960 2638.7
1175970 2633.4
1175980 2630.7
1175990 2630.7
1176000 2628.7
1176010 2627.0
1176020 2627.0
1176030 2626.5
1176040 2624.7
1176050 2624.7
1176060 2618.0
1176070 2614.8
1176080 2616.9
1176090 2616.9
1176100 2619.4
1176110 2619.8
1176120 2619.8
1176130 2621.0
1176140 2621.2
1176150 2621.2
1176160 2620.2
1176170 2619.4
1176180 2619.4
1176190 2620.5
1176200 2621.6
1176210 2621.6
1176220 2621.9
1176230 2620.8
1176240 2620.8
1176250 2617.6
1176260 2614.8
1176270 2614.0
1176280 2614.0
1176290 2614.5
1176300 2611.2
1176310 2611.2
1176320 2606.4
1176330 2607.2
1176340 2607.2
1176350 2608.1
1176360 2606.8
1176370 2606.8
1176380 2606.2
1176390 2605.1
1176400 2605.1
1176410 2602.8
1176420 2600.9
