1173280 2554.8
1173290 2554.8
1173300 2552.1
1173310 2549.4
1173320 2547.2
1173330 2547.2
1173340 2542.6
1173350 2537.6
1173360 2537.6
1173370 2539.0
1173380 2540.9
1173390 2540.9
1173400 2538.1
1173410 2537.2
1173420 2537.2
1173430 2536.1
1173440 2543.8
1173450 2543.8
1173460 2556.6
1173470 2565.8
1173480 2565.8
1173490 2577.6
1173500 2588.1
1173510 2598.2
1173520 2598.2
1173530 2603.8
1173540 2595.2
1173550 2595.2
1173560 2590.6
1173570 2592.3
1173580 2592.3
1173590 2610.6
1173600 2626.9
1173610 2626.9
1173620 2637.0
1173630 2644.0
1173640 2632.0
1173650 2639.8
1173660 2654.1
1173670 2654.1
1173680 2669.0
1173690 2682.3
1173700 2696.5
1173710 2696.5
1173720 2718.8
1173730 2729.8
1173740 2729.8
1173750 2736.9
1173760 2743.1
1173770 2743.1
1173780 2748.8
1173790 2754.2
1173800 2754.2
1173810 2770.2
1173820 2783.3
1173830 2783.3
1173840 2785.5
1173850 2786.3
1173860 2786.3
1173870 2804.7
1173880 2812.1
1173890 2821.3
1173900 2821.3
1173910 2832.6
1173920 2852.3
1173930 2852.3
1173940 2873.7
1173950 2891.2
1173960 2891.2
1173970 2893.5
1173980 2901.2
1173990 2901.2
1174000 2911.8
1174010 2902.5
1174020 2902.5
1174030 2891.2
1174040 2878.3
1174050 2878.5
1174060 2866.6
1174070 2856.6
1174080 2848.1
1174090 2848.1
1174100 2840.1
1174110 2836.2
1174120 2836.2
1174130 2834.4
1174140 2831.6
1174150 2831.6
1174160 2819.5
1174170 2809.4
1174180 2809.4
1174190 2804.9
1174200 2804.2
1174210 2804.2
1174220 2808.5
1174230 2810.6
1174240 2810.6
1174250 2803.4
1174260 2793.0
1174270 2784.0
1174280 2784.0
1174290 2777.1
1174300 2769.2
1174310 2769.2
1174320 2765.3
1174330 2760.9
1174340 2760.9
1174350 2752.2
1174360 2745.9
1174370 2745.9
1174380 2740.8
1174390 2738.4
1174400 2738.4
1174410 2738.5
1174420 2728.9
1174430 2728.9
1174440 2724.7
1174450 2714.9
1174460 2711.6
1174470 2711.6
1174480 2709.7
1174490 2709.0
1174500 2709.0
1174510 2707.9
1174520 2707.6
1174530 2707.6
1174540 2707.5
1174550 2708.2
1174560 2708.2
1174570 2708.3
1174580 2709.4
1174590 2709.4
1174600 2709.2
1174610 2709.2
1174620 2709.0
1174630 2709.0
1174640 2709.2
1174650 2710.4
1174660 2710.4
1174670 2711.6
1174680 2712.4
1174690 2712.4
1174700 2712.8
1174710 2713.1
1174720 2713.1
1174730 2713.4
1174740 2714.3
1174750 2714.3
1174760 2715.8
1174770 2716.9
1174780 2716.9
1174790 2717.2
1174800 2716.9
1174810 2716.9
1174820 2716.9
1174830 2717.2
1174840 2720.6
1174850 2720.6
1174860 2720.4
1174870 2723.9
1174880 2723.9
1174890 2726.0
1174900 2727.9
1174910 2727.9
1174920 2730.7
1174930 2738.3
1174940 2738.3
1174950 2750.1
1174960 2758.8
1174970 2758.8
1174980 2761.2
1174990 2763.2
1175000 2767.4
1175010 2767.4
1175020 2774.7
1175030 2781.9
1175040 2781.9
1175050 2780.3
1175060 2773.0
1175070 2773.0
1175080 2764.0
1175090 2753.9
1175100 2753.9
1175110 2743.7
1175120 2735.0
1175130 2735.0
1175140 2727.1
1175150 2719.3
1175160 2719.3
1175170 2713.8
1175180 2712.3
1175190 2712.1
1175200 2712.1
1175210 2712.0
1175220 2711.2
1175230 2711.2
1175240 2710.4
1175250 2708.8
1175260 2708.8
1175270 2705.0
1175280 2703.2
1175290 2703.2
1175300 2701.6
1175310 2700.2
1175320 2700.2
1175330 2699.2
1175340 2698.3
1175350 2698.3
1175360 2697.6
1175370 2697.4
1175380 2696.9
1175390 2696.9
1175400 2696.3
1175410 2695.8
1175420 2695.8
1175430 2694.8
1175440 2693.2
1175450 2693.2
1175460 2691.5
1175470 2689.7
1175480 2689.7
1175490 2690.0
1175500 2691.6
1175510 2691.6
1175520 2692.1
1175530 2691.4
1175540 2691.4
1175550 2690.3
1175560 2688.8
1175570 2686.1
1175580 2686.1
1175590 2683.2
1175600 2680.4
1175610 2680.4
1175620 2676.9
1175630 2673.6
1175640 2673.6
1175650 2671.7
1175660 2671.2
1175670 2671.2
1175680 2669.6
1175690 2669.3
1175700 2669.3
1175710 2669.3
1175720 2668.1
1175730 2666.0
1175740 2666.0
1175750 2664.2
1175760 2662.7
1175770 2662.7
1175780 2659.3
1175790 2655.8
1175800 2655.8
1175810 2656.0
1175820 2657.0
1175830 2657.0
1175840 2656.4
1175850 2655.0
1175860 2655.0
1175870 2654.6
1175880 2653.7
1175890 2653.7
1175900 2652.0
1175910 2648.7
1175920 2645.8
1175930 2645.8
1175940 2642.6
1175950 2638.5
1175960 2638.5
1175970 2634.0
1175980 2629.6
1175990 2629.6
1176000 2625.7
1176010 2623.8
1176020 2623.8
1176030 2624.6
1176040 2623.2
1176050 2623.2
1176060 2618.7
1176070 2615.9
1176080 2615.9
1176090 2619.6
1176100 2620.7
1176110 2620.5
1176120 2620.5
1176130 2620.4
1176140 2620.0
1176150 2620.0
1176160 2620.2
1176170 2620.0
1176180 2620.0
1176190 2619.1
1176200 2617.9
1176210 2617.9
1176220 2617.0
1176230 2615.2
1176240 2615.2
1176250 2613.7
1176260 2613.6
1176270 2613.6
1176280 2612.0
1176290 2610.8
1176300 2610.0
1176310 2610.0
1176320 2606.4
1176330 2601.4
1176340 2601.4
1176350 2601.7
