1170500 1881.6
1170510 1881.6
1170520 1882.6
1170530 1885.6
1170540 1885.6
1170550 1892.6
1170560 1898.1
1170570 1902.1
1170580 1902.1
1170590 1905.7
1170600 1906.8
1170610 1906.8
1170620 1907.3
1170630 1908.4
1170640 1908.4
1170650 1910.2
1170660 1912.5
1170670 1912.5
1170680 1915.9
1170690 1918.9
1170700 1918.9
1170710 1921.7
1170720 1924.8
1170730 1928.7
1170740 1928.7
1170750 1932.6
1170760 1933.7
1170770 1933.7
1170780 1934.8
1170790 1936.7
1170800 1936.7
1170810 1938.2
1170820 1941.0
1170830 1941.0
1170840 1945.5
1170850 1951.4
1170860 1951.4
1170870 1959.4
1170880 1962.5
1170890 1962.5
1170900 1964.5
1170910 1966.3
1170920 1968.4
1170930 1968.4
1170940 1971.4
1170950 1974.5
1170960 1974.5
1170970 1977.0
1170980 1979.1
1170990 1979.1
1171000 1981.6
1171010 1983.8
1171020 1983.8
1171030 1985.6
1171040 1986.9
1171050 1986.9
1171060 1987.8
1171070 1987.2
1171080 1987.2
1171090 1986.4
1171100 1986.1
1171110 1985.6
1171120 1985.6
1171130 1984.8
1171140 1983.8
1171150 1983.8
1171160 1983.3
1171170 1983.7
1171180 1983.7
1171190 1984.9
1171200 1985.9
1171210 1985.9
1171220 1987.1
1171230 1988.6
1171240 1988.6
1171250 1990.6
1171260 1992.8
1171270 1992.8
1171280 1996.0
1171290 1999.2
1171300 2002.6
1171310 2002.6
1171320 2005.1
1171330 2006.5
1171340 2006.5
1171350 2007.5
1171360 2008.9
1171370 2008.9
1171380 2010.5
1171390 2011.0
1171400 2011.0
1171410 2012.1
1171420 2014.2
1171430 2014.2
1171440 2018.2
1171450 2022.0
1171460 2022.0
1171470 2024.8
1171480 2026.9
1171490 2029.2
1171500 2029.2
1171510 2032.5
1171520 2035.6
1171530 2035.6
1171540 2038.4
1171550 2040.8
1171560 2040.8
1171570 2043.2
1171580 2046.5
1171590 2046.5
1171600 2050.6
1171610 2054.5
1171620 2054.5
1171630 2058.1
1171640 2061.0
1171650 2061.0
1171660 2063.4
1171670 2065.1
1171680 2066.8
1171690 2066.8
1171700 2063.7
1171710 2060.5
1171720 2060.5
1171730 2057.4
1171740 2053.7
1171750 2053.7
1171760 2049.6
1171770 2045.9
1171780 2045.9
1171790 2042.0
1171800 2038.7
1171810 2038.7
1171820 2037.3
1171830 2036.7
1171840 2036.7
1171850 2037.2
1171860 2038.4
1171870 2039.3
1171880 2039.3
1171890 2039.1
1171900 2038.8
1171910 2038.8
1171920 2038.8
1171930 2038.5
1171940 2038.5
1171950 2038.5
1171960 2038.8
1171970 2038.8
1171980 2040.9
1171990 2044.1
1172000 2044.1
1172010 2046.5
1172020 2048.2
1172030 2049.4
1172040 2049.4
1172050 2049.7
1172060 2048.0
1172070 2048.0
1173820 2649.4
1173830 2656.1
1173840 2656.1
1173850 2658.5
1173860 2654.9
1173870 2654.9
1173880 2646.5
1173890 2637.5
1173900 2633.0
1173910 2633.0
1173920 2635.7
1173930 2635.6
1173940 2635.6
1173950 2630.6
1173960 2625.2
1173970 2625.2
1173980 2621.0
1173990 2620.1
1174000 2620.1
1174010 2612.8
1174020 2606.3
1174030 2606.3
1174040 2602.3
1174050 2598.8
1174060 2598.8
1174070 2594.9
1174080 2592.3
1174090 2589.5
1174100 2589.5
1174110 2592.3
1174120 2587.1
1174130 2587.1
1174140 2582.1
1174150 2580.4
1174160 2580.4
1174170 2580.2
1174180 2578.7
1174190 2578.7
1174200 2575.8
1174210 2573.1
1174220 2573.1
1174230 2573.7
1174240 2575.2
1174250 2575.2
1174260 2576.8
1174270 2578.8
1174280 2580.6
1174290 2580.6
1174300 2582.2
1174310 2584.2
1174320 2584.2
1174330 2586.2
1174340 2589.2
1174350 2589.2
1174360 2592.2
1174370 2594.3
1174380 2594.3
1174390 2595.9
1174400 2597.7
1174410 2597.7
1174420 2599.5
1174430 2601.9
1174440 2601.9
1174450 2604.6
1174460 2607.2
1174470 2609.2
1174480 2609.2
1174490 2610.8
1174500 2612.6
1174510 2612.6
1174520 2619.2
1174530 2621.0
1174540 2621.0
1174550 2622.5
1174560 2622.8
1174570 2622.8
1174580 2623.5
1174590 2624.0
1174600 2624.0
1174610 2625.1
1174620 2625.7
1174630 2625.7
1174640 2626.3
1174650 2626.6
1174660 2626.2
1174670 2626.2
1174680 2626.2
1174690 2628.4
1174700 2628.4
1174710 2631.4
1174720 2633.2
1174730 2633.2
1174740 2635.8
1174750 2638.4
1174760 2638.4
1174770 2640.7
1174780 2641.6
1174790 2641.6
1174800 2640.0
1174810 2640.9
1174820 2643.5
1174830 2643.5
1174840 2643.3
1174850 2641.8
1174860 2641.8
1174870 2640.3
1174880 2640.2
1174890 2640.2
1174900 2642.8
1174910 2646.5
1174920 2652.2
1174930 2655.2
1174940 2658.1
1174950 2658.1
1174960 2660.4
1174970 2662.7
1174980 2662.7
1174990 2664.1
1175000 2663.9
1175010 2665.7
1175020 2665.7
1175030 2669.2
1175040 2671.8
1175050 2671.8
1175060 2674.3
1175070 2677.6
1175080 2677.6
1175090 2680.6
1175100 2683.6
1175110 2683.6
1175120 2686.7
1175130 2689.3
1175140 2689.3
1175150 2690.8
1175160 2691.5
1175170 2691.5
1175180 2694.7
1175190 2702.1
1175200 2709.5
1175210 2709.5
1175220 2716.1
1175230 2727.9
1175240 2727.9
1175250 2741.7
1175260 2754.1
1175270 2754.1
1175280 2759.9
1175290 2765.5
1175300 2765.5
1175310 2780.6
1175320 2796.5
1175330 2798.9
1175340 2812.3
1175350 2828.6
1175360 2828.6
1175370 2823.8
1175380 2808.1
1175390 2795.3
1175400 2795.3
1175410 2783.5
1175420 2771.0
1175430 2771.0
1175440 2757.5
1175450 2747.1
1175460 2747.1
1175470 2738.5
1175480 2730.2
1175490 2730.2
1175500 2723.1
1175510 2717.5
1175520 2717.5
1175530 2714.0
1175540 2710.1
1175550 2710.1
1175560 2706.7
1175570 2704.3
1175580 2703.0
1175590 2703.0
1175600 2702.6
1175610 2700.0
1175620 2700.0
1175630 2695.4
1175640 2689.0
1175650 2689.0
1175660 2683.8
1175670 2684.4
1175680 2684.4
1175690 2688.5
1175700 2691.7
1175710 2691.7
1175720 2693.2
1175730 2693.4
1175740 2696.8
1175750 2694.8
1175760 2692.4
1175770 2691.2
1175780 2691.2
1175790 2692.4
1175800 2693.1
1175810 2693.1
1175820 2693.0
1175830 2692.1
1175840 2692.1
1175850 2690.8
1175860 2687.9
1175870 2687.9
1175880 2684.4
1175890 2681.2
1175900 2681.2
1175910 2677.0
1175920 2678.7
1175930 2678.7
1175940 2681.1
1175950 2683.4
1175960 2685.4
1175970 2685.4
1175980 2688.1
1175990 2691.7
1176000 2691.7
1176010 2695.9
1176020 2699.8
1176030 2699.8
1176040 2703.5
1176050 2707.5
1176060 2707.5
1176070 2711.6
1176080 2716.0
1176090 2716.0
1176100 2720.0
1176110 2722.9
1176120 2722.9
1176130 2724.9
1176140 2728.0
1176150 2738.8
1176160 2738.8
1176170 2742.6
1176180 2750.2
1176190 2750.2
1176200 2753.8
1176210 2748.8
1176220 2748.8
1176230 2748.9
1176240 2751.3
1176250 2751.3
1176260 2755.5
1176270 2761.0
1176280 2761.0
1176290 2764.2
1176300 2762.0
1176310 2754.5
1176320 2754.5
1176330 2752.5
1176340 2752.5
1176350 2752.5
1176360 2748.3
1176370 2744.5
1176380 2744.5
1176390 2741.6
1176400 2738.8
1176410 2738.8
1176420 2738.1
1176430 2737.6
1176440 2737.6
1176450 2739.1
1176460 2741.1
1176470 2741.1
1176480 2742.1
1176490 2744.1
1176500 2747.6
1176510 2747.6
1176520 2752.2
1176530 2756.5
1176540 2756.5
1176550 2761.8
1176560 2773.9
1176570 2773.9
1176580 2778.4
1176590 2781.4
1176600 2781.4
1176610 2783.1
1176620 2785.3
1176630 2785.3
1176640 2789.6
1176650 2796.9
1176660 2796.9
1176670 2802.3
1176680 2806.1
1176690 2812.6
1176700 2812.6
1176710 2818.9
1176720 2826.5
1176730 2826.5
1176740 2834.2
1176750 2841.2
1176760 2841.2
1176770 2847.3
1176780 2843.7
1176790 2843.7
1176800 2833.7
1176810 2829.7
1176820 2829.7
1176830 2826.9
1176840 2819.4
1176850 2819.4
1176860 2810.4
1176870 2802.7
1176880 2796.7
1176890 2796.7
1176900 2789.5
1176910 2781.2
1176920 2781.2
1176930 2773.6
1176940 2765.5
1176950 2765.5
1176960 2755.6
1176970 2744.7
1176980 2744.7
1176990 2733.0
1177000 2725.7
1177010 2725.7
1177020 2726.5
1177030 2714.1
1177040 2714.1
1177050 2711.0
1177060 2698.8
1177070 2689.0
1177080 2689.0
1177090 2682.9
1177100 2679.7
1177110 2679.7
1177120 2677.2
1177130 2674.0
1177140 2674.0
1177150 2670.1
1177160 2665.9
1177170 2665.9
1177180 2661.9
1177190 2659.5
1177200 2659.5
1177210 2658.5
1177220 2657.8
1177230 2657.8
1177240 2657.3
1177250 2657.5
1177260 2657.3
1177270 2657.3
1177280 2657.1
1177290 2657.4
1177300 2657.4
1177310 2660.1
1177320 2662.2
1177330 2662.2
1177340 2662.1
1177350 2661.3
1177360 2661.3
1177370 2661.5
1177380 2661.1
1177390 2661.1
1177400 2662.9
1177410 2664.0
1177420 2664.0
1177430 2661.7
1177440 2657.1
1177450 2652.4
1177460 2652.4
1177470 2648.4
1177480 2646.3
1177490 2646.3
1177500 2644.2
1177510 2643.2
1177520 2643.2
1177530 2642.9
1177540 2640.8
1177550 2640.8
1177560 2637.5
1177570 2635.2
1177580 2635.2
1177590 2633.5
1177600 2632.3
1177610 2631.9
1177620 2631.9
1177630 2632.1
1177640 2632.4
1177650 2632.4
1177660 2633.2
1177670 2634.0
1177680 2634.0
1177690 2635.3
