1170680 1914.1
1170710 1916.3
1170720 1922.9
1170730 1922.9
1170740 1927.1
1170750 1930.1
1170760 1930.1
1170770 1934.5
1170780 1939.7
1170790 1939.7
1170800 1944.6
1170810 1950.0
1170820 1950.0
1170830 1956.4
1170840 1962.4
1170850 1969.4
1170860 1969.4
1170870 1975.7
1170880 1980.9
1170890 1980.9
1170900 1985.8
1170910 1991.3
1170920 1991.3
1170930 1995.1
1170940 1996.8
1170950 1996.8
1170960 1997.7
1170970 1998.5
1170980 1998.5
1170990 1999.3
1171000 1999.8
1171010 1999.8
1171020 2000.5
1171030 2000.3
1171040 2000.0
1171050 2000.0
1171060 1998.8
1171070 1998.5
1171080 1998.5
1171090 2002.8
1171100 2002.6
1171110 2002.6
1171120 2002.1
1171130 2001.8
1171140 2001.8
1171150 2001.4
1171160 2001.6
1171170 2001.6
1171180 2002.1
1171190 2002.7
1171200 2002.7
1171210 2002.5
1171220 2001.8
1171230 2000.0
1171240 2000.0
1171250 1998.8
1171260 1998.9
1171270 1998.9
1171280 2000.1
1171290 2002.7
1171300 2002.7
1171310 2006.2
1171320 2010.0
1171330 2010.0
1171340 2012.8
1171350 2015.1
1171360 2015.1
1171370 2017.7
1171380 2019.6
1171390 2019.6
1171400 2021.0
1171410 2022.4
1171420 2024.8
1171430 2024.8
1171440 2027.7
1171450 2031.0
1171460 2031.0
1171470 2034.0
1171480 2036.4
1171490 2038.1
1171500 2040.5
1171510 2043.2
1171520 2043.2
1171530 2046.5
1171540 2050.3
1171550 2050.3
1171560 2055.2
1171570 2060.2
1171580 2060.2
1171590 2065.0
1171600 2069.2
1171610 2071.4
1171620 2071.4
1171630 2072.3
1171640 2072.9
1171650 2072.9
1171660 2073.2
1171670 2073.4
1171680 2073.4
1171690 2072.8
1171700 2070.9
1171710 2070.9
1171720 2068.6
1171730 2065.7
1171740 2065.7
1171750 2061.5
1171760 2057.2
1171770 2053.9
1171780 2053.9
1171790 2050.6
1171800 2047.7
1171810 2047.7
1171820 2044.8
1171830 2043.3
1171840 2043.3
1171850 2043.1
1171860 2043.0
1171870 2043.0
1171880 2042.7
1171890 2042.4
1173720 2626.3
1173730 2628.4
1173740 2628.4
1173750 2629.5
1173760 2634.8
1173770 2634.8
1173780 2640.3
1173790 2645.1
1173800 2645.1
1173810 2648.9
1173820 2649.8
1173830 2650.2
1173840 2650.2
1173850 2651.4
1173860 2654.9
1173870 2654.9
1173880 2657.3
1173890 2659.6
1173900 2659.6
1173910 2660.5
1173920 2659.2
1173930 2659.2
1173940 2664.0
1173950 2669.2
1173960 2669.2
1173970 2675.9
1173980 2678.1
1173990 2678.1
1174000 2674.8
1174010 2674.1
1174020 2664.8
1174030 2664.8
1174040 2653.3
1174050 2643.3
1174060 2643.3
1174070 2639.8
1174080 2639.3
1174090 2639.3
1174100 2633.5
1174110 2630.5
1174120 2630.5
1174130 2628.2
1174140 2622.9
1174150 2622.9
1174160 2618.6
1174170 2615.0
1174180 2615.0
1174190 2612.7
1174200 2611.1
1174210 2609.8
1174220 2609.8
1174230 2609.6
1174240 2609.7
1174250 2609.7
1174260 2610.6
1174270 2610.3
1174280 2610.3
1174290 2609.7
1174300 2610.4
1174310 2610.4
1174320 2611.4
1174330 2618.3
1174340 2618.3
1174350 2618.6
1174360 2619.9
1174370 2619.9
1174380 2623.3
1174390 2626.0
1174400 2628.0
1174410 2628.0
1174420 2629.7
1174430 2631.5
1174440 2631.5
1174450 2633.3
1174460 2635.5
1174470 2635.5
1174480 2638.4
1174490 2641.5
1174500 2641.5
1174510 2643.9
1174520 2645.7
1174530 2645.7
1174540 2647.8
1174550 2649.8
1174560 2651.5
1174570 2651.5
1174580 2652.8
1174590 2653.8
1174600 2653.8
1174610 2654.5
1174620 2655.7
1174630 2655.7
1174640 2656.3
1174650 2657.5
1174660 2657.5
1174670 2659.2
1174680 2660.6
1174690 2660.6
1174700 2662.8
1174710 2673.5
1174720 2673.5
1174730 2678.5
1174740 2690.9
1174750 2695.3
1174760 2695.3
1174770 2694.2
1174780 2695.4
1174790 2695.4
1174800 2693.5
1174810 2690.9
1174820 2690.9
1174830 2688.0
1174840 2687.4
1174850 2687.4
1174860 2685.5
1174870 2684.8
1174880 2684.8
1174890 2684.3
1174900 2684.2
1174910 2684.2
1174920 2685.3
1174930 2685.8
1174940 2687.3
1174950 2687.3
1174960 2689.5
1174970 2691.6
1174980 2691.6
1174990 2694.1
1175000 2696.6
1175010 2696.6
1175020 2696.1
1175030 2693.7
1175040 2693.7
1175050 2693.4
1175060 2692.8
1175070 2692.8
1175080 2693.8
1175090 2697.0
1175100 2697.0
1175110 2699.3
1175120 2701.3
1175130 2701.8
1175140 2707.2
1175150 2708.1
1175160 2710.6
1175170 2710.6
1175180 2714.7
1175190 2721.1
1175200 2721.1
1175210 2727.5
1175220 2733.4
1175230 2733.4
1175240 2739.3
1175250 2746.1
1175260 2746.1
1175270 2758.1
1175280 2771.9
1175290 2771.9
1175300 2789.9
1175310 2805.3
1175320 2819.2
1175330 2819.2
1175340 2817.2
1175350 2809.0
1175360 2809.0
1175370 2800.6
1175380 2792.1
1175390 2792.1
1175400 2783.9
1175410 2776.3
1175420 2776.3
1175430 2766.2
1175440 2758.3
1175450 2758.3
1175460 2751.1
1175470 2744.5
1175480 2744.5
1175490 2738.1
1175500 2731.6
1175510 2727.2
1175520 2727.2
1175530 2724.3
1175540 2722.6
1175550 2728.5
1175560 2728.5
1175570 2727.9
1175580 2727.9
1175590 2727.0
1175600 2727.7
1175610 2727.7
1175620 2727.0
1175630 2724.7
1175640 2724.7
1175650 2725.1
1175660 2724.9
1175670 2724.9
1175680 2722.9
1175690 2721.4
1175700 2719.0
1175710 2719.0
1175720 2713.7
1175730 2706.7
1175740 2706.7
1175750 2701.5
1175760 2699.3
1175770 2699.3
1175780 2702.1
1175790 2704.1
1175800 2704.1
1175810 2705.4
1175820 2706.1
1175830 2706.1
1175840 2705.3
1175850 2702.8
1175860 2701.2
1175870 2701.2
1175880 2698.9
1175890 2699.0
1175900 2699.0
1175910 2701.1
1175920 2705.9
1175930 2705.9
1175940 2710.5
1175950 2713.2
1175960 2719.5
1175970 2722.3
1175980 2726.3
1175990 2726.3
1176000 2729.8
1176010 2732.9
1176020 2732.9
1176030 2735.1
1176040 2740.9
1176050 2747.9
1176060 2747.9
1176070 2753.0
1176080 2758.4
1176090 2758.4
1176100 2762.3
1176110 2770.0
1176120 2770.0
1176130 2775.9
1176140 2777.4
1176150 2777.4
1176160 2784.3
1176170 2789.4
1176180 2789.4
1176190 2788.0
1176200 2790.4
1176210 2790.4
1176220 2785.0
1176230 2785.6
1176240 2788.5
1176250 2788.5
1176260 2792.4
1176270 2796.9
1176280 2796.9
1176290 2796.5
1176300 2794.0
1176310 2794.0
1176320 2791.7
1176330 2789.4
1176340 2789.4
1176350 2786.6
1176360 2784.0
1176370 2786.4
1176380 2783.9
1176390 2780.6
1176400 2780.6
1176410 2778.8
1176420 2779.1
1176430 2780.2
1176440 2780.2
1176450 2782.3
1176460 2785.4
1176470 2785.4
1176480 2788.2
1176490 2791.0
1176500 2791.0
1176510 2793.4
1176520 2795.0
1176530 2795.0
1176540 2798.2
1176550 2802.0
1176560 2802.0
1176570 2808.9
1176580 2816.3
1176590 2816.3
1176600 2823.9
1176610 2826.2
1176620 2825.1
1176630 2825.1
1176640 2827.2
1176650 2829.9
1176660 2829.9
1176670 2834.5
1176680 2838.4
1176690 2838.4
1176700 2843.0
1176710 2849.2
1176720 2849.2
1176730 2845.6
1176740 2835.6
1176750 2835.6
1176760 2827.3
1176770 2820.1
1176780 2816.5
1176790 2807.0
1176800 2799.7
1176810 2792.5
1176820 2792.5
1176830 2785.1
1176840 2774.4
1176850 2774.4
1176860 2766.5
1176870 2763.9
1176880 2763.9
1176890 2763.5
1176900 2757.5
1176910 2757.5
1176920 2746.6
1176930 2733.5
1176940 2733.5
1176950 2724.7
1176960 2719.3
1176970 2719.3
1176980 2709.0
1176990 2700.6
1177000 2693.7
1177010 2693.7
1177020 2688.4
1177030 2685.5
1177040 2685.5
1177050 2681.9
1177060 2676.9
1177070 2676.9
1177080 2671.5
1177090 2666.2
1177100 2666.2
1177110 2661.4
1177120 2656.6
1177130 2656.6
1177140 2652.2
1177150 2648.7
1177160 2647.8
1177170 2647.8
1177180 2648.0
1177190 2646.8
1177200 2646.8
1177210 2646.6
1177220 2647.2
1177230 2647.2
1177240 2646.8
1177250 2646.2
1177260 2646.2
1177270 2646.4
1177280 2648.1
1177290 2648.1
1177300 2648.5
1177310 2649.3
1177320 2649.3
1177330 2650.9
1177340 2653.5
1177350 2656.1
1177360 2656.1
1177370 2657.6
1177380 2657.3
1177390 2657.3
1177400 2654.3
1177410 2649.9
1177420 2649.9
1177430 2644.8
1177440 2639.9
1177450 2639.9
1177460 2638.4
1177470 2635.5
1177480 2635.5
1177490 2630.6
1177500 2629.2
1177510 2629.2
1177520 2629.6
1177530 2630.2
