1167100 2105.8
1167110 2100.4
1167120 2100.4
1167130 2094.4
1167140 2087.2
1167150 2087.2
1167160 2079.5
1167170 2072.0
1167180 2072.0
1167190 2066.7
1167200 2062.6
1167210 2062.6
1167220 2055.7
1167230 2045.7
1167240 2045.7
1167250 2034.1
1167260 2020.9
1167270 2020.9
1167280 2013.1
1167290 2005.8
1167300 1999.7
1167310 2001.8
1167320 1995.1
1167330 1988.0
1167340 1988.0
1167350 1982.1
1167360 1977.6
1167370 1977.6
1167380 1972.7
1167390 1967.2
1167400 1967.2
1167410 1961.7
1167420 1955.0
1167430 1955.0
1167440 1949.0
1167450 1945.0
1167460 1945.0
1167470 1941.0
1167480 1939.2
1167490 1936.0
1167500 1936.0
1167510 1931.6
1167520 1926.9
1167530 1926.9
1167540 1922.7
1167550 1919.9
1167560 1919.9
1167570 1918.5
1167580 1917.3
1167590 1917.3
1167600 1915.1
1167610 1912.2
1167620 1912.2
1167630 1908.5
1167640 1904.0
1167650 1904.0
1167660 1900.5
1167670 1897.8
1167680 1896.4
1167690 1896.4
1167700 1894.5
1167710 1890.1
1167720 1890.1
1167730 1884.2
1167740 1878.8
1167750 1878.8
1167760 1874.3
1167770 1870.1
1167780 1870.1
1167790 1865.7
1167800 1862.1
1167810 1862.1
1167820 1861.2
1167830 1862.8
1167840 1862.8
1167850 1864.3
1167860 1866.2
1167870 1868.8
1167880 1868.8
1167890 1870.0
1167900 1868.7
1167910 1868.7
1167920 1864.1
1167930 1858.5
1167940 1858.5
1167950 1857.1
1167960 1856.2
1167970 1856.2
1167980 1853.1
1167990 1849.2
1168000 1849.2
1168010 1844.9
1168020 1841.1
1168030 1841.1
1168040 1836.2
1168050 1831.0
1168060 1825.3
1168070 1825.3
1168080 1819.8
1168090 1814.8
1168100 1814.8
1168110 1808.4
1168120 1804.1
1168130 1804.1
1168140 1800.0
1168150 1796.7
1168160 1796.7
1168170 1794.0
1168180 1787.9
1168190 1787.9
1168200 1778.9
1168210 1771.5
1168220 1765.3
1168230 1765.3
1168240 1759.5
1168250 1753.7
1168260 1753.7
1168270 1747.8
1168280 1742.3
1168290 1742.3
1168300 1736.6
1168310 1730.2
1168320 1730.2
1168330 1725.0
1168340 1720.9
1168350 1720.9
1168360 1715.5
1168370 1710.7
1168380 1710.7
1168390 1705.4
1168400 1700.1
1168410 1695.7
1168420 1695.7
1168430 1691.9
1168440 1687.5
1168450 1687.5
1168460 1684.0
1168470 1681.5
1168480 1681.5
1168490 1678.9
1168500 1675.6
1168510 1676.6
1168520 1672.3
1168530 1668.2
1168540 1668.2
1168550 1664.5
1168560 1660.5
1168570 1660.5
1168580 1656.5
1168590 1652.1
1168600 1649.2
1168610 1649.2
1168620 1645.8
1168630 1641.8
1168640 1641.8
1168650 1635.9
1168660 1630.9
1168670 1630.9
1168680 1628.7
1168690 1626.5
1168700 1626.5
1168710 1623.8
1168720 1619.5
1168730 1619.5
1168740 1615.0
1168750 1609.8
1168760 1609.8
1168770 1603.1
1168780 1594.3
1168790 1587.1
1168800 1587.1
1168810 1579.9
1168820 1571.8
1168830 1571.8
1168840 1563.8
1168850 1555.1
1168860 1555.1
1168870 1547.9
1168880 1541.6
1168890 1541.6
1168900 1536.0
1168910 1531.0
1168920 1531.0
1168930 1522.3
1168940 1515.3
1168950 1515.3
1168960 1511.3
1168970 1510.7
1168980 1508.9
1168990 1508.9
1169000 1506.0
1169010 1504.9
1169020 1504.9
1169030 1502.4
1169040 1501.1
1169050 1501.1
1169060 1500.3
1169070 1499.1
1169080 1499.1
1169090 1496.2
1169100 1492.9
1169110 1492.9
1169120 1491.4
1169130 1488.8
1169140 1488.8
1169150 1484.9
1169160 1480.7
1169170 1476.8
1169180 1476.8
1169190 1472.3
1169200 1468.8
1169210 1468.8
1169220 1463.1
1169230 1455.2
1169240 1455.2
1169250 1451.1
1169260 1449.8
1169270 1449.8
1169280 1447.8
1169290 1445.8
1169300 1445.8
1169310 1445.6
1169320 1445.2
1169330 1445.2
1169340 1444.8
1169350 1444.6
1169360 1444.7
1169370 1444.7
1169380 1445.0
1169390 1446.6
1169400 1446.6
1169410 1447.0
1169420 1446.9
1169430 1446.9
1169440 1446.5
1169450 1445.9
1169460 1445.9
1169470 1445.7
1169480 1445.6
1169490 1445.6
1169500 1445.7
1169510 1445.8
1169520 1445.8
1169530 1446.0
1169540 1446.2
1169550 1446.4
1169560 1446.4
1169570 1446.4
1169580 1446.6
1169590 1446.6
1169600 1446.9
1169610 1447.1
1169620 1447.1
1169630 1447.7
1169640 1448.0
1169650 1448.0
1169660 1448.5
1169670 1449.7
1169680 1449.7
1169690 1450.7
1169700 1451.6
1169710 1451.5
1169720 1452.2
1169730 1453.8
1169740 1455.9
1169750 1455.9
1169760 1457.9
1169770 1459.8
1169780 1459.8
1169790 1461.2
1169800 1463.0
1169810 1463.0
1169820 1465.3
1169830 1469.5
1169840 1469.5
1169850 1475.8
1169860 1481.9
1169870 1481.9
1169880 1487.8
1169890 1493.9
1169900 1493.9
1169910 1500.3
1169920 1506.4
1169930 1510.5
1169940 1510.5
1169950 1513.9
1169960 1518.7
1169970 1518.7
1169980 1523.6
1169990 1528.8
1170000 1528.8
1170010 1533.0
1170020 1536.1
1170030 1536.1
1170040 1540.0
1170050 1543.9
1170060 1543.9
1170070 1547.2
1170080 1550.8
1170090 1550.8
1170100 1555.2
1170110 1562.7
1170120 1569.1
1170130 1569.1
1170140 1575.8
1170150 1583.5
1170160 1583.5
1170170 1591.6
1170180 1599.0
1170190 1599.0
1170200 1604.8
1170210 1610.6
1170220 1610.6
1170230 1616.2
1170240 1620.6
1170250 1620.6
1170260 1624.8
1170270 1628.1
1170280 1631.7
1170290 1631.7
1170300 1634.8
1170310 1637.2
1170320 1637.2
1170330 1639.4
1170340 1641.1
1170350 1641.1
1170360 1643.5
1170370 1647.0
1170380 1647.0
1170390 1650.3
1170400 1653.1
1170410 1653.1
1170420 1657.0
1170430 1662.1
1170440 1662.1
1170450 1668.6
1170460 1674.5
1170470 1679.9
1170480 1679.9
1170490 1686.3
1170500 1691.6
1170510 1693.9
1170520 1697.3
1170530 1699.6
1170540 1699.6
1170550 1701.7
1170560 1702.8
1170570 1702.8
1170580 1703.6
1170590 1704.3
1170600 1704.3
1170610 1705.9
1170620 1708.2
1170630 1708.2
1170640 1709.8
1170650 1712.2
1170660 1715.7
1170670 1715.7
1170680 1718.2
1170690 1721.1
1170700 1721.1
1170710 1724.0
1170720 1726.3
1170730 1726.3
1170740 1728.5
1170750 1730.3
1170760 1730.3
1170770 1732.1
1170780 1734.3
1170790 1734.3
1170800 1737.2
1170810 1739.8
1170820 1739.8
1170830 1742.5
1170840 1745.5
1170850 1748.8
1170860 1748.8
1170870 1751.6
1170880 1755.0
1170890 1755.0
1170900 1759.1
1170910 1763.4
1170920 1763.8
1170930 1767.8
1170940 1769.9
1170950 1769.9
1170960 1771.7
1170970 1773.0
1170980 1773.0
1170990 1775.0
1171000 1778.0
1171010 1778.0
1171020 1780.9
1171030 1783.5
1171040 1785.1
1171050 1785.1
1171060 1786.6
1171070 1790.1
1171080 1790.1
1171090 1795.2
1171100 1798.5
1171110 1798.5
1171120 1800.0
1171130 1801.2
1171140 1801.2
1171150 1802.8
1171160 1804.2
1171170 1804.2
1171180 1805.2
1171190 1806.8
1171200 1806.8
1171210 1809.2
1171220 1811.1
1171230 1813.5
1171240 1813.5
1171250 1816.6
1171260 1820.4
1171270 1820.4
1171280 1824.2
1171290 1827.7
1171300 1827.7
1171310 1831.1
1171320 1837.2
1171330 1837.2
1171340 1843.1
1171350 1850.3
1171360 1850.3
1171370 1858.2
1171380 1863.8
1171390 1863.8
1171400 1868.0
1171410 1873.1
1171420 1879.0
1171430 1879.0
1171440 1885.1
1171450 1890.3
1171460 1890.3
1171470 1894.6
1171480 1897.7
1171490 1897.7
1171500 1900.1
1171510 1903.4
1171520 1903.4
1171530 1906.8
1171540 1909.2
1171550 1909.2
1171560 1910.2
1171570 1912.1
1171580 1912.1
1171590 1914.6
1171600 1916.0
1171610 1918.0
1171620 1918.0
1171630 1923.5
1171640 1930.4
1171650 1930.4
1171660 1936.3
1171670 1941.8
1171680 1941.8
1171690 1946.3
1171700 1949.6
1171710 1949.6
1171720 1955.0
1171730 1957.3
1171740 1957.3
1171750 1961.2
1171760 1965.7
1171770 1965.7
1171780 1969.7
1171790 1973.3
1171800 1977.3
1171810 1977.3
1171820 1980.5
1171830 1982.8
1171840 1982.8
1171850 1984.6
1171860 1986.5
1171870 1986.5
1171880 1988.4
1171890 1990.5
1171900 1990.5
1171910 1991.9
1171920 1992.7
1171930 1992.7
1171940 1993.7
1171950 1995.8
1171960 1995.8
1171970 1996.2
1171980 1993.6
1171990 1993.8
1172000 1993.8
1172010 1997.2
1172020 1998.4
1172030 1998.4
1172040 2001.6
1172050 2006.8
1172060 2006.8
1172070 2009.6
1172080 2011.1
1172090 2011.1
1172100 2012.5
1172110 2014.1
1172120 2014.1
1172130 2017.6
1172140 2019.6
1172150 2021.3
1172160 2021.3
1172170 2023.2
1172180 2025.3
1172190 2025.3
1172200 2027.6
1172210 2030.0
1172220 2030.0
1172230 2032.4
1172240 2034.8
1172250 2034.8
1172260 2037.1
1172270 2039.3
1172280 2039.3
1172290 2041.7
1172300 2043.9
1172310 2043.9
1172320 2044.8
1172330 2044.5
1172340 2044.1
1172350 2044.1
1172360 2044.4
1172370 2045.5
1172380 2045.5
1172390 2047.0
1172400 2049.9
1172410 2049.9
1172420 2053.6
1172430 2057.2
1172440 2057.2
1172450 2060.1
1172460 2063.4
1172470 2063.4
1172480 2066.6
1172490 2070.0
1172500 2070.0
1172510 2074.8
1172520 2080.8
1172530 2092.2
1172540 2092.2
1172550 2100.3
1172560 2107.0
1172570 2107.0
1172580 2111.6
1172590 2115.6
1172600 2115.6
1172610 2119.5
1172620 2123.3
1172630 2123.3
1172640 2127.4
1172650 2131.7
1172660 2131.7
1172670 2136.5
1172680 2141.3
1172690 2141.3
1172700 2145.4
1172710 2147.5
1172720 2146.2
1172730 2146.2
1172740 2144.9
1172750 2143.7
1172760 2143.7
1172770 2143.5
1172780 2145.0
1172790 2145.0
1172800 2147.6
1172810 2151.4
1172820 2151.4
1172830 2156.2
1172840 2160.5
1172850 2160.5
1172860 2164.0
1172870 2167.7
1172880 2167.7
1172890 2172.2
1172900 2177.0
1172910 2181.3
1172920 2181.3
1172930 2185.5
1172940 2191.0
1172950 2191.0
1172960 2196.3
1172970 2201.9
1172980 2201.9
1172990 2207.3
1173000 2212.7
1173010 2212.7
1173020 2218.6
1173030 2224.6
1173040 2224.6
1173050 2230.2
1173060 2235.8
1173070 2235.8
1173080 2241.4
1173090 2247.2
1173100 2252.9
1173110 2252.9
1173120 2259.0
1173130 2265.0
1173140 2265.0
1173150 2270.4
1173160 2274.0
1173170 2274.0
1173180 2276.1
1173190 2278.4
1173200 2278.4
1173210 2281.1
1173220 2284.0
1173230 2284.0
1173240 2286.4
1173250 2288.8
1173260 2288.8
1173270 2291.4
1173280 2295.1
1173290 2299.7
1173300 2299.7
1173310 2304.6
1173320 2309.8
1173330 2309.8
1173340 2311.5
1173350 2315.2
1173360 2315.2
1173370 2319.8
1173380 2323.7
1173390 2323.7
1173400 2326.1
1173410 2328.2
1173420 2328.2
1173430 2330.3
1173440 2331.8
1173450 2331.8
1173460 2332.5
1173470 2331.6
1173480 2331.8
1173490 2331.8
1173500 2333.8
1173510 2335.7
1173520 2335.7
1173530 2337.6
1173540 2339.4
1173550 2339.4
1173560 2340.9
1173570 2342.6
1173580 2342.6
1173590 2344.4
1173600 2346.3
1173610 2346.3
1173620 2348.4
1173630 2350.6
1173640 2350.6
1173650 2352.9
1173660 2355.4
1173670 2357.9
1173680 2357.9
1173690 2360.4
1173700 2362.8
1173710 2362.8
1173720 2365.3
1173730 2367.9
1173740 2367.9
1173750 2368.5
1173760 2371.5
1173770 2371.5
1173780 2374.5
1173790 2378.4
1173800 2378.4
1173810 2382.5
1173820 2386.1
1173830 2386.1
1173840 2390.7
1173850 2395.7
1173860 2400.2
1173870 2400.2
1173880 2404.6
1173890 2408.6
1173900 2408.6
1173910 2413.1
1173920 2418.6
1173930 2418.6
1173940 2424.7
1173950 2430.6
1173960 2430.6
1173970 2436.2
1173980 2440.8
1173990 2440.8
1174000 2444.8
1174010 2449.5
1174020 2454.5
1174030 2454.5
1174040 2459.3
1174050 2465.0
1174060 2465.0
1174070 2471.4
1174080 2477.1
1174090 2477.1
1174100 2482.7
1174110 2487.3
1174120 2487.3
1174130 2491.7
1174140 2497.0
1174150 2497.7
1174160 2502.5
1174170 2504.0
1174180 2504.0
1174190 2505.0
1174200 2505.8
1174210 2506.3
1174220 2506.3
1174230 2507.7
1174240 2510.2
1174250 2510.2
1174260 2514.3
1174270 2519.3
1174280 2519.3
1174290 2524.8
1174300 2530.3
1174310 2530.3
1174320 2536.1
1174330 2542.0
1174340 2542.0
1174350 2548.1
1174360 2554.5
1174370 2554.5
1174380 2561.2
1174390 2568.0
1174400 2575.3
1174410 2575.3
1174420 2583.0
1174430 2590.7
1174440 2590.7
1174450 2598.5
1174460 2607.6
1174470 2607.6
1174480 2618.5
1174490 2628.0
1174500 2628.0
1174510 2638.8
1174520 2647.7
1174530 2647.7
1174540 2657.7
1174550 2667.3
1174560 2670.9
1174570 2678.6
1174580 2688.0
1174590 2698.2
1174600 2698.2
1174610 2708.6
1174620 2720.8
1174630 2720.8
1174640 2728.1
1174650 2729.2
1174660 2729.2
1174670 2733.0
1174680 2740.0
1174690 2740.0
1174700 2743.6
1174710 2739.1
1174720 2739.1
1174730 2728.8
1174740 2718.4
1174750 2718.4
1174760 2709.7
1174770 2697.0
1174780 2685.8
1174790 2685.8
1174800 2678.3
1174810 2674.2
1174820 2674.2
1174830 2675.4
1174840 2677.5
1174850 2677.5
1174860 2678.2
1174870 2680.4
1174880 2680.4
1174890 2677.0
1174900 2673.1
1174910 2673.1
1174920 2680.3
1174930 2680.7
1174940 2680.7
1174950 2667.8
1174960 2656.5
1174970 2655.9
1174980 2655.9
1174990 2658.3
1175000 2661.0
1175010 2661.0
1175020 2662.1
1175030 2655.3
1175040 2655.3
1175050 2645.1
1175060 2641.1
1175070 2641.1
1175080 2640.7
1175090 2639.9
1175100 2639.9
1175110 2644.7
1175120 2647.2
1175130 2647.2
1175140 2636.0
1175150 2623.0
1175160 2617.0
1175170 2617.0
1175180 2615.6
1175190 2614.7
1175200 2614.7
1175210 2614.4
1175220 2616.3
1175230 2616.3
1175240 2614.0
1175250 2613.0
1175260 2613.0
1175270 2613.9
1175280 2608.1
1175290 2608.1
1175300 2607.0
1175310 2605.3
1175320 2605.3
1175330 2602.2
1175340 2598.5
1175350 2594.8
1175360 2594.8
1175370 2591.0
1175380 2593.5
1175390 2593.5
1175400 2590.5
1175410 2587.6
1175420 2587.6
1175430 2588.2
1175440 2588.1
1175450 2588.1
1175460 2586.1
1175470 2583.0
1175480 2583.0
1175490 2579.7
1175500 2576.3
1175510 2576.3
1175520 2572.1
1175530 2566.8
1175540 2561.4
1175550 2561.4
1175560 2556.0
1175570 2551.0
1175580 2551.0
1175590 2546.8
1175600 2544.3
1175610 2544.3
1175620 2544.1
1175630 2544.8
1175640 2544.8
1175650 2545.1
1175660 2544.3
1175670 2544.3
1175680 2545.7
1175690 2549.1
1175700 2552.3
1175710 2552.3
1175720 2554.1
1175730 2555.6
1175740 2555.6
1175750 2557.3
1175760 2558.6
1175770 2558.6
1175780 2562.5
1175790 2563.4
1175800 2563.4
1175810 2563.9
1175820 2563.9
1175830 2563.9
1175840 2565.0
1175850 2566.1
1175860 2566.1
1175870 2567.6
1175880 2568.9
1175890 2569.8
1175900 2569.8
1175910 2570.8
1175920 2571.2
1175930 2571.2
1175940 2571.8
1175950 2572.0
1175960 2572.0
1175970 2573.2
1175980 2574.0
1175990 2574.0
1176000 2575.8
1176010 2578.8
1176020 2578.8
1176030 2581.2
1176040 2582.6
1176050 2582.6
1176060 2583.8
1176070 2584.8
1176080 2584.9
1176090 2584.9
1176100 2584.9
1176110 2584.9
1176120 2584.9
1176130 2585.5
1176140 2587.0
1176150 2587.0
1176160 2587.5
1176170 2585.8
1176180 2585.8
1176190 2580.3
1176200 2578.8
1176210 2578.8
1176220 2579.8
1176230 2581.2
1176240 2581.2
1176250 2581.2
1176260 2581.3
1176270 2582.1
1176280 2582.1
1176290 2583.0
1176300 2585.0
1176310 2585.0
1176320 2588.4
1176330 2592.3
1176340 2592.3
1176350 2595.0
1176360 2597.7
1176370 2597.7
1176380 2600.9
1176390 2605.2
1176400 2605.2
1176410 2610.6
1176420 2616.2
1176430 2616.2
1176440 2620.9
1176450 2622.8
1176460 2622.8
1176470 2622.8
1176480 2623.3
1176490 2622.3
1176500 2622.3
1176510 2620.3
1176520 2619.4
1176530 2619.4
1176540 2619.4
1176550 2622.0
1176560 2622.0
1176570 2625.4
1176580 2627.3
1176590 2627.3
1176600 2630.4
1176610 2630.7
1176620 2630.7
1176630 2630.8
1176640 2631.7
1176650 2632.5
1176660 2632.5
1176670 2633.2
1176680 2634.1
1176690 2634.1
1176700 2634.2
1176710 2633.8
1176720 2633.8
1176730 2632.8
1176740 2632.1
1176750 2632.1
1176760 2632.9
1176770 2634.3
1176780 2634.3
1176790 2634.8
1176800 2635.4
1176810 2635.4
1176820 2636.7
1176830 2637.8
1176840 2638.3
1176850 2638.3
1176860 2637.9
1176870 2637.5
1176880 2637.5
1176890 2637.2
1176900 2636.7
1176910 2636.7
1176920 2636.3
1176930 2636.1
1176940 2636.1
1176950 2636.0
1176960 2636.1
1176970 2636.1
1176980 2637.1
1176990 2639.6
1177000 2639.6
1177010 2643.5
1177020 2647.4
1177030 2650.9
1177040 2650.9
1177050 2653.6
1177060 2656.1
1177070 2656.1
1177080 2659.1
1177090 2663.8
1177100 2663.8
1177110 2668.2
1177120 2671.3
1177130 2671.3
1177140 2675.1
1177150 2679.4
1177160 2679.4
1177170 2683.1
1177180 2687.7
1177190 2687.7
1177200 2692.4
1177210 2697.3
1177220 2704.1
1177230 2704.1
1177240 2711.0
1177250 2715.8
1177260 2715.8
1177270 2719.5
1177280 2723.2
1177290 2723.2
1177300 2727.9
1177310 2732.8
1177320 2732.8
1177330 2738.3
1177340 2743.9
1177350 2743.9
1177360 2749.8
1177370 2756.1
1177380 2756.1
1177390 2762.5
1177400 2768.7
1177410 2775.3
1177420 2775.3
1177430 2781.5
1177440 2789.6
1177450 2789.6
1177460 2798.6
1177470 2807.3
1177480 2807.3
1177490 2815.4
1177500 2824.8
1177510 2824.8
1177520 2833.9
1177530 2836.8
1177540 2836.8
1177550 2833.0
1177560 2828.1
1177570 2818.1
1177580 2818.1
1177590 2808.4
1177600 2800.6
1177610 2800.6
1177620 2793.2
1177630 2786.5
1177640 2786.5
1177650 2780.1
1177660 2775.5
1177670 2775.5
1177680 2772.1
1177690 2770.8
1177700 2770.8
1177710 2772.0
1177720 2771.4
1177730 2771.4
1177740 2768.8
1177750 2768.0
1177760 2767.8
1177770 2767.8
1177780 2767.5
1177790 2766.2
1177800 2766.2
1177810 2764.0
1177820 2762.7
1177830 2762.7
1177840 2766.2
1177850 2765.8
1177860 2765.8
1177870 2765.0
1177880 2762.7
1177890 2762.7
1177900 2763.2
1177910 2764.1
1177920 2764.1
1177930 2764.9
1177940 2764.9
1177950 2763.9
1177960 2763.9
1177970 2762.5
1177980 2761.3
1177990 2761.3
1178000 2761.2
1178010 2761.3
1178020 2761.3
1178030 2761.3
1178040 2762.0
1178050 2762.0
1178060 2762.9
1178070 2763.7
1178080 2763.7
1178090 2765.7
1178100 2767.4
1178110 2767.4
1178120 2769.5
1178130 2772.3
1178140 2773.7
1178150 2773.7
1178160 2774.6
1178170 2776.4
1178180 2776.4
1178190 2777.9
1178200 2779.0
1178210 2779.0
1178220 2779.8
1178230 2780.3
1178240 2780.3
1178250 2787.6
1178260 2787.9
1178270 2787.9
1178280 2787.9
1178290 2788.0
1178300 2788.0
1178310 2786.5
1178320 2783.6
1178330 2781.0
1178340 2781.0
1178350 2779.8
1178360 2780.0
1178370 2780.0
1178380 2780.3
1178390 2781.1
1178400 2781.1
1178410 2781.8
1178420 2782.4
1178430 2782.4
1178440 2782.7
1178450 2782.6
1178460 2782.6
1178470 2784.4
1178480 2788.1
1178490 2788.1
1178500 2792.5
1178510 2795.7
1178520 2798.1
1178530 2798.1
1178540 2798.1
1178550 2798.8
1178560 2798.8
1178570 2798.9
1178580 2798.7
1178590 2798.7
1178600 2799.1
1178610 2800.9
1178620 2800.9
1178630 2802.5
1178640 2805.0
1178650 2805.0
1178660 2807.9
1178670 2807.5
1178680 2807.5
1178690 2807.5
1178700 2807.7
1178710 2809.4
1178720 2809.4
1178730 2809.6
1178740 2810.6
1178750 2810.6
1178760 2810.8
1178770 2809.5
1178780 2809.5
1178790 2810.8
1178800 2817.2
1178810 2817.2
1178820 2826.8
1178830 2835.5
1178840 2835.5
1178850 2840.0
1178860 2839.5
1178870 2839.5
1178880 2831.6
1178890 2830.2
1178900 2831.6
1178910 2831.6
1178920 2835.4
1178930 2834.2
1178940 2834.2
1178950 2831.0
1178960 2831.8
1178970 2831.8
1178980 2832.1
1178990 2835.1
1179000 2835.1
1179010 2834.7
1179020 2830.7
1179030 2830.7
1179040 2825.2
1179050 2815.9
1179060 2815.9
1179070 2805.0
1179080 2794.8
1179090 2783.9
1179100 2783.9
1179110 2775.5
1179120 2766.2
1179130 2766.2
1179140 2757.0
1179150 2750.1
1179160 2750.1
1179170 2743.0
1179180 2735.1
1179190 2735.1
1179200 2728.8
1179210 2723.8
1179220 2723.8
1179230 2720.1
1179240 2718.0
1179250 2716.7
1179260 2716.7
1179270 2716.2
1179280 2715.1
1179290 2715.1
1179300 2714.9
1179310 2714.9
1179320 2714.9
1179330 2715.3
1179340 2713.2
1179350 2713.2
1179360 2711.7
1179370 2710.5
1179380 2710.5
1179390 2709.5
1179400 2707.9
1179410 2707.9
1179420 2706.3
1179430 2704.7
1179440 2703.9
1179450 2703.9
1179460 2702.9
1179470 2702.0
1179480 2702.0
1179490 2697.2
1179500 2695.0
1179510 2695.0
1179520 2693.2
1179530 2691.4
1179540 2691.4
1179550 2689.1
1179560 2686.7
1179570 2686.7
1179580 2685.0
1179590 2683.8
1179600 2683.8
1179610 2682.4
1179620 2681.1
1179630 2680.2
1179640 2680.2
1179650 2679.8
1179660 2678.5
1179670 2678.5
