1164840 1632.6
1164850 1634.4
1164860 1634.4
1164870 1637.1
1164880 1640.2
1164890 1640.2
1164900 1644.0
1164910 1647.1
1164920 1647.1
1164930 1650.9
1164940 1655.3
1164950 1660.1
1164960 1660.1
1164970 1664.9
1164980 1670.1
1164990 1670.1
1165000 1674.4
1165010 1677.3
1165020 1677.3
1165030 1680.6
1165040 1684.2
1165050 1684.2
1165060 1688.1
1165070 1693.7
1165080 1693.7
1165090 1700.4
1165100 1707.7
1165110 1707.7
1165120 1713.7
1165130 1718.3
1165140 1722.3
1165150 1722.3
1165160 1725.7
1165170 1728.9
1165180 1728.9
1165190 1732.4
1165200 1736.0
1165210 1736.0
1165220 1739.8
1165230 1744.0
1165240 1744.0
1165250 1747.7
1165260 1751.1
1165270 1751.1
1165280 1754.8
1165290 1758.9
1165300 1758.9
1165310 1763.4
1165320 1767.6
1165330 1771.6
1165340 1771.6
1165350 1776.0
1165360 1780.6
1165370 1780.6
1165380 1784.7
1165390 1788.0
1165400 1788.0
1165410 1790.3
1165420 1792.0
1165430 1792.0
1165440 1793.6
1165450 1795.2
1165460 1795.2
1165470 1796.5
1165480 1797.4
1165490 1797.4
1165500 1798.1
1165510 1798.5
1165520 1799.3
1165530 1799.3
1165540 1799.7
1165550 1800.5
1165560 1800.5
1165570 1803.7
1165580 1804.6
1165590 1804.6
1165600 1805.4
1165610 1806.5
1165620 1806.5
1165630 1807.5
1165640 1807.9
1165650 1807.9
1165660 1807.7
1165670 1808.3
1165680 1808.3
1165690 1809.7
1165700 1811.2
1165710 1813.8
1165720 1813.8
1165730 1816.4
1165740 1817.9
1165750 1817.9
1165760 1819.7
1165770 1822.0
1165780 1822.0
1165790 1823.7
1165800 1825.2
1165810 1825.2
1165820 1827.1
1165830 1829.4
1165840 1829.4
1165850 1832.7
1165860 1836.6
1165870 1836.6
1165880 1841.5
1165890 1846.4
1165900 1850.0
1165910 1850.0
1165920 1853.3
1165930 1854.8
1165940 1854.8
1165950 1855.3
1165960 1853.7
1165970 1853.7
1165980 1853.3
1165990 1853.5
1166000 1853.5
1166010 1852.8
1166020 1851.2
1166030 1851.2
1166040 1849.1
1166050 1847.1
1166060 1847.1
1166070 1845.3
1166080 1843.7
1166090 1841.8
1166100 1841.8
1166110 1840.1
1166120 1838.6
1166130 1838.6
1166140 1837.5
1166150 1836.5
1166160 1836.5
1166170 1836.0
1166180 1835.5
1166190 1835.5
1166200 1834.9
1166210 1834.8
1166220 1834.8
1166230 1835.0
1166240 1834.9
1166250 1834.9
1166260 1834.4
1166270 1833.5
1166280 1832.6
1166290 1832.6
1166300 1832.5
1166310 1832.7
1166320 1832.7
1166330 1832.7
1166340 1832.3
1166350 1832.3
1166360 1831.5
1166370 1830.4
1166380 1830.4
1166390 1829.8
1166400 1829.4
1166410 1829.4
1166420 1828.2
1166430 1829.8
1166440 1829.8
1166450 1831.8
1166460 1834.3
1166470 1837.5
1166480 1837.5
1166490 1841.0
1166500 1843.8
1166510 1843.8
1166520 1846.1
1166530 1848.0
1166540 1848.0
1166550 1849.0
1166560 1849.6
1166570 1849.6
1166580 1850.4
1166590 1851.0
1166600 1851.0
1166610 1851.9
1166620 1853.6
1166630 1853.6
1166640 1855.0
1166650 1856.4
1166660 1857.6
1166670 1857.6
1166680 1858.6
1166690 1859.3
1166700 1859.3
1166710 1859.4
1166720 1858.3
1166730 1858.3
1166740 1856.4
1166750 1854.1
1166760 1854.3
1166770 1852.8
1166780 1850.7
1166790 1850.7
1166800 1847.6
1166810 1844.3
1166820 1844.3
1166830 1842.8
1166840 1844.1
1166850 1847.1
1166860 1847.1
1166870 1849.5
1166880 1850.9
1166890 1850.9
1166900 1851.5
1166910 1851.3
1166920 1851.3
1166930 1851.0
1166940 1850.9
1166950 1850.9
1166960 1850.7
1166970 1851.9
1166980 1851.9
1166990 1853.2
1167000 1852.7
1167010 1852.7
1167020 1850.2
1167030 1845.6
1167040 1839.0
1167050 1839.0
1167060 1832.5
1167070 1828.1
1167080 1828.1
1167090 1826.8
1167100 1824.9
1167110 1824.9
1167120 1820.8
1167130 1816.8
1167140 1816.8
1167150 1814.6
1167160 1811.5
1167170 1811.5
1167180 1811.1
1167190 1811.2
1167200 1811.2
1167210 1810.7
1167220 1809.9
1167230 1810.1
1167240 1810.1
1167250 1811.4
1167260 1812.8
1167270 1812.8
1167280 1814.4
1167290 1816.1
1167300 1816.1
1167310 1817.7
1167320 1819.2
1167330 1819.2
1167340 1820.9
1167350 1823.4
1167360 1823.4
1167370 1825.6
1167380 1828.1
1167390 1828.1
1167400 1832.0
1167410 1838.1
1167420 1844.9
1167430 1844.9
1167440 1851.4
1167450 1857.5
1167460 1857.5
1167470 1863.4
1167480 1869.3
1167490 1869.3
1167500 1876.3
1167510 1882.9
1167520 1882.9
1167530 1889.8
1167540 1897.6
1167550 1902.3
1167560 1907.7
1167570 1911.1
1167580 1911.1
1167590 1912.9
1167600 1913.6
1167610 1913.7
1167620 1913.7
1167630 1912.8
1167640 1911.9
1167650 1911.9
1167660 1912.5
1167670 1914.8
1167680 1914.8
1167690 1918.8
1167700 1923.2
1167710 1923.2
1167720 1926.9
1167730 1928.7
1167740 1928.7
1167750 1928.9
1167760 1928.3
1167770 1928.3
1167780 1927.7
1167790 1927.9
1167800 1929.0
1167810 1929.0
1167820 1931.3
1167830 1934.3
1167840 1934.3
1167850 1936.4
1167860 1939.6
1167870 1939.6
1167880 1943.9
1167890 1949.6
1167900 1949.6
1167910 1955.2
1167920 1958.7
1167930 1958.7
1167940 1961.4
1167950 1969.6
1167960 1969.6
1167970 1971.9
1167980 1974.9
1167990 1978.1
1168000 1978.1
1168010 1981.2
1168020 1983.1
1168030 1983.1
1168040 1984.0
1168050 1981.8
1168060 1981.8
1168070 1976.7
1168080 1971.9
1168090 1971.9
1168100 1972.1
1168110 1973.5
1168120 1973.5
1168130 1976.7
1168140 1979.2
1168150 1979.2
1168160 1979.4
1168170 1979.0
1168180 1978.4
1168190 1978.4
1168200 1977.4
1168210 1974.7
1168220 1974.7
1168230 1969.5
1168240 1966.3
1168250 1966.3
1168260 1966.2
1168270 1961.5
1168280 1961.5
1168290 1958.0
1168300 1958.1
1168310 1958.1
1168320 1958.0
1168330 1957.7
1168340 1957.7
1168350 1955.7
1168360 1949.5
1168370 1945.2
1168380 1945.2
1168390 1942.1
1168400 1934.7
1168410 1934.7
1168420 1927.6
1168430 1922.0
1168440 1922.0
1168450 1916.9
1168460 1913.1
1168470 1913.1
1168480 1910.9
1168490 1909.6
1168500 1909.6
1168510 1909.6
1168520 1908.2
1168530 1908.2
1168540 1907.2
1168550 1908.4
1168560 1910.5
1168570 1910.5
1168580 1912.8
1168590 1914.0
1168600 1914.0
1168610 1913.6
1168620 1911.2
1168630 1911.2
1168640 1907.7
1168650 1904.5
1168660 1904.5
1168670 1901.9
1168680 1900.9
1168690 1900.9
1168700 1899.7
1168710 1897.9
1168720 1897.9
1168730 1895.2
1168740 1890.8
1168750 1888.2
1168760 1888.2
1168770 1882.3
1168780 1877.0
1168790 1877.0
1168800 1870.1
1168810 1862.9
1168820 1862.9
1168830 1857.6
1168840 1854.0
1168850 1854.0
1168860 1852.9
1168870 1851.0
1168880 1851.0
1168890 1846.0
1168900 1840.0
1168910 1840.0
1168920 1834.9
1168930 1831.0
1168940 1827.8
1168950 1827.8
1168960 1821.9
1168970 1815.4
1168980 1815.4
1168990 1809.5
1169000 1804.9
1169010 1804.9
1169020 1802.8
1169030 1802.6
1169040 1802.6
1169050 1799.8
1169060 1795.6
1169070 1795.6
1169080 1791.4
1169090 1787.1
1169100 1787.1
1169110 1781.7
1169120 1774.8
1169130 1766.6
1169140 1766.6
1169150 1755.7
1169160 1748.2
1169170 1748.2
1169180 1740.0
1169190 1733.5
1169200 1733.5
1169210 1727.3
1169220 1721.2
1169230 1721.2
1169240 1715.6
1169250 1709.3
1169260 1709.3
1169270 1703.4
1169280 1697.7
1169290 1697.7
1169300 1689.4
1169310 1681.4
1169320 1670.4
1169330 1670.4
1169340 1661.8
1169350 1654.2
1169360 1654.2
1169370 1646.4
1169380 1639.6
1169390 1639.6
1169400 1633.9
1169410 1628.0
1169420 1628.0
1169430 1622.4
1169440 1617.1
1169450 1617.1
1169460 1610.4
1169470 1600.9
1169480 1600.9
1169490 1592.7
1169500 1585.4
1169510 1576.1
1169520 1576.1
1169530 1563.1
1169540 1552.8
1169550 1548.1
1169560 1540.3
1169570 1532.6
1169580 1532.6
1169590 1524.3
1169600 1512.0
1169610 1512.0
1169620 1502.1
1169630 1493.5
1169640 1493.5
1169650 1485.9
1169660 1478.8
1169670 1478.8
1169680 1471.9
1169690 1465.3
1169700 1459.0
1169710 1459.0
1169720 1453.3
1169730 1448.3
1169740 1448.3
1169750 1443.7
1169760 1439.7
1169770 1439.7
1169780 1434.6
1169790 1428.9
1169800 1428.9
1169810 1424.6
1169820 1422.1
1169830 1422.1
1169840 1419.8
1169850 1418.7
1169860 1418.7
1169870 1418.5
1169880 1418.3
1169890 1417.9
1169900 1417.9
1169910 1417.8
1169920 1417.7
1169930 1417.7
1169940 1417.9
1169950 1417.9
1169960 1417.9
1169970 1418.0
1169980 1418.1
1169990 1418.1
1170000 1418.1
1170010 1418.1
1170020 1418.1
1170030 1418.1
1170040 1418.2
1170050 1418.2
1170060 1418.3
1170070 1418.4
1170080 1418.5
1170090 1418.5
1170100 1418.6
1170110 1418.7
1170120 1418.7
1170130 1418.9
1170140 1419.1
1170150 1419.1
1170160 1419.3
1170170 1419.5
1170180 1419.5
1170190 1419.8
1170200 1420.1
1170210 1420.1
1170220 1420.5
1170230 1421.2
1170240 1421.2
1170250 1422.6
1170260 1423.8
1170270 1424.0
1170280 1424.0
1170290 1424.9
1170300 1426.1
1170310 1426.1
1170320 1427.2
1170330 1429.4
1170340 1429.4
1170350 1435.3
1170360 1440.4
1170370 1440.4
1170380 1445.0
1170390 1448.4
1170400 1448.4
1170410 1453.6
1170420 1459.0
1170430 1459.0
1170440 1463.1
1170450 1466.3
1170460 1468.9
1170470 1468.9
1170480 1471.0
1170490 1473.4
1170500 1473.4
1170510 1475.2
1170520 1480.0
1170530 1480.0
1170540 1485.5
1170550 1491.2
1170560 1491.2
1170570 1496.2
1170580 1501.3
1170590 1501.3
1170600 1507.3
1170610 1510.4
1170620 1510.2
1170630 1510.2
1170640 1510.6
1170650 1512.5
1170660 1512.5
1170670 1515.4
1170680 1518.7
1170690 1518.7
1170700 1521.8
1170710 1525.3
1170720 1525.3
1170730 1529.4
1170740 1533.8
1170750 1533.8
1170760 1543.0
1170770 1549.7
1170780 1549.7
1170790 1556.2
1170800 1562.3
1170810 1566.1
1170820 1566.1
1170830 1572.7
1170840 1583.8
1170850 1583.8
1170860 1594.5
1170870 1602.3
1170880 1602.3
1170890 1608.9
1170900 1615.1
1170910 1615.1
1170920 1621.4
1170930 1627.2
1170940 1627.2
1170950 1632.8
1170960 1636.0
1170970 1636.0
1170980 1637.7
1170990 1643.0
1171000 1648.1
1171010 1648.1
1171020 1652.3
1171030 1656.5
1171040 1656.5
1171050 1660.6
1171060 1665.2
1171070 1665.2
1171080 1670.4
1171090 1675.7
1171100 1675.7
1171110 1679.9
1171120 1683.4
1171130 1683.4
1171140 1686.6
1171150 1689.7
1171160 1687.9
1171170 1690.8
1171180 1693.6
1171190 1695.0
1171200 1695.0
1171210 1696.4
1171220 1698.4
1171230 1698.4
1171240 1701.7
1171250 1702.5
1171260 1702.5
1171270 1704.6
1171280 1708.7
1171290 1708.7
1171300 1711.4
1171310 1712.7
1171320 1712.7
1171330 1713.2
1171340 1713.1
1171350 1713.1
1171360 1713.7
1171370 1714.8
1171380 1716.4
1171390 1716.4
1171400 1717.5
1171410 1718.4
1171420 1718.4
1171430 1720.2
1171440 1723.1
1171450 1723.1
1171460 1726.4
1171470 1729.4
1171480 1729.4
1171490 1733.0
1171500 1736.4
1171510 1736.4
1171520 1738.8
1171530 1738.8
1171540 1738.8
1171550 1738.3
1171560 1738.2
1171570 1740.9
1171580 1740.9
1171590 1746.8
1171600 1755.1
1171610 1755.1
1171620 1763.5
1171630 1770.2
1171640 1770.2
1171650 1776.4
1171660 1781.9
1171670 1781.9
1171680 1786.6
1171690 1791.1
1171700 1791.1
1171710 1795.6
1171720 1799.9
1171730 1799.9
1171740 1803.9
1171750 1807.3
1171760 1809.0
1171770 1809.0
1171780 1812.8
1171790 1816.9
1171800 1816.9
1171810 1820.1
1171820 1823.4
1171830 1823.4
1171840 1826.7
1171850 1829.7
1171860 1829.7
1171870 1832.0
1171880 1834.7
1171890 1834.7
1171900 1837.9
1171910 1841.6
1171920 1841.6
1171930 1844.7
1171940 1849.3
1171950 1854.5
1171960 1854.5
1171970 1856.9
1171980 1861.8
1171990 1861.8
1172000 1866.5
1172010 1870.8
1172020 1870.8
1172030 1875.0
1172040 1879.2
1172050 1879.2
1172060 1884.6
1172070 1889.7
1172080 1889.7
1172090 1894.8
1172100 1900.9
1172110 1900.9
1172120 1906.0
1172130 1909.5
1172140 1912.0
1172150 1912.0
1172160 1913.3
1172170 1914.4
1172180 1914.4
1172190 1918.1
1172200 1924.2
1172210 1924.2
1172220 1930.1
1172230 1934.4
1172240 1934.4
1172250 1938.0
1172260 1940.6
1172270 1940.6
1172280 1942.3
1172290 1943.5
1172300 1943.5
1172310 1946.4
1172320 1952.2
1172330 1959.7
1172340 1959.7
1172350 1964.4
1172360 1967.2
1172370 1964.2
1172380 1967.3
1172390 1971.0
1172400 1971.0
1172410 1977.0
1172420 1982.9
1172430 1982.9
1172440 1987.0
1172450 1991.4
1172460 1991.4
1172470 1993.6
1172480 1994.9
1172490 1994.9
1172500 1999.5
1172510 2001.6
1172520 2003.5
1172530 2003.5
1172540 2008.8
1172550 2012.3
1172560 2012.3
1172570 2015.1
1172580 2017.1
1172590 2017.1
1172600 2016.8
1172610 2017.7
1172620 2017.7
1172630 2020.2
1172640 2021.6
1172650 2021.6
1172660 2022.6
1172670 2025.5
1172680 2025.5
1172690 2030.0
1172700 2035.1
1172710 2038.8
1172720 2038.8
1172730 2041.4
1172740 2044.1
1172750 2044.1
1172760 2047.8
1172770 2053.8
1172780 2053.8
1172790 2058.4
1172800 2063.9
1172810 2063.9
1172820 2070.3
1172830 2077.0
1172840 2077.0
1172850 2082.0
1172860 2085.4
1172870 2085.4
1172880 2088.9
1172890 2092.5
1172900 2095.6
1172910 2095.6
1172920 2098.7
1172930 2101.6
1172940 2101.6
1172950 2105.8
1172960 2112.4
1172970 2112.4
1172980 2119.7
1172990 2125.4
1173000 2125.4
1173010 2129.9
1173020 2134.1
1173030 2134.1
1173040 2136.7
1173050 2138.5
1173060 2138.5
1173070 2140.5
1173080 2141.7
1173090 2141.9
1173100 2141.9
1173110 2141.8
1173120 2141.0
1173130 2141.0
1173140 2140.2
1173150 2139.6
1173160 2139.6
1173170 2140.1
1173180 2144.0
1173190 2144.0
1173200 2143.3
1173210 2142.8
1173220 2142.8
1173230 2142.7
1173240 2143.7
1173250 2143.7
1173260 2144.9
1173270 2145.5
1173280 2146.2
1173290 2146.2
1173300 2146.8
1173310 2147.2
1173320 2147.2
1173330 2147.4
1173340 2147.5
1173350 2147.5
1173360 2147.4
1173370 2147.1
1173380 2147.1
1173390 2146.5
1173400 2146.1
1173410 2146.1
1173420 2145.8
1173430 2145.6
1173440 2145.6
1173450 2145.8
1173460 2146.0
1173470 2146.4
1173480 2146.4
1173490 2145.8
1173500 2145.1
1173510 2145.1
1173520 2143.6
1173530 2142.3
1173540 2142.3
1173550 2141.5
1173560 2140.5
1173570 2140.5
1173580 2139.3
1173590 2139.8
1173600 2139.8
1173610 2138.2
1173620 2137.4
1173630 2137.4
1173640 2136.1
1173650 2134.7
1173660 2133.7
1173670 2133.7
1173680 2133.1
1173690 2132.4
1173700 2132.4
1173710 2132.2
1173720 2132.1
1173730 2132.1
1173740 2129.9
1173750 2126.5
1173760 2126.5
1173770 2124.0
1173780 2121.0
1173790 2121.0
1173800 2119.5
1173810 2115.6
1173820 2115.6
1173830 2110.7
1173840 2105.6
1173850 2102.0
1173860 2102.0
1173870 2100.0
1173880 2102.7
1173890 2102.7
1173900 2107.3
1173910 2112.3
1173920 2112.3
1173930 2117.4
1173940 2122.4
1173950 2122.4
1173960 2127.2
1173970 2130.3
1173980 2130.3
1173990 2136.6
1174000 2140.7
1174010 2140.7
1174020 2143.4
1174030 2146.0
1174040 2149.8
1174050 2149.8
1174060 2153.7
1174070 2157.2
1174080 2157.2
1174090 2161.2
1174100 2165.4
1174110 2165.4
1174120 2168.7
1174130 2172.1
1174140 2172.1
1174150 2175.6
1174160 2179.3
1174170 2179.3
1174180 2181.4
1174190 2185.1
1174200 2185.1
1174210 2191.2
1174220 2195.7
1174230 2198.7
1174240 2198.7
1174250 2200.9
1174260 2203.1
1174270 2203.1
1174280 2205.5
1174290 2208.5
1174300 2208.5
1174310 2212.0
1174320 2215.2
1174330 2215.2
1174340 2219.3
1174350 2223.0
1174360 2223.0
1174370 2226.5
1174380 2229.4
1174390 2229.4
1174400 2234.2
1174410 2238.0
1174420 2241.8
1174430 2241.8
1174440 2245.5
1174450 2248.8
1174460 2248.8
1174470 2251.8
1174480 2255.1
1174490 2255.1
1174500 2258.5
1174510 2262.8
1174520 2262.8
1174530 2268.4
1174540 2274.3
1174550 2274.3
1174560 2280.3
1174570 2285.7
1174580 2285.7
1174590 2290.6
1174600 2295.3
1174610 2299.6
1174620 2299.6
1174630 2303.4
1174640 2306.7
1174650 2306.7
1174660 2309.7
1174670 2312.8
1174680 2312.8
1174690 2317.3
1174700 2322.5
1174710 2322.5
1174720 2327.0
1174730 2331.9
1174740 2331.9
1174750 2337.5
1174760 2343.4
1174770 2343.4
1174780 2349.5
1174790 2356.3
1174800 2363.7
1174810 2366.4
1174820 2373.0
1174830 2379.8
1174840 2379.8
1174850 2386.5
1174860 2392.9
1174870 2392.9
1174880 2399.2
1174890 2405.6
1174900 2405.6
1174910 2412.1
1174920 2418.7
1174930 2418.7
1174940 2426.1
1174950 2432.7
1174960 2432.7
1174970 2437.4
1174980 2442.1
1174990 2447.7
1175000 2447.7
1175010 2454.4
1175020 2461.0
1175030 2461.0
1175040 2467.5
1175050 2471.8
1175060 2471.8
1175070 2474.6
1175080 2474.9
1175090 2474.9
1175100 2474.2
1175110 2471.4
1175120 2471.4
1175130 2470.0
1175140 2470.7
1175150 2470.7
1175160 2470.7
1175170 2471.7
1175180 2473.1
1175190 2473.1
1175200 2475.4
1175210 2486.2
1175220 2486.2
1175230 2488.6
1175240 2492.0
1175250 2492.0
1175260 2493.9
1175270 2495.0
1175280 2495.0
1175290 2496.1
1175300 2497.8
1175310 2497.8
1175320 2500.1
1175330 2502.4
1175340 2502.4
1175350 2504.8
1175360 2506.9
1175370 2509.0
1175380 2509.0
1175390 2510.7
1175400 2512.7
1175410 2512.7
1175420 2513.3
1175430 2511.1
1175440 2511.1
1175450 2508.3
1175460 2507.3
1175470 2507.3
1175480 2506.5
1175490 2507.1
1175500 2507.1
1175510 2508.4
1175520 2509.6
1175530 2509.6
1175540 2509.4
1175550 2502.7
1175560 2500.9
1175570 2500.9
1175580 2501.3
1175590 2499.8
1175600 2499.8
1175610 2496.9
1175620 2503.2
1175630 2503.2
1175640 2502.4
1175650 2503.7
1175660 2503.7
1175670 2504.5
1175680 2503.4
1175690 2503.4
1175700 2504.0
1175710 2505.7
1175720 2508.2
1175730 2508.2
1175740 2509.5
1175750 2508.5
1175760 2508.5
1175770 2508.4
1175780 2512.5
1175790 2512.5
1175800 2515.2
1175810 2514.8
1175820 2514.8
1175830 2514.8
1175840 2516.9
1175850 2516.9
1175860 2518.2
1175870 2518.8
1175880 2518.8
1175890 2520.7
1175900 2525.0
1175910 2528.7
1175920 2528.7
1175930 2533.7
1175940 2539.5
1175950 2539.5
1175960 2542.9
1175970 2546.9
1175980 2546.9
1175990 2552.1
1176000 2557.7
1176010 2557.7
1176020 2561.3
1176030 2561.3
1176040 2561.3
1176050 2556.7
1176060 2552.7
1176070 2552.7
1176080 2546.8
1176090 2540.5
1176100 2533.3
1176110 2533.3
1176120 2526.0
1176130 2518.8
1176140 2518.8
1176150 2512.7
1176160 2508.7
1176170 2508.7
1176180 2505.3
1176190 2500.0
1176200 2500.0
1176210 2493.1
1176220 2486.3
1176230 2486.3
1176240 2482.2
1176250 2480.1
1176260 2480.1
1176270 2476.9
1176280 2471.6
1176290 2465.5
1176300 2465.5
1176310 2459.4
1176320 2453.2
1176330 2453.2
1176340 2448.1
1176350 2444.5
1176360 2444.5
1176370 2441.2
1176380 2438.5
1176390 2438.5
1176400 2435.3
1176410 2431.5
1176420 2431.5
1176430 2427.6
1176440 2427.6
1176450 2427.6
1176460 2422.8
1176470 2419.8
1176480 2416.3
1176490 2416.3
1176500 2411.3
1176510 2406.7
1176520 2406.7
1176530 2402.2
1176540 2397.9
1176550 2397.9
1176560 2393.2
1176570 2387.9
1176580 2387.9
1176590 2383.1
1176600 2378.4
1176610 2378.4
1176620 2375.2
1176630 2373.1
1176640 2373.1
1176650 2371.8
1176660 2370.6
1176670 2370.5
1176680 2370.5
1176690 2371.3
1176700 2371.2
1176710 2371.2
1176720 2369.4
1176730 2367.0
1176740 2367.0
1176750 2365.0
1176760 2362.3
1176770 2362.3
1176780 2357.6
1176790 2354.2
1176800 2354.2
1176810 2352.5
1176820 2350.0
1176830 2350.0
1176840 2346.5
1176850 2347.7
1176860 2342.9
1176870 2342.9
1176880 2337.4
1176890 2332.2
1176900 2332.2
1176910 2329.2
1176920 2327.8
1176930 2327.8
1176940 2326.5
1176950 2324.6
1176960 2324.6
1176970 2322.5
1176980 2320.4
1176990 2320.4
1177000 2318.5
1177010 2317.1
1177020 2317.1
1177030 2315.9
1177040 2314.4
1177050 2313.1
1177060 2313.1
1177070 2311.5
1177080 2309.2
1177090 2309.2
1177100 2308.7
1177110 2310.2
1177120 2310.2
1177130 2313.4
1177140 2317.3
1177150 2317.3
1177160 2321.2
1177170 2322.6
1177180 2322.6
1177190 2323.3
1177200 2323.3
1177210 2323.3
1177220 2324.7
1177230 2325.7
1177240 2327.3
1177250 2327.3
1177260 2331.4
1177270 2330.3
1177280 2330.3
1177290 2329.1
1177300 2328.5
1177310 2328.5
1177320 2328.7
1177330 2327.3
1177340 2327.3
1177350 2325.3
1177360 2328.9
1177370 2328.9
1177380 2330.7
1177390 2331.1
1177400 2331.1
1177410 2331.1
1177420 2330.6
1177430 2329.1
1177440 2329.1
1177450 2330.7
1177460 2334.6
1177470 2334.6
1177480 2338.7
1177490 2342.6
1177500 2342.6
1177510 2346.4
1177520 2350.7
1177530 2350.7
1177540 2355.2
1177550 2360.1
1177560 2360.1
1177570 2365.6
1177580 2371.6
1177590 2371.6
1177600 2377.9
1177610 2383.7
1177620 2388.8
1177630 2388.8
1177640 2393.9
1177650 2399.3
1177660 2399.3
1177670 2403.0
1177680 2408.7
1177690 2408.7
1177700 2415.4
1177710 2424.0
1177720 2424.0
1177730 2431.7
1177740 2437.9
1177750 2437.9
1177760 2442.8
1177770 2448.0
1177780 2448.0
1177790 2454.0
1177800 2460.0
1177810 2466.0
1177820 2466.0
1177830 2471.8
1177840 2477.0
1177850 2477.0
1177860 2481.8
1177870 2486.6
1177880 2486.6
1177890 2491.5
1177900 2496.7
1177910 2496.7
1177920 2501.9
1177930 2506.1
1177940 2506.1
1177950 2508.6
1177960 2510.3
1177970 2510.3
1177980 2511.9
1177990 2513.6
1178000 2516.4
1178010 2516.4
1178020 2518.9
1178030 2524.0
1178040 2524.0
1178050 2530.7
1178060 2535.0
1178070 2535.0
1178080 2537.9
1178090 2534.2
1178100 2534.2
1178110 2536.3
1178120 2539.2
1178130 2539.2
1178140 2543.6
1178150 2549.7
1178160 2549.7
1178170 2556.2
1178180 2563.0
1178190 2570.0
1178200 2570.0
1178210 2576.6
1178220 2583.1
1178230 2583.1
1178240 2589.4
1178250 2595.5
1178260 2595.5
1178270 2602.0
1178280 2609.8
1178290 2609.8
1178300 2620.4
1178310 2627.9
1178320 2627.9
1178330 2631.4
1178340 2635.1
1178350 2635.1
1178360 2640.5
1178370 2641.8
1178380 2639.4
1178390 2639.4
1178400 2640.1
1178410 2639.1
1178420 2639.1
1178430 2637.8
1178440 2638.0
1178450 2638.0
1178460 2638.4
1178470 2640.4
1178480 2640.4
1178490 2643.0
1178500 2640.5
1178510 2640.5
1178520 2644.2
1178530 2646.6
1178540 2646.6
1178550 2648.8
1178560 2652.4
1178570 2656.9
1178580 2656.9
1178590 2661.0
1178600 2663.4
1178610 2663.4
1178620 2663.2
1178630 2662.3
1178640 2662.3
1178650 2660.6
1178660 2658.4
1178670 2658.4
1178680 2657.7
1178690 2658.3
1178700 2658.3
1178710 2658.7
1178720 2659.1
1178730 2659.1
1178740 2661.1
1178750 2664.7
1178760 2669.0
1178770 2669.0
1178780 2672.5
1178790 2676.0
1178800 2676.0
1178810 2680.1
1178820 2684.7
1178830 2684.7
1178840 2689.3
1178850 2694.3
1178860 2694.3
1178870 2700.0
1178880 2705.1
1178890 2705.1
1178900 2708.8
1178910 2705.0
1178920 2705.0
1178930 2708.1
1178940 2712.7
1178950 2719.2
1178960 2719.2
1178970 2722.9
1178980 2725.4
1178990 2725.4
1179000 2727.7
1179010 2730.2
1179020 2730.2
1179030 2733.3
1179040 2737.6
1179050 2737.6
1179060 2744.1
1179070 2748.0
1179080 2748.0
1179090 2748.6
1179100 2752.8
1179110 2752.8
1179120 2760.5
1179130 2767.4
1179140 2770.6
1179150 2770.6
1179160 2771.8
1179170 2775.3
1179180 2775.3
1179190 2780.2
1179200 2784.3
1179210 2784.3
1179220 2788.6
1179230 2792.6
1179240 2792.6
1179250 2795.4
1179260 2795.0
1179270 2795.0
1179280 2790.6
1179290 2783.6
1179300 2783.6
1179310 2775.5
1179320 2776.6
1179330 2771.5
1179340 2771.5
1179350 2767.1
1179360 2763.3
1179370 2763.3
1179380 2761.0
1179390 2758.3
1179400 2758.3
1179410 2752.6
1179420 2744.7
1179430 2744.7
1179440 2738.2
1179450 2731.1
1179460 2731.1
1179470 2724.7
1179480 2719.1
1179490 2719.1
1179500 2715.0
1179510 2712.2
1179520 2708.2
1179530 2708.2
1179540 2702.6
1179550 2696.9
1179560 2696.9
1179570 2691.1
1179580 2684.0
1179590 2684.0
1179600 2677.1
1179610 2670.0
1179620 2670.0
1179630 2663.7
1179640 2657.8
1179650 2657.8
1179660 2652.0
1179670 2646.5
1179680 2646.5
1179690 2640.2
1179700 2633.2
1179710 2626.4
1179720 2626.4
1179730 2620.9
1179740 2620.3
1179750 2620.3
1179760 2615.1
1179770 2609.8
1179780 2609.8
1179790 2605.2
1179800 2600.5
1179810 2600.5
1179820 2595.0
1179830 2589.3
1179840 2589.3
1179850 2583.6
1179860 2577.6
1179870 2577.6
1179880 2571.4
1179890 2565.8
1179900 2560.5
1179910 2560.5
1179920 2555.6
1179930 2550.9
1179940 2550.9
1179950 2545.9
1179960 2541.6
1179970 2541.6
1179980 2537.6
1179990 2533.5
