1164820 1713.3
1164830 1713.3
1164840 1717.8
1164850 1723.5
1164860 1727.8
1164870 1727.8
1164880 1730.9
1164890 1733.4
1164900 1733.4
1164910 1735.4
1164920 1737.4
1164930 1737.4
1164940 1740.0
1164950 1743.8
1164960 1743.8
1164970 1749.0
1164980 1752.6
1164990 1752.6
1165000 1756.3
1165010 1759.7
1165020 1759.7
1165030 1762.9
1165040 1766.4
1165050 1769.7
1165060 1769.7
1165070 1772.8
1165080 1776.3
1165090 1776.3
1165100 1779.8
1165110 1782.4
1165120 1782.4
1165130 1784.8
1165140 1788.5
1165150 1788.5
1165160 1792.8
1165170 1797.7
1165180 1797.7
1165190 1803.6
1165200 1810.1
1165210 1810.1
1165220 1816.9
1165230 1824.5
1165240 1832.0
1165250 1832.0
1165260 1837.5
1165270 1843.1
1165280 1843.1
1165290 1849.1
1165300 1854.4
1165310 1854.4
1165320 1858.9
1165330 1862.2
1165340 1862.2
1165350 1864.7
1165360 1866.9
1165370 1866.9
1165380 1869.1
1165390 1871.3
1165400 1871.3
1165410 1873.5
1165420 1875.3
1165430 1876.8
1165440 1876.8
1165450 1877.9
1165460 1879.3
1165470 1879.3
1165480 1880.6
1165490 1881.5
1165500 1881.5
1165510 1882.3
1165520 1883.8
1165530 1883.8
1165540 1885.2
1165550 1885.3
1165560 1885.3
1165570 1884.8
1165580 1884.3
1165590 1884.3
1165600 1884.1
1165610 1884.3
1165620 1885.3
1165630 1885.3
1165640 1886.8
1165650 1887.6
1165660 1887.6
1165670 1887.4
1165680 1886.7
1165690 1886.7
1165700 1885.5
1165710 1884.1
1165720 1884.1
1165730 1882.8
1165740 1881.6
1165750 1881.6
1165760 1879.0
1165770 1877.7
1165780 1877.7
1165790 1876.5
1165800 1875.0
1165810 1873.5
1165820 1873.5
1165830 1872.2
1165840 1871.8
1165850 1871.8
1165860 1871.9
1165870 1872.5
1165880 1872.5
1165890 1872.5
1165900 1871.8
1165910 1871.8
1165920 1871.1
1165930 1870.5
1165940 1870.5
1165950 1870.0
1165960 1869.1
1165970 1869.1
1165980 1866.9
1165990 1863.8
1166000 1863.2
1166010 1863.2
1166020 1863.4
1166030 1863.1
1166040 1863.1
1166050 1861.0
1166060 1859.2
1166070 1859.2
1166080 1858.6
1166090 1858.4
1166100 1858.4
1166110 1858.3
1166120 1858.0
1166130 1858.0
1166140 1859.2
1166150 1860.3
1166160 1863.8
1166170 1863.9
1166180 1863.2
1166190 1862.5
1166200 1862.5
1166210 1861.4
1166220 1860.4
1166230 1860.4
1166240 1859.7
1166250 1858.5
1166260 1858.5
1166270 1856.3
1166280 1853.2
1166290 1853.2
1166300 1852.0
1166310 1851.2
1166320 1851.2
1166330 1849.9
1166340 1848.6
1166350 1848.6
1166360 1847.4
1166370 1846.4
1166380 1845.7
1166390 1845.7
1166400 1845.6
1166410 1845.2
1166420 1845.2
1166430 1844.3
1166440 1843.0
1166450 1843.0
1166460 1841.7
1166470 1841.5
1166480 1841.5
1166490 1841.1
1166500 1840.5
1166510 1840.5
1166520 1840.1
1166530 1840.0
1166540 1840.0
1166550 1845.6
1166560 1845.8
1166570 1846.9
1166580 1846.9
1166590 1846.5
1166600 1847.2
1166610 1847.2
1166620 1847.3
1166630 1847.2
1166640 1847.2
1166650 1848.3
1166660 1849.4
1166670 1849.4
1166680 1849.4
1166690 1850.0
1166700 1850.0
1166710 1851.1
1166720 1852.1
1166730 1852.1
1166740 1852.9
1166750 1854.2
1166760 1855.6
1166770 1855.6
1166780 1857.6
1166790 1859.3
1166800 1859.3
1166810 1861.0
1166820 1862.5
1166830 1862.5
1166840 1864.1
1166850 1866.0
1166860 1866.0
1166870 1868.0
1166880 1869.9
1166890 1869.9
1166900 1871.7
1166910 1873.1
1166920 1873.1
1166930 1874.9
1166940 1877.5
1166950 1889.3
1166960 1889.3
1166970 1892.9
1166980 1893.8
1166990 1893.8
1167000 1893.5
1167010 1892.9
1167020 1892.9
1167030 1892.2
1167040 1891.8
1167050 1891.8
1167060 1891.7
1167070 1892.2
1167080 1892.2
1167090 1892.4
1167100 1891.6
1167110 1891.6
1167120 1890.4
1167130 1888.7
1167140 1886.8
1167150 1886.8
1167160 1884.8
1167170 1883.0
1167180 1883.0
1167190 1880.5
1167200 1877.0
1167210 1877.0
1167220 1870.9
1167230 1865.1
1167240 1865.1
1167250 1863.6
1167260 1870.1
1167270 1870.1
1167280 1877.3
1167290 1880.4
1167300 1880.4
1167310 1882.3
1167320 1885.0
1167330 1888.0
1167340 1888.0
1167350 1893.9
1167360 1897.8
1167370 1897.8
1167380 1900.9
1167390 1901.8
1167400 1901.8
1167410 1903.7
1167420 1907.9
1167430 1907.9
1167440 1913.1
1167450 1916.7
1167460 1916.7
1167470 1917.3
1167480 1916.8
1167490 1916.8
1167500 1918.8
1167510 1922.4
1167520 1926.0
1167530 1926.0
1167540 1929.4
1167550 1931.8
1167560 1931.8
1167570 1934.8
1167580 1938.2
1167590 1938.2
1167600 1940.6
1167610 1942.1
1167620 1942.1
1167630 1942.8
1167640 1942.7
1167650 1942.7
1167660 1942.1
1167670 1942.3
1167680 1942.3
1167690 1943.8
1167700 1945.0
1167710 1944.4
1167720 1944.4
1167730 1942.8
1167740 1941.8
1167750 1942.2
1167760 1943.8
1167770 1942.3
1167780 1942.3
1167790 1937.9
1167800 1934.4
1167810 1934.4
1167820 1933.5
1167830 1932.9
1167840 1932.9
1167850 1931.9
1167860 1930.9
1167870 1930.9
1167880 1928.0
1167890 1925.1
1167900 1925.7
1167910 1925.7
1167920 1930.4
1167930 1937.1
1167940 1937.1
1167950 1942.4
1167960 1946.8
1167970 1946.8
1167980 1950.8
1167990 1952.5
1168000 1952.5
1168010 1949.3
1168020 1944.3
1168030 1944.3
1168040 1940.8
1168050 1937.9
1168060 1937.9
1168070 1935.5
1168080 1932.7
1168090 1924.2
1168100 1924.2
1168110 1916.2
1168120 1915.1
1168130 1915.1
1168140 1917.6
1168150 1903.8
1168160 1903.8
1168170 1894.4
1168180 1891.1
1168190 1891.1
1168200 1888.8
1168210 1886.3
1168220 1886.3
1168230 1885.2
1168240 1885.3
1168250 1885.3
1168260 1887.6
1168270 1892.5
1168280 1897.5
1168290 1897.5
1168300 1900.2
1168310 1903.1
1168320 1903.1
1168330 1907.3
1168340 1912.5
1168350 1912.5
1168360 1916.9
1168370 1919.0
1168380 1919.0
1168390 1916.9
1168400 1912.6
1168410 1912.6
1168420 1907.9
1168430 1906.8
1168440 1906.8
1168450 1907.3
1168460 1905.8
1168470 1901.7
1168480 1901.7
1168490 1898.2
1168500 1900.8
1168510 1900.8
1168520 1906.1
1168530 1909.7
1168540 1905.0
1168550 1904.3
1168560 1901.2
1168570 1901.2
1168580 1899.1
1168590 1897.3
1168600 1897.3
1168610 1895.0
1168620 1893.9
1168630 1890.8
1168640 1890.8
1168650 1887.5
1168660 1884.7
1168670 1884.7
1168680 1880.1
1168690 1875.3
1168700 1875.3
1168710 1871.7
1168720 1867.0
1168730 1867.0
1168740 1860.3
1168750 1854.9
1168760 1854.9
1168770 1850.3
1168780 1846.2
1168790 1846.2
1168800 1842.4
1168810 1836.4
1168820 1828.3
1168830 1828.3
1168840 1821.2
1168850 1817.1
1168860 1817.1
1168870 1812.5
1168880 1801.2
1168890 1801.2
1168900 1790.5
1168910 1780.4
1168920 1780.4
1168930 1771.9
1168940 1756.6
1168950 1756.6
1168960 1746.7
1168970 1738.1
1168980 1738.1
1168990 1730.5
1169000 1723.3
1169010 1716.5
1169020 1716.5
1169030 1709.6
1169040 1702.3
1169050 1702.3
1169060 1695.0
1169070 1687.3
1169080 1687.3
1169090 1680.1
1169100 1673.2
1169110 1673.2
1169120 1666.7
1169130 1660.1
1169140 1660.1
1169150 1653.9
1169160 1647.6
1169170 1647.6
1169180 1641.4
1169190 1635.1
1169200 1629.0
1169210 1629.0
1169220 1623.3
1169230 1618.1
1169240 1618.1
1169250 1613.6
1169260 1609.0
1169270 1609.0
1169280 1604.1
1169290 1598.7
1169300 1598.7
1169310 1593.5
1169320 1589.2
1169330 1589.2
1169340 1579.8
1169350 1572.8
1169360 1572.8
1169370 1565.9
1169380 1559.9
1169390 1554.3
1169400 1554.3
1169410 1549.7
1169420 1545.4
1169430 1545.4
1169440 1540.5
1169450 1536.1
1169460 1536.1
1169470 1533.0
1169480 1529.4
1169490 1529.4
1169500 1525.5
1169510 1520.5
1169520 1520.5
1169530 1514.5
1169540 1508.0
1169550 1508.0
1169560 1502.5
1169570 1497.3
1169580 1491.7
1169590 1491.7
1169600 1485.3
1169610 1478.3
1169620 1478.3
1169630 1471.7
1169640 1466.1
1169650 1466.1
1169660 1461.4
1169670 1457.0
1169680 1457.0
1169690 1452.6
1169700 1448.1
1169710 1448.1
1169720 1442.6
1169730 1438.4
1169740 1438.4
1169750 1434.3
1169760 1430.9
1169770 1426.1
1169780 1426.1
1169790 1424.6
1169800 1424.0
1169810 1424.0
1169820 1423.4
1169830 1422.7
1169840 1422.7
1169850 1422.0
1169860 1421.6
1169870 1421.6
1169880 1421.6
1169890 1421.6
1169900 1421.6
1169910 1421.6
1169920 1421.4
1169930 1421.4
1169940 1420.9
1169950 1420.7
1169960 1420.7
1169970 1420.7
1169980 1420.6
1169990 1420.7
1170000 1420.7
1170010 1421.0
1170020 1421.3
1170030 1421.3
1170040 1421.6
1170050 1422.0
1170060 1422.0
1170070 1422.5
1170080 1423.1
1170090 1423.1
1170100 1423.6
1170110 1424.2
1170120 1424.2
1170130 1424.7
1170140 1425.5
1170150 1426.4
1170160 1426.4
1170170 1427.6
1170180 1428.4
1170190 1428.4
1170200 1429.4
1170210 1430.6
1170220 1430.6
1170230 1431.9
1170240 1433.5
1170250 1433.5
1170260 1435.0
1170270 1436.8
1170280 1436.8
1170290 1438.6
1170300 1440.5
1170310 1440.5
1170320 1443.2
1170330 1447.1
1170340 1451.2
1170350 1451.2
1170360 1455.2
1170370 1460.0
1170380 1460.0
1170390 1464.9
1170400 1469.5
1170410 1469.5
1170420 1472.8
1170430 1477.1
1170440 1477.1
1170450 1482.0
1170460 1487.1
1170470 1487.1
1170480 1492.5
1170490 1498.4
1170500 1498.4
1170510 1503.9
1170520 1511.4
1170530 1518.8
1170540 1518.8
1170550 1530.0
1170560 1532.8
1170570 1532.8
1170580 1537.1
1170590 1546.4
1170600 1546.4
1170610 1555.7
1170620 1563.6
1170630 1563.6
1170640 1571.2
1170650 1578.2
1170660 1578.2
1170670 1584.9
1170680 1592.4
1170690 1592.4
1170700 1600.6
1170710 1607.7
1170720 1614.2
1170730 1614.2
1170740 1620.2
1170750 1623.4
1170760 1623.4
1170770 1625.8
1170780 1628.1
1170790 1628.1
1170800 1631.1
1170810 1635.9
1170820 1635.9
1170830 1640.3
1170840 1643.0
1170850 1643.0
1170860 1646.0
1170870 1648.5
1170880 1648.5
1170890 1651.4
1170900 1655.1
1170910 1658.5
1170920 1658.5
1170930 1663.0
1170940 1667.3
1170950 1668.4
1170960 1671.8
1170970 1674.1
1170980 1674.1
1170990 1674.4
1171000 1673.1
1171010 1673.1
1171020 1671.3
1171030 1672.3
1171040 1672.3
1171050 1676.1
1171060 1678.6
1171070 1678.6
1171080 1679.5
1171090 1679.2
1171100 1680.2
1171110 1680.2
1171120 1684.7
1171130 1689.0
1171140 1689.0
1171150 1691.5
1171160 1693.2
1171170 1693.2
1171180 1694.6
1171190 1695.9
1171200 1695.9
1171210 1698.4
1171220 1700.9
1171230 1700.9
1171240 1702.5
1171250 1704.1
1171260 1704.1
1171270 1706.2
1171280 1707.2
1171290 1709.5
1171300 1709.5
1171310 1712.4
1171320 1715.1
1171330 1715.1
1171340 1716.7
1171350 1718.4
1171360 1719.7
1171370 1720.7
1171380 1722.1
1171390 1722.1
1171400 1725.3
1171410 1729.1
1171420 1729.1
1171430 1732.0
1171440 1734.2
1171450 1734.2
1171460 1736.2
1171470 1738.8
1171480 1741.6
1171490 1741.6
1171500 1745.4
1171510 1749.9
1171520 1749.9
1171530 1753.8
1171540 1757.6
1171550 1757.6
1171560 1761.8
1171570 1766.0
1171580 1766.0
1171590 1770.3
1171600 1774.1
1171610 1774.1
1171620 1777.7
1171630 1781.5
1171640 1781.5
1171650 1785.3
1171660 1787.5
1171670 1789.4
1171680 1789.4
1171690 1792.1
1171700 1795.1
1171710 1795.1
1171720 1798.6
1171730 1802.0
1171740 1802.0
1171750 1805.2
1171760 1810.0
1171770 1810.0
1171780 1813.0
1171790 1816.1
1171800 1816.1
1171810 1819.8
1171820 1823.8
1171830 1823.8
1171840 1827.9
1171850 1831.8
1171860 1835.3
1171870 1835.3
1171880 1838.2
1171890 1840.8
1171900 1840.8
1171910 1843.9
1171920 1847.5
1171930 1847.5
1171940 1851.6
1171950 1856.7
1171960 1856.7
1171970 1861.4
1171980 1865.2
1171990 1865.2
1172000 1868.6
1172010 1871.7
1172020 1871.7
1172030 1874.9
1172040 1878.2
1172050 1881.0
1172060 1881.0
1172070 1883.5
1172080 1885.9
1172090 1885.9
1172100 1888.1
1172110 1890.2
1172120 1890.2
1172130 1892.1
1172140 1894.3
1172150 1894.3
1172160 1897.6
1172170 1899.3
1172180 1899.3
1172190 1901.0
1172200 1903.0
1172210 1903.0
1172220 1904.9
1172230 1907.2
1172240 1909.0
1172250 1909.0
1172260 1910.8
1172270 1912.9
1172280 1912.9
1172290 1914.9
1172300 1917.1
1172310 1917.1
1172320 1919.3
1172330 1922.2
1172340 1922.2
1172350 1925.0
1172360 1927.7
1172370 1927.7
1172380 1930.5
1172390 1933.4
1172400 1933.4
1172410 1937.2
1172420 1941.0
1172430 1944.7
1172440 1944.7
1172450 1948.4
1172460 1952.0
1172470 1952.0
1172480 1955.7
1172490 1959.6
1172500 1959.6
1172510 1964.0
1172520 1968.6
1172530 1968.6
1172540 1972.4
1172550 1976.1
1172560 1976.1
1172570 1981.3
1172580 1983.6
1172590 1983.6
1172600 1984.5
1172610 1988.2
1172620 1993.1
1172630 1993.1
1172640 1996.5
1172650 1999.8
1172660 1999.8
1172670 2003.4
1172680 2006.9
1172690 2006.9
1172700 2010.4
1172710 2014.3
1172720 2014.3
1172730 2018.6
1172740 2022.4
1172750 2022.4
1172760 2025.5
1172770 2028.3
1172780 2028.3
1172790 2031.8
1172800 2035.0
1172810 2038.9
1172820 2038.9
1172830 2043.5
1172840 2047.2
1172850 2047.2
1172860 2050.8
1172870 2054.1
1172880 2054.1
1172890 2056.9
1172900 2061.0
1172910 2061.0
1172920 2065.9
1172930 2070.6
1172940 2070.6
1172950 2076.2
1172960 2080.3
1172970 2084.9
1172980 2084.9
1172990 2089.8
1173000 2095.0
1173010 2095.0
1173020 2100.8
1173030 2106.9
1173040 2106.9
1173050 2112.8
1173060 2118.7
1173070 2118.7
1173080 2123.9
1173090 2128.2
1173100 2128.2
1173110 2130.3
1173120 2129.5
1173130 2129.5
1173140 2127.0
1173150 2128.6
1173160 2132.2
1173170 2132.2
1173180 2134.0
1173190 2136.0
1173200 2136.0
1173210 2138.9
1173220 2142.2
1173230 2142.2
1173240 2144.7
1173250 2146.1
1173260 2146.1
1173270 2147.3
1173280 2149.5
1173290 2149.5
1173300 2152.7
1173310 2155.4
1173320 2155.4
1173330 2157.6
1173340 2160.1
1173350 2162.4
1173360 2162.4
1173370 2165.1
1173380 2167.3
1173390 2167.3
1173400 2170.2
1173410 2172.8
1173420 2172.8
1173430 2174.2
1173440 2175.1
1173450 2175.1
1173460 2175.7
1173470 2177.7
1173480 2177.7
1173490 2178.4
1173500 2181.0
1173510 2181.0
1173520 2182.4
1173530 2183.5
1173540 2184.3
1173550 2184.3
1173560 2184.9
1173570 2185.4
1173580 2185.4
1173590 2185.6
1173600 2186.0
1173610 2186.0
1173620 2186.5
1173630 2186.6
1173640 2186.6
1173650 2186.6
1173660 2186.6
1173670 2186.6
1173680 2186.1
1173690 2185.8
1173700 2185.8
1173710 2185.9
1173720 2186.0
1173730 2185.4
1173740 2185.4
1173750 2185.0
1173760 2184.4
1173770 2184.4
1173780 2186.1
1173790 2184.0
1173800 2184.0
1173810 2183.4
1173820 2182.8
1173830 2182.8
1173840 2180.9
1173850 2177.7
1173860 2177.7
1173870 2174.4
1173880 2171.9
1173890 2171.9
1173900 2167.9
1173910 2163.5
1173920 2160.2
1173930 2160.2
1173940 2157.6
1173950 2154.8
1173960 2154.8
1173970 2151.8
1173980 2151.0
1173990 2151.0
1174000 2152.8
1174010 2153.7
1174020 2153.7
1174030 2154.1
1174040 2155.5
1174050 2155.5
1174060 2158.4
1174070 2163.0
1174080 2163.0
1174090 2167.9
1174100 2172.5
1174110 2177.1
1174120 2177.1
1174130 2181.3
1174140 2185.3
1174150 2185.3
1174160 2189.8
1174170 2194.1
1174180 2194.1
1174190 2199.6
1174200 2203.0
1174210 2203.0
1174220 2206.1
1174230 2209.6
1174240 2209.6
1174250 2214.4
1174260 2218.8
1174270 2218.8
1174280 2224.3
1174290 2228.0
1174300 2231.0
1174310 2231.0
1174320 2234.3
1174330 2237.2
1174340 2237.2
1174350 2239.9
1174360 2244.4
1174370 2244.4
1174380 2250.0
1174390 2254.3
1174400 2254.3
1174410 2258.5
1174420 2262.4
1174430 2262.4
1174440 2266.3
1174450 2269.7
1174460 2269.7
1174470 2273.3
1174480 2276.7
1174490 2279.9
1174500 2279.9
1174510 2282.9
1174520 2285.5
1174530 2285.5
1174540 2290.2
1174550 2296.5
1174560 2296.5
1174570 2301.8
1174580 2305.7
1174590 2305.7
1174600 2310.2
1174610 2314.1
1174620 2314.1
1174630 2318.5
1174640 2323.1
1174650 2323.1
1174660 2327.6
1174670 2332.1
1174680 2336.5
1174690 2336.5
1174700 2341.3
1174710 2346.1
1174720 2346.1
1174730 2350.0
1174740 2354.6
1174750 2354.6
1174760 2360.2
1174770 2365.9
1174780 2365.9
1174790 2371.4
1174800 2377.0
1174810 2377.0
1174820 2383.0
1174830 2389.2
1174840 2389.2
1174850 2395.3
1174860 2400.7
1174870 2405.4
1174880 2405.4
1174890 2410.1
1174900 2415.5
1174910 2415.5
1174920 2421.9
1174930 2427.0
1174940 2427.0
1174950 2432.2
1174960 2438.3
1174970 2438.3
1174980 2443.8
1174990 2449.3
1175000 2448.7
1175010 2454.0
1175020 2458.5
1175030 2458.5
1175040 2462.5
1175050 2465.6
1175060 2468.7
1175070 2468.7
1175080 2472.6
1175090 2477.2
1175100 2477.2
1175110 2482.1
1175120 2486.2
1175130 2486.2
1175140 2489.5
1175150 2492.4
1175160 2492.4
1175170 2495.7
1175180 2499.7
1175190 2499.7
1175200 2503.5
1175210 2506.5
1175220 2506.5
1175230 2510.1
1175240 2513.7
1175250 2517.6
1175260 2517.6
1175270 2521.6
1175280 2527.0
1175290 2527.0
1175300 2534.5
1175310 2541.8
1175320 2541.8
1175330 2548.1
1175340 2554.8
1175350 2554.8
1175360 2561.9
1175370 2569.2
1175380 2569.2
1175390 2577.2
1175400 2584.6
1175410 2580.2
1175420 2585.9
1175430 2592.5
1175440 2597.6
1175450 2597.6
1175460 2603.7
1175470 2609.5
1175480 2609.5
1175490 2615.5
1175500 2621.4
1175510 2621.4
1175520 2627.1
1175530 2633.0
1175540 2633.0
1175550 2638.3
1175560 2642.5
1175570 2642.5
1175580 2646.8
1175590 2650.9
1175600 2650.9
1175610 2654.0
1175620 2656.3
1175630 2656.8
1175640 2656.8
1175650 2655.7
1175660 2654.3
1175670 2654.3
1175680 2652.7
1175690 2653.3
1175700 2653.3
1175710 2655.6
1175720 2658.5
1175730 2658.5
1175740 2661.4
1175750 2664.1
1175760 2664.1
1175770 2667.2
1175780 2670.3
1175790 2670.3
1175800 2672.4
1175810 2674.3
1175820 2684.3
1175830 2684.3
1175840 2686.5
1175850 2687.9
1175860 2687.9
1175870 2687.4
1175880 2685.8
1175890 2685.8
1175900 2682.8
1175910 2682.1
1175920 2682.1
1175930 2681.1
1175940 2679.1
1175950 2679.1
1175960 2683.0
1175970 2688.9
1175980 2688.9
1175990 2694.2
1176000 2694.9
1176010 2690.9
1176020 2690.9
1176030 2685.6
1176040 2680.5
1176050 2680.5
1176060 2676.3
1176070 2675.4
1176080 2675.4
1176090 2674.5
1176100 2673.2
1176110 2673.2
1176120 2669.0
1176130 2658.5
1176140 2658.5
1176150 2648.2
1176160 2643.3
1176170 2643.3
1176180 2646.0
1176190 2647.8
1176200 2646.8
1176210 2646.8
1176220 2639.3
1176230 2640.6
1176240 2640.6
1176250 2637.8
1176260 2632.3
1176270 2632.3
1176280 2630.9
1176290 2628.6
1176300 2628.6
1176310 2624.7
1176320 2623.2
1176330 2623.2
1176340 2626.6
1176350 2624.5
1176360 2624.5
1176370 2620.7
1176380 2613.9
1176390 2613.4
1176400 2613.4
1176410 2616.8
1176420 2615.6
1176430 2615.6
1176440 2604.5
1176450 2590.5
1176460 2590.5
1176470 2579.4
1176480 2569.5
1176490 2569.5
1176500 2564.3
1176510 2554.0
1176520 2554.0
1176530 2542.0
1176540 2537.2
1176550 2537.2
1176560 2532.0
1176570 2520.0
1176580 2505.4
1176590 2505.4
1176600 2495.9
1176610 2489.9
1176620 2489.9
1176630 2486.6
1176640 2491.8
1176650 2491.8
1176660 2491.7
1176670 2492.0
1176680 2492.0
1176690 2490.8
1176700 2488.5
1176710 2488.5
1176720 2486.0
1176730 2482.9
1176740 2477.1
1176750 2477.1
1176760 2471.5
1176770 2466.1
1176780 2466.1
1176790 2460.3
1176800 2456.1
1176810 2456.1
1176820 2453.4
1176830 2449.9
1176840 2449.9
1176850 2446.3
1176860 2441.6
1176870 2441.6
1176880 2438.2
1176890 2436.3
1176900 2436.3
1176910 2432.8
1176920 2427.7
1176930 2421.4
1176940 2421.4
1176950 2415.2
1176960 2409.9
1176970 2409.9
1176980 2404.9
1176990 2399.6
1177000 2399.6
1177010 2394.8
1177020 2391.4
1177030 2391.4
1177040 2387.7
1177050 2387.9
1177060 2387.9
1177070 2384.3
1177080 2380.9
1177090 2380.9
1177100 2377.3
1177110 2374.4
1177120 2372.8
1177130 2372.8
1177140 2371.4
1177150 2369.1
1177160 2369.1
1177170 2366.6
1177180 2365.5
1177190 2365.5
1177200 2364.9
1177210 2364.1
1177220 2364.1
1177230 2363.1
1177240 2361.2
1177250 2361.2
1177260 2359.9
1177270 2359.5
1177280 2359.5
1177290 2361.7
1177300 2362.8
1177310 2361.2
1177320 2361.2
1177330 2361.4
1177340 2361.7
1177350 2361.7
1177360 2362.2
1177370 2361.5
1177380 2361.5
1177390 2361.9
1177400 2364.6
1177410 2364.6
1177420 2366.6
1177430 2368.2
1177440 2368.2
1177450 2371.1
1177460 2373.9
1177470 2373.9
1177480 2373.5
1177490 2369.7
1177500 2368.5
1177510 2368.5
1177520 2371.3
1177530 2372.8
1177540 2372.8
1177550 2374.9
1177560 2376.8
1177570 2376.8
1177580 2378.9
1177590 2380.9
1177600 2380.9
1177610 2383.7
1177620 2385.5
1177630 2385.5
1177640 2384.8
1177650 2385.4
1177660 2385.4
1177670 2387.3
1177680 2390.5
1177690 2394.1
1177700 2394.1
1177710 2397.7
1177720 2400.4
1177730 2400.4
1177740 2402.7
1177750 2407.1
1177760 2407.1
1177770 2411.8
1177780 2417.3
1177790 2417.3
1177800 2423.9
1177810 2429.8
1177820 2429.8
1177830 2434.9
1177840 2439.3
1177850 2439.3
1177860 2443.7
1177870 2447.0
1177880 2451.1
1177890 2451.1
1177900 2455.0
1177910 2458.4
1177920 2458.4
1177930 2461.6
1177940 2464.3
1177950 2464.3
1177960 2467.0
1177970 2469.0
1177980 2469.0
1177990 2470.9
1178000 2474.0
1178010 2474.0
1178020 2478.2
1178030 2482.4
1178040 2482.4
1178050 2485.9
1178060 2489.1
1178070 2491.7
1178080 2491.7
1178090 2494.3
1178100 2496.3
1178110 2496.3
1178120 2497.2
1178130 2497.9
1178140 2497.9
1178150 2499.2
1178160 2501.0
1178170 2501.0
1178180 2502.3
1178190 2503.8
1178200 2503.8
1178210 2507.8
1178220 2513.9
1178230 2513.9
1178240 2520.9
1178250 2526.8
1178260 2531.0
1178270 2531.0
1178280 2535.3
1178290 2536.6
1178300 2536.6
1178310 2539.6
1178320 2538.4
1178330 2538.4
1178340 2535.9
1178350 2536.8
1178360 2536.8
1178370 2538.0
1178380 2539.7
1178390 2539.7
1178400 2541.8
1178410 2542.8
1178420 2542.8
1178430 2543.3
1178440 2543.8
1178450 2545.0
1178460 2545.0
1178470 2546.8
1178480 2549.1
1178490 2549.1
1178500 2552.1
1178510 2554.9
1178520 2554.9
1178530 2558.1
1178540 2561.9
1178550 2561.9
1178560 2565.7
1178570 2569.3
1178580 2569.3
1178590 2572.9
1178600 2576.4
1178610 2576.4
1178620 2580.2
1178630 2584.2
1178640 2588.6
1178650 2588.6
1178660 2592.9
1178670 2597.0
1178680 2597.0
1178690 2602.3
1178700 2597.1
1178710 2597.1
1178720 2600.8
1178730 2603.4
1178740 2603.4
1178750 2604.8
1178760 2605.0
1178770 2605.0
1178780 2605.1
1178790 2605.5
1178800 2605.5
1178810 2606.4
1178820 2607.1
1178830 2607.4
1178840 2607.4
1178850 2607.6
1178860 2607.5
1178870 2607.5
1178880 2608.2
1178890 2610.0
1178900 2610.0
1178910 2613.9
1178920 2618.6
1178930 2618.6
1178940 2621.5
1178950 2624.3
1178960 2624.3
1178970 2626.2
1178980 2627.5
1178990 2627.5
1179000 2629.4
1179010 2631.7
1179020 2633.9
1179030 2633.9
1179040 2635.8
1179050 2637.3
1179060 2637.3
1179070 2638.7
1179080 2639.9
1179090 2639.9
1179100 2641.1
1179110 2644.0
1179120 2644.0
1179130 2646.3
1179140 2648.2
1179150 2648.2
1179160 2649.8
1179170 2651.4
1179180 2651.4
1179190 2653.0
1179200 2654.0
1179210 2657.1
1179220 2657.1
1179230 2661.7
1179240 2666.9
1179250 2666.9
1179260 2672.3
1179270 2678.0
1179280 2678.0
1179290 2683.7
1179300 2689.6
1179310 2689.6
1179320 2696.0
1179330 2703.3
1179340 2703.3
1179350 2711.5
1179360 2719.3
1179370 2719.3
1179380 2726.6
1179390 2732.2
1179400 2737.0
1179410 2737.0
1179420 2741.7
1179430 2746.6
1179440 2746.6
1179450 2751.4
1179460 2755.6
1179470 2755.6
1179480 2760.7
1179490 2766.9
1179500 2766.9
1179510 2773.3
1179520 2779.5
1179530 2779.4
1179540 2784.6
1179550 2788.6
1179560 2788.6
1179570 2792.8
1179580 2788.8
1179590 2781.5
1179600 2781.5
1179610 2773.7
1179620 2764.4
1179630 2764.4
1179640 2755.1
1179650 2744.5
1179660 2744.5
1179670 2734.9
1179680 2729.0
1179690 2729.0
1179700 2724.8
1179710 2720.4
1179720 2720.4
1179730 2715.1
1179740 2710.9
1179750 2710.9
1179760 2705.0
1179770 2699.0
1179780 2694.3
1179790 2694.3
1179800 2689.3
1179810 2684.5
1179820 2684.5
1179830 2679.7
1179840 2674.5
1179850 2674.5
1179860 2670.8
1179870 2669.9
1179880 2669.9
1179890 2672.2
1179900 2672.5
1179910 2672.5
1179920 2666.4
1179930 2657.5
1179940 2660.5
1179950 2654.6
1179960 2649.6
1179970 2645.1
1179980 2645.1
1179990 2640.7
