1164890 1494.9
1164900 1494.9
1164910 1497.0
1164920 1500.2
1164930 1502.0
1164940 1502.0
1164950 1503.8
1164960 1505.9
1164970 1505.9
1164980 1507.9
1164990 1509.3
1165000 1509.3
1165010 1509.9
1165020 1510.9
1165030 1510.9
1165040 1513.6
1165050 1514.2
1165060 1514.2
1165070 1513.1
1165080 1519.7
1165090 1519.7
1165100 1526.9
1165110 1533.6
1165120 1540.0
1165130 1540.0
1165140 1545.6
1165150 1550.5
1165160 1550.5
1165170 1553.8
1165180 1557.1
1165190 1557.1
1165200 1560.3
1165210 1563.1
1165220 1567.8
1165230 1572.7
1165240 1577.0
1165250 1577.0
1165260 1580.8
1165270 1583.8
1165280 1583.8
1165290 1586.2
1165300 1588.8
1165310 1592.0
1165320 1592.0
1165330 1594.9
1165340 1597.4
1165350 1597.4
1165360 1599.8
1165370 1603.4
1165380 1603.4
1165390 1608.9
1165400 1615.9
1165410 1615.9
1165420 1623.3
1165430 1631.3
1165440 1631.3
1165450 1638.9
1165460 1645.3
1165470 1645.3
1165480 1650.5
1165490 1654.4
1165500 1657.5
1165510 1657.5
1165520 1659.1
1165530 1661.3
1165540 1661.3
1165550 1664.9
1165560 1667.6
1165570 1667.6
1165580 1669.8
1165590 1671.1
1165600 1671.1
1165610 1674.9
1165620 1679.3
1165630 1679.3
1165640 1683.4
1165650 1686.8
1165660 1686.8
1165670 1688.9
1165680 1689.7
1165690 1689.1
1165700 1689.1
1165710 1688.6
1165720 1688.8
1165730 1688.8
1165740 1689.4
1165750 1689.8
1165760 1689.8
1165770 1690.2
1165780 1691.1
1165790 1691.1
1165800 1694.9
1165810 1699.4
1165820 1699.4
1165830 1703.4
1165840 1707.3
1165850 1707.3
1165860 1709.5
1165870 1711.1
1165880 1713.7
1165890 1713.7
1165900 1716.7
1165910 1717.9
1165920 1717.9
1165930 1718.4
1165940 1718.6
1165950 1718.6
1165960 1718.9
1165970 1719.7
1165980 1719.7
1165990 1721.8
1166000 1722.1
1166010 1721.6
1166020 1721.3
1166030 1721.0
1166040 1721.0
1166050 1721.1
1166060 1721.1
1166070 1721.2
1166080 1721.2
1166090 1721.4
1166100 1721.4
1166110 1721.4
1166120 1721.4
1166130 1721.4
1166140 1721.4
1166150 1721.4
1166160 1721.4
1166170 1721.4
1166180 1721.2
1166190 1721.1
1166200 1721.1
1166210 1721.6
1166220 1721.8
1166230 1721.8
1166240 1721.7
1166250 1721.7
1166260 1721.8
1166270 1721.8
1166280 1721.9
1166290 1721.8
1166300 1721.8
1166310 1721.4
1166320 1721.3
1166330 1721.3
1166340 1721.3
1166350 1721.2
1166360 1721.2
1166370 1721.2
1166380 1721.1
1166390 1721.1
1166400 1721.1
1166410 1721.1
1166420 1721.1
1166430 1721.1
1166440 1721.1
1166450 1721.1
1166460 1721.1
1166470 1721.1
1166480 1721.1
1166490 1721.1
1166500 1721.1
1166510 1721.1
1166520 1721.1
1166530 1721.1
1166540 1721.1
1166550 1721.1
1166560 1721.1
1166570 1721.2
1166580 1721.2
1166590 1721.3
1166600 1721.4
1166610 1721.4
1166620 1722.5
1166630 1725.1
1166640 1728.2
1166650 1728.2
1166660 1731.9
1166670 1736.2
1166680 1736.2
1166690 1740.4
1166700 1744.2
1166710 1744.2
1166720 1747.4
1166730 1749.8
1166740 1749.8
1166750 1751.1
1166760 1752.3
1166770 1752.3
1166780 1753.0
1166790 1753.2
1166800 1753.5
1166810 1753.1
1166820 1752.6
1166830 1751.9
1166840 1751.9
1166850 1751.2
1166860 1750.6
1166870 1750.6
1166880 1749.9
1166890 1749.1
1166900 1749.1
1166910 1747.9
1166920 1746.5
1166930 1746.5
1166940 1745.0
1166950 1742.8
1166960 1742.8
1166970 1741.1
1166980 1739.5
1166990 1739.5
1167000 1738.4
1167010 1737.7
1167020 1737.0
1167030 1737.0
1167040 1736.6
1167050 1736.4
1167060 1736.4
1167070 1736.2
1167080 1736.0
1167090 1736.0
1167100 1736.0
1167110 1736.2
1167120 1736.2
1167130 1737.7
1167140 1739.7
1167150 1739.7
1167160 1741.0
1167170 1741.3
1167180 1741.3
1167190 1740.8
1167200 1740.1
1167210 1738.7
1167220 1738.7
1167230 1736.7
1167240 1733.6
1167250 1733.6
1167260 1730.3
1167270 1727.8
1167280 1727.8
1167290 1725.6
1167300 1723.8
1167310 1723.8
1167320 1721.2
1167330 1717.6
1167340 1717.6
1167350 1715.3
1167360 1714.8
1167370 1714.8
1167380 1719.0
1167390 1723.6
1167400 1726.6
1167410 1726.6
1167420 1730.1
1167430 1734.3
1167440 1734.3
1167450 1737.5
1167460 1739.2
1167470 1739.2
1167480 1741.0
1167490 1744.1
1167500 1744.1
1167510 1748.1
1167520 1749.8
1167530 1749.8
1167540 1750.0
1167550 1749.5
1167560 1749.5
1167570 1748.7
1167580 1747.7
1167590 1746.8
1167600 1751.7
1167610 1750.5
1167620 1749.6
1167630 1749.6
1167640 1748.7
1167650 1748.6
1167660 1748.6
1167670 1749.1
1167680 1749.2
1167690 1749.2
1167700 1748.4
1167710 1747.4
1167720 1747.4
1167730 1746.3
1167740 1744.2
1167750 1744.2
1167760 1742.1
1167770 1740.1
1167780 1738.0
1167790 1738.0
1167800 1735.0
1167810 1730.3
1167820 1730.3
1167830 1727.7
1167840 1727.9
1167850 1727.9
1167860 1726.1
1167870 1722.8
1167880 1722.8
1167890 1720.2
1167900 1719.4
1167910 1719.4
1167920 1717.7
1167930 1715.4
1167940 1715.4
1167950 1713.8
1167960 1712.6
1167970 1711.6
1167980 1711.6
1167990 1710.4
1168000 1713.0
1168010 1713.0
1168020 1712.1
1168030 1709.8
1168040 1709.8
1168050 1707.7
1168060 1705.8
1168070 1705.8
1168080 1705.7
1168090 1708.3
1168100 1708.3
1168110 1710.3
1168120 1712.0
1168130 1712.0
1168140 1712.0
1168150 1711.1
1168160 1710.1
1168170 1710.1
1168180 1709.1
1168190 1707.7
1168200 1707.7
1168210 1705.7
1168220 1703.3
1168230 1703.3
1168240 1700.5
1168250 1697.5
1168260 1697.5
1168270 1694.7
1168280 1692.6
1168290 1692.6
1168300 1692.2
1168310 1692.1
1168320 1692.1
1168330 1692.9
1168340 1694.4
1168350 1694.2
1168360 1694.2
1168370 1693.2
1168380 1693.3
1168390 1693.3
1168400 1699.5
1168410 1701.1
1168420 1701.1
1168430 1702.2
1168440 1702.3
1168450 1702.3
1168460 1702.7
1168470 1702.9
1168480 1702.9
1168490 1703.2
1168500 1703.7
1168510 1703.7
1168520 1704.1
1168530 1704.0
1168540 1703.6
1168550 1703.6
1168560 1704.3
1168570 1705.5
1168580 1705.5
1168590 1706.0
1168600 1707.9
1168610 1707.9
1168620 1711.5
1168630 1714.0
1168640 1714.0
1168650 1716.3
1168660 1718.1
1168670 1718.1
1168680 1720.3
1168690 1721.7
1168700 1721.7
1168710 1722.2
1168720 1721.9
1168730 1722.1
1168740 1722.1
1168750 1722.1
1168760 1721.3
1168770 1721.3
1168780 1720.3
1168790 1718.2
1168800 1725.5
1168810 1723.2
1168820 1721.0
1168830 1721.0
1168840 1718.7
1168850 1716.5
1168860 1716.5
1168870 1715.8
1168880 1715.2
1168890 1715.2
1168900 1713.1
1168910 1710.7
1168920 1707.2
1168930 1707.2
1168940 1703.4
1168950 1698.6
1168960 1698.6
1168970 1695.5
1168980 1691.2
1168990 1691.2
1169000 1684.8
1169010 1679.4
1169020 1679.4
1169030 1673.4
1169040 1669.2
1169050 1669.2
1169060 1665.6
1169070 1662.1
1169080 1662.1
1169090 1659.1
1169100 1655.5
1169110 1651.3
1169120 1651.3
1169130 1647.5
1169140 1643.2
1169150 1643.2
1169160 1638.6
1169170 1633.8
1169180 1633.8
1169190 1628.8
1169200 1630.9
1169210 1630.9
1169220 1626.0
1169230 1621.4
1169240 1621.4
1169250 1616.7
1169260 1610.4
1169270 1610.4
1169280 1601.5
1169290 1593.2
1169300 1585.0
1169310 1585.0
1169320 1577.6
1169330 1571.0
1169340 1571.0
1169350 1565.1
1169360 1559.9
1169370 1559.9
1169380 1554.5
1169390 1548.4
1169400 1548.4
1169410 1541.7
1169420 1534.9
1169430 1534.9
1169440 1528.2
1169450 1521.5
1169460 1521.5
1169470 1515.0
1169480 1508.8
1169490 1502.6
1169500 1502.6
1169510 1496.2
1169520 1489.8
1169530 1489.8
1169540 1483.7
1169550 1477.5
1169560 1477.5
1169570 1471.4
1169580 1465.5
1169590 1465.5
1169600 1460.6
1169610 1455.5
1169620 1455.5
1169630 1449.9
1169640 1444.4
1169650 1444.4
1169660 1439.3
1169670 1434.0
1169680 1428.8
1169690 1428.8
1169700 1424.5
1169710 1420.6
1169720 1420.6
1169730 1416.4
1169740 1412.6
1169750 1412.6
1169760 1411.8
1169770 1412.9
1169780 1412.9
1169790 1413.9
1169800 1415.3
1169810 1415.3
1169820 1414.4
1169830 1414.5
1169840 1414.5
1169850 1415.1
1169860 1415.7
1169870 1416.0
1169880 1416.0
1169890 1416.6
1169900 1417.1
1169910 1417.1
1169920 1417.5
1169930 1418.2
1169940 1418.2
1169950 1418.5
1169960 1418.9
1169970 1418.9
1169980 1419.3
1169990 1419.7
1170000 1419.4
1170010 1420.1
1170020 1420.7
1170030 1420.7
1170040 1421.4
1170050 1422.1
1170060 1422.7
1170070 1422.7
1170080 1423.2
1170090 1423.8
1170100 1423.8
1170110 1424.6
1170120 1424.9
1170130 1424.9
1170140 1425.3
1170150 1425.9
1170160 1425.9
1170170 1426.5
1170180 1427.1
1170190 1427.1
1170200 1427.5
1170210 1427.9
1170220 1427.9
1170230 1428.4
1170240 1429.1
1170250 1430.0
1170260 1430.0
1170270 1430.9
1170280 1431.3
1170290 1431.3
1170300 1432.0
1170310 1433.2
1170320 1433.2
1170330 1435.4
1170340 1436.8
1170350 1436.8
1170360 1437.9
1170370 1439.0
1170380 1439.0
1170390 1441.0
1170400 1445.7
1170410 1445.7
1170420 1449.6
1170430 1454.4
1170440 1459.9
1170450 1459.9
1170460 1465.6
1170470 1471.5
1170480 1471.5
1170490 1477.4
1170500 1483.6
1170510 1483.6
1170520 1489.7
1170530 1495.6
1170540 1495.6
1170550 1499.5
1170560 1504.2
1170570 1504.2
1170580 1510.0
1170590 1514.9
1170600 1514.9
1170610 1519.4
1170620 1524.2
1170630 1529.0
1170640 1529.0
1170650 1533.3
1170660 1536.0
1170670 1536.0
1170680 1535.9
1170690 1536.0
1170700 1536.0
1170710 1536.5
1170720 1537.0
1170730 1537.0
1170740 1538.8
1170750 1542.1
1170760 1542.1
1170770 1545.2
1170780 1548.4
1170790 1548.4
1170800 1548.7
1170810 1550.3
1170820 1551.8
1170830 1551.8
1170840 1552.8
1170850 1553.4
1170860 1553.4
1170870 1553.8
1170880 1553.9
1170890 1553.9
1170900 1553.9
1170910 1554.5
1170920 1554.5
1170930 1555.3
1170940 1556.0
1170950 1556.0
1170960 1557.4
1170970 1559.4
1170980 1559.4
1170990 1562.2
1171000 1565.3
1171010 1568.3
1171020 1568.3
1171030 1571.1
1171040 1573.1
1171050 1573.1
1171060 1574.4
1171070 1575.5
1171080 1575.5
1171090 1576.3
1171100 1575.6
1171110 1575.6
1171120 1574.4
1171130 1574.0
1171140 1574.0
1171150 1574.8
1171160 1576.1
1171170 1576.1
1171180 1577.4
1171190 1578.5
1171200 1579.1
1171210 1578.1
1171220 1578.9
1171230 1579.7
1171240 1579.7
1171250 1580.6
1171260 1581.7
1171270 1581.7
1171280 1583.0
1171290 1584.4
1171300 1584.4
1171310 1585.5
1171320 1587.3
1171330 1587.3
1171340 1589.4
1171350 1591.4
1171360 1591.4
1171370 1593.3
1171380 1595.6
1171390 1597.6
1171400 1597.6
1171410 1599.5
1171420 1601.5
1171430 1601.5
1171440 1603.4
1171450 1605.3
1171460 1605.3
1171470 1607.1
1171480 1609.2
1171490 1609.2
1171500 1611.4
1171510 1613.7
1171520 1613.7
1171530 1616.1
1171540 1618.3
1171550 1618.3
1171560 1619.8
1171570 1620.9
1171580 1621.0
1171590 1621.0
1171600 1619.6
1171610 1623.0
1171620 1623.0
1171630 1620.4
1171640 1619.7
1171650 1619.7
1171660 1620.9
1171670 1623.0
1171680 1623.0
1171690 1624.7
1171700 1626.1
1171710 1626.1
1171720 1626.8
1171730 1626.9
1171740 1626.9
1171750 1624.5
1171760 1620.1
1171770 1620.1
1171780 1620.1
1171790 1626.9
1171800 1634.4
1171810 1634.4
1171820 1640.3
1171830 1645.4
1171840 1645.4
1171850 1650.8
1171860 1656.2
1171870 1656.2
1171880 1661.4
1171890 1666.7
1171900 1666.7
1171910 1672.4
1171920 1677.3
1171930 1677.3
1171940 1682.3
1171950 1687.7
1171960 1692.3
1171970 1692.3
1171980 1694.4
1171990 1695.2
1172000 1695.2
1172010 1697.4
1172020 1701.2
1172030 1701.2
1172040 1705.3
1172050 1709.0
1172060 1709.0
1172070 1710.9
1172080 1710.6
1172090 1710.6
1172100 1708.8
1172110 1705.6
1172120 1705.6
1172130 1703.1
1172140 1701.3
1172150 1699.1
1172160 1699.1
1172170 1694.9
1172180 1693.6
1172190 1693.6
1172200 1699.9
1172210 1704.5
1172220 1704.5
1172230 1705.9
1172240 1704.3
1172250 1704.3
1172260 1700.2
1172270 1705.7
1172280 1705.7
1172290 1714.7
1172300 1721.8
1172310 1721.8
1172320 1728.1
1172330 1733.7
1172340 1737.9
1172350 1737.9
1172360 1740.7
1172370 1740.0
1172380 1740.0
1172390 1737.3
1172400 1733.8
1172410 1733.8
1172420 1735.7
1172430 1737.2
1172440 1737.2
1172450 1745.2
1172460 1751.1
1172470 1751.1
1172480 1756.9
1172490 1763.8
1172500 1763.8
1172510 1770.0
1172520 1772.2
1172530 1772.6
1172540 1772.6
1172550 1776.3
1172560 1781.0
1172570 1781.0
1172580 1784.6
1172590 1787.3
1172600 1787.3
1172610 1792.3
1172620 1798.2
1172630 1798.2
1172640 1801.6
1172650 1805.8
1172660 1805.8
1172670 1811.2
1172680 1815.9
1172690 1815.9
1172700 1820.5
1172710 1825.1
1172720 1828.8
1172730 1828.8
1172740 1832.7
1172750 1836.5
1172760 1836.5
1172770 1839.5
1172780 1841.6
1172790 1841.6
1172800 1842.7
1172810 1845.9
1172820 1850.8
1172830 1854.2
1172840 1857.7
1172850 1857.7
1172860 1860.7
1172870 1863.0
1172880 1863.0
1172890 1861.5
1172900 1861.7
1172910 1865.0
1172920 1865.0
1172930 1870.9
1172940 1872.9
1172950 1872.9
1172960 1875.8
1172970 1878.3
1172980 1878.3
1172990 1881.0
1173000 1885.5
1173010 1885.5
1173020 1891.1
1173030 1895.3
1173040 1895.3
1173050 1900.8
1173060 1905.5
1173070 1905.5
1173080 1909.3
1173090 1914.6
1173100 1919.6
1173110 1919.6
1173120 1923.6
1173130 1926.5
1173140 1926.5
1173150 1929.2
1173160 1933.1
1173170 1933.1
1173180 1936.0
1173190 1938.9
1173200 1938.9
1173210 1941.7
1173220 1944.5
1173230 1948.6
1173240 1950.7
1173250 1951.7
1173260 1951.7
1173270 1950.7
1173280 1946.8
1173290 1941.4
1173300 1941.4
1173310 1936.2
1173320 1931.0
1173330 1931.0
1173340 1926.2
1173350 1921.6
1173360 1921.6
1173370 1917.4
1173380 1914.0
1173390 1914.0
1173400 1909.8
1173410 1908.0
1173420 1908.0
1173430 1910.8
1173440 1916.7
1173450 1916.7
1173460 1923.2
1173470 1929.6
1173480 1936.3
1173490 1936.3
1173500 1943.5
1173510 1950.9
1173520 1950.9
1173530 1958.0
1173540 1965.9
1173550 1965.9
1173560 1973.5
1173570 1979.5
1173580 1979.5
1173590 1984.4
1173600 1988.7
1173610 1988.7
1173620 1992.3
1173630 1993.4
1173640 1993.4
1173650 1997.9
1173660 2001.8
1173670 2005.0
1173680 2005.0
1173690 2008.5
1173700 2011.0
1173710 2011.0
1173720 2012.6
1173730 2014.3
1173740 2014.3
1173750 2017.0
1173760 2020.2
1173770 2020.2
1173780 2022.9
1173790 2025.2
1173800 2025.2
1173810 2027.6
1173820 2030.9
1173830 2030.9
1173840 2035.2
1173850 2037.8
1173860 2040.3
1173870 2040.3
1173880 2042.8
1173890 2044.6
1173900 2044.6
1173910 2046.5
1173920 2047.9
1173930 2047.9
1173940 2048.3
1173950 2048.5
1173960 2048.5
1173970 2048.9
1173980 2050.8
1173990 2050.8
1174000 2053.4
1174010 2054.2
1174020 2054.2
1174030 2055.8
1174040 2061.2
1174050 2065.6
1174060 2065.6
1174070 2069.6
1174080 2071.9
1174090 2071.9
1174100 2073.4
1174110 2074.9
1174120 2074.9
1174130 2075.4
1174140 2076.6
1174150 2076.6
1174160 2079.1
1174170 2081.2
1174180 2081.2
1174190 2083.0
1174200 2084.7
1174210 2084.7
1174220 2087.2
1174230 2090.0
1174240 2091.9
1174250 2091.9
1174260 2093.6
1174270 2095.3
1174280 2095.3
1174290 2097.0
1174300 2098.5
1174310 2098.5
1174320 2099.6
1174330 2101.6
1174340 2101.6
1174350 2103.4
1174360 2103.8
1174370 2103.8
1174380 2105.5
1174390 2107.6
1174400 2107.6
1174410 2111.1
1174420 2113.5
1174430 2115.7
1174440 2115.7
1174450 2121.2
1174460 2123.4
1174470 2123.4
1174480 2125.7
1174490 2127.4
1174500 2127.4
1174510 2128.8
1174520 2130.2
1174530 2130.2
1174540 2131.6
1174550 2133.9
1174560 2133.9
1174570 2137.1
1174580 2139.8
1174590 2139.8
1174600 2142.8
1174610 2145.5
1174620 2148.1
1174630 2148.1
1174640 2149.8
1174650 2151.5
1174660 2151.5
1174670 2154.2
1174680 2155.7
1174690 2155.7
1174700 2153.6
1174710 2151.2
1174720 2151.2
1174730 2148.9
1174740 2146.3
1174750 2146.3
1174760 2143.6
1174770 2140.6
1174780 2140.6
1174790 2137.2
1174800 2137.7
1174810 2143.5
1174820 2143.5
1174830 2149.6
1174840 2151.1
1174850 2151.1
1174860 2153.7
1174870 2154.3
1174880 2154.3
1174890 2157.5
1174900 2160.2
1174910 2160.2
1174920 2161.5
1174930 2161.1
1174940 2161.1
1174950 2161.6
1174960 2164.0
1174970 2164.0
1174980 2166.1
1174990 2168.5
1175000 2170.3
1175010 2170.3
1175020 2173.4
1175030 2179.0
1175040 2179.0
1175050 2183.6
1175060 2184.4
1175070 2184.4
1175080 2184.1
1175090 2184.0
1175100 2184.0
1175110 2185.3
1175120 2189.8
1175130 2189.8
1175140 2197.0
1175150 2204.8
1175160 2204.8
1175170 2212.5
1175180 2219.9
1175190 2227.1
1175200 2227.1
1175210 2234.5
1175220 2241.7
1175230 2241.7
1175240 2248.3
1175250 2254.3
1175260 2256.2
1175270 2261.8
1175280 2267.4
1175290 2267.4
1175300 2272.9
1175310 2279.1
1175320 2279.1
1175330 2284.9
1175340 2289.5
1175350 2289.5
1175360 2294.2
1175370 2299.5
1175380 2305.0
1175390 2305.0
1175400 2310.4
1175410 2315.2
1175420 2315.2
1175430 2319.9
1175440 2325.6
1175450 2325.6
1175460 2330.9
1175470 2335.2
1175480 2335.2
1175490 2338.6
1175500 2341.8
1175510 2341.8
1175520 2344.9
1175530 2347.6
1175540 2347.6
1175550 2348.8
1175560 2350.0
1175570 2351.0
1175580 2351.0
1175590 2351.2
1175600 2351.4
1175610 2351.4
1175620 2352.2
1175630 2353.7
1175640 2353.7
1175650 2354.6
1175660 2355.0
1175670 2359.9
1175680 2361.0
1175690 2362.3
1175700 2362.3
1175710 2363.1
1175720 2362.8
1175730 2362.8
1175740 2362.4
1175750 2362.1
1175760 2360.7
1175770 2360.7
1175780 2358.5
1175790 2355.8
1175800 2355.8
1175810 2353.0
1175820 2349.7
1175830 2349.7
1175840 2345.7
1175850 2340.4
1175860 2340.4
1175870 2334.4
1175880 2330.2
1175890 2330.2
1175900 2326.9
1175910 2323.0
1175920 2323.0
1175930 2318.9
1175940 2315.3
1175950 2312.5
1175960 2312.5
1175970 2309.4
1175980 2306.0
1175990 2306.0
1176000 2301.9
1176010 2297.2
1176020 2297.2
1176030 2290.2
1176040 2283.3
1176050 2283.3
1176060 2276.2
1176070 2269.3
1176080 2276.9
1176090 2270.9
1176100 2264.9
1176110 2264.9
1176120 2259.4
1176130 2253.4
1176140 2245.5
1176150 2245.5
1176160 2236.4
1176170 2229.0
1176180 2229.0
1176190 2221.9
1176200 2213.9
1176210 2213.9
1176220 2208.0
1176230 2203.6
1176240 2203.6
1176250 2199.6
1176260 2195.0
1176270 2195.0
1176280 2191.1
1176290 2187.5
1176300 2187.5
1176310 2183.7
1176320 2179.7
1176330 2175.6
1176340 2175.6
1176350 2171.4
1176360 2167.6
1176370 2167.6
1176380 2164.5
1176390 2162.1
1176400 2162.1
1176410 2160.2
1176420 2157.1
1176430 2157.1
1176440 2155.1
1176450 2153.3
1176460 2153.3
1176470 2151.1
1176480 2148.4
1176490 2152.0
1176500 2149.0
1176510 2145.8
1176520 2141.9
1176530 2141.9
1176540 2139.5
1176550 2139.0
1176560 2139.0
1176570 2138.4
1176580 2137.4
1176590 2137.4
1176600 2139.0
1176610 2145.2
1176620 2145.2
1176630 2151.5
1176640 2155.1
1176650 2155.1
1176660 2158.3
1176670 2161.6
1176680 2161.6
1176690 2165.3
1176700 2169.9
1176710 2175.4
1176720 2175.4
1176730 2180.9
1176740 2186.1
1176750 2186.1
1176760 2191.1
1176770 2195.9
1176780 2195.9
1176790 2200.5
1176800 2205.3
1176810 2205.3
1176820 2209.8
1176830 2214.9
1176840 2214.9
1176850 2219.7
1176860 2224.7
1176870 2224.7
1176880 2229.8
1176890 2234.9
1176900 2237.9
1176910 2237.9
1176920 2242.8
1176930 2247.9
1176940 2247.9
1176950 2252.5
1176960 2257.7
1176970 2257.7
1176980 2264.9
1176990 2273.7
1177000 2273.7
1177010 2286.1
1177020 2297.6
1177030 2297.6
1177040 2305.6
1177050 2312.9
1177060 2312.9
1177070 2319.6
1177080 2325.6
1177090 2331.3
1177100 2331.3
1177110 2337.0
1177120 2342.6
1177130 2342.6
1177140 2349.1
1177150 2355.1
1177160 2355.1
1177170 2359.4
1177180 2363.7
1177190 2363.7
1177200 2368.1
1177210 2372.6
1177220 2372.6
1177230 2376.9
1177240 2380.8
1177250 2380.8
1177260 2383.6
1177270 2385.4
1177280 2387.3
1177290 2387.3
1177300 2389.2
1177310 2385.3
1177320 2385.3
1177330 2388.3
1177340 2391.1
1177350 2391.1
1177360 2393.2
1177370 2395.7
1177380 2395.7
1177390 2401.4
1177400 2407.7
1177410 2407.7
1177420 2412.1
1177430 2415.9
1177440 2415.9
1177450 2418.5
1177460 2423.6
1177470 2430.5
1177480 2430.5
1177490 2435.1
1177500 2439.1
1177510 2439.1
1177520 2442.6
1177530 2446.0
1177540 2446.0
1177550 2449.6
1177560 2452.6
1177570 2452.6
1177580 2455.4
1177590 2458.0
1177600 2458.0
1177610 2460.2
1177620 2462.1
1177630 2462.1
1177640 2463.9
1177650 2465.6
1177660 2467.7
1177670 2467.7
1177680 2469.9
1177690 2473.0
1177700 2473.0
1177710 2476.5
1177720 2480.9
1177730 2480.9
1177740 2485.8
1177750 2491.0
1177760 2491.0
1177770 2495.9
1177780 2500.1
1177790 2500.1
1177800 2503.6
1177810 2505.8
1177820 2505.8
1177830 2507.0
1177840 2508.4
1177850 2510.4
1177860 2510.4
1177870 2512.5
1177880 2515.4
1177890 2515.4
1177900 2518.7
1177910 2521.1
1177920 2521.1
1177930 2522.5
1177940 2524.3
1177950 2524.3
1177960 2526.5
1177970 2528.7
1177980 2528.7
1177990 2530.6
1178000 2532.5
1178010 2532.5
1178020 2534.5
1178030 2536.6
1178040 2538.9
1178050 2538.9
1178060 2541.8
1178070 2545.1
1178080 2545.1
1178090 2548.1
1178100 2550.9
1178110 2550.9
1178120 2553.9
1178130 2556.6
1178140 2557.5
1178150 2559.0
1178160 2560.8
1178170 2560.8
1178180 2562.8
1178190 2565.5
1178200 2565.5
1178210 2569.0
1178220 2572.3
1178230 2575.5
1178240 2575.5
1178250 2578.8
1178260 2582.0
1178270 2582.0
1178280 2584.9
1178290 2587.0
1178300 2587.0
1178310 2588.6
1178320 2590.3
1178330 2590.3
1178340 2591.6
1178350 2592.6
1178360 2592.6
1178370 2592.9
1178380 2592.6
1178390 2592.6
1178400 2591.6
1178410 2591.4
1178420 2592.3
1178430 2592.3
1178440 2594.3
1178450 2596.8
1178460 2596.8
1178470 2600.2
1178480 2603.8
1178490 2603.8
1178500 2608.1
1178510 2614.3
1178520 2614.3
1178530 2622.9
1178540 2631.7
1178550 2632.5
1178560 2642.8
1178570 2650.4
1178580 2650.4
1178590 2652.1
1178600 2651.2
1178610 2647.8
1178620 2647.8
1178630 2645.4
1178640 2644.9
1178650 2644.9
1178660 2645.4
1178670 2647.5
1178680 2647.5
1178690 2651.5
1178700 2656.3
1178710 2656.3
1178720 2662.1
1178730 2668.2
1178740 2668.2
1178750 2674.8
1178760 2681.0
1178770 2681.0
1178780 2687.1
1178790 2693.6
1178800 2700.9
1178810 2700.9
1178820 2708.7
1178830 2716.8
1178840 2716.8
1178850 2724.2
1178860 2730.4
1178870 2730.4
1178880 2737.3
1178890 2744.4
1178900 2744.4
1178910 2750.0
1178920 2755.7
1178930 2755.7
1178940 2760.9
1178950 2766.0
1178960 2765.1
1178970 2769.9
1178980 2773.7
1178990 2772.1
1179000 2772.1
1179010 2766.0
1179020 2760.1
1179030 2760.1
1179040 2754.7
1179050 2750.9
1179060 2750.9
1179070 2748.8
1179080 2745.3
1179090 2745.3
1179100 2736.6
1179110 2730.3
1179120 2730.3
1179130 2728.0
1179140 2719.6
1179150 2719.6
1179160 2710.5
1179170 2705.0
1179180 2700.3
1179190 2700.3
1179200 2693.5
1179210 2687.2
1179220 2687.2
1179230 2678.5
1179240 2670.3
1179250 2670.3
1179260 2662.5
1179270 2655.4
1179280 2655.4
1179290 2648.7
1179300 2641.6
1179310 2641.6
1179320 2634.3
1179330 2626.7
1179340 2626.7
1179350 2619.3
1179360 2613.7
1179370 2608.3
1179380 2606.0
1179390 2598.9
1179400 2591.6
1179410 2591.6
1179420 2583.3
1179430 2574.5
1179440 2574.5
1179450 2564.7
1179460 2556.5
1179470 2556.5
1179480 2549.6
1179490 2542.9
1179500 2542.9
1179510 2535.4
1179520 2526.8
1179530 2526.8
1179540 2519.4
1179550 2512.1
1179560 2505.6
1179570 2505.6
1179580 2499.9
1179590 2495.0
1179600 2495.0
1179610 2490.9
1179620 2487.3
1179630 2487.3
1179640 2483.0
1179650 2478.5
1179660 2478.5
1179670 2475.3
1179680 2472.0
1179690 2472.0
1179700 2469.6
1179710 2467.1
1179720 2467.1
1179730 2466.6
1179740 2466.4
1179750 2465.3
1179760 2465.3
1179770 2461.5
1179780 2457.4
1179790 2459.0
1179800 2452.4
1179810 2447.4
1179820 2447.4
1179830 2445.5
1179840 2444.4
1179850 2444.4
1179860 2443.3
1179870 2441.2
1179880 2441.2
1179890 2438.1
1179900 2435.2
1179910 2435.2
1179920 2433.4
1179930 2432.1
1179940 2429.5
1179950 2429.5
1179960 2424.9
1179970 2419.4
1179980 2419.4
1179990 2414.6
