1164600 1178.8
1164610 1183.2
1164620 1183.2
1164630 1189.0
1164640 1194.0
1164650 1194.0
1164660 1197.6
1164670 1200.9
1164680 1200.9
1164690 1204.2
1164700 1208.5
1164710 1208.5
1164720 1213.7
1164730 1219.4
1164740 1220.2
1164750 1226.1
1164760 1231.8
1164770 1236.9
1164780 1236.9
1164790 1240.5
1164800 1243.6
1164810 1243.6
1164820 1247.3
1164830 1252.5
1164840 1252.5
1164850 1258.4
1164860 1265.1
1164870 1265.1
1164880 1272.7
1164890 1280.8
1164900 1280.8
1164910 1288.8
1164920 1296.3
1164930 1296.3
1164940 1303.5
1164950 1310.8
1164960 1318.1
1164970 1318.1
1164980 1325.7
1164990 1332.6
1165000 1332.6
1165010 1339.2
1165020 1347.6
1165030 1347.6
1165040 1357.8
1165050 1365.9
1165060 1365.9
1165070 1372.9
1165080 1379.4
1165090 1379.4
1165100 1386.3
1165110 1392.8
1165120 1392.8
1165130 1399.6
1165140 1416.6
1165150 1421.9
1165160 1421.9
1165170 1427.9
1165180 1433.4
1165190 1433.4
1165200 1438.6
1165210 1444.3
1165220 1444.3
1165230 1449.4
1165240 1454.6
1165250 1454.6
1165260 1460.1
1165270 1464.1
1165280 1464.1
1165290 1469.6
1165300 1474.4
1165310 1474.4
1165320 1481.1
1165330 1490.0
1165340 1497.7
1165350 1497.7
1165360 1504.1
1165370 1510.2
1165380 1510.2
1165390 1516.9
1165400 1523.4
1165410 1523.4
1165420 1528.6
1165430 1533.6
1165440 1533.6
1165450 1538.0
1165460 1541.0
1165470 1541.0
1165480 1542.4
1165490 1543.2
1165500 1543.2
1165510 1542.5
1165520 1541.7
1165530 1542.1
1165540 1542.1
1165550 1540.2
1165560 1538.1
1165570 1538.1
1165580 1535.1
1165590 1527.8
1165600 1527.8
1165610 1523.5
1165620 1520.9
1165630 1520.9
1165640 1517.8
1165650 1514.6
1165660 1514.6
1165670 1512.2
1165680 1510.3
1165690 1510.3
1165700 1509.8
1165710 1509.8
1165720 1509.3
1165730 1509.3
1165740 1508.9
1165750 1508.6
1165760 1508.6
1165770 1508.9
1165780 1509.3
1165790 1509.3
1165800 1509.2
1165810 1509.7
1165820 1509.7
1165830 1510.3
1165840 1510.9
1165850 1510.9
1165860 1512.4
1165870 1514.3
1165880 1514.3
1165890 1516.6
1165900 1519.7
1165910 1519.7
1165920 1523.6
1165930 1530.7
1165940 1534.4
1165950 1534.4
1165960 1538.6
1165970 1543.8
1165980 1543.8
1165990 1547.9
1166000 1550.9
1166010 1550.9
1166020 1554.1
1166030 1557.1
1166040 1557.1
1166050 1559.9
1166060 1562.9
1166070 1562.9
1166080 1565.0
1166090 1568.0
1166100 1568.0
1166110 1571.9
1166120 1575.7
1166130 1579.1
1166140 1579.1
1166150 1582.4
1166160 1585.4
1166170 1585.4
1166180 1587.8
1166190 1591.1
1166200 1591.1
1166210 1595.7
1166220 1600.0
1166230 1600.0
1166240 1604.5
1166250 1609.8
1166260 1609.8
1166270 1615.3
1166280 1620.3
1166290 1620.3
1166300 1625.0
1166310 1629.3
1166320 1633.4
1166330 1637.8
1166340 1640.6
1166350 1643.8
1166360 1643.8
1166370 1647.8
1166380 1652.8
1166390 1652.8
1166400 1657.5
1166410 1661.4
1166420 1661.4
1166430 1662.3
1166440 1662.3
1166450 1662.3
1166460 1662.4
1166470 1663.2
1166480 1663.2
1166490 1664.0
1166500 1664.4
1166510 1665.1
1166520 1665.1
1166530 1664.8
1166540 1665.6
1166550 1665.6
1166560 1666.1
1166570 1665.1
1166580 1665.1
1166590 1664.6
1166600 1664.6
1166610 1664.6
1166620 1664.8
1166630 1666.7
1166640 1666.7
1166650 1671.1
1166660 1677.3
1166670 1677.3
1166680 1682.7
1166690 1684.4
1166700 1684.2
1166710 1684.2
1166720 1684.1
1166730 1686.0
1166740 1686.0
1166750 1688.1
1166760 1688.6
1166770 1688.6
1166780 1687.9
1166790 1685.1
1166800 1685.1
1166810 1680.1
1166820 1676.5
1166830 1676.5
1166840 1675.0
1166850 1674.5
1166860 1674.5
1166870 1672.7
1166880 1671.5
1166890 1671.3
1166900 1671.3
1166910 1671.3
1166920 1671.3
1166930 1671.3
1166940 1671.5
1166950 1671.5
1166960 1671.5
1166970 1671.6
1166980 1671.6
1166990 1671.6
1167000 1672.1
1167010 1673.4
1167020 1673.4
1167030 1674.5
1167040 1674.6
1167050 1674.6
1167060 1674.2
1167070 1673.8
1167080 1672.5
1167090 1672.5
1167100 1671.2
1167110 1670.4
1167120 1673.5
1167130 1671.5
1167140 1669.8
1167150 1669.8
1167160 1668.9
1167170 1669.6
1167180 1669.6
1167190 1670.6
1167200 1671.4
1167210 1671.4
1167220 1671.5
1167230 1671.6
1167240 1671.6
1167250 1671.3
1167260 1671.2
1167270 1672.8
1167280 1672.8
1167290 1674.5
1167300 1674.4
1167310 1674.4
1167320 1674.0
1167330 1672.4
1167340 1672.4
1167350 1669.3
1167360 1666.8
1167370 1666.8
1167380 1664.8
1167390 1662.6
1167400 1662.6
1167410 1660.8
1167420 1660.2
1167430 1660.2
1167440 1660.0
1167450 1660.8
1167460 1661.8
1167470 1661.8
1167480 1662.3
1167490 1662.2
1167500 1662.2
1167510 1661.6
1167520 1663.0
1167530 1663.0
1167540 1661.1
1167550 1658.6
1167560 1658.6
1167570 1657.0
1167580 1655.3
1167590 1655.3
1167600 1652.7
1167610 1649.5
1167620 1649.5
1167630 1646.3
1167640 1643.1
1167650 1639.6
1167660 1639.6
1167670 1635.8
1167680 1632.7
1167690 1632.7
1167700 1630.0
1167710 1627.8
1167720 1627.8
1167730 1626.2
1167740 1625.1
1167750 1625.1
1167760 1624.0
1167770 1622.9
1167780 1622.9
1167790 1621.8
1167800 1621.0
1167810 1621.0
1167820 1620.3
1167830 1619.1
1167840 1616.7
1167850 1616.7
1167860 1614.1
1167870 1611.9
1167880 1611.9
1167890 1609.9
1167900 1608.1
1167910 1608.1
1167920 1609.0
1167930 1608.1
1167940 1608.1
1167950 1607.2
1167960 1605.6
1167970 1605.6
1167980 1603.4
1167990 1601.8
1168000 1601.8
1168010 1601.0
1168020 1600.1
1168030 1599.6
1168040 1599.6
1168050 1599.0
1168060 1598.0
1168070 1598.0
1168080 1597.4
1168090 1596.4
1168100 1596.4
1168110 1595.5
1168120 1594.9
1168130 1594.9
1168140 1594.4
1168150 1594.0
1168160 1594.0
1168170 1593.8
1168180 1593.3
1168190 1593.3
1168200 1592.9
1168210 1592.9
1168220 1592.7
1168230 1592.7
1168240 1592.4
1168250 1591.8
1168260 1591.8
1168270 1591.2
1168280 1590.7
1168290 1590.7
1168300 1589.9
1168310 1588.9
1168320 1590.1
1168330 1589.5
1168340 1589.6
1168350 1589.6
1168360 1589.7
1168370 1589.8
1168380 1589.8
1168390 1590.6
1168400 1590.2
1168410 1589.3
1168420 1589.3
1168430 1588.1
1168440 1585.6
1168450 1585.6
1168460 1582.9
1168470 1579.9
1168480 1579.9
1168490 1576.7
1168500 1572.9
1168510 1572.9
1168520 1569.7
1168530 1567.8
1168540 1567.8
1168550 1566.1
1168560 1564.1
1168570 1564.1
1168580 1563.8
1168590 1564.2
1168600 1563.6
1168610 1563.6
1168620 1561.5
1168630 1558.0
1168640 1558.0
1168650 1555.3
1168660 1554.0
1168670 1554.0
1168680 1552.6
1168690 1550.5
1168700 1550.5
1168710 1548.6
1168720 1548.4
1168730 1548.4
1168740 1547.1
1168750 1544.6
1168760 1544.6
1168770 1542.4
1168780 1540.2
1168790 1538.0
1168800 1538.0
1168810 1535.6
1168820 1532.8
1168830 1532.8
1168840 1530.8
1168850 1528.9
1168860 1528.9
1168870 1526.6
1168880 1524.4
1168890 1524.4
1168900 1522.0
1168910 1518.8
1168920 1518.8
1168930 1515.1
1168940 1511.6
1168950 1511.6
1168960 1508.5
1168970 1505.6
1168980 1502.2
1168990 1502.2
1169000 1497.7
1169010 1493.5
1169020 1493.5
1169030 1489.9
1169040 1487.3
1169050 1487.3
1169060 1484.1
1169070 1480.7
1169080 1480.7
1169090 1477.6
1169100 1474.1
1169110 1474.1
1169120 1472.6
1169130 1469.5
1169140 1469.5
1169150 1465.7
1169160 1462.6
1169170 1458.9
1169180 1458.9
1169190 1453.7
1169200 1450.4
1169210 1450.4
1169220 1449.2
1169230 1448.8
1169240 1448.8
1169250 1447.6
1169260 1446.0
1169270 1446.0
1169280 1443.1
1169290 1439.3
1169300 1439.3
1169310 1435.6
1169320 1431.4
1169330 1431.4
1169340 1427.9
1169350 1424.6
1169360 1420.1
1169370 1420.1
1169380 1415.9
1169390 1413.2
1169400 1413.2
1169410 1410.7
1169420 1406.5
1169430 1406.5
1169440 1402.8
1169450 1399.5
1169460 1399.5
1169470 1395.8
1169480 1392.4
1169490 1392.4
1169500 1390.1
1169510 1387.0
1169520 1385.5
1169530 1385.0
1169540 1386.4
1169550 1386.9
1169560 1386.9
1169570 1387.0
1169580 1388.5
1169590 1388.5
1169600 1388.4
1169610 1387.3
1169620 1387.3
1169630 1387.7
1169640 1388.1
1169650 1388.1
1169660 1388.3
1169670 1388.8
1169680 1388.8
1169690 1389.4
1169700 1390.1
1169710 1390.1
1169720 1390.6
1169730 1391.2
1169740 1392.1
1169750 1392.1
1169760 1392.8
1169770 1393.5
1169780 1393.5
1169790 1394.2
1169800 1394.9
1169810 1394.9
1169820 1395.6
1169830 1396.0
1169840 1396.0
1169850 1396.5
1169860 1397.4
1169870 1397.4
1169880 1398.3
1169890 1399.2
1169900 1399.2
1169910 1400.0
1169920 1401.0
1169930 1401.7
1169940 1401.7
1169950 1402.5
1169960 1403.3
1169970 1403.3
1169980 1404.0
1169990 1404.9
1170000 1404.9
1170010 1405.5
1170020 1406.2
1170030 1406.2
1170040 1407.1
1170050 1407.8
1170060 1407.8
1170070 1408.2
1170080 1408.6
1170090 1408.6
1170100 1409.2
1170110 1409.9
1170120 1411.2
1170130 1411.2
1170140 1412.5
1170150 1413.0
1170160 1413.0
1170170 1413.5
1170180 1413.5
1170190 1413.5
1170200 1414.4
1170210 1415.3
1170220 1415.3
1170230 1415.7
1170240 1415.8
1170250 1415.8
1170260 1415.8
1170270 1416.3
1170280 1416.3
1170290 1417.8
1170300 1418.8
1170310 1419.2
1170320 1419.9
1170330 1420.5
1170340 1421.5
1170350 1421.5
1170360 1423.0
1170370 1423.9
1170380 1423.9
1170390 1424.6
1170400 1425.5
1170410 1425.5
1170420 1426.4
1170430 1427.8
1170440 1427.8
1170450 1430.2
1170460 1433.9
1170470 1433.9
1170480 1438.7
1170490 1442.7
1170500 1446.8
1170510 1446.8
1170520 1450.4
1170530 1452.6
1170540 1452.6
1170550 1455.1
1170560 1458.5
1170570 1458.5
1170580 1461.5
1170590 1464.2
1170600 1464.2
1170610 1467.6
1170620 1471.0
1170630 1471.0
1170640 1473.8
1170650 1477.7
1170660 1477.7
1170670 1482.2
1170680 1486.2
1170690 1490.4
1170700 1490.4
1170710 1495.4
1170720 1498.0
1170730 1498.0
1170740 1503.0
1170750 1507.5
1170760 1507.5
1170770 1512.1
1170780 1516.7
1170790 1516.7
1170800 1521.8
1170810 1525.8
1170820 1525.8
1170830 1531.4
1170840 1538.0
1170850 1538.0
1170860 1543.5
1170870 1548.1
1170880 1551.4
1170890 1551.4
1170900 1553.4
1170910 1555.5
1170920 1555.5
1170930 1557.7
1170940 1560.3
1170950 1560.3
1170960 1562.4
1170970 1565.3
1170980 1565.3
1170990 1568.2
1171000 1571.8
1171010 1571.8
1171020 1576.9
1171030 1582.5
1171040 1582.5
1171050 1588.2
1171060 1594.8
1171070 1601.8
1171080 1601.8
1171090 1608.9
1171100 1615.7
1171110 1615.7
1171120 1622.5
1171130 1625.1
1171140 1625.1
1171150 1630.6
1171160 1636.2
1171170 1636.2
1171180 1641.5
1171190 1647.2
1171200 1647.2
1171210 1653.2
1171220 1659.2
1171230 1659.2
1171240 1665.0
1171250 1671.0
1171260 1677.3
1171270 1677.3
1171280 1683.7
1171290 1689.6
1171300 1689.6
1171310 1694.4
1171320 1696.3
1171330 1696.3
1171340 1697.1
1171350 1700.9
1171360 1700.9
1171370 1706.2
1171380 1711.2
1171390 1711.2
1171400 1714.9
1171410 1718.4
1171420 1718.4
1171430 1721.4
1171440 1725.3
1171450 1727.9
1171460 1727.9
1171470 1729.4
1171480 1730.9
1171490 1730.9
1171500 1732.1
1171510 1734.0
1171520 1734.0
1171530 1731.6
1171540 1733.3
1171550 1733.3
1171560 1734.3
1171570 1736.8
1171580 1736.8
1171590 1741.7
1171600 1746.3
1171610 1746.3
1171620 1749.6
1171630 1752.9
1171640 1756.1
1171650 1756.1
1171660 1759.5
1171670 1762.5
1171680 1762.5
1171690 1764.9
1171700 1767.5
1171710 1767.5
1171720 1770.8
1171730 1774.4
1171740 1774.4
1171750 1777.7
1171760 1780.7
1171770 1780.7
1171780 1783.1
1171790 1785.6
1171800 1785.6
1171810 1787.7
1171820 1789.8
1171830 1792.4
1171840 1792.4
1171850 1796.0
1171860 1799.7
1171870 1799.7
1171880 1803.6
1171890 1807.2
1171900 1807.2
1171910 1810.6
1171920 1813.7
1171930 1809.4
1171940 1812.5
1171950 1817.1
1171960 1817.1
1171970 1821.5
1171980 1825.2
1171990 1825.2
1172000 1828.8
1172010 1832.1
1172020 1835.3
1172030 1835.3
1172040 1837.9
1172050 1837.9
1172060 1837.9
1172070 1836.7
1172080 1836.7
1172090 1836.7
1172100 1837.3
1172110 1837.4
1172120 1837.4
1172130 1836.3
1172140 1834.9
1172150 1834.9
1172160 1835.3
1172170 1837.3
1172180 1837.3
1172190 1836.5
1172200 1835.7
1172210 1834.8
1172220 1834.8
1172230 1833.4
1172240 1833.3
1172250 1833.3
1172260 1832.9
1172270 1833.4
1172280 1833.4
1172290 1833.1
1172300 1830.6
1172310 1830.6
1172320 1827.9
1172330 1826.0
1172340 1820.3
1172350 1818.8
1172360 1818.2
1172370 1818.2
1172380 1819.2
1172390 1820.0
1172400 1819.5
1172410 1819.5
1172420 1817.1
1172430 1814.2
1172440 1814.2
1172450 1813.8
1172460 1815.6
1172470 1815.6
1172480 1814.9
1172490 1812.7
1172500 1812.7
1172510 1813.5
1172520 1814.0
1172530 1814.0
1172540 1811.2
1172550 1808.6
1172560 1808.6
1172570 1806.4
1172580 1804.7
1172590 1800.6
1172600 1800.6
1172610 1795.4
1172620 1791.9
1172630 1791.9
1172640 1789.8
1172650 1786.5
1172660 1786.5
1172670 1781.6
1172680 1776.6
1172690 1776.6
1172700 1773.5
1172710 1773.6
1172720 1773.6
1172730 1776.2
1172740 1773.4
1172750 1773.4
1172760 1774.2
1172770 1773.9
1172780 1773.0
1172790 1773.0
1172800 1771.2
1172810 1771.6
1172820 1771.6
1172830 1773.8
1172840 1774.7
1172850 1774.7
1172860 1774.2
1172870 1774.2
1172880 1774.2
1172890 1774.4
1172900 1776.0
1172910 1776.0
1172920 1778.5
1172930 1781.4
1172940 1781.4
1172950 1785.3
1172960 1790.4
1172970 1796.0
1172980 1796.0
1172990 1800.3
1173000 1803.8
1173010 1803.8
1173020 1807.2
1173030 1810.2
1173040 1810.2
1173050 1812.3
1173060 1814.7
1173070 1814.7
1173080 1817.3
1173090 1819.0
1173100 1819.0
1173110 1823.0
1173120 1828.2
1173130 1828.2
1173140 1833.6
1173150 1834.3
1173160 1834.3
1173170 1840.4
1173180 1844.6
1173190 1848.5
1173200 1848.5
1173210 1852.9
1173220 1857.0
1173230 1857.0
1173240 1861.4
1173250 1866.5
1173260 1866.5
1173270 1871.6
1173280 1876.2
1173290 1876.2
1173300 1880.1
1173310 1882.6
1173320 1882.6
1173330 1883.5
1173340 1884.7
1173350 1884.7
1173360 1885.7
1173370 1886.3
1173380 1887.3
1173390 1887.3
1173400 1888.6
1173410 1889.1
1173420 1889.1
1173430 1888.4
1173440 1885.7
1173450 1885.7
1173460 1882.2
1173470 1879.5
1173480 1879.5
1173490 1878.8
1173500 1881.6
1173510 1881.6
1173520 1885.1
1173530 1885.4
1173540 1885.4
1173550 1879.4
1173560 1879.6
1173570 1879.7
1173580 1879.7
1173590 1880.2
1173600 1879.1
1173610 1879.1
1173620 1876.6
1173630 1874.5
1173640 1874.5
1173650 1871.3
1173660 1871.7
1173670 1871.7
1173680 1872.5
1173690 1872.0
1173700 1872.0
1173710 1871.3
1173720 1868.3
1173730 1868.3
1173740 1863.0
1173750 1863.7
1173760 1865.3
1173770 1865.3
1173780 1864.8
1173790 1864.4
1173800 1864.4
1173810 1862.4
1173820 1858.9
1173830 1858.9
1173840 1854.7
1173850 1852.4
1173860 1852.4
1173870 1851.5
1173880 1852.8
1173890 1852.8
1173900 1855.0
1173910 1853.8
1173920 1853.8
1173930 1852.1
1173940 1851.7
1173950 1852.6
1173960 1849.6
1173970 1851.2
1173980 1850.4
1173990 1850.4
1174000 1850.0
1174010 1852.3
1174020 1852.3
1174030 1855.1
1174040 1856.5
1174050 1856.5
1174060 1856.4
1174070 1856.6
1174080 1856.6
1174090 1857.5
1174100 1858.7
1174110 1858.7
1174120 1859.5
1174130 1860.8
1174140 1862.5
1174150 1862.5
1174160 1864.7
1174170 1866.7
1174180 1866.7
1174190 1868.0
1174200 1869.2
1174210 1869.2
1174220 1870.9
1174230 1872.6
1174240 1872.6
1174250 1874.0
1174260 1875.5
1174270 1875.5
1174280 1877.2
1174290 1879.2
1174300 1879.2
1174310 1880.6
1174320 1882.2
1174330 1884.0
1174340 1884.0
1174350 1886.0
1174360 1887.6
1174370 1886.2
1174380 1888.0
1174390 1889.5
1174400 1889.5
1174410 1891.8
1174420 1894.1
1174430 1894.1
1174440 1895.6
1174450 1897.5
1174460 1897.5
1174470 1899.6
1174480 1901.0
1174490 1901.0
1174500 1902.3
1174510 1904.4
1174520 1906.6
1174530 1906.6
1174540 1908.9
1174550 1910.8
1174560 1910.8
1174570 1911.3
1174580 1911.9
1174590 1911.9
1174600 1913.2
1174610 1915.0
1174620 1915.0
1174630 1916.8
1174640 1918.8
1174650 1918.8
1174660 1919.3
1174670 1920.3
1174680 1920.3
1174690 1921.8
1174700 1922.9
1174710 1924.0
1174720 1924.0
1174730 1925.0
1174740 1926.3
1174750 1926.3
1174760 1928.1
1174770 1930.6
1174780 1930.6
1174790 1932.2
1174800 1933.7
1174810 1933.7
1174820 1935.2
1174830 1936.6
1174840 1936.6
1174850 1938.0
1174860 1939.4
1174870 1939.4
1174880 1940.7
1174890 1942.2
1174900 1944.3
1174910 1944.3
1174920 1946.1
1174930 1947.4
1174940 1947.4
1174950 1949.1
1174960 1951.6
1174970 1951.6
1174980 1955.1
1174990 1958.2
1175000 1958.2
1175010 1960.6
1175020 1964.2
1175030 1964.2
1175040 1967.9
1175050 1971.5
1175060 1971.5
1175070 1974.8
1175080 1979.3
1175090 1983.2
1175100 1983.2
1175110 1986.3
1175120 1988.8
1175130 1988.8
1175140 1991.5
1175150 1997.1
1175160 1997.1
1175170 2001.4
1175180 2001.7
1175190 2001.7
1175200 2004.7
1175210 2007.2
1175220 2007.2
1175230 2009.6
1175240 2011.2
1175250 2011.2
1175260 2011.7
1175270 2014.2
1175280 2015.9
1175290 2015.9
1175300 2015.9
1175310 2016.3
1175320 2016.3
1175330 2018.9
1175340 2020.2
1175350 2020.2
1175360 2021.1
1175370 2022.1
1175380 2022.1
1175390 2022.9
1175400 2024.4
1175410 2024.4
1175420 2026.3
1175430 2028.9
1175440 2028.9
1175450 2031.1
1175460 2033.6
1175470 2036.4
1175480 2036.4
1175490 2038.6
1175500 2041.7
1175510 2041.7
1175520 2044.6
1175530 2048.2
1175540 2048.2
1175550 2051.6
1175560 2052.6
1175570 2052.6
1175580 2050.8
1175590 2045.0
1175600 2045.0
1175610 2048.0
1175620 2050.5
1175630 2050.5
1175640 2052.6
1175650 2055.8
1175660 2062.0
1175670 2062.0
1175680 2068.8
1175690 2076.0
1175700 2076.0
1175710 2081.4
1175720 2084.1
1175730 2084.1
1175740 2086.5
1175750 2089.2
1175760 2089.2
1175770 2092.1
1175780 2094.4
1175790 2094.4
1175800 2096.4
1175810 2098.9
1175820 2098.9
1175830 2102.2
1175840 2106.1
1175850 2109.4
1175860 2109.4
1175870 2111.7
1175880 2113.5
1175890 2113.5
1175900 2115.2
1175910 2117.1
1175920 2117.1
1175930 2119.0
1175940 2121.3
1175950 2121.3
1175960 2124.2
1175970 2127.5
1175980 2127.5
1175990 2130.4
1176000 2124.9
1176010 2124.9
1176020 2122.8
1176030 2122.4
1176040 2124.8
1176050 2124.8
1176060 2127.4
1176070 2130.5
1176080 2130.5
1176090 2131.6
1176100 2134.9
1176110 2134.9
1176120 2139.0
1176130 2142.4
1176140 2142.4
1176150 2144.4
1176160 2147.3
1176170 2147.3
1176180 2152.3
1176190 2156.3
1176200 2156.3
1176210 2160.6
1176220 2165.7
1176230 2171.1
1176240 2171.1
1176250 2175.6
1176260 2179.9
1176270 2179.9
1176280 2183.7
1176290 2187.0
1176300 2187.0
1176310 2190.4
1176320 2194.1
1176330 2194.1
1176340 2197.2
1176350 2200.4
1176360 2200.4
1176370 2204.5
1176380 2210.2
1176390 2210.2
1176400 2216.6
1176410 2224.4
1176420 2230.8
1176430 2230.8
1176440 2236.9
1176450 2241.7
1176460 2241.7
1176470 2245.7
1176480 2248.9
1176490 2248.9
1176500 2251.5
1176510 2254.1
1176520 2254.1
1176530 2257.9
1176540 2262.5
1176550 2262.5
1176560 2267.0
1176570 2270.7
1176580 2270.7
1176590 2274.4
1176600 2278.8
1176610 2283.4
1176620 2283.4
1176630 2287.6
1176640 2291.2
1176650 2291.2
1176660 2294.8
1176670 2298.1
1176680 2298.1
1176690 2301.9
1176700 2305.2
1176710 2305.2
1176720 2308.2
1176730 2309.5
1176740 2309.5
1176750 2312.9
1176760 2317.8
1176770 2317.8
1176780 2320.8
1176790 2322.5
1176800 2324.8
1176810 2324.8
1176820 2331.0
1176830 2335.0
1176840 2335.0
1176850 2338.3
1176860 2341.4
1176870 2341.4
1176880 2343.4
1176890 2344.7
1176900 2344.7
1176910 2345.6
1176920 2347.0
1176930 2347.0
1176940 2348.6
1176950 2351.2
1176960 2351.2
1176970 2355.1
1176980 2359.2
1176990 2364.3
1177000 2364.3
1177010 2368.7
1177020 2373.2
1177030 2373.2
1177040 2377.4
1177050 2381.7
1177060 2381.7
1177070 2385.6
1177080 2389.4
1177090 2389.4
1177100 2393.3
1177110 2397.2
1177120 2397.2
1177130 2400.9
1177140 2404.6
1177150 2404.6
1177160 2408.5
1177170 2412.3
1177180 2416.2
1177190 2416.2
1177200 2420.0
1177210 2423.5
1177220 2423.5
1177230 2427.6
1177240 2431.4
1177250 2431.4
1177260 2435.4
1177270 2439.3
1177280 2439.3
1177290 2443.3
1177300 2448.8
1177310 2448.8
1177320 2454.9
1177330 2461.3
1177340 2461.3
1177350 2467.7
1177360 2474.0
1177370 2480.0
1177380 2480.0
1177390 2485.8
1177400 2491.1
1177410 2491.1
1177420 2496.2
1177430 2501.0
1177440 2501.0
1177450 2505.8
1177460 2510.0
1177470 2510.0
1177480 2514.5
1177490 2519.4
1177500 2519.4
1177510 2523.6
1177520 2527.9
1177530 2527.9
1177540 2532.0
1177550 2532.7
1177560 2532.2
1177570 2532.2
1177580 2532.4
1177590 2534.7
1177600 2534.7
1177610 2538.6
1177620 2543.0
1177630 2543.0
1177640 2546.4
1177650 2550.0
1177660 2550.0
1177670 2554.0
1177680 2558.8
1177690 2558.8
1177700 2564.2
1177710 2569.7
1177720 2569.7
1177730 2575.1
1177740 2580.8
1177750 2586.4
1177760 2586.4
1177770 2591.6
1177780 2596.3
1177790 2596.3
1177800 2600.3
1177810 2605.9
1177820 2605.9
1177830 2613.7
1177840 2621.9
1177850 2621.9
1177860 2629.5
1177870 2636.8
1177880 2636.8
1177890 2641.9
1177900 2646.8
1177910 2646.8
1177920 2651.6
1177930 2655.9
1177940 2660.3
1177950 2660.3
1177960 2665.2
1177970 2670.6
1177980 2670.6
1177990 2676.9
1178000 2683.8
1178010 2683.8
1178020 2686.2
1178030 2683.2
1178040 2683.2
1178050 2685.3
1178060 2677.2
1178070 2677.2
1178080 2667.8
1178090 2659.9
1178100 2659.9
1178110 2650.6
1178120 2641.4
1178130 2632.9
1178140 2632.9
1178150 2623.6
1178160 2614.4
1178170 2614.4
1178180 2606.8
1178190 2600.6
1178200 2600.6
1178210 2595.5
1178220 2592.8
1178230 2592.8
1178240 2589.1
1178250 2583.4
1178260 2583.4
1178270 2577.0
1178280 2570.1
1178290 2570.1
1178300 2563.6
1178310 2557.0
1178320 2550.9
1178330 2550.9
1178340 2546.4
1178350 2543.0
1178360 2543.0
1178370 2539.7
1178380 2536.9
1178390 2536.9
1178400 2534.2
1178410 2532.2
1178420 2532.2
1178430 2530.3
1178440 2528.3
1178450 2528.3
1178460 2527.6
1178470 2526.1
1178480 2526.1
1178490 2518.4
1178500 2510.0
1178510 2502.7
1178520 2502.7
1178530 2497.2
1178540 2493.8
1178550 2493.8
1178560 2490.2
1178570 2486.0
1178580 2486.0
1178590 2482.5
1178600 2479.5
1178610 2479.5
1178620 2478.1
1178630 2476.9
1178640 2476.9
1178650 2477.1
1178660 2478.6
1178670 2478.6
1178680 2478.8
1178690 2476.5
1178700 2474.1
1178710 2474.1
1178720 2472.1
1178730 2470.9
1178740 2470.9
1178750 2471.3
1178760 2472.3
1178770 2472.3
1178780 2472.3
1178790 2473.2
1178800 2473.2
1178810 2474.8
1178820 2477.4
1178830 2477.4
1178840 2480.7
1178850 2484.7
1178860 2484.7
1178870 2488.3
1178880 2497.5
1178890 2501.6
1178900 2501.6
1178910 2505.6
1178920 2509.6
1178930 2509.6
1178940 2513.6
1178950 2517.2
1178960 2517.2
1178970 2520.5
1178980 2523.3
1178990 2523.3
1179000 2525.6
1179010 2525.1
1179020 2525.1
1179030 2520.8
1179040 2513.5
1179050 2513.5
1179060 2505.3
1179070 2497.5
1179080 2490.1
1179090 2490.1
1179100 2483.8
1179110 2477.2
1179120 2477.2
1179130 2470.2
1179140 2463.2
1179150 2463.2
1179160 2456.3
1179170 2448.6
1179180 2448.6
1179190 2441.0
1179200 2434.1
1179210 2434.1
1179220 2426.9
1179230 2420.0
1179240 2420.0
1179250 2413.1
1179260 2406.1
1179270 2399.1
1179280 2399.1
1179290 2394.5
1179300 2387.3
1179310 2387.3
1179320 2380.1
1179330 2372.8
1179340 2372.8
1179350 2365.1
1179360 2357.7
1179370 2357.7
1179380 2350.8
1179390 2344.5
1179400 2344.5
1179410 2338.1
1179420 2331.7
1179430 2331.7
1179440 2325.3
1179450 2319.4
1179460 2313.9
1179470 2313.9
1179480 2308.7
1179490 2303.4
1179500 2303.4
1179510 2298.4
1179520 2293.4
1179530 2293.4
1179540 2288.3
1179550 2282.8
1179560 2282.8
1179570 2277.7
1179580 2272.9
1179590 2272.9
1179600 2268.4
1179610 2263.9
1179620 2263.9
1179630 2259.4
1179640 2255.0
1179650 2250.8
1179660 2250.8
1179670 2246.6
1179680 2242.6
1179690 2242.6
1179700 2238.7
1179710 2236.5
1179720 2236.5
1179730 2232.8
1179740 2230.8
1179750 2230.8
1179760 2230.2
1179770 2229.7
1179780 2229.7
1179790 2229.0
1179800 2228.9
1179810 2228.9
1179820 2230.8
1179830 2233.9
1179840 2237.0
1179850 2237.0
1179860 2240.4
1179870 2243.9
1179880 2243.9
1179890 2247.6
1179900 2251.6
1179910 2251.6
1179920 2255.6
1179930 2259.9
1179940 2259.9
1179950 2264.1
1179960 2268.8
1179970 2268.8
1179980 2273.6
1179990 2278.2
