1165030 1366.5
1165040 1366.5
1165050 1364.6
1165060 1360.2
1165070 1355.4
1165080 1355.4
1165090 1350.2
1165100 1343.4
1165110 1343.4
1165120 1335.3
1165130 1329.0
1165140 1329.0
1165150 1324.6
1165160 1322.2
1165170 1322.2
1165180 1319.6
1165190 1316.3
1165200 1316.3
1165210 1312.3
1165220 1307.2
1165230 1301.9
1165240 1296.3
1165250 1289.9
1165260 1284.7
1165270 1284.7
1165280 1282.4
1165290 1280.6
1165300 1280.6
1165310 1276.1
1165320 1270.0
1165330 1270.0
1165340 1263.9
1165350 1258.3
1165360 1258.3
1165370 1252.5
1165380 1246.2
1165390 1246.2
1165400 1239.3
1165410 1231.8
1165420 1231.8
1165430 1224.5
1165440 1217.4
1165450 1217.4
1165460 1209.6
1165470 1200.4
1165480 1190.9
1165490 1190.9
1165500 1182.2
1165510 1174.2
1165520 1174.2
1165530 1166.5
1165540 1158.7
1165550 1158.7
1165560 1151.0
1165570 1143.5
1165580 1143.5
1165590 1136.0
1165600 1127.6
1165610 1127.6
1165620 1115.4
1165630 1105.0
1165640 1105.0
1165650 1094.1
1165660 1083.5
1165670 1074.1
1165680 1074.1
1165690 1066.2
1165700 1059.0
1165710 1059.0
1165720 1052.7
1165730 1047.2
1165740 1047.2
1165750 1040.5
1165760 1035.2
1165770 1035.2
1165780 1033.8
1165790 1032.2
1165800 1032.2
1165810 1028.9
1165820 1025.0
1165830 1025.0
1165840 1023.9
1165850 1023.8
1165860 1023.7
1165870 1023.7
1165880 1024.0
1165890 1030.1
1165900 1030.1
1165910 1045.7
1165920 1062.8
1165930 1062.8
1165940 1080.4
1165950 1089.7
1165960 1089.7
1165970 1098.5
1165980 1109.0
1165990 1109.0
1166000 1119.8
1166010 1125.8
1166020 1125.8
1166030 1132.8
1166040 1129.2
1166050 1127.2
1166060 1127.2
1166070 1127.4
1166080 1127.1
1166090 1127.1
1166100 1130.3
1166110 1137.6
1166120 1137.6
1166130 1143.8
1166140 1146.6
1166150 1146.6
1166160 1150.3
1166170 1155.2
1166180 1155.2
1166190 1157.9
1166200 1161.8
1166210 1161.8
1166220 1167.4
1166230 1175.0
1166240 1180.6
1166250 1180.6
1166260 1186.2
1166270 1189.8
1166280 1189.8
1166290 1194.4
1166300 1197.9
1166310 1197.9
1166320 1202.6
1166330 1208.6
1166340 1208.6
1166350 1215.1
1166360 1222.0
1166370 1222.0
1166380 1229.9
1166390 1237.7
1166400 1237.7
1166410 1244.8
1166420 1250.3
1166430 1258.2
1166440 1258.2
1166450 1266.2
1166460 1273.2
1166470 1273.2
1166480 1280.2
1166490 1286.8
1166500 1286.8
1166510 1292.7
1166520 1298.3
1166530 1298.3
1166540 1305.3
1166550 1309.9
1166560 1309.9
1166570 1310.6
1166580 1312.8
1166590 1312.8
1166600 1321.8
1166610 1328.8
1166620 1335.2
1166630 1335.2
1166640 1340.6
1166650 1344.8
1166660 1344.8
1166670 1348.6
1166680 1352.8
1166690 1352.8
1166700 1356.2
1166710 1358.4
1166720 1358.4
1166730 1360.1
1166740 1361.4
1166750 1361.4
1166760 1362.7
1166770 1363.2
1166780 1363.2
1166790 1364.2
1166800 1367.9
1166810 1370.1
1166820 1370.3
1166830 1370.6
1166840 1371.0
1166850 1371.0
1166860 1372.1
1166870 1373.3
1166880 1373.3
1166890 1376.2
1166900 1377.1
1166910 1377.1
1166920 1378.7
1166930 1380.6
1166940 1380.6
1166950 1382.9
1166960 1385.1
1166970 1385.1
1166980 1386.0
1166990 1387.3
1167000 1388.5
1167010 1388.5
1167020 1388.4
1167030 1389.4
1167040 1389.4
1167050 1390.0
1167060 1390.8
1167070 1390.8
1167080 1391.3
1167090 1392.7
1167100 1392.7
1167110 1394.8
1167120 1396.8
1167130 1396.8
1167140 1398.5
1167150 1399.7
1167160 1399.7
1167170 1400.5
1167180 1400.5
1167190 1400.5
1167200 1400.3
1167210 1400.2
1167220 1399.4
1167230 1399.4
1167240 1399.9
1167250 1400.7
1167260 1400.7
1167270 1401.9
1167280 1403.1
1167290 1403.1
1167300 1404.8
1167310 1406.4
1167320 1406.4
1167330 1407.8
1167340 1409.4
1167350 1409.4
1167360 1411.5
1167370 1414.0
1167380 1414.0
1167390 1416.5
1167400 1418.7
1167410 1419.8
1167420 1419.8
1167430 1421.0
1167440 1422.2
1167450 1422.2
1167460 1423.1
1167470 1423.7
1167480 1423.7
1167490 1425.1
1167500 1427.2
1167510 1427.2
1167520 1429.3
1167530 1431.7
1167540 1431.7
1167550 1433.9
1167560 1435.9
1167570 1435.9
1167580 1437.9
1167590 1439.6
1167600 1440.8
1167610 1440.8
1167620 1443.2
1167630 1443.7
1167640 1443.7
1167650 1444.1
1167660 1444.5
1167670 1444.5
1167680 1444.4
1167690 1443.4
1167700 1443.4
1167710 1441.9
1167720 1440.0
1167730 1440.0
1167740 1438.3
1167750 1437.2
1167760 1437.2
1167770 1434.8
1167780 1430.9
1167790 1425.7
1167800 1425.7
1167810 1420.2
1167820 1414.9
1167830 1414.9
1167840 1409.1
1167850 1402.7
1167860 1402.7
1167870 1396.9
1167880 1391.5
1167890 1391.5
1167900 1387.4
1167910 1384.7
1167920 1384.7
1167930 1382.4
1167940 1379.7
1167950 1379.7
1167960 1376.1
1167970 1373.6
1167980 1370.9
1167990 1370.9
1168000 1367.5
1168010 1365.7
1168020 1366.1
1168030 1362.7
1168040 1359.5
1168050 1359.5
1168060 1356.5
1168070 1354.5
1168080 1354.5
1168090 1353.1
1168100 1351.6
1168110 1351.6
1168120 1350.7
1168130 1349.3
1168140 1349.3
1168150 1347.2
1168160 1344.8
1168170 1342.6
1168180 1342.6
1168190 1340.4
1168200 1338.2
1168210 1338.2
1168220 1335.6
1168230 1332.6
1168240 1332.6
1168250 1327.8
1168260 1322.6
1168270 1322.6
1168280 1316.0
1168290 1311.1
1168300 1311.1
1168310 1307.9
1168320 1305.1
1168330 1305.1
1168340 1303.6
1168350 1305.3
1168360 1305.9
1168370 1305.9
1168380 1306.8
1168390 1308.4
1168400 1308.4
1168410 1313.1
1168420 1312.4
1168430 1312.4
1168440 1315.9
1168450 1318.6
1168460 1318.6
1168470 1321.0
1168480 1322.5
1168490 1322.5
1168500 1323.9
1168510 1325.3
1168520 1325.3
1168530 1326.2
1168540 1327.2
1168550 1328.2
1168560 1328.2
1168570 1329.2
1168580 1330.4
1168590 1330.4
1168600 1331.7
1168610 1332.9
1168620 1332.9
1168630 1333.7
1168640 1334.5
1168650 1334.5
1168660 1335.6
1168670 1336.5
1168680 1336.5
1168690 1337.2
1168700 1338.9
1168710 1338.9
1168720 1339.9
1168730 1340.1
1168740 1340.7
1168750 1340.7
1168760 1341.7
1168770 1342.7
1168780 1342.7
1168790 1343.4
1168800 1344.3
1168810 1344.3
1168820 1345.5
1168830 1346.1
1168840 1346.1
1168850 1347.0
1168860 1347.9
1168870 1347.9
1168880 1348.5
1168890 1350.7
1168900 1350.7
1168910 1351.9
1168920 1352.9
1168930 1353.9
1168940 1353.9
1168950 1355.0
1168960 1355.8
1168970 1355.8
1168980 1356.7
1168990 1357.9
1169000 1357.9
1169010 1359.7
1169020 1360.8
1169030 1360.8
1169040 1362.7
1169050 1363.7
1169060 1363.7
1169070 1364.8
1169080 1365.5
1169090 1365.5
1169100 1368.0
1169110 1369.7
1169120 1369.7
1169130 1370.9
1169140 1371.7
1169150 1372.9
1169160 1372.9
1169170 1373.8
1169180 1374.3
1169190 1374.3
1169200 1375.8
1169210 1377.5
1169220 1377.5
1169230 1378.7
1169240 1379.9
1169250 1379.9
1169260 1382.1
1169270 1382.8
1169280 1382.8
1169290 1384.1
1169300 1386.1
1169310 1386.1
1169320 1387.0
1169330 1387.8
1169340 1389.4
1169350 1389.4
1169360 1390.7
1169370 1392.2
1169380 1392.2
1169390 1393.5
1169400 1395.4
1169410 1395.4
1169420 1396.9
1169430 1398.4
1169440 1398.4
1169450 1399.9
1169460 1402.2
1169470 1402.2
1169480 1403.9
1169490 1406.3
1169500 1406.3
1169510 1407.7
1169520 1410.8
1169530 1412.8
1169540 1412.8
1169550 1415.2
1169560 1420.5
1169570 1420.5
1169580 1423.1
1169590 1419.4
1169600 1419.4
1169610 1417.5
1169620 1422.2
1169630 1422.2
1169640 1420.3
1169650 1421.6
1169660 1421.6
1169670 1424.0
1169680 1426.8
1169690 1426.8
1169700 1430.3
1169710 1431.3
1169720 1432.3
1169730 1432.3
1169740 1433.8
1169750 1434.5
1169760 1434.5
1169770 1437.5
1169780 1444.3
1169790 1444.3
1169800 1451.5
1169810 1461.2
1169820 1461.2
1169830 1473.6
1169840 1482.7
1169850 1482.7
1169860 1499.4
1169870 1514.6
1169880 1514.6
1169890 1523.9
1169900 1526.2
1169910 1528.0
1169920 1528.0
1169930 1530.2
1169940 1533.7
1169950 1533.7
1169960 1538.0
1169970 1541.5
1169980 1541.5
1169990 1543.8
1170000 1545.1
1170010 1545.1
1170020 1554.5
1170030 1555.5
1170040 1555.5
1170050 1556.5
1170060 1558.5
1170070 1558.5
1170080 1560.7
1170090 1563.3
1170100 1566.2
1170110 1566.2
1170120 1568.2
1170130 1570.7
1170140 1570.7
1170150 1574.9
1170160 1578.3
1170170 1578.3
1170180 1579.2
1170190 1580.9
1170200 1580.9
1170210 1583.4
1170220 1586.0
1170230 1586.0
1170240 1589.8
1170250 1593.4
1170260 1593.4
1170270 1596.2
1170280 1597.9
1170290 1598.5
1170300 1598.5
1170310 1598.9
1170320 1597.1
1170330 1597.1
1170340 1593.9
1170350 1597.8
1170360 1597.8
1170370 1596.0
1170380 1592.1
1170390 1592.1
1170400 1591.7
1170410 1592.7
1170420 1601.8
1170430 1602.6
1170440 1599.4
1170450 1599.4
1170460 1598.2
1170470 1599.9
1170480 1606.0
1170490 1606.0
1170500 1608.2
1170510 1605.6
1170520 1605.6
1170530 1607.0
1170540 1610.0
1170550 1610.0
1170560 1607.8
1170570 1604.0
1170580 1604.0
1170590 1599.1
1170600 1601.0
1170610 1601.0
1170620 1603.7
1170630 1604.7
1170640 1604.7
1170650 1605.5
1170660 1606.4
1170670 1609.3
1170680 1609.3
1170690 1613.6
1170700 1619.6
1170710 1619.6
1170720 1626.3
1170730 1632.5
1170740 1632.5
1170750 1638.8
1170760 1644.0
1170770 1644.0
1170780 1645.7
1170790 1647.8
1170800 1647.8
1170810 1654.4
1170820 1665.5
1170830 1665.5
1170840 1674.8
1170850 1684.5
1170860 1693.1
1170870 1693.1
1170880 1701.8
1170890 1709.7
1170900 1709.7
1170910 1716.5
1170920 1721.1
1170930 1721.1
1170940 1722.0
1170950 1723.7
1170960 1723.7
1170970 1727.7
1170980 1732.8
1170990 1732.8
1171000 1737.4
1171010 1738.2
1171020 1738.2
1171030 1741.5
1171040 1749.6
1171050 1759.4
1171060 1759.4
1171070 1768.7
1171080 1776.9
1171090 1776.9
1171100 1784.6
1171110 1791.7
1171120 1791.7
1171130 1799.4
1171140 1806.7
1171150 1806.7
1171160 1815.1
1171170 1822.6
1171180 1822.6
1171190 1830.4
1171200 1838.7
1171210 1838.7
1171220 1847.4
1171230 1855.8
1171240 1855.8
1171250 1864.3
1171260 1871.2
1171270 1878.0
1171280 1878.0
1171290 1884.7
1171300 1891.6
1171310 1891.6
1171320 1899.2
1171330 1907.0
1171340 1907.0
1171350 1915.1
1171360 1924.1
1171370 1924.1
1171380 1931.8
1171390 1937.8
1171400 1937.8
1171410 1943.0
1171420 1948.8
1171430 1948.8
1171440 1955.9
1171450 1963.2
1171460 1970.2
1171470 1970.2
1171480 1976.5
1171490 1982.1
1171500 1982.1
1171510 1986.9
1171520 1991.9
1171530 1991.9
1171540 1996.9
1171550 2001.8
1171560 2001.8
1171570 2006.2
1171580 2009.5
1171590 2009.5
1171600 2012.6
1171610 2017.4
1171620 2017.4
1171630 2021.0
1171640 2027.0
1171650 2033.5
1171660 2033.5
1171670 2039.9
1171680 2046.0
1171690 2046.0
1171700 2051.8
1171710 2057.9
1171720 2057.9
1171730 2063.4
1171740 2068.7
1171750 2068.7
1171760 2073.1
1171770 2075.3
1171780 2075.3
1171790 2076.5
1171800 2078.7
1171810 2078.7
1171820 2081.4
1171830 2084.2
1171840 2086.8
1171850 2086.8
1171860 2088.6
1171870 2089.2
1171880 2089.2
1171890 2090.3
1171900 2091.2
1171910 2091.2
1171920 2091.4
1171930 2092.9
1171940 2092.9
1171950 2096.2
1171960 2100.9
1171970 2100.9
1171980 2107.4
1171990 2113.5
1172000 2113.5
1172010 2118.4
1172020 2122.2
1172030 2120.0
1172040 2120.0
1172050 2123.0
1172060 2125.1
1172070 2125.1
1172080 2127.3
1172090 2129.5
1172100 2129.5
1172110 2132.8
1172120 2136.0
1172130 2136.0
1172140 2140.6
1172150 2145.6
1172160 2145.6
1172170 2150.5
1172180 2155.5
1172190 2155.5
1172200 2161.4
1172210 2167.5
1172220 2172.5
1172230 2172.5
1172240 2176.8
1172250 2179.6
1172260 2179.6
1172270 2180.7
1172280 2181.1
1172290 2181.1
1172300 2179.8
1172310 2178.6
1172320 2178.6
1172330 2178.8
1172340 2178.6
1172350 2178.6
1172360 2180.9
1172370 2185.9
1172380 2185.9
1172390 2191.6
1172400 2197.5
1172410 2203.8
1172420 2203.8
1172430 2210.8
1172440 2218.7
1172450 2218.7
1172460 2226.8
1172470 2234.6
1172480 2234.6
1172490 2242.0
1172500 2248.9
1172510 2248.9
1172520 2255.8
1172530 2262.8
1172540 2262.8
1172550 2269.3
1172560 2275.2
1172570 2275.2
1172580 2280.3
1172590 2286.0
1172600 2291.5
1172610 2291.5
1172620 2296.7
1172630 2301.5
1172640 2301.5
1172650 2306.2
1172660 2312.1
1172670 2312.1
1172680 2318.3
1172690 2323.8
1172700 2323.8
1172710 2329.2
1172720 2334.5
1172730 2334.5
1172740 2339.7
1172750 2344.9
1172760 2344.9
1172770 2350.3
1172780 2355.7
1172790 2361.1
1172800 2361.1
1172810 2366.3
1172820 2371.6
1172830 2371.6
1172840 2374.8
1172850 2379.6
1172860 2379.6
1172870 2383.8
1172880 2388.1
1172890 2388.1
1172900 2392.9
1172910 2398.2
1172920 2398.2
1172930 2403.3
1172940 2407.9
1172950 2407.9
1172960 2412.0
1172970 2415.4
1172980 2418.2
1172990 2418.2
1173000 2420.8
1173010 2424.2
1173020 2424.2
1173030 2427.8
1173040 2432.1
1173050 2432.1
1173060 2436.6
1173070 2440.7
1173080 2440.7
1173090 2444.4
1173100 2447.9
1173110 2447.9
1173120 2451.9
1173130 2456.2
1173140 2456.2
1173150 2460.3
1173160 2464.5
1173170 2464.5
1173180 2468.3
1173190 2471.9
1173200 2474.8
1173210 2474.8
1173220 2478.4
1173230 2482.2
1173240 2482.2
1173250 2488.6
1173260 2494.5
1173270 2494.5
1173280 2499.8
1173290 2505.4
1173300 2505.4
1173310 2511.4
1173320 2517.4
1173330 2517.4
1173340 2522.7
1173350 2527.1
1173360 2527.1
1173370 2532.0
1173380 2536.2
1173390 2539.8
1173400 2539.8
1173410 2543.7
1173420 2547.5
1173430 2547.5
1173440 2550.3
1173450 2552.5
1173460 2552.5
1173470 2554.3
1173480 2556.9
1173490 2556.9
1173500 2560.0
1173510 2563.1
1173520 2563.1
1173530 2566.0
1173540 2569.0
1173550 2569.0
1173560 2572.1
1173570 2574.9
1173580 2577.2
1173590 2577.2
1173600 2579.7
1173610 2581.9
1173620 2581.9
1173630 2584.3
1173640 2587.1
1173650 2587.1
1173660 2591.3
1173670 2593.4
1173680 2593.4
1173690 2595.1
1173700 2597.5
1173710 2597.5
1173720 2600.1
1173730 2602.4
1173740 2602.4
1173750 2604.1
1173760 2605.5
1173770 2607.5
1173780 2607.5
1173790 2609.4
1173800 2610.7
1173810 2610.7
1173820 2612.4
1173830 2613.0
1173840 2613.0
1173850 2611.4
1173860 2608.5
1173870 2608.5
1173880 2605.7
1173890 2604.2
1173900 2604.2
1173910 2603.1
1173920 2601.6
1173930 2601.6
1173940 2599.8
1173950 2598.0
1173960 2595.0
1173970 2595.0
1173980 2591.6
1173990 2588.7
1174000 2588.7
1174010 2586.0
1174020 2584.3
1174030 2584.3
1174040 2582.8
1174050 2581.7
1174060 2575.2
1174070 2573.5
1174080 2571.8
1174090 2571.8
1174100 2569.5
1174110 2567.3
1174120 2567.3
1174130 2565.1
1174140 2562.5
1174150 2559.3
1174160 2559.3
1174170 2555.1
1174180 2550.0
1174190 2550.0
1174200 2545.3
1174210 2541.0
1174220 2541.0
1174230 2538.0
1174240 2535.3
1174250 2535.3
1174260 2531.2
1174270 2527.6
1174280 2527.6
1174290 2523.9
1174300 2519.1
1174310 2519.1
1174320 2513.4
1174330 2508.4
1174340 2504.4
1174350 2504.4
1174360 2500.6
1174370 2496.3
1174380 2496.3
1174390 2493.1
1174400 2490.9
1174410 2490.9
1174420 2490.1
1174430 2492.6
1174440 2492.6
1174450 2495.5
1174460 2497.7
1174470 2490.4
1174480 2491.5
1174490 2491.4
1174500 2491.4
1174510 2490.2
1174520 2488.7
1174530 2489.6
1174540 2489.6
1174550 2492.0
1174560 2494.8
1174570 2494.8
1174580 2498.1
1174590 2502.1
1174600 2502.1
1174610 2506.0
1174620 2509.5
1174630 2509.5
1174640 2513.5
1174650 2517.7
1174660 2517.7
1174670 2521.8
1174680 2526.7
1174690 2526.7
1174700 2531.4
1174710 2534.9
1174720 2538.8
1174730 2538.8
1174740 2543.2
1174750 2547.9
1174760 2547.9
1174770 2552.8
1174780 2557.7
1174790 2557.7
1174800 2562.4
1174810 2566.7
1174820 2566.7
1174830 2570.7
1174840 2575.2
1174850 2575.2
1174860 2580.1
1174870 2584.7
1174880 2579.0
1174890 2584.1
1174900 2590.2
1174910 2594.5
1174920 2594.5
1174930 2597.9
1174940 2600.8
1174950 2600.8
1174960 2604.1
1174970 2606.1
1174980 2606.1
1174990 2606.4
1175000 2603.6
1175010 2603.6
1175020 2598.5
1175030 2593.0
1175040 2593.0
1175050 2587.8
1175060 2583.0
1175070 2583.0
1175080 2577.5
1175090 2572.3
1175100 2572.3
1175110 2567.3
1175120 2562.6
1175130 2557.6
1175140 2557.6
1175150 2552.5
1175160 2548.1
1175170 2548.1
1175180 2544.4
1175190 2540.8
1175200 2540.8
1175210 2537.3
1175220 2534.4
1175230 2534.4
1175240 2531.8
1175250 2529.6
1175260 2529.6
1175270 2527.8
1175280 2526.1
1175290 2523.8
1175300 2522.0
1175310 2519.3
1175320 2517.2
1175330 2517.2
1175340 2515.4
1175350 2513.3
1175360 2513.3
1175370 2510.0
1175380 2504.4
1175390 2504.4
1175400 2498.9
1175410 2494.6
1175420 2494.6
1175430 2491.1
1175440 2487.0
1175450 2487.0
1175460 2482.4
1175470 2479.4
1175480 2479.4
1175490 2477.2
1175500 2475.2
1175510 2473.2
1175520 2473.2
1175530 2471.6
1175540 2470.8
1175550 2470.8
1175560 2469.0
1175570 2468.0
1175580 2468.0
1175590 2467.1
1175600 2466.0
1175610 2466.0
1175620 2465.5
1175630 2464.5
1175640 2464.5
1175650 2463.7
1175660 2463.0
1175670 2463.0
1175680 2462.8
1175690 2460.0
1175700 2462.3
1175710 2462.3
1175720 2464.9
1175730 2466.9
1175740 2466.9
1175750 2468.3
1175760 2468.5
1175770 2468.5
1175780 2467.5
1175790 2466.4
1175800 2466.4
1175810 2465.5
1175820 2466.1
1175830 2466.1
1175840 2466.5
1175850 2466.3
1175860 2466.3
1175870 2466.1
1175880 2466.2
1175890 2466.5
1175900 2466.5
1175910 2467.1
1175920 2467.3
1175930 2467.3
1175940 2468.2
1175950 2469.4
1175960 2469.4
1175970 2470.9
1175980 2473.1
1175990 2473.1
1176000 2475.6
1176010 2478.6
1176020 2478.6
1176030 2480.8
1176040 2482.9
1176050 2482.9
1176060 2485.4
1176070 2488.2
1176080 2491.5
1176090 2491.5
1176100 2492.3
1176110 2496.5
1176120 2496.5
1176130 2500.1
1176140 2503.4
1176150 2503.4
1176160 2506.9
1176170 2510.8
1176180 2510.8
1176190 2515.1
1176200 2519.8
1176210 2519.8
1176220 2524.7
1176230 2529.7
1176240 2529.7
1176250 2534.9
1176260 2540.7
1176270 2547.1
1176280 2547.1
1176290 2552.3
1176300 2554.2
1176310 2554.2
1176320 2554.1
1176330 2555.1
1176340 2555.1
1176350 2556.6
1176360 2558.8
1176370 2558.8
1176380 2562.2
1176390 2563.7
1176400 2563.7
1176410 2564.8
1176420 2567.3
1176430 2567.3
1176440 2568.5
1176450 2569.9
1176460 2572.9
1176470 2572.9
1176480 2576.1
1176490 2580.3
1176500 2580.3
1176510 2587.9
1176520 2595.9
1176530 2595.9
1176540 2604.1
1176550 2611.8
1176560 2611.8
1176570 2618.9
1176580 2624.9
1176590 2624.9
1176600 2631.1
1176610 2638.2
1176620 2638.2
1176630 2644.5
1176640 2649.4
1176650 2653.2
1176660 2653.2
1176670 2655.1
1176680 2657.5
1176690 2657.5
1176700 2659.8
1176710 2661.4
1176720 2661.4
1176730 2663.6
1176740 2665.7
1176750 2665.7
1176760 2667.3
1176770 2669.6
1176780 2669.6
1176790 2672.6
1176800 2674.2
1176810 2674.2
1176820 2675.0
1176830 2675.0
1176840 2675.4
1176850 2675.4
1176860 2675.1
1176870 2673.1
1176880 2673.1
1176890 2669.1
1176900 2664.2
1176910 2664.2
1176920 2660.3
1176930 2653.2
1176940 2653.2
1176950 2647.7
1176960 2640.3
1176970 2640.3
1176980 2632.5
1176990 2625.1
1177000 2625.1
1177010 2617.6
1177020 2610.2
1177030 2603.3
1177040 2603.3
1177050 2597.2
1177060 2591.2
1177070 2591.2
1177080 2583.6
1177090 2575.8
1177100 2575.8
1177110 2568.6
1177120 2562.1
1177130 2562.1
1177140 2555.9
1177150 2549.9
1177160 2549.9
1177170 2544.6
1177180 2538.3
1177190 2538.3
1177200 2530.7
1177210 2523.3
1177220 2523.3
1177230 2515.9
1177240 2509.0
1177250 2501.9
1177260 2501.9
1177270 2494.5
1177280 2487.2
1177290 2487.2
1177300 2480.1
1177310 2473.5
1177320 2473.5
1177330 2466.8
1177340 2460.5
1177350 2460.5
1177360 2454.0
1177370 2446.9
1177380 2446.9
1177390 2438.7
1177400 2430.9
1177410 2430.9
1177420 2423.7
1177430 2417.0
1177440 2410.6
1177450 2410.6
1177460 2404.1
1177470 2398.1
1177480 2398.1
1177490 2392.6
1177500 2386.9
1177510 2386.9
1177520 2381.2
1177530 2376.0
1177540 2376.0
1177550 2371.0
1177560 2366.3
1177570 2366.3
1177580 2361.8
1177590 2357.4
1177600 2357.4
1177610 2353.2
1177620 2348.9
1177630 2344.6
1177640 2344.6
1177650 2340.3
1177660 2336.2
1177670 2336.2
1177680 2332.5
1177690 2329.0
1177700 2329.0
1177710 2325.9
1177720 2323.1
1177730 2323.1
1177740 2320.3
1177750 2318.8
1177760 2318.8
1177770 2315.1
1177780 2310.4
1177790 2310.4
1177800 2306.9
1177810 2303.9
1177820 2300.7
1177830 2300.7
1177840 2296.5
1177850 2292.4
1177860 2292.4
1177870 2289.9
1177880 2288.7
1177890 2288.7
1177900 2288.5
1177910 2286.9
1177920 2286.9
1177930 2285.3
1177940 2285.4
1177950 2285.4
1177960 2286.0
1177970 2285.6
1177980 2285.6
1177990 2284.5
1178000 2282.5
1178010 2279.8
1178020 2279.8
1178030 2278.3
1178040 2276.8
1178050 2276.8
1178060 2274.2
1178070 2271.1
1178080 2271.1
1178090 2269.4
1178100 2269.2
1178110 2269.2
1178120 2270.3
1178130 2270.8
1178140 2270.8
1178150 2270.4
1178160 2275.8
1178170 2275.8
1178180 2274.5
1178190 2272.2
1178200 2268.8
1178210 2268.8
1178220 2266.2
1178230 2264.6
1178240 2264.6
1178250 2261.4
1178260 2262.2
1178270 2262.2
1178280 2260.6
1178290 2255.1
1178300 2255.1
1178310 2250.0
1178320 2248.7
1178330 2248.7
1178340 2247.6
1178350 2243.9
1178360 2243.9
1178370 2238.7
1178380 2233.0
1178390 2228.2
1178400 2228.2
1178410 2225.8
1178420 2224.1
1178430 2224.1
1178440 2220.3
1178450 2215.9
1178460 2215.9
1178470 2212.8
1178480 2210.2
1178490 2210.2
1178500 2208.4
1178510 2207.6
1178520 2207.6
1178530 2205.4
1178540 2202.7
1178550 2202.7
1178560 2200.5
1178570 2202.0
1178580 2198.6
1178590 2198.6
1178600 2194.1
1178610 2188.9
1178620 2188.9
1178630 2184.3
1178640 2180.0
1178650 2180.0
1178660 2176.4
1178670 2174.1
1178680 2174.1
1178690 2171.0
1178700 2167.5
1178710 2167.5
1178720 2163.2
1178730 2158.7
1178740 2158.7
1178750 2154.3
1178760 2149.5
1178770 2143.7
1178780 2143.7
1178790 2137.3
1178800 2130.0
1178810 2130.0
1178820 2122.9
1178830 2115.8
1178840 2115.8
1178850 2110.6
1178860 2107.3
1178870 2107.3
1178880 2103.3
1178890 2098.2
1178900 2098.2
1178910 2091.9
1178920 2085.1
1178930 2085.1
1178940 2078.3
1178950 2071.5
1178960 2066.1
1178970 2066.1
1178980 2062.8
1178990 2060.9
1179000 2060.9
1179010 2056.0
1179020 2053.3
1179030 2053.3
1179040 2048.0
1179050 2041.3
1179060 2041.3
1179070 2034.9
1179080 2030.4
1179090 2030.4
1179100 2027.0
1179110 2022.5
1179120 2022.5
1179130 2017.7
1179140 2015.4
1179150 2015.4
1179160 2014.7
1179170 2015.4
1179180 2017.4
1179190 2017.4
1179200 2020.4
1179210 2024.1
1179220 2024.1
1179230 2028.0
1179240 2031.9
1179250 2031.9
1179260 2035.9
1179270 2039.8
1179280 2039.8
1179290 2043.8
1179300 2047.8
1179310 2047.8
1179320 2052.0
1179330 2056.5
1179340 2056.5
1179350 2061.4
1179360 2066.5
1179370 2072.0
1179380 2072.0
1179390 2077.8
1179400 2085.4
1179410 2085.4
1179420 2091.9
1179430 2097.8
1179440 2097.8
1179450 2103.9
1179460 2110.0
1179470 2110.0
1179480 2116.2
1179490 2122.5
1179500 2122.5
1179510 2128.8
1179520 2135.0
1179530 2135.0
1179540 2141.0
1179550 2147.3
1179560 2153.9
1179570 2153.9
1179580 2160.9
1179590 2168.2
1179600 2168.2
1179610 2175.5
1179620 2182.9
1179630 2182.9
1179640 2190.0
1179650 2197.2
1179660 2197.2
1179670 2204.3
1179680 2212.0
1179690 2212.0
1179700 2219.5
1179710 2227.4
1179720 2227.4
1179730 2235.9
1179740 2245.0
1179750 2255.6
1179760 2255.6
1179770 2268.5
1179780 2278.2
1179790 2278.2
1179800 2284.0
1179810 2296.1
1179820 2296.1
1179830 2305.9
1179840 2316.6
1179850 2316.6
1179860 2328.3
1179870 2337.0
1179880 2337.0
1179890 2344.0
1179900 2350.8
1179910 2350.8
1179920 2355.6
1179930 2364.9
1179940 2379.3
1179950 2379.3
1179960 2391.0
1179970 2400.6
1179980 2400.6
1179990 2408.8
