1164630 1165.5
1164640 1164.9
1164650 1164.9
1164660 1163.4
1164670 1162.6
1164680 1162.6
1164690 1161.9
1164700 1161.2
1164710 1161.2
1164720 1160.3
1164730 1161.0
1164740 1163.1
1164750 1163.1
1164760 1161.6
1164770 1153.0
1164780 1153.0
1164790 1149.9
1164800 1146.0
1164810 1146.0
1164820 1142.2
1164830 1139.5
1164840 1139.5
1164850 1138.9
1164860 1138.5
1164870 1138.5
1164880 1137.7
1164890 1137.7
1164900 1137.7
1164910 1136.9
1164920 1134.4
1164930 1132.3
1164940 1132.3
1164950 1132.3
1164960 1132.8
1164970 1132.8
1164980 1133.2
1164990 1133.3
1165000 1133.3
1165010 1134.0
1165020 1135.2
1165030 1135.2
1165040 1136.1
1165050 1134.3
1165060 1134.3
1165070 1129.3
1165080 1123.4
1165090 1123.4
1165100 1117.9
1165110 1114.2
1165120 1110.5
1165130 1110.5
1165140 1103.4
1165150 1095.1
1165160 1091.2
1165170 1083.7
1165180 1078.3
1165190 1078.3
1165200 1073.9
1165210 1069.8
1165220 1069.8
1165230 1065.5
1165240 1061.1
1165250 1061.1
1165260 1058.1
1165270 1055.0
1165280 1055.0
1165290 1052.8
1165300 1049.4
1165310 1046.5
1165320 1046.5
1165330 1043.7
1165340 1040.4
1165350 1040.4
1165360 1036.3
1165370 1033.2
1165380 1033.2
1165390 1031.5
1165400 1030.1
1165410 1030.1
1165420 1028.0
1165430 1026.6
1165440 1026.6
1165450 1026.5
1165460 1026.4
1165470 1026.4
1165480 1026.3
1165490 1026.2
1165500 1026.2
1165510 1026.2
1165520 1027.0
1165530 1029.0
1165540 1029.0
1165550 1030.0
1165560 1031.1
1165570 1031.1
1165580 1031.3
1165590 1031.1
1165600 1031.1
1165610 1030.9
1165620 1030.8
1165630 1030.8
1165640 1030.7
1165650 1030.5
1165660 1030.5
1165670 1030.3
1165680 1030.2
1165690 1030.1
1165700 1030.1
1165710 1030.0
1165720 1029.9
1165730 1029.9
1165740 1029.9
1165750 1029.9
1165760 1029.9
1165770 1030.4
1165780 1033.6
1165790 1033.6
1165800 1038.7
1165810 1044.3
1165820 1044.3
1165830 1048.9
1165840 1053.0
1165850 1053.0
1165860 1057.3
1165870 1060.8
1165880 1060.8
1165890 1065.0
1165900 1069.8
1165910 1074.9
1165920 1074.9
1165930 1080.6
1165940 1086.3
1165950 1089.1
1165960 1094.2
1165970 1096.3
1165980 1096.3
1165990 1099.4
1166000 1103.5
1166010 1103.5
1166020 1107.4
1166030 1110.3
1166040 1110.3
1166050 1113.3
1166060 1117.4
1166070 1117.4
1166080 1122.9
1166090 1127.3
1166100 1129.3
1166110 1129.3
1166120 1130.2
1166130 1132.7
1166140 1132.7
1166150 1133.9
1166160 1135.3
1166170 1135.3
1166180 1138.3
1166190 1142.5
1166200 1142.5
1166210 1148.9
1166220 1155.5
1166230 1155.5
1166240 1161.9
1166250 1168.5
1166260 1168.5
1166270 1176.0
1166280 1183.3
1166290 1189.2
1166300 1189.2
1166310 1195.2
1166320 1201.6
1166330 1201.6
1166340 1207.7
1166350 1212.7
1166360 1212.7
1166370 1218.0
1166380 1222.6
1166390 1222.6
1166400 1227.1
1166410 1231.8
1166420 1231.8
1166430 1237.7
1166440 1240.8
1166450 1240.8
1166460 1246.9
1166470 1255.3
1166480 1262.6
1166490 1262.6
1166500 1271.0
1166510 1279.2
1166520 1279.2
1166530 1283.9
1166540 1286.6
1166550 1286.6
1166560 1290.3
1166570 1296.1
1166580 1296.1
1166590 1301.8
1166600 1308.5
1166610 1308.5
1166620 1316.7
1166630 1323.4
1166640 1323.4
1166650 1327.6
1166660 1332.1
1166670 1335.3
1166680 1335.3
1166690 1338.0
1166700 1342.3
1166710 1342.3
1166720 1347.5
1166730 1352.9
1166740 1352.9
1166750 1358.3
1166760 1361.9
1166770 1361.9
1166780 1364.7
1166790 1367.0
1166800 1367.0
1166810 1369.2
1166820 1371.2
1166830 1371.2
1166840 1373.2
1166850 1376.0
1166860 1379.6
1166870 1379.6
1166880 1383.3
1166890 1387.0
1166900 1387.0
1166910 1390.6
1166920 1394.2
1166930 1394.2
1166940 1398.3
1166950 1403.1
1166960 1403.1
1166970 1406.8
1166980 1410.3
1166990 1410.3
1167000 1415.0
1167010 1420.5
1167020 1420.5
1167030 1427.3
1167040 1433.7
1167050 1438.3
1167060 1438.3
1167070 1441.5
1167080 1443.7
1167090 1443.7
1167100 1445.0
1167110 1445.0
1167120 1445.0
1167130 1442.9
1167140 1440.7
1167150 1440.0
1167160 1440.9
1167170 1442.9
1167180 1442.9
1167190 1445.4
1167200 1447.5
1167210 1447.5
1167220 1448.9
1167230 1450.7
1167240 1451.7
1167250 1451.7
1167260 1451.9
1167270 1451.0
1167280 1451.0
1167290 1449.6
1167300 1448.5
1167310 1448.5
1167320 1447.5
1167330 1447.2
1167340 1447.2
1167350 1446.8
1167360 1446.6
1167370 1446.6
1167380 1447.1
1167390 1448.4
1167400 1448.4
1167410 1449.6
1167420 1450.2
1167430 1450.4
1167440 1450.4
1167450 1450.7
1167460 1451.0
1167470 1451.0
1167480 1451.2
1167490 1451.3
1167500 1451.3
1167510 1451.4
1167520 1451.6
1167530 1451.6
1167540 1455.4
1167550 1455.8
1167560 1455.8
1167570 1456.2
1167580 1456.5
1167590 1456.5
1167600 1456.8
1167610 1457.4
1167620 1458.1
1167630 1458.1
1167640 1458.8
1167650 1459.2
1167660 1459.2
1167670 1459.6
1167680 1460.2
1167690 1460.2
1167700 1460.6
1167710 1460.8
1167720 1460.8
1167730 1460.5
1167740 1460.1
1167750 1460.1
1167760 1459.7
1167770 1459.1
1167780 1459.1
1167790 1458.3
1167800 1457.7
1167810 1457.1
1167820 1457.1
1167830 1456.5
1167840 1455.7
1167850 1455.7
1167860 1454.5
1167870 1452.9
1167880 1452.9
1167890 1451.2
1167900 1449.4
1167910 1449.4
1167920 1447.4
1167930 1445.5
1167940 1447.5
1167950 1445.1
1167960 1442.6
1167970 1442.6
1167980 1439.7
1167990 1437.1
1168000 1433.8
1168010 1433.8
1168020 1430.5
1168030 1428.2
1168040 1428.2
1168050 1426.0
1168060 1423.3
1168070 1423.3
1168080 1420.3
1168090 1417.4
1168100 1417.4
1168110 1414.6
1168120 1411.2
1168130 1411.2
1168140 1407.3
1168150 1403.4
1168160 1403.4
1168170 1399.4
1168180 1395.7
1168190 1395.7
1168200 1392.2
1168210 1388.7
1168220 1383.6
1168230 1383.6
1168240 1378.8
1168250 1374.1
1168260 1374.1
1168270 1370.2
1168280 1367.8
1168290 1367.8
1168300 1365.4
1168310 1362.9
1168320 1362.9
1168330 1360.6
1168340 1359.8
1168350 1359.8
1168360 1357.1
1168370 1354.6
1168380 1354.6
1168390 1352.2
1168400 1349.5
1168410 1347.3
1168420 1347.3
1168430 1345.2
1168440 1342.7
1168450 1342.7
1168460 1340.5
1168470 1338.3
1168480 1338.3
1168490 1335.7
1168500 1332.3
1168510 1332.3
1168520 1327.7
1168530 1324.8
1168540 1324.8
1168550 1323.9
1168560 1322.9
1168570 1322.9
1168580 1322.7
1168590 1322.9
1168600 1322.8
1168610 1322.8
1168620 1322.6
1168630 1323.2
1168640 1323.2
1168650 1325.0
1168660 1326.0
1168670 1326.0
1168680 1326.9
1168690 1328.1
1168700 1328.1
1168710 1329.9
1168720 1331.3
1168730 1331.3
1168740 1331.8
1168750 1333.7
1168760 1333.7
1168770 1334.6
1168780 1335.5
1168790 1336.5
1168800 1336.5
1168810 1337.6
1168820 1339.6
1168830 1339.6
1168840 1340.6
1168850 1340.9
1168860 1340.9
1168870 1341.8
1168880 1341.6
1168890 1341.6
1168900 1342.8
1168910 1347.4
1168920 1347.4
1168930 1350.3
1168940 1351.4
1168950 1351.4
1168960 1353.0
1168970 1354.7
1168980 1354.8
1168990 1354.8
1169000 1353.5
1169010 1352.0
1169020 1352.0
1169030 1351.2
1169040 1350.6
1169050 1350.6
1169060 1350.3
1169070 1350.2
1169080 1350.2
1169090 1350.5
1169100 1350.9
1169110 1350.9
1169120 1350.4
1169130 1350.6
1169140 1349.6
1169150 1351.4
1169160 1352.0
1169170 1352.0
1169180 1352.0
1169190 1351.6
1169200 1351.3
1169210 1351.3
1169220 1351.7
1169230 1351.8
1169240 1351.8
1169250 1352.1
1169260 1352.3
1169270 1352.3
1169280 1352.8
1169290 1353.1
1169300 1353.1
1169310 1353.7
1169320 1354.3
1169330 1354.3
1169340 1354.9
1169350 1355.2
1169360 1355.6
1169370 1355.6
1169380 1357.3
1169390 1358.4
1169400 1358.4
1169410 1360.1
1169420 1363.5
1169430 1363.5
1169440 1368.3
1169450 1374.3
1169460 1374.3
1169470 1379.3
1169480 1386.2
1169490 1386.2
1169500 1392.9
1169510 1396.6
1169520 1396.6
1169530 1400.0
1169540 1400.4
1169550 1402.7
1169560 1402.7
1169570 1405.1
1169580 1407.7
1169590 1407.7
1169600 1410.3
1169610 1413.5
1169620 1413.5
1169630 1417.5
1169640 1423.6
1169650 1423.6
1169660 1431.0
1169670 1436.7
1169680 1436.7
1169690 1441.8
1169700 1447.6
1169710 1447.6
1169720 1454.4
1169730 1460.7
1169740 1464.7
1169750 1464.7
1169760 1470.9
1169770 1478.5
1169780 1478.5
1169790 1485.5
1169800 1490.5
1169810 1490.5
1169820 1495.6
1169830 1503.2
1169840 1503.2
1169850 1508.6
1169860 1511.9
1169870 1511.9
1169880 1514.3
1169890 1517.0
1169900 1517.0
1169910 1520.9
1169920 1525.7
1169930 1531.1
1169940 1531.1
1169950 1532.5
1169960 1534.9
1169970 1534.9
1169980 1536.9
1169990 1540.4
1170000 1540.4
1170010 1544.1
1170020 1548.1
1170030 1548.1
1170040 1552.5
1170050 1554.5
1170060 1554.5
1170070 1554.8
1170080 1555.6
1170090 1555.6
1170100 1557.0
1170110 1558.3
1170120 1561.7
1170130 1561.7
1170140 1563.4
1170150 1563.9
1170160 1563.9
1170170 1565.3
1170180 1566.8
1170190 1566.8
1170200 1570.6
1170210 1574.7
1170220 1574.7
1170230 1578.9
1170240 1583.8
1170250 1583.8
1170260 1587.6
1170270 1588.2
1170280 1588.2
1170290 1587.5
1170300 1587.4
1170310 1590.2
1170320 1590.2
1170330 1596.7
1170340 1604.6
1170350 1603.0
1170360 1611.9
1170370 1616.6
1170380 1616.6
1170390 1619.4
1170400 1620.6
1170410 1620.6
1170420 1623.6
1170430 1628.4
1170440 1628.4
1170450 1633.9
1170460 1641.1
1170470 1641.1
1170480 1649.6
1170490 1657.4
1170500 1657.4
1170510 1663.8
1170520 1668.1
1170530 1672.0
1170540 1672.0
1170550 1674.8
1170560 1678.3
1170570 1678.3
1170580 1683.4
1170590 1689.3
1170600 1689.3
1170610 1695.9
1170620 1703.4
1170630 1703.4
1170640 1711.8
1170650 1721.3
1170660 1721.3
1170670 1728.9
1170680 1733.7
1170690 1733.7
1170700 1737.1
1170710 1738.9
1170720 1740.3
1170730 1740.3
1170740 1742.0
1170750 1742.5
1170760 1742.5
1170770 1746.0
1170780 1749.9
1170790 1749.9
1170800 1754.4
1170810 1759.8
1170820 1759.8
1170830 1765.0
1170840 1770.1
1170850 1770.1
1170860 1775.4
1170870 1780.5
1170880 1780.5
1170890 1784.5
1170900 1787.1
1170910 1788.3
1170920 1788.3
1170930 1789.2
1170940 1792.2
1170950 1792.2
1170960 1796.0
1170970 1798.2
1170980 1798.2
1170990 1799.8
1171000 1800.3
1171010 1800.3
1171020 1799.0
1171030 1798.3
1171040 1798.3
1171050 1799.4
1171060 1803.1
1171070 1803.1
1171080 1804.6
1171090 1805.0
1171100 1807.0
1171110 1807.0
1171120 1809.3
1171130 1810.4
1171140 1810.4
1171150 1805.2
1171160 1807.2
1171170 1807.2
1171180 1809.6
1171190 1812.7
1171200 1812.7
1171210 1817.9
1171220 1823.5
1171230 1823.5
1171240 1829.3
1171250 1834.6
1171260 1834.6
1171270 1839.2
1171280 1844.4
1171290 1848.9
1171300 1848.9
1171310 1852.7
1171320 1856.4
1171330 1856.4
1171340 1859.7
1171350 1862.3
1171360 1862.3
1171370 1865.3
1171380 1868.0
1171390 1868.0
1171400 1870.7
1171410 1872.8
1171420 1872.8
1171430 1871.8
1171440 1870.0
1171450 1870.0
1171460 1869.5
1171470 1869.7
1171480 1871.1
1171490 1871.1
1171500 1872.7
1171510 1875.1
1171520 1875.1
1171530 1876.9
1171540 1877.7
1171550 1877.7
1171560 1883.5
1171570 1888.3
1171580 1888.3
1171590 1892.6
1171600 1896.7
1171610 1896.7
1171620 1900.6
1171630 1904.2
1171640 1904.2
1171650 1908.0
1171660 1910.0
1171670 1908.9
1171680 1908.9
1171690 1905.5
1171700 1904.2
1171710 1904.2
1171720 1903.9
1171730 1901.8
1171740 1901.8
1171750 1899.3
1171760 1900.1
1171770 1900.1
1171780 1902.3
1171790 1905.9
1171800 1905.9
1171810 1910.6
1171820 1913.9
1171830 1913.9
1171840 1916.0
1171850 1916.4
1171860 1916.5
1171870 1916.5
1171880 1916.4
1171890 1916.4
1171900 1916.4
1171910 1918.2
1171920 1923.3
1171930 1923.3
1171940 1931.0
1171950 1938.7
1171960 1937.6
1171970 1943.8
1171980 1949.5
1171990 1949.5
1172000 1954.4
1172010 1958.9
1172020 1958.9
1172030 1963.7
1172040 1969.6
1172050 1976.0
1172060 1976.0
1172070 1981.4
1172080 1987.1
1172090 1987.1
1172100 1992.8
1172110 1997.4
1172120 1997.4
1172130 2001.9
1172140 2006.9
1172150 2006.9
1172160 2012.4
1172170 2017.3
1172180 2017.3
1172190 2020.8
1172200 2024.2
1172210 2024.2
1172220 2027.1
1172230 2029.7
1172240 2031.5
1172250 2031.5
1172260 2035.2
1172270 2040.5
1172280 2040.5
1172290 2044.9
1172300 2049.4
1172310 2049.4
1172320 2053.2
1172330 2057.0
1172340 2057.0
1172350 2060.7
1172360 2058.2
1172370 2058.2
1172380 2062.5
1172390 2066.2
1172400 2066.2
1172410 2067.9
1172420 2072.1
1172430 2078.7
1172440 2078.7
1172450 2085.8
1172460 2093.5
1172470 2093.5
1172480 2101.2
1172490 2107.4
1172500 2107.4
1172510 2114.4
1172520 2121.3
1172530 2121.3
1172540 2128.6
1172550 2135.9
1172560 2135.9
1172570 2142.9
1172580 2149.1
1172590 2149.1
1172600 2155.1
1172610 2162.4
1172620 2169.1
1172630 2169.1
1172640 2175.8
1172650 2182.7
1172660 2182.7
1172670 2189.5
1172680 2196.6
1172690 2196.6
1172700 2204.0
1172710 2211.4
1172720 2211.4
1172730 2217.6
1172740 2223.9
1172750 2223.9
1172760 2230.7
1172770 2239.0
1172780 2239.0
1172790 2244.7
1172800 2250.1
1172810 2250.1
1172820 2256.0
1172830 2263.3
1172840 2270.0
1172850 2270.0
1172860 2276.0
1172870 2281.5
1172880 2281.5
1172890 2287.0
1172900 2292.9
1172910 2292.9
1172920 2298.8
1172930 2304.6
1172940 2304.6
1172950 2310.5
1172960 2316.2
1172970 2316.2
1172980 2321.9
1172990 2327.7
1173000 2327.7
1173010 2333.6
1173020 2339.7
1173030 2346.3
1173040 2346.3
1173050 2352.7
1173060 2358.5
1173070 2358.5
1173080 2364.1
1173090 2369.4
1173100 2369.4
1173110 2374.6
1173120 2379.8
1173130 2379.8
1173140 2384.8
1173150 2390.6
1173160 2390.6
1173170 2393.8
1173180 2400.6
1173190 2400.6
1173200 2407.2
1173210 2413.4
1173220 2419.7
1173230 2419.7
1173240 2426.4
1173250 2433.4
1173260 2433.4
1173270 2440.7
1173280 2447.6
1173290 2447.6
1173300 2453.8
1173310 2459.5
1173320 2459.5
1173330 2464.4
1173340 2469.5
1173350 2469.5
1173360 2475.0
1173370 2480.7
1173380 2480.7
1173390 2486.5
1173400 2492.2
1173410 2497.6
1173420 2497.6
1173430 2502.9
1173440 2507.9
1173450 2507.9
1173460 2513.2
1173470 2518.7
1173480 2518.7
1173490 2523.6
1173500 2527.7
1173510 2527.7
1173520 2531.1
1173530 2534.7
1173540 2534.7
1173550 2539.4
1173560 2539.8
1173570 2539.8
1173580 2534.0
1173590 2530.3
1173600 2528.3
1173610 2528.3
1173620 2525.7
1173630 2521.8
1173640 2521.8
1173650 2518.0
1173660 2514.2
1173670 2514.2
1173680 2510.1
1173690 2505.3
1173700 2505.3
1173710 2500.6
1173720 2496.1
1173730 2496.1
1173740 2491.6
1173750 2487.0
1173760 2487.0
1173770 2482.1
1173780 2477.5
1173790 2474.1
1173800 2474.1
1173810 2471.6
1173820 2469.3
1173830 2469.3
1173840 2466.6
1173850 2464.2
1173860 2464.2
1173870 2462.7
1173880 2460.7
1173890 2460.7
1173900 2458.4
1173910 2458.1
1173920 2458.1
1173930 2457.8
1173940 2457.8
1173950 2457.8
1173960 2457.7
1173970 2457.2
1173980 2456.5
1173990 2452.2
1174000 2450.9
1174010 2449.0
1174020 2449.0
1174030 2447.2
1174040 2445.3
1174050 2445.3
1174060 2443.1
1174070 2440.4
1174080 2440.4
1174090 2437.0
1174100 2433.0
1174110 2433.0
1174120 2428.6
1174130 2424.0
1174140 2424.0
1174150 2419.3
1174160 2414.0
1174170 2408.4
1174180 2408.4
1174190 2403.3
1174200 2398.1
1174210 2398.1
1174220 2392.3
1174230 2386.1
1174240 2386.1
1174250 2380.1
1174260 2374.3
1174270 2374.3
1174280 2368.2
1174290 2361.7
1174300 2361.7
1174310 2355.8
1174320 2350.6
1174330 2350.6
1174340 2346.9
1174350 2345.9
1174360 2344.4
1174370 2344.4
1174380 2339.6
1174390 2328.9
1174400 2328.9
1174410 2325.3
1174420 2323.2
1174430 2323.2
1174440 2320.8
1174450 2314.9
1174460 2314.9
1174470 2308.2
1174480 2303.1
1174490 2303.1
1174500 2304.4
1174510 2308.7
1174520 2308.7
1174530 2315.0
1174540 2320.7
1174550 2325.3
1174560 2325.3
1174570 2328.8
1174580 2333.6
1174590 2333.6
1174600 2338.1
1174610 2343.4
1174620 2343.4
1174630 2348.9
1174640 2353.5
1174650 2353.5
1174660 2357.9
1174670 2362.0
1174680 2362.0
1174690 2365.8
1174700 2369.2
1174710 2369.2
1174720 2373.9
1174730 2379.3
1174740 2385.5
1174750 2385.5
1174760 2391.5
1174770 2396.0
1174780 2396.0
1174790 2399.6
1174800 2398.7
1174810 2398.7
1174820 2403.1
1174830 2407.5
1174840 2407.5
1174850 2411.3
1174860 2415.7
1174870 2415.7
1174880 2420.0
1174890 2423.8
1174900 2423.8
1174910 2426.5
1174920 2428.8
1174930 2431.0
1174940 2431.0
1174950 2432.1
1174960 2432.0
1174970 2432.0
1174980 2431.1
1174990 2429.4
1175000 2429.4
1175010 2426.5
1175020 2423.1
1175030 2423.1
1175040 2419.4
1175050 2415.7
1175060 2415.7
1175070 2411.8
1175080 2407.4
1175090 2407.4
1175100 2403.2
1175110 2398.9
1175120 2398.9
1175130 2395.0
1175140 2391.4
1175150 2388.3
1175160 2388.3
1175170 2386.6
1175180 2384.7
1175190 2384.7
1175200 2384.6
1175210 2382.4
1175220 2382.4
1175230 2382.3
1175240 2380.6
1175250 2380.6
1175260 2380.9
1175270 2381.8
1175280 2381.8
1175290 2381.5
1175300 2380.4
1175310 2380.4
1175320 2378.6
1175330 2376.5
1175340 2374.5
1175350 2374.5
1175360 2372.8
1175370 2371.0
1175380 2371.0
1175390 2368.6
1175400 2366.0
1175410 2366.0
1175420 2364.0
1175430 2362.1
1175440 2362.1
1175450 2359.9
1175460 2356.1
1175470 2356.1
1175480 2353.2
1175490 2352.6
1175500 2352.6
1175510 2350.2
1175520 2348.6
1175530 2347.4
1175540 2347.4
1175550 2344.9
1175560 2344.0
1175570 2344.0
1175580 2342.5
1175590 2341.0
1175600 2341.0
1175610 2339.0
1175620 2331.5
1175630 2331.5
1175640 2329.7
1175650 2329.3
1175660 2329.3
1175670 2328.8
1175680 2327.6
1175690 2327.6
1175700 2328.2
1175710 2328.5
1175720 2326.7
1175730 2326.7
1175740 2325.3
1175750 2324.1
1175760 2324.1
1175770 2323.2
1175780 2323.2
1175790 2323.2
1175800 2328.1
1175810 2333.7
1175820 2333.7
1175830 2338.4
1175840 2342.6
1175850 2342.6
1175860 2346.8
1175870 2351.0
1175880 2351.0
1175890 2355.9
1175900 2360.5
1175910 2365.0
1175920 2365.0
1175930 2370.1
1175940 2375.4
1175950 2375.4
1175960 2381.4
1175970 2387.4
1175980 2387.4
1175990 2393.4
1176000 2399.5
1176010 2399.5
1176020 2405.6
1176030 2411.3
1176040 2411.3
1176050 2417.2
1176060 2422.9
1176070 2422.9
1176080 2428.4
1176090 2434.4
1176100 2440.9
1176110 2440.9
1176120 2447.7
1176130 2453.4
1176140 2453.4
1176150 2456.7
1176160 2458.3
1176170 2458.3
1176180 2460.4
1176190 2462.8
1176200 2462.8
1176210 2465.9
1176220 2468.5
1176230 2468.5
1176240 2468.7
1176250 2469.3
1176260 2469.3
1176270 2471.4
1176280 2474.8
1176290 2479.1
1176300 2479.1
1176310 2483.9
1176320 2488.6
1176330 2488.6
1176340 2493.0
1176350 2497.2
1176360 2497.2
1176370 2501.3
1176380 2505.4
1176390 2505.4
1176400 2509.7
1176410 2514.2
1176420 2514.2
1176430 2518.9
1176440 2527.0
1176450 2527.0
1176460 2531.9
1176470 2537.2
1176480 2544.5
1176490 2544.5
1176500 2552.2
1176510 2559.3
1176520 2559.3
1176530 2566.5
1176540 2573.6
1176550 2573.6
1176560 2580.2
1176570 2586.8
1176580 2586.8
1176590 2593.7
1176600 2600.5
1176610 2600.5
1176620 2606.5
1176630 2613.0
1176640 2613.0
1176650 2619.7
1176660 2626.6
1176670 2634.5
1176680 2634.5
1176690 2641.1
1176700 2646.6
1176710 2646.6
1176720 2652.9
1176730 2659.5
1176740 2659.5
1176750 2665.0
1176760 2662.4
1176770 2662.4
1176780 2656.2
1176790 2650.9
1176800 2650.9
1176810 2645.7
1176820 2639.2
1176830 2639.2
1176840 2633.1
1176850 2627.0
1176860 2624.1
1176870 2624.1
1176880 2620.7
1176890 2615.2
1176900 2615.2
1176910 2609.7
1176920 2603.9
1176930 2603.9
1176940 2597.0
1176950 2590.6
1176960 2590.6
1176970 2584.4
1176980 2578.2
1176990 2578.2
1177000 2570.9
1177010 2561.8
1177020 2561.8
1177030 2552.5
1177040 2544.3
1177050 2536.7
1177060 2536.7
1177070 2529.0
1177080 2521.5
1177090 2521.5
1177100 2514.5
1177110 2507.7
1177120 2507.7
1177130 2500.7
1177140 2493.7
1177150 2493.7
1177160 2487.7
1177170 2483.0
1177180 2483.0
1177190 2479.9
1177200 2477.6
1177210 2477.6
1177220 2474.6
1177230 2472.6
1177240 2472.5
1177250 2472.5
1177260 2473.3
1177270 2469.0
1177280 2469.0
1177290 2463.8
1177300 2458.3
1177310 2458.3
1177320 2454.7
1177330 2453.3
1177340 2453.3
1177350 2451.9
1177360 2449.9
1177370 2449.9
1177380 2446.8
1177390 2443.5
1177400 2443.5
1177410 2441.7
1177420 2440.1
1177430 2438.0
1177440 2438.0
1177450 2436.6
1177460 2436.3
1177470 2436.3
1177480 2436.1
1177490 2435.9
1177500 2435.9
1177510 2435.5
1177520 2434.7
1177530 2434.7
1177540 2434.2
1177550 2434.2
1177560 2434.2
1177570 2433.3
1177580 2431.5
1177590 2431.5
1177600 2429.2
1177610 2426.1
1177620 2426.1
1177630 2423.0
1177640 2420.5
1177650 2420.0
1177660 2420.0
1177670 2423.7
1177680 2420.9
1177690 2420.9
1177700 2421.7
1177710 2423.3
1177720 2423.3
1177730 2424.3
1177740 2425.8
1177750 2425.8
1177760 2426.3
1177770 2426.8
1177780 2426.8
1177790 2429.1
1177800 2430.9
1177810 2430.9
1177820 2434.0
1177830 2435.9
1177840 2443.8
1177850 2443.8
1177860 2451.3
1177870 2453.2
1177880 2453.2
1177890 2456.1
1177900 2461.3
1177910 2461.3
1177920 2463.5
1177930 2467.6
1177940 2467.6
1177950 2474.1
1177960 2477.7
1177970 2477.7
1177980 2481.8
1177990 2480.1
1178000 2480.1
1178010 2476.6
1178020 2474.2
1178030 2472.1
1178040 2472.1
1178050 2470.8
1178060 2471.9
1178070 2471.9
1178080 2482.3
1178090 2477.5
1178100 2477.5
1178110 2470.5
1178120 2462.6
1178130 2462.6
1178140 2455.6
1178150 2449.2
1178160 2449.2
1178170 2444.1
1178180 2439.2
1178190 2439.2
1178200 2433.1
1178210 2426.0
1178220 2419.8
1178230 2419.8
1178240 2413.7
1178250 2407.5
1178260 2407.5
1178270 2401.8
1178280 2395.7
1178290 2395.7
1178300 2389.4
1178310 2382.3
1178320 2382.3
1178330 2375.2
1178340 2368.9
1178350 2368.9
1178360 2363.1
1178370 2357.8
1178380 2357.8
1178390 2353.8
1178400 2350.7
1178410 2349.2
1178420 2349.2
1178430 2347.3
1178440 2345.8
1178450 2345.8
1178460 2344.0
1178470 2342.4
1178480 2342.4
1178490 2339.2
1178500 2335.8
1178510 2335.8
1178520 2329.0
1178530 2321.8
1178540 2321.8
1178550 2314.4
1178560 2308.0
1178570 2308.0
1178580 2305.6
1178590 2303.9
1178600 2301.9
1178610 2301.9
1178620 2299.8
1178630 2298.2
1178640 2298.2
1178650 2296.8
1178660 2295.0
1178670 2295.0
1178680 2294.4
1178690 2297.4
1178700 2297.4
1178710 2298.4
1178720 2294.2
1178730 2294.2
1178740 2289.0
1178750 2284.4
1178760 2284.4
1178770 2278.6
1178780 2272.0
1178790 2264.6
1178800 2264.6
1178810 2257.8
1178820 2252.4
1178830 2252.4
1178840 2247.5
1178850 2242.1
1178860 2242.1
1178870 2235.2
1178880 2227.4
1178890 2227.4
1178900 2219.5
1178910 2215.6
1178920 2215.6
1178930 2211.2
1178940 2207.1
1178950 2207.1
1178960 2203.5
1178970 2199.5
1178980 2193.9
1178990 2193.9
1179000 2187.4
1179010 2180.0
1179020 2180.0
1179030 2174.9
1179040 2170.7
1179050 2170.7
1179060 2168.0
1179070 2164.7
1179080 2164.7
1179090 2160.6
1179100 2155.6
1179110 2155.6
1179120 2150.8
1179130 2147.3
1179140 2147.3
1179150 2144.4
1179160 2140.5
1179170 2136.8
1179180 2136.8
1179190 2132.1
1179200 2127.3
1179210 2127.3
1179220 2122.5
1179230 2118.1
1179240 2118.1
1179250 2113.9
1179260 2110.9
1179270 2110.9
1179280 2106.6
1179290 2102.3
1179300 2102.3
1179310 2098.6
1179320 2097.6
1179330 2097.6
1179340 2094.8
1179350 2092.1
1179360 2092.8
1179370 2092.8
1179380 2094.4
1179390 2096.7
1179400 2096.7
1179410 2098.7
1179420 2101.6
1179430 2101.6
1179440 2105.2
1179450 2108.8
1179460 2108.8
1179470 2112.0
1179480 2115.6
1179490 2115.6
1179500 2119.8
1179510 2124.3
1179520 2124.3
1179530 2128.7
1179540 2132.9
1179550 2137.1
1179560 2137.1
1179570 2141.4
1179580 2145.9
1179590 2145.9
1179600 2150.5
1179610 2155.3
1179620 2155.3
1179630 2160.2
1179640 2165.4
1179650 2165.4
1179660 2170.6
1179670 2175.9
1179680 2175.9
1179690 2181.3
1179700 2186.7
1179710 2186.7
1179720 2192.3
1179730 2197.9
1179740 2203.0
1179750 2203.0
1179760 2208.6
1179770 2214.2
1179780 2214.2
1179790 2219.8
1179800 2225.5
1179810 2225.5
1179820 2231.3
1179830 2237.1
1179840 2237.1
1179850 2242.8
1179860 2248.6
1179870 2248.6
1179880 2254.3
1179890 2259.7
1179900 2259.7
1179910 2264.9
1179920 2270.9
1179930 2279.5
1179940 2279.5
1179950 2287.2
1179960 2295.5
1179970 2295.5
1179980 2304.3
1179990 2312.6
