1165470 1401.0
1165480 1401.0
1165490 1374.9
1165500 1336.5
1165510 1336.5
1165520 1324.4
1165530 1315.3
1165540 1315.3
1165550 1306.2
1165560 1296.8
1165570 1286.1
1165580 1286.1
1165590 1275.3
1165600 1266.3
1165610 1266.3
1165620 1256.7
1165630 1247.5
1165640 1245.0
1165650 1236.6
1165660 1228.5
1165670 1228.5
1165680 1221.1
1165690 1214.2
1165700 1214.2
1165710 1207.7
1165720 1201.5
1165730 1201.5
1165740 1195.3
1165750 1189.6
1165760 1184.3
1165770 1184.3
1165780 1179.2
1165790 1174.4
1165800 1174.4
1165810 1169.6
1165820 1164.3
1165830 1164.3
1165840 1156.2
1165850 1149.8
1165860 1149.8
1165870 1144.2
1165880 1140.9
1165890 1140.9
1165900 1140.7
1165910 1140.8
1165920 1140.8
1165930 1133.9
1165940 1127.8
1165950 1122.4
1165960 1122.4
1165970 1116.8
1165980 1110.6
1165990 1110.6
1166000 1103.3
1166010 1086.7
1166020 1086.7
1166030 1047.5
1166040 1029.9
1166050 1029.9
1166060 1026.7
1166070 1021.5
1166080 1021.5
1166090 1020.7
1166100 1020.7
1166110 1020.7
1166120 1023.6
1166130 1031.2
1166140 1035.7
1166150 1035.7
1166160 1041.4
1166170 1049.1
1166180 1049.1
1166190 1057.9
1166200 1066.8
1166210 1066.8
1166220 1074.5
1166230 1082.1
1166240 1082.1
1166250 1090.0
1166260 1098.1
1166270 1098.1
1166280 1106.4
1166290 1114.7
1166300 1114.7
1166310 1122.9
1166320 1131.1
1166330 1139.5
1166340 1139.5
1166350 1148.3
1166360 1157.2
1166370 1157.2
1166380 1166.3
1166390 1175.6
1166400 1175.6
1166410 1185.2
1166420 1195.7
1166430 1195.7
1166440 1204.9
1166450 1214.1
1166460 1214.1
1166470 1227.2
1166480 1249.4
1166490 1249.4
1166500 1266.2
1166510 1288.5
1166520 1316.2
1166530 1316.2
1166540 1346.0
1166550 1373.6
1166560 1373.6
1166570 1388.0
1166580 1401.5
1166590 1401.5
1166600 1421.6
1166610 1436.3
1166620 1436.3
1166630 1457.4
1166640 1481.8
1166650 1481.8
1166660 1501.4
1166670 1516.3
1166680 1516.3
1166690 1520.3
1166700 1521.9
1166710 1524.4
1166720 1524.4
1166730 1526.0
1166740 1527.5
1166750 1527.5
1166760 1528.8
1166770 1529.4
1166780 1529.4
1166790 1529.3
1166800 1527.3
1166810 1527.3
1166820 1526.8
1166830 1527.0
1166840 1525.7
1166850 1526.1
1166860 1525.9
1166870 1525.9
1166880 1525.6
1166890 1526.1
1166900 1526.1
1166910 1527.3
1166920 1528.7
1166930 1530.5
1166940 1530.5
1166950 1532.9
1166960 1535.7
1166970 1535.7
1166980 1538.9
1166990 1542.0
1167000 1542.0
1167010 1544.0
1167020 1545.4
1167030 1545.4
1167040 1544.7
1167050 1543.0
1167060 1543.0
1167070 1540.6
1167080 1538.2
1167090 1538.2
1167100 1536.8
1167110 1536.3
1167120 1537.4
1167130 1537.4
1167140 1537.7
1167150 1533.7
1167160 1533.7
1167170 1528.3
1167180 1523.3
1167190 1523.3
1167200 1519.4
1167210 1515.9
1167220 1515.9
1167230 1510.7
1167240 1510.8
1167250 1510.8
1167260 1512.4
1167270 1514.8
1167280 1514.8
1167290 1518.0
1167300 1520.3
1167310 1522.1
1167320 1522.1
1167330 1523.7
1167340 1524.4
1167350 1524.4
1167360 1523.9
1167370 1523.7
1167380 1523.7
1167390 1523.4
1167400 1521.8
1167410 1521.8
1167420 1518.9
1167430 1513.1
1167440 1513.1
1167450 1501.2
1167460 1493.7
1167470 1493.7
1167480 1486.9
1167490 1479.5
1167500 1470.3
1167510 1470.3
1167520 1462.2
1167530 1455.3
1167540 1455.3
1167550 1449.5
1167560 1444.7
1167570 1444.7
1167580 1440.4
1167590 1436.0
1167600 1436.0
1167610 1430.4
1167620 1424.8
1167630 1424.7
1167640 1419.6
1167650 1415.2
1167660 1415.2
1167670 1411.0
1167680 1406.7
1167690 1403.1
1167700 1403.1
1167710 1401.1
1167720 1399.4
1167730 1399.4
1167740 1394.7
1167750 1388.4
1167760 1388.4
1167770 1382.4
1167780 1377.4
1167790 1377.4
1167800 1372.9
1167810 1368.2
1167820 1368.2
1167830 1362.3
1167840 1356.1
1167850 1356.1
1167860 1350.2
1167870 1344.6
1167880 1340.1
1167890 1340.1
1167900 1336.7
1167910 1333.4
1167920 1333.4
1167930 1328.7
1167940 1323.5
1167950 1323.5
1167960 1318.3
1167970 1314.0
1167980 1314.0
1167990 1311.0
1168000 1307.1
1168010 1307.1
1168020 1301.4
1168030 1295.7
1168040 1295.7
1168050 1289.4
1168060 1285.9
1168070 1283.0
1168080 1283.0
1168090 1281.2
1168100 1279.8
1168110 1279.8
1168120 1278.9
1168130 1277.7
1168140 1277.7
1168150 1274.2
1168160 1269.4
1168170 1269.4
1168180 1268.0
1168190 1266.9
1168200 1266.9
1168210 1264.0
1168220 1260.7
1168230 1260.7
1168240 1262.8
1168250 1272.1
1168260 1272.1
1168270 1284.1
1168280 1291.4
1168290 1293.5
1168300 1293.5
1168310 1294.9
1168320 1296.3
1168330 1296.3
1168340 1299.5
1168350 1302.7
1168360 1302.7
1168370 1304.2
1168380 1305.9
1168390 1305.9
1168400 1308.2
1168410 1309.5
1168420 1309.5
1168430 1310.5
1168440 1312.8
1168450 1312.8
1168460 1315.2
1168470 1316.8
1168480 1318.6
1168490 1318.6
1168500 1320.7
1168510 1322.7
1168520 1322.7
1168530 1324.9
1168540 1327.0
1168550 1327.0
1168560 1329.7
1168570 1332.0
1168580 1332.0
1168590 1334.5
1168600 1336.4
1168610 1336.4
1168620 1338.1
1168630 1339.7
1168640 1339.7
1168650 1341.5
1168660 1344.2
1168670 1347.2
1168680 1347.2
1168690 1349.7
1168700 1352.4
1168710 1352.4
1168720 1355.4
1168730 1358.4
1168740 1358.4
1168750 1361.2
1168760 1364.4
1168770 1364.4
1168780 1368.1
1168790 1372.6
1168800 1372.6
1168810 1377.0
1168820 1381.0
1168830 1381.3
1168840 1385.3
1168850 1390.0
1168860 1395.4
1168870 1395.4
1168880 1399.9
1168890 1404.4
1168900 1404.4
1168910 1408.8
1168920 1413.1
1168930 1413.1
1168940 1417.9
1168950 1423.6
1168960 1423.6
1168970 1427.8
1168980 1430.8
1168990 1430.8
1169000 1433.7
1169010 1438.2
1169020 1438.2
1169030 1440.4
1169040 1442.4
1169050 1444.8
1169060 1444.8
1169070 1446.8
1169080 1449.3
1169090 1449.3
1169100 1451.5
1169110 1454.2
1169120 1454.2
1169130 1457.6
1169140 1461.1
1169150 1461.1
1169160 1464.8
1169170 1467.8
1169180 1467.8
1169190 1471.2
1169200 1475.9
1169210 1475.9
1169220 1480.5
1169230 1486.9
1169240 1493.0
1169250 1493.0
1169260 1495.4
1169270 1496.9
1169280 1496.9
1169290 1498.8
1169300 1500.7
1169310 1500.7
1169320 1503.1
1169330 1506.0
1169340 1506.0
1169350 1509.2
1169360 1512.3
1169370 1512.3
1169380 1516.3
1169390 1522.0
1169400 1522.0
1169410 1527.1
1169420 1532.0
1169430 1536.6
1169440 1536.6
1169450 1541.5
1169460 1547.4
1169470 1547.4
1169480 1553.8
1169490 1560.6
1169500 1560.6
1169510 1568.5
1169520 1576.9
1169530 1576.9
1169540 1586.2
1169550 1597.5
1169560 1597.5
1169570 1605.3
1169580 1609.8
1169590 1609.8
1169600 1614.1
1169610 1619.0
1169620 1624.7
1169630 1620.6
1169640 1626.0
1169650 1631.8
1169660 1631.8
1169670 1637.0
1169680 1640.6
1169690 1640.6
1169700 1643.7
1169710 1647.3
1169720 1647.3
1169730 1650.4
1169740 1653.5
1169750 1653.5
1169760 1658.0
1169770 1664.5
1169780 1664.5
1169790 1672.5
1169800 1680.1
1169810 1680.1
1169820 1685.5
1169830 1690.3
1169840 1693.3
1169850 1693.3
1169860 1695.4
1169870 1695.9
1169880 1695.9
1169890 1698.2
1169900 1702.4
1169910 1702.4
1169920 1706.5
1169930 1709.8
1169940 1709.8
1169950 1713.3
1169960 1717.8
1169970 1717.8
1169980 1722.5
1169990 1727.3
1170000 1727.3
1170010 1732.2
1170020 1737.7
1170030 1739.2
1170040 1739.2
1170050 1745.3
1170060 1752.0
1170070 1752.0
1170080 1758.5
1170090 1764.2
1170100 1764.2
1170110 1769.0
1170120 1773.0
1170130 1773.0
1170140 1777.4
1170150 1782.6
1170160 1782.6
1170170 1790.3
1170180 1799.7
1170190 1799.7
1170200 1809.7
1170210 1819.7
1170220 1825.3
1170230 1825.3
1170240 1828.5
1170250 1830.9
1170260 1830.9
1170270 1834.4
1170280 1839.0
1170290 1839.0
1170300 1844.7
1170310 1850.3
1170320 1850.3
1170330 1854.7
1170340 1859.1
1170350 1859.1
1170360 1863.1
1170370 1864.8
1170380 1864.8
1170390 1866.9
1170400 1870.1
1170410 1872.4
1170420 1872.4
1170430 1876.3
1170440 1874.8
1170450 1874.8
1170460 1879.9
1170470 1885.8
1170480 1885.8
1170490 1891.1
1170500 1892.0
1170510 1892.0
1170520 1893.0
1170530 1895.1
1170540 1895.1
1170550 1897.9
1170560 1902.7
1170570 1902.7
1170580 1908.0
1170590 1913.9
1170600 1919.4
1170610 1919.4
1170620 1921.0
1170630 1920.4
1170640 1920.4
1170650 1920.8
1170660 1923.5
1170670 1923.5
1170680 1927.9
1170690 1933.3
1170700 1933.3
1170710 1936.8
1170720 1938.2
1170730 1938.2
1170740 1938.6
1170750 1939.5
1170760 1939.5
1170770 1940.0
1170780 1940.2
1170790 1940.5
1170800 1940.5
1170810 1940.8
1170820 1940.4
1170830 1940.4
1170840 1934.8
1170850 1933.1
1170860 1933.1
1170870 1931.5
1170880 1931.7
1170890 1931.7
1170900 1932.8
1170910 1933.9
1170920 1933.9
1170930 1935.1
1170940 1937.4
1170950 1937.4
1170960 1937.6
1170970 1935.3
1170980 1932.3
1170990 1932.3
1171000 1929.4
1171010 1926.9
1171020 1926.9
1171030 1924.7
1171040 1919.8
1171050 1919.8
1171060 1915.6
1171070 1914.8
1171080 1914.8
1171090 1913.5
1171100 1911.0
1171110 1911.0
1171120 1909.7
1171130 1908.7
1171140 1908.7
1171150 1907.7
1171160 1906.7
1171170 1905.0
1171180 1905.0
1171190 1903.1
1171200 1902.8
1171210 1902.8
1171220 1902.3
1171230 1899.8
1171240 1892.8
1171250 1889.5
1171260 1886.8
1171270 1886.8
1171280 1884.3
1171290 1883.3
1171300 1883.3
1171310 1885.8
1171320 1885.8
1171330 1885.8
1171340 1884.9
1171350 1885.0
1171360 1885.0
1171370 1886.2
1171380 1886.5
1171390 1885.0
1171400 1885.0
1171410 1881.7
1171420 1878.3
1171430 1878.3
1171440 1876.8
1171450 1876.8
1171460 1876.8
1171470 1878.1
1171480 1878.3
1171490 1878.3
1171500 1878.4
1171510 1881.1
1171520 1881.1
1171530 1883.4
1171540 1885.1
1171550 1885.1
1171560 1885.1
1171570 1885.1
1171580 1881.8
1171590 1881.8
1171600 1878.5
1171610 1877.2
1171620 1877.2
1171630 1876.6
1171640 1875.3
1171650 1868.3
1171660 1867.5
1171670 1869.1
1171680 1869.1
1171690 1869.2
1171700 1868.7
1171710 1868.7
1171720 1871.5
1171730 1875.3
1171740 1875.3
1171750 1873.9
1171760 1870.4
1171770 1871.1
1171780 1871.1
1171790 1882.2
1171800 1894.9
1171810 1894.9
1171820 1902.6
1171830 1909.9
1171840 1909.9
1171850 1917.1
1171860 1923.2
1171870 1923.2
1171880 1929.3
1171890 1935.7
1171900 1935.7
1171910 1941.9
1171920 1947.3
1171930 1947.3
1171940 1953.8
1171950 1961.7
1171960 1971.4
1171970 1971.4
1171980 1977.9
1171990 1977.4
1172000 1977.4
1172010 1974.1
1172020 1972.0
1172030 1972.0
1172040 1972.0
1172050 1980.3
1172060 1980.3
1172070 1985.2
1172080 1987.5
1172090 1987.5
1172100 1986.3
1172110 1985.6
1172120 1985.6
1172130 1988.4
1172140 1990.9
1172150 1993.3
1172160 1993.3
1172170 1995.6
1172180 1998.3
1172190 1998.3
1172200 2000.8
1172210 2003.7
1172220 2003.7
1172230 2005.4
1172240 2005.9
1172250 2005.9
1172260 2006.1
1172270 2006.2
1172280 2006.2
1172290 2008.5
1172300 2015.1
1172310 2015.1
1172320 2022.5
1172330 2030.9
1172340 2038.4
1172350 2038.4
1172360 2045.1
1172370 2052.7
1172380 2052.7
1172390 2062.1
1172400 2071.7
1172410 2071.7
1172420 2079.8
1172430 2086.4
1172440 2086.4
1172450 2086.8
1172460 2092.7
1172470 2092.7
1172480 2099.4
1172490 2106.3
1172500 2106.3
1172510 2114.3
1172520 2121.7
1172530 2128.7
1172540 2128.7
1172550 2135.7
1172560 2144.0
1172570 2144.0
1172580 2152.4
1172590 2159.1
1172600 2159.1
1172610 2166.1
1172620 2172.8
1172630 2172.8
1172640 2179.1
1172650 2184.2
1172660 2184.2
1172670 2190.0
1172680 2197.1
1172690 2197.1
1172700 2206.0
1172710 2215.7
1172720 2215.7
1172730 2224.8
1172740 2235.6
1172750 2244.5
1172760 2244.5
1172770 2250.8
1172780 2260.8
1172790 2260.8
1172800 2269.7
1172810 2274.0
1172820 2274.0
1172830 2278.3
1172840 2282.8
1172850 2282.8
1172860 2279.3
1172870 2283.6
1172880 2283.6
1172890 2287.9
1172900 2293.6
1172910 2293.6
1172920 2300.5
1172930 2307.8
1172940 2315.8
1172950 2315.8
1172960 2323.5
1172970 2329.6
1172980 2329.6
1172990 2335.2
1173000 2341.4
1173010 2341.4
1173020 2347.1
1173030 2353.3
1173040 2353.3
1173050 2359.6
1173060 2365.7
1173070 2365.7
1173080 2371.5
1173090 2376.1
1173100 2376.1
1173110 2380.2
1173120 2383.6
1173130 2387.3
1173140 2387.3
1173150 2391.2
1173160 2394.5
1173170 2394.5
1173180 2395.6
1173190 2395.1
1173200 2395.1
1173210 2396.1
1173220 2399.1
1173230 2399.1
1173240 2402.9
1173250 2406.1
1173260 2400.5
1173270 2403.2
1173280 2405.3
1173290 2405.3
1173300 2407.5
1173310 2409.6
1173320 2411.6
1173330 2411.6
1173340 2413.4
1173350 2415.0
1173360 2415.0
1173370 2417.0
1173380 2419.4
1173390 2419.4
1173400 2421.6
1173410 2424.1
1173420 2424.1
1173430 2427.2
1173440 2429.9
1173450 2429.9
1173460 2433.0
1173470 2435.9
1173480 2435.9
1173490 2439.0
1173500 2441.8
1173510 2444.3
1173520 2444.3
1173530 2446.6
1173540 2448.4
1173550 2448.4
1173560 2448.9
1173570 2447.9
1173580 2447.9
1173590 2447.1
1173600 2446.9
1173610 2446.9
1173620 2446.1
1173630 2444.8
1173640 2444.8
1173650 2443.9
1173660 2443.0
1173670 2449.3
1173680 2448.4
1173690 2447.7
1173700 2447.0
1173710 2447.0
1173720 2445.0
1173730 2443.0
1173740 2443.0
1173750 2440.8
1173760 2439.1
1173770 2439.1
1173780 2438.8
1173790 2439.2
1173800 2439.2
1173810 2440.3
1173820 2441.1
1173830 2441.1
1173840 2443.8
1173850 2446.9
1173860 2446.9
1173870 2448.9
1173880 2447.3
1173890 2444.0
1173900 2444.0
1173910 2441.7
1173920 2440.5
1173930 2440.5
1173940 2440.0
1173950 2441.7
1173960 2441.7
1173970 2442.1
1173980 2441.6
1173990 2441.6
1174000 2442.3
1174010 2441.9
1174020 2441.9
1174030 2442.8
1174040 2443.4
1174050 2443.4
1174060 2443.7
1174070 2444.0
1174080 2446.5
1174090 2446.5
1174100 2447.8
1174110 2448.9
1174120 2448.9
1174130 2450.0
1174140 2452.6
1174150 2452.6
1174160 2454.8
1174170 2456.5
1174180 2456.5
1174190 2457.8
1174200 2459.1
1174210 2459.1
1174220 2460.4
1174230 2461.9
1174240 2461.9
1174250 2463.3
1174260 2464.6
1174270 2464.6
1174280 2465.7
1174290 2466.9
1174300 2468.0
1174310 2468.0
1174320 2468.9
1174330 2469.9
1174340 2469.9
1174350 2471.0
1174360 2472.5
1174370 2472.5
1174380 2474.0
1174390 2475.7
1174400 2475.7
1174410 2477.3
1174420 2479.0
1174430 2479.0
1174440 2480.8
1174450 2482.8
1174460 2482.8
1174470 2484.6
1174480 2486.2
1174490 2488.5
1174500 2488.5
1174510 2490.8
1174520 2493.4
1174530 2493.4
1174540 2495.7
1174550 2497.6
1174560 2497.6
1174570 2499.2
1174580 2500.9
1174590 2500.9
1174600 2502.9
1174610 2504.7
1174620 2504.7
1174630 2506.9
1174640 2508.7
1174650 2508.7
1174660 2511.1
1174670 2513.1
1174680 2515.4
1174690 2515.4
1174700 2517.4
1174710 2519.6
1174720 2519.6
1174730 2522.2
1174740 2524.7
1174750 2524.7
1174760 2527.0
1174770 2529.4
1174780 2529.4
1174790 2532.0
1174800 2534.1
1174810 2534.1
1174820 2536.1
1174830 2537.5
1174840 2537.5
1174850 2538.5
1174860 2539.8
1174870 2541.3
1174880 2541.3
1174890 2546.5
1174900 2548.0
1174910 2548.0
1174920 2549.8
1174930 2551.8
1174940 2551.8
1174950 2554.2
1174960 2557.1
1174970 2557.1
1174980 2560.7
1174990 2565.4
1175000 2565.4
1175010 2571.4
1175020 2578.4
1175030 2578.4
1175040 2586.8
1175050 2595.1
1175060 2600.7
1175070 2600.7
1175080 2604.9
1175090 2609.3
1175100 2609.3
1175110 2613.7
1175120 2617.7
1175130 2617.7
1175140 2621.3
1175150 2621.6
1175160 2621.6
1175170 2619.6
1175180 2618.7
1175190 2618.7
1175200 2619.5
1175210 2620.6
1175220 2620.6
1175230 2620.6
1175240 2621.0
1175250 2620.7
1175260 2620.7
1175270 2621.1
1175280 2621.9
1175290 2621.9
1175300 2621.7
1175310 2624.7
1175320 2624.7
1175330 2629.0
1175340 2634.5
1175350 2634.5
1175360 2640.5
1175370 2646.4
1175380 2646.4
1175390 2653.0
1175400 2660.1
1175410 2660.1
1175420 2667.3
1175430 2673.1
1175440 2675.5
1175450 2675.5
1175460 2678.2
1175470 2683.4
1175480 2683.4
1175490 2690.1
1175500 2697.1
1175510 2697.1
1175520 2702.1
1175530 2706.8
1175540 2706.8
1175550 2712.2
1175560 2718.8
1175570 2718.8
1175580 2726.6
1175590 2734.8
1175600 2734.8
1175610 2742.2
1175620 2748.9
1175630 2755.0
1175640 2755.0
1175650 2761.3
1175660 2768.1
1175670 2768.1
1175680 2774.6
1175690 2780.8
1175700 2780.8
1175710 2787.3
1175720 2793.9
1175730 2793.9
1175740 2799.9
1175750 2803.1
1175760 2803.1
1175770 2802.5
1175780 2801.7
1175790 2801.7
1175800 2800.8
1175810 2799.3
1175820 2799.3
1175830 2795.4
1175840 2791.0
1175850 2786.0
1175860 2786.0
1175870 2781.1
1175880 2776.8
1175890 2776.8
1175900 2772.7
1175910 2768.5
1175920 2768.5
1175930 2765.0
1175940 2761.1
1175950 2761.1
1175960 2757.3
1175970 2753.1
1175980 2753.1
1175990 2749.4
1176000 2745.3
1176010 2745.3
1176020 2740.9
1176030 2735.5
1176040 2730.3
1176050 2730.3
1176060 2725.7
1176070 2723.1
1176080 2723.1
1176090 2722.1
1176100 2720.7
1176110 2720.7
1176120 2721.5
1176130 2720.0
1176140 2720.0
1176150 2717.6
1176160 2714.7
1176170 2714.7
1176180 2711.5
1176190 2707.5
1176200 2707.5
1176210 2703.0
1176220 2698.9
1176230 2695.4
1176240 2695.4
1176250 2692.6
1176260 2690.1
1176270 2690.1
1176280 2686.1
1176290 2680.7
1176300 2680.7
1176310 2676.0
1176320 2672.1
1176330 2672.1
1176340 2667.7
1176350 2663.8
1176360 2663.8
1176370 2661.4
1176380 2658.9
1176390 2658.9
1176400 2655.0
1176410 2652.1
1176420 2650.6
1176430 2650.6
1176440 2648.4
1176450 2646.1
1176460 2646.1
1176470 2643.4
1176480 2640.2
1176490 2640.2
1176500 2635.8
1176510 2630.4
1176520 2630.4
1176530 2630.4
1176540 2625.2
1176550 2625.2
1176560 2621.2
1176570 2618.6
1176580 2618.6
1176590 2616.4
1176600 2613.6
1176610 2609.3
1176620 2609.3
1176630 2605.0
1176640 2601.2
1176650 2601.2
1176660 2597.9
1176670 2594.9
1176680 2594.9
1176690 2591.8
1176700 2588.4
1176710 2588.4
1176720 2584.8
1176730 2580.7
1176740 2580.7
1176750 2577.3
1176760 2574.9
1176770 2574.9
1176780 2573.1
1176790 2569.9
1176800 2566.3
1176810 2566.3
1176820 2563.3
1176830 2560.7
1176840 2560.7
1176850 2556.7
1176860 2552.4
1176870 2552.4
1176880 2546.9
1176890 2540.8
1176900 2540.8
1176910 2534.0
1176920 2526.2
1176930 2526.2
1176940 2512.6
1176950 2504.2
1176960 2504.2
1176970 2494.3
1176980 2486.2
1176990 2475.1
1177000 2475.1
1177010 2461.9
1177020 2449.8
1177030 2449.8
1177040 2438.3
1177050 2429.4
1177060 2429.4
1177070 2420.3
1177080 2411.3
1177090 2411.3
1177100 2403.6
1177110 2397.1
1177120 2397.1
1177130 2391.0
1177140 2386.2
1177150 2386.2
1177160 2382.5
1177170 2379.7
1177180 2379.7
1177190 2376.5
1177200 2372.8
1177210 2368.8
1177220 2368.8
1177230 2364.6
1177240 2360.6
1177250 2360.6
1177260 2357.5
1177270 2353.7
1177280 2353.7
1177290 2349.1
1177300 2344.2
1177310 2344.2
1177320 2339.6
1177330 2334.5
1177340 2334.5
1177350 2328.3
1177360 2322.3
1177370 2322.3
1177380 2318.2
1177390 2314.5
1177400 2310.6
1177410 2310.6
1177420 2307.4
1177430 2304.6
1177440 2304.6
1177450 2302.3
1177460 2300.4
1177470 2300.4
1177480 2298.2
1177490 2294.5
1177500 2294.5
1177510 2291.2
1177520 2288.8
1177530 2288.8
1177540 2287.6
1177550 2288.2
1177560 2288.2
1177570 2287.9
1177580 2286.9
1177590 2285.9
1177600 2285.9
1177610 2284.9
1177620 2284.5
1177630 2284.5
1177640 2284.2
1177650 2284.4
1177660 2284.4
1177670 2284.6
1177680 2284.9
1177690 2284.9
1177700 2284.2
1177710 2283.0
1177720 2283.0
1177730 2281.1
1177740 2278.7
1177750 2278.7
1177760 2275.8
1177770 2271.9
1177780 2270.5
1177790 2270.5
1177800 2272.0
1177810 2273.3
1177820 2273.3
1177830 2272.6
1177840 2271.2
1177850 2271.2
1177860 2269.7
1177870 2268.0
1177880 2268.0
1177890 2266.6
1177900 2264.2
1177910 2264.2
1177920 2260.9
1177930 2256.5
1177940 2256.5
1177950 2252.1
1177960 2248.7
1177970 2245.3
1177980 2245.3
1177990 2239.6
1178000 2233.7
1178010 2233.7
1178020 2228.9
1178030 2223.7
1178040 2223.7
1178050 2218.2
1178060 2212.9
1178070 2212.9
1178080 2207.5
1178090 2202.0
1178100 2202.0
1178110 2197.7
1178120 2192.6
1178130 2192.6
1178140 2186.4
1178150 2180.3
1178160 2173.6
1178170 2173.6
1178180 2168.3
1178190 2161.5
1178200 2161.5
1178210 2153.0
1178220 2144.4
1178230 2144.4
1178240 2136.3
1178250 2128.4
1178260 2128.4
1178270 2120.1
1178280 2112.3
1178290 2112.3
1178300 2104.8
1178310 2097.2
1178320 2097.2
1178330 2090.4
1178340 2084.1
1178350 2078.4
1178360 2078.4
1178370 2073.6
1178380 2069.7
1178390 2069.7
1178400 2067.5
1178410 2066.7
1178420 2066.7
1178430 2066.8
1178440 2065.9
1178450 2065.9
1178460 2063.6
1178470 2060.0
1178480 2060.0
1178490 2056.2
1178500 2052.0
1178510 2052.0
1178520 2047.3
1178530 2042.9
1178540 2039.3
1178550 2039.3
1178560 2036.3
1178570 2033.1
1178580 2033.1
1178590 2030.9
1178600 2026.6
1178610 2026.6
1178620 2021.8
1178630 2016.3
1178640 2016.3
1178650 2010.0
1178660 2002.9
1178670 2002.9
1178680 1995.8
1178690 1988.7
1178700 1988.7
1178710 1982.0
1178720 1976.4
1178730 1976.4
1178740 1972.5
1178750 1969.9
1178760 1967.7
1178770 1967.7
1178780 1965.6
1178790 1963.3
1178800 1963.3
1178810 1960.7
1178820 1958.4
1178830 1958.4
1178840 1956.6
1178850 1953.9
1178860 1953.9
1178870 1950.0
1178880 1947.3
1178890 1947.3
1178900 1946.4
1178910 1945.7
1178920 1945.7
1178930 1946.9
1178940 1949.3
1178950 1951.9
1178960 1951.9
1178970 1954.9
1178980 1957.9
1178990 1957.9
1179000 1962.9
1179010 1966.1
1179020 1966.1
1179030 1969.6
1179040 1973.4
1179050 1973.4
1179060 1977.0
1179070 1981.0
1179080 1981.0
1179090 1984.8
1179100 1988.0
1179110 1988.0
1179120 1991.4
1179130 1995.2
1179140 1999.3
1179150 1999.3
1179160 2003.2
1179170 2007.5
1179180 2007.5
1179190 2013.1
1179200 2019.5
1179210 2019.5
1179220 2025.4
1179230 2030.4
1179240 2030.4
1179250 2036.4
1179260 2042.2
1179270 2042.2
1179280 2047.7
1179290 2054.2
1179300 2054.2
1179310 2060.7
1179320 2067.6
1179330 2074.3
1179340 2074.3
1179350 2081.1
1179360 2087.2
1179370 2087.2
1179380 2094.2
1179390 2102.5
1179400 2102.5
1179410 2110.8
1179420 2118.2
1179430 2118.2
1179440 2126.1
1179450 2134.0
1179460 2134.0
1179470 2141.5
1179480 2149.4
1179490 2149.4
1179500 2156.5
1179510 2162.9
1179520 2168.8
1179530 2168.8
1179540 2173.9
1179550 2179.0
1179560 2179.0
1179570 2184.8
1179580 2191.6
1179590 2191.6
1179600 2198.4
1179610 2203.7
1179620 2203.7
1179630 2209.0
1179640 2216.0
1179650 2216.0
1179660 2224.1
1179670 2230.5
1179680 2230.5
1179690 2235.2
1179700 2240.9
1179710 2247.4
1179720 2247.4
1179730 2254.2
1179740 2261.0
1179750 2261.0
1179760 2267.5
1179770 2274.5
1179780 2274.5
1179790 2282.4
1179800 2290.7
1179810 2290.7
1179820 2299.2
1179830 2309.4
1179840 2309.4
1179850 2316.4
1179860 2322.8
1179870 2322.8
1179880 2329.2
1179890 2335.9
1179900 2343.7
1179910 2343.7
1179920 2351.1
1179930 2356.7
1179940 2356.7
1179950 2361.6
1179960 2366.2
1179970 2366.2
1179980 2370.8
1179990 2375.3
