1165460 1425.3
1165470 1425.3
1165480 1410.8
1165490 1367.5
1165500 1367.5
1165510 1344.1
1165520 1332.1
1165530 1332.1
1165540 1319.2
1165550 1298.1
1165560 1287.8
1165570 1287.8
1165580 1278.5
1165590 1269.8
1165600 1269.8
1165610 1261.3
1165620 1251.9
1165630 1251.9
1165640 1242.8
1165650 1233.6
1165660 1233.6
1165670 1224.2
1165680 1214.6
1165690 1214.6
1165700 1209.2
1165710 1195.3
1165720 1195.3
1165730 1186.6
1165740 1178.0
1165750 1169.6
1165760 1169.6
1165770 1161.9
1165780 1154.5
1165790 1154.5
1165800 1147.1
1165810 1139.9
1165820 1139.9
1165830 1132.6
1165840 1125.4
1165850 1125.4
1165860 1118.4
1165870 1111.8
1165880 1111.8
1165890 1105.1
1165900 1098.3
1165910 1098.3
1165920 1091.9
1165930 1085.5
1165940 1080.3
1165950 1080.3
1165960 1075.0
1165970 1068.2
1165980 1068.2
1165990 1059.1
1166000 1049.0
1166010 1049.0
1166020 1039.6
1166030 1031.1
1166040 1031.1
1166050 1027.5
1166060 1021.6
1166070 1021.6
1166080 1020.8
1166090 1020.8
1166100 1020.8
1166110 1022.2
1166120 1025.6
1166130 1030.4
1166140 1030.4
1166150 1038.0
1166160 1046.8
1166170 1046.8
1166180 1055.6
1166190 1065.4
1166200 1065.4
1166210 1075.5
1166220 1085.1
1166230 1085.1
1166240 1093.8
1166250 1102.6
1166260 1102.6
1166270 1111.2
1166280 1119.9
1166290 1119.9
1166300 1128.8
1166310 1137.7
1166320 1146.7
1166330 1146.7
1166340 1155.6
1166350 1164.7
1166360 1164.7
1166370 1174.1
1166380 1183.6
1166390 1183.6
1166400 1192.3
1166410 1200.6
1166420 1200.6
1166430 1208.5
1166440 1216.5
1166450 1216.5
1166460 1227.9
1166470 1245.0
1166480 1245.0
1166490 1268.2
1166500 1288.6
1166510 1288.6
1166520 1302.3
1166530 1318.9
1166540 1342.7
1166550 1342.7
1166560 1365.0
1166570 1380.9
1166580 1380.9
1166590 1394.4
1166600 1412.5
1166610 1412.5
1166620 1435.4
1166630 1456.2
1166640 1456.2
1166650 1479.4
1166660 1494.3
1166670 1494.3
1166680 1498.6
1166690 1503.0
1166700 1503.0
1166710 1507.7
1166720 1510.0
1166730 1511.5
1166740 1511.5
1166750 1514.1
1166760 1513.5
1166770 1513.5
1166780 1512.2
1166790 1511.6
1166800 1511.6
1166810 1509.4
1166820 1506.2
1166830 1506.2
1166840 1506.5
1166850 1508.5
1166860 1508.5
1166870 1510.2
1166880 1510.8
1166890 1507.2
1166900 1509.7
1166910 1512.2
1166920 1513.7
1166930 1513.7
1166940 1514.4
1166950 1513.5
1166960 1513.5
1166970 1512.9
1166980 1512.7
1166990 1512.7
1167000 1513.1
1167010 1513.6
1167020 1513.6
1167030 1514.6
1167040 1515.4
1167050 1515.4
1167060 1516.4
1167070 1517.2
1167080 1517.2
1167090 1517.4
1167100 1517.0
1167110 1518.3
1167120 1518.3
1167130 1519.1
1167140 1518.1
1167150 1518.1
1167160 1515.1
1167170 1511.0
1167180 1511.0
1167190 1506.3
1167200 1500.4
1167210 1500.4
1167220 1494.8
1167230 1490.1
1167240 1490.1
1167250 1487.0
1167260 1485.9
1167270 1485.9
1167280 1487.2
1167290 1487.4
1167300 1490.3
1167310 1490.3
1167320 1492.3
1167330 1494.3
1167340 1494.3
1167350 1496.5
1167360 1498.4
1167370 1498.4
1167380 1500.6
1167390 1501.9
1167400 1501.9
1167410 1501.8
1167420 1499.9
1167430 1499.9
1167440 1497.8
1167450 1494.7
1167460 1494.7
1167470 1491.4
1167480 1487.2
1167490 1483.6
1167500 1483.6
1167510 1479.1
1167520 1473.6
1167530 1473.6
1167540 1467.3
1167550 1460.6
1167560 1460.6
1167570 1455.3
1167580 1449.3
1167590 1449.3
1167600 1440.5
1167610 1431.8
1167620 1431.8
1167630 1426.5
1167640 1425.5
1167650 1425.5
1167660 1426.3
1167670 1425.2
1167680 1421.8
1167690 1425.7
1167700 1421.8
1167710 1418.0
1167720 1418.0
1167730 1413.8
1167740 1410.1
1167750 1410.1
1167760 1407.0
1167770 1404.1
1167780 1404.1
1167790 1400.9
1167800 1397.7
1167810 1397.7
1167820 1392.9
1167830 1385.2
1167840 1385.2
1167850 1378.7
1167860 1370.5
1167870 1362.9
1167880 1362.9
1167890 1356.6
1167900 1351.3
1167910 1351.3
1167920 1347.1
1167930 1344.1
1167940 1344.1
1167950 1341.1
1167960 1339.6
1167970 1339.6
1167980 1337.2
1167990 1334.6
1168000 1334.6
1168010 1331.8
1168020 1328.6
1168030 1328.6
1168040 1325.7
1168050 1322.2
1168060 1322.2
1168070 1318.8
1168080 1316.1
1168090 1313.4
1168100 1313.4
1168110 1309.1
1168120 1303.9
1168130 1303.9
1168140 1297.6
1168150 1290.9
1168160 1290.9
1168170 1286.2
1168180 1281.6
1168190 1281.6
1168200 1276.5
1168210 1272.4
1168220 1272.4
1168230 1271.4
1168240 1267.6
1168250 1267.6
1168260 1265.3
1168270 1269.7
1168280 1275.1
1168290 1275.1
1168300 1280.3
1168310 1286.4
1168320 1286.4
1168330 1291.9
1168340 1294.0
1168350 1294.0
1168360 1296.2
1168370 1298.2
1168380 1298.2
1168390 1299.9
1168400 1301.5
1168410 1301.5
1168420 1303.0
1168430 1304.7
1168440 1304.7
1168450 1305.9
1168460 1307.3
1168470 1309.5
1168480 1309.5
1168490 1309.7
1168500 1310.9
1168510 1310.9
1168520 1312.9
1168530 1314.3
1168540 1314.3
1168550 1314.4
1168560 1315.8
1168570 1315.8
1168580 1317.8
1168590 1321.2
1168600 1321.2
1168610 1323.4
1168620 1325.8
1168630 1325.8
1168640 1329.1
1168650 1332.2
1168660 1336.0
1168670 1336.0
1168680 1341.6
1168690 1347.0
1168700 1347.0
1168710 1351.3
1168720 1354.7
1168730 1354.7
1168740 1357.2
1168750 1360.0
1168760 1360.0
1168770 1364.0
1168780 1369.2
1168790 1369.2
1168800 1374.6
1168810 1380.0
1168820 1380.0
1168830 1383.6
1168840 1389.7
1168850 1397.7
1168860 1397.7
1168870 1405.4
1168880 1410.3
1168890 1408.0
1168900 1411.5
1168910 1415.3
1168920 1415.3
1168930 1419.3
1168940 1421.7
1168950 1421.7
1168960 1423.3
1168970 1425.5
1168980 1425.5
1168990 1428.0
1169000 1430.3
1169010 1430.3
1169020 1432.5
1169030 1434.7
1169040 1437.1
1169050 1437.1
1169060 1439.6
1169070 1441.9
1169080 1441.9
1169090 1444.5
1169100 1448.0
1169110 1448.0
1169120 1451.3
1169130 1454.3
1169140 1454.3
1169150 1456.6
1169160 1458.4
1169170 1458.4
1169180 1461.2
1169190 1464.2
1169200 1464.2
1169210 1467.6
1169220 1471.5
1169230 1474.4
1169240 1474.4
1169250 1479.3
1169260 1481.8
1169270 1481.8
1169280 1484.7
1169290 1484.6
1169300 1484.6
1169310 1488.1
1169320 1490.9
1169330 1490.9
1169340 1494.6
1169350 1498.3
1169360 1498.3
1169370 1504.7
1169380 1511.6
1169390 1511.6
1169400 1517.0
1169410 1523.1
1169420 1527.6
1169430 1527.6
1169440 1530.5
1169450 1533.6
1169460 1533.6
1169470 1538.0
1169480 1542.9
1169490 1542.9
1169500 1548.2
1169510 1554.2
1169520 1554.2
1169530 1561.4
1169540 1569.5
1169550 1569.5
1169560 1575.9
1169570 1580.2
1169580 1580.2
1169590 1582.9
1169600 1585.0
1169610 1585.0
1169620 1588.4
1169630 1593.4
1169640 1597.7
1169650 1597.7
1169660 1602.1
1169670 1606.6
1169680 1606.6
1169690 1607.6
1169700 1611.8
1169710 1611.8
1169720 1617.0
1169730 1623.9
1169740 1623.9
1169750 1631.7
1169760 1638.2
1169770 1638.2
1169780 1643.4
1169790 1648.4
1169800 1648.4
1169810 1653.7
1169820 1659.0
1169830 1664.0
1169840 1664.0
1169850 1667.7
1169860 1670.3
1169870 1670.3
1169880 1672.2
1169890 1673.5
1169900 1673.5
1169910 1674.0
1169920 1676.3
1169930 1676.3
1169940 1680.4
1169950 1684.8
1169960 1684.8
1169970 1688.6
1169980 1691.6
1169990 1691.6
1170000 1695.0
1170010 1698.6
1170020 1702.9
1170030 1702.9
1170040 1707.1
1170050 1711.1
1170060 1711.1
1170070 1715.6
1170080 1720.6
1170090 1716.0
1170100 1721.0
1170110 1725.4
1170120 1725.4
1170130 1730.4
1170140 1736.0
1170150 1736.0
1170160 1741.9
1170170 1749.8
1170180 1749.8
1170190 1758.8
1170200 1766.2
1170210 1772.1
1170220 1772.1
1170230 1776.6
1170240 1781.8
1170250 1781.8
1170260 1786.6
1170270 1790.5
1170280 1790.5
1170290 1794.4
1170300 1798.9
1170310 1798.9
1170320 1803.9
1170330 1809.5
1170340 1809.5
1170350 1814.5
1170360 1819.0
1170370 1819.0
1170380 1822.4
1170390 1825.3
1170400 1826.1
1170410 1826.1
1170420 1827.9
1170430 1832.2
1170440 1832.2
1170450 1837.4
1170460 1843.4
1170470 1843.4
1170480 1850.2
1170490 1849.4
1170500 1849.4
1170510 1854.0
1170520 1856.6
1170530 1856.6
1170540 1857.3
1170550 1857.1
1170560 1857.1
1170570 1857.5
1170580 1859.0
1170590 1861.3
1170600 1861.3
1170610 1863.6
1170620 1865.8
1170630 1865.8
1170640 1868.2
1170650 1870.7
1170660 1870.7
1170670 1874.1
1170680 1878.5
1170690 1878.5
1170700 1882.2
1170710 1885.2
1170720 1885.2
1170730 1887.7
1170740 1889.8
1170750 1889.8
1170760 1891.9
1170770 1893.5
1170780 1895.0
1170790 1895.0
1170800 1895.9
1170810 1896.4
1170820 1896.4
1170830 1896.4
1170840 1896.0
1170850 1896.0
1170860 1894.7
1170870 1892.2
1170880 1892.2
1170890 1886.1
1170900 1886.4
1170910 1886.4
1170920 1886.8
1170930 1888.2
1170940 1888.2
1170950 1886.7
1170960 1882.5
1170970 1877.9
1170980 1877.9
1170990 1874.0
1171000 1869.9
1171010 1869.9
1171020 1866.3
1171030 1861.1
1171040 1861.1
1171050 1857.9
1171060 1856.8
1171070 1856.8
1171080 1857.8
1171090 1858.2
1171100 1858.2
1171110 1856.4
1171120 1853.4
1171130 1853.4
1171140 1850.6
1171150 1849.5
1171160 1849.5
1171170 1846.6
1171180 1843.1
1171190 1841.3
1171200 1841.3
1171210 1840.3
1171220 1838.7
1171230 1838.7
1171240 1838.2
1171250 1838.8
1171260 1838.8
1171270 1837.8
1171280 1834.8
1171290 1834.8
1171300 1828.6
1171310 1827.4
1171320 1827.4
1171330 1826.0
1171340 1825.5
1171350 1825.5
1171360 1825.9
1171370 1825.7
1171380 1825.0
1171390 1825.0
1171400 1824.9
1171410 1826.5
1171420 1826.5
1171430 1828.1
1171440 1830.0
1171450 1830.0
1171460 1831.5
1171470 1830.6
1171480 1830.6
1171490 1828.9
1171500 1829.1
1171510 1829.1
1171520 1829.4
1171530 1828.9
1171540 1828.9
1171550 1828.6
1171560 1829.0
1171570 1828.8
1171580 1828.8
1171590 1828.9
1171600 1828.9
1171610 1828.9
1171620 1833.2
1171630 1838.1
1171640 1838.1
1171650 1844.0
1171660 1850.8
1171670 1850.8
1171680 1858.5
1171690 1865.7
1171700 1867.9
1171710 1875.6
1171720 1882.7
1171730 1882.7
1171740 1890.4
1171750 1900.3
1171760 1914.6
1171770 1914.6
1171780 1929.3
1171790 1939.1
1171800 1939.1
1171810 1944.6
1171820 1948.1
1171830 1948.1
1171840 1951.9
1171850 1958.5
1171860 1958.5
1171870 1964.2
1171880 1971.5
1171890 1971.5
1171900 1982.3
1171910 1989.5
1171920 1989.5
1171930 1994.7
1171940 1999.7
1171950 2003.7
1171960 2003.7
1171970 2006.7
1171980 2012.7
1171990 2012.7
1172000 2019.5
1172010 2025.0
1172020 2025.0
1172030 2028.7
1172040 2031.3
1172050 2031.3
1172060 2033.5
1172070 2034.9
1172080 2034.9
1172090 2037.1
1172100 2048.8
1172110 2048.8
1172120 2054.6
1172130 2059.4
1172140 2062.8
1172150 2062.8
1172160 2066.2
1172170 2070.2
1172180 2070.2
1172190 2074.0
1172200 2077.8
1172210 2077.8
1172220 2080.4
1172230 2081.8
1172240 2081.8
1172250 2083.2
1172260 2085.1
1172270 2085.1
1172280 2086.1
1172290 2086.5
1172300 2086.5
1172310 2086.8
1172320 2086.3
1172330 2085.3
1172340 2085.3
1172350 2085.3
1172360 2084.9
1172370 2084.9
1172380 2084.6
1172390 2084.3
1172400 2084.3
1172410 2084.1
1172420 2083.7
1172430 2083.7
1172440 2083.6
1172450 2083.1
1172460 2083.1
1172470 2081.5
1172480 2082.4
1172490 2082.4
1172500 2087.2
1172510 2093.6
1172520 2093.6
1172530 2099.4
1172540 2106.0
1172550 2113.4
1172560 2113.4
1172570 2119.9
1172580 2125.9
1172590 2125.9
1172600 2131.9
1172610 2137.6
1172620 2137.6
1172630 2143.4
1172640 2149.6
1172650 2149.6
1172660 2156.0
1172670 2161.9
1172680 2161.9
1172690 2167.9
1172700 2174.2
1172710 2174.2
1172720 2180.6
1172730 2186.8
1172740 2193.1
1172750 2193.1
1172760 2199.5
1172770 2206.2
1172780 2206.2
1172790 2212.9
1172800 2219.7
1172810 2219.7
1172820 2225.8
1172830 2230.8
1172840 2230.8
1172850 2235.2
1172860 2241.9
1172870 2241.9
1172880 2248.2
1172890 2254.8
1172900 2254.8
1172910 2257.2
1172920 2262.9
1172930 2268.6
1172940 2268.6
1172950 2274.5
1172960 2280.6
1172970 2280.6
1172980 2285.1
1172990 2290.2
1173000 2290.2
1173010 2296.8
1173020 2302.6
1173030 2302.6
1173040 2307.6
1173050 2310.7
1173060 2310.7
1173070 2312.1
1173080 2314.7
1173090 2314.7
1173100 2317.5
1173110 2320.2
1173120 2322.7
1173130 2322.7
1173140 2325.8
1173150 2329.0
1173160 2329.0
1173170 2332.7
1173180 2336.2
1173190 2336.2
1173200 2340.2
1173210 2344.9
1173220 2344.9
1173230 2350.3
1173240 2356.4
1173250 2356.4
1173260 2362.6
1173270 2368.4
1173280 2368.4
1173290 2374.2
1173300 2380.0
1173310 2385.6
1173320 2386.3
1173330 2391.9
1173340 2397.1
1173350 2397.1
1173360 2402.2
1173370 2407.2
1173380 2407.2
1173390 2411.4
1173400 2415.3
1173410 2415.3
1173420 2418.9
1173430 2422.4
1173440 2422.4
1173450 2425.5
1173460 2430.2
1173470 2430.2
1173480 2435.5
1173490 2441.1
1173500 2446.8
1173510 2446.8
1173520 2451.7
1173530 2455.6
1173540 2455.6
1173550 2459.2
1173560 2462.5
1173570 2462.5
1173580 2465.3
1173590 2469.7
1173600 2469.7
1173610 2474.1
1173620 2477.9
1173630 2477.9
1173640 2482.1
1173650 2487.4
1173660 2487.4
1173670 2492.3
1173680 2497.3
1173690 2501.3
1173700 2501.3
1173710 2503.3
1173720 2503.0
1173730 2510.5
1173740 2509.5
1173750 2509.1
1173760 2509.1
1173770 2507.4
1173780 2505.3
1173790 2505.3
1173800 2506.5
1173810 2505.9
1173820 2505.9
1173830 2502.7
1173840 2500.9
1173850 2500.9
1173860 2500.1
1173870 2500.1
1173880 2500.3
1173890 2500.3
1173900 2500.0
1173910 2500.1
1173920 2500.1
1173930 2499.8
1173940 2500.1
1173950 2500.1
1173960 2499.9
1173970 2499.7
1173980 2499.7
1173990 2499.2
1174000 2498.9
1174010 2498.9
1174020 2498.0
1174030 2495.3
1174040 2495.3
1174050 2492.9
1174060 2491.5
1174070 2491.5
1174080 2489.4
1174090 2487.4
1174100 2486.8
1174110 2486.8
1174120 2485.6
1174130 2494.6
1174140 2494.6
1174150 2495.0
1174160 2494.7
1174170 2494.7
1174180 2495.1
1174190 2496.7
1174200 2496.7
1174210 2497.7
1174220 2497.6
1174230 2497.6
1174240 2499.4
1174250 2499.6
1174260 2499.6
1174270 2498.4
1174280 2498.1
1174290 2497.7
1174300 2497.7
1174310 2499.4
1174320 2502.1
1174330 2502.1
1174340 2504.1
1174350 2505.2
1174360 2505.2
1174370 2505.3
1174380 2506.5
1174390 2506.5
1174400 2508.5
1174410 2510.7
1174420 2510.7
1174430 2510.9
1174440 2512.6
1174450 2512.6
1174460 2513.0
1174470 2514.9
1174480 2516.4
1174490 2516.4
1174500 2518.6
1174510 2519.8
1174520 2519.8
1174530 2521.1
1174540 2529.6
1174550 2529.6
1174560 2529.5
1174570 2531.4
1174580 2531.4
1174590 2534.6
1174600 2536.2
1174610 2536.2
1174620 2537.5
1174630 2540.3
1174640 2540.3
1174650 2542.5
1174660 2542.9
1174670 2543.6
1174680 2543.6
1174690 2546.8
1174700 2550.6
1174710 2550.6
1174720 2553.7
1174730 2555.2
1174740 2555.2
1174750 2557.1
1174760 2557.9
1174770 2557.9
1174780 2559.4
1174790 2563.2
1174800 2563.2
1174810 2565.9
1174820 2568.5
1174830 2568.5
1174840 2571.9
1174850 2573.7
1174860 2576.0
1174870 2576.0
1174880 2580.1
1174890 2583.6
1174900 2583.6
1174910 2585.7
1174920 2587.5
1174930 2587.5
1174940 2589.9
1174950 2598.1
1174960 2598.1
1174970 2601.1
1174980 2603.6
1174990 2603.6
1175000 2606.6
1175010 2610.3
1175020 2610.3
1175030 2616.6
1175040 2622.4
1175050 2626.4
1175060 2626.4
1175070 2631.6
1175080 2636.3
1175090 2636.3
1175100 2639.4
1175110 2640.1
1175120 2640.1
1175130 2639.0
1175140 2636.8
1175150 2636.8
1175160 2635.3
1175170 2634.9
1175180 2634.9
1175190 2634.8
1175200 2634.9
1175210 2634.9
1175220 2634.9
1175230 2635.4
1175240 2635.9
1175250 2635.9
1175260 2636.1
1175270 2635.4
1175280 2635.4
1175290 2635.3
1175300 2636.5
1175310 2636.5
1175320 2638.9
1175330 2642.5
1175340 2642.5
1175350 2646.8
1175360 2652.9
1175370 2652.9
1175380 2656.9
1175390 2661.3
1175400 2661.3
1175410 2665.7
1175420 2670.7
1175430 2676.1
1175440 2676.1
1175450 2680.9
1175460 2684.9
1175470 2684.9
1175480 2689.0
1175490 2693.8
1175500 2693.8
1175510 2697.9
1175520 2701.3
1175530 2701.3
1175540 2705.7
1175550 2711.2
1175560 2711.2
1175570 2717.3
1175580 2723.4
1175590 2723.4
1175600 2729.1
1175610 2734.1
1175620 2734.1
1175630 2740.2
1175640 2747.1
1175650 2751.9
1175660 2751.9
1175670 2753.2
1175680 2754.3
1175690 2754.3
1175700 2755.9
1175710 2757.8
1175720 2757.8
1175730 2757.0
1175740 2753.6
1175750 2753.6
1175760 2753.5
1175770 2743.6
1175780 2743.6
1175790 2740.6
1175800 2739.9
1175810 2739.9
1175820 2740.6
1175830 2743.7
1175840 2744.4
1175850 2744.4
1175860 2744.0
1175870 2745.4
1175880 2745.4
1175890 2748.1
1175900 2747.6
1175910 2747.6
1175920 2746.6
1175930 2746.8
1175940 2746.8
1175950 2748.5
1175960 2749.9
1175970 2749.9
1175980 2751.0
1175990 2752.8
1176000 2752.8
1176010 2757.5
1176020 2761.2
1176030 2762.8
1176040 2762.8
1176050 2762.4
1176060 2761.9
1176070 2761.9
1176080 2760.6
1176090 2759.2
1176100 2759.2
1176110 2757.1
1176120 2755.2
1176130 2755.2
1176140 2752.7
1176150 2749.2
1176160 2749.2
1176170 2745.2
1176180 2743.3
1176190 2743.3
1176200 2738.8
1176210 2734.5
1176220 2731.0
1176230 2731.0
1176240 2727.2
1176250 2721.7
1176260 2721.7
1176270 2714.5
1176280 2707.7
1176290 2707.7
1176300 2700.7
1176310 2695.4
1176320 2695.4
1176330 2693.3
1176340 2691.8
1176350 2691.8
1176360 2689.2
1176370 2682.9
1176380 2682.9
1176390 2675.8
1176400 2669.0
1176410 2662.8
1176420 2662.8
1176430 2658.9
1176440 2662.9
1176450 2662.9
1176460 2670.8
1176470 2666.8
1176480 2666.8
1176490 2657.3
1176500 2644.5
1176510 2644.5
1176520 2635.0
1176530 2625.4
1176540 2625.4
1176550 2618.0
1176560 2613.3
1176570 2613.3
1176580 2609.7
1176590 2599.4
1176600 2597.4
1176610 2597.4
1176620 2597.8
1176630 2597.2
1176640 2597.2
1176650 2590.7
1176660 2589.6
1176670 2589.6
1176680 2588.9
1176690 2585.8
1176700 2585.8
1176710 2579.6
1176720 2575.3
1176730 2575.3
1176740 2570.6
1176750 2567.3
1176760 2567.3
1176770 2564.4
1176780 2561.6
1176790 2558.6
1176800 2558.6
1176810 2553.4
1176820 2546.3
1176830 2546.3
1176840 2537.4
1176850 2527.3
1176860 2527.3
1176870 2518.7
1176880 2510.8
1176890 2510.8
1176900 2502.7
1176910 2494.1
1176920 2494.1
1176930 2485.7
1176940 2477.6
1176950 2477.6
1176960 2469.6
1176970 2461.7
1176980 2454.3
1176990 2454.3
1177000 2446.7
1177010 2439.3
1177020 2439.3
1177030 2432.2
1177040 2425.4
1177050 2425.4
1177060 2419.2
1177070 2413.2
1177080 2413.2
1177090 2407.7
1177100 2403.1
1177110 2403.1
1177120 2399.5
1177130 2395.5
1177140 2395.5
1177150 2390.8
1177160 2387.7
1177170 2386.0
1177180 2386.0
1177190 2384.0
1177200 2380.3
1177210 2380.3
1177220 2377.0
1177230 2373.0
1177240 2373.0
1177250 2368.8
1177260 2364.8
1177270 2364.8
1177280 2360.3
1177290 2355.7
1177300 2355.7
1177310 2351.4
1177320 2346.6
1177330 2346.6
1177340 2341.4
1177350 2336.5
1177360 2336.5
1177370 2331.9
1177380 2328.0
1177390 2324.4
1177400 2324.4
1177410 2322.9
1177420 2319.8
1177430 2319.8
1177440 2318.3
1177450 2316.6
1177460 2316.6
1177470 2314.4
1177480 2313.1
1177490 2313.1
1177500 2312.7
1177510 2313.9
1177520 2313.9
1177530 2315.3
1177540 2316.3
1177550 2316.3
1177560 2316.5
1177570 2316.6
1177580 2315.7
1177590 2315.7
1177600 2313.6
1177610 2310.7
1177620 2310.7
1177630 2308.9
1177640 2309.3
1177650 2309.3
1177660 2310.4
1177670 2310.9
1177680 2310.9
1177690 2310.1
1177700 2307.4
1177710 2307.4
1177720 2305.3
1177730 2306.2
1177740 2306.2
1177750 2305.6
1177760 2303.9
1177770 2302.2
1177780 2302.2
1177790 2299.6
1177800 2297.5
1177810 2297.5
1177820 2299.2
1177830 2294.6
1177840 2294.6
1177850 2289.5
1177860 2285.1
1177870 2285.1
1177880 2280.9
1177890 2277.2
1177900 2277.2
1177910 2273.6
1177920 2270.0
1177930 2270.0
1177940 2265.4
1177950 2261.0
1177960 2256.5
1177970 2256.5
1177980 2251.0
1177990 2245.2
1178000 2245.2
1178010 2239.7
1178020 2234.5
1178030 2234.5
1178040 2229.9
1178050 2225.0
1178060 2225.0
1178070 2220.3
1178080 2215.2
1178090 2215.2
1178100 2209.9
1178110 2204.3
1178120 2204.3
1178130 2198.5
1178140 2192.4
1178150 2186.2
1178160 2186.2
1178170 2179.3
1178180 2170.9
1178190 2170.9
1178200 2162.5
1178210 2154.1
1178220 2154.1
1178230 2145.0
1178240 2137.5
1178250 2137.5
1178260 2130.0
1178270 2122.6
1178280 2122.6
1178290 2115.2
1178300 2108.0
1178310 2108.0
1178320 2101.2
1178330 2094.5
1178340 2088.4
1178350 2088.4
1178360 2083.9
1178370 2080.2
1178380 2080.2
1178390 2077.2
1178400 2074.5
1178410 2074.5
1178420 2071.9
1178430 2068.8
1178440 2068.8
1178450 2064.9
1178460 2060.6
1178470 2060.6
1178480 2055.7
1178490 2050.8
1178500 2050.8
1178510 2046.4
1178520 2041.8
1178530 2037.3
1178540 2037.3
1178550 2032.9
1178560 2028.4
1178570 2028.4
1178580 2023.9
1178590 2019.7
1178600 2019.7
1178610 2015.8
1178620 2012.3
1178630 2012.3
1178640 2008.9
1178650 2004.8
1178660 2004.8
1178670 2000.6
1178680 1997.2
1178690 1997.2
1178700 1994.7
1178710 1992.4
1178720 1989.7
1178730 1989.7
1178740 1987.0
1178750 1983.8
1178760 1983.8
1178770 1980.7
1178780 1977.4
1178790 1977.4
1178800 1975.0
1178810 1973.3
1178820 1973.3
1178830 1970.9
1178840 1968.3
1178850 1968.3
1178860 1966.1
1178870 1963.8
1178880 1963.8
1178890 1961.2
1178900 1959.1
1178910 1959.1
1178920 1957.8
1178930 1956.4
1178940 1954.9
1178950 1954.9
1178960 1957.1
1178970 1960.6
1178980 1960.6
1178990 1964.1
1179000 1967.9
1179010 1967.9
1179020 1971.8
1179030 1976.0
1179040 1976.0
1179050 1980.1
1179060 1984.0
1179070 1984.0
1179080 1988.7
1179090 1993.1
1179100 1993.1
1179110 1997.7
1179120 2002.5
1179130 2007.4
1179140 2007.4
1179150 2012.4
1179160 2017.4
1179170 2017.4
1179180 2022.4
1179190 2027.4
1179200 2027.4
1179210 2032.6
1179220 2037.8
1179230 2037.8
1179240 2043.1
1179250 2048.4
1179260 2048.4
1179270 2053.9
1179280 2059.1
1179290 2059.1
1179300 2063.8
1179310 2068.7
1179320 2073.7
1179330 2073.7
1179340 2079.0
1179350 2084.3
1179360 2084.3
1179370 2090.1
1179380 2096.4
1179390 2096.4
1179400 2102.3
1179410 2108.3
1179420 2108.3
1179430 2116.1
1179440 2124.1
1179450 2124.1
1179460 2132.1
1179470 2136.1
1179480 2136.1
1179490 2143.3
1179500 2150.8
1179510 2158.1
1179520 2158.1
1179530 2164.7
1179540 2171.5
1179550 2171.5
1179560 2177.7
1179570 2184.9
1179580 2184.9
1179590 2192.9
1179600 2200.6
1179610 2200.6
1179620 2207.1
1179630 2213.9
1179640 2213.9
1179650 2224.2
1179660 2236.9
1179670 2236.9
1179680 2246.7
1179690 2254.2
1179700 2260.0
1179710 2260.0
1179720 2266.3
1179730 2272.5
1179740 2272.5
1179750 2277.8
1179760 2283.1
1179770 2283.1
1179780 2289.7
1179790 2297.0
1179800 2297.0
1179810 2304.3
1179820 2311.5
1179830 2311.5
1179840 2318.3
1179850 2324.6
1179860 2324.6
1179870 2329.9
1179880 2335.8
1179890 2342.8
1179900 2342.8
1179910 2348.5
1179920 2354.1
1179930 2354.1
1179940 2359.5
1179950 2365.0
1179960 2365.0
1179970 2371.5
1179980 2377.9
1179990 2377.9
