1165520 1347.3
1165530 1342.1
1165540 1339.1
1165550 1334.9
1165560 1330.4
1165570 1330.4
1165580 1325.7
1165590 1321.2
1165600 1321.2
1165610 1316.2
1165620 1311.6
1165630 1311.6
1165640 1307.3
1165650 1302.7
1165660 1302.7
1165670 1298.3
1165680 1294.2
1165690 1294.2
1165700 1290.3
1165710 1285.6
1165720 1285.6
1165730 1281.1
1165740 1272.4
1165750 1254.4
1165760 1254.4
1165770 1244.9
1165780 1237.0
1165790 1237.0
1165800 1229.8
1165810 1224.2
1165820 1224.2
1165830 1220.1
1165840 1215.7
1165850 1215.7
1165860 1208.3
1165870 1197.5
1165880 1197.5
1165890 1175.1
1165900 1150.5
1165910 1150.5
1165920 1140.7
1165930 1131.3
1165940 1123.1
1165950 1123.1
1165960 1114.7
1165970 1107.2
1165980 1107.2
1165990 1099.7
1166000 1084.5
1166010 1084.5
1166020 1062.3
1166030 1050.6
1166040 1050.6
1166050 1037.8
1166060 1031.4
1166070 1031.4
1166080 1029.0
1166090 1023.2
1166100 1023.2
1166110 1020.5
1166120 1020.4
1166130 1020.4
1166140 1020.3
1166150 1020.4
1166160 1021.2
1166170 1021.2
1166180 1023.7
1166190 1026.2
1166200 1026.2
1166210 1029.8
1166220 1034.9
1166230 1034.9
1166240 1040.4
1166250 1045.4
1166260 1045.4
1166270 1050.1
1166280 1055.0
1166290 1055.0
1166300 1063.7
1166310 1072.5
1166320 1072.5
1166330 1084.9
1166340 1092.7
1166350 1100.2
1166360 1100.2
1166370 1106.9
1166380 1112.9
1166390 1112.9
1166400 1119.4
1166410 1130.3
1166420 1130.3
1166430 1143.3
1166440 1156.9
1166450 1156.9
1166460 1170.8
1166470 1185.7
1166480 1185.7
1166490 1203.9
1166500 1223.6
1166510 1223.6
1166520 1240.3
1166530 1257.1
1166540 1284.2
1166550 1284.2
1166560 1306.8
1166570 1322.8
1166580 1322.8
1166590 1338.7
1166600 1361.9
1166610 1361.9
1166620 1384.5
1166630 1402.8
1166640 1402.8
1166650 1433.8
1166660 1471.8
1166670 1471.8
1166680 1491.8
1166690 1515.6
1166700 1515.6
1166710 1536.4
1166720 1541.9
1166730 1545.4
1166740 1545.4
1166750 1547.0
1166760 1548.2
1166770 1548.2
1166780 1550.6
1166790 1551.7
1166800 1551.7
1166810 1552.9
1166820 1556.1
1166830 1556.1
1166840 1560.3
1166850 1563.9
1166860 1563.9
1166870 1566.6
1166880 1569.2
1166890 1569.2
1166900 1571.3
1166910 1573.2
1166920 1575.5
1166930 1575.5
1166940 1578.8
1166950 1580.9
1166960 1580.9
1166970 1580.9
1166980 1582.3
1166990 1582.3
1167000 1583.7
1167010 1585.2
1167020 1585.2
1167030 1586.2
1167040 1587.1
1167050 1587.1
1167060 1588.0
1167070 1587.4
1167080 1587.4
1167090 1583.1
1167100 1575.9
1167110 1570.8
1167120 1568.1
1167130 1564.6
1167140 1561.8
1167150 1561.8
1167160 1560.6
1167170 1561.6
1167180 1561.6
1167190 1563.2
1167200 1564.5
1167210 1564.5
1167220 1565.8
1167230 1567.7
1167240 1567.7
1167250 1567.8
1167260 1564.8
1167270 1564.8
1167280 1560.4
1167290 1558.1
1167300 1558.1
1167310 1558.4
1167320 1558.4
1167330 1557.9
1167340 1557.9
1167350 1556.3
1167360 1550.2
1167370 1550.2
1167380 1539.9
1167390 1530.0
1167400 1530.0
1167410 1522.4
1167420 1515.3
1167430 1515.3
1167440 1507.8
1167450 1500.9
1167460 1500.9
1167470 1495.3
1167480 1488.0
1167490 1488.0
1167500 1479.5
1167510 1472.1
1167520 1465.6
1167530 1465.6
1167540 1458.1
1167550 1450.3
1167560 1450.3
1167570 1439.6
1167580 1428.8
1167590 1428.8
1167600 1420.1
1167610 1412.5
1167620 1412.5
1167630 1405.0
1167640 1398.0
1167650 1398.0
1167660 1391.4
1167670 1385.0
1167680 1385.0
1167690 1378.7
1167700 1372.0
1167710 1365.7
1167720 1365.7
1167730 1360.6
1167740 1355.2
1167750 1355.2
1167760 1349.4
1167770 1343.7
1167780 1343.7
1167790 1337.9
1167800 1332.2
1167810 1332.2
1167820 1326.9
1167830 1321.5
1167840 1321.5
1167850 1315.9
1167860 1310.0
1167870 1310.0
1167880 1304.2
1167890 1298.5
1167900 1293.3
1167910 1293.3
1167920 1289.3
1167930 1285.5
1167940 1285.5
1167950 1281.2
1167960 1277.2
1167970 1277.2
1167980 1274.0
1167990 1269.5
1168000 1269.5
1168010 1262.5
1168020 1258.8
1168030 1258.8
1168040 1255.6
1168050 1252.0
1168060 1252.0
1168070 1251.0
1168080 1254.4
1168090 1257.6
1168100 1257.6
1168110 1259.4
1168120 1261.0
1168130 1261.0
1168140 1262.5
1168150 1266.1
1168160 1266.1
1168170 1271.0
1168180 1274.6
1168190 1274.6
1168200 1278.7
1168210 1282.1
1168220 1282.1
1168230 1284.4
1168240 1286.3
1168250 1286.3
1168260 1286.8
1168270 1289.9
1168280 1292.6
1168290 1292.6
1168300 1294.3
1168310 1295.7
1168320 1295.7
1168330 1300.3
1168340 1302.1
1168350 1302.1
1168360 1301.9
1168370 1302.1
1168380 1302.1
1168390 1302.7
1168400 1303.9
1168410 1303.9
1168420 1309.4
1168430 1314.3
1168440 1314.3
1168450 1317.0
1168460 1319.4
1168470 1322.3
1168480 1322.3
1168490 1324.9
1168500 1328.2
1168510 1328.2
1168520 1331.1
1168530 1335.4
1168540 1335.4
1168550 1340.3
1168560 1343.8
1168570 1343.8
1168580 1346.6
1168590 1349.8
1168600 1349.8
1168610 1352.3
1168620 1355.4
1168630 1355.4
1168640 1358.6
1168650 1362.1
1168660 1365.5
1168670 1365.5
1168680 1368.7
1168690 1372.2
1168700 1372.2
1168710 1375.6
1168720 1377.7
1168730 1377.7
1168740 1380.5
1168750 1382.9
1168760 1382.9
1168770 1385.1
1168780 1386.8
1168790 1386.8
1168800 1388.3
1168810 1389.6
1168820 1389.6
1168830 1391.2
1168840 1392.8
1168850 1392.8
1168860 1394.2
1168870 1395.3
1168880 1396.1
1168890 1396.1
1168900 1397.0
1168910 1398.2
1168920 1398.2
1168930 1400.7
1168940 1403.7
1168950 1403.7
1168960 1407.2
1168970 1411.6
1168980 1411.6
1168990 1416.4
1169000 1419.9
1169010 1419.9
1169020 1423.8
1169030 1427.3
1169040 1427.3
1169050 1432.6
1169060 1439.5
1169070 1446.3
1169080 1446.3
1169090 1451.8
1169100 1456.6
1169110 1456.6
1169120 1461.7
1169130 1465.7
1169140 1465.7
1169150 1470.1
1169160 1474.2
1169170 1474.2
1169180 1478.5
1169190 1483.4
1169200 1483.4
1169210 1488.2
1169220 1493.2
1169230 1493.2
1169240 1498.0
1169250 1504.0
1169260 1508.9
1169270 1508.9
1169280 1512.9
1169290 1516.9
1169300 1516.9
1169310 1521.1
1169320 1526.1
1169330 1526.1
1169340 1530.5
1169350 1534.7
1169360 1534.7
1169370 1539.5
1169380 1544.8
1169390 1544.8
1169400 1549.4
1169410 1554.5
1169420 1554.5
1169430 1559.9
1169440 1565.0
1169450 1570.2
1169460 1570.2
1169470 1575.2
1169480 1580.0
1169490 1580.0
1169500 1584.1
1169510 1587.6
1169520 1587.1
1169530 1590.8
1169540 1595.6
1169550 1595.6
1169560 1600.7
1169570 1607.8
1169580 1607.8
1169590 1615.6
1169600 1624.1
1169610 1624.1
1169620 1633.7
1169630 1641.5
1169640 1649.1
1169650 1649.1
1169660 1657.2
1169670 1662.8
1169680 1662.8
1169690 1665.2
1169700 1668.3
1169710 1668.3
1169720 1672.9
1169730 1678.0
1169740 1678.0
1169750 1684.5
1169760 1690.9
1169770 1690.9
1169780 1697.1
1169790 1703.8
1169800 1703.8
1169810 1711.0
1169820 1719.4
1169830 1728.3
1169840 1728.3
1169850 1737.4
1169860 1745.4
1169870 1745.4
1169880 1750.8
1169890 1755.0
1169900 1755.0
1169910 1759.0
1169920 1759.5
1169930 1759.5
1169940 1764.5
1169950 1770.5
1169960 1770.5
1169970 1777.4
1169980 1784.4
1169990 1784.4
1170000 1790.8
1170010 1797.2
1170020 1805.2
1170030 1805.2
1170040 1813.9
1170050 1822.6
1170060 1822.6
1170070 1831.4
1170080 1838.5
1170090 1838.5
1170100 1842.5
1170110 1846.1
1170120 1846.1
1170130 1850.3
1170140 1855.7
1170150 1855.7
1170160 1862.6
1170170 1869.7
1170180 1869.7
1170190 1876.3
1170200 1883.0
1170210 1883.0
1170220 1889.9
1170230 1897.9
1170240 1904.4
1170250 1904.4
1170260 1910.5
1170270 1916.2
1170280 1916.2
1170290 1922.2
1170300 1927.3
1170310 1927.3
1170320 1933.1
1170330 1932.9
1170340 1932.9
1170350 1938.4
1170360 1944.9
1170370 1944.9
1170380 1952.0
1170390 1959.8
1170400 1959.8
1170410 1968.1
1170420 1974.7
1170430 1981.5
1170440 1981.5
1170450 1987.2
1170460 1990.9
1170470 1990.9
1170480 1993.2
1170490 1995.5
1170500 1995.5
1170510 1999.6
1170520 2005.3
1170530 2005.3
1170540 2009.9
1170550 2011.9
1170560 2011.9
1170570 2013.9
1170580 2017.5
1170590 2017.5
1170600 2021.4
1170610 2025.9
1170620 2028.8
1170630 2028.8
1170640 2031.7
1170650 2035.2
1170660 2035.2
1170670 2035.2
1170680 2032.6
1170690 2032.6
1170700 2030.2
1170710 2028.9
1170720 2028.9
1170730 2023.1
1170740 2022.5
1170750 2022.5
1170760 2022.2
1170770 2023.1
1170780 2023.1
1170790 2024.1
1170800 2024.4
1170810 2023.6
1170820 2023.6
1170830 2022.5
1170840 2020.2
1170850 2020.2
1170860 2016.6
1170870 2015.3
1170880 2015.3
1170890 2015.1
1170900 2015.5
1170910 2015.5
1170920 2017.3
1170930 2019.3
1170940 2019.3
1170950 2021.5
1170960 2023.6
1170970 2023.6
1170980 2025.3
1170990 2026.5
1171000 2026.9
1171010 2026.9
1171020 2028.2
1171030 2028.1
1171040 2028.1
1171050 2027.9
1171060 2026.0
1171070 2026.0
1171080 2023.1
1171090 2020.7
1171100 2020.7
1171110 2019.0
1171120 2018.4
1171130 2013.7
1171140 2013.6
1171150 2012.7
1171160 2012.7
1171170 2010.3
1171180 2008.4
1171190 2007.1
1171200 2007.1
1171210 2005.1
1171220 2001.8
1171230 2001.8
1171240 1998.2
1171250 1994.7
1171260 1994.7
1171270 1991.8
1171280 1989.3
1171290 1989.3
1171300 1986.3
1171310 1982.0
1171320 1982.0
1171330 1977.4
1171340 1973.1
1171350 1973.1
1171360 1970.3
1171370 1968.2
1171380 1966.1
1171390 1966.1
1171400 1963.4
1171410 1961.9
1171420 1961.9
1171430 1962.2
1171440 1963.2
1171450 1963.2
1171460 1962.8
1171470 1961.0
1171480 1961.0
1171490 1958.5
1171500 1956.9
1171510 1956.9
1171520 1957.5
1171530 1955.0
1171540 1955.0
1171550 1957.6
1171560 1961.0
1171570 1961.0
1171580 1964.3
1171590 1967.4
1171600 1969.7
1171610 1969.7
1171620 1969.9
1171630 1967.9
1171640 1967.9
1171650 1965.3
1171660 1962.4
1171670 1962.4
1171680 1959.4
1171690 1957.1
1171700 1957.1
1171710 1956.3
1171720 1955.0
1171730 1955.0
1171740 1954.4
1171750 1955.2
1171760 1955.2
1171770 1955.1
1171780 1954.3
1171790 1954.1
1171800 1954.1
1171810 1953.5
1171820 1951.7
1171830 1951.7
1171840 1952.1
1171850 1953.2
1171860 1953.2
1171870 1953.1
1171880 1952.6
1171890 1952.6
1171900 1953.1
1171910 1954.0
1171920 1954.0
1171930 1954.5
1171940 1951.5
1171950 1951.5
1171960 1951.4
1171970 1952.5
1171980 1952.9
1171990 1952.9
1172000 1953.5
1172010 1955.0
1172020 1955.0
1172030 1956.2
1172040 1956.1
1172050 1956.1
1172060 1954.3
1172070 1953.4
1172080 1953.4
1172090 1954.5
1172100 1958.1
1172110 1958.1
1172120 1963.7
1172130 1969.8
1172140 1969.8
1172150 1976.7
1172160 1984.0
1172170 1991.5
1172180 1991.5
1172190 1998.4
1172200 2005.6
1172210 2005.6
1172220 2012.0
1172230 2018.5
1172240 2018.5
1172250 2025.2
1172260 2031.3
1172270 2031.3
1172280 2037.0
1172290 2042.4
1172300 2042.4
1172310 2047.8
1172320 2052.0
1172330 2052.0
1172340 2060.0
1172350 2064.7
1172360 2070.2
1172370 2070.2
1172380 2075.2
1172390 2079.9
1172400 2079.9
1172410 2084.8
1172420 2089.8
1172430 2089.8
1172440 2094.9
1172450 2099.5
1172460 2099.5
1172470 2103.4
1172480 2108.1
1172490 2108.1
1172500 2112.2
1172510 2115.7
1172520 2115.7
1172530 2120.3
1172540 2126.3
1172550 2131.5
1172560 2131.5
1172570 2135.4
1172580 2138.5
1172590 2138.5
1172600 2143.5
1172610 2148.7
1172620 2148.7
1172630 2153.6
1172640 2159.3
1172650 2159.3
1172660 2164.8
1172670 2169.5
1172680 2169.5
1172690 2174.1
1172700 2178.7
1172710 2178.7
1172720 2183.6
1172730 2188.2
1172740 2192.9
1172750 2198.1
1172760 2203.1
1172770 2208.3
1172780 2208.3
1172790 2213.7
1172800 2219.1
1172810 2219.1
1172820 2225.0
1172830 2230.4
1172840 2230.4
1172850 2235.9
1172860 2241.4
1172870 2241.4
1172880 2247.4
1172890 2251.8
1172900 2251.8
1172910 2256.5
1172920 2261.7
1172930 2261.7
1172940 2267.3
1172950 2273.6
1172960 2279.5
1172970 2279.5
1172980 2285.9
1172990 2292.7
1173000 2292.7
1173010 2299.2
1173020 2305.6
1173030 2305.6
1173040 2311.0
1173050 2315.0
1173060 2315.0
1173070 2317.8
1173080 2321.6
1173090 2321.6
1173100 2326.3
1173110 2329.2
1173120 2329.2
1173130 2330.4
1173140 2329.9
1173150 2339.1
1173160 2339.1
1173170 2342.6
1173180 2347.7
1173190 2347.7
1173200 2351.2
1173210 2354.3
1173220 2354.3
1173230 2356.8
1173240 2359.4
1173250 2359.4
1173260 2361.6
1173270 2362.7
1173280 2362.7
1173290 2363.0
1173300 2363.2
1173310 2363.2
1173320 2363.2
1173330 2363.7
1173340 2364.2
1173350 2364.2
1173360 2363.7
1173370 2362.9
1173380 2362.9
1173390 2361.7
1173400 2360.4
1173410 2360.4
1173420 2358.5
1173430 2356.9
1173440 2356.9
1173450 2356.9
1173460 2357.5
1173470 2357.5
1173480 2357.6
1173490 2358.1
1173500 2358.1
1173510 2358.7
1173520 2359.0
1173530 2359.8
1173540 2359.8
1173550 2361.0
1173560 2367.9
1173570 2367.9
1173580 2368.8
1173590 2369.7
1173600 2369.7
1173610 2371.8
1173620 2373.2
1173630 2373.2
1173640 2373.0
1173650 2376.3
1173660 2376.3
1173670 2379.6
1173680 2384.3
1173690 2384.3
1173700 2387.9
1173710 2390.4
1173720 2393.4
1173730 2393.4
1173740 2393.9
1173750 2393.1
1173760 2393.1
1173770 2395.7
1173780 2398.0
1173790 2398.0
1173800 2398.8
1173810 2401.1
1173820 2401.1
1173830 2403.3
1173840 2405.3
1173850 2405.3
1173860 2407.9
1173870 2410.3
1173880 2410.3
1173890 2412.8
1173900 2415.5
1173910 2418.0
1173920 2418.0
1173930 2419.4
1173940 2420.8
1173950 2420.8
1173960 2422.6
1173970 2426.1
1173980 2426.1
1173990 2427.4
1174000 2429.1
1174010 2429.1
1174020 2430.2
1174030 2430.1
1174040 2430.1
1174050 2430.4
1174060 2432.0
1174070 2432.0
1174080 2433.4
1174090 2433.9
1174100 2433.7
1174110 2433.7
1174120 2434.4
1174130 2436.0
1174140 2436.0
1174150 2438.1
1174160 2440.2
1174170 2440.2
1174180 2442.7
1174190 2445.8
1174200 2445.8
1174210 2448.1
1174220 2449.4
1174230 2449.4
1174240 2450.7
1174250 2452.4
1174260 2452.4
1174270 2454.1
1174280 2455.6
1174290 2455.6
1174300 2456.6
1174310 2458.3
1174320 2459.3
1174330 2459.3
1174340 2459.6
1174350 2460.0
1174360 2460.0
1174370 2466.7
1174380 2467.8
1174390 2467.8
1174400 2468.5
1174410 2468.1
1174420 2468.1
1174430 2466.6
1174440 2465.7
1174450 2465.7
1174460 2468.2
1174470 2473.0
1174480 2473.0
1174490 2479.6
1174500 2486.9
1174510 2493.2
1174520 2493.2
1174530 2498.3
1174540 2502.7
1174550 2502.7
1174560 2507.1
1174570 2511.4
1174580 2511.4
1174590 2515.4
1174600 2519.3
1174610 2519.3
1174620 2522.6
1174630 2525.6
1174640 2525.6
1174650 2528.3
1174660 2530.7
1174670 2530.7
1174680 2533.0
1174690 2534.8
1174700 2536.6
1174710 2536.6
1174720 2538.8
1174730 2540.1
1174740 2540.1
1174750 2541.0
1174760 2542.1
1174770 2542.1
1174780 2540.9
1174790 2543.2
1174800 2543.2
1174810 2544.9
1174820 2546.2
1174830 2546.2
1174840 2547.6
1174850 2549.1
1174860 2549.1
1174870 2550.7
1174880 2552.0
1174890 2553.1
1174900 2553.1
1174910 2554.5
1174920 2556.3
1174930 2556.3
1174940 2558.7
1174950 2561.3
1174960 2561.3
1174970 2564.1
1174980 2567.3
1174990 2567.3
1175000 2571.0
1175010 2574.7
1175020 2574.7
1175030 2578.5
1175040 2582.8
1175050 2582.8
1175060 2587.2
1175070 2591.6
1175080 2596.0
1175090 2596.0
1175100 2600.1
1175110 2603.0
1175120 2603.0
1175130 2605.4
1175140 2607.7
1175150 2607.7
1175160 2609.3
1175170 2610.7
1175180 2610.7
1175190 2613.9
1175200 2615.6
1175210 2615.6
1175220 2616.2
1175230 2615.3
1175240 2615.3
1175250 2615.7
1175260 2618.0
1175270 2621.7
1175280 2621.7
1175290 2626.5
1175300 2633.0
1175310 2633.0
1175320 2640.1
1175330 2647.0
1175340 2647.0
1175350 2651.9
1175360 2654.7
1175370 2654.7
1175380 2657.1
1175390 2660.5
1175400 2660.5
1175410 2665.3
1175420 2671.0
1175430 2671.0
1175440 2677.5
1175450 2685.2
1175460 2693.9
1175470 2693.9
1175480 2703.1
1175490 2712.6
1175500 2712.6
1175510 2721.1
1175520 2729.3
1175530 2729.3
1175540 2737.1
1175550 2745.2
1175560 2745.2
1175570 2751.6
1175580 2758.4
1175590 2758.4
1175600 2769.5
1175610 2775.2
1175620 2775.2
1175630 2780.2
1175640 2782.5
1175650 2780.1
1175660 2780.1
1175670 2775.8
1175680 2772.7
1175690 2772.7
1175700 2770.8
1175710 2766.6
1175720 2766.6
1175730 2761.2
1175740 2756.3
1175750 2756.3
1175760 2751.2
1175770 2747.9
1175780 2747.9
1175790 2744.6
1175800 2739.7
1175810 2739.7
1175820 2730.6
1175830 2721.7
1175840 2721.7
1175850 2713.5
1175860 2707.7
1175870 2704.9
1175880 2704.9
1175890 2703.3
1175900 2700.8
1175910 2700.8
1175920 2697.9
1175930 2692.7
1175940 2692.7
1175950 2686.4
1175960 2679.3
1175970 2679.3
1175980 2671.5
1175990 2662.8
1176000 2662.8
1176010 2654.0
1176020 2645.5
1176030 2645.5
1176040 2641.5
1176050 2638.3
1176060 2641.3
1176070 2641.3
1176080 2640.3
1176090 2637.0
1176100 2637.0
1176110 2635.8
1176120 2636.4
1176130 2636.4
1176140 2637.0
1176150 2632.2
1176160 2632.2
1176170 2625.0
1176180 2618.4
1176190 2618.4
1176200 2612.7
1176210 2607.4
1176220 2607.4
1176230 2601.8
1176240 2597.5
1176250 2594.8
1176260 2594.8
1176270 2588.6
1176280 2579.5
1176290 2579.5
1176300 2575.8
1176310 2572.6
1176320 2572.6
1176330 2565.4
1176340 2557.3
1176350 2557.3
1176360 2549.4
1176370 2543.7
1176380 2543.7
1176390 2541.0
1176400 2539.7
1176410 2539.7
1176420 2545.9
1176430 2543.8
1176440 2540.6
1176450 2540.6
1176460 2537.9
1176470 2534.1
1176480 2534.1
1176490 2529.1
1176500 2521.9
1176510 2521.9
1176520 2517.2
1176530 2515.6
1176540 2515.6
1176550 2513.8
1176560 2511.6
1176570 2511.6
1176580 2503.1
1176590 2497.4
1176600 2497.4
1176610 2493.7
1176620 2489.3
1176630 2487.8
1176640 2487.8
1176650 2489.1
1176660 2487.0
1176670 2487.0
1176680 2481.1
1176690 2477.1
1176700 2477.1
1176710 2477.6
1176720 2479.7
1176730 2479.7
1176740 2479.9
1176750 2475.2
1176760 2475.2
1176770 2468.7
1176780 2464.8
1176790 2464.8
1176800 2461.5
1176810 2456.5
1176820 2452.4
1176830 2460.7
1176840 2456.6
1176850 2450.0
1176860 2450.0
1176870 2447.9
1176880 2446.9
1176890 2446.9
1176900 2439.1
1176910 2430.8
1176920 2430.8
1176930 2425.6
1176940 2420.6
1176950 2420.6
1176960 2415.4
1176970 2413.5
1176980 2413.5
1176990 2411.5
1177000 2409.5
1177010 2408.9
1177020 2408.9
1177030 2407.6
1177040 2405.9
1177050 2405.9
1177060 2402.9
1177070 2400.1
1177080 2400.1
1177090 2399.4
1177100 2397.9
1177110 2397.9
1177120 2397.6
1177130 2396.9
1177140 2396.9
1177150 2394.6
1177160 2392.8
1177170 2392.8
1177180 2389.8
1177190 2387.8
1177200 2387.8
1177210 2386.5
1177220 2385.6
1177230 2382.2
1177240 2386.5
1177250 2379.7
1177260 2371.7
1177270 2371.7
1177280 2363.4
1177290 2355.3
1177300 2355.3
1177310 2347.6
1177320 2340.5
1177330 2340.5
1177340 2334.3
1177350 2328.6
1177360 2328.6
1177370 2322.5
1177380 2316.2
1177390 2316.2
1177400 2310.1
1177410 2303.5
1177420 2297.2
1177430 2297.2
1177440 2291.2
1177450 2285.1
1177460 2285.1
1177470 2280.1
1177480 2276.1
1177490 2276.1
1177500 2272.0
1177510 2268.6
1177520 2268.6
1177530 2265.6
1177540 2262.9
1177550 2262.9
1177560 2261.0
1177570 2259.1
1177580 2259.1
1177590 2256.3
1177600 2253.0
1177610 2251.5
1177620 2251.5
1177630 2249.6
1177640 2245.6
1177650 2247.6
1177660 2248.8
1177670 2248.5
1177680 2248.5
1177690 2246.9
1177700 2245.8
1177710 2245.8
1177720 2245.3
1177730 2244.6
1177740 2244.6
1177750 2243.9
1177760 2242.9
1177770 2242.9
1177780 2241.1
1177790 2238.9
1177800 2236.9
1177810 2236.9
1177820 2234.4
1177830 2231.4
1177840 2231.4
1177850 2227.5
1177860 2223.9
1177870 2223.9
1177880 2221.5
1177890 2222.3
1177900 2222.3
1177910 2226.0
1177920 2228.3
1177930 2228.3
1177940 2227.7
1177950 2225.1
1177960 2225.1
1177970 2221.3
1177980 2217.0
1177990 2212.4
1178000 2212.4
1178010 2207.4
1178020 2202.4
1178030 2202.4
1178040 2197.7
1178050 2192.7
1178060 2193.9
1178070 2188.3
1178080 2182.0
1178090 2182.0
1178100 2175.4
1178110 2166.8
1178120 2166.8
1178130 2157.9
1178140 2150.4
1178150 2150.4
1178160 2143.4
1178170 2137.8
1178180 2132.7
1178190 2132.7
1178200 2127.8
1178210 2123.2
1178220 2123.2
1178230 2118.5
1178240 2113.6
1178250 2113.6
1178260 2109.3
1178270 2105.8
1178280 2105.8
1178290 2103.0
1178300 2100.1
1178310 2100.1
1178320 2097.0
1178330 2094.0
1178340 2094.0
1178350 2091.7
1178360 2089.4
1178370 2085.2
1178380 2085.2
1178390 2079.7
1178400 2072.9
1178410 2072.9
1178420 2066.3
1178430 2061.4
1178440 2061.4
1178450 2057.8
1178460 2053.5
1178470 2053.2
1178480 2048.7
1178490 2043.5
1178500 2043.5
1178510 2037.3
1178520 2031.2
1178530 2031.2
1178540 2024.7
1178550 2018.1
1178560 2018.1
1178570 2011.6
1178580 2005.8
1178590 2000.8
1178600 2000.8
1178610 1996.2
1178620 1991.8
1178630 1991.8
1178640 1987.2
1178650 1981.7
1178660 1981.7
1178670 1975.3
1178680 1968.0
1178690 1968.0
1178700 1961.6
1178710 1956.9
1178720 1956.9
1178730 1952.5
1178740 1948.0
1178750 1948.0
1178760 1943.7
1178770 1939.7
1178780 1936.9
1178790 1936.9
1178800 1935.1
1178810 1933.0
1178820 1933.0
1178830 1930.0
1178840 1929.2
1178850 1929.2
1178860 1929.4
1178870 1929.4
1178880 1929.4
1178890 1929.9
1178900 1929.7
1178910 1929.7
1178920 1929.8
1178930 1930.4
1178940 1930.4
1178950 1931.7
1178960 1933.0
1178970 1934.0
1178980 1934.0
1178990 1935.7
1179000 1937.9
1179010 1937.9
1179020 1940.8
1179030 1944.4
1179040 1944.4
1179050 1949.5
1179060 1955.4
1179070 1955.4
1179080 1961.0
1179090 1966.5
1179100 1966.5
1179110 1971.9
1179120 1976.7
1179130 1976.7
1179140 1981.2
1179150 1985.9
1179160 1990.3
1179170 1990.3
1179180 1994.4
1179190 1998.8
1179200 1998.8
1179210 2003.4
1179220 2008.7
1179230 2008.7
1179240 2014.9
1179250 2020.5
1179260 2020.5
1179270 2025.8
1179280 2031.5
1179290 2031.5
1179300 2039.5
1179310 2045.4
1179320 2045.4
1179330 2051.4
1179340 2058.0
1179350 2064.2
1179360 2064.2
1179370 2070.0
1179380 2076.5
1179390 2076.5
1179400 2082.7
1179410 2088.7
1179420 2088.7
1179430 2095.4
1179440 2102.0
1179450 2102.0
1179460 2108.6
1179470 2114.3
1179480 2114.3
1179490 2117.7
1179500 2120.9
1179510 2120.9
1179520 2127.8
1179530 2135.6
1179540 2143.1
1179550 2143.1
1179560 2150.4
1179570 2157.4
1179580 2157.4
1179590 2163.5
1179600 2169.6
1179610 2169.6
1179620 2176.6
1179630 2183.8
1179640 2183.8
1179650 2189.5
1179660 2195.6
1179670 2195.6
1179680 2201.9
1179690 2209.5
1179700 2209.5
1179710 2218.1
1179720 2225.2
1179730 2232.5
1179740 2232.5
1179750 2239.7
1179760 2247.2
1179770 2247.2
1179780 2254.4
1179790 2261.3
1179800 2261.3
1179810 2268.4
1179820 2275.0
1179830 2275.0
1179840 2281.2
1179850 2287.7
1179860 2287.7
1179870 2295.0
1179880 2302.5
1179890 2302.5
1179900 2309.9
1179910 2317.7
1179920 2324.6
1179930 2324.6
1179940 2330.8
1179950 2337.5
1179960 2337.5
1179970 2344.4
1179980 2350.9
1179990 2350.9
