1165590 1272.5
1165600 1267.0
1165610 1267.0
1165620 1257.5
1165630 1249.0
1165640 1249.0
1165650 1242.1
1165660 1235.3
1165670 1235.3
1165680 1229.0
1165690 1224.0
1165700 1224.0
1165710 1221.6
1165720 1225.2
1165730 1225.2
1165740 1230.5
1165750 1225.2
1165760 1220.1
1165770 1220.1
1165780 1216.1
1165790 1213.2
1165800 1213.2
1165810 1213.2
1165820 1216.2
1165830 1216.2
1165840 1213.0
1165850 1200.9
1165860 1200.9
1165870 1193.4
1165880 1185.1
1165890 1185.1
1165900 1177.0
1165910 1167.8
1165920 1167.8
1165930 1155.4
1165940 1147.7
1165950 1141.5
1165960 1141.5
1165970 1136.8
1165980 1132.7
1165990 1132.7
1166000 1130.4
1166010 1129.7
1166020 1129.7
1166030 1129.3
1166040 1128.1
1166050 1128.1
1166060 1125.7
1166070 1123.3
1166080 1123.3
1166090 1121.4
1166100 1120.1
1166110 1120.1
1166120 1117.8
1166130 1115.8
1166140 1114.5
1166150 1114.5
1166160 1111.0
1166170 1103.1
1166180 1103.1
1166190 1097.6
1166200 1092.9
1166210 1092.9
1166220 1085.6
1166230 1076.3
1166240 1076.3
1166250 1066.5
1166260 1056.4
1166270 1056.4
1166280 1044.9
1166290 1038.0
1166300 1038.0
1166310 1031.3
1166320 1023.3
1166330 1018.0
1166340 1018.0
1166350 1017.7
1166360 1017.6
1166370 1017.6
1166380 1018.6
1166390 1026.0
1166400 1026.0
1166410 1034.8
1166420 1043.6
1166430 1043.6
1166440 1051.9
1166450 1059.6
1166460 1059.6
1166470 1067.3
1166480 1076.4
1166490 1076.4
1166500 1091.0
1166510 1106.8
1166520 1125.8
1166530 1125.8
1166540 1137.1
1166550 1148.4
1166560 1148.4
1166570 1157.2
1166580 1165.3
1166590 1165.3
1166600 1176.8
1166610 1191.0
1166620 1191.0
1166630 1201.9
1166640 1216.7
1166650 1218.3
1166660 1249.5
1166670 1267.1
1166680 1267.1
1166690 1280.3
1166700 1291.1
1166710 1300.0
1166720 1300.0
1166730 1309.3
1166740 1319.1
1166750 1319.1
1166760 1330.0
1166770 1341.1
1166780 1341.1
1166790 1347.8
1166800 1369.4
1166810 1369.4
1166820 1412.1
1166830 1437.0
1166840 1437.0
1166850 1453.7
1166860 1466.1
1166870 1466.1
1166880 1476.7
1166890 1488.1
1166900 1499.9
1166910 1499.9
1166920 1516.9
1166930 1529.5
1166940 1529.5
1166950 1540.5
1166960 1555.4
1166970 1555.4
1166980 1570.7
1166990 1586.9
1167000 1586.9
1167010 1610.6
1167020 1626.4
1167030 1626.4
1167040 1628.9
1167050 1626.2
1167060 1626.2
1167070 1626.4
1167080 1628.8
1167090 1628.8
1167100 1631.8
1167110 1636.2
1167120 1641.0
1167130 1641.0
1167140 1644.4
1167150 1646.9
1167160 1646.9
1167170 1646.6
1167180 1642.8
1167190 1642.8
1167200 1640.7
1167210 1639.1
1167220 1639.1
1167230 1634.9
1167240 1628.2
1167250 1628.2
1167260 1622.2
1167270 1618.9
1167280 1618.9
1167290 1610.7
1167300 1599.3
1167310 1590.4
1167320 1590.4
1167330 1583.9
1167340 1576.3
1167350 1576.3
1167360 1567.5
1167370 1559.7
1167380 1559.7
1167390 1553.8
1167400 1547.1
1167410 1547.1
1167420 1539.1
1167430 1532.6
1167440 1532.6
1167450 1524.5
1167460 1518.7
1167470 1518.7
1167480 1512.8
1167490 1506.4
1167500 1497.8
1167510 1497.8
1167520 1489.0
1167530 1482.2
1167540 1482.2
1167550 1476.0
1167560 1470.7
1167570 1470.7
1167580 1466.4
1167590 1463.5
1167600 1463.5
1167610 1461.2
1167620 1457.9
1167630 1457.9
1167640 1452.3
1167650 1445.1
1167660 1445.1
1167670 1439.9
1167680 1435.3
1167690 1429.4
1167700 1429.4
1167710 1423.6
1167720 1417.2
1167730 1417.2
1167740 1407.7
1167750 1398.3
1167760 1398.3
1167770 1390.1
1167780 1383.2
1167790 1383.2
1167800 1378.1
1167810 1373.6
1167820 1373.6
1167830 1369.8
1167840 1361.1
1167850 1361.1
1167860 1357.7
1167870 1355.5
1167880 1353.0
1167890 1353.0
1167900 1350.9
1167910 1349.2
1167920 1349.2
1167930 1345.5
1167940 1340.1
1167950 1340.1
1167960 1334.4
1167970 1329.1
1167980 1329.1
1167990 1324.5
1168000 1320.2
1168010 1320.2
1168020 1315.7
1168030 1310.9
1168040 1310.9
1168050 1305.8
1168060 1300.3
1168070 1295.0
1168080 1295.0
1168090 1290.0
1168100 1285.3
1168110 1285.3
1168120 1280.3
1168130 1274.4
1168140 1274.4
1168150 1269.1
1168160 1263.5
1168170 1263.5
1168180 1257.2
1168190 1251.1
1168200 1251.1
1168210 1245.8
1168220 1241.8
1168230 1241.8
1168240 1238.3
1168250 1235.3
1168260 1235.3
1168270 1234.3
1168280 1234.1
1168290 1234.4
1168300 1234.4
1168310 1236.7
1168320 1241.2
1168330 1241.2
1168340 1245.6
1168350 1248.8
1168360 1248.8
1168370 1251.1
1168380 1253.5
1168390 1253.5
1168400 1256.0
1168410 1259.6
1168420 1259.6
1168430 1263.7
1168440 1268.4
1168450 1268.4
1168460 1273.3
1168470 1277.5
1168480 1280.8
1168490 1280.8
1168500 1284.6
1168510 1290.2
1168520 1290.2
1168530 1298.3
1168540 1309.0
1168550 1309.0
1168560 1318.5
1168570 1331.7
1168580 1331.7
1168590 1349.1
1168600 1364.4
1168610 1364.4
1168620 1371.7
1168630 1378.2
1168640 1377.2
1168650 1383.4
1168660 1388.8
1168670 1393.1
1168680 1393.1
1168690 1397.4
1168700 1401.4
1168710 1401.4
1168720 1404.8
1168730 1408.0
1168740 1408.0
1168750 1412.0
1168760 1416.7
1168770 1416.7
1168780 1421.5
1168790 1426.1
1168800 1426.1
1168810 1429.5
1168820 1432.9
1168830 1432.9
1168840 1437.0
1168850 1441.5
1168860 1445.2
1168870 1445.2
1168880 1448.8
1168890 1452.6
1168900 1452.6
1168910 1457.0
1168920 1460.9
1168930 1460.9
1168940 1464.7
1168950 1469.4
1168960 1469.4
1168970 1475.1
1168980 1481.1
1168990 1481.1
1169000 1490.9
1169010 1505.5
1169020 1505.5
1169030 1514.5
1169040 1518.9
1169050 1523.4
1169060 1523.4
1169070 1527.7
1169080 1532.0
1169090 1532.0
1169100 1536.9
1169110 1541.0
1169120 1541.0
1169130 1543.3
1169140 1547.3
1169150 1547.3
1169160 1550.6
1169170 1553.2
1169180 1553.2
1169190 1555.5
1169200 1557.7
1169210 1557.7
1169220 1559.6
1169230 1561.3
1169240 1562.7
1169250 1562.7
1169260 1563.1
1169270 1563.6
1169280 1563.6
1169290 1564.1
1169300 1564.3
1169310 1564.3
1169320 1562.4
1169330 1560.7
1169340 1560.7
1169350 1560.0
1169360 1563.2
1169370 1563.2
1169380 1569.9
1169390 1575.2
1169400 1575.2
1169410 1578.7
1169420 1583.1
1169430 1583.1
1169440 1586.9
1169450 1583.0
1169460 1584.9
1169470 1584.9
1169480 1586.7
1169490 1587.8
1169500 1587.8
1169510 1588.9
1169520 1589.6
1169530 1589.6
1169540 1590.9
1169550 1595.0
1169560 1595.0
1169570 1600.7
1169580 1606.6
1169590 1606.6
1169600 1613.2
1169610 1618.9
1169620 1618.9
1169630 1624.0
1169640 1630.1
1169650 1635.9
1169660 1635.9
1169670 1641.1
1169680 1646.5
1169690 1646.5
1169700 1651.1
1169710 1657.5
1169720 1657.5
1169730 1663.0
1169740 1667.8
1169750 1667.8
1169760 1672.9
1169770 1677.9
1169780 1677.9
1169790 1683.4
1169800 1689.4
1169810 1689.4
1169820 1695.1
1169830 1700.3
1169840 1705.9
1169850 1707.4
1169860 1714.8
1169870 1721.8
1169880 1721.8
1169890 1727.3
1169900 1733.1
1169910 1733.1
1169920 1738.6
1169930 1743.8
1169940 1743.8
1169950 1749.3
1169960 1754.9
1169970 1754.9
1169980 1761.0
1169990 1767.2
1170000 1767.2
1170010 1773.1
1170020 1778.5
1170030 1783.9
1170040 1783.9
1170050 1788.4
1170060 1793.6
1170070 1793.6
1170080 1798.8
1170090 1804.7
1170100 1804.7
1170110 1812.4
1170120 1822.2
1170130 1822.2
1170140 1831.3
1170150 1838.1
1170160 1838.1
1170170 1843.9
1170180 1849.8
1170190 1849.8
1170200 1856.9
1170210 1865.2
1170220 1873.8
1170230 1873.8
1170240 1881.0
1170250 1888.1
1170260 1888.1
1170270 1894.0
1170280 1899.9
1170290 1899.9
1170300 1906.4
1170310 1913.6
1170320 1913.6
1170330 1920.4
1170340 1926.1
1170350 1926.1
1170360 1932.1
1170370 1941.6
1170380 1941.6
1170390 1951.2
1170400 1954.9
1170410 1954.5
1170420 1954.5
1170430 1957.1
1170440 1961.8
1170450 1961.8
1170460 1967.3
1170470 1970.6
1170480 1970.6
1170490 1973.6
1170500 1978.2
1170510 1978.2
1170520 1983.8
1170530 1988.1
1170540 1988.1
1170550 1991.2
1170560 1993.4
1170570 1993.4
1170580 1996.9
1170590 2000.0
1170600 2003.4
1170610 2003.4
1170620 2007.4
1170630 2011.9
1170640 2011.9
1170650 2021.2
1170660 2026.5
1170670 2026.5
1170680 2032.3
1170690 2038.2
1170700 2038.2
1170710 2044.5
1170720 2050.7
1170730 2050.7
1170740 2056.5
1170750 2062.0
1170760 2062.0
1170770 2067.6
1170780 2074.8
1170790 2074.8
1170800 2082.6
1170810 2090.5
1170820 2097.6
1170830 2097.6
1170840 2104.2
1170850 2109.3
1170860 2109.3
1170870 2114.4
1170880 2120.2
1170890 2120.2
1170900 2126.0
1170910 2131.4
1170920 2131.4
1170930 2137.0
1170940 2142.6
1170950 2142.6
1170960 2149.2
1170970 2157.4
1170980 2157.4
1170990 2163.5
1171000 2167.7
1171010 2171.6
1171020 2171.6
1171030 2175.6
1171040 2178.6
1171050 2174.3
1171060 2174.5
1171070 2174.3
1171080 2174.3
1171090 2175.4
1171100 2176.1
1171110 2176.1
1171120 2175.4
1171130 2175.2
1171140 2175.2
1171150 2175.0
1171160 2175.2
1171170 2175.2
1171180 2175.5
1171190 2174.4
1171200 2173.5
1171210 2173.5
1171220 2172.6
1171230 2171.8
1171240 2171.8
1171250 2170.9
1171260 2169.8
1171270 2169.8
1171280 2167.7
1171290 2165.6
1171300 2165.6
1171310 2163.5
1171320 2161.6
1171330 2161.6
1171340 2160.2
1171350 2158.5
1171360 2158.5
1171370 2156.6
1171380 2156.7
1171390 2157.9
1171400 2157.9
1171410 2159.0
1171420 2158.8
1171430 2158.8
1171440 2157.3
1171450 2156.0
1171460 2150.8
1171470 2149.9
1171480 2149.6
1171490 2149.6
1171500 2149.2
1171510 2150.4
1171520 2150.4
1171530 2151.4
1171540 2150.3
1171550 2150.3
1171560 2147.9
1171570 2145.6
1171580 2143.8
1171590 2143.8
1171600 2142.5
1171610 2142.6
1171620 2142.6
1171630 2143.4
1171640 2143.4
1171650 2143.4
1171660 2143.4
1171670 2142.5
1171680 2142.5
1171690 2141.4
1171700 2141.0
1171710 2141.0
1171720 2140.3
1171730 2138.4
1171740 2138.4
1171750 2136.9
1171760 2135.2
1171770 2134.6
1171780 2134.6
1171790 2135.4
1171800 2135.0
1171810 2135.0
1171820 2134.2
1171830 2133.1
1171840 2133.1
1171850 2131.7
1171860 2123.9
1171870 2123.9
1171880 2121.4
1171890 2118.5
1171900 2118.5
1171910 2117.8
1171920 2118.0
1171930 2118.0
1171940 2119.1
1171950 2120.2
1171960 2120.2
1171970 2122.0
1171980 2123.8
1171990 2122.9
1172000 2122.9
1172010 2120.7
1172020 2120.5
1172030 2120.5
1172040 2118.4
1172050 2116.5
1172060 2116.5
1172070 2116.3
1172080 2115.6
1172090 2115.6
1172100 2114.5
1172110 2114.8
1172120 2114.8
1172130 2116.7
1172140 2117.9
1172150 2117.9
1172160 2121.1
1172170 2125.5
1172180 2130.0
1172190 2130.0
1172200 2132.0
1172210 2133.9
1172220 2133.9
1172230 2134.8
1172240 2135.5
1172250 2135.5
1172260 2134.6
1172270 2132.8
1172280 2132.8
1172290 2137.8
1172300 2140.0
1172310 2140.0
1172320 2141.5
1172330 2142.0
1172340 2142.0
1172350 2139.1
1172360 2135.9
1172370 2134.4
1172380 2134.4
1172390 2134.1
1172400 2133.8
1172410 2133.8
1172420 2133.6
1172430 2133.5
1172440 2133.5
1172450 2134.2
1172460 2137.0
1172470 2137.0
1172480 2138.6
1172490 2140.3
1172500 2140.3
1172510 2140.5
1172520 2142.6
1172530 2142.6
1172540 2143.9
1172550 2143.2
1172560 2139.5
1172570 2139.5
1172580 2135.1
1172590 2134.3
1172600 2134.3
1172610 2134.2
1172620 2132.0
1172630 2132.0
1172640 2131.9
1172650 2132.1
1172660 2132.1
1172670 2123.4
1172680 2121.8
1172690 2121.8
1172700 2121.3
1172710 2122.4
1172720 2122.4
1172730 2124.6
1172740 2125.6
1172750 2126.5
1172760 2126.5
1172770 2128.1
1172780 2129.7
1172790 2129.7
1172800 2130.3
1172810 2130.4
1172820 2130.4
1172830 2130.9
1172840 2132.4
1172850 2132.4
1172860 2134.2
1172870 2135.8
1172880 2135.8
1172890 2137.3
1172900 2139.5
1172910 2139.5
1172920 2142.0
1172930 2144.1
1172940 2146.2
1172950 2146.2
1172960 2148.1
1172970 2149.8
1172980 2149.8
1172990 2151.2
1173000 2152.8
1173010 2152.8
1173020 2155.3
1173030 2158.6
1173040 2158.6
1173050 2162.5
1173060 2166.2
1173070 2166.2
1173080 2168.2
1173090 2171.7
1173100 2171.7
1173110 2175.1
1173120 2178.4
1173130 2178.4
1173140 2181.5
1173150 2184.6
1173160 2187.6
1173170 2187.6
1173180 2190.5
1173190 2193.4
1173200 2193.4
1173210 2196.1
1173220 2198.4
1173230 2198.4
1173240 2200.6
1173250 2202.5
1173260 2202.5
1173270 2204.3
1173280 2206.6
1173290 2206.6
1173300 2209.4
1173310 2212.5
1173320 2212.5
1173330 2215.6
1173340 2218.4
1173350 2220.6
1173360 2220.6
1173370 2223.0
1173380 2225.3
1173390 2225.3
1173400 2227.2
1173410 2228.7
1173420 2228.7
1173430 2229.8
1173440 2231.9
1173450 2231.9
1173460 2234.5
1173470 2237.3
1173480 2236.2
1173490 2238.8
1173500 2241.2
1173510 2241.2
1173520 2243.5
1173530 2246.0
1173540 2248.4
1173550 2248.4
1173560 2251.2
1173570 2254.4
1173580 2254.4
1173590 2257.5
1173600 2260.3
1173610 2260.3
1173620 2263.2
1173630 2265.8
1173640 2265.8
1173650 2267.7
1173660 2269.2
1173670 2269.2
1173680 2272.3
1173690 2276.4
1173700 2276.4
1173710 2280.6
1173720 2284.9
1173730 2289.2
1173740 2289.2
1173750 2293.2
1173760 2298.0
1173770 2298.0
1173780 2302.9
1173790 2307.2
1173800 2307.2
1173810 2311.6
1173820 2316.3
1173830 2316.3
1173840 2321.1
1173850 2326.0
1173860 2326.0
1173870 2331.3
1173880 2337.0
1173890 2335.3
1173900 2340.1
1173910 2344.8
1173920 2348.7
1173930 2348.7
1173940 2352.7
1173950 2357.6
1173960 2357.6
1173970 2362.8
1173980 2367.9
1173990 2367.9
1174000 2372.7
1174010 2377.0
1174020 2377.0
1174030 2381.1
1174040 2385.2
1174050 2385.2
1174060 2389.4
1174070 2393.7
1174080 2393.7
1174090 2398.6
1174100 2403.8
1174110 2408.9
1174120 2408.9
1174130 2414.1
1174140 2419.2
1174150 2419.2
1174160 2425.0
1174170 2430.5
1174180 2430.5
1174190 2436.4
1174200 2441.7
1174210 2441.7
1174220 2446.2
1174230 2450.3
1174240 2450.3
1174250 2455.5
1174260 2461.5
1174270 2461.5
1174280 2466.9
1174290 2471.0
1174300 2469.2
1174310 2469.2
1174320 2471.9
1174330 2474.0
1174340 2474.0
1174350 2475.4
1174360 2476.4
1174370 2476.4
1174380 2477.3
1174390 2479.4
1174400 2479.4
1174410 2482.9
1174420 2486.4
1174430 2486.4
1174440 2490.1
1174450 2494.1
1174460 2494.1
1174470 2498.1
1174480 2502.3
1174490 2502.3
1174500 2507.8
1174510 2513.1
1174520 2516.8
1174530 2516.8
1174540 2519.5
1174550 2521.1
1174560 2521.1
1174570 2522.5
1174580 2523.1
1174590 2523.1
1174600 2523.5
1174610 2524.0
1174620 2524.0
1174630 2525.0
1174640 2525.4
1174650 2525.4
1174660 2525.6
1174670 2526.1
1174680 2526.1
1174690 2527.5
1174700 2532.6
1174710 2535.4
1174720 2535.4
1174730 2539.8
1174740 2546.9
1174750 2546.9
1174760 2551.6
1174770 2552.2
1174780 2552.2
1174790 2553.4
1174800 2555.8
1174810 2555.8
1174820 2559.6
1174830 2564.4
1174840 2564.4
1174850 2569.5
1174860 2575.0
1174870 2575.0
1174880 2580.9
1174890 2587.1
1174900 2593.8
1174910 2593.8
1174920 2601.0
1174930 2609.9
1174940 2609.9
1174950 2621.9
1174960 2635.2
1174970 2635.2
1174980 2647.2
1174990 2658.4
1175000 2658.4
1175010 2668.5
1175020 2672.9
1175030 2672.9
1175040 2669.5
1175050 2665.5
1175060 2665.5
1175070 2664.6
1175080 2663.8
1175090 2663.7
1175100 2663.7
1175110 2668.7
1175120 2669.2
1175130 2669.2
1175140 2669.4
1175150 2671.0
1175160 2671.0
1175170 2672.5
1175180 2672.1
1175190 2672.1
1175200 2670.7
1175210 2671.5
1175220 2671.5
1175230 2673.0
1175240 2675.8
1175250 2675.8
1175260 2680.0
1175270 2684.5
1175280 2689.6
1175290 2689.6
1175300 2695.7
1175310 2700.6
1175320 2700.6
1175330 2704.5
1175340 2709.6
1175350 2709.6
1175360 2715.9
1175370 2723.0
1175380 2723.0
1175390 2729.7
1175400 2734.6
1175410 2734.6
1175420 2736.7
1175430 2736.9
1175440 2736.9
1175450 2735.3
1175460 2733.0
1175470 2727.1
1175480 2727.1
1175490 2720.4
1175500 2713.4
1175510 2713.4
1175520 2705.7
1175530 2698.7
1175540 2698.7
1175550 2691.4
1175560 2683.8
1175570 2683.8
1175580 2676.5
1175590 2670.2
1175600 2670.2
1175610 2664.9
1175620 2660.0
1175630 2660.0
1175640 2654.9
1175650 2650.3
1175660 2646.1
1175670 2646.1
1175680 2641.6
1175690 2636.4
1175700 2636.4
1175710 2630.5
1175720 2625.3
1175730 2625.3
1175740 2620.5
1175750 2614.7
1175760 2614.7
1175770 2608.8
1175780 2604.2
1175790 2604.2
1175800 2600.2
1175810 2596.9
1175820 2596.9
1175830 2594.4
1175840 2591.3
1175850 2591.3
1175860 2587.7
1175870 2584.3
1175880 2581.6
1175890 2581.6
1175900 2579.5
1175910 2577.1
1175920 2577.1
1175930 2572.8
1175940 2569.6
1175950 2569.6
1175960 2565.8
1175970 2561.8
1175980 2561.8
1175990 2558.7
1176000 2555.2
1176010 2555.2
1176020 2550.5
1176030 2547.0
1176040 2547.0
1176050 2545.1
1176060 2542.3
1176070 2538.8
1176080 2538.8
1176090 2534.8
1176100 2530.7
1176110 2530.7
1176120 2525.8
1176130 2520.2
1176140 2520.2
1176150 2514.6
1176160 2508.8
1176170 2508.8
1176180 2503.9
1176190 2500.0
1176200 2500.0
1176210 2496.0
1176220 2491.6
1176230 2491.6
1176240 2488.0
1176250 2484.9
1176260 2481.7
1176270 2481.7
1176280 2478.7
1176290 2476.3
1176300 2476.3
1176310 2474.7
1176320 2472.8
1176330 2472.8
1176340 2469.1
1176350 2466.4
1176360 2466.4
1176370 2462.7
1176380 2459.7
1176390 2459.7
1176400 2456.9
1176410 2454.2
1176420 2454.2
1176430 2452.0
1176440 2450.1
1176450 2448.0
1176460 2448.0
1176470 2445.4
1176480 2442.7
1176490 2442.7
1176500 2439.8
1176510 2436.6
1176520 2436.6
1176530 2432.9
1176540 2429.1
1176550 2429.1
1176560 2426.3
1176570 2423.8
1176580 2423.8
1176590 2421.0
1176600 2419.8
1176610 2419.8
1176620 2420.9
1176630 2419.1
1176640 2415.9
1176650 2415.9
1176660 2410.2
1176670 2404.0
1176680 2404.0
1176690 2400.4
1176700 2397.3
1176710 2397.3
1176720 2394.3
1176730 2391.9
1176740 2391.9
1176750 2387.9
1176760 2385.1
1176770 2385.1
1176780 2382.7
1176790 2381.8
1176800 2381.8
1176810 2380.5
1176820 2378.7
1176830 2376.2
1176840 2376.2
1176850 2374.0
1176860 2371.5
1176870 2371.5
1176880 2368.5
1176890 2365.8
1176900 2365.8
1176910 2363.6
1176920 2360.7
1176930 2360.7
1176940 2358.2
1176950 2356.8
1176960 2356.8
1176970 2355.4
1176980 2353.7
1176990 2353.7
1177000 2351.9
1177010 2351.1
1177020 2351.1
1177030 2350.6
1177040 2349.1
1177050 2347.0
1177060 2347.0
1177070 2344.7
1177080 2342.5
1177090 2342.5
1177100 2339.8
1177110 2335.1
1177120 2335.1
1177130 2328.8
1177140 2322.0
1177150 2322.0
1177160 2317.9
1177170 2311.4
1177180 2311.4
1177190 2304.8
1177200 2297.7
1177210 2297.7
1177220 2290.6
1177230 2284.3
1177240 2277.9
1177250 2277.9
1177260 2272.7
1177270 2269.4
1177280 2269.4
1177290 2267.5
1177300 2266.0
1177310 2266.0
1177320 2264.7
1177330 2263.2
1177340 2263.2
1177350 2261.7
1177360 2258.2
1177370 2258.2
1177380 2254.0
1177390 2252.0
1177400 2252.0
1177410 2250.0
1177420 2248.9
1177430 2247.9
1177440 2247.9
1177450 2246.5
1177460 2245.2
1177470 2245.2
1177480 2243.7
1177490 2242.0
1177500 2242.0
1177510 2240.1
1177520 2238.8
1177530 2238.8
1177540 2238.4
1177550 2237.3
1177560 2237.3
1177570 2240.7
1177580 2239.9
1177590 2239.9
1177600 2239.1
1177610 2239.1
1177620 2240.2
1177630 2240.2
1177640 2240.0
1177650 2238.7
1177660 2238.7
1177670 2238.0
1177680 2237.1
1177690 2237.1
1177700 2236.3
1177710 2235.2
1177720 2235.2
1177730 2233.8
1177740 2232.9
1177750 2232.9
1177760 2232.4
1177770 2229.9
1177780 2229.9
1177790 2226.0
1177800 2224.4
1177810 2223.8
1177820 2223.8
1177830 2221.7
1177840 2218.3
1177850 2218.3
1177860 2213.0
1177870 2206.8
1177880 2206.8
1177890 2201.4
1177900 2197.2
1177910 2197.2
1177920 2193.8
1177930 2189.6
1177940 2189.6
1177950 2184.8
1177960 2180.5
1177970 2180.5
1177980 2178.5
1177990 2176.5
1178000 2175.0
1178010 2175.0
1178020 2172.5
1178030 2169.7
1178040 2169.7
1178050 2166.8
1178060 2162.7
1178070 2162.7
1178080 2158.1
1178090 2153.0
1178100 2153.0
1178110 2147.5
1178120 2142.3
1178130 2142.3
1178140 2137.3
1178150 2132.7
1178160 2132.7
1178170 2128.0
1178180 2123.5
1178190 2119.3
1178200 2119.3
1178210 2115.1
1178220 2111.1
1178230 2111.1
1178240 2107.3
1178250 2103.6
1178260 2103.6
1178270 2100.1
1178280 2096.4
1178290 2096.4
1178300 2092.2
1178310 2087.4
1178320 2087.4
1178330 2081.7
1178340 2075.4
1178350 2075.4
1178360 2068.9
1178370 2062.4
1178380 2062.4
1178390 2055.8
1178400 2048.5
1178410 2042.3
1178420 2042.3
1178430 2036.0
1178440 2030.2
1178450 2030.2
1178460 2024.6
1178470 2019.3
1178480 2019.3
1178490 2013.9
1178500 2008.4
1178510 2008.4
1178520 2002.3
1178530 1995.7
1178540 1995.7
1178550 1988.9
1178560 1982.8
1178570 1982.8
1178580 1976.9
1178590 1972.0
1178600 1967.6
1178610 1967.6
1178620 1964.4
1178630 1961.5
1178640 1961.5
1178650 1957.8
1178660 1953.8
1178670 1953.8
1178680 1950.0
1178690 1946.5
1178700 1946.5
1178710 1943.2
1178720 1939.8
1178730 1939.8
1178740 1936.6
1178750 1933.7
1178760 1933.7
1178770 1930.9
1178780 1928.1
1178790 1925.4
1178800 1925.4
1178810 1922.8
1178820 1920.6
1178830 1920.6
1178840 1919.7
1178850 1919.0
1178860 1919.0
1178870 1919.8
1178880 1921.1
1178890 1921.1
1178900 1921.9
1178910 1922.6
1178920 1922.6
1178930 1923.4
1178940 1924.3
1178950 1924.3
1178960 1925.2
1178970 1926.2
1178980 1927.0
1178990 1927.0
1179000 1927.8
1179010 1928.9
1179020 1928.9
1179030 1929.9
1179040 1930.8
1179050 1930.8
1179060 1932.1
1179070 1933.6
1179080 1933.6
1179090 1934.7
1179100 1935.7
1179110 1935.7
1179120 1937.2
1179130 1938.8
1179140 1938.8
1179150 1942.2
1179160 1947.3
1179170 1952.3
1179180 1952.3
1179190 1957.7
1179200 1962.8
1179210 1962.8
1179220 1969.3
1179230 1974.9
1179240 1974.9
1179250 1980.6
1179260 1986.1
1179270 1986.1
1179280 1991.6
1179290 1997.9
1179300 1997.9
1179310 2004.3
1179320 2012.0
1179330 2012.0
1179340 2019.4
1179350 2025.8
1179360 2031.6
1179370 2031.6
1179380 2037.3
1179390 2043.5
1179400 2043.5
1179410 2050.0
1179420 2056.8
1179430 2056.8
1179440 2063.3
1179450 2069.4
1179460 2069.4
1179470 2075.3
1179480 2081.6
1179490 2081.6
1179500 2088.1
1179510 2094.3
1179520 2094.3
1179530 2100.0
1179540 2104.5
1179550 2104.5
1179560 2107.8
1179570 2110.8
1179580 2114.0
1179590 2114.0
1179600 2117.2
1179610 2120.0
1179620 2120.0
1179630 2122.0
1179640 2131.9
1179650 2131.9
1179660 2133.2
1179670 2130.0
1179680 2130.0
1179690 2125.1
1179700 2120.6
1179710 2120.6
1179720 2116.8
1179730 2115.0
1179740 2115.0
1179750 2115.3
1179760 2118.0
1179770 2118.2
1179780 2118.2
1179790 2118.8
1179800 2121.8
1179810 2121.8
1179820 2125.0
1179830 2128.7
1179840 2128.7
1179850 2132.5
1179860 2136.1
1179870 2136.1
1179880 2139.6
1179890 2143.1
1179900 2143.1
1179910 2147.5
1179920 2153.7
1179930 2153.7
1179940 2160.9
1179950 2168.5
1179960 2177.1
1179970 2177.1
1179980 2184.6
1179990 2191.1
