1165540 1402.9
1165550 1402.9
1165560 1400.3
1165570 1395.2
1165580 1395.2
1165590 1389.5
1165600 1382.7
1165610 1382.7
1165620 1371.1
1165630 1351.4
1165640 1323.4
1165650 1323.4
1165660 1296.5
1165670 1279.7
1165680 1279.7
1165690 1269.3
1165700 1259.9
1165710 1259.9
1165720 1250.0
1165730 1240.5
1165740 1240.5
1165750 1231.0
1165760 1221.7
1165770 1221.7
1165780 1212.4
1165790 1203.4
1165800 1203.4
1165810 1195.1
1165820 1187.4
1165830 1179.9
1165840 1179.9
1165850 1172.5
1165860 1165.3
1165870 1165.3
1165880 1157.8
1165890 1151.1
1165900 1151.1
1165910 1145.2
1165920 1139.4
1165930 1141.7
1165940 1135.3
1165950 1128.2
1165960 1128.2
1165970 1121.6
1165980 1116.4
1165990 1116.4
1166000 1113.2
1166010 1111.2
1166020 1108.9
1166030 1108.9
1166040 1107.1
1166050 1106.2
1166060 1106.2
1166070 1104.7
1166080 1102.7
1166090 1102.7
1166100 1100.6
1166110 1097.8
1166120 1097.8
1166130 1094.5
1166140 1090.2
1166150 1090.2
1166160 1080.9
1166170 1067.3
1166180 1067.3
1166190 1057.0
1166200 1048.9
1166210 1040.8
1166220 1040.8
1166230 1034.8
1166240 1033.5
1166250 1033.5
1166260 1031.9
1166270 1028.2
1166280 1028.2
1166290 1023.9
1166300 1020.5
1166310 1020.5
1166320 1020.0
1166330 1020.0
1166340 1020.0
1166350 1020.8
1166360 1026.8
1166370 1026.8
1166380 1035.6
1166390 1059.4
1166400 1098.6
1166410 1098.6
1166420 1117.1
1166430 1136.3
1166440 1136.3
1166450 1160.2
1166460 1173.7
1166470 1173.7
1166480 1184.9
1166490 1195.8
1166500 1195.8
1166510 1205.4
1166520 1215.5
1166530 1215.5
1166540 1225.9
1166550 1238.5
1166560 1238.5
1166570 1248.2
1166580 1255.6
1166590 1264.4
1166600 1264.4
1166610 1273.9
1166620 1285.6
1166630 1285.6
1166640 1304.2
1166650 1319.9
1166660 1319.9
1166670 1333.6
1166680 1345.5
1166690 1345.5
1166700 1360.4
1166710 1366.9
1166720 1380.2
1166730 1388.8
1166740 1406.9
1166750 1406.9
1166760 1421.6
1166770 1436.1
1166780 1436.1
1166790 1453.8
1166800 1466.7
1166810 1478.2
1166820 1478.2
1166830 1490.7
1166840 1504.9
1166850 1504.9
1166860 1522.5
1166870 1541.3
1166880 1541.3
1166890 1557.2
1166900 1570.6
1166910 1570.6
1166920 1583.1
1166930 1600.3
1166940 1600.3
1166950 1615.2
1166960 1620.6
1166970 1620.6
1166980 1622.5
1166990 1622.3
1167000 1623.8
1167010 1623.8
1167020 1625.3
1167030 1625.2
1167040 1625.2
1167050 1623.0
1167060 1616.1
1167070 1616.1
1167080 1608.3
1167090 1603.4
1167100 1603.4
1167110 1601.4
1167120 1599.5
1167130 1599.5
1167140 1600.5
1167150 1602.0
1167160 1602.0
1167170 1604.7
1167180 1606.4
1167190 1607.5
1167200 1607.5
1167210 1609.9
1167220 1609.7
1167230 1609.7
1167240 1609.1
1167250 1607.4
1167260 1607.4
1167270 1601.5
1167280 1597.8
1167290 1597.8
1167300 1594.2
1167310 1588.5
1167320 1588.5
1167330 1583.5
1167340 1577.5
1167350 1577.5
1167360 1567.2
1167370 1555.3
1167380 1545.3
1167390 1545.3
1167400 1536.9
1167410 1528.4
1167420 1528.4
1167430 1518.8
1167440 1508.6
1167450 1508.6
1167460 1499.5
1167470 1486.4
1167480 1486.4
1167490 1476.0
1167500 1468.4
1167510 1468.4
1167520 1460.1
1167530 1453.4
1167540 1453.4
1167550 1446.6
1167560 1439.5
1167570 1432.5
1167580 1432.5
1167590 1425.4
1167600 1419.3
1167610 1419.3
1167620 1413.6
1167630 1408.4
1167640 1408.4
1167650 1403.0
1167660 1396.9
1167670 1396.9
1167680 1389.4
1167690 1379.8
1167700 1379.8
1167710 1370.9
1167720 1363.5
1167730 1363.5
1167740 1357.6
1167750 1353.0
1167760 1349.0
1167770 1349.0
1167780 1345.0
1167790 1341.0
1167800 1341.0
1167810 1337.1
1167820 1332.9
1167830 1332.9
1167840 1328.6
1167850 1324.2
1167860 1324.2
1167870 1319.2
1167880 1314.4
1167890 1314.4
1167900 1309.1
1167910 1303.4
1167920 1304.1
1167930 1298.4
1167940 1292.3
1167950 1292.3
1167960 1287.2
1167970 1283.2
1167980 1278.4
1167990 1278.4
1168000 1272.5
1168010 1266.4
1168020 1266.4
1168030 1261.3
1168040 1256.1
1168050 1256.1
1168060 1252.5
1168070 1251.1
1168080 1251.1
1168090 1248.4
1168100 1246.2
1168110 1246.2
1168120 1244.9
1168130 1243.8
1168140 1243.8
1168150 1244.5
1168160 1246.9
1168170 1252.1
1168180 1252.1
1168190 1257.4
1168200 1262.4
1168210 1262.4
1168220 1267.1
1168230 1269.1
1168240 1269.1
1168250 1270.0
1168260 1270.7
1168270 1270.7
1168280 1272.0
1168290 1270.5
1168300 1270.5
1168310 1271.9
1168320 1275.1
1168330 1275.1
1168340 1276.9
1168350 1281.5
1168360 1286.6
1168370 1286.6
1168380 1290.5
1168390 1293.4
1168400 1293.4
1168410 1296.7
1168420 1300.2
1168430 1300.2
1168440 1304.3
1168450 1309.2
1168460 1309.2
1168470 1314.0
1168480 1320.4
1168490 1320.4
1168500 1326.3
1168510 1331.9
1168520 1331.9
1168530 1337.7
1168540 1344.2
1168550 1350.5
1168560 1350.5
1168570 1357.4
1168580 1363.9
1168590 1363.9
1168600 1369.0
1168610 1374.2
1168620 1374.2
1168630 1379.4
1168640 1384.8
1168650 1384.8
1168660 1388.2
1168670 1392.8
1168680 1392.8
1168690 1397.2
1168700 1402.0
1168710 1402.0
1168720 1403.6
1168730 1408.4
1168740 1412.5
1168750 1412.5
1168760 1417.1
1168770 1422.4
1168780 1422.4
1168790 1427.0
1168800 1430.7
1168810 1430.7
1168820 1434.4
1168830 1436.5
1168840 1436.5
1168850 1438.5
1168860 1441.1
1168870 1441.1
1168880 1443.4
1168890 1445.4
1168900 1445.4
1168910 1447.4
1168920 1449.1
1168930 1450.3
1168940 1450.3
1168950 1451.7
1168960 1453.5
1168970 1453.5
1168980 1455.2
1168990 1456.9
1169000 1456.9
1169010 1458.3
1169020 1459.4
1169030 1459.4
1169040 1460.2
1169050 1460.3
1169060 1460.3
1169070 1460.7
1169080 1459.9
1169090 1459.9
1169100 1459.6
1169110 1462.8
1169120 1473.4
1169130 1473.4
1169140 1478.7
1169150 1483.5
1169160 1483.5
1169170 1487.6
1169180 1492.0
1169190 1492.0
1169200 1497.3
1169210 1501.5
1169220 1501.5
1169230 1506.5
1169240 1512.1
1169250 1512.1
1169260 1516.4
1169270 1520.5
1169280 1520.5
1169290 1524.1
1169300 1527.4
1169310 1527.4
1169320 1532.0
1169330 1535.9
1169340 1539.2
1169350 1539.2
1169360 1542.3
1169370 1546.2
1169380 1546.2
1169390 1550.2
1169400 1553.7
1169410 1553.7
1169420 1557.5
1169430 1562.1
1169440 1562.1
1169450 1567.1
1169460 1571.7
1169470 1571.7
1169480 1575.9
1169490 1579.7
1169500 1579.7
1169510 1582.8
1169520 1586.7
1169530 1589.6
1169540 1589.6
1169550 1593.4
1169560 1597.7
1169570 1597.7
1169580 1603.4
1169590 1610.4
1169600 1610.4
1169610 1618.7
1169620 1625.3
1169630 1625.3
1169640 1631.3
1169650 1637.1
1169660 1637.1
1169670 1642.4
1169680 1648.8
1169690 1648.8
1169700 1656.1
1169710 1662.5
1169720 1667.6
1169730 1667.6
1169740 1673.9
1169750 1679.9
1169760 1679.9
1169770 1685.2
1169780 1689.4
1169790 1689.4
1169800 1693.3
1169810 1694.4
1169820 1694.4
1169830 1696.1
1169840 1700.2
1169850 1700.2
1169860 1703.7
1169870 1706.7
1169880 1706.7
1169890 1710.3
1169900 1713.7
1169910 1717.8
1169920 1724.6
1169930 1727.7
1169940 1732.9
1169950 1732.9
1169960 1739.6
1169970 1745.5
1169980 1745.5
1169990 1752.6
1170000 1759.5
1170010 1759.5
1170020 1766.2
1170030 1773.0
1170040 1773.0
1170050 1780.5
1170060 1788.1
1170070 1788.1
1170080 1795.1
1170090 1802.2
1170100 1810.0
1170110 1810.0
1170120 1818.3
1170130 1826.8
1170140 1826.8
1170150 1836.5
1170160 1843.0
1170170 1843.0
1170180 1850.6
1170190 1858.5
1170200 1858.5
1170210 1866.4
1170220 1873.8
1170230 1873.8
1170240 1881.1
1170250 1889.3
1170260 1889.3
1170270 1897.6
1170280 1905.6
1170290 1912.4
1170300 1912.4
1170310 1918.4
1170320 1926.7
1170330 1926.7
1170340 1932.2
1170350 1937.9
1170360 1937.9
1170370 1943.8
1170380 1949.8
1170390 1949.8
1170400 1956.1
1170410 1962.9
1170420 1962.9
1170430 1970.0
1170440 1976.5
1170450 1976.5
1170460 1983.5
1170470 1991.4
1170480 2001.1
1170490 2001.1
1170500 2011.3
1170510 2019.9
1170520 2019.9
1170530 2028.8
1170540 2036.0
1170550 2036.0
1170560 2041.0
1170570 2046.5
1170580 2046.5
1170590 2052.1
1170600 2056.2
1170610 2056.2
1170620 2060.5
1170630 2064.5
1170640 2064.5
1170650 2068.1
1170660 2071.5
1170670 2071.5
1170680 2074.5
1170690 2077.1
1170700 2079.6
1170710 2079.6
1170720 2081.9
1170730 2079.7
1170740 2079.7
1170750 2080.5
1170760 2081.4
1170770 2081.4
1170780 2081.2
1170790 2080.5
1170800 2080.5
1170810 2080.4
1170820 2081.0
1170830 2081.0
1170840 2082.2
1170850 2083.6
1170860 2083.6
1170870 2083.8
1170880 2084.8
1170890 2087.6
1170900 2087.6
1170910 2089.1
1170920 2086.7
1170930 2086.7
1170940 2085.7
1170950 2086.7
1170960 2086.7
1170970 2087.4
1170980 2088.2
1170990 2088.2
1171000 2089.0
1171010 2089.1
1171020 2089.1
1171030 2088.4
1171040 2087.6
1171050 2087.6
1171060 2088.5
1171070 2091.2
1171080 2096.0
1171090 2096.0
1171100 2102.4
1171110 2105.6
1171120 2105.6
1171130 2101.6
1171140 2099.6
1171150 2099.6
1171160 2096.9
1171170 2093.6
1171180 2093.6
1171190 2089.6
1171200 2085.6
1171210 2085.6
1171220 2081.4
1171230 2077.2
1171240 2077.2
1171250 2073.1
1171260 2068.6
1171270 2065.0
1171280 2065.0
1171290 2061.7
1171300 2058.9
1171310 2058.9
1171320 2056.7
1171330 2054.8
1171340 2054.8
1171350 2052.1
1171360 2047.2
1171370 2047.2
1171380 2041.3
1171390 2036.7
1171400 2036.7
1171410 2033.4
1171420 2031.1
1171430 2031.1
1171440 2029.5
1171450 2030.5
1171460 2032.6
1171470 2032.6
1171480 2034.3
1171490 2034.0
1171500 2034.0
1171510 2032.5
1171520 2032.5
1171530 2026.6
1171540 2027.4
1171550 2029.1
1171560 2029.1
1171570 2030.2
1171580 2030.9
1171590 2030.9
1171600 2032.3
1171610 2035.2
1171620 2035.2
1171630 2038.2
1171640 2038.3
1171650 2036.7
1171660 2036.7
1171670 2035.7
1171680 2036.8
1171690 2036.8
1171700 2037.3
1171710 2035.9
1171720 2035.9
1171730 2034.9
1171740 2034.4
1171750 2034.4
1171760 2032.5
1171770 2031.1
1171780 2031.1
1171790 2029.9
1171800 2028.9
1171810 2028.9
1171820 2028.5
1171830 2030.8
1171840 2031.4
1171850 2031.4
1171860 2029.8
1171870 2027.6
1171880 2027.6
1171890 2025.5
1171900 2024.1
1171910 2024.1
1171920 2022.1
1171930 2020.0
1171940 2014.5
1171950 2012.7
1171960 2011.7
1171970 2011.7
1171980 2010.4
1171990 2010.6
1172000 2010.6
1172010 2011.8
1172020 2013.0
1172030 2013.0
1172040 2013.6
1172050 2015.3
1172060 2017.8
1172070 2017.8
1172080 2019.7
1172090 2021.0
1172100 2021.0
1172110 2020.8
1172120 2020.8
1172130 2020.8
1172140 2022.5
1172150 2021.1
1172160 2021.1
1172170 2016.8
1172180 2012.0
1172190 2012.0
1172200 2007.9
1172210 2006.6
1172220 2006.6
1172230 2007.6
1172240 2007.9
1172250 2009.0
1172260 2009.0
1172270 2011.1
1172280 2013.0
1172290 2013.0
1172300 2014.9
1172310 2016.6
1172320 2016.6
1172330 2018.1
1172340 2016.1
1172350 2016.1
1172360 2019.4
1172370 2022.0
1172380 2022.0
1172390 2024.8
1172400 2027.8
1172410 2027.8
1172420 2031.9
1172430 2036.3
1172440 2040.7
1172450 2040.7
1172460 2044.8
1172470 2049.5
1172480 2049.5
1172490 2054.1
1172500 2059.8
1172510 2059.8
1172520 2064.1
1172530 2067.6
1172540 2067.6
1172550 2071.3
1172560 2075.8
1172570 2075.8
1172580 2080.4
1172590 2085.4
1172600 2085.4
1172610 2090.5
1172620 2094.6
1172630 2098.3
1172640 2098.3
1172650 2102.2
1172660 2106.5
1172670 2106.5
1172680 2111.0
1172690 2115.3
1172700 2115.3
1172710 2119.3
1172720 2122.9
1172730 2122.9
1172740 2126.5
1172750 2134.4
1172760 2134.4
1172770 2137.9
1172780 2142.5
1172790 2142.5
1172800 2146.7
1172810 2150.5
1172820 2154.9
1172830 2154.9
1172840 2158.8
1172850 2162.9
1172860 2162.9
1172870 2167.6
1172880 2172.4
1172890 2172.4
1172900 2177.4
1172910 2182.4
1172920 2182.4
1172930 2187.7
1172940 2192.5
1172950 2192.5
1172960 2196.5
1172970 2200.3
1172980 2200.3
1172990 2203.5
1173000 2206.8
1173010 2210.5
1173020 2210.5
1173030 2212.9
1173040 2216.9
1173050 2216.9
1173060 2222.2
1173070 2226.3
1173080 2226.3
1173090 2229.6
1173100 2232.2
1173110 2232.2
1173120 2235.5
1173130 2239.0
1173140 2239.0
1173150 2248.1
1173160 2252.0
1173170 2252.0
1173180 2255.6
1173190 2259.1
1173200 2262.0
1173210 2262.0
1173220 2264.5
1173230 2267.1
1173240 2267.1
1173250 2269.6
1173260 2271.5
1173270 2271.5
1173280 2274.1
1173290 2276.4
1173300 2276.4
1173310 2277.5
1173320 2277.0
1173330 2277.0
1173340 2276.6
1173350 2277.0
1173360 2277.0
1173370 2277.4
1173380 2278.4
1173390 2278.4
1173400 2281.9
1173410 2285.5
1173420 2290.1
1173430 2290.1
1173440 2297.2
1173450 2304.3
1173460 2304.3
1173470 2310.0
1173480 2314.6
1173490 2314.6
1173500 2317.6
1173510 2318.9
1173520 2318.9
1173530 2318.8
1173540 2318.7
1173550 2318.7
1173560 2325.7
1173570 2327.3
1173580 2327.3
1173590 2329.6
1173600 2332.6
1173610 2335.2
1173620 2335.2
1173630 2335.9
1173640 2336.6
1173650 2336.6
1173660 2338.9
1173670 2340.2
1173680 2340.2
1173690 2342.2
1173700 2344.5
1173710 2344.5
1173720 2346.2
1173730 2347.2
1173740 2347.2
1173750 2348.2
1173760 2349.2
1173770 2349.2
1173780 2350.6
1173790 2351.6
1173800 2352.3
1173810 2352.3
1173820 2353.9
1173830 2355.6
1173840 2355.6
1173850 2357.1
1173860 2357.8
1173870 2357.8
1173880 2358.2
1173890 2359.0
1173900 2359.0
1173910 2360.1
1173920 2361.0
1173930 2361.0
1173940 2361.8
1173950 2361.6
1173960 2366.6
1173970 2365.9
1173980 2366.8
1173990 2370.0
1174000 2370.0
1174010 2375.7
1174020 2381.7
1174030 2381.7
1174040 2383.6
1174050 2383.8
1174060 2383.8
1174070 2383.5
1174080 2385.4
1174090 2385.4
1174100 2387.7
1174110 2389.5
1174120 2389.5
1174130 2389.2
1174140 2389.1
1174150 2389.1
1174160 2390.7
1174170 2392.3
1174180 2394.4
1174190 2394.4
1174200 2396.7
1174210 2399.0
1174220 2399.0
1174230 2401.5
1174240 2404.3
1174250 2404.3
1174260 2408.2
1174270 2410.9
1174280 2410.9
1174290 2413.0
1174300 2415.3
1174310 2415.3
1174320 2417.4
1174330 2419.7
1174340 2419.7
1174350 2422.3
1174360 2424.3
1174370 2427.7
1174380 2427.7
1174390 2430.4
1174400 2433.4
1174410 2433.4
1174420 2436.4
1174430 2439.5
1174440 2439.5
1174450 2443.1
1174460 2447.7
1174470 2447.7
1174480 2453.1
1174490 2460.3
1174500 2460.3
1174510 2468.0
1174520 2474.2
1174530 2474.2
1174540 2480.3
1174550 2485.9
1174560 2490.9
1174570 2490.9
1174580 2494.4
1174590 2496.8
1174600 2496.8
1174610 2497.6
1174620 2498.9
1174630 2498.9
1174640 2501.7
1174650 2504.5
1174660 2504.5
1174670 2507.4
1174680 2511.8
1174690 2511.8
1174700 2517.5
1174710 2520.9
1174720 2520.9
1174730 2524.5
1174740 2528.6
1174750 2528.6
1174760 2533.9
1174770 2542.3
1174780 2550.4
1174790 2550.4
1174800 2560.7
1174810 2568.7
1174820 2568.7
1174830 2578.0
1174840 2588.1
1174850 2588.1
1174860 2595.4
1174870 2599.1
1174880 2599.1
1174890 2603.4
1174900 2606.5
1174910 2606.5
1174920 2607.7
1174930 2608.1
1174940 2608.1
1174950 2609.1
1174960 2612.9
1174970 2617.7
1174980 2617.7
1174990 2619.4
1175000 2620.8
1175010 2620.8
1175020 2623.3
1175030 2626.9
1175040 2626.9
1175050 2630.9
1175060 2634.8
1175070 2634.8
1175080 2638.7
1175090 2641.4
1175100 2641.4
1175110 2641.9
1175120 2641.0
1175130 2641.0
1175140 2640.0
1175150 2639.9
1175160 2640.9
1175170 2640.9
1175180 2641.9
1175190 2634.9
1175200 2634.9
1175210 2636.2
1175220 2637.5
1175230 2637.5
1175240 2638.9
1175250 2638.6
1175260 2638.6
1175270 2639.1
1175280 2641.1
1175290 2641.1
1175300 2643.6
1175310 2645.9
1175320 2645.9
1175330 2647.9
1175340 2650.1
1175350 2652.1
1175360 2652.1
1175370 2654.4
1175380 2657.8
1175390 2657.8
1175400 2662.2
1175410 2666.8
1175420 2666.8
1175430 2670.5
1175440 2674.1
1175450 2674.1
1175460 2678.8
1175470 2684.6
1175480 2684.6
1175490 2690.6
1175500 2697.2
1175510 2697.2
1175520 2704.8
1175530 2715.1
1175540 2725.1
1175550 2725.1
1175560 2731.2
1175570 2733.5
1175580 2733.5
1175590 2734.6
1175600 2737.4
1175610 2737.4
1175620 2733.3
1175630 2727.3
1175640 2727.3
1175650 2719.6
1175660 2711.1
1175670 2711.1
1175680 2705.4
1175690 2701.1
1175700 2701.1
1175710 2696.6
1175720 2692.2
1175730 2688.7
1175740 2688.7
1175750 2686.1
1175760 2683.1
1175770 2683.1
1175780 2679.7
1175790 2676.1
1175800 2676.1
1175810 2670.4
1175820 2661.7
1175830 2661.7
1175840 2653.2
1175850 2645.1
1175860 2645.1
1175870 2637.1
1175880 2629.3
1175890 2629.3
1175900 2621.7
1175910 2615.6
1175920 2608.7
1175930 2608.7
1175940 2602.9
1175950 2597.2
1175960 2597.2
1175970 2589.7
1175980 2584.7
1175990 2584.7
1176000 2578.9
1176010 2577.9
1176020 2577.9
1176030 2573.4
1176040 2568.5
1176050 2568.5
1176060 2563.3
1176070 2558.0
1176080 2558.0
1176090 2552.6
1176100 2547.0
1176110 2547.0
1176120 2541.5
1176130 2536.0
1176140 2530.5
1176150 2530.5
1176160 2525.4
1176170 2520.8
1176180 2520.8
1176190 2516.1
1176200 2511.4
1176210 2511.4
1176220 2506.8
1176230 2502.4
1176240 2502.4
1176250 2497.9
1176260 2493.3
1176270 2493.3
1176280 2488.9
1176290 2483.9
1176300 2483.9
1176310 2478.6
1176320 2473.4
1176330 2468.5
1176340 2468.5
1176350 2463.7
1176360 2458.2
1176370 2458.2
1176380 2454.0
1176390 2450.9
1176400 2450.9
1176410 2448.8
1176420 2450.7
1176430 2450.7
1176440 2447.2
1176450 2444.4
1176460 2444.4
1176470 2442.2
1176480 2439.7
1176490 2439.7
1176500 2437.3
1176510 2434.8
1176520 2431.8
1176530 2431.8
1176540 2428.2
1176550 2424.6
1176560 2424.6
1176570 2420.8
1176580 2417.0
1176590 2417.0
1176600 2413.1
1176610 2409.2
1176620 2409.2
1176630 2406.1
1176640 2402.9
1176650 2402.9
1176660 2399.4
1176670 2396.1
1176680 2396.1
1176690 2393.3
1176700 2391.3
1176710 2388.7
1176720 2388.7
1176730 2385.6
1176740 2382.3
1176750 2382.3
1176760 2379.0
1176770 2375.8
1176780 2375.8
1176790 2372.6
1176800 2369.3
1176810 2369.3
1176820 2365.7
1176830 2362.9
1176840 2362.9
1176850 2358.7
1176860 2354.5
1176870 2354.5
1176880 2350.5
1176890 2347.0
1176900 2343.6
1176910 2343.6
1176920 2340.3
1176930 2337.6
1176940 2337.6
1176950 2335.0
1176960 2331.9
1176970 2331.9
1176980 2328.6
1176990 2326.1
1177000 2326.1
1177010 2323.5
1177020 2321.0
1177030 2321.0
1177040 2318.8
1177050 2316.4
1177060 2316.4
1177070 2314.1
1177080 2312.0
1177090 2309.7
1177100 2309.7
1177110 2307.4
1177120 2305.2
1177130 2305.2
1177140 2303.4
1177150 2301.4
1177160 2301.4
1177170 2299.4
1177180 2297.4
1177190 2297.4
1177200 2295.3
1177210 2293.5
1177220 2293.5
1177230 2291.8
1177240 2291.8
1177250 2291.8
1177260 2290.5
1177270 2289.4
1177280 2288.0
1177290 2288.0
1177300 2287.9
1177310 2288.6
1177320 2288.6
1177330 2289.1
1177340 2288.9
1177350 2288.9
1177360 2288.7
1177370 2288.5
1177380 2288.5
1177390 2288.6
1177400 2288.5
1177410 2288.5
1177420 2287.9
1177430 2286.5
1177440 2286.5
1177450 2283.9
1177460 2280.4
1177470 2280.4
1177480 2276.2
1177490 2271.8
1177500 2267.6
1177510 2267.6
1177520 2263.6
1177530 2259.6
1177540 2259.6
1177550 2255.8
1177560 2252.3
1177570 2252.3
1177580 2249.0
1177590 2245.6
1177600 2245.6
1177610 2242.0
1177620 2238.5
1177630 2238.5
1177640 2234.9
1177650 2233.2
1177660 2233.2
1177670 2231.2
1177680 2229.0
1177690 2225.9
1177700 2225.9
1177710 2222.9
1177720 2220.7
1177730 2220.7
1177740 2219.2
1177750 2216.9
1177760 2216.9
1177770 2213.9
1177780 2210.8
1177790 2210.8
1177800 2207.7
1177810 2204.1
1177820 2204.1
1177830 2201.0
1177840 2197.4
1177850 2197.4
1177860 2192.7
1177870 2187.5
1177880 2182.8
1177890 2182.8
1177900 2179.0
1177910 2177.7
1177920 2177.7
1177930 2179.7
1177940 2182.3
1177950 2182.3
1177960 2183.7
1177970 2183.5
1177980 2183.5
1177990 2182.8
1178000 2181.1
1178010 2181.1
1178020 2178.1
1178030 2175.3
1178040 2175.3
1178050 2171.3
1178060 2171.0
1178070 2166.9
1178080 2166.9
1178090 2162.3
1178100 2157.6
1178110 2157.6
1178120 2150.7
1178130 2143.3
1178140 2143.3
1178150 2134.5
1178160 2125.1
1178170 2125.1
1178180 2114.6
1178190 2104.8
1178200 2104.8
1178210 2097.7
1178220 2093.7
1178230 2093.7
1178240 2091.0
1178250 2088.7
1178260 2086.5
1178270 2086.5
1178280 2083.6
1178290 2081.3
1178300 2081.3
1178310 2080.0
1178320 2079.0
1178330 2079.0
1178340 2076.4
1178350 2073.2
1178360 2073.2
1178370 2065.7
1178380 2059.1
1178390 2059.1
1178400 2054.9
1178410 2050.5
1178420 2050.5
1178430 2045.6
1178440 2039.5
1178450 2033.0
1178460 2033.0
1178470 2025.9
1178480 2020.4
1178490 2020.4
1178500 2015.7
1178510 2012.0
1178520 2012.0
1178530 2008.8
1178540 2005.9
1178550 2005.9
1178560 2003.3
1178570 2000.4
1178580 2000.4
1178590 1997.2
1178600 1992.9
1178610 1992.9
1178620 1987.7
1178630 1981.7
1178640 1976.4
1178650 1976.4
1178660 1971.9
1178670 1967.8
1178680 1967.8
1178690 1963.8
1178700 1960.2
1178710 1960.2
1178720 1955.7
1178730 1948.6
1178740 1948.6
1178750 1942.5
1178760 1936.9
1178770 1936.9
1178780 1931.3
1178790 1927.3
1178800 1927.3
1178810 1924.8
1178820 1924.2
1178830 1924.2
1178840 1924.2
1178850 1924.2
1178860 1924.2
1178870 1924.2
1178880 1924.3
1178890 1924.7
1178900 1924.7
1178910 1924.7
1178920 1924.8
1178930 1924.8
1178940 1924.7
1178950 1924.6
1178960 1924.6
1178970 1925.7
1178980 1927.8
1178990 1927.8
1179000 1930.0
1179010 1932.3
1179020 1932.3
1179030 1934.9
1179040 1938.0
1179050 1941.0
1179060 1941.0
1179070 1944.2
1179080 1947.7
1179090 1947.7
1179100 1951.4
1179110 1955.5
1179120 1955.5
1179130 1960.1
1179140 1964.8
1179150 1964.8
1179160 1969.4
1179170 1974.2
1179180 1974.2
1179190 1979.2
1179200 1984.0
1179210 1984.0
1179220 1988.7
1179230 1993.4
1179240 1998.1
1179250 1998.1
1179260 2003.1
1179270 2008.8
1179280 2008.8
1179290 2014.8
1179300 2021.2
1179310 2021.2
1179320 2026.1
1179330 2031.5
1179340 2031.5
1179350 2037.5
1179360 2044.2
1179370 2044.2
1179380 2051.8
1179390 2059.3
1179400 2059.3
1179410 2066.7
1179420 2073.7
1179430 2080.3
1179440 2080.3
1179450 2087.7
1179460 2094.6
1179470 2094.6
1179480 2100.7
1179490 2106.6
1179500 2106.6
1179510 2113.5
1179520 2120.7
1179530 2120.7
1179540 2127.6
1179550 2134.7
1179560 2134.7
1179570 2142.1
1179580 2150.1
1179590 2150.1
1179600 2159.0
1179610 2167.1
1179620 2173.9
1179630 2173.9
1179640 2181.1
1179650 2188.1
1179660 2188.1
1179670 2194.5
1179680 2200.5
1179690 2200.5
1179700 2206.4
1179710 2212.0
1179720 2212.5
1179730 2218.2
1179740 2224.0
1179750 2224.0
1179760 2229.4
1179770 2235.2
1179780 2235.2
1179790 2240.7
1179800 2246.1
1179810 2251.7
1179820 2251.7
1179830 2257.4
1179840 2263.3
1179850 2263.3
1179860 2269.2
1179870 2275.2
1179880 2275.2
1179890 2281.2
1179900 2286.6
1179910 2286.6
1179920 2291.6
1179930 2296.1
1179940 2296.1
1179950 2299.8
1179960 2302.8
1179970 2302.8
1179980 2306.1
1179990 2310.2
