1166140 1274.6
1166150 1274.6
1166160 1268.3
1166170 1264.0
1166180 1264.0
1166190 1262.0
1166200 1261.1
1166210 1261.1
1166220 1262.5
1166230 1265.1
1166240 1265.1
1166250 1263.3
1166260 1260.4
1166270 1255.6
1166280 1255.6
1166290 1251.2
1166300 1246.4
1166310 1246.4
1166320 1241.5
1166330 1236.9
1166340 1236.9
1166350 1232.8
1166360 1229.2
1166370 1229.2
1166380 1226.2
1166390 1223.1
1166400 1223.1
1166410 1219.5
1166420 1215.9
1166430 1215.9
1166440 1211.5
1166450 1207.1
1166460 1202.3
1166470 1202.3
1166480 1197.4
1166490 1191.1
1166500 1191.1
1166510 1184.9
1166520 1180.3
1166530 1180.3
1166540 1175.7
1166550 1171.3
1166560 1167.2
1166570 1162.6
1166580 1157.5
1166590 1157.5
1166600 1153.3
1166610 1150.1
1166620 1150.1
1166630 1147.1
1166640 1145.4
1166650 1143.7
1166660 1143.7
1166670 1140.6
1166680 1136.0
1166690 1136.0
1166700 1128.7
1166710 1122.6
1166720 1122.6
1166730 1118.7
1166740 1115.0
1166750 1115.0
1166760 1111.8
1166770 1109.1
1166780 1109.1
1166790 1106.6
1166800 1101.5
1166810 1101.5
1166820 1094.9
1166830 1088.3
1166840 1085.6
1166850 1085.6
1166860 1083.2
1166870 1076.3
1166880 1076.3
1166890 1071.3
1166900 1070.2
1166910 1070.2
1166920 1069.8
1166930 1069.3
1166940 1069.3
1166950 1065.1
1166960 1059.6
1166970 1059.6
1166980 1054.8
1166990 1049.0
1167000 1049.0
1167010 1047.1
1167020 1046.3
1167030 1046.3
1167040 1045.9
1167050 1045.0
1167060 1043.1
1167070 1043.1
1167080 1043.0
1167090 1043.7
1167100 1043.7
1167110 1044.8
1167120 1046.0
1167130 1046.0
1167140 1047.2
1167150 1049.1
1167160 1049.1
1167170 1049.1
1167180 1040.2
1167190 1040.2
1167200 1032.6
1167210 1025.0
1167220 1025.0
1167230 1016.5
1167240 1011.0
1167250 1008.8
1167260 1008.8
1167270 1008.4
1167280 1008.4
1167290 1008.4
1167300 1009.9
1167310 1013.1
1167320 1013.1
1167330 1014.6
1167340 1015.7
1167350 1015.7
1167360 1019.0
1167370 1022.6
1167380 1022.6
1167390 1025.1
1167400 1027.5
1167410 1027.5
1167420 1029.3
1167430 1030.7
1167440 1031.4
1167450 1031.4
1167460 1032.9
1167470 1037.5
1167480 1037.5
1167490 1043.8
1167500 1055.4
1167510 1055.4
1167520 1074.3
1167530 1086.4
1167540 1086.4
1167550 1092.4
1167560 1096.3
1167570 1096.3
1167580 1099.3
1167590 1102.3
1167600 1102.3
1167610 1106.3
1167620 1109.9
1167630 1113.2
1167640 1113.2
1167650 1117.3
1167660 1121.0
1167670 1121.0
1167680 1126.2
1167690 1132.2
1167700 1132.2
1167710 1137.0
1167720 1144.1
1167730 1144.1
1167740 1149.9
1167750 1155.9
1167760 1150.0
1167770 1154.1
1167780 1157.3
1167790 1157.3
1167800 1160.1
1167810 1164.0
1167820 1168.4
1167830 1168.4
1167840 1173.8
1167850 1179.7
1167860 1179.7
1167870 1185.3
1167880 1188.0
1167890 1188.0
1167900 1191.9
1167910 1194.6
1167920 1194.6
1167930 1195.5
1167940 1198.2
1167950 1198.2
1167960 1202.0
1167970 1205.9
1167980 1205.9
1167990 1210.2
1168000 1214.8
1168010 1214.8
1168020 1219.2
1168030 1225.3
1168040 1239.1
1168050 1239.1
1168060 1244.4
1168070 1249.5
1168080 1249.5
1168090 1258.0
1168100 1271.5
1168110 1271.5
1168120 1286.5
1168130 1300.2
1168140 1300.2
1168150 1314.4
1168160 1318.8
1168170 1318.8
1168180 1330.8
1168190 1345.5
1168200 1345.5
1168210 1359.6
1168220 1374.6
1168230 1390.3
1168240 1390.3
1168250 1406.9
1168260 1421.2
1168270 1421.2
1168280 1431.9
1168290 1442.5
1168300 1442.5
1168310 1454.1
1168320 1466.4
1168330 1466.4
1168340 1479.4
1168350 1493.1
1168360 1493.1
1168370 1519.7
1168380 1541.5
1168390 1541.5
1168400 1548.0
1168410 1552.4
1168420 1553.9
1168430 1553.9
1168440 1554.0
1168450 1554.3
1168460 1554.3
1168470 1555.8
1168480 1558.0
1168490 1558.0
1168500 1560.5
1168510 1563.7
1168520 1563.7
1168530 1567.1
1168540 1570.0
1168550 1570.0
1168560 1567.2
1168570 1570.9
1168580 1570.9
1168590 1575.4
1168600 1579.9
1168610 1583.9
1168620 1583.9
1168630 1587.2
1168640 1589.9
1168650 1589.9
1168660 1592.3
1168670 1592.9
1168680 1592.9
1168690 1592.0
1168700 1590.3
1168710 1590.3
1168720 1587.1
1168730 1583.2
1168740 1583.2
1168750 1579.1
1168760 1573.9
1168770 1573.9
1168780 1567.1
1168790 1559.2
1168800 1550.6
1168810 1550.6
1168820 1539.8
1168830 1523.5
1168840 1523.5
1168850 1512.7
1168860 1504.0
1168870 1504.0
1168880 1497.4
1168890 1492.2
1168900 1492.2
1168910 1502.9
1168920 1525.4
1168930 1525.4
1168940 1532.6
1168950 1534.6
1168960 1511.8
1168970 1512.9
1168980 1512.5
1168990 1512.5
1169000 1513.2
1169010 1513.5
1169020 1510.3
1169030 1510.3
1169040 1504.6
1169050 1511.1
1169060 1511.1
1169070 1525.9
1169080 1528.0
1169090 1528.0
1169100 1526.0
1169110 1522.3
1169120 1522.3
1169130 1521.0
1169140 1524.5
1169150 1524.5
1169160 1527.6
1169170 1527.6
1169180 1527.6
1169190 1523.9
1169200 1518.9
1169210 1515.6
1169220 1515.6
1169230 1512.4
1169240 1515.2
1169250 1515.2
1169260 1516.7
1169270 1516.7
1169280 1516.7
1169290 1524.3
1169300 1537.1
1169310 1537.1
1169320 1550.1
1169330 1554.2
1169340 1554.2
1169350 1553.0
1169360 1543.0
1169370 1543.0
1169380 1542.5
1169390 1542.3
1169400 1539.1
1169410 1539.1
1169420 1533.6
1169430 1528.8
1169440 1528.8
1169450 1523.1
1169460 1518.1
1169470 1518.1
1169480 1514.3
1169490 1512.8
1169500 1512.8
1169510 1513.4
1169520 1515.7
1169530 1515.7
1169540 1519.2
1169550 1523.7
1169560 1523.7
1169570 1529.6
1169580 1535.7
1169590 1543.8
1169600 1543.8
1169610 1550.8
1169620 1558.5
1169630 1558.5
1169640 1567.5
1169650 1573.5
1169660 1573.5
1169670 1577.2
1169680 1582.4
1169690 1582.4
1169700 1594.3
1169710 1605.1
1169720 1605.1
1169730 1610.7
1169740 1610.1
1169750 1610.1
1169760 1620.0
1169770 1612.0
1169780 1607.8
1169790 1607.8
1169800 1606.8
1169810 1607.3
1169820 1607.3
1169830 1608.5
1169840 1607.3
1169850 1607.3
1169860 1600.6
1169870 1596.8
1169880 1596.8
1169890 1600.5
1169900 1607.9
1169910 1607.9
1169920 1612.0
1169930 1614.7
1169940 1614.7
1169950 1617.1
1169960 1624.0
1169970 1624.0
1169980 1638.3
1169990 1652.3
1170000 1662.9
1170010 1662.9
1170020 1679.1
1170030 1702.1
1170040 1702.1
1170050 1721.7
1170060 1728.9
1170070 1728.9
1170080 1734.2
1170090 1736.8
1170100 1736.8
1170110 1735.6
1170120 1735.3
1170130 1735.3
1170140 1738.2
1170150 1738.9
1170160 1745.0
1170170 1743.8
1170180 1745.8
1170190 1751.5
1170200 1751.5
1170210 1756.2
1170220 1761.1
1170230 1761.1
1170240 1767.5
1170250 1773.3
1170260 1773.3
1170270 1778.1
1170280 1781.4
1170290 1781.4
1170300 1784.0
1170310 1788.2
1170320 1788.2
1170330 1792.3
1170340 1796.2
1170350 1796.2
1170360 1800.4
1170370 1804.5
1170380 1808.9
1170390 1808.9
1170400 1813.2
1170410 1817.3
1170420 1817.3
1170430 1820.9
1170440 1824.2
1170450 1824.2
1170460 1827.7
1170470 1831.4
1170480 1831.4
1170490 1834.3
1170500 1834.7
1170510 1834.7
1170520 1835.3
1170530 1836.7
1170540 1836.7
1170550 1838.6
1170560 1845.5
1170570 1849.6
1170580 1849.6
1170590 1854.7
1170600 1858.4
1170610 1858.4
1170620 1862.4
1170630 1865.5
1170640 1865.5
1170650 1868.5
1170660 1872.2
1170670 1872.2
1170680 1875.2
1170690 1877.9
1170700 1877.9
1170710 1880.0
1170720 1882.4
1170730 1882.4
1170740 1885.6
1170750 1888.3
1170760 1888.3
1170770 1888.8
1170780 1888.8
1170790 1891.2
1170800 1891.2
1170810 1895.1
1170820 1899.7
1170830 1899.7
1170840 1902.5
1170850 1904.5
1170860 1904.5
1170870 1908.0
1170880 1912.9
1170890 1912.9
1170900 1915.9
1170910 1917.4
1170920 1917.4
1170930 1919.1
1170940 1920.5
1170950 1920.5
1170960 1921.2
1170970 1927.8
1170980 1930.5
1170990 1930.5
1171000 1932.5
1171010 1934.1
1171020 1934.1
1171030 1935.2
1171040 1937.1
1171050 1937.1
1171060 1941.1
1171070 1944.4
1171080 1944.4
1171090 1947.8
1171100 1950.9
1171110 1950.9
1171120 1952.7
1171130 1955.7
1171140 1955.7
1171150 1958.3
1171160 1960.0
1171170 1961.4
1171180 1961.4
1171190 1962.8
1171200 1964.7
1171210 1964.7
1171220 1967.4
1171230 1969.9
1171240 1969.9
1171250 1972.0
1171260 1973.6
1171270 1973.6
1171280 1974.9
1171290 1975.6
1171300 1975.6
1171310 1974.6
1171320 1971.9
1171330 1971.9
1171340 1968.8
1171350 1966.1
1171360 1964.0
1171370 1970.3
1171380 1968.7
1171390 1973.5
1171400 1973.5
1171410 1981.8
1171420 1991.1
1171430 1991.1
1171440 1997.0
1171450 2000.7
1171460 2000.7
1171470 2005.0
1171480 2010.1
1171490 2010.1
1171500 2015.8
1171510 2022.3
1171520 2022.3
1171530 2028.4
1171540 2034.1
1171550 2039.5
1171560 2039.5
1171570 2045.1
1171580 2051.1
1171590 2051.1
1171600 2057.0
1171610 2062.5
1171620 2062.5
1171630 2068.4
1171640 2074.9
1171650 2074.9
1171660 2081.6
1171670 2088.4
1171680 2088.4
1171690 2094.9
1171700 2101.6
1171710 2101.6
1171720 2108.0
1171730 2114.6
1171740 2114.6
1171750 2121.4
1171760 2127.9
1171770 2133.8
1171780 2133.8
1171790 2141.1
1171800 2148.5
1171810 2148.5
1171820 2155.9
1171830 2164.5
1171840 2164.5
1171850 2171.0
1171860 2176.3
1171870 2176.3
1171880 2181.9
1171890 2186.6
1171900 2186.6
1171910 2190.5
1171920 2192.4
1171930 2192.4
1171940 2194.3
1171950 2196.2
1171960 2197.4
1171970 2197.4
1171980 2198.1
1171990 2198.3
1172000 2198.3
1172010 2199.5
1172020 2200.5
1172030 2200.5
1172040 2200.9
1172050 2200.7
1172060 2200.7
1172070 2201.0
1172080 2202.1
1172090 2202.1
1172100 2203.0
1172110 2202.8
1172120 2202.8
1172130 2201.7
1172140 2198.6
1172150 2196.9
1172160 2196.9
1172170 2198.6
1172180 2206.6
1172190 2206.6
1172200 2208.2
1172210 2210.2
1172220 2210.2
1172230 2213.4
1172240 2217.0
1172250 2217.0
1172260 2220.4
1172270 2223.9
1172280 2223.9
1172290 2228.8
1172300 2233.9
1172310 2233.9
1172320 2238.9
1172330 2245.1
1172340 2251.7
1172350 2251.7
1172360 2257.4
1172370 2261.3
1172380 2261.3
1172390 2265.5
1172400 2270.3
1172410 2270.3
1172420 2275.6
1172430 2281.0
1172440 2281.0
1172450 2286.2
1172460 2292.1
1172470 2292.1
1172480 2298.2
1172490 2303.9
1172500 2303.9
1172510 2309.4
1172520 2314.7
1172530 2321.1
1172540 2321.1
1172550 2328.2
1172560 2335.4
1172570 2335.4
1172580 2343.8
1172590 2350.3
1172600 2350.3
1172610 2355.7
1172620 2359.0
1172630 2359.0
1172640 2361.7
1172650 2364.5
1172660 2364.5
1172670 2366.5
1172680 2368.9
1172690 2368.9
1172700 2371.2
1172710 2372.9
1172720 2372.9
1172730 2374.2
1172740 2375.3
1172750 2376.0
1172760 2376.0
1172770 2375.4
1172780 2372.4
1172790 2372.4
1172800 2369.3
1172810 2365.9
1172820 2365.9
1172830 2361.7
1172840 2358.2
1172850 2358.2
1172860 2355.6
1172870 2355.5
1172880 2355.5
1172890 2353.9
1172900 2352.0
1172910 2352.0
1172920 2351.4
1172930 2349.9
1172940 2347.6
1172950 2347.6
1172960 2348.2
1172970 2349.7
1172980 2349.7
1172990 2351.6
1173000 2351.4
1173010 2351.4
1173020 2351.7
1173030 2351.8
1173040 2351.8
1173050 2352.0
1173060 2352.4
1173070 2352.4
1173080 2353.4
1173090 2355.6
1173100 2355.6
1173110 2358.8
1173120 2362.3
1173130 2366.2
1173140 2366.2
1173150 2370.1
1173160 2375.5
1173170 2375.5
1173180 2380.7
1173190 2385.8
1173200 2385.8
1173210 2390.6
1173220 2394.3
1173230 2394.3
1173240 2398.3
1173250 2402.5
1173260 2402.5
1173270 2405.6
1173280 2409.5
1173290 2409.5
1173300 2414.0
1173310 2417.8
1173320 2421.3
1173330 2421.3
1173340 2424.9
1173350 2427.1
1173360 2427.1
1173370 2427.3
1173380 2427.1
1173390 2426.3
1173400 2426.0
1173410 2426.0
1173420 2426.0
1173430 2425.6
1173440 2425.0
1173450 2425.0
1173460 2424.6
1173470 2424.4
1173480 2424.4
1173490 2424.5
1173500 2425.6
1173510 2427.4
1173520 2427.4
1173530 2429.3
1173540 2431.1
1173550 2431.1
1173560 2432.3
1173570 2433.3
1173580 2433.3
1173590 2434.7
1173600 2436.0
1173610 2436.0
1173620 2437.9
1173630 2439.5
1173640 2439.5
1173650 2439.7
1173660 2439.5
1173670 2439.5
1173680 2440.3
1173690 2442.4
1173700 2442.4
1173710 2445.0
1173720 2448.9
1173730 2453.9
1173740 2453.9
1173750 2460.0
1173760 2466.5
1173770 2466.5
1173780 2475.0
1173790 2484.3
1173800 2488.8
1173810 2499.5
1173820 2514.6
1173830 2514.6
1173840 2526.7
1173850 2534.7
1173860 2534.7
1173870 2538.2
1173880 2539.7
1173890 2539.7
1173900 2538.6
1173910 2534.3
1173920 2523.6
1173930 2523.6
1173940 2511.1
1173950 2502.6
1173960 2502.6
1173970 2496.8
1173980 2492.3
1173990 2492.3
1174000 2488.1
1174010 2480.5
1174020 2480.5
1174030 2473.2
1174040 2467.4
1174050 2467.4
1174060 2460.1
1174070 2451.9
1174080 2451.9
1174090 2445.2
1174100 2440.3
1174110 2437.5
1174120 2437.5
1174130 2434.7
1174140 2431.6
1174150 2431.6
1174160 2427.8
1174170 2419.9
1174180 2419.9
1174190 2413.2
1174200 2406.0
1174210 2405.7
1174220 2399.5
1174230 2392.2
1174240 2392.2
1174250 2385.8
1174260 2379.9
1174270 2379.9
1174280 2373.0
1174290 2366.1
1174300 2360.4
1174310 2360.4
1174320 2355.7
1174330 2350.2
1174340 2350.2
1174350 2343.4
1174360 2335.5
1174370 2335.5
1174380 2326.7
1174390 2318.0
1174400 2318.0
1174410 2311.0
1174420 2306.3
1174430 2306.3
1174440 2301.5
1174450 2296.0
1174460 2296.0
1174470 2290.5
1174480 2286.9
1174490 2285.6
1174500 2285.6
1174510 2283.1
1174520 2280.2
1174530 2280.2
1174540 2277.5
1174550 2274.8
1174560 2274.8
1174570 2272.5
1174580 2270.3
1174590 2270.3
1174600 2267.9
1174610 2269.5
1174620 2269.5
1174630 2269.4
1174640 2269.2
1174650 2269.2
1174660 2269.6
1174670 2272.0
1174680 2272.0
1174690 2269.3
1174700 2268.5
1174710 2268.2
1174720 2268.2
1174730 2267.3
1174740 2266.2
1174750 2266.2
1174760 2265.0
1174770 2263.9
1174780 2263.9
1174790 2262.5
1174800 2261.2
1174810 2261.2
1174820 2260.7
1174830 2261.2
1174840 2261.2
1174850 2261.5
1174860 2263.3
1174870 2263.3
1174880 2267.7
1174890 2272.4
1174900 2276.6
1174910 2276.6
1174920 2278.3
1174930 2279.2
1174940 2279.2
1174950 2280.7
1174960 2282.7
1174970 2282.7
1174980 2285.0
1174990 2287.9
1175000 2287.9
1175010 2291.4
1175020 2298.6
1175030 2298.6
1175040 2303.2
1175050 2307.7
1175060 2307.7
1175070 2312.2
1175080 2317.0
1175090 2322.3
1175100 2322.3
1175110 2329.7
1175120 2340.9
1175130 2340.9
1175140 2351.2
1175150 2360.6
1175160 2360.6
1175170 2367.0
1175180 2373.5
1175190 2373.5
1175200 2382.9
1175210 2389.6
1175220 2389.6
1175230 2396.0
1175240 2403.5
1175250 2403.5
1175260 2410.8
1175270 2417.2
1175280 2422.6
1175290 2422.6
1175300 2427.7
1175310 2435.5
1175320 2435.5
1175330 2444.8
1175340 2453.8
1175350 2453.8
1175360 2462.7
1175370 2470.5
1175380 2470.5
1175390 2478.1
1175400 2485.9
1175410 2485.9
1175420 2493.0
1175430 2504.7
1175440 2504.7
1175450 2514.1
1175460 2517.7
1175470 2511.6
1175480 2511.6
1175490 2502.5
1175500 2493.9
1175510 2493.9
1175520 2484.9
1175530 2475.8
1175540 2475.8
1175550 2467.4
1175560 2460.4
1175570 2460.4
1175580 2455.1
1175590 2446.1
1175600 2446.1
1175610 2433.8
1175620 2423.0
1175630 2423.0
1175640 2413.0
1175650 2405.1
1175660 2405.1
1175670 2397.9
1175680 2391.8
1175690 2386.7
1175700 2386.7
1175710 2382.2
1175720 2378.0
1175730 2378.0
1175740 2374.8
1175750 2371.9
1175760 2371.9
1175770 2369.3
1175780 2365.9
1175790 2365.9
1175800 2362.5
1175810 2360.0
1175820 2360.0
1175830 2359.0
1175840 2358.5
1175850 2358.5
1175860 2356.5
1175870 2353.7
1175880 2351.1
1175890 2351.1
1175900 2348.8
1175910 2346.0
1175920 2346.0
1175930 2343.8
1175940 2341.1
1175950 2341.1
1175960 2337.5
1175970 2333.7
1175980 2333.7
1175990 2330.5
1176000 2327.9
1176010 2327.9
1176020 2325.0
1176030 2322.0
1176040 2322.0
1176050 2319.2
1176060 2316.9
1176070 2314.2
1176080 2314.2
1176090 2311.1
1176100 2308.0
1176110 2308.0
1176120 2304.8
1176130 2302.1
1176140 2302.1
1176150 2299.7
1176160 2297.3
1176170 2297.3
1176180 2295.7
1176190 2294.2
1176200 2294.2
1176210 2292.3
1176220 2289.6
1176230 2289.6
1176240 2287.2
1176250 2282.4
1176260 2278.7
1176270 2278.7
1176280 2275.0
1176290 2273.0
1176300 2273.0
1176310 2274.8
1176320 2277.6
1176330 2277.6
1176340 2279.3
1176350 2280.8
1176360 2280.8
1176370 2283.5
1176380 2284.1
1176390 2284.1
1176400 2278.7
1176410 2271.6
1176420 2271.6
1176430 2265.3
1176440 2260.7
1176450 2257.7
1176460 2257.7
1176470 2254.2
1176480 2250.0
1176490 2250.0
1176500 2245.1
1176510 2240.4
1176520 2240.4
1176530 2237.0
1176540 2234.1
1176550 2234.1
1176560 2231.1
1176570 2228.5
1176580 2228.5
1176590 2227.7
1176600 2230.4
1176610 2230.4
1176620 2233.1
1176630 2231.5
1176640 2231.5
1176650 2225.9
1176660 2219.1
1176670 2213.0
1176680 2213.0
1176690 2207.7
1176700 2205.7
1176710 2205.7
1176720 2204.0
1176730 2203.7
1176740 2203.7
1176750 2203.5
1176760 2202.2
1176770 2202.2
1176780 2203.4
1176790 2202.1
1176800 2202.1
1176810 2202.0
1176820 2203.3
1176830 2203.3
1176840 2204.6
1176850 2206.1
1176860 2207.1
1176870 2207.1
1176880 2209.1
1176890 2211.3
1176900 2211.3
1176910 2212.9
1176920 2213.6
1176930 2213.6
1176940 2213.6
1176950 2213.7
1176960 2213.7
1176970 2213.9
1176980 2214.7
1176990 2214.7
1177000 2215.1
1177010 2215.1
1177020 2215.1
1177030 2215.2
1177040 2217.7
1177050 2222.3
1177060 2222.3
1177070 2232.8
1177080 2237.7
1177090 2237.7
1177100 2243.0
1177110 2248.5
1177120 2248.5
1177130 2254.0
1177140 2257.7
1177150 2257.7
1177160 2259.9
1177170 2265.2
1177180 2265.2
1177190 2271.6
1177200 2277.3
1177210 2277.3
1177220 2282.2
1177230 2286.7
1177240 2292.2
1177250 2292.2
1177260 2298.2
1177270 2304.1
1177280 2304.1
1177290 2310.2
1177300 2315.7
1177310 2315.7
1177320 2321.0
1177330 2326.6
1177340 2326.6
1177350 2332.7
1177360 2338.0
1177370 2338.0
1177380 2340.5
1177390 2341.1
1177400 2341.1
1177410 2340.5
1177420 2338.9
1177430 2336.0
1177440 2336.0
1177450 2333.2
1177460 2330.6
1177470 2330.6
1177480 2327.2
1177490 2323.0
1177500 2323.0
1177510 2318.1
1177520 2312.6
1177530 2312.6
1177540 2307.5
1177550 2302.6
1177560 2302.6
1177570 2298.0
1177580 2294.0
1177590 2294.0
1177600 2290.2
1177610 2286.3
1177620 2286.3
1177630 2281.1
1177640 2276.0
1177650 2271.5
1177660 2271.5
1177670 2266.4
1177680 2262.7
1177690 2262.7
1177700 2257.8
1177710 2253.0
1177720 2253.0
1177730 2248.6
1177740 2243.3
1177750 2243.3
1177760 2236.9
1177770 2231.1
1177780 2231.1
1177790 2227.5
1177800 2224.7
1177810 2224.7
1177820 2222.3
1177830 2219.4
1177840 2215.0
1177850 2215.0
1177860 2210.9
1177870 2206.6
1177880 2206.6
1177890 2201.9
1177900 2198.3
1177910 2198.3
1177920 2194.5
1177930 2189.2
1177940 2189.2
1177950 2183.6
1177960 2178.2
1177970 2178.2
1177980 2172.0
1177990 2165.6
1178000 2165.6
1178010 2160.1
1178020 2155.1
1178030 2149.1
1178040 2149.1
1178050 2143.1
1178060 2136.9
1178070 2136.9
1178080 2129.4
1178090 2122.5
1178100 2122.5
1178110 2116.3
1178120 2109.9
1178130 2109.9
1178140 2103.2
1178150 2096.8
1178160 2096.8
1178170 2091.1
1178180 2086.4
1178190 2086.4
1178200 2081.4
1178210 2076.4
1178220 2071.7
1178230 2071.7
1178240 2066.9
1178250 2061.6
1178260 2061.6
1178270 2056.2
1178280 2051.2
1178290 2051.2
1178300 2046.8
1178310 2038.5
1178320 2038.5
1178330 2034.9
1178340 2030.1
1178350 2030.1
1178360 2025.3
1178370 2021.0
1178380 2021.0
1178390 2016.6
1178400 2012.5
1178410 2008.6
1178420 2008.6
1178430 2004.9
1178440 2000.2
1178450 2000.2
1178460 1995.2
1178470 1989.4
1178480 1989.4
1178490 1984.4
1178500 1980.8
1178510 1980.8
1178520 1977.5
1178530 1974.2
1178540 1974.2
1178550 1971.4
1178560 1968.9
1178570 1968.9
1178580 1966.2
1178590 1963.3
1178600 1963.3
1178610 1960.4
1178620 1957.2
1178630 1953.5
1178640 1953.5
1178650 1949.2
1178660 1945.5
1178670 1945.5
1178680 1941.9
1178690 1937.8
1178700 1937.8
1178710 1933.3
1178720 1924.8
1178730 1924.8
1178740 1920.2
1178750 1915.0
1178760 1915.0
1178770 1910.0
1178780 1905.0
1178790 1905.0
1178800 1899.8
1178810 1895.6
1178820 1892.2
1178830 1892.2
1178840 1888.7
1178850 1885.6
1178860 1885.6
1178870 1882.9
1178880 1880.4
1178890 1880.4
1178900 1877.8
1178910 1875.4
1178920 1875.4
1178930 1873.0
1178940 1870.1
1178950 1870.1
1178960 1867.2
1178970 1863.7
1178980 1863.7
1178990 1858.9
1179000 1853.8
1179010 1850.4
1179020 1850.4
1179030 1848.0
1179040 1846.0
1179050 1846.0
1179060 1843.7
1179070 1841.3
1179080 1841.3
1179090 1839.0
1179100 1837.0
1179110 1837.0
1179120 1835.2
1179130 1833.7
1179140 1834.9
1179150 1832.9
1179160 1830.8
1179170 1830.8
1179180 1828.2
1179190 1822.9
1179200 1819.2
1179210 1819.2
1179220 1817.9
1179230 1817.4
1179240 1817.4
1179250 1812.7
1179260 1811.2
1179270 1811.2
1179280 1814.6
1179290 1820.5
1179300 1820.5
1179310 1826.4
1179320 1832.1
1179330 1832.1
1179340 1836.8
1179350 1838.8
1179360 1838.8
1179370 1839.5
1179380 1842.5
1179390 1847.2
1179400 1847.2
1179410 1852.1
1179420 1855.5
1179430 1855.5
1179440 1857.8
1179450 1860.6
1179460 1860.6
1179470 1863.3
1179480 1865.9
1179490 1865.9
1179500 1869.5
1179510 1874.9
1179520 1874.9
1179530 1879.2
1179540 1882.8
1179550 1884.9
1179560 1888.5
1179570 1892.4
1179580 1892.4
1179590 1897.1
1179600 1902.3
1179610 1908.1
1179620 1908.1
1179630 1913.7
1179640 1918.4
1179650 1918.4
1179660 1922.9
1179670 1927.2
1179680 1927.2
1179690 1932.0
1179700 1936.7
1179710 1936.7
1179720 1941.2
1179730 1945.7
1179740 1945.7
1179750 1950.6
1179760 1956.2
1179770 1956.2
1179780 1962.2
1179790 1967.8
1179800 1973.9
1179810 1973.9
1179820 1980.0
1179830 1986.4
1179840 1986.4
1179850 1993.4
1179860 2000.3
1179870 2000.3
1179880 2007.2
1179890 2013.7
1179900 2013.7
1179910 2019.4
1179920 2023.4
1179930 2023.4
1179940 2026.2
1179950 2027.1
1179960 2032.3
1179970 2032.2
1179980 2030.3
1179990 2026.9
