1166690 1253.1
1166700 1253.1
1166710 1246.5
1166720 1247.4
1166730 1247.4
1166740 1250.8
1166750 1251.6
1166760 1251.6
1166770 1248.0
1166780 1242.3
1166790 1242.3
1166800 1233.5
1166810 1225.4
1166820 1225.4
1166830 1217.5
1166840 1209.2
1166850 1201.7
1166860 1201.7
1166870 1198.3
1166880 1197.1
1166890 1197.1
1166900 1193.2
1166910 1187.8
1166920 1187.8
1166930 1181.7
1166940 1175.3
1166950 1175.3
1166960 1169.2
1166970 1161.9
1166980 1161.9
1166990 1154.6
1167000 1146.6
1167010 1146.6
1167020 1137.2
1167030 1127.5
1167040 1119.5
1167050 1119.5
1167060 1113.4
1167070 1109.0
1167080 1109.0
1167090 1106.5
1167100 1103.3
1167110 1099.7
1167120 1094.7
1167130 1089.2
1167140 1089.2
1167150 1085.0
1167160 1082.4
1167170 1082.4
1167180 1077.4
1167190 1073.9
1167200 1073.9
1167210 1070.5
1167220 1068.0
1167230 1068.0
1167240 1066.0
1167250 1063.3
1167260 1058.9
1167270 1058.9
1167280 1052.7
1167290 1046.0
1167300 1046.0
1167310 1039.7
1167320 1032.1
1167330 1032.1
1167340 1024.3
1167350 1013.9
1167360 1013.9
1167370 1003.1
1167380 997.3
1167390 997.3
1167400 997.0
1167410 998.2
1167420 998.2
1167430 1004.1
1167440 1011.9
1167450 1020.0
1167460 1020.0
1167470 1028.1
1167480 1037.4
1167490 1037.4
1167500 1046.5
1167510 1055.9
1167520 1055.9
1167530 1063.8
1167540 1074.7
1167550 1074.7
1167560 1094.7
1167570 1108.5
1167580 1108.5
1167590 1115.6
1167600 1121.0
1167610 1121.0
1167620 1128.2
1167630 1135.7
1167640 1143.4
1167650 1143.4
1167660 1151.2
1167670 1159.0
1167680 1159.0
1167690 1167.3
1167700 1176.3
1167710 1176.3
1167720 1182.0
1167730 1188.8
1167740 1188.8
1167750 1197.3
1167760 1206.2
1167770 1206.2
1167780 1217.2
1167790 1241.0
1167800 1241.0
1167810 1265.4
1167820 1286.6
1167830 1304.3
1167840 1304.3
1167850 1337.7
1167860 1357.7
1167870 1357.7
1167880 1376.4
1167890 1404.8
1167900 1404.8
1167910 1436.1
1167920 1444.8
1167930 1444.8
1167940 1449.4
1167950 1452.0
1167960 1452.0
1167970 1451.5
1167980 1453.9
1167990 1453.9
1168000 1462.2
1168010 1471.5
1168020 1471.5
1168030 1483.6
1168040 1495.1
1168050 1499.9
1168060 1499.9
1168070 1512.8
1168080 1531.4
1168090 1531.4
1168100 1535.4
1168110 1536.5
1168120 1536.5
1168130 1533.4
1168140 1540.3
1168150 1540.3
1168160 1548.7
1168170 1553.9
1168180 1553.9
1168190 1557.9
1168200 1562.4
1168210 1562.4
1168220 1567.1
1168230 1571.7
1168240 1576.9
1168250 1576.9
1168260 1581.8
1168270 1587.0
1168280 1587.0
1168290 1591.9
1168300 1595.9
1168310 1588.5
1168320 1586.5
1168330 1584.4
1168340 1584.4
1168350 1584.7
1168360 1585.7
1168370 1585.7
1168380 1585.7
1168390 1591.0
1168400 1591.0
1168410 1594.2
1168420 1598.3
1168430 1603.7
1168440 1603.7
1168450 1610.9
1168460 1618.2
1168470 1618.2
1168480 1626.7
1168490 1634.7
1168500 1634.7
1168510 1641.6
1168520 1648.2
1168530 1648.2
1168540 1654.3
1168550 1659.9
1168560 1659.9
1168570 1665.7
1168580 1672.0
1168590 1672.0
1168600 1678.5
1168610 1685.1
1168620 1692.2
1168630 1692.2
1168640 1699.5
1168650 1706.5
1168660 1706.5
1168670 1713.7
1168680 1721.1
1168690 1721.1
1168700 1728.5
1168710 1736.1
1168720 1736.1
1168730 1744.4
1168740 1753.9
1168750 1753.9
1168760 1763.5
1168770 1772.3
1168780 1772.3
1168790 1781.0
1168800 1790.4
1168810 1801.0
1168820 1801.0
1168830 1817.0
1168840 1835.3
1168850 1835.3
1168860 1854.4
1168870 1880.4
1168880 1880.4
1168890 1897.8
1168900 1917.3
1168910 1917.3
1168920 1939.3
1168930 1959.3
1168940 1959.3
1168950 1979.9
1168960 2004.8
1168970 2004.8
1168980 2034.0
1168990 2036.2
1169000 2036.2
1169010 2035.6
1169020 2034.7
1169030 2033.5
1169040 2033.5
1169050 2034.5
1169060 2037.4
1169070 2037.4
1169080 2040.3
1169090 2042.5
1169100 2042.5
1169110 2035.4
1169120 2036.2
1169130 2036.2
1169140 2036.0
1169150 2036.1
1169160 2036.1
1169170 2037.6
1169180 2038.2
1169190 2038.2
1169200 2039.0
1169210 2041.7
1169220 2044.4
1169230 2044.4
1169240 2046.1
1169250 2045.2
1169260 2045.2
1169270 2044.3
1169280 2044.2
1169290 2044.2
1169300 2045.0
1169310 2045.1
1169320 2045.1
1169330 2042.9
1169340 2040.1
1169350 2040.1
1169360 2038.8
1169370 2038.3
1169380 2038.3
1169390 2038.2
1169400 2038.2
1169410 2038.8
1169420 2038.8
1169430 2038.8
1169440 2038.4
1169450 2038.4
1169460 2039.1
1169470 2038.9
1169480 2038.9
1169490 2037.3
1169500 2036.5
1169510 2028.2
1169520 2028.2
1169530 2027.2
1169540 2027.2
1169550 2025.5
1169560 2023.2
1169570 2023.2
1169580 2021.0
1169590 2019.2
1169600 2018.2
1169610 2018.2
1169620 2019.8
1169630 2022.1
1169640 2022.1
1169650 2023.3
1169660 2023.9
1169670 2023.9
1169680 2024.7
1169690 2026.2
1169700 2026.2
1169710 2029.9
1169720 2034.6
1169730 2034.6
1169740 2040.5
1169750 2041.5
1169760 2041.5
1169770 2039.7
1169780 2037.6
1169790 2037.6
1169800 2035.9
1169810 2033.3
1169820 2030.6
1169830 2030.6
1169840 2030.3
1169850 2029.5
1169860 2029.5
1169870 2027.7
1169880 2025.9
1169890 2025.9
1169900 2024.4
1169910 2018.4
1169920 2018.4
1169930 2017.2
1169940 2017.1
1169950 2017.1
1169960 2017.9
1169970 2019.7
1169980 2019.7
1169990 2021.5
1170000 2021.0
1170010 2020.0
1170020 2020.0
1170030 2017.8
1170040 2016.3
1170050 2016.3
1170060 2016.2
1170070 2018.3
1170080 2018.3
1170090 2018.2
1170100 2014.8
1170110 2014.8
1170120 2011.2
1170130 2009.2
1170140 2009.2
1170150 2008.2
1170160 2007.7
1170170 2007.7
1170180 2006.4
1170190 2005.4
1170200 2006.0
1170210 2006.0
1170220 2007.8
1170230 2010.2
1170240 2010.2
1170250 2012.3
1170260 2011.7
1170270 2011.7
1170280 2009.9
1170290 2007.8
1170300 2007.8
1170310 2001.6
1170320 1999.7
1170330 1999.7
1170340 1996.2
1170350 1992.4
1170360 1992.4
1170370 1987.4
1170380 1981.6
1170390 1976.7
1170400 1976.7
1170410 1972.5
1170420 1968.5
1170430 1968.5
1170440 1966.2
1170450 1965.4
1170460 1965.4
1170470 1964.9
1170480 1964.5
1170490 1964.5
1170500 1963.8
1170510 1963.5
1170520 1963.5
1170530 1963.1
1170540 1962.9
1170550 1962.9
1170560 1962.3
1170570 1961.7
1170580 1961.7
1170590 1961.7
1170600 1961.2
1170610 1960.2
1170620 1960.2
1170630 1959.5
1170640 1958.9
1170650 1958.9
1170660 1958.8
1170670 1957.8
1170680 1957.8
1170690 1957.2
1170700 1956.8
1170710 1950.9
1170720 1950.5
1170730 1950.1
1170740 1950.1
1170750 1949.4
1170760 1948.6
1170770 1948.6
1170780 1948.4
1170790 1948.3
1170800 1947.1
1170810 1947.1
1170820 1946.2
1170830 1945.4
1170840 1945.4
1170850 1944.7
1170860 1944.5
1170870 1944.5
1170880 1944.4
1170890 1944.7
1170900 1944.7
1170910 1945.1
1170920 1945.1
1170930 1945.1
1170940 1944.9
1170950 1945.4
1170960 1945.4
1170970 1945.9
1170980 1946.2
1170990 1946.9
1171000 1946.9
1171010 1947.4
1171020 1947.9
1171030 1947.9
1171040 1948.6
1171050 1948.3
1171060 1948.3
1171070 1948.1
1171080 1948.2
1171090 1948.2
1171100 1948.8
1171110 1948.8
1171120 1944.7
1171130 1944.7
1171140 1944.8
1171150 1944.8
1171160 1945.2
1171170 1945.6
1171180 1946.2
1171190 1946.2
1171200 1946.1
1171210 1944.9
1171220 1944.9
1171230 1944.7
1171240 1944.7
1171250 1944.7
1171260 1946.9
1171270 1948.3
1171280 1948.3
1171290 1945.7
1171300 1942.4
1171310 1942.4
1171320 1941.3
1171330 1940.4
1171340 1940.4
1171350 1939.2
1171360 1937.7
1171370 1937.7
1171380 1936.6
1171390 1933.2
1171400 1928.1
1171410 1928.1
1171420 1925.1
1171430 1928.8
1171440 1928.8
1171450 1934.2
1171460 1935.6
1171470 1935.6
1171480 1935.8
1171490 1935.5
1171500 1935.5
1171510 1935.0
1171520 1932.7
1171530 1932.7
1171540 1937.1
1171550 1941.0
1171560 1941.0
1171570 1946.1
1171580 1951.0
1171590 1956.4
1171600 1956.4
1171610 1961.0
1171620 1966.4
1171630 1966.4
1171640 1970.5
1171650 1973.4
1171660 1973.4
1171670 1977.6
1171680 1981.1
1171690 1981.1
1171700 1986.1
1171710 1992.6
1171720 1992.6
1171730 1998.5
1171740 2000.9
1171750 2000.9
1171760 2003.0
1171770 2006.3
1171780 2009.2
1171790 2009.2
1171800 2011.5
1171810 2014.5
1171820 2014.5
1171830 2017.3
1171840 2020.2
1171850 2020.2
1171860 2022.9
1171870 2025.4
1171880 2025.4
1171890 2027.4
1171900 2030.3
1171910 2030.3
1171920 2033.7
1171930 2037.0
1171940 2037.0
1171950 2039.4
1171960 2042.6
1171970 2046.5
1171980 2046.5
1171990 2050.6
1172000 2054.9
1172010 2054.9
1172020 2060.0
1172030 2065.2
1172040 2065.2
1172050 2070.2
1172060 2074.7
1172070 2074.7
1172080 2079.8
1172090 2083.9
1172100 2083.9
1172110 2087.6
1172120 2091.5
1172130 2091.5
1172140 2095.5
1172150 2099.6
1172160 2104.1
1172170 2104.1
1172180 2108.9
1172190 2112.1
1172200 2112.1
1172210 2116.1
1172220 2120.4
1172230 2120.4
1172240 2124.0
1172250 2129.1
1172260 2129.1
1172270 2133.2
1172280 2137.3
1172290 2137.3
1172300 2141.3
1172310 2145.3
1172320 2145.3
1172330 2147.7
1172340 2152.3
1172350 2152.3
1172360 2156.7
1172370 2160.6
1172380 2164.3
1172390 2164.3
1172400 2168.3
1172410 2172.9
1172420 2172.9
1172430 2177.5
1172440 2181.9
1172450 2181.9
1172460 2186.1
1172470 2190.5
1172480 2190.5
1172490 2195.1
1172500 2200.1
1172510 2200.1
1172520 2204.9
1172530 2209.8
1172540 2209.8
1172550 2214.4
1172560 2219.0
1172570 2223.4
1172580 2223.4
1172590 2227.9
1172600 2232.3
1172610 2232.3
1172620 2236.7
1172630 2241.4
1172640 2241.4
1172650 2245.8
1172660 2249.9
1172670 2249.9
1172680 2254.3
1172690 2258.7
1172700 2258.7
1172710 2261.6
1172720 2265.3
1172730 2260.2
1172740 2265.9
1172750 2270.0
1172760 2275.0
1172770 2275.0
1172780 2280.1
1172790 2284.0
1172800 2284.0
1172810 2287.3
1172820 2290.3
1172830 2290.3
1172840 2293.6
1172850 2297.0
1172860 2297.0
1172870 2301.0
1172880 2306.7
1172890 2306.7
1172900 2313.4
1172910 2319.9
1172920 2319.9
1172930 2326.8
1172940 2334.0
1172950 2342.6
1172960 2342.6
1172970 2348.9
1172980 2354.0
1172990 2354.0
1173000 2357.7
1173010 2361.2
1173020 2361.2
1173030 2365.1
1173040 2369.3
1173050 2369.3
1173060 2372.6
1173070 2375.6
1173080 2375.6
1173090 2378.1
1173100 2380.9
1173110 2380.9
1173120 2384.0
1173130 2387.4
1173140 2384.2
1173150 2387.5
1173160 2391.2
1173170 2395.6
1173180 2395.6
1173190 2399.0
1173200 2401.4
1173210 2401.4
1173220 2403.7
1173230 2406.2
1173240 2406.2
1173250 2409.7
1173260 2412.9
1173270 2412.9
1173280 2416.3
1173290 2419.7
1173300 2419.7
1173310 2423.6
1173320 2427.1
1173330 2427.1
1173340 2429.6
1173350 2432.4
1173360 2436.0
1173370 2436.0
1173380 2440.2
1173390 2444.3
1173400 2444.3
1173410 2447.8
1173420 2451.1
1173430 2451.1
1173440 2454.9
1173450 2458.1
1173460 2458.1
1173470 2461.3
1173480 2465.9
1173490 2465.9
1173500 2470.6
1173510 2474.7
1173520 2474.7
1173530 2478.8
1173540 2483.8
1173550 2488.4
1173560 2488.4
1173570 2493.1
1173580 2496.4
1173590 2496.4
1173600 2498.5
1173610 2500.1
1173620 2500.1
1173630 2500.6
1173640 2499.4
1173650 2499.4
1173660 2497.3
1173670 2494.5
1173680 2494.5
1173690 2492.0
1173700 2491.1
1173710 2491.1
1173720 2492.0
1173730 2493.2
1173740 2494.3
1173750 2494.3
1173760 2494.9
1173770 2494.0
1173780 2494.0
1173790 2492.1
1173800 2488.1
1173810 2488.1
1173820 2484.3
1173830 2479.5
1173840 2479.5
1173850 2473.9
1173860 2467.6
1173870 2467.6
1173880 2462.9
1173890 2458.7
1173900 2458.7
1173910 2453.5
1173920 2447.7
1173930 2447.7
1173940 2442.1
1173950 2440.8
1173960 2435.6
1173970 2435.6
1173980 2430.7
1173990 2425.6
1174000 2425.6
1174010 2420.9
1174020 2415.8
1174030 2415.8
1174040 2410.9
1174050 2405.6
1174060 2405.6
1174070 2399.4
1174080 2392.9
1174090 2392.9
1174100 2386.0
1174110 2378.9
1174120 2378.9
1174130 2371.9
1174140 2365.0
1174150 2358.5
1174160 2358.5
1174170 2352.5
1174180 2346.3
1174190 2346.3
1174200 2340.2
1174210 2334.2
1174220 2334.2
1174230 2327.7
1174240 2320.8
1174250 2320.8
1174260 2314.2
1174270 2308.3
1174280 2308.3
1174290 2302.6
1174300 2296.0
1174310 2296.0
1174320 2289.1
1174330 2283.5
1174340 2279.6
1174350 2279.6
1174360 2277.3
1174370 2272.8
1174380 2272.8
1174390 2267.3
1174400 2261.7
1174410 2261.7
1174420 2255.7
1174430 2249.7
1174440 2249.7
1174450 2244.6
1174460 2239.4
1174470 2239.4
1174480 2234.5
1174490 2230.0
1174500 2230.0
1174510 2226.0
1174520 2220.7
1174530 2213.9
1174540 2213.9
1174550 2207.5
1174560 2202.5
1174570 2202.5
1174580 2198.7
1174590 2195.3
1174600 2195.3
1174610 2192.4
1174620 2189.5
1174630 2189.5
1174640 2184.8
1174650 2178.6
1174660 2178.6
1174670 2173.1
1174680 2168.8
1174690 2168.8
1174700 2161.0
1174710 2152.3
1174720 2144.6
1174730 2144.6
1174740 2141.3
1174750 2139.4
1174760 2139.4
1174770 2139.9
1174780 2139.2
1174790 2139.2
1174800 2142.6
1174810 2145.9
1174820 2145.9
1174830 2148.3
1174840 2152.6
1174850 2152.6
1174860 2157.7
1174870 2162.5
1174880 2162.5
1174890 2165.6
1174900 2166.9
1174910 2166.9
1174920 2166.9
1174930 2167.8
1174940 2169.0
1174950 2169.0
1174960 2169.5
1174970 2170.2
1174980 2170.2
1174990 2170.5
1175000 2172.6
1175010 2172.6
1175020 2180.3
1175030 2188.1
1175040 2188.1
1175050 2194.4
1175060 2198.6
1175070 2198.6
1175080 2202.1
1175090 2205.7
1175100 2205.7
1175110 2209.4
1175120 2212.3
1175130 2215.2
1175140 2215.2
1175150 2218.6
1175160 2221.8
1175170 2221.8
1175180 2230.1
1175190 2236.8
1175200 2236.8
1175210 2242.4
1175220 2249.1
1175230 2249.1
1175240 2257.0
1175250 2264.6
1175260 2264.6
1175270 2270.5
1175280 2274.9
1175290 2274.9
1175300 2277.6
1175310 2280.9
1175320 2285.6
1175330 2285.6
1175340 2290.6
1175350 2295.0
1175360 2295.0
1175370 2298.5
1175380 2301.5
1175390 2301.5
1175400 2303.9
1175410 2306.6
1175420 2306.6
1175430 2310.2
1175440 2314.2
1175450 2314.2
1175460 2318.7
1175470 2323.8
1175480 2323.8
1175490 2330.0
1175500 2336.5
1175510 2342.4
1175520 2342.4
1175530 2345.9
1175540 2348.1
1175550 2348.1
1175560 2350.0
1175570 2351.7
1175580 2351.7
1175590 2355.1
1175600 2357.1
1175610 2357.1
1175620 2360.4
1175630 2361.3
1175640 2361.3
1175650 2361.1
1175660 2360.7
1175670 2360.7
1175680 2362.5
1175690 2366.8
1175700 2366.8
1175710 2372.1
1175720 2379.1
1175730 2385.6
1175740 2385.6
1175750 2392.8
1175760 2398.7
1175770 2398.7
1175780 2400.4
1175790 2399.3
1175800 2399.3
1175810 2395.7
1175820 2390.6
1175830 2390.6
1175840 2384.8
1175850 2378.8
1175860 2378.8
1175870 2372.6
1175880 2366.4
1175890 2366.4
1175900 2360.4
1175910 2354.2
1175920 2347.6
1175930 2347.6
1175940 2341.0
1175950 2335.7
1175960 2335.7
1175970 2331.1
1175980 2326.4
1175990 2326.4
1176000 2321.7
1176010 2316.9
1176020 2316.9
1176030 2311.8
1176040 2307.5
1176050 2307.5
1176060 2303.1
1176070 2299.2
1176080 2299.2
1176090 2294.8
1176100 2290.5
1176110 2285.9
1176120 2285.9
1176130 2282.1
1176140 2278.5
1176150 2278.5
1176160 2274.1
1176170 2270.1
1176180 2270.1
1176190 2265.7
1176200 2261.2
1176210 2261.2
1176220 2257.0
1176230 2252.6
1176240 2252.6
1176250 2248.2
1176260 2244.1
1176270 2244.1
1176280 2240.0
1176290 2236.0
1176300 2233.3
1176310 2233.3
1176320 2230.7
1176330 2228.2
1176340 2228.2
1176350 2224.8
1176360 2221.6
1176370 2221.6
1176380 2218.7
1176390 2215.9
1176400 2215.9
1176410 2213.8
1176420 2210.8
1176430 2210.8
1176440 2206.6
1176450 2202.4
1176460 2202.4
1176470 2198.2
1176480 2194.8
1176490 2194.8
1176500 2191.8
1176510 2188.6
1176520 2184.1
1176530 2184.1
1176540 2178.6
1176550 2174.1
1176560 2174.1
1176570 2170.2
1176580 2166.8
1176590 2166.8
1176600 2161.6
1176610 2157.0
1176620 2157.0
1176630 2153.0
1176640 2149.1
1176650 2149.1
1176660 2145.8
1176670 2144.1
1176680 2144.1
1176690 2142.9
1176700 2139.6
1176710 2136.0
1176720 2136.0
1176730 2134.0
1176740 2131.7
1176750 2131.7
1176760 2128.4
1176770 2124.1
1176780 2124.1
1176790 2119.8
1176800 2116.5
1176810 2116.5
1176820 2112.3
1176830 2109.8
1176840 2109.8
1176850 2107.3
1176860 2103.5
1176870 2103.5
1176880 2099.5
1176890 2095.4
1176900 2091.9
1176910 2091.9
1176920 2089.1
1176930 2086.9
1176940 2086.9
1176950 2084.8
1176960 2082.8
1176970 2082.8
1176980 2081.0
1176990 2079.4
1177000 2079.4
1177010 2078.1
1177020 2077.2
1177030 2077.2
1177040 2076.4
1177050 2074.8
1177060 2074.8
1177070 2073.3
1177080 2072.3
1177090 2071.6
1177100 2071.6
1177110 2071.4
1177120 2071.7
1177130 2071.7
1177140 2072.0
1177150 2072.4
1177160 2072.4
1177170 2073.9
1177180 2074.7
1177190 2074.7
1177200 2074.7
1177210 2073.4
1177220 2073.4
1177230 2074.2
1177240 2076.3
1177250 2076.3
1177260 2075.8
1177270 2075.2
1177280 2075.9
1177290 2075.9
1177300 2076.8
1177310 2078.6
1177320 2078.6
1177330 2081.2
1177340 2084.5
1177350 2084.5
1177360 2086.6
1177370 2090.6
1177380 2090.6
1177390 2095.2
1177400 2098.3
1177410 2098.3
1177420 2101.1
1177430 2103.6
1177440 2103.6
1177450 2106.3
1177460 2109.2
1177470 2109.2
1177480 2110.8
1177490 2110.1
1177500 2107.8
1177510 2107.8
1177520 2106.1
1177530 2104.7
1177540 2104.7
1177550 2104.5
1177560 2104.4
1177570 2104.4
1177580 2104.3
1177590 2104.0
1177600 2104.0
1177610 2103.3
1177620 2102.4
1177630 2102.4
1177640 2104.3
1177650 2102.8
1177660 2102.8
1177670 2101.1
1177680 2099.5
1177690 2097.1
1177700 2097.1
1177710 2095.5
1177720 2094.3
1177730 2094.3
1177740 2094.0
1177750 2093.8
1177760 2093.8
1177770 2093.2
1177780 2092.2
1177790 2092.2
1177800 2091.0
1177810 2089.8
1177820 2089.8
1177830 2088.8
1177840 2086.9
1177850 2086.9
1177860 2085.0
1177870 2083.1
1177880 2081.2
1177890 2081.2
1177900 2079.2
1177910 2077.1
1177920 2077.1
1177930 2075.0
1177940 2072.1
1177950 2072.1
1177960 2069.1
1177970 2064.6
1177980 2064.6
1177990 2059.6
1178000 2056.1
1178010 2056.1
1178020 2052.7
1178030 2049.5
1178040 2049.5
1178050 2047.0
1178060 2042.5
1178070 2037.4
1178080 2037.4
1178090 2033.2
1178100 2028.8
1178110 2028.8
1178120 2024.5
1178130 2019.4
1178140 2019.4
1178150 2014.5
1178160 2009.1
1178170 2009.1
1178180 2002.5
1178190 1996.0
1178200 1996.0
1178210 1989.8
1178220 1983.8
1178230 1983.8
1178240 1977.8
1178250 1971.4
1178260 1971.4
1178270 1965.3
1178280 1959.2
1178290 1952.9
1178300 1952.9
1178310 1947.7
1178320 1943.0
1178330 1943.0
1178340 1937.6
1178350 1932.3
1178360 1932.3
1178370 1926.5
1178380 1920.2
1178390 1920.2
1178400 1914.0
1178410 1908.3
1178420 1908.3
1178430 1903.2
1178440 1896.5
1178450 1896.5
1178460 1889.8
1178470 1885.3
1178480 1880.7
1178490 1880.7
1178500 1876.2
1178510 1871.9
1178520 1871.9
1178530 1867.8
1178540 1863.3
1178550 1863.3
1178560 1858.8
1178570 1855.1
1178580 1855.1
1178590 1852.0
1178600 1849.0
1178610 1849.0
1178620 1846.2
1178630 1842.9
1178640 1842.9
1178650 1839.1
1178660 1835.9
1178670 1833.6
1178680 1833.6
1178690 1831.6
1178700 1829.1
1178710 1829.1
1178720 1826.0
1178730 1821.5
1178740 1821.5
1178750 1816.1
1178760 1810.3
1178770 1810.3
1178780 1805.2
1178790 1802.0
1178800 1802.0
1178810 1799.8
1178820 1797.0
1178830 1797.0
1178840 1793.4
1178850 1789.9
1178860 1786.1
1178870 1786.1
1178880 1782.7
1178890 1778.2
1178900 1778.2
1178910 1773.8
1178920 1769.7
1178930 1769.7
1178940 1765.0
1178950 1761.5
1178960 1761.5
1178970 1758.0
1178980 1754.5
1178990 1754.5
1179000 1750.6
1179010 1746.1
1179020 1746.1
1179030 1741.2
1179040 1736.9
1179050 1736.9
1179060 1735.1
1179070 1737.2
1179080 1743.1
1179090 1743.1
1179100 1750.6
1179110 1758.2
1179120 1758.2
1179130 1765.4
1179140 1772.0
1179150 1772.0
1179160 1777.9
1179170 1781.2
1179180 1781.2
1179190 1781.7
1179200 1781.3
1179210 1781.3
1179220 1781.2
1179230 1781.0
1179240 1781.0
1179250 1781.4
1179260 1783.2
1179270 1785.2
1179280 1785.2
1179290 1785.1
1179300 1786.0
1179310 1786.0
1179320 1787.4
1179330 1789.0
1179340 1789.0
1179350 1788.4
1179360 1787.8
1179370 1787.8
1179380 1787.4
1179390 1788.3
1179400 1788.3
1179410 1789.3
1179420 1787.7
1179430 1787.7
1179440 1783.5
1179450 1781.8
1179460 1784.9
1179470 1784.9
1179480 1790.5
1179490 1796.6
1179500 1796.6
1179510 1801.9
1179520 1803.6
1179530 1803.6
1179540 1801.4
1179550 1798.3
1179560 1798.3
1179570 1797.0
1179580 1795.0
1179590 1795.0
1179600 1790.4
1179610 1784.1
1179620 1784.1
1179630 1778.2
1179640 1774.6
1179650 1770.9
1179660 1770.9
1179670 1765.4
1179680 1760.4
1179690 1760.4
1179700 1758.1
1179710 1760.2
1179720 1760.2
1179730 1755.7
1179740 1751.0
1179750 1751.0
1179760 1746.1
1179770 1741.3
1179780 1741.3
1179790 1738.8
1179800 1736.6
1179810 1736.6
1179820 1735.1
1179830 1734.5
1179840 1732.7
1179850 1732.7
1179860 1730.5
1179870 1729.2
1179880 1729.2
1179890 1729.2
1179900 1730.0
1179910 1730.0
1179920 1729.1
1179930 1727.9
1179940 1727.9
1179950 1726.4
1179960 1723.8
1179970 1723.8
1179980 1721.2
1179990 1718.3
