1166740 1194.7
1166750 1194.7
1166760 1189.1
1166770 1183.7
1166780 1183.7
1166790 1178.9
1166800 1174.1
1166810 1174.1
1166820 1169.7
1166830 1165.7
1166840 1165.7
1166850 1162.0
1166860 1158.1
1166870 1158.1
1166880 1154.0
1166890 1149.5
1166900 1149.5
1166910 1145.3
1166920 1141.0
1166930 1137.4
1166940 1137.4
1166950 1134.1
1166960 1131.1
1166970 1131.1
1166980 1128.0
1166990 1125.0
1167000 1125.0
1167010 1121.3
1167020 1117.5
1167030 1117.5
1167040 1114.7
1167050 1110.0
1167060 1110.0
1167070 1106.2
1167080 1103.3
1167090 1103.3
1167100 1099.7
1167110 1095.8
1167120 1091.9
1167130 1091.9
1167140 1087.8
1167150 1084.6
1167160 1084.6
1167170 1081.8
1167180 1079.4
1167190 1079.4
1167200 1076.5
1167210 1074.3
1167220 1074.3
1167230 1070.7
1167240 1067.3
1167250 1067.3
1167260 1064.5
1167270 1061.6
1167280 1061.6
1167290 1058.9
1167300 1056.1
1167310 1054.6
1167320 1054.6
1167330 1052.1
1167340 1049.2
1167350 1049.2
1167360 1046.1
1167370 1042.9
1167380 1042.9
1167390 1039.3
1167400 1035.9
1167410 1035.9
1167420 1032.4
1167430 1027.9
1167440 1027.9
1167450 1020.7
1167460 1014.1
1167470 1014.1
1167480 1007.6
1167490 1000.0
1167500 993.3
1167510 993.3
1167520 990.4
1167530 989.9
1167540 989.9
1167550 989.9
1167560 990.1
1167570 990.1
1167580 993.3
1167590 998.4
1167600 998.4
1167610 1003.9
1167620 1010.2
1167630 1010.2
1167640 1016.1
1167650 1023.7
1167660 1023.7
1167670 1029.6
1167680 1033.1
1167690 1033.1
1167700 1040.2
1167710 1048.4
1167720 1053.5
1167730 1053.5
1167740 1058.0
1167750 1061.6
1167760 1061.6
1167770 1065.2
1167780 1069.5
1167790 1069.5
1167800 1073.2
1167810 1078.3
1167820 1078.3
1167830 1084.9
1167840 1091.2
1167850 1091.2
1167860 1096.2
1167870 1101.3
1167880 1101.3
1167890 1106.9
1167900 1113.2
1167910 1118.7
1167920 1118.7
1167930 1123.9
1167940 1129.9
1167950 1129.9
1167960 1135.8
1167970 1142.7
1167980 1142.7
1167990 1150.9
1168000 1160.1
1168010 1160.1
1168020 1161.8
1168030 1164.2
1168040 1164.2
1168050 1169.6
1168060 1175.1
1168070 1175.1
1168080 1180.8
1168090 1186.6
1168100 1192.3
1168110 1195.6
1168120 1201.3
1168130 1207.1
1168140 1207.1
1168150 1213.2
1168160 1219.7
1168170 1219.7
1168180 1225.9
1168190 1231.5
1168200 1231.5
1168210 1236.4
1168220 1241.3
1168230 1241.3
1168240 1246.1
1168250 1253.1
1168260 1253.1
1168270 1262.0
1168280 1270.1
1168290 1270.1
1168300 1279.2
1168310 1290.8
1168320 1309.7
1168330 1309.7
1168340 1339.1
1168350 1355.4
1168360 1355.4
1168370 1372.5
1168380 1399.3
1168390 1399.3
1168400 1416.5
1168410 1422.2
1168420 1422.2
1168430 1427.0
1168440 1432.8
1168450 1432.8
1168460 1436.6
1168470 1440.3
1168480 1440.3
1168490 1445.5
1168500 1451.3
1168510 1454.9
1168520 1454.9
1168530 1461.6
1168540 1467.9
1168550 1467.9
1168560 1474.5
1168570 1481.2
1168580 1481.2
1168590 1488.1
1168600 1495.6
1168610 1495.6
1168620 1503.6
1168630 1512.2
1168640 1512.2
1168650 1521.2
1168660 1530.2
1168670 1530.2
1168680 1543.0
1168690 1555.2
1168700 1564.6
1168710 1564.6
1168720 1573.6
1168730 1581.0
1168740 1581.0
1168750 1587.3
1168760 1594.3
1168770 1594.3
1168780 1602.6
1168790 1613.8
1168800 1613.8
1168810 1638.4
1168820 1656.6
1168830 1656.6
1168840 1666.1
1168850 1674.7
1168860 1674.7
1168870 1684.6
1168880 1695.3
1168890 1704.7
1168900 1704.7
1168910 1720.2
1168920 1724.4
1168930 1724.4
1168940 1729.3
1168950 1734.4
1168960 1734.4
1168970 1735.3
1168980 1733.9
1168990 1733.9
1169000 1734.0
1169010 1735.2
1169020 1735.2
1169030 1734.5
1169040 1735.0
1169050 1735.0
1169060 1736.6
1169070 1739.5
1169080 1739.5
1169090 1742.4
1169100 1744.9
1169110 1748.4
1169120 1748.4
1169130 1753.8
1169140 1760.3
1169150 1760.3
1169160 1765.4
1169170 1768.3
1169180 1768.3
1169190 1774.1
1169200 1781.4
1169210 1781.4
1169220 1787.9
1169230 1797.5
1169240 1797.5
1169250 1803.0
1169260 1809.2
1169270 1809.2
1169280 1811.4
1169290 1813.5
1169300 1813.8
1169310 1822.1
1169320 1821.8
1169330 1817.6
1169340 1817.6
1169350 1810.0
1169360 1807.0
1169370 1807.0
1169380 1807.0
1169390 1806.1
1169400 1806.1
1169410 1806.8
1169420 1806.9
1169430 1806.9
1169440 1803.1
1169450 1797.4
1169460 1797.4
1169470 1795.1
1169480 1798.0
1169490 1807.9
1169500 1807.9
1169510 1819.1
1169520 1831.1
1169530 1831.1
1169540 1842.1
1169550 1852.2
1169560 1852.2
1169570 1863.0
1169580 1879.8
1169590 1879.8
1169600 1894.0
1169610 1900.2
1169620 1900.2
1169630 1908.8
1169640 1922.1
1169650 1922.1
1169660 1930.6
1169670 1939.6
1169680 1950.3
1169690 1950.3
1169700 1966.2
1169710 1990.3
1169720 1990.3
1169730 2005.2
1169740 2032.6
1169750 2032.6
1169760 2053.4
1169770 2073.5
1169780 2073.5
1169790 2094.5
1169800 2110.4
1169810 2110.4
1169820 2116.4
1169830 2117.4
1169840 2117.4
1169850 2125.6
1169860 2142.3
1169870 2142.3
1169880 2150.9
1169890 2171.6
1169900 2207.1
1169910 2207.1
1169920 2221.0
1169930 2224.2
1169940 2224.2
1169950 2225.9
1169960 2226.7
1169970 2226.7
1169980 2229.5
1169990 2231.1
1170000 2231.1
1170010 2239.7
1170020 2276.4
1170030 2276.4
1170040 2303.0
1170050 2311.9
1170060 2311.9
1170070 2313.1
1170080 2312.8
1170090 2313.7
1170100 2313.7
1170110 2315.4
1170120 2316.1
1170130 2316.1
1170140 2318.2
1170150 2322.6
1170160 2322.6
1170170 2320.3
1170180 2319.5
1170190 2319.5
1170200 2320.1
1170210 2318.7
1170220 2318.7
1170230 2315.6
1170240 2313.3
1170250 2313.3
1170260 2313.5
1170270 2313.0
1170280 2310.3
1170290 2310.3
1170300 2307.3
1170310 2305.7
1170320 2305.7
1170330 2304.4
1170340 2303.9
1170350 2303.9
1170360 2303.6
1170370 2303.3
1170380 2303.3
1170390 2303.5
1170400 2304.4
1170410 2304.4
1170420 2305.8
1170430 2306.5
1170440 2306.5
1170450 2307.9
1170460 2308.9
1170470 2308.4
1170480 2308.4
1170490 2305.0
1170500 2301.8
1170510 2302.9
1170520 2304.0
1170530 2304.6
1170540 2304.6
1170550 2303.9
1170560 2303.4
1170570 2303.4
1170580 2302.9
1170590 2301.4
1170600 2301.4
1170610 2297.8
1170620 2294.0
1170630 2294.0
1170640 2293.6
1170650 2298.6
1170660 2298.6
1170670 2300.7
1170680 2302.6
1170690 2303.0
1170700 2303.0
1170710 2303.9
1170720 2305.3
1170730 2305.3
1170740 2306.5
1170750 2306.9
1170760 2306.9
1170770 2305.1
1170780 2301.6
1170790 2301.6
1170800 2297.9
1170810 2295.0
1170820 2295.0
1170830 2292.3
1170840 2289.4
1170850 2289.4
1170860 2286.2
1170870 2282.5
1170880 2280.5
1170890 2280.5
1170900 2281.9
1170910 2282.3
1170920 2278.2
1170930 2276.6
1170940 2275.0
1170950 2275.0
1170960 2274.6
1170970 2274.9
1170980 2274.9
1170990 2275.9
1171000 2276.8
1171010 2276.8
1171020 2277.2
1171030 2276.7
1171040 2276.7
1171050 2275.2
1171060 2272.3
1171070 2268.3
1171080 2268.3
1171090 2265.5
1171100 2263.1
1171110 2263.1
1171120 2261.7
1171130 2260.3
1171140 2260.3
1171150 2258.6
1171160 2257.0
1171170 2257.0
1171180 2255.7
1171190 2254.4
1171200 2254.4
1171210 2252.4
1171220 2251.2
1171230 2251.2
1171240 2251.1
1171250 2252.1
1171260 2252.1
1171270 2253.2
1171280 2252.8
1171290 2252.6
1171300 2252.6
1171310 2253.1
1171320 2249.7
1171330 2249.7
1171340 2250.3
1171350 2251.0
1171360 2251.0
1171370 2250.9
1171380 2250.7
1171390 2250.7
1171400 2250.3
1171410 2249.4
1171420 2249.4
1171430 2248.2
1171440 2247.7
1171450 2247.7
1171460 2246.6
1171470 2245.0
1171480 2244.2
1171490 2244.2
1171500 2243.1
1171510 2242.5
1171520 2242.5
1171530 2242.1
1171540 2242.2
1171550 2242.2
1171560 2242.2
1171570 2242.6
1171580 2242.6
1171590 2242.1
1171600 2242.1
1171610 2242.1
1171620 2242.1
1171630 2242.3
1171640 2242.3
1171650 2242.2
1171660 2242.6
1171670 2244.2
1171680 2244.2
1171690 2244.4
1171700 2244.9
1171710 2244.9
1171720 2240.1
1171730 2239.9
1171740 2239.9
1171750 2239.8
1171760 2238.6
1171770 2238.6
1171780 2237.2
1171790 2235.6
1171800 2235.6
1171810 2234.7
1171820 2233.9
1171830 2233.9
1171840 2234.8
1171850 2237.3
1171860 2239.6
1171870 2239.6
1171880 2242.1
1171890 2244.4
1171900 2244.4
1171910 2247.6
1171920 2250.1
1171930 2250.1
1171940 2251.7
1171950 2254.2
1171960 2254.2
1171970 2258.0
1171980 2261.9
1171990 2261.9
1172000 2264.5
1172010 2267.9
1172020 2267.9
1172030 2272.0
1172040 2276.0
1172050 2276.0
1172060 2280.6
1172070 2285.0
1172080 2288.6
1172090 2288.6
1172100 2292.3
1172110 2295.9
1172120 2295.9
1172130 2294.2
1172140 2297.3
1172150 2297.3
1172160 2300.6
1172170 2303.8
1172180 2303.8
1172190 2307.1
1172200 2310.7
1172210 2310.7
1172220 2314.8
1172230 2319.3
1172240 2319.3
1172250 2326.2
1172260 2336.7
1172270 2344.8
1172280 2344.8
1172290 2349.3
1172300 2352.6
1172310 2352.6
1172320 2356.0
1172330 2360.4
1172340 2360.4
1172350 2366.6
1172360 2372.4
1172370 2372.4
1172380 2377.7
1172390 2382.7
1172400 2382.7
1172410 2386.9
1172420 2391.0
1172430 2391.0
1172440 2394.9
1172450 2398.0
1172460 2400.6
1172470 2400.6
1172480 2402.8
1172490 2406.1
1172500 2406.1
1172510 2409.7
1172520 2413.8
1172530 2410.0
1172540 2414.2
1172550 2418.1
1172560 2418.1
1172570 2422.4
1172580 2426.3
1172590 2426.3
1172600 2430.2
1172610 2433.9
1172620 2433.9
1172630 2437.1
1172640 2439.9
1172650 2441.4
1172660 2441.4
1172670 2442.8
1172680 2444.8
1172690 2444.8
1172700 2446.5
1172710 2449.0
1172720 2449.0
1172730 2451.5
1172740 2454.1
1172750 2454.1
1172760 2457.0
1172770 2460.0
1172780 2460.0
1172790 2464.1
1172800 2467.5
1172810 2467.5
1172820 2470.3
1172830 2474.4
1172840 2474.4
1172850 2476.5
1172860 2477.6
1172870 2479.1
1172880 2479.1
1172890 2480.6
1172900 2480.1
1172910 2480.1
1172920 2479.8
1172930 2479.5
1172940 2474.4
1172950 2473.1
1172960 2471.4
1172970 2471.4
1172980 2470.1
1172990 2469.1
1173000 2469.1
1173010 2467.1
1173020 2465.0
1173030 2465.0
1173040 2463.1
1173050 2462.0
1173060 2461.3
1173070 2461.3
1173080 2463.2
1173090 2464.3
1173100 2464.3
1173110 2464.2
1173120 2464.3
1173130 2464.3
1173140 2464.8
1173150 2465.2
1173160 2465.2
1173170 2463.9
1173180 2461.3
1173190 2461.3
1173200 2460.1
1173210 2460.2
1173220 2460.2
1173230 2460.7
1173240 2460.7
1173250 2460.3
1173260 2460.3
1173270 2460.7
1173280 2461.1
1173290 2461.1
1173300 2461.2
1173310 2461.5
1173320 2461.5
1173330 2461.2
1173340 2461.2
1173350 2457.0
1173360 2457.0
1173370 2457.5
1173380 2457.5
1173390 2457.4
1173400 2457.0
1173410 2457.0
1173420 2456.7
1173430 2456.6
1173440 2456.5
1173450 2456.5
1173460 2455.7
1173470 2455.3
1173480 2455.3
1173490 2455.5
1173500 2456.1
1173510 2456.1
1173520 2455.7
1173530 2455.6
1173540 2455.6
1173550 2455.7
1173560 2455.7
1173570 2455.7
1173580 2454.7
1173590 2453.3
1173600 2453.3
1173610 2452.4
1173620 2451.1
1173630 2451.1
1173640 2449.7
1173650 2447.8
1173660 2446.8
1173670 2446.8
1173680 2446.4
1173690 2445.8
1173700 2445.8
1173710 2444.5
1173720 2442.8
1173730 2442.8
1173740 2440.4
1173750 2437.3
1173760 2437.3
1173770 2434.0
1173780 2430.0
1173790 2430.0
1173800 2427.2
1173810 2423.5
1173820 2423.5
1173830 2419.8
1173840 2416.2
1173850 2413.0
1173860 2413.0
1173870 2410.3
1173880 2407.6
1173890 2407.6
1173900 2405.5
1173910 2403.0
1173920 2403.0
1173930 2400.0
1173940 2396.8
1173950 2396.8
1173960 2393.3
1173970 2390.6
1173980 2390.6
1173990 2388.0
1174000 2385.0
1174010 2385.0
1174020 2382.1
1174030 2380.4
1174040 2379.0
1174050 2379.0
1174060 2377.0
1174070 2374.3
1174080 2374.3
1174090 2371.1
1174100 2367.3
1174110 2367.3
1174120 2363.1
1174130 2359.5
1174140 2359.5
1174150 2355.5
1174160 2350.7
1174170 2350.7
1174180 2344.8
1174190 2338.6
1174200 2338.6
1174210 2332.8
1174220 2326.8
1174230 2326.8
1174240 2320.9
1174250 2315.5
1174260 2310.3
1174270 2310.3
1174280 2305.0
1174290 2299.2
1174300 2299.2
1174310 2293.4
1174320 2288.0
1174330 2288.0
1174340 2283.5
1174350 2279.3
1174360 2279.3
1174370 2275.2
1174380 2270.6
1174390 2270.6
1174400 2265.7
1174410 2260.9
1174420 2260.9
1174430 2255.9
1174440 2252.7
1174450 2249.5
1174460 2249.5
1174470 2245.6
1174480 2241.9
1174490 2241.9
1174500 2238.1
1174510 2235.5
1174520 2235.5
1174530 2232.6
1174540 2228.8
1174550 2228.8
1174560 2224.5
1174570 2218.2
1174580 2218.2
1174590 2212.5
1174600 2206.7
1174610 2206.7
1174620 2201.6
1174630 2197.6
1174640 2192.9
1174650 2192.9
1174660 2186.9
1174670 2180.3
1174680 2180.3
1174690 2174.9
1174700 2170.3
1174710 2170.3
1174720 2167.1
1174730 2164.2
1174740 2164.2
1174750 2161.3
1174760 2157.7
1174770 2157.7
1174780 2154.4
1174790 2150.9
1174800 2150.9
1174810 2146.9
1174820 2141.8
1174830 2136.4
1174840 2136.4
1174850 2130.2
1174860 2123.1
1174870 2123.1
1174880 2115.8
1174890 2109.0
1174900 2109.0
1174910 2103.4
1174920 2099.5
1174930 2099.5
1174940 2096.1
1174950 2092.3
1174960 2092.3
1174970 2087.7
1174980 2083.6
1174990 2083.6
1175000 2079.7
1175010 2076.6
1175020 2076.6
1175030 2072.9
1175040 2068.3
1175050 2064.1
1175060 2064.1
1175070 2059.4
1175080 2054.2
1175090 2054.2
1175100 2049.7
1175110 2046.2
1175120 2046.2
1175130 2042.3
1175140 2036.8
1175150 2036.8
1175160 2030.9
1175170 2025.3
1175180 2025.3
1175190 2020.4
1175200 2015.3
1175210 2015.3
1175220 2008.8
1175230 2004.2
1175240 2001.6
1175250 2001.6
1175260 1998.5
1175270 1997.5
1175280 1997.5
1175290 1999.3
1175300 2000.8
1175310 2000.8
1175320 2002.1
1175330 2004.0
1175340 2004.0
1175350 2007.4
1175360 2011.6
1175370 2011.6
1175380 2020.7
1175390 2024.6
1175400 2024.6
1175410 2028.2
1175420 2031.1
1175430 2032.4
1175440 2032.4
1175450 2030.4
1175460 2029.3
1175470 2029.3
1175480 2030.0
1175490 2031.6
1175500 2031.6
1175510 2034.4
1175520 2038.6
1175530 2038.6
1175540 2044.3
1175550 2050.3
1175560 2050.3
1175570 2055.8
1175580 2061.0
1175590 2061.0
1175600 2066.9
1175610 2072.7
1175620 2077.4
1175630 2077.4
1175640 2081.5
1175650 2085.6
1175660 2085.6
1175670 2090.4
1175680 2094.8
1175690 2094.8
1175700 2099.2
1175710 2103.8
1175720 2103.8
1175730 2108.5
1175740 2113.8
1175750 2113.8
1175760 2119.4
1175770 2126.1
1175780 2126.1
1175790 2135.2
1175800 2142.3
1175810 2142.3
1175820 2148.6
1175830 2154.1
1175840 2158.9
1175850 2158.9
1175860 2163.7
1175870 2168.8
1175880 2168.8
1175890 2174.1
1175900 2179.3
1175910 2179.3
1175920 2185.0
1175930 2190.9
1175940 2190.9
1175950 2197.4
1175960 2204.1
1175970 2204.1
1175980 2210.0
1175990 2215.1
1176000 2215.1
1176010 2219.2
1176020 2222.6
1176030 2225.3
1176040 2225.3
1176050 2227.5
1176060 2229.1
1176070 2229.1
1176080 2230.7
1176090 2232.6
1176100 2232.6
1176110 2235.4
1176120 2238.8
1176130 2238.8
1176140 2242.5
1176150 2246.8
1176160 2246.8
1176170 2250.6
1176180 2254.4
1176190 2254.4
1176200 2265.0
1176210 2268.4
1176220 2270.2
1176230 2270.2
1176240 2269.3
1176250 2267.1
1176260 2267.1
1176270 2264.1
1176280 2261.4
1176290 2261.4
1176300 2258.2
1176310 2254.1
1176320 2254.1
1176330 2249.6
1176340 2244.7
1176350 2244.7
1176360 2239.8
1176370 2234.6
1176380 2234.6
1176390 2229.4
1176400 2224.3
1176410 2219.0
1176420 2219.0
1176430 2213.6
1176440 2208.6
1176450 2208.6
1176460 2204.4
1176470 2200.0
1176480 2200.0
1176490 2195.5
1176500 2190.8
1176510 2190.8
1176520 2186.2
1176530 2180.9
1176540 2180.9
1176550 2176.1
1176560 2171.7
1176570 2171.7
1176580 2167.6
1176590 2163.9
1176600 2163.9
1176610 2159.2
1176620 2156.0
1176630 2152.7
1176640 2152.7
1176650 2148.8
1176660 2145.4
1176670 2145.4
1176680 2142.2
1176690 2139.3
1176700 2139.3
1176710 2136.5
1176720 2132.4
1176730 2132.4
1176740 2126.7
1176750 2121.0
1176760 2121.0
1176770 2116.4
1176780 2112.3
1176790 2112.3
1176800 2108.3
1176810 2103.9
1176820 2098.9
1176830 2098.9
1176840 2093.6
1176850 2088.1
1176860 2088.1
1176870 2083.8
1176880 2079.9
1176890 2079.9
1176900 2076.5
1176910 2073.3
1176920 2073.3
1176930 2069.6
1176940 2066.2
1176950 2066.2
1176960 2062.6
1176970 2059.3
1176980 2059.3
1176990 2056.1
1177000 2053.3
1177010 2050.8
1177020 2049.5
1177030 2047.6
1177040 2046.1
1177050 2046.1
1177060 2044.8
1177070 2043.7
1177080 2043.7
1177090 2043.1
1177100 2042.7
1177110 2042.7
1177120 2042.4
1177130 2041.9
1177140 2041.9
1177150 2041.3
1177160 2040.4
1177170 2040.4
1177180 2039.1
1177190 2037.4
1177200 2035.5
1177210 2035.5
1177220 2032.9
1177230 2030.2
1177240 2030.2
1177250 2028.1
1177260 2025.1
1177270 2025.1
1177280 2021.6
1177290 2018.2
1177300 2018.2
1177310 2015.1
1177320 2011.2
1177330 2011.2
1177340 2007.0
1177350 2003.0
1177360 2003.0
1177370 2000.1
1177380 1996.7
1177390 1996.7
1177400 1993.6
1177410 1990.2
1177420 1986.6
1177430 1986.6
1177440 1982.2
1177450 1974.5
1177460 1974.5
1177470 1965.8
1177480 1958.0
1177490 1958.0
1177500 1951.2
1177510 1944.9
1177520 1944.9
1177530 1939.0
1177540 1932.9
1177550 1932.9
1177560 1926.8
1177570 1920.0
1177580 1920.0
1177590 1912.3
1177600 1905.2
1177610 1899.2
1177620 1899.2
1177630 1893.7
1177640 1888.5
1177650 1888.5
1177660 1883.5
1177670 1878.0
1177680 1878.0
1177690 1872.9
1177700 1869.8
1177710 1869.8
1177720 1870.2
1177730 1872.3
1177740 1872.3
1177750 1874.2
1177760 1876.7
1177770 1876.7
1177780 1877.0
1177790 1879.2
1177800 1881.6
1177810 1881.6
1177820 1883.7
1177830 1884.0
1177840 1884.0
1177850 1890.5
1177860 1887.6
1177870 1887.6
1177880 1884.2
1177890 1879.4
1177900 1879.4
1177910 1874.1
1177920 1868.4
1177930 1868.4
1177940 1865.3
1177950 1862.4
1177960 1862.4
1177970 1858.2
1177980 1854.0
1177990 1854.0
1178000 1850.7
1178010 1847.5
1178020 1843.0
1178030 1843.0
1178040 1839.1
1178050 1836.4
1178060 1836.4
1178070 1833.0
1178080 1829.0
1178090 1829.0
1178100 1824.9
1178110 1821.2
1178120 1821.2
1178130 1817.9
1178140 1815.3
1178150 1815.3
1178160 1812.8
1178170 1810.5
1178180 1810.5
1178190 1808.0
1178200 1806.0
1178210 1803.9
1178220 1803.9
1178230 1801.9
1178240 1800.1
1178250 1800.1
1178260 1799.1
1178270 1796.2
1178280 1796.2
1178290 1792.9
1178300 1789.9
1178310 1789.9
1178320 1787.8
1178330 1785.8
1178340 1785.8
1178350 1783.1
1178360 1779.1
1178370 1779.1
1178380 1774.9
1178390 1770.7
1178400 1767.2
1178410 1767.2
1178420 1763.9
1178430 1760.6
1178440 1760.6
1178450 1757.7
1178460 1755.1
1178470 1755.1
1178480 1752.1
1178490 1748.8
1178500 1748.8
1178510 1745.9
1178520 1743.0
1178530 1743.0
1178540 1740.5
1178550 1738.4
1178560 1738.4
1178570 1735.8
1178580 1732.6
1178590 1730.5
1178600 1730.5
1178610 1727.8
1178620 1725.4
1178630 1725.4
1178640 1723.7
1178650 1722.5
1178660 1722.5
1178670 1723.1
1178680 1722.1
1178690 1722.1
1178700 1721.3
1178710 1720.5
1178720 1720.5
1178730 1718.2
1178740 1716.7
1178750 1716.7
1178760 1715.6
1178770 1714.3
1178780 1714.3
1178790 1713.4
1178800 1712.6
1178810 1711.9
1178820 1711.9
1178830 1710.8
1178840 1709.2
1178850 1709.2
1178860 1708.2
1178870 1706.7
1178880 1706.7
1178890 1702.9
1178900 1699.3
1178910 1699.3
1178920 1697.3
1178930 1695.3
1178940 1695.3
1178950 1693.8
1178960 1691.9
1178970 1691.9
1178980 1690.2
1178990 1688.7
1179000 1684.0
1179010 1684.0
1179020 1678.0
1179030 1669.7
1179040 1669.7
1179050 1662.4
1179060 1655.8
1179070 1655.8
1179080 1652.1
1179090 1654.7
1179100 1654.7
1179110 1653.8
1179120 1653.5
1179130 1653.5
1179140 1654.3
1179150 1654.4
1179160 1654.4
1179170 1653.7
1179180 1652.8
1179190 1651.7
1179200 1651.7
1179210 1653.1
1179220 1655.9
1179230 1655.9
1179240 1658.8
1179250 1661.7
1179260 1661.7
1179270 1664.8
1179280 1665.6
1179290 1665.6
1179300 1663.6
1179310 1664.1
1179320 1664.1
1179330 1664.5
1179340 1663.5
1179350 1663.5
1179360 1662.9
1179370 1663.0
1179380 1662.7
1179390 1662.7
1179400 1661.7
1179410 1661.5
1179420 1661.5
1179430 1661.5
1179440 1661.4
1179450 1661.4
1179460 1661.6
1179470 1662.2
1179480 1662.2
1179490 1662.9
1179500 1663.7
1179510 1663.7
1179520 1664.4
1179530 1664.5
1179540 1664.5
1179550 1664.4
1179560 1664.2
1179570 1664.2
1179580 1663.9
1179590 1664.1
1179600 1665.2
1179610 1665.2
1179620 1665.8
1179630 1665.0
1179640 1665.0
1179650 1662.4
1179660 1657.8
1179670 1657.8
1179680 1652.7
1179690 1647.2
1179700 1647.2
1179710 1641.7
1179720 1638.4
1179730 1638.4
1179740 1637.5
1179750 1638.1
1179760 1638.1
1179770 1638.7
1179780 1639.9
1179790 1641.3
1179800 1641.3
1179810 1643.1
1179820 1646.1
1179830 1646.1
1179840 1650.8
1179850 1655.9
1179860 1655.9
1179870 1659.9
1179880 1663.9
1179890 1663.9
1179900 1668.8
1179910 1673.7
1179920 1671.8
1179930 1676.2
1179940 1679.8
1179950 1679.8
1179960 1682.8
1179970 1687.1
1179980 1690.6
1179990 1690.6
