1166680 1217.2
1166690 1217.2
1166700 1214.6
1166710 1210.2
1166720 1206.2
1166730 1206.2
1166740 1202.1
1166750 1197.8
1166760 1197.8
1166770 1193.1
1166780 1188.5
1166790 1188.5
1166800 1183.7
1166810 1178.2
1166820 1178.2
1166830 1172.3
1166840 1166.9
1166850 1169.0
1166860 1162.8
1166870 1157.0
1166880 1157.0
1166890 1151.8
1166900 1146.4
1166910 1140.0
1166920 1140.0
1166930 1132.8
1166940 1128.4
1166950 1128.4
1166960 1126.4
1166970 1124.1
1166980 1124.1
1166990 1121.4
1167000 1118.6
1167010 1118.6
1167020 1114.2
1167030 1110.3
1167040 1110.3
1167050 1106.0
1167060 1101.5
1167070 1101.5
1167080 1097.7
1167090 1094.3
1167100 1094.3
1167110 1090.8
1167120 1087.3
1167130 1083.5
1167140 1083.5
1167150 1080.2
1167160 1077.0
1167170 1077.0
1167180 1073.8
1167190 1071.4
1167200 1071.4
1167210 1070.8
1167220 1069.6
1167230 1069.6
1167240 1067.3
1167250 1065.3
1167260 1065.3
1167270 1062.9
1167280 1059.7
1167290 1059.7
1167300 1056.3
1167310 1053.2
1167320 1050.0
1167330 1050.0
1167340 1046.9
1167350 1044.2
1167360 1044.2
1167370 1042.3
1167380 1039.0
1167390 1039.0
1167400 1035.0
1167410 1030.6
1167420 1030.6
1167430 1024.4
1167440 1018.1
1167450 1018.1
1167460 1012.3
1167470 1005.6
1167480 1005.6
1167490 1000.5
1167500 993.3
1167510 989.5
1167520 989.5
1167530 989.3
1167540 989.4
1167550 989.4
1167560 991.1
1167570 996.6
1167580 996.6
1167590 1001.7
1167600 1007.0
1167610 1007.0
1167620 1012.4
1167630 1018.3
1167640 1018.3
1167650 1024.3
1167660 1034.0
1167670 1034.0
1167680 1044.5
1167690 1053.7
1167700 1053.7
1167710 1060.0
1167720 1063.4
1167730 1065.7
1167740 1065.7
1167750 1068.2
1167760 1071.4
1167770 1071.4
1167780 1074.3
1167790 1078.3
1167800 1078.3
1167810 1082.3
1167820 1085.7
1167830 1085.7
1167840 1089.7
1167850 1093.7
1167860 1093.7
1167870 1098.3
1167880 1102.1
1167890 1102.1
1167900 1106.3
1167910 1109.6
1167920 1113.6
1167930 1113.6
1167940 1117.7
1167950 1122.6
1167960 1122.6
1167970 1127.6
1167980 1131.3
1167990 1131.3
1168000 1135.4
1168010 1140.0
1168020 1140.0
1168030 1144.8
1168040 1150.4
1168050 1154.5
1168060 1158.7
1168070 1160.6
1168080 1160.6
1168090 1165.5
1168100 1170.2
1168110 1176.0
1168120 1176.0
1168130 1182.4
1168140 1188.7
1168150 1188.7
1168160 1195.3
1168170 1202.0
1168180 1202.0
1168190 1208.7
1168200 1215.7
1168210 1215.7
1168220 1222.9
1168230 1230.3
1168240 1230.3
1168250 1238.2
1168260 1246.3
1168270 1246.3
1168280 1254.8
1168290 1263.3
1168300 1272.0
1168310 1272.0
1168320 1280.8
1168330 1289.0
1168340 1289.0
1168350 1297.4
1168360 1305.8
1168370 1305.8
1168380 1314.4
1168390 1321.8
1168400 1321.8
1168410 1328.7
1168420 1336.5
1168430 1336.5
1168440 1345.8
1168450 1358.0
1168460 1358.0
1168470 1367.5
1168480 1375.1
1168490 1375.1
1168500 1382.4
1168510 1394.3
1168520 1417.2
1168530 1417.2
1168540 1435.7
1168550 1445.9
1168560 1445.9
1168570 1453.0
1168580 1459.5
1168590 1459.5
1168600 1465.4
1168610 1470.5
1168620 1470.5
1168630 1475.4
1168640 1481.0
1168650 1481.0
1168660 1487.3
1168670 1493.1
1168680 1493.1
1168690 1498.6
1168700 1503.8
1168710 1510.1
1168720 1510.1
1168730 1517.2
1168740 1524.6
1168750 1524.6
1168760 1532.9
1168770 1540.4
1168780 1540.4
1168790 1545.8
1168800 1549.3
1168810 1549.3
1168820 1558.0
1168830 1576.2
1168840 1576.2
1168850 1593.8
1168860 1596.4
1168870 1596.4
1168880 1598.9
1168890 1598.3
1168900 1598.5
1168910 1598.5
1168920 1601.9
1168930 1603.9
1168940 1603.9
1168950 1604.3
1168960 1602.9
1168970 1602.9
1168980 1601.9
1168990 1599.8
1169000 1599.8
1169010 1598.1
1169020 1597.0
1169030 1597.0
1169040 1603.3
1169050 1612.7
1169060 1612.7
1169070 1620.1
1169080 1628.0
1169090 1636.5
1169100 1636.5
1169110 1644.6
1169120 1653.7
1169130 1653.7
1169140 1662.8
1169150 1670.6
1169160 1670.6
1169170 1674.8
1169180 1679.3
1169190 1679.3
1169200 1688.4
1169210 1696.5
1169220 1696.5
1169230 1698.3
1169240 1699.4
1169250 1723.2
1169260 1727.6
1169270 1739.0
1169280 1739.0
1169290 1742.4
1169300 1736.3
1169310 1730.7
1169320 1730.7
1169330 1722.5
1169340 1719.0
1169350 1719.0
1169360 1716.7
1169370 1715.6
1169380 1715.6
1169390 1720.9
1169400 1728.0
1169410 1728.0
1169420 1735.8
1169430 1743.4
1169440 1743.4
1169450 1751.5
1169460 1759.5
1169470 1759.5
1169480 1768.1
1169490 1787.6
1169500 1812.4
1169510 1812.4
1169520 1821.6
1169530 1829.0
1169540 1829.0
1169550 1840.0
1169560 1853.1
1169570 1853.1
1169580 1864.3
1169590 1875.7
1169600 1875.7
1169610 1890.9
1169620 1900.0
1169630 1900.0
1169640 1899.8
1169650 1893.0
1169660 1893.0
1169670 1898.4
1169680 1905.5
1169690 1913.3
1169700 1913.3
1169710 1922.4
1169720 1935.1
1169730 1935.1
1169740 1950.4
1169750 1968.0
1169760 1968.0
1169770 1981.2
1169780 1995.6
1169790 1995.6
1169800 2006.8
1169810 2017.4
1169820 2017.4
1169830 2034.3
1169840 2053.6
1169850 2053.6
1169860 2064.7
1169870 2076.4
1169880 2076.4
1169890 2092.4
1169900 2111.1
1169910 2125.4
1169920 2125.4
1169930 2146.8
1169940 2187.4
1169950 2187.4
1169960 2219.2
1169970 2235.4
1169980 2235.4
1169990 2257.5
1170000 2273.4
1170010 2273.4
1170020 2278.9
1170030 2282.9
1170040 2282.9
1170050 2284.5
1170060 2288.2
1170070 2288.2
1170080 2289.0
1170090 2290.6
1170100 2292.3
1170110 2292.3
1170120 2291.4
1170130 2289.3
1170140 2289.3
1170150 2289.7
1170160 2292.1
1170170 2292.1
1170180 2293.9
1170190 2295.1
1170200 2295.1
1170210 2294.1
1170220 2293.0
1170230 2293.0
1170240 2292.7
1170250 2291.6
1170260 2291.6
1170270 2291.1
1170280 2291.4
1170290 2290.7
1170300 2290.7
1170310 2290.7
1170320 2293.2
1170330 2293.2
1170340 2293.4
1170350 2290.8
1170360 2290.8
1170370 2288.3
1170380 2290.3
1170390 2290.3
1170400 2291.5
1170410 2292.9
1170420 2292.9
1170430 2293.1
1170440 2291.8
1170450 2291.8
1170460 2292.4
1170470 2291.0
1170480 2291.0
1170490 2291.0
1170500 2292.1
1170510 2292.8
1170520 2292.8
1170530 2293.5
1170540 2294.3
1170550 2294.3
1170560 2296.0
1170570 2297.9
1170580 2297.9
1170590 2297.6
1170600 2297.1
1170610 2297.1
1170620 2297.0
1170630 2295.6
1170640 2295.6
1170650 2294.8
1170660 2294.5
1170670 2294.5
1170680 2292.4
1170690 2290.7
1170700 2289.8
1170710 2289.8
1170720 2289.6
1170730 2289.7
1170740 2289.7
1170750 2288.8
1170760 2289.0
1170770 2289.0
1170780 2290.3
1170790 2292.4
1170800 2292.4
1170810 2293.3
1170820 2293.4
1170830 2293.4
1170840 2293.2
1170850 2293.6
1170860 2293.1
1170870 2295.2
1170880 2296.7
1170890 2299.9
1170900 2299.9
1170910 2301.8
1170920 2302.2
1170930 2302.2
1170940 2300.3
1170950 2298.0
1170960 2298.0
1170970 2295.3
1170980 2291.6
1170990 2291.6
1171000 2289.3
1171010 2288.2
1171020 2288.2
1171030 2287.5
1171040 2286.4
1171050 2286.4
1171060 2284.3
1171070 2282.3
1171080 2280.7
1171090 2280.7
1171100 2279.8
1171110 2279.6
1171120 2279.6
1171130 2280.1
1171140 2280.3
1171150 2280.3
1171160 2281.2
1171170 2282.3
1171180 2282.3
1171190 2282.2
1171200 2281.5
1171210 2281.5
1171220 2281.3
1171230 2282.1
1171240 2282.1
1171250 2283.5
1171260 2279.1
1171270 2278.7
1171280 2278.7
1171290 2278.7
1171300 2279.0
1171310 2279.0
1171320 2278.5
1171330 2278.1
1171340 2278.1
1171350 2277.7
1171360 2277.4
1171370 2277.4
1171380 2277.4
1171390 2277.3
1171400 2277.3
1171410 2278.1
1171420 2280.0
1171430 2280.0
1171440 2280.5
1171450 2279.3
1171460 2279.3
1171470 2278.3
1171480 2277.4
1171490 2276.2
1171500 2276.2
1171510 2275.6
1171520 2275.0
1171530 2275.0
1171540 2274.7
1171550 2275.1
1171560 2275.1
1171570 2276.0
1171580 2277.9
1171590 2277.9
1171600 2280.9
1171610 2283.1
1171620 2283.1
1171630 2284.3
1171640 2283.8
1171650 2283.8
1171660 2282.2
1171670 2277.4
1171680 2277.2
1171690 2277.2
1171700 2276.6
1171710 2276.3
1171720 2276.3
1171730 2276.6
1171740 2277.2
1171750 2277.2
1171760 2276.6
1171770 2275.0
1171780 2275.0
1171790 2273.0
1171800 2271.6
1171810 2271.6
1171820 2271.5
1171830 2273.1
1171840 2273.1
1171850 2274.7
1171860 2275.3
1171870 2275.8
1171880 2275.8
1171890 2277.8
1171900 2281.9
1171910 2281.9
1171920 2285.0
1171930 2286.9
1171940 2286.9
1171950 2289.1
1171960 2292.0
1171970 2292.0
1171980 2296.4
1171990 2300.9
1172000 2300.9
1172010 2305.3
1172020 2309.5
1172030 2309.5
1172040 2314.2
1172050 2318.6
1172060 2318.6
1172070 2318.8
1172080 2323.0
1172090 2326.7
1172100 2326.7
1172110 2329.5
1172120 2332.6
1172130 2332.6
1172140 2336.7
1172150 2340.4
1172160 2340.4
1172170 2342.8
1172180 2345.6
1172190 2345.6
1172200 2349.0
1172210 2353.7
1172220 2353.7
1172230 2358.6
1172240 2363.4
1172250 2363.4
1172260 2368.2
1172270 2373.7
1172280 2378.2
1172290 2378.2
1172300 2382.7
1172310 2388.2
1172320 2388.2
1172330 2394.9
1172340 2401.2
1172350 2401.2
1172360 2406.5
1172370 2411.4
1172380 2411.4
1172390 2416.3
1172400 2422.2
1172410 2422.2
1172420 2427.7
1172430 2431.8
1172440 2431.8
1172450 2435.8
1172460 2439.4
1172470 2443.8
1172480 2439.3
1172490 2443.4
1172500 2447.7
1172510 2447.7
1172520 2452.5
1172530 2457.7
1172540 2457.7
1172550 2462.8
1172560 2467.7
1172570 2467.7
1172580 2472.1
1172590 2475.6
1172600 2475.6
1172610 2478.5
1172620 2481.1
1172630 2481.1
1172640 2483.6
1172650 2486.3
1172660 2489.8
1172670 2489.8
1172680 2492.3
1172690 2494.0
1172700 2494.0
1172710 2496.6
1172720 2499.9
1172730 2499.9
1172740 2503.5
1172750 2507.8
1172760 2507.8
1172770 2513.5
1172780 2518.9
1172790 2518.9
1172800 2523.8
1172810 2527.0
1172820 2527.0
1172830 2529.3
1172840 2531.1
1172850 2531.1
1172860 2534.3
1172870 2536.0
1172880 2529.4
1172890 2529.4
1172900 2529.2
1172910 2528.6
1172920 2528.6
1172930 2526.6
1172940 2525.0
1172950 2525.0
1172960 2523.1
1172970 2521.8
1172980 2521.8
1172990 2521.5
1173000 2519.9
1173010 2519.9
1173020 2516.6
1173030 2513.4
1173040 2513.4
1173050 2512.0
1173060 2510.8
1173070 2511.2
1173080 2511.2
1173090 2511.6
1173100 2512.2
1173110 2512.2
1173120 2513.8
1173130 2516.3
1173140 2516.3
1173150 2520.7
1173160 2520.8
1173170 2520.8
1173180 2517.9
1173190 2515.0
1173200 2515.0
1173210 2512.3
1173220 2509.7
1173230 2509.7
1173240 2507.8
1173250 2505.4
1173260 2504.3
1173270 2504.3
1173280 2503.9
1173290 2499.7
1173300 2499.7
1173310 2499.9
1173320 2500.4
1173330 2500.4
1173340 2500.4
1173350 2499.2
1173360 2499.2
1173370 2498.4
1173380 2497.9
1173390 2497.9
1173400 2497.4
1173410 2496.8
1173420 2496.8
1173430 2495.5
1173440 2493.5
1173450 2490.1
1173460 2490.1
1173470 2486.7
1173480 2484.3
1173490 2484.3
1173500 2482.8
1173510 2482.8
1173520 2482.8
1173530 2482.8
1173540 2482.1
1173550 2482.1
1173560 2480.3
1173570 2477.4
1173580 2477.4
1173590 2474.4
1173600 2471.2
1173610 2471.2
1173620 2467.7
1173630 2463.4
1173640 2463.4
1173650 2458.7
1173660 2453.9
1173670 2448.4
1173680 2448.4
1173690 2442.0
1173700 2438.4
1173710 2438.4
1173720 2435.0
1173730 2431.7
1173740 2431.7
1173750 2428.4
1173760 2425.2
1173770 2425.2
1173780 2422.0
1173790 2419.0
1173800 2419.0
1173810 2416.2
1173820 2412.9
1173830 2412.9
1173840 2409.4
1173850 2406.3
1173860 2403.5
1173870 2403.5
1173880 2400.4
1173890 2396.5
1173900 2396.5
1173910 2393.1
1173920 2389.8
1173930 2389.8
1173940 2386.7
1173950 2383.6
1173960 2383.6
1173970 2380.2
1173980 2377.1
1173990 2377.1
1174000 2374.4
1174010 2371.6
1174020 2371.6
1174030 2368.6
1174040 2365.4
1174050 2361.9
1174060 2361.9
1174070 2358.9
1174080 2356.6
1174090 2356.6
1174100 2355.9
1174110 2353.1
1174120 2353.1
1174130 2349.8
1174140 2346.3
1174150 2346.3
1174160 2342.8
1174170 2339.3
1174180 2339.3
1174190 2336.1
1174200 2333.3
1174210 2333.3
1174220 2330.8
1174230 2328.1
1174240 2325.2
1174250 2325.2
1174260 2322.1
1174270 2318.6
1174280 2318.6
1174290 2314.9
1174300 2310.6
1174310 2310.6
1174320 2306.0
1174330 2301.3
1174340 2301.3
1174350 2296.9
1174360 2292.2
1174370 2292.2
1174380 2287.8
1174390 2283.2
1174400 2283.2
1174410 2278.0
1174420 2272.9
1174430 2272.9
1174440 2267.9
1174450 2263.2
1174460 2258.7
1174470 2258.7
1174480 2254.7
1174490 2251.0
1174500 2251.0
1174510 2245.7
1174520 2242.0
1174530 2242.0
1174540 2237.5
1174550 2232.5
1174560 2232.5
1174570 2228.5
1174580 2224.9
1174590 2224.9
1174600 2221.4
1174610 2217.6
1174620 2217.6
1174630 2212.5
1174640 2206.9
1174650 2200.7
1174660 2200.7
1174670 2194.8
1174680 2188.9
1174690 2188.9
1174700 2183.2
1174710 2177.2
1174720 2177.2
1174730 2171.3
1174740 2166.0
1174750 2166.0
1174760 2160.9
1174770 2155.6
1174780 2155.6
1174790 2150.0
1174800 2145.2
1174810 2145.2
1174820 2141.6
1174830 2137.9
1174840 2133.0
1174850 2133.0
1174860 2127.2
1174870 2121.1
1174880 2121.1
1174890 2116.0
1174900 2111.3
1174910 2111.3
1174920 2106.3
1174930 2102.1
1174940 2102.1
1174950 2097.0
1174960 2089.7
1174970 2089.7
1174980 2082.1
1174990 2074.9
1175000 2074.9
1175010 2068.0
1175020 2063.4
1175030 2063.4
1175040 2059.9
1175050 2057.2
1175060 2052.7
1175070 2052.7
1175080 2046.8
1175090 2041.7
1175100 2041.7
1175110 2037.0
1175120 2032.2
1175130 2032.2
1175140 2026.8
1175150 2020.7
1175160 2020.7
1175170 2015.3
1175180 2010.3
1175190 2010.3
1175200 2005.7
1175210 2001.6
1175220 2001.6
1175230 1997.7
1175240 1993.5
1175250 1989.5
1175260 1989.5
1175270 1985.8
1175280 1982.6
1175290 1982.6
1175300 1979.4
1175310 1975.8
1175320 1975.8
1175330 1982.1
1175340 1986.0
1175350 1986.0
1175360 1987.1
1175370 1988.1
1175380 1988.1
1175390 1992.0
1175400 1997.1
1175410 1997.1
1175420 2002.1
1175430 2004.9
1175440 2005.0
1175450 2005.0
1175460 2006.2
1175470 2009.3
1175480 2009.3
1175490 2014.1
1175500 2018.9
1175510 2018.9
1175520 2024.6
1175530 2030.1
1175540 2030.1
1175550 2035.1
1175560 2039.2
1175570 2039.2
1175580 2042.8
1175590 2046.0
1175600 2046.0
1175610 2049.6
1175620 2049.4
1175630 2045.7
1175640 2045.7
1175650 2046.5
1175660 2052.4
1175670 2052.4
1175680 2058.6
1175690 2064.7
1175700 2064.7
1175710 2070.4
1175720 2075.9
1175730 2075.9
1175740 2085.2
1175750 2089.2
1175760 2089.2
1175770 2093.9
1175780 2098.7
1175790 2098.7
1175800 2104.0
1175810 2108.9
1175820 2108.9
1175830 2114.4
1175840 2119.9
1175850 2125.1
1175860 2125.1
1175870 2129.8
1175880 2134.1
1175890 2134.1
1175900 2138.3
1175910 2142.3
1175920 2142.3
1175930 2146.4
1175940 2150.6
1175950 2150.6
1175960 2154.9
1175970 2158.5
1175980 2158.5
1175990 2161.3
1176000 2163.6
1176010 2163.6
1176020 2166.0
1176030 2168.6
1176040 2170.8
1176050 2170.8
1176060 2172.7
1176070 2174.9
1176080 2174.9
1176090 2178.2
1176100 2181.8
1176110 2181.8
1176120 2185.4
1176130 2188.8
1176140 2194.5
1176150 2197.7
1176160 2200.8
1176170 2200.8
1176180 2204.0
1176190 2207.6
1176200 2207.6
1176210 2212.8
1176220 2218.5
1176230 2224.0
1176240 2224.0
1176250 2229.1
1176260 2233.7
1176270 2233.7
1176280 2237.5
1176290 2239.6
1176300 2239.6
1176310 2240.3
1176320 2239.4
1176330 2239.4
1176340 2237.4
1176350 2234.5
1176360 2234.5
1176370 2231.0
1176380 2226.9
1176390 2226.9
1176400 2222.6
1176410 2218.2
1176420 2213.0
1176430 2213.0
1176440 2207.4
1176450 2202.0
1176460 2202.0
1176470 2197.9
1176480 2193.8
1176490 2193.8
1176500 2189.9
1176510 2185.4
1176520 2185.4
1176530 2180.9
1176540 2177.4
1176550 2177.4
1176560 2173.3
1176570 2169.1
1176580 2169.1
1176590 2164.7
1176600 2159.5
1176610 2159.5
1176620 2155.0
1176630 2151.6
1176640 2147.6
1176650 2147.6
1176660 2142.4
1176670 2137.9
1176680 2137.9
1176690 2135.2
1176700 2133.5
1176710 2133.5
1176720 2131.6
1176730 2128.2
1176740 2128.2
1176750 2124.2
1176760 2119.8
1176770 2119.8
1176780 2115.0
1176790 2110.0
1176800 2110.0
1176810 2105.2
1176820 2100.8
1176830 2096.7
1176840 2096.7
1176850 2092.8
1176860 2088.9
1176870 2088.9
1176880 2084.8
1176890 2080.6
1176900 2080.6
1176910 2076.8
1176920 2073.9
1176930 2073.9
1176940 2072.3
1176950 2071.3
1176960 2071.3
1176970 2068.5
1176980 2066.7
1176990 2066.7
1177000 2064.5
1177010 2062.2
1177020 2059.7
1177030 2059.7
1177040 2057.4
1177050 2055.6
1177060 2055.6
1177070 2054.3
1177080 2053.1
1177090 2053.1
1177100 2051.7
1177110 2050.1
1177120 2050.1
1177130 2048.2
1177140 2045.8
1177150 2045.8
1177160 2042.3
1177170 2037.6
1177180 2037.6
1177190 2032.7
1177200 2028.5
1177210 2025.8
1177220 2025.8
1177230 2023.5
1177240 2021.1
1177250 2021.1
1177260 2018.7
1177270 2015.8
1177280 2015.8
1177290 2012.6
1177300 2009.6
1177310 2009.6
1177320 2007.0
1177330 2004.2
1177340 2004.2
1177350 2001.9
1177360 2000.3
1177370 2000.3
1177380 1998.3
1177390 1995.9
1177400 1995.9
1177410 1991.5
1177420 1985.4
1177430 1977.7
1177440 1977.7
1177450 1970.1
1177460 1963.3
1177470 1963.3
1177480 1956.3
1177490 1948.9
1177500 1948.9
1177510 1940.8
1177520 1933.2
1177530 1933.2
1177540 1925.9
1177550 1919.5
1177560 1919.5
1177570 1915.0
1177580 1910.7
1177590 1910.7
1177600 1906.1
1177610 1901.4
1177620 1895.8
1177630 1895.8
1177640 1890.9
1177650 1887.0
1177660 1887.0
1177670 1881.9
1177680 1875.9
1177690 1875.9
1177700 1869.5
1177710 1863.4
1177720 1863.4
1177730 1858.1
1177740 1853.6
1177750 1853.6
1177760 1848.4
1177770 1841.7
1177780 1841.7
1177790 1833.4
1177800 1830.3
1177810 1829.0
1177820 1829.0
1177830 1827.9
1177840 1828.9
1177850 1828.9
1177860 1830.7
1177870 1831.7
1177880 1831.7
1177890 1834.0
1177900 1834.6
1177910 1834.6
1177920 1837.3
1177930 1838.8
1177940 1838.8
1177950 1840.8
1177960 1838.8
1177970 1838.8
1177980 1833.3
1177990 1828.6
1178000 1828.6
1178010 1823.8
1178020 1820.1
1178030 1817.1
1178040 1817.1
1178050 1815.0
1178060 1813.3
1178070 1813.3
1178080 1810.3
1178090 1805.6
1178100 1805.6
1178110 1801.6
1178120 1798.5
1178130 1798.5
1178140 1795.9
1178150 1793.0
1178160 1793.0
1178170 1789.7
1178180 1787.1
1178190 1787.1
1178200 1787.8
1178210 1785.3
1178220 1782.3
1178230 1782.3
1178240 1778.0
1178250 1773.9
1178260 1773.9
1178270 1770.5
1178280 1767.7
1178290 1767.7
1178300 1765.2
1178310 1762.9
1178320 1762.9
1178330 1760.8
1178340 1758.8
1178350 1758.8
1178360 1756.8
1178370 1754.4
1178380 1754.4
1178390 1750.9
1178400 1747.7
1178410 1745.0
1178420 1745.0
1178430 1742.5
1178440 1740.1
1178450 1740.1
1178460 1737.7
1178470 1735.5
1178480 1735.5
1178490 1733.3
1178500 1731.1
1178510 1731.1
1178520 1728.5
1178530 1726.0
1178540 1726.0
1178550 1723.8
1178560 1721.5
1178570 1721.5
1178580 1718.8
1178590 1715.7
1178600 1712.6
1178610 1712.6
1178620 1712.5
1178630 1711.2
1178640 1711.2
1178650 1710.4
1178660 1709.8
1178670 1709.8
1178680 1708.2
1178690 1704.7
1178700 1704.7
1178710 1701.5
1178720 1699.2
1178730 1699.2
1178740 1698.6
1178750 1698.7
1178760 1698.7
1178770 1698.8
1178780 1699.2
1178790 1699.2
1178800 1702.2
1178810 1705.4
1178820 1706.2
1178830 1706.2
1178840 1704.0
1178850 1700.4
1178860 1700.4
1178870 1696.7
1178880 1693.7
1178890 1693.7
1178900 1689.9
1178910 1686.7
1178920 1686.7
1178930 1684.4
1178940 1681.4
1178950 1681.4
1178960 1680.0
1178970 1678.5
1178980 1678.5
1178990 1676.3
1179000 1673.3
1179010 1670.3
1179020 1670.3
1179030 1667.1
1179040 1663.0
1179050 1663.0
1179060 1659.2
1179070 1656.2
1179080 1656.2
1179090 1652.0
1179100 1646.4
1179110 1646.4
1179120 1642.2
1179130 1641.1
1179140 1641.1
1179150 1639.8
1179160 1639.8
1179170 1639.8
1179180 1640.7
1179190 1641.1
1179200 1640.2
1179210 1640.2
1179220 1640.1
1179230 1639.5
1179240 1639.5
1179250 1639.6
1179260 1639.0
1179270 1639.0
1179280 1639.0
1179290 1640.5
1179300 1640.5
1179310 1645.1
1179320 1651.6
1179330 1651.6
1179340 1658.3
1179350 1661.9
1179360 1661.9
1179370 1660.8
1179380 1660.5
1179390 1660.7
1179400 1660.7
1179410 1661.1
1179420 1662.2
1179430 1662.2
1179440 1662.5
1179450 1661.9
1179460 1661.9
1179470 1661.6
1179480 1661.4
1179490 1661.4
1179500 1660.3
1179510 1657.6
1179520 1657.6
1179530 1652.8
1179540 1648.4
1179550 1648.4
1179560 1644.9
1179570 1642.2
1179580 1642.2
1179590 1639.6
1179600 1636.7
1179610 1632.4
1179620 1632.4
1179630 1629.7
1179640 1629.4
1179650 1629.4
1179660 1630.4
1179670 1632.3
1179680 1632.3
1179690 1635.8
1179700 1638.8
1179710 1638.8
1179720 1642.5
1179730 1647.1
1179740 1647.1
1179750 1651.7
1179760 1655.3
1179770 1655.3
1179780 1659.8
1179790 1665.2
1179800 1670.9
1179810 1670.9
1179820 1674.2
1179830 1676.8
1179840 1676.8
1179850 1680.6
1179860 1682.1
1179870 1682.1
1179880 1684.1
1179890 1686.7
1179900 1686.7
1179910 1689.3
1179920 1692.1
1179930 1692.1
1179940 1695.0
1179950 1698.2
1179960 1698.2
1179970 1702.1
1179980 1706.6
1179990 1709.8
