1166700 1212.1
1166710 1208.5
1166720 1208.5
1166730 1203.8
1166740 1199.1
1166750 1199.1
1166760 1194.3
1166770 1189.5
1166780 1184.9
1166790 1184.9
1166800 1180.1
1166810 1175.3
1166820 1175.3
1166830 1170.5
1166840 1166.5
1166850 1166.5
1166860 1162.6
1166870 1158.2
1166880 1158.2
1166890 1153.1
1166900 1148.8
1166910 1148.8
1166920 1143.9
1166930 1137.2
1166940 1137.2
1166950 1131.9
1166960 1129.6
1166970 1124.7
1166980 1124.7
1166990 1121.1
1167000 1116.4
1167010 1116.4
1167020 1113.1
1167030 1110.2
1167040 1110.2
1167050 1108.5
1167060 1105.0
1167070 1105.0
1167080 1099.8
1167090 1095.2
1167100 1095.2
1167110 1090.9
1167120 1088.2
1167130 1088.2
1167140 1085.9
1167150 1083.2
1167160 1083.2
1167170 1080.3
1167180 1076.8
1167190 1073.0
1167200 1073.0
1167210 1072.0
1167220 1069.1
1167230 1069.1
1167240 1065.8
1167250 1063.4
1167260 1063.4
1167270 1061.4
1167280 1058.9
1167290 1058.9
1167300 1056.5
1167310 1054.1
1167320 1054.1
1167330 1051.7
1167340 1048.9
1167350 1048.9
1167360 1045.6
1167370 1041.9
1167380 1038.7
1167390 1038.7
1167400 1035.5
1167410 1031.5
1167420 1031.5
1167430 1025.5
1167440 1019.4
1167450 1019.4
1167460 1012.4
1167470 1005.3
1167480 1005.3
1167490 997.6
1167500 991.1
1167510 991.1
1167520 989.6
1167530 989.5
1167540 989.5
1167550 989.5
1167560 991.1
1167570 996.0
1167580 996.0
1167590 1000.5
1167600 1005.6
1167610 1005.6
1167620 1010.2
1167630 1016.0
1167640 1016.0
1167650 1022.2
1167660 1029.7
1167670 1029.7
1167680 1039.6
1167690 1047.2
1167700 1047.2
1167710 1053.6
1167720 1058.9
1167730 1058.9
1167740 1063.7
1167750 1066.2
1167760 1064.9
1167770 1067.5
1167780 1070.9
1167790 1074.0
1167800 1074.0
1167810 1078.8
1167820 1083.3
1167830 1083.3
1167840 1088.6
1167850 1093.8
1167860 1093.8
1167870 1098.5
1167880 1103.1
1167890 1103.1
1167900 1108.1
1167910 1112.7
1167920 1112.7
1167930 1117.1
1167940 1121.9
1167950 1121.9
1167960 1127.5
1167970 1133.5
1167980 1138.2
1167990 1138.2
1168000 1142.2
1168010 1148.2
1168020 1148.2
1168030 1154.4
1168040 1159.0
1168050 1159.0
1168060 1161.8
1168070 1166.6
1168080 1166.6
1168090 1171.3
1168100 1176.0
1168110 1176.0
1168120 1181.2
1168130 1187.3
1168140 1187.3
1168150 1194.0
1168160 1202.7
1168170 1210.3
1168180 1210.3
1168190 1218.1
1168200 1225.7
1168210 1225.7
1168220 1233.6
1168230 1241.4
1168240 1241.4
1168250 1248.9
1168260 1256.7
1168270 1256.7
1168280 1264.7
1168290 1272.8
1168300 1272.8
1168310 1280.7
1168320 1288.7
1168330 1288.7
1168340 1297.3
1168350 1305.7
1168360 1314.3
1168370 1314.3
1168380 1325.1
1168390 1340.3
1168400 1340.3
1168410 1355.9
1168420 1365.1
1168430 1365.1
1168440 1373.2
1168450 1377.5
1168460 1377.5
1168470 1389.4
1168480 1399.0
1168490 1399.0
1168500 1400.9
1168510 1409.3
1168520 1409.3
1168530 1432.3
1168540 1447.3
1168550 1447.3
1168560 1465.5
1168570 1470.7
1168580 1476.2
1168590 1476.2
1168600 1481.3
1168610 1486.7
1168620 1486.7
1168630 1491.9
1168640 1497.0
1168650 1497.0
1168660 1502.3
1168670 1508.1
1168680 1508.1
1168690 1514.6
1168700 1521.3
1168710 1521.3
1168720 1528.2
1168730 1535.1
1168740 1535.1
1168750 1543.1
1168760 1563.8
1168770 1579.3
1168780 1579.3
1168790 1586.7
1168800 1588.9
1168810 1588.9
1168820 1590.7
1168830 1598.4
1168840 1598.4
1168850 1605.6
1168860 1610.5
1168870 1610.5
1168880 1614.6
1168890 1616.3
1168900 1616.3
1168910 1616.5
1168920 1618.4
1168930 1618.4
1168940 1620.7
1168950 1622.1
1168960 1631.4
1168970 1631.4
1168980 1635.4
1168990 1639.0
1169000 1639.0
1169010 1636.6
1169020 1633.2
1169030 1633.2
1169040 1635.6
1169050 1646.2
1169060 1646.2
1169070 1656.0
1169080 1663.7
1169090 1663.7
1169100 1667.7
1169110 1677.1
1169120 1677.1
1169130 1687.2
1169140 1702.9
1169150 1713.6
1169160 1713.6
1169170 1726.0
1169180 1734.1
1169190 1734.1
1169200 1738.3
1169210 1746.3
1169220 1746.3
1169230 1750.5
1169240 1750.9
1169250 1750.9
1169260 1752.6
1169270 1756.9
1169280 1756.9
1169290 1758.5
1169300 1755.0
1169310 1755.0
1169320 1749.7
1169330 1741.9
1169340 1741.9
1169350 1737.2
1169360 1745.0
1169370 1741.7
1169380 1741.7
1169390 1742.1
1169400 1741.6
1169410 1741.6
1169420 1743.6
1169430 1749.8
1169440 1749.8
1169450 1758.8
1169460 1768.2
1169470 1768.2
1169480 1779.2
1169490 1792.6
1169500 1792.6
1169510 1804.0
1169520 1817.8
1169530 1817.8
1169540 1830.9
1169550 1839.2
1169560 1845.4
1169570 1845.4
1169580 1849.6
1169590 1855.4
1169600 1855.4
1169610 1862.4
1169620 1870.8
1169630 1870.8
1169640 1878.8
1169650 1887.1
1169660 1887.1
1169670 1895.9
1169680 1906.1
1169690 1906.1
1169700 1919.2
1169710 1931.7
1169720 1931.7
1169730 1943.3
1169740 1963.3
1169750 1982.1
1169760 1990.1
1169770 2008.3
1169780 2028.6
1169790 2028.6
1169800 2047.6
1169810 2063.8
1169820 2063.8
1169830 2078.3
1169840 2094.0
1169850 2094.0
1169860 2110.6
1169870 2129.0
1169880 2129.0
1169890 2148.1
1169900 2175.4
1169910 2175.4
1169920 2208.5
1169930 2225.9
1169940 2225.9
1169950 2232.9
1169960 2237.2
1169970 2242.0
1169980 2242.0
1169990 2248.5
1170000 2256.1
1170010 2256.1
1170020 2264.4
1170030 2275.3
1170040 2275.3
1170050 2286.4
1170060 2292.7
1170070 2292.7
1170080 2294.7
1170090 2296.5
1170100 2296.5
1170110 2296.8
1170120 2296.6
1170130 2296.6
1170140 2296.4
1170150 2297.2
1170160 2303.1
1170170 2303.1
1170180 2302.1
1170190 2301.6
1170200 2301.6
1170210 2299.5
1170220 2297.2
1170230 2297.2
1170240 2296.1
1170250 2295.8
1170260 2295.8
1170270 2295.9
1170280 2295.6
1170290 2295.6
1170300 2295.1
1170310 2296.0
1170320 2296.0
1170330 2295.9
1170340 2295.0
1170350 2295.4
1170360 2295.4
1170370 2295.2
1170380 2294.8
1170390 2294.8
1170400 2295.0
1170410 2294.8
1170420 2294.8
1170430 2294.1
1170440 2293.0
1170450 2293.0
1170460 2292.4
1170470 2293.4
1170480 2293.4
1170490 2296.2
1170500 2297.9
1170510 2297.9
1170520 2297.6
1170530 2296.1
1170540 2294.5
1170550 2294.5
1170560 2293.4
1170570 2291.3
1170580 2291.3
1170590 2290.9
1170600 2290.8
1170610 2290.8
1170620 2290.8
1170630 2290.8
1170640 2290.8
1170650 2291.2
1170660 2292.2
1170670 2292.2
1170680 2293.8
1170690 2294.0
1170700 2294.0
1170710 2293.5
1170720 2292.8
1170730 2292.8
1170740 2292.2
1170750 2291.7
1170760 2290.7
1170770 2290.7
1170780 2289.4
1170790 2288.4
1170800 2288.4
1170810 2288.2
1170820 2289.5
1170830 2289.5
1170840 2291.6
1170850 2292.3
1170860 2292.3
1170870 2294.0
1170880 2295.8
1170890 2295.8
1170900 2297.5
1170910 2299.7
1170920 2299.7
1170930 2300.0
1170940 2299.2
1170950 2298.1
1170960 2298.1
1170970 2294.7
1170980 2292.1
1170990 2292.1
1171000 2289.9
1171010 2289.0
1171020 2289.0
1171030 2289.3
1171040 2289.3
1171050 2289.3
1171060 2287.4
1171070 2284.8
1171080 2284.8
1171090 2282.8
1171100 2281.3
1171110 2281.3
1171120 2279.1
1171130 2276.4
1171140 2273.9
1171150 2273.9
1171160 2273.0
1171170 2272.5
1171180 2272.5
1171190 2272.6
1171200 2273.3
1171210 2273.3
1171220 2274.2
1171230 2274.7
1171240 2274.7
1171250 2274.6
1171260 2273.9
1171270 2273.9
1171280 2273.1
1171290 2273.5
1171300 2273.5
1171310 2272.9
1171320 2271.0
1171330 2271.0
1171340 2271.0
1171350 2271.0
1171360 2271.1
1171370 2270.5
1171380 2270.3
1171390 2269.5
1171400 2269.5
1171410 2268.9
1171420 2268.5
1171430 2268.5
1171440 2267.6
1171450 2266.5
1171460 2266.5
1171470 2266.9
1171480 2267.8
1171490 2267.8
1171500 2267.2
1171510 2266.4
1171520 2266.4
1171530 2265.8
1171540 2265.3
1171550 2265.1
1171560 2265.1
1171570 2265.6
1171580 2266.6
1171590 2266.6
1171600 2268.0
1171610 2269.2
1171620 2269.2
1171630 2271.0
1171640 2271.7
1171650 2271.7
1171660 2270.7
1171670 2269.6
1171680 2269.6
1171690 2268.9
1171700 2268.8
1171710 2268.8
1171720 2268.8
1171730 2268.5
1171740 2268.3
1171750 2268.3
1171760 2267.4
1171770 2265.8
1171780 2261.0
1171790 2260.0
1171800 2258.5
1171810 2258.5
1171820 2259.6
1171830 2260.7
1171840 2260.7
1171850 2262.5
1171860 2264.0
1171870 2264.0
1171880 2264.9
1171890 2267.0
1171900 2267.0
1171910 2270.3
1171920 2273.2
1171930 2276.1
1171940 2276.1
1171950 2278.3
1171960 2280.7
1171970 2280.7
1171980 2284.3
1171990 2289.4
1172000 2289.4
1172010 2294.0
1172020 2297.9
1172030 2297.9
1172040 2302.1
1172050 2306.6
1172060 2306.6
1172070 2310.8
1172080 2315.5
1172090 2315.5
1172100 2319.2
1172110 2322.3
1172120 2325.5
1172130 2325.5
1172140 2328.9
1172150 2331.9
1172160 2331.9
1172170 2334.4
1172180 2332.9
1172190 2332.9
1172200 2336.4
1172210 2341.3
1172220 2341.3
1172230 2346.2
1172240 2351.1
1172250 2351.1
1172260 2356.0
1172270 2360.6
1172280 2360.6
1172290 2365.7
1172300 2371.8
1172310 2371.8
1172320 2377.6
1172330 2383.3
1172340 2389.3
1172350 2389.3
1172360 2394.8
1172370 2399.9
1172380 2399.9
1172390 2405.4
1172400 2411.3
1172410 2411.3
1172420 2417.0
1172430 2420.3
1172440 2420.3
1172450 2424.1
1172460 2427.0
1172470 2427.0
1172480 2430.8
1172490 2435.1
1172500 2435.1
1172510 2439.0
1172520 2443.1
1172530 2447.5
1172540 2447.5
1172550 2452.0
1172560 2456.8
1172570 2456.8
1172580 2461.4
1172590 2459.0
1172600 2459.0
1172610 2462.3
1172620 2465.0
1172630 2465.0
1172640 2467.5
1172650 2469.6
1172660 2469.6
1172670 2472.2
1172680 2475.5
1172690 2475.5
1172700 2478.7
1172710 2482.1
1172720 2486.0
1172730 2486.0
1172740 2489.8
1172750 2493.8
1172760 2493.8
1172770 2497.6
1172780 2500.6
1172790 2500.6
1172800 2502.7
1172810 2504.2
1172820 2504.2
1172830 2507.3
1172840 2510.0
1172850 2510.0
1172860 2512.6
1172870 2514.8
1172880 2514.8
1172890 2516.1
1172900 2516.2
1172910 2516.2
1172920 2515.5
1172930 2514.3
1172940 2513.4
1172950 2513.4
1172960 2511.8
1172970 2510.8
1172980 2510.8
1172990 2504.8
1173000 2503.7
1173010 2503.7
1173020 2501.9
1173030 2499.9
1173040 2499.9
1173050 2497.8
1173060 2495.4
1173070 2495.4
1173080 2494.7
1173090 2495.1
1173100 2495.1
1173110 2496.1
1173120 2497.0
1173130 2499.4
1173140 2499.4
1173150 2501.4
1173160 2500.5
1173170 2500.5
1173180 2498.8
1173190 2497.2
1173200 2497.2
1173210 2495.3
1173220 2493.0
1173230 2493.0
1173240 2490.8
1173250 2489.5
1173260 2489.5
1173270 2489.3
1173280 2489.8
1173290 2489.8
1173300 2490.3
1173310 2490.6
1173320 2490.6
1173330 2490.6
1173340 2490.3
1173350 2490.1
1173360 2490.1
1173370 2489.9
1173380 2489.8
1173390 2489.8
1173400 2485.8
1173410 2485.8
1173420 2485.8
1173430 2484.6
1173440 2482.7
1173450 2482.7
1173460 2480.9
1173470 2478.6
1173480 2478.6
1173490 2476.7
1173500 2476.4
1173510 2476.7
1173520 2476.7
1173530 2477.0
1173540 2476.0
1173550 2476.0
1173560 2473.8
1173570 2470.7
1173580 2470.7
1173590 2466.8
1173600 2462.9
1173610 2462.9
1173620 2459.1
1173630 2455.8
1173640 2455.8
1173650 2452.7
1173660 2449.7
1173670 2449.7
1173680 2446.6
1173690 2443.3
1173700 2443.3
1173710 2440.2
1173720 2437.2
1173730 2434.3
1173740 2434.3
1173750 2431.0
1173760 2428.1
1173770 2428.1
1173780 2425.8
1173790 2422.9
1173800 2422.9
1173810 2422.0
1173820 2419.6
1173830 2419.6
1173840 2416.1
1173850 2411.0
1173860 2411.0
1173870 2405.7
1173880 2400.7
1173890 2400.7
1173900 2396.4
1173910 2393.8
1173920 2391.5
1173930 2391.5
1173940 2389.4
1173950 2386.5
1173960 2386.5
1173970 2383.4
1173980 2380.1
1173990 2380.1
1174000 2376.6
1174010 2373.3
1174020 2373.3
1174030 2369.7
1174040 2366.5
1174050 2366.5
1174060 2364.5
1174070 2362.8
1174080 2362.8
1174090 2361.2
1174100 2358.9
1174110 2356.1
1174120 2356.1
1174130 2352.6
1174140 2349.5
1174150 2349.5
1174160 2346.4
1174170 2343.0
1174180 2343.0
1174190 2339.0
1174200 2334.7
1174210 2335.5
1174220 2331.8
1174230 2328.6
1174240 2328.6
1174250 2324.8
1174260 2320.0
1174270 2320.0
1174280 2314.9
1174290 2309.8
1174300 2305.1
1174310 2305.1
1174320 2300.6
1174330 2296.2
1174340 2296.2
1174350 2291.6
1174360 2286.8
1174370 2286.8
1174380 2281.6
1174390 2276.6
1174400 2276.6
1174410 2271.8
1174420 2267.1
1174430 2267.1
1174440 2262.7
1174450 2258.4
1174460 2258.4
1174470 2254.1
1174480 2250.0
1174490 2250.0
1174500 2245.7
1174510 2241.0
1174520 2237.3
1174530 2237.3
1174540 2233.9
1174550 2230.4
1174560 2230.4
1174570 2226.7
1174580 2222.5
1174590 2222.5
1174600 2218.3
1174610 2214.2
1174620 2212.5
1174630 2208.0
1174640 2202.6
1174650 2202.6
1174660 2196.0
1174670 2189.0
1174680 2189.0
1174690 2182.7
1174700 2177.5
1174710 2172.5
1174720 2172.5
1174730 2167.5
1174740 2163.4
1174750 2163.4
1174760 2159.4
1174770 2155.2
1174780 2155.2
1174790 2150.7
1174800 2146.4
1174810 2146.4
1174820 2142.1
1174830 2137.5
1174840 2137.5
1174850 2131.2
1174860 2125.1
1174870 2125.1
1174880 2120.0
1174890 2115.4
1174900 2110.7
1174910 2110.7
1174920 2105.7
1174930 2101.1
1174940 2101.1
1174950 2095.2
1174960 2086.8
1174970 2086.8
1174980 2079.6
1174990 2072.7
1175000 2072.7
1175010 2067.3
1175020 2063.6
1175030 2064.5
1175040 2061.2
1175050 2058.2
1175060 2058.2
1175070 2053.9
1175080 2049.2
1175090 2046.0
1175100 2046.0
1175110 2040.7
1175120 2034.5
1175130 2034.5
1175140 2028.8
1175150 2024.7
1175160 2024.7
1175170 2021.5
1175180 2017.6
1175190 2017.6
1175200 2012.7
1175210 2007.0
1175220 2007.0
1175230 2001.1
1175240 1995.6
1175250 1995.6
1175260 1990.6
1175270 1987.5
1175280 1987.5
1175290 1984.6
1175300 1984.7
1175310 1986.9
1175320 1986.9
1175330 1991.2
1175340 1993.9
1175350 1993.9
1175360 1995.9
1175370 1995.5
1175380 1995.5
1175390 1995.8
1175400 1999.3
1175410 1999.3
1175420 2004.8
1175430 2009.5
1175440 2009.5
1175450 2013.9
1175460 2017.6
1175470 2017.6
1175480 2021.4
1175490 2023.9
1175500 2023.8
1175510 2023.8
1175520 2025.1
1175530 2028.7
1175540 2028.7
1175550 2034.0
1175560 2040.9
1175570 2040.9
1175580 2047.9
1175590 2053.5
1175600 2053.5
1175610 2058.3
1175620 2062.5
1175630 2062.5
1175640 2065.6
1175650 2065.7
1175660 2065.7
1175670 2065.8
1175680 2070.1
1175690 2076.0
1175700 2076.0
1175710 2082.1
1175720 2087.7
1175730 2087.7
1175740 2092.6
1175750 2097.4
1175760 2097.4
1175770 2102.5
1175780 2107.9
1175790 2107.9
1175800 2113.4
1175810 2118.8
1175820 2118.8
1175830 2124.2
1175840 2129.4
1175850 2134.1
1175860 2139.3
1175870 2144.0
1175880 2144.0
1175890 2148.7
1175900 2152.6
1175910 2155.8
1175920 2155.8
1175930 2161.2
1175940 2165.7
1175950 2165.7
1175960 2169.9
1175970 2173.6
1175980 2173.6
1175990 2177.3
1176000 2180.5
1176010 2180.5
1176020 2182.7
1176030 2184.5
1176040 2184.5
1176050 2186.5
1176060 2188.4
1176070 2188.4
1176080 2190.8
1176090 2194.0
1176100 2197.9
1176110 2197.9
1176120 2201.7
1176130 2205.6
1176140 2205.6
1176150 2209.3
1176160 2212.6
1176170 2212.6
1176180 2215.7
1176190 2219.7
1176200 2219.7
1176210 2224.9
1176220 2230.9
1176230 2230.9
1176240 2236.2
1176250 2240.6
1176260 2245.1
1176270 2247.8
1176280 2249.1
1176290 2248.7
1176300 2248.7
1176310 2247.2
1176320 2244.5
1176330 2244.5
1176340 2241.2
1176350 2237.6
1176360 2237.6
1176370 2233.3
1176380 2228.5
1176390 2228.5
1176400 2223.7
1176410 2218.8
1176420 2218.8
1176430 2213.9
1176440 2209.2
1176450 2209.2
1176460 2204.6
1176470 2199.9
1176480 2194.7
1176490 2194.7
1176500 2190.5
1176510 2186.4
1176520 2186.4
1176530 2181.7
1176540 2176.8
1176550 2176.8
1176560 2172.4
1176570 2169.2
1176580 2169.2
1176590 2165.3
1176600 2160.8
1176610 2160.8
1176620 2156.0
1176630 2152.1
1176640 2152.1
1176650 2148.3
1176660 2143.7
1176670 2144.8
1176680 2140.5
1176690 2137.7
1176700 2135.5
1176710 2135.5
1176720 2132.8
1176730 2129.2
1176740 2129.2
1176750 2124.2
1176760 2118.5
1176770 2118.5
1176780 2113.7
1176790 2109.2
1176800 2109.2
1176810 2104.8
1176820 2100.5
1176830 2100.5
1176840 2096.1
1176850 2091.5
1176860 2091.5
1176870 2087.4
1176880 2083.5
1176890 2079.7
1176900 2079.7
1176910 2076.2
1176920 2072.8
1176930 2072.8
1176940 2070.2
1176950 2067.8
1176960 2067.8
1176970 2065.4
1176980 2063.1
1176990 2063.1
1177000 2060.9
1177010 2058.6
1177020 2058.6
1177030 2056.5
1177040 2054.5
1177050 2054.5
1177060 2053.1
1177070 2052.2
1177080 2050.1
1177090 2050.1
1177100 2049.2
1177110 2047.6
1177120 2047.6
1177130 2045.4
1177140 2043.1
1177150 2043.1
1177160 2040.4
1177170 2037.8
1177180 2037.8
1177190 2034.5
1177200 2030.0
1177210 2030.0
1177220 2026.6
1177230 2024.5
1177240 2024.5
1177250 2022.4
1177260 2020.0
1177270 2017.1
1177280 2017.1
1177290 2013.6
1177300 2009.7
1177310 2009.7
1177320 2006.8
1177330 2003.7
1177340 2003.7
1177350 2000.6
1177360 1998.3
1177370 1998.3
1177380 1996.2
1177390 1992.6
1177400 1992.6
1177410 1986.6
1177420 1980.3
1177430 1980.3
1177440 1973.9
1177450 1967.2
1177460 1967.2
1177470 1960.2
1177480 1953.5
1177490 1950.6
1177500 1950.6
1177510 1944.4
1177520 1938.1
1177530 1938.1
1177540 1932.3
1177550 1926.2
1177560 1926.2
1177570 1918.9
1177580 1910.1
1177590 1910.1
1177600 1902.2
1177610 1895.5
1177620 1895.5
1177630 1889.5
1177640 1884.4
1177650 1884.4
1177660 1879.1
1177670 1873.8
1177680 1868.2
1177690 1868.2
1177700 1862.2
1177710 1856.8
1177720 1856.8
1177730 1851.8
1177740 1846.8
1177750 1846.8
1177760 1843.4
1177770 1841.4
1177780 1841.4
1177790 1840.5
1177800 1840.9
1177810 1840.9
1177820 1841.6
1177830 1844.2
1177840 1844.2
1177850 1843.1
1177860 1843.7
1177870 1846.0
1177880 1846.0
1177890 1846.3
1177900 1855.2
1177910 1855.2
1177920 1852.5
1177930 1848.7
1177940 1848.7
1177950 1844.9
1177960 1841.6
1177970 1841.6
1177980 1838.4
1177990 1835.2
1178000 1835.2
1178010 1832.2
1178020 1829.1
1178030 1829.1
1178040 1825.8
1178050 1822.1
1178060 1818.5
1178070 1818.5
1178080 1815.4
1178090 1812.9
1178100 1812.9
1178110 1810.7
1178120 1807.8
1178130 1807.8
1178140 1804.8
1178150 1801.9
1178160 1801.9
1178170 1799.4
1178180 1796.8
1178190 1796.8
1178200 1793.6
1178210 1789.5
1178220 1789.5
1178230 1785.1
1178240 1781.0
1178250 1781.0
1178260 1777.8
1178270 1775.1
1178280 1772.3
1178290 1772.3
1178300 1769.4
1178310 1767.2
1178320 1770.6
1178330 1768.5
1178340 1765.6
1178350 1765.6
1178360 1761.8
1178370 1758.5
1178380 1758.5
1178390 1755.7
1178400 1752.9
1178410 1752.9
1178420 1749.9
1178430 1747.0
1178440 1747.0
1178450 1745.1
1178460 1743.0
1178470 1740.9
1178480 1740.9
1178490 1738.7
1178500 1736.1
1178510 1736.1
1178520 1733.7
1178530 1731.3
1178540 1731.3
1178550 1729.2
1178560 1727.3
1178570 1727.3
1178580 1725.0
1178590 1722.2
1178600 1722.2
1178610 1718.8
1178620 1715.1
1178630 1715.1
1178640 1713.7
1178650 1713.2
1178660 1712.8
1178670 1712.8
1178680 1711.4
1178690 1708.6
1178700 1708.6
1178710 1706.2
1178720 1704.0
1178730 1706.3
1178740 1704.7
1178750 1703.4
1178760 1703.4
1178770 1703.1
1178780 1702.7
1178790 1702.7
1178800 1702.4
1178810 1703.1
1178820 1703.1
1178830 1705.2
1178840 1708.6
1178850 1708.6
1178860 1710.0
1178870 1706.8
1178880 1701.7
1178890 1701.7
1178900 1696.6
1178910 1692.2
1178920 1692.2
1178930 1689.9
1178940 1686.1
1178950 1686.1
1178960 1684.2
1178970 1682.8
1178980 1682.8
1178990 1680.3
1179000 1675.9
1179010 1675.9
1179020 1671.7
1179030 1668.2
1179040 1668.2
1179050 1664.6
1179060 1659.7
1179070 1654.1
1179080 1654.1
1179090 1647.5
1179100 1644.1
1179110 1644.1
1179120 1643.3
1179130 1643.7
1179140 1645.8
1179150 1645.6
1179160 1646.4
1179170 1646.4
1179180 1646.4
1179190 1646.0
1179200 1646.0
1179210 1644.9
1179220 1643.9
1179230 1643.9
1179240 1643.1
1179250 1642.6
1179260 1643.9
1179270 1643.9
1179280 1648.1
1179290 1654.2
1179300 1654.2
1179310 1655.8
1179320 1655.7
1179330 1655.7
1179340 1658.1
1179350 1660.0
1179360 1660.0
1179370 1661.3
1179380 1661.7
1179390 1661.7
1179400 1660.8
1179410 1660.8
1179420 1660.8
1179430 1661.1
1179440 1661.1
1179450 1661.2
1179460 1661.2
1179470 1661.7
1179480 1662.0
1179490 1662.0
1179500 1661.8
1179510 1661.8
1179520 1661.8
1179530 1660.8
1179540 1658.9
1179550 1658.9
1179560 1662.2
1179570 1660.7
1179580 1660.7
1179590 1655.2
1179600 1649.2
1179610 1649.2
1179620 1644.0
1179630 1639.8
1179640 1639.8
1179650 1636.1
1179660 1633.5
1179670 1633.0
1179680 1633.0
1179690 1633.1
1179700 1633.9
1179710 1633.9
1179720 1635.2
1179730 1637.1
1179740 1637.1
1179750 1639.3
1179760 1643.7
1179770 1643.7
1179780 1648.5
1179790 1652.9
1179800 1652.9
1179810 1658.1
1179820 1663.6
1179830 1663.6
1179840 1668.5
1179850 1673.8
1179860 1678.8
1179870 1678.8
1179880 1680.5
1179890 1682.2
1179900 1682.2
1179910 1684.9
1179920 1687.5
1179930 1687.5
1179940 1689.9
1179950 1692.3
1179960 1692.3
1179970 1693.7
1179980 1697.6
1179990 1697.6
