1166670 1519.9
1166680 1512.7
1166690 1512.7
1166700 1504.9
1166710 1493.3
1166720 1472.5
1166730 1472.5
1166740 1437.6
1166750 1403.3
1166760 1403.3
1166770 1387.4
1166780 1379.2
1166790 1379.2
1166800 1371.0
1166810 1363.5
1166820 1363.5
1166830 1355.9
1166840 1348.5
1166850 1348.5
1166860 1342.2
1166870 1336.3
1166880 1336.3
1166890 1330.3
1166900 1324.6
1166910 1318.7
1166920 1318.7
1166930 1313.2
1166940 1307.6
1166950 1307.6
1166960 1301.6
1166970 1295.7
1166980 1295.7
1166990 1289.1
1167000 1280.9
1167010 1280.9
1167020 1273.0
1167030 1265.1
1167040 1265.1
1167050 1259.2
1167060 1253.8
1167070 1253.8
1167080 1248.4
1167090 1243.9
1167100 1239.7
1167110 1239.7
1167120 1235.0
1167130 1229.5
1167140 1229.5
1167150 1225.8
1167160 1218.9
1167170 1218.9
1167180 1211.2
1167190 1196.9
1167200 1196.9
1167210 1178.6
1167220 1170.2
1167230 1170.2
1167240 1161.5
1167250 1144.7
1167260 1144.7
1167270 1126.8
1167280 1115.7
1167290 1107.3
1167300 1107.3
1167310 1099.5
1167320 1091.9
1167330 1091.9
1167340 1085.0
1167350 1079.1
1167360 1079.1
1167370 1073.5
1167380 1066.8
1167390 1066.8
1167400 1060.7
1167410 1055.2
1167420 1055.2
1167430 1048.2
1167440 1043.1
1167450 1043.1
1167460 1037.1
1167470 1030.7
1167480 1030.7
1167490 1025.9
1167500 1024.6
1167510 1020.6
1167520 1020.6
1167530 1016.8
1167540 1015.1
1167550 1015.1
1167560 1014.3
1167570 1013.9
1167580 1013.9
1167590 1013.5
1167600 1010.4
1167610 1010.4
1167620 1003.7
1167630 997.2
1167640 997.2
1167650 994.1
1167660 993.1
1167670 993.1
1167680 992.5
1167690 991.8
1167700 990.9
1167710 990.9
1167720 989.9
1167730 989.6
1167740 989.6
1167750 989.3
1167760 989.2
1167770 989.2
1167780 988.8
1167790 987.2
1167800 987.2
1167810 983.8
1167820 982.5
1167830 982.5
1167840 982.5
1167850 984.7
1167860 984.7
1167870 997.2
1167880 1012.6
1167890 1027.0
1167900 1027.0
1167910 1032.8
1167920 1039.0
1167930 1039.0
1167940 1044.8
1167950 1050.5
1167960 1050.5
1167970 1062.5
1167980 1077.6
1167990 1077.6
1168000 1093.5
1168010 1105.9
1168020 1105.9
1168030 1122.2
1168040 1133.2
1168050 1133.2
1168060 1143.1
1168070 1150.5
1168080 1150.5
1168090 1159.7
1168100 1167.4
1168110 1171.9
1168120 1171.9
1168130 1175.9
1168140 1179.4
1168150 1179.4
1168160 1182.6
1168170 1185.5
1168180 1185.5
1168190 1189.0
1168200 1192.8
1168210 1192.8
1168220 1204.2
1168230 1207.0
1168240 1207.0
1168250 1212.4
1168260 1218.6
1168270 1218.6
1168280 1223.8
1168290 1228.0
1168300 1233.8
1168310 1233.8
1168320 1251.9
1168330 1282.4
1168340 1282.4
1168350 1302.1
1168360 1312.2
1168370 1312.2
1168380 1317.0
1168390 1321.6
1168400 1321.6
1168410 1331.2
1168420 1339.9
1168430 1339.9
1168440 1340.7
1168450 1338.2
1168460 1338.2
1168470 1336.8
1168480 1337.8
1168490 1341.5
1168500 1341.5
1168510 1346.6
1168520 1351.3
1168530 1351.3
1168540 1355.6
1168550 1370.9
1168560 1370.9
1168570 1382.1
1168580 1384.7
1168590 1384.7
1168600 1385.1
1168610 1384.9
1168620 1384.9
1168630 1393.3
1168640 1394.5
1168650 1394.5
1168660 1397.1
1168670 1399.4
1168680 1399.4
1168690 1399.6
1168700 1399.7
1168710 1401.6
1168720 1401.6
1168730 1405.5
1168740 1409.9
1168750 1409.9
1168760 1414.1
1168770 1417.2
1168780 1417.2
1168790 1419.5
1168800 1421.5
1168810 1421.5
1168820 1421.7
1168830 1422.3
1168840 1422.3
1168850 1423.5
1168860 1426.0
1168870 1426.0
1168880 1429.5
1168890 1432.9
1168900 1435.8
1168910 1435.8
1168920 1438.5
1168930 1441.6
1168940 1441.6
1168950 1444.0
1168960 1445.6
1168970 1445.6
1168980 1448.0
1168990 1450.6
1169000 1450.6
1169010 1453.0
1169020 1455.5
1169030 1454.5
1169040 1456.6
1169050 1459.1
1169060 1459.1
1169070 1461.7
1169080 1464.9
1169090 1468.5
1169100 1468.5
1169110 1471.8
1169120 1475.7
1169130 1475.7
1169140 1479.9
1169150 1483.9
1169160 1483.9
1169170 1488.3
1169180 1492.9
1169190 1492.9
1169200 1496.7
1169210 1499.2
1169220 1499.2
1169230 1501.6
1169240 1504.1
1169250 1504.1
1169260 1507.1
1169270 1510.0
1169280 1510.0
1169290 1512.9
1169300 1515.7
1169310 1518.7
1169320 1518.7
1169330 1522.2
1169340 1525.4
1169350 1525.4
1169360 1528.2
1169370 1531.1
1169380 1531.1
1169390 1534.1
1169400 1537.0
1169410 1537.0
1169420 1539.8
1169430 1544.5
1169440 1544.5
1169450 1547.9
1169460 1551.8
1169470 1551.8
1169480 1556.1
1169490 1562.9
1169500 1571.8
1169510 1571.8
1169520 1582.6
1169530 1591.1
1169540 1591.1
1169550 1596.3
1169560 1600.7
1169570 1600.7
1169580 1604.8
1169590 1609.7
1169600 1609.7
1169610 1614.3
1169620 1617.7
1169630 1617.7
1169640 1620.6
1169650 1624.1
1169660 1624.1
1169670 1627.7
1169680 1631.5
1169690 1635.2
1169700 1635.2
1169710 1638.1
1169720 1641.3
1169730 1641.3
1169740 1644.8
1169750 1648.6
1169760 1648.6
1169770 1651.9
1169780 1654.4
1169790 1654.4
1169800 1656.2
1169810 1658.2
1169820 1658.2
1169830 1663.3
1169840 1666.4
1169850 1666.4
1169860 1669.7
1169870 1673.8
1169880 1673.8
1169890 1677.7
1169900 1681.1
1169910 1684.9
1169920 1684.9
1169930 1688.9
1169940 1694.0
1169950 1694.0
1169960 1699.2
1169970 1703.9
1169980 1703.9
1169990 1708.7
1170000 1713.4
1170010 1713.4
1170020 1717.9
1170030 1722.7
1170040 1722.7
1170050 1726.9
1170060 1730.9
1170070 1730.9
1170080 1734.8
1170090 1738.0
1170100 1740.9
1170110 1740.9
1170120 1743.2
1170130 1744.9
1170140 1744.9
1170150 1747.0
1170160 1750.2
1170170 1750.2
1170180 1754.2
1170190 1758.4
1170200 1758.4
1170210 1762.4
1170220 1766.5
1170230 1773.3
1170240 1777.5
1170250 1782.1
1170260 1782.1
1170270 1786.2
1170280 1790.4
1170290 1795.5
1170300 1795.5
1170310 1800.0
1170320 1803.7
1170330 1803.7
1170340 1808.3
1170350 1814.1
1170360 1814.1
1170370 1819.1
1170380 1823.1
1170390 1823.1
1170400 1826.9
1170410 1831.6
1170420 1831.6
1170430 1836.0
1170440 1839.8
1170450 1839.8
1170460 1843.2
1170470 1847.7
1170480 1847.7
1170490 1855.6
1170500 1862.2
1170510 1863.6
1170520 1863.6
1170530 1863.3
1170540 1867.1
1170550 1867.1
1170560 1878.3
1170570 1890.4
1170580 1890.4
1170590 1900.5
1170600 1905.2
1170610 1905.2
1170620 1905.2
1170630 1910.1
1170640 1910.1
1170650 1910.1
1170660 1913.7
1170670 1913.7
1170680 1911.9
1170690 1907.8
1170700 1902.9
1170710 1902.9
1170720 1896.9
1170730 1899.3
1170740 1899.3
1170750 1901.0
1170760 1899.5
1170770 1899.5
1170780 1898.9
1170790 1898.1
1170800 1898.1
1170810 1903.0
1170820 1911.2
1170830 1911.2
1170840 1912.2
1170850 1921.4
1170860 1921.4
1170870 1938.8
1170880 1953.0
1170890 1967.8
1170900 1967.8
1170910 1978.7
1170920 1986.6
1170930 1986.6
1170940 1993.7
1170950 1998.9
1170960 1998.9
1170970 2002.4
1170980 2006.6
1170990 2006.6
1171000 2006.4
1171010 2008.3
1171020 2008.3
1171030 2014.4
1171040 2030.4
1171050 2030.4
1171060 2027.0
1171070 2017.3
1171080 2004.4
1171090 2004.4
1171100 1995.7
1171110 1998.2
1171120 1998.2
1171130 2012.3
1171140 2038.7
1171150 2038.7
1171160 2074.1
1171170 2100.8
1171180 2100.8
1171190 2120.7
1171200 2129.7
1171210 2129.7
1171220 2130.9
1171230 2133.0
1171240 2133.0
1171250 2137.8
1171260 2144.0
1171270 2144.0
1171280 2156.8
1171290 2172.5
1171300 2186.3
1171310 2186.3
1171320 2203.9
1171330 2214.3
1171340 2214.3
1171350 2222.5
1171360 2232.0
1171370 2232.0
1171380 2241.7
1171390 2245.2
1171400 2245.2
1171410 2247.1
1171420 2248.9
1171430 2248.9
1171440 2245.3
1171450 2249.8
1171460 2249.8
1171470 2253.7
1171480 2258.3
1171490 2260.7
1171500 2260.7
1171510 2264.0
1171520 2269.7
1171530 2269.7
1171540 2275.4
1171550 2280.8
1171560 2280.8
1171570 2285.2
1171580 2292.6
1171590 2292.6
1171600 2298.4
1171610 2302.7
1171620 2302.7
1171630 2309.4
1171640 2317.3
1171650 2317.3
1171660 2324.8
1171670 2332.0
1171680 2339.5
1171690 2339.5
1171700 2347.4
1171710 2354.7
1171720 2354.7
1171730 2361.5
1171740 2368.3
1171750 2368.3
1171760 2376.3
1171770 2386.4
1171780 2386.4
1171790 2397.1
1171800 2406.6
1171810 2406.6
1171820 2415.5
1171830 2423.5
1171840 2428.6
1171850 2436.7
1171860 2439.8
1171870 2439.8
1171880 2438.4
1171890 2436.2
1171900 2433.9
1171910 2433.9
1171920 2432.0
1171930 2430.7
1171940 2430.7
1171950 2430.1
1171960 2428.8
1171970 2428.8
1171980 2425.8
1171990 2420.7
1172000 2420.7
1172010 2414.3
1172020 2407.8
1172030 2407.8
1172040 2402.8
1172050 2400.0
1172060 2400.0
1172070 2398.1
1172080 2396.8
1172090 2396.2
1172100 2396.2
1172110 2396.0
1172120 2396.0
1172130 2396.0
1172140 2396.1
1172150 2396.5
1172160 2396.5
1172170 2398.0
1172180 2400.2
1172190 2400.2
1172200 2402.6
1172210 2405.2
1172220 2405.2
1172230 2406.6
1172240 2406.8
1172250 2407.8
1172260 2407.2
1172270 2407.8
1172280 2409.5
1172290 2409.5
1172300 2412.3
1172310 2416.0
1172320 2416.0
1172330 2420.0
1172340 2422.9
1172350 2422.9
1172360 2425.8
1172370 2428.7
1172380 2428.7
1172390 2431.6
1172400 2434.2
1172410 2434.2
1172420 2436.8
1172430 2439.3
1172440 2439.3
1172450 2441.5
1172460 2443.0
1172470 2443.0
1172480 2444.1
1172490 2445.7
1172500 2447.6
1172510 2447.6
1172520 2450.8
1172530 2455.6
1172540 2455.6
1172550 2460.5
1172560 2465.2
1172570 2465.2
1172580 2470.1
1172590 2474.2
1172600 2474.2
1172610 2478.7
1172620 2484.1
1172630 2484.1
1172640 2488.3
1172650 2497.0
1172660 2497.0
1172670 2501.3
1172680 2503.7
1172690 2506.0
1172700 2506.0
1172710 2509.3
1172720 2512.8
1172730 2512.8
1172740 2516.3
1172750 2519.0
1172760 2519.0
1172770 2522.0
1172780 2525.5
1172790 2525.5
1172800 2529.2
1172810 2532.8
1172820 2532.8
1172830 2536.7
1172840 2538.6
1172850 2538.6
1172860 2536.8
1172870 2533.8
1172880 2530.5
1172890 2530.5
1172900 2526.6
1172910 2522.8
1172920 2522.8
1172930 2519.3
1172940 2516.7
1172950 2516.7
1172960 2515.5
1172970 2514.3
1172980 2514.3
1172990 2515.0
1173000 2517.6
1173010 2517.6
1173020 2524.9
1173030 2531.8
1173040 2531.8
1173050 2530.6
1173060 2529.3
1173070 2525.4
1173080 2525.4
1173090 2527.1
1173100 2529.9
1173110 2529.9
1173120 2535.3
1173130 2539.6
1173140 2539.6
1173150 2542.0
1173160 2538.7
1173170 2538.7
1173180 2532.9
1173190 2525.7
1173200 2525.7
1173210 2517.9
1173220 2510.8
1173230 2510.8
1173240 2504.4
1173250 2498.5
1173260 2498.5
1173270 2493.2
1173280 2488.8
1173290 2484.2
1173300 2484.2
1173310 2479.0
1173320 2473.3
1173330 2473.3
1173340 2466.9
1173350 2461.3
1173360 2461.3
1173370 2455.5
1173380 2449.8
1173390 2449.8
1173400 2444.6
1173410 2439.2
1173420 2439.2
1173430 2434.4
1173440 2430.8
1173450 2430.8
1173460 2425.8
1173470 2421.5
1173480 2416.2
1173490 2416.2
1173500 2411.1
1173510 2406.4
1173520 2406.4
1173530 2401.4
1173540 2395.5
1173550 2395.5
1173560 2389.2
1173570 2382.9
1173580 2382.9
1173590 2376.0
1173600 2368.0
1173610 2368.0
1173620 2360.1
1173630 2353.1
1173640 2353.1
1173650 2346.9
1173660 2341.5
1173670 2336.0
1173680 2336.0
1173690 2330.8
1173700 2326.0
1173710 2326.0
1173720 2321.5
1173730 2316.7
1173740 2316.7
1173750 2312.5
1173760 2308.7
1173770 2308.7
1173780 2304.8
1173790 2301.4
1173800 2301.4
1173810 2297.9
1173820 2293.4
1173830 2293.4
1173840 2288.7
1173850 2283.9
1173860 2283.9
1173870 2280.8
1173880 2274.5
1173890 2267.2
1173900 2267.2
1173910 2261.0
1173920 2255.6
1173930 2255.6
1173940 2250.8
1173950 2246.1
1173960 2246.1
1173970 2243.9
1173980 2241.8
1173990 2241.8
1174000 2238.0
1174010 2233.2
1174020 2233.2
1174030 2227.2
1174040 2220.6
1174050 2220.6
1174060 2213.8
1174070 2208.0
1174080 2202.9
1174090 2202.9
1174100 2198.7
1174110 2195.4
1174120 2195.4
1174130 2192.6
1174140 2190.6
1174150 2190.6
1174160 2188.9
1174170 2186.7
1174180 2186.7
1174190 2184.7
1174200 2183.4
1174210 2183.4
1174220 2181.0
1174230 2179.4
1174240 2179.4
1174250 2177.5
1174260 2175.1
1174270 2171.8
1174280 2173.1
1174290 2167.8
1174300 2162.6
1174310 2162.6
1174320 2157.8
1174330 2153.2
1174340 2153.2
1174350 2148.3
1174360 2142.2
1174370 2142.2
1174380 2136.3
1174390 2131.0
1174400 2131.0
1174410 2126.4
1174420 2122.3
1174430 2122.3
1174440 2118.1
1174450 2114.7
1174460 2114.7
1174470 2112.8
1174480 2112.5
1174490 2112.8
1174500 2112.8
1174510 2111.2
1174520 2108.1
1174530 2108.1
1174540 2105.0
1174550 2103.8
1174560 2103.8
1174570 2102.1
1174580 2098.4
1174590 2098.4
1174600 2095.0
1174610 2090.1
1174620 2090.1
1174630 2084.4
1174640 2078.7
1174650 2078.7
1174660 2073.3
1174670 2068.4
1174680 2066.7
1174690 2065.4
1174700 2064.1
1174710 2062.5
1174720 2062.5
1174730 2061.5
1174740 2060.7
1174750 2060.7
1174760 2059.4
1174770 2057.3
1174780 2057.3
1174790 2054.7
1174800 2053.3
1174810 2053.3
1174820 2052.7
1174830 2051.6
1174840 2051.6
1174850 2049.4
1174860 2044.7
1174870 2038.4
1174880 2038.4
1174890 2033.1
1174900 2029.6
1174910 2029.6
1174920 2025.6
1174930 2020.9
1174940 2020.9
1174950 2016.5
1174960 2013.3
1174970 2013.3
1174980 2012.6
1174990 2012.0
1175000 2012.0
1175010 2008.6
1175020 2004.8
1175030 2004.8
1175040 2004.6
1175050 2002.7
1175060 2002.7
1175070 1998.7
1175080 1993.9
1175090 1988.7
1175100 1989.4
1175110 1984.7
1175120 1979.7
1175130 1979.7
1175140 1975.0
1175150 1971.1
1175160 1971.1
1175170 1967.1
1175180 1964.1
1175190 1964.1
1175200 1960.9
1175210 1957.3
1175220 1957.3
1175230 1953.9
1175240 1950.8
1175250 1950.8
1175260 1948.4
1175270 1945.5
1175280 1941.9
1175290 1941.9
1175300 1937.1
1175310 1931.4
1175320 1931.4
1175330 1926.6
1175340 1920.7
1175350 1920.7
1175360 1914.1
1175370 1908.4
1175380 1908.4
1175390 1903.4
1175400 1899.4
1175410 1899.4
1175420 1895.8
1175430 1891.8
1175440 1891.8
1175450 1887.9
1175460 1884.3
1175470 1880.9
1175480 1880.9
1175490 1878.3
1175500 1875.9
1175510 1876.3
1175520 1873.4
1175530 1869.2
1175540 1869.2
1175550 1864.3
1175560 1857.1
1175570 1857.1
1175580 1849.3
1175590 1844.5
1175600 1844.5
1175610 1838.3
1175620 1830.3
1175630 1830.3
1175640 1822.6
1175650 1815.3
1175660 1808.8
1175670 1808.8
1175680 1802.3
1175690 1794.9
1175700 1794.9
1175710 1787.6
1175720 1780.4
1175730 1780.4
1175740 1773.3
1175750 1766.3
1175760 1766.3
1175770 1760.3
1175780 1755.0
1175790 1755.0
1175800 1749.8
1175810 1744.6
1175820 1744.6
1175830 1740.2
1175840 1739.6
1175850 1739.6
1175860 1747.4
1175870 1753.2
1175880 1755.8
1175890 1755.8
1175900 1757.0
1175910 1761.6
1175920 1764.7
1175930 1767.7
1175940 1775.7
1175950 1775.7
1175960 1783.7
1175970 1790.1
1175980 1790.1
1175990 1795.3
1176000 1799.5
1176010 1799.5
1176020 1802.7
1176030 1804.3
1176040 1804.3
1176050 1804.2
1176060 1804.5
1176070 1805.8
1176080 1805.8
1176090 1806.8
1176100 1807.7
1176110 1807.7
1176120 1808.2
1176130 1807.7
1176140 1807.7
1176150 1808.0
1176160 1807.8
1176170 1807.8
1176180 1807.8
1176190 1811.9
1176200 1811.9
1176210 1813.6
1176220 1815.0
1176230 1815.0
1176240 1814.9
1176250 1817.3
1176260 1819.9
1176270 1819.9
1176280 1820.7
1176290 1821.4
1176300 1821.4
1176310 1823.2
1176320 1823.6
1176330 1830.0
1176340 1829.2
1176350 1829.8
1176360 1829.8
1176370 1832.3
1176380 1833.7
1176390 1833.7
1176400 1833.6
1176410 1831.8
1176420 1831.8
1176430 1827.4
1176440 1824.6
1176450 1824.6
1176460 1822.3
1176470 1818.2
1176480 1812.4
1176490 1812.4
1176500 1807.1
1176510 1803.1
1176520 1803.1
1176530 1799.7
1176540 1798.5
1176550 1798.5
1176560 1797.2
1176570 1793.9
1176580 1793.9
1176590 1790.3
1176600 1786.9
1176610 1786.9
1176620 1782.9
1176630 1775.8
1176640 1775.8
1176650 1766.8
1176660 1763.1
1176670 1762.5
1176680 1762.5
1176690 1759.5
1176700 1756.5
1176710 1756.5
1176720 1753.5
1176730 1758.2
1176740 1763.2
1176750 1768.9
1176760 1777.8
1176770 1777.8
1176780 1789.3
1176790 1798.0
1176800 1798.0
1176810 1802.8
1176820 1807.1
1176830 1807.1
1176840 1810.6
1176850 1813.3
1176860 1814.9
1176870 1814.9
1176880 1816.6
1176890 1817.6
1176900 1817.6
1176910 1818.4
1176920 1819.1
1176930 1819.1
1176940 1819.9
1176950 1820.3
1176960 1820.3
1176970 1819.3
1176980 1816.8
1176990 1816.8
1177000 1812.1
1177010 1808.5
1177020 1808.5
1177030 1806.4
1177040 1805.2
1177050 1805.2
1177060 1806.2
1177070 1811.2
1177080 1818.6
1177090 1818.6
1177100 1824.8
1177110 1829.6
1177120 1829.6
1177130 1834.6
1177140 1839.8
1177150 1846.4
1177160 1851.5
1177170 1855.9
1177180 1855.9
1177190 1859.6
1177200 1861.2
1177210 1861.2
1177220 1861.4
1177230 1861.1
1177240 1861.1
1177250 1859.8
1177260 1859.0
1177270 1859.4
1177280 1859.4
1177290 1859.6
1177300 1859.7
1177310 1859.7
1177320 1859.8
1177330 1858.6
1177340 1858.6
1177350 1856.1
1177360 1852.5
1177370 1852.5
1177380 1847.7
1177390 1843.5
1177400 1843.5
1177410 1839.5
1177420 1834.5
1177430 1834.5
1177440 1829.2
1177450 1824.5
1177460 1819.6
1177470 1819.6
1177480 1814.6
1177490 1808.4
1177500 1808.4
1177510 1801.5
1177520 1794.7
1177530 1794.7
1177540 1788.7
1177550 1782.8
1177560 1787.3
1177570 1780.8
1177580 1774.0
1177590 1774.0
1177600 1767.7
1177610 1761.3
1177620 1761.3
1177630 1754.1
1177640 1747.2
1177650 1741.1
1177660 1741.1
1177670 1735.7
1177680 1729.8
1177690 1729.8
1177700 1721.8
1177710 1713.7
1177720 1713.7
1177730 1706.5
1177740 1701.8
1177750 1701.8
1177760 1699.2
1177770 1696.3
1177780 1696.3
1177790 1696.2
1177800 1697.2
1177810 1697.2
1177820 1695.5
1177830 1694.1
1177840 1694.1
1177850 1692.9
1177860 1693.2
1177870 1693.1
1177880 1693.1
1177890 1688.5
1177900 1681.9
1177910 1681.9
1177920 1673.7
1177930 1668.2
1177940 1668.2
1177950 1665.5
1177960 1663.4
1177970 1668.0
1177980 1665.4
1177990 1662.6
1178000 1662.6
1178010 1658.8
1178020 1656.2
1178030 1656.2
1178040 1654.4
1178050 1652.7
1178060 1651.8
1178070 1651.8
1178080 1651.1
1178090 1650.4
1178100 1650.4
1178110 1649.1
1178120 1648.8
1178130 1648.8
1178140 1649.4
1178150 1651.3
1178160 1651.3
1178170 1652.7
1178180 1652.8
1178190 1652.8
1178200 1650.8
1178210 1645.1
1178220 1645.1
1178230 1638.5
1178240 1631.6
1178250 1624.7
1178260 1624.7
1178270 1617.9
1178280 1611.3
1178290 1611.3
1178300 1604.6
1178310 1597.9
1178320 1597.9
1178330 1591.2
1178340 1584.5
1178350 1584.5
1178360 1578.6
1178370 1575.9
1178380 1577.7
1178390 1577.6
1178400 1577.7
1178410 1577.7
1178420 1576.7
1178430 1574.5
1178440 1574.5
1178450 1572.0
1178460 1569.7
1178470 1567.3
1178480 1567.3
1178490 1564.5
1178500 1562.3
1178510 1562.3
1178520 1561.0
1178530 1559.8
1178540 1559.8
1178550 1559.6
1178560 1560.3
1178570 1560.3
1178580 1562.1
1178590 1565.1
1178600 1565.1
1178610 1568.5
1178620 1572.5
1178630 1572.5
1178640 1575.2
1178650 1576.7
1178660 1578.5
1178670 1578.5
1178680 1580.2
1178690 1581.4
1178700 1581.4
1178710 1582.6
1178720 1583.8
1178730 1583.8
1178740 1585.0
1178750 1586.3
1178760 1586.3
1178770 1587.5
1178780 1588.8
1178790 1588.8
1178800 1589.4
1178810 1590.6
1178820 1590.6
1178830 1592.4
1178840 1594.1
1178850 1596.2
1178860 1596.2
1178870 1598.1
1178880 1599.8
1178890 1599.8
1178900 1602.1
1178910 1604.9
1178920 1604.9
1178930 1607.0
1178940 1608.4
1178950 1608.4
1178960 1609.8
1178970 1611.3
1178980 1611.3
1178990 1613.4
1179000 1615.8
1179010 1615.8
1179020 1619.8
1179030 1625.1
1179040 1625.1
1179050 1630.3
1179060 1635.6
1179070 1640.8
1179080 1640.8
1179090 1645.5
1179100 1649.2
1179110 1649.2
1179120 1651.6
1179130 1652.5
1179140 1652.5
1179150 1653.6
1179160 1655.7
1179170 1655.7
1179180 1657.4
1179190 1658.5
1179200 1658.5
1179210 1658.5
1179220 1660.2
1179230 1660.2
1179240 1662.1
1179250 1668.0
1179260 1673.2
1179270 1673.2
1179280 1673.8
1179290 1671.0
1179300 1671.0
1179310 1668.8
1179320 1668.6
1179330 1668.6
1179340 1668.6
1179350 1667.9
1179360 1667.9
1179370 1668.3
1179380 1669.7
1179390 1669.7
1179400 1673.2
1179410 1677.7
1179420 1677.7
1179430 1681.2
1179440 1684.6
1179450 1688.1
1179460 1688.1
1179470 1690.8
1179480 1694.9
1179490 1694.9
1179500 1698.6
1179510 1698.9
1179520 1698.9
1179530 1698.8
1179540 1698.7
1179550 1698.7
1179560 1698.5
1179570 1698.3
1179580 1698.3
1179590 1699.0
1179600 1702.2
1179610 1702.2
1179620 1706.3
1179630 1712.2
1179640 1714.9
1179650 1714.9
1179660 1718.6
1179670 1723.0
1179680 1723.0
1179690 1727.9
1179700 1731.7
1179710 1731.7
1179720 1733.3
1179730 1735.9
1179740 1735.9
1179750 1740.2
1179760 1744.4
1179770 1744.4
1179780 1748.6
1179790 1752.9
1179800 1752.9
1179810 1757.8
1179820 1763.4
1179830 1763.4
1179840 1768.3
1179850 1771.7
1179860 1774.8
1179870 1774.8
1179880 1778.8
1179890 1783.7
1179900 1783.7
1179910 1788.7
1179920 1793.0
1179930 1793.0
1179940 1795.3
1179950 1797.8
1179960 1797.8
1179970 1801.4
1179980 1803.9
1179990 1803.9
