1166560 1499.0
1166570 1499.7
1166580 1499.7
1166590 1496.9
1166600 1493.2
1166610 1493.2
1166620 1488.5
1166630 1493.2
1166640 1493.2
1166650 1490.7
1166660 1486.8
1166670 1483.5
1166680 1483.5
1166690 1477.6
1166700 1468.6
1166710 1468.6
1166720 1452.3
1166730 1424.0
1166740 1424.0
1166750 1396.5
1166760 1365.3
1166770 1365.3
1166780 1328.2
1166790 1304.7
1166800 1304.7
1166810 1286.7
1166820 1274.4
1166830 1274.4
1166840 1263.6
1166850 1256.1
1166860 1256.1
1166870 1252.4
1166880 1249.1
1166890 1248.0
1166900 1248.0
1166910 1245.7
1166920 1241.1
1166930 1241.1
1166940 1236.7
1166950 1232.3
1166960 1232.3
1166970 1223.3
1166980 1210.2
1166990 1210.2
1167000 1208.1
1167010 1205.9
1167020 1205.9
1167030 1202.9
1167040 1198.4
1167050 1198.4
1167060 1194.3
1167070 1189.4
1167080 1182.2
1167090 1182.2
1167100 1170.6
1167110 1161.5
1167120 1161.5
1167130 1139.4
1167140 1114.4
1167150 1114.4
1167160 1104.5
1167170 1097.2
1167180 1097.2
1167190 1090.7
1167200 1083.9
1167210 1083.9
1167220 1076.7
1167230 1069.5
1167240 1069.5
1167250 1062.7
1167260 1055.6
1167270 1047.2
1167280 1047.2
1167290 1038.9
1167300 1033.7
1167310 1033.7
1167320 1028.4
1167330 1021.5
1167340 1021.5
1167350 1014.8
1167360 1008.4
1167370 1008.4
1167380 1003.6
1167390 997.3
1167400 997.3
1167410 990.6
1167420 986.1
1167430 986.1
1167440 984.4
1167450 983.9
1167460 983.9
1167470 983.7
1167480 983.6
1167490 983.5
1167500 983.5
1167510 983.5
1167520 984.7
1167530 984.7
1167540 987.5
1167550 992.5
1167560 992.5
1167570 997.0
1167580 999.5
1167590 999.5
1167600 1000.2
1167610 1001.5
1167620 1001.5
1167630 1002.7
1167640 1005.8
1167650 1005.8
1167660 1013.8
1167670 1020.6
1167680 1027.8
1167690 1027.8
1167700 1037.1
1167710 1050.0
1167720 1050.0
1167730 1063.8
1167740 1069.2
1167750 1069.2
1167760 1075.6
1167770 1082.4
1167780 1082.4
1167790 1090.1
1167800 1098.5
1167810 1114.6
1167820 1133.7
1167830 1166.4
1167840 1166.4
1167850 1181.8
1167860 1189.2
1167870 1194.2
1167880 1194.2
1167890 1198.4
1167900 1203.6
1167910 1203.6
1167920 1210.0
1167930 1217.9
1167940 1217.9
1167950 1226.6
1167960 1235.4
1167970 1235.4
1167980 1245.8
1167990 1263.4
1168000 1263.4
1168010 1279.8
1168020 1290.4
1168030 1290.4
1168040 1303.3
1168050 1316.1
1168060 1316.1
1168070 1324.9
1168080 1330.2
1168090 1335.0
1168100 1335.0
1168110 1337.7
1168120 1339.1
1168130 1339.1
1168140 1337.8
1168150 1336.9
1168160 1336.9
1168170 1337.4
1168180 1338.1
1168190 1338.1
1168200 1338.3
1168210 1338.5
1168220 1338.5
1168230 1340.2
1168240 1341.1
1168250 1341.1
1168260 1343.1
1168270 1345.9
1168280 1346.4
1168290 1346.4
1168300 1346.3
1168310 1346.3
1168320 1346.3
1168330 1345.5
1168340 1345.9
1168350 1345.9
1168360 1347.1
1168370 1347.9
1168380 1347.9
1168390 1349.2
1168400 1350.5
1168410 1350.5
1168420 1351.5
1168430 1354.0
1168440 1354.0
1168450 1357.6
1168460 1361.7
1168470 1364.5
1168480 1364.5
1168490 1365.4
1168500 1364.8
1168510 1364.8
1168520 1365.4
1168530 1368.1
1168540 1368.1
1168550 1370.9
1168560 1373.1
1168570 1373.1
1168580 1375.0
1168590 1376.9
1168600 1376.9
1168610 1377.1
1168620 1379.5
1168630 1379.5
1168640 1382.1
1168650 1385.6
1168660 1389.2
1168670 1389.2
1168680 1391.5
1168690 1393.9
1168700 1393.9
1168710 1396.4
1168720 1397.7
1168730 1397.7
1168740 1398.9
1168750 1401.0
1168760 1401.0
1168770 1404.6
1168780 1408.6
1168790 1408.6
1168800 1413.0
1168810 1418.0
1168820 1418.0
1168830 1421.5
1168840 1424.7
1168850 1424.7
1168860 1428.2
1168870 1430.2
1168880 1430.6
1168890 1430.6
1168900 1431.0
1168910 1430.3
1168920 1430.3
1168930 1427.1
1168940 1421.5
1168950 1421.5
1168960 1417.7
1168970 1423.5
1168980 1423.5
1168990 1431.6
1169000 1439.4
1169010 1442.3
1169020 1448.7
1169030 1453.6
1169040 1453.6
1169050 1457.3
1169060 1462.0
1169070 1467.6
1169080 1467.6
1169090 1469.7
1169100 1472.2
1169110 1472.2
1169120 1475.1
1169130 1478.6
1169140 1478.6
1169150 1482.7
1169160 1487.3
1169170 1487.3
1169180 1492.5
1169190 1497.7
1169200 1497.7
1169210 1503.7
1169220 1510.4
1169230 1510.4
1169240 1517.4
1169250 1524.2
1169260 1531.2
1169270 1531.2
1169280 1537.2
1169290 1543.4
1169300 1543.4
1169310 1550.2
1169320 1556.6
1169330 1556.6
1169340 1563.9
1169350 1572.3
1169360 1572.3
1169370 1581.0
1169380 1586.8
1169390 1586.8
1169400 1590.4
1169410 1595.9
1169420 1595.9
1169430 1601.0
1169440 1605.7
1169450 1605.7
1169460 1610.1
1169470 1613.8
1169480 1617.2
1169490 1617.2
1169500 1620.7
1169510 1624.0
1169520 1624.0
1169530 1626.7
1169540 1628.6
1169550 1628.6
1169560 1630.0
1169570 1631.6
1169580 1631.6
1169590 1633.4
1169600 1635.0
1169610 1635.0
1169620 1635.3
1169630 1634.4
1169640 1634.4
1169650 1634.7
1169660 1636.7
1169670 1641.3
1169680 1641.3
1169690 1647.2
1169700 1653.1
1169710 1653.1
1169720 1659.2
1169730 1665.2
1169740 1665.2
1169750 1671.7
1169760 1678.6
1169770 1678.6
1169780 1685.5
1169790 1692.4
1169800 1692.4
1169810 1699.2
1169820 1706.0
1169830 1706.0
1169840 1713.0
1169850 1719.9
1169860 1726.0
1169870 1726.0
1169880 1732.8
1169890 1740.2
1169900 1740.2
1169910 1747.9
1169920 1755.9
1169930 1755.9
1169940 1764.3
1169950 1774.3
1169960 1774.3
1169970 1788.0
1169980 1803.3
1169990 1803.3
1170000 1817.1
1170010 1831.5
1170020 1831.5
1170030 1840.4
1170040 1848.1
1170050 1848.1
1170060 1854.6
1170070 1860.4
1170080 1866.4
1170090 1866.4
1170100 1874.1
1170110 1880.0
1170120 1880.0
1170130 1885.1
1170140 1890.1
1170150 1890.1
1170160 1892.7
1170170 1895.2
1170180 1895.2
1170190 1899.6
1170200 1905.1
1170210 1905.1
1170220 1915.0
1170230 1921.5
1170240 1921.5
1170250 1926.6
1170260 1933.1
1170270 1939.8
1170280 1939.8
1170290 1946.9
1170300 1952.2
1170310 1952.2
1170320 1957.2
1170330 1962.0
1170340 1962.0
1170350 1966.6
1170360 1972.4
1170370 1972.4
1170380 1979.4
1170390 1984.9
1170400 1984.9
1170410 1988.7
1170420 1991.7
1170430 1991.7
1170440 1994.9
1170450 1998.7
1170460 2002.1
1170470 2002.1
1170480 2005.2
1170490 2008.3
1170500 2008.3
1170510 2011.5
1170520 2015.8
1170530 2015.8
1170540 2020.6
1170550 2026.1
1170560 2026.1
1170570 2030.9
1170580 2035.1
1170590 2035.1
1170600 2038.1
1170610 2041.1
1170620 2052.1
1170630 2057.9
1170640 2061.1
1170650 2061.1
1170660 2063.3
1170670 2064.4
1170680 2065.5
1170690 2065.5
1170700 2068.1
1170710 2069.6
1170720 2069.6
1170730 2071.1
1170740 2076.0
1170750 2076.0
1170760 2079.9
1170770 2078.7
1170780 2078.7
1170790 2077.8
1170800 2076.4
1170810 2076.4
1170820 2072.1
1170830 2067.4
1170840 2067.4
1170850 2074.5
1170860 2080.7
1170870 2085.9
1170880 2085.9
1170890 2092.5
1170900 2089.1
1170910 2089.1
1170920 2082.5
1170930 2088.0
1170940 2088.0
1170950 2098.4
1170960 2095.8
1170970 2095.8
1170980 2098.8
1170990 2104.2
1171000 2104.2
1171010 2118.1
1171020 2147.6
1171030 2147.6
1171040 2164.1
1171050 2164.7
1171060 2166.0
1171070 2166.0
1171080 2170.3
1171090 2174.0
1171100 2174.0
1171110 2169.3
1171120 2164.2
1171130 2164.2
1171140 2171.5
1171150 2189.0
1171160 2189.0
1171170 2201.3
1171180 2205.5
1171190 2205.5
1171200 2214.5
1171210 2226.9
1171220 2226.9
1171230 2235.7
1171240 2244.1
1171250 2250.0
1171260 2250.0
1171270 2248.1
1171280 2243.9
1171290 2243.9
1171300 2239.9
1171310 2235.8
1171320 2235.8
1171330 2232.1
1171340 2227.9
1171350 2227.9
1171360 2225.3
1171370 2228.4
1171380 2228.4
1171390 2246.4
1171400 2266.9
1171410 2266.9
1171420 2272.6
1171430 2281.0
1171440 2281.0
1171450 2285.8
1171460 2291.3
1171470 2296.9
1171480 2296.9
1171490 2296.7
1171500 2292.4
1171510 2292.4
1171520 2289.4
1171530 2289.2
1171540 2289.2
1171550 2288.7
1171560 2290.6
1171570 2290.6
1171580 2297.6
1171590 2306.8
1171600 2306.8
1171610 2319.1
1171620 2331.8
1171630 2331.8
1171640 2337.8
1171650 2345.8
1171660 2359.0
1171670 2359.0
1171680 2363.7
1171690 2364.8
1171700 2364.8
1171710 2374.4
1171720 2385.8
1171730 2385.8
1171740 2392.9
1171750 2398.4
1171760 2398.4
1171770 2402.3
1171780 2404.7
1171790 2404.7
1171800 2406.6
1171810 2407.2
1171820 2407.2
1171830 2403.5
1171840 2404.9
1171850 2405.9
1171860 2405.9
1171870 2406.0
1171880 2406.4
1171890 2406.4
1171900 2406.9
1171910 2406.8
1171920 2406.8
1171930 2405.5
1171940 2404.6
1171950 2404.6
1171960 2404.4
1171970 2404.4
1171980 2404.4
1171990 2403.5
1172000 2403.0
1172010 2403.0
1172020 2403.1
1172030 2403.5
1172040 2403.5
1172050 2403.8
1172060 2404.4
1172070 2404.9
1172080 2404.9
1172090 2405.5
1172100 2406.4
1172110 2406.4
1172120 2407.8
1172130 2409.7
1172140 2409.7
1172150 2411.8
1172160 2413.9
1172170 2413.9
1172180 2415.2
1172190 2416.1
1172200 2416.1
1172210 2418.0
1172220 2421.0
1172230 2421.0
1172240 2426.0
1172250 2429.5
1172260 2432.4
1172270 2432.4
1172280 2435.1
1172290 2440.0
1172300 2440.0
1172310 2444.1
1172320 2447.8
1172330 2447.8
1172340 2452.7
1172350 2457.2
1172360 2457.2
1172370 2461.7
1172380 2466.5
1172390 2466.5
1172400 2472.8
1172410 2479.0
1172420 2479.0
1172430 2484.2
1172440 2488.5
1172450 2493.3
1172460 2493.3
1172470 2498.7
1172480 2502.1
1172490 2502.1
1172500 2504.5
1172510 2507.3
1172520 2507.3
1172530 2511.9
1172540 2516.2
1172550 2516.2
1172560 2518.6
1172570 2521.8
1172580 2521.8
1172590 2526.4
1172600 2531.6
1172610 2531.6
1172620 2536.1
1172630 2539.7
1172640 2547.1
1172650 2547.1
1172660 2550.5
1172670 2554.7
1172680 2554.7
1172690 2559.6
1172700 2564.6
1172710 2564.6
1172720 2569.2
1172730 2573.7
1172740 2573.7
1172750 2578.5
1172760 2583.5
1172770 2583.5
1172780 2587.9
1172790 2591.8
1172800 2591.8
1172810 2595.2
1172820 2599.1
1172830 2599.1
1172840 2603.1
1172850 2607.5
1172860 2611.5
1172870 2611.5
1172880 2615.6
1172890 2619.5
1172900 2619.5
1172910 2623.5
1172920 2627.3
1172930 2627.3
1172940 2624.1
1172950 2616.8
1172960 2616.8
1172970 2608.9
1172980 2600.1
1172990 2600.1
1173000 2591.7
1173010 2582.8
1173020 2582.8
1173030 2574.5
1173040 2566.8
1173050 2559.4
1173060 2559.4
1173070 2552.6
1173080 2545.5
1173090 2545.5
1173100 2537.9
1173110 2530.7
1173120 2530.7
1173130 2524.4
1173140 2519.0
1173150 2519.0
1173160 2513.8
1173170 2509.1
1173180 2509.1
1173190 2504.9
1173200 2500.7
1173210 2500.7
1173220 2496.6
1173230 2492.2
1173240 2487.2
1173250 2487.2
1173260 2480.5
1173270 2474.0
1173280 2474.0
1173290 2467.2
1173300 2461.9
1173310 2461.9
1173320 2458.6
1173330 2455.1
1173340 2455.1
1173350 2450.6
1173360 2445.5
1173370 2445.5
1173380 2439.0
1173390 2431.2
1173400 2431.2
1173410 2423.0
1173420 2415.4
1173430 2415.4
1173440 2409.3
1173450 2402.0
1173460 2396.6
1173470 2396.6
1173480 2391.0
1173490 2386.0
1173500 2386.0
1173510 2380.4
1173520 2377.1
1173530 2377.1
1173540 2375.1
1173550 2372.4
1173560 2372.4
1173570 2368.0
1173580 2364.0
1173590 2364.0
1173600 2358.8
1173610 2352.7
1173620 2352.7
1173630 2348.4
1173640 2345.5
1173650 2343.0
1173660 2343.0
1173670 2339.9
1173680 2336.9
1173690 2336.9
1173700 2332.1
1173710 2326.7
1173720 2326.7
1173730 2321.6
1173740 2318.3
1173750 2318.3
1173760 2315.0
1173770 2312.0
1173780 2312.0
1173790 2308.7
1173800 2305.1
1173810 2305.1
1173820 2301.7
1173830 2297.8
1173840 2294.0
1173850 2294.0
1173860 2290.0
1173870 2286.4
1173880 2286.4
1173890 2282.8
1173900 2279.3
1173910 2279.3
1173920 2275.9
1173930 2272.1
1173940 2272.1
1173950 2268.1
1173960 2264.3
1173970 2264.3
1173980 2261.3
1173990 2257.9
1174000 2257.9
1174010 2253.9
1174020 2249.9
1174030 2249.9
1174040 2246.1
1174050 2242.4
1174060 2238.4
1174070 2238.4
1174080 2233.9
1174090 2232.3
1174100 2232.3
1174110 2229.8
1174120 2227.4
1174130 2227.4
1174140 2224.7
1174150 2218.3
1174160 2218.3
1174170 2211.2
1174180 2203.1
1174190 2203.1
1174200 2194.6
1174210 2187.1
1174220 2187.1
1174230 2181.1
1174240 2175.6
1174250 2172.8
1174260 2172.8
1174270 2170.7
1174280 2168.7
1174290 2168.7
1174300 2166.3
1174310 2163.9
1174320 2163.9
1174330 2163.1
1174340 2162.3
1174350 2162.3
1174360 2160.6
1174370 2158.2
1174380 2158.2
1174390 2155.4
1174400 2154.1
1174410 2154.1
1174420 2153.2
1174430 2151.2
1174440 2148.2
1174450 2148.2
1174460 2144.5
1174470 2140.6
1174480 2140.6
1174490 2136.7
1174500 2132.5
1174510 2132.5
1174520 2127.1
1174530 2122.8
1174540 2122.8
1174550 2119.6
1174560 2116.2
1174570 2116.2
1174580 2111.2
1174590 2106.2
1174600 2106.2
1174610 2100.6
1174620 2097.3
1174630 2094.5
1174640 2094.5
1174650 2090.2
1174660 2085.2
1174670 2085.2
1174680 2081.5
1174690 2077.1
1174700 2077.1
1174710 2071.6
1174720 2065.7
1174730 2065.7
1174740 2060.8
1174750 2057.3
1174760 2057.3
1174770 2054.4
1174780 2051.7
1174790 2051.7
1174800 2048.6
1174810 2043.6
1174820 2043.6
1174830 2039.1
1174840 2035.1
1174850 2031.2
1174860 2031.2
1174870 2027.1
1174880 2023.6
1174890 2023.6
1174900 2020.2
1174910 2015.6
1174920 2015.6
1174930 2011.1
1174940 2007.0
1174950 2007.0
1174960 2003.8
1174970 2001.6
1174980 2001.6
1174990 2000.3
1175000 2000.6
1175010 2000.6
1175020 2000.6
1175030 1999.9
1175040 1998.8
1175050 1998.8
1175060 1997.9
1175070 1996.5
1175080 1996.2
1175090 1993.6
1175100 1991.7
1175110 1991.7
1175120 1989.6
1175130 1987.7
1175140 1987.7
1175150 1985.8
1175160 1983.4
1175170 1983.4
1175180 1981.0
1175190 1978.0
1175200 1978.0
1175210 1974.7
1175220 1971.3
1175230 1965.9
1175240 1965.9
1175250 1959.4
1175260 1953.3
1175270 1953.3
1175280 1948.2
1175290 1943.7
1175300 1943.7
1175310 1938.0
1175320 1931.2
1175330 1931.2
1175340 1924.4
1175350 1917.1
1175360 1917.1
1175370 1909.7
1175380 1902.6
1175390 1902.6
1175400 1896.3
1175410 1891.0
1175420 1891.0
1175430 1885.2
1175440 1877.9
1175450 1869.4
1175460 1869.4
1175470 1861.9
1175480 1855.2
1175490 1850.3
1175500 1844.8
1175510 1839.3
1175520 1839.3
1175530 1833.9
1175540 1828.5
1175550 1828.5
1175560 1822.8
1175570 1817.0
1175580 1817.0
1175590 1812.1
1175600 1808.1
1175610 1808.1
1175620 1804.4
1175630 1800.7
1175640 1796.8
1175650 1796.8
1175660 1793.0
1175670 1789.3
1175680 1789.3
1175690 1786.1
1175700 1784.3
1175710 1784.3
1175720 1783.6
1175730 1786.2
1175740 1786.2
1175750 1790.1
1175760 1793.6
1175770 1793.6
1175780 1799.4
1175790 1805.4
1175800 1805.4
1175810 1811.2
1175820 1819.4
1175830 1830.5
1175840 1830.5
1175850 1832.5
1175860 1834.1
1175870 1834.1
1175880 1838.8
1175890 1847.2
1175900 1855.8
1175910 1861.2
1175920 1867.5
1175930 1867.5
1175940 1872.4
1175950 1876.2
1175960 1876.2
1175970 1879.7
1175980 1882.5
1175990 1882.5
1176000 1885.0
1176010 1887.9
1176020 1887.9
1176030 1889.6
1176040 1888.7
1176050 1886.4
1176060 1886.4
1176070 1884.9
1176080 1882.7
1176090 1882.7
1176100 1886.6
1176110 1895.8
1176120 1895.8
1176130 1901.5
1176140 1906.1
1176150 1906.1
1176160 1911.6
1176170 1916.1
1176180 1916.1
1176190 1917.6
1176200 1917.0
1176210 1917.0
1176220 1916.2
1176230 1917.4
1176240 1920.4
1176250 1920.4
1176260 1924.7
1176270 1928.2
1176280 1928.2
1176290 1929.8
1176300 1930.4
1176310 1936.5
1176320 1936.0
1176330 1934.7
1176340 1934.7
1176350 1935.3
1176360 1936.1
1176370 1936.1
1176380 1934.4
1176390 1931.6
1176400 1931.6
1176410 1928.2
1176420 1923.6
1176430 1920.5
1176440 1920.5
1176450 1918.8
1176460 1918.3
1176470 1918.3
1176480 1916.5
1176490 1912.9
1176500 1912.9
1176510 1906.8
1176520 1899.2
1176530 1899.2
1176540 1894.5
1176550 1892.6
1176560 1892.6
1176570 1889.7
1176580 1885.0
1176590 1885.0
1176600 1879.5
1176610 1878.6
1176620 1879.6
1176630 1879.6
1176640 1878.6
1176650 1876.3
1176660 1876.3
1176670 1873.4
1176680 1873.5
1176690 1873.5
1176700 1876.5
1176710 1874.3
1176720 1881.5
1176730 1878.4
1176740 1872.7
1176750 1872.7
1176760 1869.9
1176770 1880.0
1176780 1880.0
1176790 1890.6
1176800 1897.4
1176810 1897.4
1176820 1903.6
1176830 1909.4
1176840 1915.1
1176850 1915.1
1176860 1920.5
1176870 1925.4
1176880 1925.4
1176890 1928.8
1176900 1931.4
1176910 1931.4
1176920 1933.2
1176930 1935.2
1176940 1935.2
1176950 1937.6
1176960 1940.5
1176970 1940.5
1176980 1942.2
1176990 1942.3
1177000 1942.3
1177010 1941.5
1177020 1941.8
1177030 1942.9
1177040 1942.9
1177050 1942.5
1177060 1941.2
1177070 1941.2
1177080 1941.2
1177090 1941.8
1177100 1941.8
1177110 1941.9
1177120 1941.9
1177130 1948.1
1177140 1946.5
1177150 1945.0
1177160 1945.0
1177170 1943.9
1177180 1941.6
1177190 1941.6
1177200 1938.4
1177210 1936.5
1177220 1934.8
1177230 1934.8
1177240 1932.9
1177250 1931.1
1177260 1931.1
1177270 1929.8
1177280 1928.1
1177290 1928.1
1177300 1926.2
1177310 1923.5
1177320 1923.5
1177330 1920.8
1177340 1918.5
1177350 1918.5
1177360 1915.5
1177370 1911.5
1177380 1911.5
1177390 1906.6
1177400 1901.6
1177410 1901.6
1177420 1896.4
1177430 1891.2
1177440 1885.8
1177450 1885.8
1177460 1880.1
1177470 1874.5
1177480 1874.5
1177490 1869.8
1177500 1864.9
1177510 1864.9
1177520 1859.9
1177530 1855.5
1177540 1855.5
1177550 1852.6
1177560 1848.5
1177570 1848.5
1177580 1844.5
1177590 1840.6
1177600 1840.6
1177610 1836.4
1177620 1831.5
1177630 1826.1
1177640 1826.1
1177650 1820.6
1177660 1815.1
1177670 1815.1
1177680 1809.6
1177690 1805.5
1177700 1805.5
1177710 1802.5
1177720 1799.8
1177730 1799.8
1177740 1798.4
1177750 1796.4
1177760 1796.4
1177770 1793.8
1177780 1791.0
1177790 1791.0
1177800 1788.0
1177810 1784.6
1177820 1781.3
1177830 1781.3
1177840 1777.6
1177850 1774.0
1177860 1774.0
1177870 1770.0
1177880 1765.6
1177890 1765.6
1177900 1762.0
1177910 1758.0
1177920 1758.0
1177930 1753.8
1177940 1750.4
1177950 1750.4
1177960 1740.7
1177970 1737.9
1177980 1737.9
1177990 1736.0
1178000 1732.8
1178010 1732.8
1178020 1729.2
1178030 1725.4
1178040 1720.4
1178050 1720.4
1178060 1714.7
1178070 1706.9
1178080 1706.9
1178090 1697.1
1178100 1684.5
1178110 1684.5
1178120 1679.9
1178130 1679.7
1178140 1679.7
1178150 1681.0
1178160 1677.2
1178170 1677.2
1178180 1669.9
1178190 1668.7
1178200 1668.7
1178210 1666.2
1178220 1664.3
1178230 1663.0
1178240 1663.0
1178250 1662.8
1178260 1661.6
1178270 1661.6
1178280 1659.7
1178290 1658.3
1178300 1658.3
1178310 1656.8
1178320 1651.8
1178330 1651.8
1178340 1647.6
1178350 1645.2
1178360 1645.2
1178370 1643.7
1178380 1642.3
1178390 1642.3
1178400 1640.9
1178410 1637.7
1178420 1631.5
1178430 1631.5
1178440 1624.9
1178450 1617.4
1178460 1617.4
1178470 1610.8
1178480 1606.0
1178490 1606.0
1178500 1603.3
1178510 1599.3
1178520 1599.3
1178530 1594.0
1178540 1591.1
1178550 1591.1
1178560 1588.8
1178570 1587.9
1178580 1587.9
1178590 1588.2
1178600 1588.2
1178610 1588.9
1178620 1588.9
1178630 1589.5
1178640 1590.1
1178650 1590.1
1178660 1590.5
1178670 1590.7
1178680 1590.7
1178690 1590.4
1178700 1589.8
1178710 1589.8
1178720 1589.0
1178730 1588.5
1178740 1588.5
1178750 1587.9
1178760 1587.8
1178770 1587.8
1178780 1588.4
1178790 1587.9
1178800 1587.9
1178810 1587.2
1178820 1586.3
1178830 1585.4
1178840 1585.4
1178850 1584.9
1178860 1582.7
1178870 1582.7
1178880 1580.9
1178890 1580.3
1178900 1580.3
1178910 1582.5
1178920 1587.9
1178930 1587.9
1178940 1594.4
1178950 1599.4
1178960 1599.4
1178970 1606.5
1178980 1613.7
1178990 1613.7
1179000 1619.4
1179010 1622.1
1179020 1623.9
1179030 1623.9
1179040 1627.1
1179050 1631.9
1179060 1631.9
1179070 1636.9
1179080 1639.1
1179090 1639.1
1179100 1639.1
1179110 1638.5
1179120 1638.5
1179130 1638.3
1179140 1638.9
1179150 1638.9
1179160 1640.3
1179170 1641.7
1179180 1641.7
1179190 1643.1
1179200 1644.2
1179210 1645.5
1179220 1645.5
1179230 1646.7
1179240 1647.9
1179250 1647.9
1179260 1649.3
1179270 1651.0
1179280 1651.0
1179290 1652.6
1179300 1654.4
1179310 1654.4
1179320 1656.2
1179330 1658.3
1179340 1658.3
1179350 1660.4
1179360 1662.2
1179370 1662.2
1179380 1663.2
1179390 1665.1
1179400 1665.1
1179410 1667.1
1179420 1668.1
1179430 1669.5
1179440 1669.5
1179450 1670.7
1179460 1674.5
1179470 1674.5
1179480 1678.0
1179490 1679.9
1179500 1679.9
1179510 1682.3
1179520 1684.5
1179530 1684.5
1179540 1687.7
1179550 1691.7
1179560 1691.7
1179570 1696.1
1179580 1698.9
1179590 1698.9
1179600 1699.9
1179610 1699.8
1179620 1700.3
1179630 1700.3
1179640 1701.0
1179650 1705.2
1179660 1705.2
1179670 1716.4
1179680 1722.6
1179690 1722.6
1179700 1724.1
1179710 1726.1
1179720 1726.1
1179730 1728.6
1179740 1730.7
1179750 1730.7
1179760 1732.1
1179770 1733.3
1179780 1733.3
1179790 1734.9
1179800 1736.7
1179810 1738.6
1179820 1738.6
1179830 1740.8
1179840 1743.8
1179850 1743.8
1179860 1749.8
1179870 1757.0
1179880 1757.0
1179890 1764.2
1179900 1770.3
1179910 1770.3
1179920 1773.3
1179930 1775.8
1179940 1775.8
1179950 1779.9
1179960 1783.5
1179970 1783.5
1179980 1787.9
1179990 1790.1
