1164750 1806.3
1164760 1799.8
1164770 1799.8
1164780 1786.4
1164790 1774.3
1164800 1774.3
1164810 1768.3
1164820 1759.0
1164830 1735.5
1164840 1735.5
1164850 1720.5
1164860 1703.0
1164870 1703.0
1164880 1689.1
1164890 1677.6
1164900 1677.6
1164910 1669.1
1164920 1665.0
1164930 1665.0
1164940 1659.0
1164950 1651.1
1164960 1651.1
1164970 1642.2
1164980 1629.9
1164990 1629.9
1165000 1615.5
1165010 1598.5
1165020 1584.1
1165030 1584.1
1165040 1575.6
1165050 1571.1
1165060 1571.1
1165070 1567.2
1165080 1562.6
1165090 1562.6
1165100 1555.2
1165110 1543.7
1165120 1543.7
1165130 1532.5
1165140 1521.5
1165150 1521.5
1165160 1500.9
1165170 1486.0
1165180 1486.0
1165190 1475.9
1165200 1465.6
1165210 1465.6
1165220 1455.5
1165230 1441.9
1165240 1422.6
1165250 1422.6
1165260 1412.9
1165270 1401.5
1165280 1401.5
1165290 1392.9
1165300 1384.9
1165310 1384.9
1165320 1379.9
1165330 1369.6
1165340 1369.6
1165350 1353.6
1165360 1340.8
1165370 1340.8
1165380 1339.5
1165390 1342.5
1165400 1342.5
1165410 1352.3
1165420 1367.2
1165430 1379.7
1165440 1379.7
1165450 1385.2
1165460 1383.5
1165470 1383.5
1165480 1386.2
1165490 1397.5
1165500 1397.5
1165510 1401.7
1165520 1403.0
1165530 1403.0
1165540 1402.1
1165550 1400.9
1165560 1400.9
1165570 1399.3
1165580 1398.2
1165590 1398.2
1165600 1395.0
1165610 1387.3
1165620 1391.2
1165630 1384.7
1165640 1376.0
1165650 1366.0
1165660 1366.0
1165670 1357.4
1165680 1349.4
1165690 1349.4
1165700 1340.7
1165710 1327.1
1165720 1327.1
1165730 1310.4
1165740 1298.7
1165750 1298.7
1165760 1289.7
1165770 1280.5
1165780 1280.5
1165790 1268.6
1165800 1260.0
1165810 1260.0
1165820 1255.9
1165830 1244.4
1165840 1236.5
1165850 1236.5
1165860 1233.7
1165870 1228.9
1165880 1228.9
1165890 1226.6
1165900 1223.1
1165910 1223.1
1165920 1217.6
1165930 1212.7
1165940 1212.7
1165950 1206.8
1165960 1205.0
1165970 1205.0
1165980 1202.6
1165990 1202.2
1166000 1202.2
1166010 1205.0
1166020 1200.9
1166030 1198.8
1166040 1198.8
1166050 1198.2
1166060 1198.3
1166070 1198.3
1166080 1204.2
1166090 1214.9
1166100 1214.9
1166110 1222.6
1166120 1227.8
1166130 1227.8
1166140 1238.3
1166150 1252.2
1166160 1252.2
1166170 1265.5
1166180 1272.4
1166190 1272.4
1166200 1277.2
1166210 1281.7
1166220 1281.7
1166230 1286.3
1166240 1291.3
1166250 1295.2
1166260 1295.2
1166270 1300.4
1166280 1306.0
1166290 1306.0
1166300 1311.9
1166310 1318.1
1166320 1318.1
1166330 1323.3
1166340 1326.6
1166350 1326.6
1166360 1329.8
1166370 1333.6
1166380 1333.6
1166390 1336.7
1166400 1339.3
1166410 1339.3
1166420 1338.1
1166430 1339.1
1166440 1339.4
1166450 1339.4
1166460 1339.6
1166470 1339.7
1166480 1339.7
1166490 1339.9
1166500 1341.1
1166510 1341.1
1166520 1342.8
1166530 1344.4
1166540 1344.4
1166550 1346.3
1166560 1348.0
1166570 1348.0
1166580 1350.4
1166590 1353.8
1166600 1353.8
1166610 1356.2
1166620 1358.0
1166630 1359.9
1166640 1359.9
1166650 1361.8
1166660 1364.6
1166670 1364.6
1166680 1368.1
1166690 1369.6
1166700 1369.6
1166710 1369.9
1166720 1369.7
1166730 1369.7
1166740 1369.5
1166750 1369.6
1166760 1369.6
1166770 1369.4
1166780 1369.1
1166790 1369.1
1166800 1368.9
1166810 1368.9
1166820 1368.1
1166830 1367.9
1166840 1367.5
1166850 1367.1
1166860 1367.1
1166870 1366.6
1166880 1366.2
1166890 1366.2
1166900 1366.1
1166910 1365.8
1166920 1365.8
1166930 1365.2
1166940 1364.3
1166950 1364.3
1166960 1363.4
1166970 1362.8
1166980 1362.8
1166990 1362.3
1167000 1361.7
1167010 1361.7
1167020 1361.1
1167030 1360.1
1167040 1359.5
1167050 1359.5
1167060 1359.3
1167070 1359.2
1167080 1359.2
1167090 1358.6
1167100 1358.4
1167110 1358.4
1167120 1358.4
1167130 1357.6
1167140 1357.6
1167150 1356.6
1167160 1355.0
1167170 1355.0
1167180 1353.3
1167190 1352.5
1167200 1352.5
1167210 1350.5
1167220 1349.8
1167230 1349.3
1167240 1349.3
1167250 1349.1
1167260 1348.7
1167270 1348.7
1167280 1346.6
1167290 1343.8
1167300 1343.8
1167310 1342.6
1167320 1342.3
1167330 1342.3
1167340 1342.2
1167350 1343.0
1167360 1343.0
1167370 1343.1
1167380 1342.0
1167390 1342.0
1167400 1339.5
1167410 1336.3
1167420 1336.3
1167430 1334.0
1167440 1331.9
1167450 1329.9
1167460 1329.9
1167470 1328.2
1167480 1326.8
1167490 1326.8
1167500 1325.1
1167510 1323.6
1167520 1323.6
1167530 1322.2
1167540 1321.0
1167550 1321.0
1167560 1320.1
1167570 1318.5
1167580 1318.5
1167590 1316.1
1167600 1312.6
1167610 1308.4
1167620 1305.0
1167630 1302.5
1167640 1300.7
1167650 1300.7
1167660 1299.6
1167670 1298.2
1167680 1298.2
1167690 1295.8
1167700 1293.0
1167710 1293.0
1167720 1290.2
1167730 1287.8
1167740 1287.8
1167750 1286.4
1167760 1283.9
1167770 1283.9
1167780 1279.4
1167790 1276.0
1167800 1276.0
1167810 1273.4
1167820 1270.6
1167830 1270.6
1167840 1267.7
1167850 1264.4
1167860 1260.4
1167870 1260.4
1167880 1256.3
1167890 1252.3
1167900 1252.3
1167910 1248.4
1167920 1243.7
1167930 1243.7
1167940 1239.0
1167950 1235.1
1167960 1235.1
1167970 1231.7
1167980 1227.9
1167990 1227.9
1168000 1221.7
1168010 1206.8
1168020 1206.8
1168030 1201.3
1168040 1195.2
1168050 1189.8
1168060 1189.8
1168070 1185.5
1168080 1184.6
1168090 1184.6
1168100 1183.9
1168110 1181.9
1168120 1181.9
1168130 1178.5
1168140 1174.6
1168150 1174.6
1168160 1170.7
1168170 1166.6
1168180 1166.6
1168190 1163.1
1168200 1159.8
1168210 1159.8
1168220 1155.4
1168230 1150.8
1168240 1147.1
1168250 1147.1
1168260 1143.5
1168270 1136.9
1168280 1136.9
1168290 1129.1
1168300 1120.3
1168310 1120.3
1168320 1112.3
1168330 1106.1
1168340 1106.1
1168350 1099.8
1168360 1093.6
1168370 1093.6
1168380 1088.1
1168390 1082.6
1168400 1082.6
1168410 1070.9
1168420 1065.4
1168430 1065.4
1168440 1059.9
1168450 1054.0
1168460 1047.1
1168470 1047.1
1168480 1041.4
1168490 1035.9
1168500 1035.9
1168510 1030.5
1168520 1025.1
1168530 1025.1
1168540 1020.8
1168550 1016.7
1168560 1016.7
1168570 1013.1
1168580 1010.3
1168590 1010.3
1168600 1008.1
1168610 1006.6
1168620 1006.6
1168630 1005.3
1168640 1003.3
1168650 1002.1
1168660 1002.1
1168670 1001.5
1168680 1000.5
1168690 1000.5
1168700 998.2
1168710 996.2
1168720 996.2
1168730 993.6
1168740 990.5
1168750 990.5
1168760 988.1
1168770 986.1
1168780 986.1
1168790 984.6
1168800 985.1
1168810 984.6
1168820 982.7
1168830 982.1
1168840 979.7
1168850 979.7
1168860 977.4
1168870 977.1
1168880 977.1
1168890 977.1
1168900 977.1
1168910 977.1
1168920 977.0
1168930 977.0
1168940 977.0
1168950 977.1
1168960 977.2
1168970 977.2
1168980 978.6
1168990 980.2
1169000 980.2
1169010 982.3
1169020 984.3
1169030 984.3
1169040 987.1
1169050 988.9
1169060 990.0
1169070 990.0
1169080 990.6
1169090 991.1
1169100 991.1
1169110 992.0
1169120 993.2
1169130 993.2
1169140 994.4
1169150 995.9
1169160 995.9
1169170 997.1
1169180 998.9
1169190 998.9
1169200 1001.6
1169210 1007.4
1169220 1007.4
1169230 1009.9
1169240 1013.6
1169250 1017.3
1169260 1017.3
1169270 1021.8
1169280 1026.8
1169290 1026.8
1169300 1031.6
1169310 1036.9
1169320 1036.9
1169330 1042.1
1169340 1045.4
1169350 1045.4
1169360 1048.9
1169370 1057.0
1169380 1057.0
1169390 1061.4
1169400 1059.5
1169410 1059.5
1169420 1052.6
1169430 1062.1
1169440 1069.2
1169450 1069.2
1169460 1075.5
1169470 1080.7
1169480 1080.7
1169490 1084.9
1169500 1089.8
1169510 1089.8
1169520 1095.9
1169530 1103.3
1169540 1103.3
1169550 1110.1
1169560 1115.5
1169570 1115.5
1169580 1121.3
1169590 1147.9
1169600 1147.9
1169610 1184.1
1169620 1215.6
1169630 1215.6
1169640 1226.0
1169650 1232.7
1169660 1235.8
1169670 1235.8
1169680 1270.2
1169690 1289.1
1169700 1289.1
1169710 1296.8
1169720 1302.3
1169730 1302.3
1169740 1306.9
1169750 1311.4
1169760 1311.4
1169770 1315.9
1169780 1321.6
1169790 1321.6
1169800 1328.9
1169810 1336.7
1169820 1336.7
1169830 1343.9
1169840 1350.7
1169850 1356.8
1169860 1356.8
1169870 1362.4
1169880 1368.3
1169890 1368.3
1169900 1374.7
1169910 1379.5
1169920 1379.5
1169930 1382.4
1169940 1387.1
1169950 1387.1
1169960 1394.6
1169970 1403.6
1169980 1403.6
1169990 1414.5
1170000 1424.0
1170010 1424.0
1170020 1454.3
1170030 1463.6
1170040 1468.7
1170050 1468.7
1170060 1472.8
1170070 1480.3
1170080 1480.3
1170090 1490.3
1170100 1506.4
1170110 1506.4
1170120 1516.5
1170130 1516.2
1170140 1516.2
1170150 1505.4
1170160 1500.5
1170170 1500.5
1170180 1500.8
1170190 1501.4
1170200 1501.4
1170210 1506.9
1170220 1513.8
1170230 1513.8
1170240 1519.4
1170250 1524.9
1170260 1536.0
1170270 1536.0
1170280 1542.5
1170290 1545.8
1170300 1545.8
1170310 1557.1
1170320 1569.9
1170330 1569.9
1170340 1581.4
1170350 1586.8
1170360 1586.8
1170370 1587.1
1170380 1598.7
1170390 1598.7
1170400 1596.4
1170410 1588.5
1170420 1598.5
1170430 1596.4
1170440 1601.4
1170450 1610.2
1170460 1610.2
1170470 1612.3
1170480 1612.1
1170490 1612.1
1170500 1613.7
1170510 1613.8
1170520 1613.8
1170530 1618.6
1170540 1620.9
1170550 1620.9
1170560 1625.5
1170570 1634.5
1170580 1634.5
1170590 1644.3
1170600 1651.1
1170610 1651.1
1170620 1652.3
1170630 1656.3
1170640 1656.3
1170650 1666.6
1170660 1674.7
1170670 1684.6
1170680 1684.6
1170690 1692.2
1170700 1699.5
1170710 1699.5
1170720 1711.0
1170730 1723.6
1170740 1723.6
1170750 1740.1
1170760 1774.5
1170770 1774.5
1170780 1799.6
1170790 1807.2
1170800 1807.2
1170810 1811.8
1170820 1810.7
1170830 1810.7
1170840 1817.7
1170850 1825.2
1170860 1833.8
1170870 1833.8
1170880 1843.2
1170890 1851.0
1170900 1851.0
1170910 1858.3
1170920 1864.4
1170930 1864.4
1170940 1870.1
1170950 1875.0
1170960 1875.0
1170970 1878.9
1170980 1881.6
1170990 1881.6
1171000 1883.7
1171010 1885.4
1171020 1885.4
1171030 1887.7
1171040 1890.6
1171050 1893.5
1171060 1893.5
1171070 1897.1
1171080 1901.4
1171090 1901.4
1171100 1906.7
1171110 1912.7
1171120 1912.7
1171130 1918.6
1171140 1925.7
1171150 1925.7
1171160 1933.8
1171170 1941.9
1171180 1941.9
1171190 1950.7
1171200 1960.2
1171210 1960.2
1171220 1968.3
1171230 1972.4
1171240 1972.4
1171250 1981.0
1171260 1991.1
1171270 1999.7
1171280 1999.7
1171290 2005.6
1171300 2009.5
1171310 2009.5
1171320 2012.6
1171330 2015.8
1171340 2015.8
1171350 2018.8
1171360 2021.1
1171370 2021.1
1171380 2022.9
1171390 2024.5
1171400 2024.5
1171410 2026.2
1171420 2028.9
1171430 2028.9
1171440 2031.5
1171450 2034.8
1171460 2038.3
1171470 2038.3
1171480 2042.7
1171490 2046.3
1171500 2046.3
1171510 2048.8
1171520 2048.9
1171530 2048.9
1171540 2048.1
1171550 2046.5
1171560 2046.5
1171570 2045.9
1171580 2046.5
1171590 2046.5
1171600 2047.3
1171610 2048.7
1171620 2048.7
1171630 2053.6
1171640 2054.1
1171650 2053.7
1171660 2053.7
1171670 2052.0
1171680 2050.1
1171690 2050.1
1171700 2048.0
1171710 2046.4
1171720 2046.4
1171730 2045.6
1171740 2044.6
1171750 2044.6
1171760 2044.1
1171770 2043.8
1171780 2043.8
1171790 2042.8
1171800 2041.8
1171810 2041.8
1171820 2041.0
1171830 2040.4
1171840 2040.4
1171850 2040.2
1171860 2039.7
1171870 2039.3
1171880 2039.3
1171890 2038.7
1171900 2037.8
1171910 2037.8
1171920 2036.3
1171930 2034.0
1171940 2034.0
1171950 2031.5
1171960 2029.2
1171970 2029.2
1171980 2027.0
1171990 2024.0
1172000 2024.0
1172010 2020.8
1172020 2019.6
1172030 2024.7
1172040 2023.1
1172050 2022.1
1172060 2022.0
1172070 2022.0
1172080 2022.2
1172090 2020.9
1172100 2020.9
1172110 2018.7
1172120 2016.0
1172130 2016.0
1172140 2011.9
1172150 2006.3
1172160 2006.3
1172170 1999.8
1172180 1993.8
1172190 1993.8
1172200 1987.6
1172210 1981.1
1172220 1981.1
1172230 1975.3
1172240 1969.9
1172250 1964.0
1172260 1964.0
1172270 1960.0
1172280 1959.7
1172290 1959.7
1172300 1960.5
1172310 1961.2
1172320 1961.2
1172330 1962.1
1172340 1962.1
1172350 1962.1
1172360 1960.3
1172370 1957.2
1172380 1957.2
1172390 1952.7
1172400 1947.7
1172410 1947.7
1172420 1944.3
1172430 1941.5
1172440 1948.5
1172450 1945.2
1172460 1942.2
1172470 1940.2
1172480 1940.2
1172490 1938.3
1172500 1936.7
1172510 1936.7
1172520 1935.4
1172530 1933.7
1172540 1933.7
1172550 1930.6
1172560 1925.1
1172570 1925.1
1172580 1921.7
1172590 1920.3
1172600 1920.3
1172610 1924.3
1172620 1930.6
1172630 1930.6
1172640 1937.7
1172650 1945.5
1172660 1952.8
1172670 1952.8
1172680 1958.7
1172690 1965.1
1172700 1965.1
1172710 1971.7
1172720 1979.7
1172730 1979.7
1172740 1989.0
1172750 2004.2
1172760 2004.2
1172770 2016.6
1172780 2026.4
1172790 2026.4
1172800 2037.0
1172810 2049.4
1172820 2049.4
1172830 2066.1
1172840 2089.6
1172850 2098.3
1172860 2098.3
1172870 2104.2
1172880 2110.1
1172890 2110.1
1172900 2115.4
1172910 2124.8
1172920 2124.8
1172930 2140.0
1172940 2144.7
1172950 2144.7
1172960 2146.5
1172970 2149.6
1172980 2149.6
1172990 2153.2
1173000 2158.0
1173010 2158.0
1173020 2163.2
1173030 2167.5
1173040 2167.5
1173050 2172.1
1173060 2177.3
1173070 2182.7
1173080 2182.7
1173090 2188.5
1173100 2194.4
1173110 2194.4
1173120 2200.5
1173130 2206.7
1173140 2206.7
1173150 2213.4
1173160 2220.8
1173170 2220.8
1173180 2228.7
1173190 2235.8
1173200 2235.8
1173210 2243.4
1173220 2251.2
1173230 2251.2
1173240 2257.8
1173250 2268.0
1173260 2274.9
1173270 2274.9
1173280 2281.3
1173290 2286.5
1173300 2286.5
1173310 2293.3
1173320 2299.9
1173330 2299.9
1173340 2306.1
1173350 2311.3
1173360 2311.3
1173370 2319.2
1173380 2327.8
1173390 2327.8
1173400 2335.6
1173410 2343.6
1173420 2343.6
1173430 2351.8
1173440 2359.6
1173450 2368.1
1173460 2368.1
1173470 2379.0
1173480 2388.7
1173490 2388.7
1173500 2397.5
1173510 2410.7
1173520 2410.7
1173530 2421.3
1173540 2425.0
1173550 2425.0
1173560 2430.9
1173570 2435.6
1173580 2435.6
1173590 2439.8
1173600 2444.1
1173610 2444.1
1173620 2447.8
1173630 2450.3
1173640 2450.3
1173650 2451.6
1173660 2447.1
1173670 2447.1
1173680 2447.1
1173690 2446.2
1173700 2445.4
1173710 2445.4
1173720 2444.3
1173730 2443.1
1173740 2443.1
1173750 2442.6
1173760 2443.1
1173770 2443.1
1173780 2443.3
1173790 2441.9
1173800 2441.9
1173810 2439.3
1173820 2436.2
1173830 2436.2
1173840 2432.7
1173850 2429.2
1173860 2424.9
1173870 2424.9
1173880 2419.9
1173890 2413.7
1173900 2413.7
1173910 2407.7
1173920 2402.6
1173930 2402.6
1173940 2398.1
1173950 2393.5
1173960 2393.5
1173970 2389.5
1173980 2386.7
1173990 2386.7
1174000 2386.7
1174010 2389.2
1174020 2389.2
1174030 2390.9
1174040 2394.8
1174050 2399.9
1174060 2393.3
1174070 2391.4
1174080 2389.7
1174090 2389.7
1174100 2388.2
1174110 2386.8
1174120 2386.8
1174130 2384.9
1174140 2382.7
1174150 2382.7
1174160 2380.5
1174170 2378.0
1174180 2378.0
1174190 2375.6
1174200 2372.7
1174210 2372.7
1174220 2370.5
1174230 2368.3
1174240 2368.3
1174250 2365.9
1174260 2363.8
1174270 2361.5
1174280 2361.5
1174290 2359.1
1174300 2355.4
1174310 2355.4
1174320 2352.7
1174330 2351.3
1174340 2351.3
1174350 2349.9
1174360 2347.6
1174370 2347.6
1174380 2345.1
1174390 2341.6
1174400 2341.6
1174410 2339.9
1174420 2338.5
1174430 2338.5
1174440 2335.7
1174450 2331.0
1174460 2327.8
1174470 2329.4
1174480 2326.4
1174490 2322.2
1174500 2322.2
1174510 2319.1
1174520 2316.0
1174530 2316.0
1174540 2309.9
1174550 2302.2
1174560 2302.2
1174570 2292.5
1174580 2282.6
1174590 2282.6
1174600 2273.1
1174610 2262.8
1174620 2262.8
1174630 2251.8
1174640 2242.5
1174650 2235.3
1174660 2235.3
1174670 2230.3
1174680 2229.1
1174690 2229.1
1174700 2227.7
1174710 2231.1
1174720 2231.1
1174730 2226.4
1174740 2220.1
1174750 2220.1
1174760 2215.7
1174770 2212.2
1174780 2212.2
1174790 2206.9
1174800 2199.5
1174810 2199.5
1174820 2191.3
1174830 2182.9
1174840 2182.9
1174850 2174.0
1174860 2164.6
1174870 2154.6
1174880 2158.0
1174890 2150.0
1174900 2143.1
1174910 2143.1
1174920 2139.8
1174930 2139.9
1174940 2139.9
1174950 2140.9
1174960 2140.1
1174970 2140.1
1174980 2147.7
1174990 2148.6
1175000 2148.6
1175010 2139.4
1175020 2125.9
1175030 2125.9
1175040 2114.5
1175050 2107.2
1175060 2100.7
1175070 2100.7
1175080 2096.1
1175090 2088.0
1175100 2088.0
1175110 2080.3
1175120 2072.9
1175130 2072.9
1175140 2067.2
1175150 2066.5
1175160 2066.5
1175170 2062.6
1175180 2060.5
1175190 2060.5
1175200 2058.8
1175210 2053.9
1175220 2053.9
1175230 2050.7
1175240 2051.2
1175250 2052.3
1175260 2052.3
1175270 2049.1
1175280 2044.8
1175290 2049.5
1175300 2043.1
1175310 2037.8
1175320 2037.8
1175330 2032.2
1175340 2027.4
1175350 2027.4
1175360 2023.2
1175370 2020.6
1175380 2020.6
1175390 2020.9
1175400 2024.6
1175410 2024.6
1175420 2025.1
1175430 2019.8
1175440 2019.8
1175450 2012.6
1175460 2005.3
1175470 1997.8
1175480 1997.8
1175490 1990.5
1175500 1983.4
1175510 1983.4
1175520 1976.9
1175530 1972.3
1175540 1972.3
1175550 1969.3
1175560 1970.9
1175570 1970.9
1175580 1972.9
1175590 1973.5
1175600 1973.5
1175610 1978.3
1175620 1979.0
1175630 1979.0
1175640 1974.5
1175650 1969.1
1175660 1962.5
1175670 1962.5
1175680 1956.2
1175690 1949.9
1175700 1955.7
1175710 1951.0
1175720 1948.5
1175730 1948.5
1175740 1945.8
1175750 1942.1
1175760 1942.1
1175770 1937.7
1175780 1932.9
1175790 1932.9
1175800 1927.8
1175810 1922.5
1175820 1922.5
1175830 1917.2
1175840 1912.1
1175850 1907.5
1175860 1907.5
1175870 1903.6
1175880 1899.5
1175890 1899.5
1175900 1894.8
1175910 1889.2
1175920 1889.2
1175930 1883.9
1175940 1878.5
1175950 1878.5
1175960 1873.2
1175970 1868.5
1175980 1868.5
1175990 1863.4
1176000 1857.9
1176010 1857.9
1176020 1852.2
1176030 1846.1
1176040 1846.1
1176050 1840.6
1176060 1834.4
1176070 1828.5
1176080 1828.5
1176090 1822.7
1176100 1816.9
1176110 1820.3
1176120 1813.8
1176130 1807.7
1176140 1807.7
1176150 1801.3
1176160 1794.0
1176170 1794.0
1176180 1785.4
1176190 1776.5
1176200 1776.5
1176210 1768.8
1176220 1760.0
1176230 1760.0
1176240 1750.0
1176250 1741.5
1176260 1734.0
1176270 1734.0
1176280 1727.0
1176290 1720.0
1176300 1720.0
1176310 1713.5
1176320 1706.6
1176330 1706.6
1176340 1699.8
1176350 1693.1
1176360 1693.1
1176370 1686.5
1176380 1679.8
1176390 1679.8
1176400 1674.1
1176410 1668.9
1176420 1668.9
1176430 1662.2
1176440 1656.1
1176450 1650.3
1176460 1650.3
1176470 1644.2
1176480 1637.9
1176490 1637.9
1176500 1631.4
1176510 1624.6
1176520 1627.7
1176530 1620.3
1176540 1612.7
1176550 1612.7
1176560 1604.7
1176570 1597.0
1176580 1597.0
1176590 1590.8
1176600 1585.8
1176610 1585.8
1176620 1582.3
1176630 1580.0
1176640 1580.0
1176650 1577.4
1176660 1575.9
1176670 1575.4
1176680 1575.4
1176690 1574.2
1176700 1572.4
1176710 1572.4
1176720 1569.6
1176730 1567.3
1176740 1567.3
1176750 1564.4
1176760 1561.9
1176770 1561.9
1176780 1557.2
1176790 1549.4
1176800 1549.4
1176810 1541.3
1176820 1533.2
1176830 1533.2
1176840 1526.7
1176850 1521.2
1176860 1515.3
1176870 1515.3
1176880 1510.1
1176890 1505.6
1176900 1505.6
1176910 1501.6
1176920 1497.0
1176930 1499.7
1176940 1494.7
1176950 1491.3
1176960 1491.3
1176970 1487.4
1176980 1483.3
1176990 1483.3
1177000 1478.3
1177010 1471.9
1177020 1471.9
1177030 1465.4
1177040 1456.4
1177050 1454.5
1177060 1454.5
1177070 1460.1
1177080 1467.9
1177090 1467.9
1177100 1474.2
1177110 1473.8
1177120 1473.8
1177130 1472.8
1177140 1472.7
1177150 1472.7
1177160 1474.2
1177170 1478.0
1177180 1478.0
1177190 1483.0
1177200 1487.8
1177210 1487.8
1177220 1492.8
1177230 1498.5
1177240 1498.5
1177250 1504.2
1177260 1507.1
1177270 1506.9
1177280 1506.9
1177290 1503.5
1177300 1498.5
1177310 1498.5
1177320 1492.9
1177330 1487.2
1177340 1487.9
1177350 1481.8
1177360 1477.3
1177370 1477.3
1177380 1473.1
1177390 1467.6
1177400 1467.6
1177410 1460.7
1177420 1454.6
1177430 1454.6
1177440 1450.3
1177450 1443.9
1177460 1436.6
1177470 1436.6
1177480 1429.5
1177490 1424.6
1177500 1424.6
1177510 1425.0
1177520 1427.1
1177530 1427.1
1177540 1429.7
1177550 1432.2
1177560 1432.2
1177570 1433.5
1177580 1435.2
1177590 1435.2
1177600 1437.5
1177610 1439.8
1177620 1439.8
1177630 1442.6
1177640 1444.0
1177650 1445.1
1177660 1445.1
1177670 1448.0
1177680 1454.8
1177690 1454.8
1177700 1461.3
1177710 1467.6
1177720 1467.6
1177730 1474.0
1177740 1480.9
1177750 1481.8
1177760 1489.0
1177770 1495.8
1177780 1495.8
1177790 1501.8
1177800 1506.3
1177810 1506.3
1177820 1506.4
1177830 1503.9
1177840 1503.9
1177850 1502.0
1177860 1503.9
1177870 1510.1
1177880 1510.1
1177890 1517.2
1177900 1523.3
1177910 1523.3
1177920 1528.8
1177930 1534.9
1177940 1534.9
1177950 1541.6
1177960 1548.7
1177970 1548.7
1177980 1555.3
1177990 1560.1
1178000 1560.1
1178010 1563.2
1178020 1566.9
1178030 1566.9
1178040 1572.1
1178050 1578.6
1178060 1584.2
1178070 1584.2
1178080 1587.5
1178090 1589.8
1178100 1589.8
1178110 1591.8
1178120 1594.6
1178130 1594.6
1178140 1598.9
1178150 1601.2
1178160 1601.2
1178170 1596.4
1178180 1601.9
1178190 1601.9
1178200 1606.8
1178210 1612.1
1178220 1612.1
1178230 1617.0
1178240 1621.5
1178250 1621.5
1178260 1627.1
1178270 1633.1
1178280 1635.3
1178290 1635.3
1178300 1636.5
1178310 1638.6
1178320 1638.6
1178330 1641.2
1178340 1643.8
1178350 1643.8
1178360 1646.8
1178370 1650.0
1178380 1650.0
1178390 1653.3
1178400 1656.4
1178410 1656.4
1178420 1659.5
1178430 1663.4
1178440 1663.4
1178450 1667.5
1178460 1671.3
1178470 1674.6
1178480 1674.6
1178490 1678.0
1178500 1682.0
1178510 1682.0
1178520 1686.0
1178530 1690.0
1178540 1690.0
1178550 1694.4
1178560 1698.5
1178570 1698.5
1178580 1698.3
1178590 1701.3
1178600 1701.3
1178610 1704.3
1178620 1708.2
1178630 1708.2
1178640 1712.0
1178650 1715.4
1178660 1718.8
1178670 1718.8
1178680 1722.4
1178690 1726.4
1178700 1726.4
1178710 1730.4
1178720 1734.2
1178730 1734.2
1178740 1738.0
1178750 1741.8
1178760 1741.8
1178770 1745.4
1178780 1748.8
1178790 1748.8
1178800 1752.6
1178810 1755.5
1178820 1755.5
1178830 1758.1
1178840 1761.7
1178850 1761.7
1178860 1765.3
1178870 1768.6
1178880 1772.0
1178890 1772.0
1178900 1774.9
1178910 1777.9
1178920 1777.9
1178930 1781.3
1178940 1784.5
1178950 1784.5
1178960 1788.2
1178970 1791.7
1178980 1791.7
1178990 1789.2
1179000 1792.3
1179010 1792.3
1179020 1795.9
1179030 1799.7
1179040 1799.7
1179050 1804.3
1179060 1809.2
1179070 1813.9
1179080 1813.9
1179090 1818.5
1179100 1821.6
1179110 1821.6
1179120 1823.4
1179130 1824.6
1179140 1824.6
1179150 1825.8
1179160 1827.3
1179170 1827.3
1179180 1828.0
1179190 1827.7
1179200 1827.7
1179210 1827.4
1179220 1827.8
1179230 1827.8
1179240 1828.3
1179250 1829.0
1179260 1829.4
1179270 1829.4
1179280 1830.0
1179290 1830.8
1179300 1830.8
1179310 1832.0
1179320 1833.8
1179330 1833.8
1179340 1832.5
1179350 1827.7
1179360 1827.7
1179370 1823.5
1179380 1818.3
1179390 1818.3
1179400 1814.0
1179410 1802.1
1179420 1802.1
1179430 1798.5
1179440 1794.3
1179450 1794.3
1179460 1790.5
1179470 1788.2
1179480 1786.8
1179490 1786.8
1179500 1785.1
1179510 1781.6
1179520 1781.6
1179530 1778.7
1179540 1781.6
1179550 1781.6
1179560 1788.3
1179570 1794.7
1179580 1794.7
1179590 1801.9
1179600 1809.2
1179610 1809.2
1179620 1816.7
1179630 1824.9
1179640 1824.9
1179650 1832.6
1179660 1840.2
1179670 1846.3
1179680 1846.3
1179690 1851.0
1179700 1855.4
1179710 1855.4
1179720 1861.5
1179730 1867.5
1179740 1867.5
1179750 1872.7
1179760 1876.9
1179770 1876.9
1179780 1881.4
1179790 1886.5
1179800 1886.5
1179810 1892.5
1179820 1901.7
1179830 1901.7
1179840 1908.6
1179850 1915.7
1179860 1920.7
1179870 1920.7
1179880 1926.7
1179890 1933.1
1179900 1933.1
1179910 1939.6
1179920 1945.9
1179930 1945.9
1179940 1952.2
1179950 1958.0
1179960 1958.0
1179970 1963.4
1179980 1969.2
1179990 1969.2
