1165110 1535.5
1165120 1539.9
1165130 1539.9
1165140 1545.7
1165150 1553.5
1165160 1553.5
1165170 1561.2
1165180 1566.0
1165190 1566.0
1165200 1570.2
1165210 1572.5
1165220 1572.5
1165230 1572.2
1165240 1577.4
1165250 1577.4
1165260 1582.8
1165270 1581.8
1165280 1579.5
1165290 1579.5
1165300 1574.4
1165310 1570.6
1165320 1570.6
1165330 1568.0
1165340 1567.6
1165350 1567.6
1165360 1568.5
1165370 1566.9
1165380 1566.9
1165390 1563.1
1165400 1562.2
1165410 1562.2
1165420 1562.1
1165430 1559.8
1165440 1559.8
1165450 1569.2
1165460 1566.4
1165470 1566.4
1165480 1561.9
1165490 1556.9
1165500 1552.2
1165510 1552.2
1165520 1547.5
1165530 1542.2
1165540 1542.2
1165550 1536.1
1165560 1529.0
1165570 1529.0
1165580 1522.3
1165590 1514.8
1165600 1514.8
1165610 1507.4
1165620 1501.0
1165630 1501.0
1165640 1496.9
1165650 1494.9
1165660 1494.9
1165670 1495.5
1165680 1496.2
1165690 1495.2
1165700 1495.2
1165710 1478.5
1165720 1459.7
1165730 1459.7
1165740 1450.5
1165750 1444.7
1165760 1444.7
1165770 1437.5
1165780 1429.7
1165790 1429.7
1165800 1424.4
1165810 1417.5
1165820 1417.5
1165830 1409.1
1165840 1403.0
1165850 1411.2
1165860 1405.5
1165870 1399.9
1165880 1394.4
1165890 1394.4
1165900 1387.8
1165910 1382.1
1165920 1382.1
1165930 1375.9
1165940 1368.6
1165950 1368.6
1165960 1361.6
1165970 1354.9
1165980 1354.9
1165990 1349.7
1166000 1344.8
1166010 1344.8
1166020 1338.8
1166030 1331.9
1166040 1331.9
1166050 1318.5
1166060 1291.2
1166070 1291.2
1166080 1279.2
1166090 1268.1
1166100 1257.9
1166110 1257.9
1166120 1248.4
1166130 1239.7
1166140 1239.7
1166150 1233.8
1166160 1237.2
1166170 1237.2
1166180 1221.5
1166190 1187.1
1166200 1187.1
1166210 1167.4
1166220 1168.1
1166230 1168.1
1166240 1192.0
1166250 1179.7
1166260 1179.7
1166270 1172.1
1166280 1161.5
1166290 1158.2
1166300 1158.2
1166310 1150.4
1166320 1138.9
1166330 1138.9
1166340 1135.3
1166350 1169.8
1166360 1169.8
1166370 1196.6
1166380 1199.7
1166390 1199.7
1166400 1202.0
1166410 1204.2
1166420 1204.2
1166430 1211.0
1166440 1217.7
1166450 1217.7
1166460 1222.3
1166470 1221.0
1166480 1216.8
1166490 1216.8
1166500 1212.5
1166510 1208.6
1166520 1208.6
1166530 1205.2
1166540 1200.9
1166550 1200.9
1166560 1195.0
1166570 1191.6
1166580 1191.6
1166590 1189.0
1166600 1184.5
1166610 1184.5
1166620 1187.0
1166630 1191.5
1166640 1182.0
1166650 1182.5
1166660 1180.4
1166670 1180.4
1166680 1177.4
1166690 1173.9
1166700 1170.1
1166710 1170.1
1166720 1173.6
1166730 1175.9
1166740 1175.9
1166750 1181.3
1166760 1181.9
1166770 1181.9
1166780 1178.9
1166790 1179.9
1166800 1179.9
1166810 1184.7
1166820 1191.6
1166830 1191.6
1166840 1199.5
1166850 1208.3
1166860 1208.3
1166870 1214.5
1166880 1219.8
1166890 1223.4
1166900 1223.4
1166910 1227.1
1166920 1233.3
1166930 1233.3
1166940 1238.2
1166950 1243.6
1166960 1243.6
1166970 1251.6
1166980 1264.4
1166990 1264.4
1167000 1275.0
1167010 1278.8
1167020 1278.8
1167030 1284.2
1167040 1283.6
1167050 1283.6
1167060 1292.3
1167070 1294.0
1167080 1293.3
1167090 1293.3
1167100 1292.0
1167110 1289.8
1167120 1289.8
1167130 1287.6
1167140 1285.4
1167150 1285.4
1167160 1282.0
1167170 1277.7
1167180 1277.7
1167190 1273.8
1167200 1270.5
1167210 1270.5
1167220 1267.1
1167230 1262.5
1167240 1262.5
1167250 1258.3
1167260 1255.3
1167270 1255.3
1167280 1255.7
1167290 1260.4
1167300 1263.9
1167310 1263.9
1167320 1261.4
1167330 1258.7
1167340 1258.7
1167350 1259.9
1167360 1269.4
1167370 1269.4
1167380 1272.4
1167390 1276.7
1167400 1276.7
1167410 1290.0
1167420 1290.9
1167430 1290.9
1167440 1290.7
1167450 1291.9
1167460 1291.9
1167470 1293.6
1167480 1292.0
1167490 1285.4
1167500 1285.4
1167510 1280.4
1167520 1278.1
1167530 1278.1
1167540 1272.1
1167550 1265.9
1167560 1265.9
1167570 1260.7
1167580 1256.4
1167590 1256.4
1167600 1251.5
1167610 1247.6
1167620 1247.6
1167630 1245.1
1167640 1241.4
1167650 1241.4
1167660 1239.3
1167670 1237.4
1167680 1237.4
1167690 1235.1
1167700 1231.6
1167710 1226.8
1167720 1226.8
1167730 1221.9
1167740 1216.7
1167750 1216.7
1167760 1211.2
1167770 1206.0
1167780 1206.0
1167790 1202.1
1167800 1199.3
1167810 1199.3
1167820 1194.8
1167830 1189.0
1167840 1190.4
1167850 1184.0
1167860 1173.8
1167870 1173.8
1167880 1166.9
1167890 1161.4
1167900 1156.0
1167910 1156.0
1167920 1150.9
1167930 1145.9
1167940 1145.9
1167950 1141.3
1167960 1137.0
1167970 1137.0
1167980 1133.9
1167990 1132.0
1168000 1132.0
1168010 1130.2
1168020 1127.5
1168030 1127.5
1168040 1122.3
1168050 1117.8
1168060 1117.8
1168070 1112.5
1168080 1105.6
1168090 1099.1
1168100 1099.1
1168110 1092.5
1168120 1086.2
1168130 1086.2
1168140 1080.4
1168150 1075.5
1168160 1075.5
1168170 1071.1
1168180 1067.0
1168190 1067.0
1168200 1062.5
1168210 1058.5
1168220 1058.5
1168230 1054.5
1168240 1046.4
1168250 1046.4
1168260 1042.3
1168270 1038.4
1168280 1038.4
1168290 1035.1
1168300 1031.3
1168310 1026.5
1168320 1026.5
1168330 1021.0
1168340 1016.4
1168350 1016.4
1168360 1012.3
1168370 1007.7
1168380 1007.7
1168390 1004.3
1168400 1000.4
1168410 1000.4
1168420 995.4
1168430 991.1
1168440 991.1
1168450 986.7
1168460 983.9
1168470 983.9
1168480 981.2
1168490 979.4
1168500 978.9
1168510 978.9
1168520 978.8
1168530 978.7
1168540 978.7
1168550 978.6
1168560 978.5
1168570 978.5
1168580 978.5
1168590 978.4
1168600 978.4
1168610 978.4
1168620 978.4
1168630 978.4
1168640 978.3
1168650 978.3
1168660 978.3
1168670 978.4
1168680 979.1
1168690 981.3
1168700 981.3
1168710 985.0
1168720 990.1
1168730 990.1
1168740 996.1
1168750 1001.5
1168760 1001.5
1168770 1004.5
1168780 1007.0
1168790 1007.0
1168800 1009.3
1168810 1012.6
1168820 1012.6
1168830 1016.9
1168840 1022.3
1168850 1022.3
1168860 1028.5
1168870 1034.9
1168880 1034.9
1168890 1041.4
1168900 1047.6
1168910 1053.8
1168920 1053.8
1168930 1059.3
1168940 1061.8
1168950 1061.8
1168960 1065.5
1168970 1070.1
1168980 1070.1
1168990 1073.1
1169000 1085.9
1169010 1085.9
1169020 1106.7
1169030 1128.1
1169040 1140.8
1169050 1182.0
1169060 1195.2
1169070 1195.2
1169080 1196.0
1169090 1187.1
1169100 1179.8
1169110 1179.8
1169120 1183.8
1169130 1187.0
1169140 1187.0
1169150 1193.9
1169160 1202.5
1169170 1202.5
1169180 1215.4
1169190 1232.4
1169200 1232.4
1169210 1249.6
1169220 1260.2
1169230 1260.2
1169240 1267.5
1169250 1273.3
1169260 1273.3
1169270 1275.6
1169280 1277.2
1169290 1279.3
1169300 1279.3
1169310 1280.7
1169320 1280.9
1169330 1280.9
1169340 1278.7
1169350 1283.4
1169360 1283.4
1169370 1286.0
1169380 1287.0
1169390 1287.0
1169400 1287.1
1169410 1289.6
1169420 1289.6
1169430 1290.9
1169440 1303.4
1169450 1303.4
1169460 1307.6
1169470 1310.6
1169480 1310.6
1169490 1309.1
1169500 1305.8
1169510 1301.5
1169520 1301.5
1169530 1297.7
1169540 1293.9
1169550 1293.9
1169560 1297.7
1169570 1307.9
1169580 1307.9
1169590 1313.7
1169600 1312.9
1169610 1312.9
1169620 1313.8
1169630 1316.6
1169640 1316.6
1169650 1322.2
1169660 1329.4
1169670 1329.4
1169680 1335.3
1169690 1338.4
1169700 1337.6
1169710 1337.6
1169720 1334.9
1169730 1335.4
1169740 1335.4
1169750 1336.3
1169760 1338.3
1169770 1338.3
1169780 1333.6
1169790 1326.5
1169800 1326.5
1169810 1325.4
1169820 1330.1
1169830 1330.1
1169840 1342.1
1169850 1333.5
1169860 1333.5
1169870 1343.3
1169880 1346.8
1169890 1344.7
1169900 1344.7
1169910 1340.9
1169920 1339.3
1169930 1339.3
1169940 1347.9
1169950 1361.7
1169960 1361.7
1169970 1370.2
1169980 1379.1
1169990 1379.1
1170000 1386.8
1170010 1392.0
1170020 1392.0
1170030 1397.1
1170040 1402.1
1170050 1402.1
1170060 1406.9
1170070 1413.7
1170080 1413.7
1170090 1420.3
1170100 1423.9
1170110 1427.0
1170120 1427.0
1170130 1426.9
1170140 1426.3
1170150 1426.3
1170160 1427.8
1170170 1430.0
1170180 1430.0
1170190 1435.5
1170200 1441.1
1170210 1441.1
1170220 1442.5
1170230 1450.6
1170240 1450.6
1170250 1456.9
1170260 1463.9
1170270 1463.9
1170280 1469.2
1170290 1474.7
1170300 1480.0
1170310 1480.0
1170320 1485.2
1170330 1490.2
1170340 1490.2
1170350 1495.5
1170360 1500.3
1170370 1500.3
1170380 1505.6
1170390 1511.1
1170400 1511.1
1170410 1516.8
1170420 1524.1
1170430 1524.1
1170440 1532.1
1170450 1539.5
1170460 1539.5
1170470 1546.8
1170480 1554.4
1170490 1562.9
1170500 1562.9
1170510 1571.8
1170520 1581.8
1170530 1581.8
1170540 1591.6
1170550 1600.9
1170560 1600.9
1170570 1609.9
1170580 1618.7
1170590 1618.7
1170600 1627.8
1170610 1639.7
1170620 1639.7
1170630 1650.8
1170640 1662.1
1170650 1668.2
1170660 1682.4
1170670 1692.8
1170680 1692.8
1170690 1698.7
1170700 1699.1
1170710 1706.5
1170720 1706.5
1170730 1725.5
1170740 1742.7
1170750 1742.7
1170760 1766.8
1170770 1787.8
1170780 1787.8
1170790 1797.5
1170800 1806.8
1170810 1806.8
1170820 1817.6
1170830 1827.5
1170840 1827.5
1170850 1833.0
1170860 1838.7
1170870 1838.7
1170880 1843.3
1170890 1847.2
1170900 1852.5
1170910 1852.5
1170920 1855.3
1170930 1857.0
1170940 1857.0
1170950 1859.0
1170960 1861.9
1170970 1861.9
1170980 1865.1
1170990 1868.8
1171000 1868.8
1171010 1872.4
1171020 1876.1
1171030 1876.1
1171040 1880.3
1171050 1880.8
1171060 1880.8
1171070 1886.2
1171080 1891.5
1171090 1896.0
1171100 1896.0
1171110 1900.4
1171120 1905.3
1171130 1905.3
1171140 1910.4
1171150 1915.5
1171160 1915.5
1171170 1920.7
1171180 1925.9
1171190 1925.9
1171200 1930.9
1171210 1935.9
1171220 1935.9
1171230 1941.3
1171240 1947.3
1171250 1947.3
1171260 1953.5
1171270 1959.9
1171280 1959.9
1171290 1965.8
1171300 1971.4
1171310 1977.4
1171320 1977.4
1171330 1983.4
1171340 1989.1
1171350 1989.1
1171360 1994.9
1171370 2001.0
1171380 2001.0
1171390 2007.9
1171400 2014.9
1171410 2014.9
1171420 2022.2
1171430 2029.5
1171440 2029.5
1171450 2033.0
1171460 2035.8
1171470 2035.8
1171480 2039.8
1171490 2044.2
1171500 2049.0
1171510 2049.0
1171520 2054.5
1171530 2060.4
1171540 2060.4
1171550 2065.6
1171560 2072.0
1171570 2072.0
1171580 2079.5
1171590 2086.2
1171600 2086.2
1171610 2089.8
1171620 2089.9
1171630 2089.9
1171640 2089.5
1171650 2090.8
1171660 2090.8
1171670 2093.2
1171680 2096.5
1171690 2100.7
1171700 2100.7
1171710 2105.9
1171720 2111.6
1171730 2111.6
1171740 2117.0
1171750 2122.4
1171760 2122.4
1171770 2127.5
1171780 2130.5
1171790 2130.5
1171800 2133.4
1171810 2137.7
1171820 2137.7
1171830 2140.0
1171840 2141.3
1171850 2141.3
1171860 2145.7
1171870 2147.3
1171880 2147.3
1171890 2148.5
1171900 2149.3
1171910 2150.6
1171920 2150.6
1171930 2150.4
1171940 2150.4
1171950 2150.4
1171960 2150.4
1171970 2149.5
1171980 2149.5
1171990 2148.1
1172000 2145.7
1172010 2145.7
1172020 2143.1
1172030 2141.4
1172040 2141.4
1172050 2140.3
1172060 2139.4
1172070 2139.4
1172080 2138.7
1172090 2137.1
1172100 2135.6
1172110 2135.6
1172120 2135.3
1172130 2135.4
1172140 2135.4
1172150 2132.0
1172160 2128.0
1172170 2128.0
1172180 2126.0
1172190 2124.6
1172200 2124.6
1172210 2123.5
1172220 2122.4
1172230 2122.4
1172240 2122.9
1172250 2126.0
1172260 2131.1
1172270 2133.0
1172280 2133.4
1172290 2133.0
1172300 2133.0
1172310 2131.5
1172320 2128.7
1172330 2128.7
1172340 2124.6
1172350 2119.0
1172360 2119.0
1172370 2113.2
1172380 2108.3
1172390 2108.3
1172400 2104.5
1172410 2100.7
1172420 2100.7
1172430 2097.0
1172440 2093.4
1172450 2093.4
1172460 2089.8
1172470 2086.5
1172480 2086.5
1172490 2082.6
1172500 2078.3
1172510 2072.7
1172520 2072.7
1172530 2068.1
1172540 2068.7
1172550 2068.7
1172560 2068.7
1172570 2067.7
1172580 2067.7
1172590 2068.1
1172600 2065.1
1172610 2065.1
1172620 2062.1
1172630 2058.3
1172640 2058.3
1172650 2057.2
1172660 2056.3
1172670 2061.3
1172680 2061.2
1172690 2061.9
1172700 2063.0
1172710 2063.0
1172720 2063.6
1172730 2065.4
1172740 2065.4
1172750 2069.0
1172760 2073.0
1172770 2073.0
1172780 2075.4
1172790 2076.4
1172800 2076.4
1172810 2076.9
1172820 2074.4
1172830 2074.4
1172840 2072.0
1172850 2072.4
1172860 2072.4
1172870 2077.9
1172880 2083.9
1172890 2089.8
1172900 2089.8
1172910 2095.9
1172920 2101.3
1172930 2101.3
1172940 2106.9
1172950 2112.9
1172960 2112.9
1172970 2119.0
1172980 2124.9
1172990 2124.9
1173000 2130.7
1173010 2136.5
1173020 2136.5
1173030 2142.5
1173040 2149.5
1173050 2149.5
1173060 2156.1
1173070 2173.7
1173080 2173.7
1173090 2182.5
1173100 2191.5
1173110 2197.7
1173120 2197.7
1173130 2203.5
1173140 2207.5
1173150 2207.5
1173160 2215.4
1173170 2222.9
1173180 2222.9
1173190 2224.6
1173200 2230.8
1173210 2230.8
1173220 2240.4
1173230 2248.4
1173240 2248.4
1173250 2255.8
1173260 2263.8
1173270 2263.8
1173280 2272.0
1173290 2280.5
1173300 2288.9
1173310 2288.9
1173320 2298.2
1173330 2306.8
1173340 2306.8
1173350 2314.4
1173360 2321.6
1173370 2321.6
1173380 2328.4
1173390 2335.2
1173400 2335.2
1173410 2341.9
1173420 2348.8
1173430 2348.8
1173440 2356.3
1173450 2364.0
1173460 2364.0
1173470 2371.9
1173480 2380.6
1173490 2388.2
1173500 2388.2
1173510 2395.5
1173520 2402.4
1173530 2402.4
1173540 2408.7
1173550 2414.4
1173560 2414.4
1173570 2419.2
1173580 2424.4
1173590 2424.4
1173600 2428.4
1173610 2426.2
1173620 2426.2
1173630 2420.8
1173640 2415.8
1173650 2415.8
1173660 2410.6
1173670 2404.6
1173680 2404.6
1173690 2398.2
1173700 2391.8
1173710 2385.2
1173720 2385.2
1173730 2378.9
1173740 2373.2
1173750 2373.2
1173760 2367.8
1173770 2361.9
1173780 2361.9
1173790 2357.7
1173800 2353.7
1173810 2353.7
1173820 2349.7
1173830 2346.6
1173840 2346.6
1173850 2343.8
1173860 2340.7
1173870 2340.7
1173880 2337.6
1173890 2331.1
1173900 2327.5
1173910 2327.5
1173920 2323.9
1173930 2320.3
1173940 2320.3
1173950 2317.5
1173960 2315.2
1173970 2315.2
1173980 2312.3
1173990 2309.6
1174000 2309.6
1174010 2307.6
1174020 2303.8
1174030 2303.8
1174040 2299.0
1174050 2294.7
1174060 2294.7
1174070 2291.4
1174080 2288.1
1174090 2284.9
1174100 2284.9
1174110 2280.8
1174120 2276.5
1174130 2276.5
1174140 2272.8
1174150 2270.2
1174160 2270.2
1174170 2267.8
1174180 2264.6
1174190 2264.6
1174200 2260.6
1174210 2256.9
1174220 2256.9
1174230 2253.0
1174240 2249.1
1174250 2249.1
1174260 2245.1
1174270 2240.7
1174280 2240.7
1174290 2234.5
1174300 2230.6
1174310 2227.0
1174320 2227.0
1174330 2223.3
1174340 2220.0
1174350 2220.0
1174360 2216.8
1174370 2213.1
1174380 2213.1
1174390 2208.4
1174400 2204.2
1174410 2204.2
1174420 2200.6
1174430 2196.8
1174440 2196.8
1174450 2192.5
1174460 2188.0
1174470 2188.0
1174480 2183.9
1174490 2180.5
1174500 2176.6
1174510 2176.6
1174520 2172.4
1174530 2169.2
1174540 2169.2
1174550 2166.3
1174560 2163.3
1174570 2163.3
1174580 2161.0
1174590 2158.6
1174600 2158.6
1174610 2156.3
1174620 2154.0
1174630 2154.0
1174640 2152.5
1174650 2151.2
1174660 2151.2
1174670 2150.2
1174680 2148.8
1174690 2147.1
1174700 2141.9
1174710 2140.7
1174720 2139.3
1174730 2139.3
1174740 2136.6
1174750 2133.7
1174760 2133.7
1174770 2130.9
1174780 2128.3
1174790 2128.3
1174800 2125.9
1174810 2123.4
1174820 2123.4
1174830 2121.2
1174840 2119.2
1174850 2119.2
1174860 2116.7
1174870 2114.5
1174880 2114.5
1174890 2112.1
1174900 2109.5
1174910 2107.5
1174920 2107.5
1174930 2105.6
1174940 2103.7
1174950 2103.7
1174960 2101.7
1174970 2099.0
1174980 2099.0
1174990 2096.1
1175000 2093.0
1175010 2093.0
1175020 2089.4
1175030 2085.5
1175040 2085.5
1175050 2081.7
1175060 2077.7
1175070 2077.7
1175080 2073.6
1175090 2068.7
1175100 2063.7
1175110 2058.8
1175120 2053.6
1175130 2048.6
1175140 2048.6
1175150 2044.1
1175160 2041.9
1175170 2041.9
1175180 2040.7
1175190 2038.1
1175200 2038.1
1175210 2035.4
1175220 2033.4
1175230 2033.4
1175240 2033.5
1175250 2032.2
1175260 2032.2
1175270 2030.0
1175280 2027.7
1175290 2025.8
1175300 2025.8
1175310 2024.9
1175320 2021.6
1175330 2021.6
1175340 2017.6
1175350 2014.8
1175360 2014.8
1175370 2012.8
1175380 2012.7
1175390 2012.7
1175400 2014.3
1175410 2015.8
1175420 2015.8
1175430 2016.2
1175440 2014.9
1175450 2014.9
1175460 2011.9
1175470 2009.5
1175480 2009.5
1175490 2007.8
1175500 2006.9
1175510 2007.6
1175520 2000.9
1175530 2001.0
1175540 1998.9
1175550 1998.9
1175560 1995.0
1175570 1990.3
1175580 1990.3
1175590 1985.6
1175600 1980.9
1175610 1980.9
1175620 1976.8
1175630 1973.5
1175640 1973.5
1175650 1970.0
1175660 1965.5
1175670 1965.5
1175680 1960.7
1175690 1956.3
1175700 1952.1
1175710 1952.1
1175720 1947.6
1175730 1943.0
1175740 1943.0
1175750 1938.8
1175760 1934.5
1175770 1934.5
1175780 1930.6
1175790 1926.3
1175800 1926.3
1175810 1922.1
1175820 1917.8
1175830 1917.8
1175840 1914.0
1175850 1909.9
1175860 1909.9
1175870 1905.9
1175880 1901.7
1175890 1897.3
1175900 1897.3
1175910 1892.8
1175920 1887.8
1175930 1882.3
1175940 1878.5
1175950 1874.8
1175960 1874.8
1175970 1869.7
1175980 1864.8
1175990 1864.8
1176000 1860.4
1176010 1855.4
1176020 1855.4
1176030 1850.5
1176040 1845.7
1176050 1845.7
1176060 1840.5
1176070 1835.6
1176080 1835.6
1176090 1830.6
1176100 1826.1
1176110 1821.8
1176120 1821.8
1176130 1817.6
1176140 1813.2
1176150 1813.2
1176160 1808.7
1176170 1804.1
1176180 1804.1
1176190 1799.3
1176200 1794.5
1176210 1794.5
1176220 1789.4
1176230 1784.4
1176240 1784.4
1176250 1779.7
1176260 1774.5
1176270 1774.5
1176280 1769.2
1176290 1763.5
1176300 1757.9
1176310 1757.9
1176320 1752.3
1176330 1746.6
1176340 1746.0
1176350 1740.3
1176360 1734.8
1176370 1734.8
1176380 1729.4
1176390 1723.9
1176400 1723.9
1176410 1718.6
1176420 1713.9
1176430 1713.9
1176440 1710.7
1176450 1708.6
1176460 1708.6
1176470 1706.9
1176480 1704.8
1176490 1700.9
1176500 1700.9
1176510 1695.4
1176520 1689.9
1176530 1689.9
1176540 1684.3
1176550 1678.0
1176560 1678.0
1176570 1671.9
1176580 1668.0
1176590 1668.0
1176600 1666.3
1176610 1661.5
1176620 1661.5
1176630 1654.6
1176640 1646.9
1176650 1646.9
1176660 1638.9
1176670 1633.1
1176680 1633.1
1176690 1625.3
1176700 1618.0
1176710 1610.5
1176720 1610.5
1176730 1603.5
1176740 1597.2
1176750 1599.7
1176760 1592.9
1176770 1584.8
1176780 1584.8
1176790 1576.5
1176800 1568.7
1176810 1568.7
1176820 1561.1
1176830 1553.4
1176840 1553.4
1176850 1545.8
1176860 1538.5
1176870 1538.5
1176880 1531.5
1176890 1525.6
1176900 1521.5
1176910 1521.5
1176920 1518.8
1176930 1515.8
1176940 1515.8
1176950 1511.4
1176960 1505.5
1176970 1505.5
1176980 1505.3
1176990 1511.4
1177000 1511.4
1177010 1516.5
1177020 1516.0
1177030 1516.0
1177040 1515.2
1177050 1514.5
1177060 1514.5
1177070 1514.3
1177080 1514.2
1177090 1516.7
1177100 1516.7
1177110 1521.5
1177120 1525.0
1177130 1525.0
1177140 1530.0
1177150 1536.0
1177160 1546.5
1177170 1550.9
1177180 1554.9
1177190 1554.9
1177200 1558.2
1177210 1561.6
1177220 1561.6
1177230 1565.6
1177240 1569.7
1177250 1569.7
1177260 1573.4
1177270 1576.9
1177280 1576.9
1177290 1578.1
1177300 1576.7
1177310 1573.0
1177320 1573.0
1177330 1567.8
1177340 1562.9
1177350 1562.9
1177360 1558.2
1177370 1553.0
1177380 1553.0
1177390 1547.6
1177400 1542.6
1177410 1542.6
1177420 1537.6
1177430 1532.3
1177440 1532.3
1177450 1526.7
1177460 1523.0
1177470 1523.0
1177480 1519.7
1177490 1515.3
1177500 1511.7
1177510 1511.7
1177520 1508.6
1177530 1505.7
1177540 1505.7
1177550 1500.6
1177560 1493.3
1177570 1499.0
1177580 1493.2
1177590 1487.3
1177600 1487.3
1177610 1481.7
1177620 1477.3
1177630 1477.3
1177640 1472.5
1177650 1467.8
1177660 1467.8
1177670 1465.5
1177680 1464.3
1177690 1462.6
1177700 1462.6
1177710 1460.3
1177720 1459.1
1177730 1459.1
1177740 1460.3
1177750 1461.6
1177760 1461.6
1177770 1461.6
1177780 1461.8
1177790 1461.8
1177800 1462.8
1177810 1464.4
1177820 1464.4
1177830 1469.1
1177840 1474.0
1177850 1474.0
1177860 1478.4
1177870 1480.1
1177880 1480.1
1177890 1482.1
1177900 1485.1
1177910 1487.9
1177920 1487.9
1177930 1490.3
1177940 1491.9
1177950 1491.9
1177960 1493.4
1177970 1494.5
1177980 1494.5
1177990 1496.4
1178000 1497.5
1178010 1497.5
1178020 1498.8
1178030 1499.9
1178040 1499.9
1178050 1501.3
1178060 1503.1
1178070 1503.1
1178080 1505.9
1178090 1509.6
1178100 1513.2
1178110 1513.2
1178120 1517.1
1178130 1521.1
1178140 1521.1
1178150 1525.8
1178160 1530.8
1178170 1530.8
1178180 1535.7
1178190 1540.5
1178200 1540.5
1178210 1545.0
1178220 1549.3
1178230 1549.3
1178240 1553.3
1178250 1557.3
1178260 1557.3
1178270 1561.4
1178280 1564.9
1178290 1567.9
1178300 1567.9
1178310 1569.6
1178320 1568.8
1178330 1568.8
1178340 1567.7
1178350 1567.6
1178360 1567.6
1178370 1569.1
1178380 1572.5
1178390 1572.5
1178400 1576.8
1178410 1582.6
1178420 1582.6
1178430 1589.0
1178440 1596.0
1178450 1596.0
1178460 1603.7
1178470 1611.4
1178480 1611.4
1178490 1618.8
1178500 1626.1
1178510 1632.6
1178520 1632.6
1178530 1636.7
1178540 1638.8
1178550 1638.8
1178560 1640.3
1178570 1641.7
1178580 1641.7
1178590 1643.3
1178600 1644.8
1178610 1644.8
1178620 1646.3
1178630 1648.0
1178640 1648.0
1178650 1649.8
1178660 1651.0
1178670 1651.0
1178680 1652.4
1178690 1653.9
1178700 1655.6
1178710 1655.6
1178720 1657.1
1178730 1658.5
1178740 1658.5
1178750 1659.3
1178760 1660.3
1178770 1660.3
1178780 1661.4
1178790 1662.7
1178800 1662.7
1178810 1663.7
1178820 1665.3
1178830 1665.3
1178840 1666.9
1178850 1668.6
1178860 1668.6
1178870 1670.7
1178880 1673.4
1178890 1676.6
1178900 1676.6
1178910 1679.7
1178920 1682.9
1178930 1682.9
1178940 1686.5
1178950 1689.8
1178960 1689.8
1178970 1692.4
1178980 1695.5
1178990 1695.5
1179000 1699.0
1179010 1702.4
1179020 1702.4
1179030 1705.6
1179040 1708.5
1179050 1708.5
1179060 1711.4
1179070 1714.3
1179080 1714.3
1179090 1712.9
1179100 1709.1
1179110 1708.2
1179120 1708.2
1179130 1709.8
1179140 1711.8
1179150 1711.8
1179160 1713.1
1179170 1712.4
1179180 1712.4
1179190 1711.0
1179200 1711.4
1179210 1711.4
1179220 1714.6
1179230 1703.4
1179240 1703.4
1179250 1699.4
1179260 1707.5
1179270 1707.5
1179280 1715.7
1179290 1719.3
1179300 1720.9
1179310 1720.9
1179320 1723.8
1179330 1728.5
1179340 1728.5
1179350 1733.9
1179360 1739.5
1179370 1739.5
1179380 1746.1
1179390 1753.3
1179400 1753.3
1179410 1760.7
1179420 1767.7
1179430 1767.7
1179440 1772.2
1179450 1778.8
1179460 1778.8
1179470 1785.2
1179480 1791.4
1179490 1797.4
1179500 1797.4
1179510 1803.1
1179520 1808.2
1179530 1808.2
1179540 1813.6
1179550 1819.2
1179560 1819.2
1179570 1825.0
1179580 1830.1
1179590 1830.1
1179600 1834.7
1179610 1839.9
1179620 1839.9
1179630 1845.8
1179640 1852.4
1179650 1852.4
1179660 1858.1
1179670 1863.9
1179680 1863.9
1179690 1869.2
1179700 1873.6
1179710 1877.4
1179720 1877.4
1179730 1881.0
1179740 1885.8
1179750 1885.8
1179760 1891.2
1179770 1896.6
1179780 1896.6
1179790 1901.8
1179800 1907.5
1179810 1907.5
1179820 1913.6
1179830 1920.4
1179840 1920.4
1179850 1927.8
1179860 1935.3
1179870 1935.3
1179880 1942.4
1179890 1949.2
1179900 1955.7
1179910 1955.7
1179920 1962.1
1179930 1968.7
1179940 1968.7
1179950 1975.2
1179960 1981.2
1179970 1981.2
1179980 1986.4
1179990 1991.2
