1160000 1689.0
1160010 1689.0
1160020 1685.4
1160030 1682.7
1160040 1682.7
1160050 1683.1
1160060 1680.8
1160070 1676.6
1160080 1676.6
1160090 1673.9
1160100 1672.6
1160110 1672.6
1160120 1673.5
1160130 1675.8
1160140 1675.8
1160150 1676.8
1160160 1676.0
1160170 1676.0
1160180 1674.3
1160190 1673.0
1160200 1673.0
1160210 1672.2
1160220 1668.4
1160230 1668.4
1160240 1661.6
1160250 1654.2
1160260 1654.2
1160270 1644.7
1160280 1637.5
1160290 1630.3
1160300 1630.3
1160310 1625.2
1160320 1622.8
1160330 1622.8
1160340 1621.0
1160350 1619.2
1160360 1619.2
1160370 1616.6
1160380 1613.8
1160390 1613.8
1160400 1608.4
1160410 1602.1
1160420 1602.1
1160430 1597.4
1160440 1594.1
1160450 1594.1
1160460 1592.9
1160470 1592.8
1160480 1594.4
1160490 1594.4
1160500 1600.6
1160510 1608.0
1160520 1608.0
1160530 1615.6
1160540 1623.7
1160550 1623.7
1160560 1632.5
1160570 1642.3
1160580 1642.3
1160590 1652.8
1160600 1661.1
1160610 1661.1
1160620 1667.8
1160630 1674.6
1160640 1674.6
1160650 1684.0
1160660 1694.1
1160670 1694.1
1160680 1702.0
1160690 1707.1
1160700 1710.6
1160710 1710.6
1160720 1714.7
1160730 1720.3
1160740 1720.3
1160750 1725.0
1160760 1731.0
1160770 1731.0
1160780 1739.0
1160790 1749.3
1160800 1749.3
1160810 1753.4
1160820 1757.3
1160830 1757.3
1160840 1764.6
1160850 1777.5
1160860 1777.5
1160870 1788.5
1160880 1796.2
1160890 1803.1
1160900 1803.1
1160910 1810.0
1160920 1816.9
1160930 1816.9
1160940 1823.9
1160950 1831.2
1160960 1831.2
1160970 1837.7
1160980 1845.3
1160990 1845.3
1161000 1853.0
1161010 1861.5
1161020 1861.5
1161030 1869.5
1161040 1877.3
1161050 1881.3
1161060 1889.2
1161070 1896.9
1161080 1896.9
1161090 1904.9
1161100 1912.4
1161110 1921.0
1161120 1921.0
1161130 1930.7
1161140 1940.7
1161150 1940.7
1161160 1949.7
1161170 1958.4
1161180 1958.4
1161190 1969.1
1161200 1982.1
1161210 1982.1
1161220 1992.6
1161230 1996.7
1161240 1996.7
1161250 1997.7
1161260 1997.7
1161270 1997.7
1161280 1999.7
1161290 2004.9
1161300 2010.6
1161310 2010.6
1161320 2012.8
1161330 2012.1
1161340 2012.1
1161350 2012.9
1161360 2015.5
1161370 2015.5
1161380 2020.7
1161390 2027.9
1161400 2027.9
1161410 2035.3
1161420 2043.2
1161430 2043.2
1161440 2055.4
1161450 2063.0
1161460 2063.0
1161470 2070.0
1161480 2075.3
1161490 2075.3
1161500 2080.9
1161510 2084.5
1161520 2089.5
1161530 2089.5
1161540 2091.9
1161550 2092.8
1161560 2092.8
1161570 2093.8
1161580 2096.0
1161590 2096.0
1161600 2100.2
1161610 2102.7
1161620 2102.7
1161630 2103.5
1161640 2104.4
1161650 2104.4
1161660 2107.3
1161670 2111.3
1161680 2111.3
1161690 2114.6
1161700 2116.3
1161710 2118.6
1161720 2118.6
1161730 2123.1
1161740 2129.1
1161750 2129.1
1161760 2131.2
1161770 2132.2
1161780 2132.2
1161790 2134.2
1161800 2136.2
1161810 2136.2
1161820 2138.8
1161830 2144.5
1161840 2144.5
1161850 2147.1
1161860 2150.0
1161870 2150.0
1161880 2153.9
1161890 2159.2
1161900 2159.2
1161910 2164.9
1161920 2171.0
1161930 2177.8
1161940 2177.8
1161950 2185.0
1161960 2191.7
1161970 2191.7
1161980 2196.1
1161990 2200.5
1162000 2200.5
1162010 2206.1
1162020 2213.0
1162030 2213.0
1162040 2219.9
1162050 2226.9
1162060 2226.9
1162070 2234.3
1162080 2240.6
1162090 2240.6
1162100 2245.8
1162110 2250.6
1162120 2257.4
1162130 2257.4
1162140 2263.2
1162150 2268.6
1162160 2268.6
1162170 2274.0
1162180 2277.7
1162190 2277.7
1162200 2283.3
1162210 2288.9
1162220 2285.0
1162230 2289.8
1162240 2294.2
1162250 2294.2
1162260 2296.6
1162270 2297.2
1162280 2297.2
1162290 2295.9
1162300 2294.3
1162310 2294.3
1162320 2294.9
1162330 2297.4
1162340 2298.7
1162350 2298.7
1162360 2300.1
1162370 2300.8
1162380 2300.8
1162390 2300.7
1162400 2302.5
1162410 2302.5
1162420 2304.5
1162430 2306.9
1162440 2306.9
1162450 2308.9
1162460 2308.5
1162470 2308.5
1162480 2309.5
1162490 2311.1
1162500 2311.1
1162510 2312.8
1162520 2313.7
1162530 2313.1
1162540 2313.1
1162550 2311.3
1162560 2311.0
1162570 2311.0
1162580 2311.5
1162590 2311.7
1162600 2311.7
1162610 2312.1
1162620 2304.8
1162630 2304.8
1162640 2306.3
1162650 2306.7
1162660 2306.7
1162670 2306.5
1162680 2307.8
1162690 2307.8
1162700 2309.8
1162710 2312.5
1162720 2312.5
1162730 2315.6
1162740 2319.5
1162750 2322.2
1162760 2322.2
1162770 2326.4
1162780 2333.2
1162790 2333.2
1162800 2339.4
1162810 2344.2
1162820 2344.2
1162830 2345.7
1162840 2343.8
1162850 2343.8
1162860 2336.9
1162870 2329.7
1162880 2329.7
1162890 2331.3
1162900 2337.3
1162910 2337.3
1162920 2344.8
1162930 2350.6
1162940 2356.0
1162950 2356.0
1162960 2362.1
1162970 2369.5
1162980 2369.5
1162990 2376.5
1163000 2383.7
1163010 2378.3
1163020 2385.2
1163030 2390.5
1163040 2390.5
1163050 2394.0
1163060 2396.5
1163070 2396.5
1163080 2396.8
1163090 2396.8
1163100 2396.8
1163110 2397.4
1163120 2397.6
1163130 2397.6
1163140 2397.6
1163150 2398.6
1163160 2397.1
1163170 2397.1
1163180 2393.5
1163190 2388.0
1163200 2388.0
1163210 2380.8
1163220 2371.3
1163230 2371.3
1163240 2363.4
1163250 2354.5
1163260 2354.5
1163270 2344.8
1163280 2338.2
1163290 2338.2
1163300 2332.1
1163310 2326.4
1163320 2326.4
1163330 2320.7
1163340 2313.7
1163350 2306.7
1163360 2306.7
1163370 2299.7
1163380 2290.1
1163390 2290.1
1163400 2283.7
1163410 2273.6
1163420 2273.6
1163430 2264.4
1163440 2255.2
1163450 2255.2
1163460 2246.8
1163470 2239.0
1163480 2239.0
1163490 2231.8
1163500 2223.9
1163510 2223.9
1163520 2217.0
1163530 2208.2
1163540 2208.2
1163550 2199.9
1163560 2193.7
1163570 2187.0
1163580 2187.0
1163590 2179.1
1163600 2171.3
1163610 2171.3
1163620 2163.2
1163630 2155.1
1163640 2155.1
1163650 2146.6
1163660 2137.4
1163670 2137.4
1163680 2129.0
1163690 2120.9
1163700 2120.9
1163710 2112.7
1163720 2105.1
1163730 2105.1
1163740 2097.7
1163750 2090.0
1163760 2082.4
1163770 2082.4
1163780 2074.6
1163790 2066.5
1163800 2064.8
1163810 2056.0
1163820 2052.0
1163830 2052.0
1163840 2053.5
1163850 2053.5
1163860 2053.5
1163870 2049.4
1163880 2046.2
1163890 2046.2
1163900 2043.5
1163910 2035.3
1163920 2035.3
1163930 2028.2
1163940 2029.6
1163950 2029.6
1163960 2032.6
1163970 2036.1
1163980 2041.9
1163990 2041.9
1164000 2048.9
1164010 2051.9
1164020 2051.9
1164030 2046.5
1164040 2041.8
1164050 2041.8
1164060 2038.6
1164070 2029.5
1164080 2029.5
1164090 2017.7
1164100 2014.2
1164110 2014.2
1164120 2021.1
1164130 2030.2
1164140 2030.2
1164150 2040.5
1164160 2050.6
1164170 2058.8
1164180 2058.8
1164190 2066.2
1164200 2073.9
1164210 2073.9
1164220 2082.0
1164230 2089.0
1164240 2089.0
1164250 2095.5
1164260 2102.2
1164270 2102.2
1164280 2109.1
1164290 2115.9
1164300 2115.9
1164310 2122.5
1164320 2129.1
1164330 2129.1
1164340 2136.1
1164350 2143.0
1164360 2143.0
1164370 2149.3
1164380 2155.8
1164390 2163.1
1164400 2163.1
1164410 2171.2
1164420 2178.5
1164430 2178.5
1164440 2186.4
1164450 2194.3
1164460 2194.3
1164470 2201.2
1164480 2208.2
1164490 2208.2
1164500 2215.9
1164510 2223.0
1164520 2223.0
1164530 2229.9
1164540 2236.7
1164550 2236.7
1164560 2243.7
1164570 2250.7
1164580 2258.0
1164590 2254.2
1164600 2260.2
1164610 2266.1
1164620 2266.1
1164630 2270.2
1164640 2273.4
1164650 2273.4
1164660 2277.0
1164670 2281.5
1164680 2281.5
1164690 2287.0
1164700 2293.0
1164710 2293.0
1164720 2299.1
1164730 2305.4
1164740 2305.4
1164750 2310.4
1164760 2315.7
1164770 2315.7
1164780 2321.4
1164790 2326.7
1164800 2331.5
1164810 2331.5
1164820 2335.9
1164830 2339.9
1164840 2339.9
1164850 2342.1
1164860 2343.6
1164870 2343.6
1164880 2346.3
1164890 2347.6
1164900 2347.6
1164910 2347.7
1164920 2347.4
1164930 2347.4
1164940 2346.8
1164950 2343.6
1164960 2343.6
1164970 2343.1
1164980 2343.2
1164990 2347.2
1165000 2347.2
1165010 2347.6
1165020 2347.1
1165030 2347.1
1165040 2353.9
1165050 2360.6
1165060 2360.6
1165070 2364.0
1165080 2366.0
1165090 2366.0
1165100 2371.1
1165110 2376.9
1165120 2376.9
1165130 2381.7
1165140 2385.3
1165150 2385.3
1165160 2387.8
1165170 2393.6
1165180 2393.6
1165190 2401.8
1165200 2406.4
1165210 2408.6
1165220 2408.6
1165230 2410.5
1165240 2412.1
1165250 2412.1
1165260 2411.7
1165270 2409.9
1165280 2409.9
1165290 2409.6
1165300 2411.3
1165310 2411.3
1165320 2413.6
1165330 2416.2
1165340 2416.2
1165350 2417.9
1165360 2415.8
1165370 2415.8
1165380 2406.3
1165390 2409.0
1165400 2415.5
1165410 2415.5
1165420 2424.4
1165430 2434.0
1165440 2434.0
1165450 2442.3
1165460 2450.3
1165470 2450.3
1165480 2457.6
1165490 2463.6
1165500 2463.6
1165510 2469.5
1165520 2474.9
1165530 2474.9
1165540 2479.7
1165550 2484.8
1165560 2484.8
1165570 2490.1
1165580 2495.5
1165590 2495.5
1165600 2500.5
1165610 2505.2
1165620 2509.6
1165630 2509.6
1165640 2514.1
1165650 2518.4
1165660 2518.4
1165670 2522.6
1165680 2527.3
1165690 2527.3
1165700 2531.4
1165710 2534.4
1165720 2534.4
1165730 2537.8
1165740 2540.6
1165750 2540.6
1165760 2542.4
1165770 2539.7
1165780 2532.2
1165790 2529.9
1165800 2528.8
1165810 2527.4
1165820 2527.4
1165830 2527.9
1165840 2528.9
1165850 2528.9
1165860 2529.1
1165870 2529.3
1165880 2529.3
1165890 2529.2
1165900 2526.0
1165910 2526.0
1165920 2522.2
1165930 2518.7
1165940 2518.7
1165950 2515.2
1165960 2512.0
1165970 2512.0
1165980 2508.8
1165990 2505.7
1166000 2505.7
1166010 2502.0
1166020 2495.7
1166030 2490.0
1166040 2490.0
1166050 2486.1
1166060 2482.4
1166070 2482.4
1166080 2480.9
1166090 2479.6
1166100 2479.6
1166110 2479.7
1166120 2474.8
1166130 2474.8
1166140 2467.2
1166150 2457.9
1166160 2457.9
1166170 2449.9
1166180 2437.9
1166190 2437.9
1166200 2431.7
1166210 2424.4
1166220 2417.2
1166230 2417.2
1166240 2410.7
1166250 2404.2
1166260 2404.2
1166270 2397.2
1166280 2385.4
1166290 2385.4
1166300 2372.1
1166310 2361.9
1166320 2361.9
1166330 2353.6
1166340 2346.1
1166350 2346.1
1166360 2339.4
1166370 2333.0
1166380 2333.0
1166390 2326.1
1166400 2320.5
1166410 2320.5
1166420 2316.2
1166430 2311.5
1166440 2307.4
1166450 2307.4
1166460 2303.4
1166470 2298.9
1166480 2298.9
1166490 2292.5
1166500 2285.2
1166510 2285.2
1166520 2277.9
1166530 2274.0
1166540 2274.0
1166550 2269.6
1166560 2263.3
1166570 2258.2
1166580 2250.5
1166590 2239.8
1166600 2239.8
1166610 2230.7
1166620 2223.9
1166630 2219.0
1166640 2219.0
1166650 2215.7
1166660 2210.3
1166670 2210.3
1166680 2203.9
1166690 2197.4
1166700 2197.4
1166710 2187.7
1166720 2172.4
1166730 2172.4
1166740 2162.9
1166750 2159.5
1166760 2159.5
1166770 2160.4
1166780 2163.2
1166790 2163.2
1166800 2165.6
1166810 2163.6
1166820 2159.3
1166830 2159.3
1166840 2154.4
1166850 2149.4
1166860 2149.4
1166870 2144.9
1166880 2141.5
1166890 2141.5
1166900 2138.8
1166910 2137.0
1166920 2137.0
1166930 2135.3
1166940 2132.7
1166950 2132.7
1166960 2129.9
1166970 2121.3
1166980 2121.3
1166990 2116.8
1167000 2112.5
1167010 2112.5
1167020 2108.3
1167030 2104.4
1167040 2100.8
1167050 2100.8
1167060 2097.6
1167070 2093.2
1167080 2093.2
1167090 2087.5
1167100 2080.5
1167110 2080.5
1167120 2073.1
1167130 2067.5
1167140 2067.5
1167150 2064.4
1167160 2062.5
1167170 2062.5
1167180 2061.5
1167190 2060.1
1167200 2060.1
1167210 2058.2
1167220 2054.9
1167230 2049.4
1167240 2049.4
1167250 2043.3
1167260 2037.3
1167270 2037.3
1167280 2033.7
1167290 2032.2
1167300 2032.2
1167310 2029.2
1167320 2027.8
1167330 2027.8
1167340 2027.6
1167350 2025.3
1167360 2025.3
1167370 2013.1
1167380 2013.8
1167390 2013.8
1167400 2012.6
1167410 2011.2
1167420 2011.2
1167430 2012.9
1167440 2014.9
1167450 2015.8
1167460 2015.8
1167470 2015.5
1167480 2014.0
1167490 2014.0
1167500 2012.8
1167510 2011.4
1167520 2011.4
1167530 2010.3
1167540 2008.6
1167550 2008.6
1167560 2006.9
1167570 2004.8
1167580 2004.8
1167590 2003.8
1167600 2002.7
1167610 2002.7
1167620 2002.9
1167630 2003.0
1167640 2002.9
1167650 2002.9
1167660 2001.0
1167670 1996.3
1167680 1996.3
1167690 1990.8
1167700 1985.6
1167710 1985.6
1167720 1979.6
1167730 1973.1
1167740 1973.1
1167750 1969.3
1167760 1970.1
1167770 1964.1
1167780 1965.6
1167790 1966.0
1167800 1966.0
1167810 1963.6
1167820 1958.4
1167830 1958.4
1167840 1952.7
1167850 1948.4
1167860 1950.2
1167870 1950.2
1167880 1952.1
1167890 1953.6
1167900 1953.6
1167910 1953.5
1167920 1952.2
1167930 1952.2
1167940 1950.5
1167950 1948.8
1167960 1948.8
1167970 1945.8
1167980 1944.1
1167990 1944.1
1168000 1943.9
1168010 1944.3
1168020 1944.3
1168030 1945.5
1168040 1945.6
1168050 1945.0
1168060 1945.0
1168070 1945.4
1168080 1944.8
1168090 1944.8
1168100 1945.4
1168110 1945.0
1168120 1945.0
1168130 1944.6
1168140 1945.2
1168150 1945.2
1168160 1947.1
1168170 1944.6
1168180 1944.6
1168190 1944.6
1168200 1943.9
1168210 1943.9
1168220 1942.8
1168230 1941.0
1168240 1941.0
1168250 1939.6
1168260 1937.6
1168270 1935.0
1168280 1935.0
1168290 1932.4
1168300 1930.4
1168310 1930.4
1168320 1928.7
1168330 1925.0
1168340 1925.0
1168350 1921.1
1168360 1918.3
1168370 1918.3
1168380 1918.6
1168390 1919.8
1168400 1919.8
1168410 1917.2
1168420 1911.5
1168430 1911.5
1168440 1907.2
1168450 1905.0
1168460 1902.3
1168470 1902.3
1168480 1899.0
1168490 1896.5
1168500 1896.5
1168510 1893.8
1168520 1889.9
1168530 1889.9
1168540 1884.3
1168550 1878.5
1168560 1878.5
1168570 1872.2
1168580 1867.9
1168590 1867.9
1168600 1860.7
1168610 1855.3
1168620 1855.3
1168630 1852.4
1168640 1849.4
1168650 1849.4
1168660 1846.6
1168670 1842.5
1168680 1837.5
1168690 1837.5
1168700 1826.6
1168710 1811.3
1168720 1811.3
1168730 1800.4
1168740 1790.5
1168750 1790.5
1168760 1781.8
1168770 1774.0
1168780 1774.0
1168790 1766.8
1168800 1764.0
1168810 1764.0
1168820 1762.1
1168830 1758.3
1168840 1758.3
1168850 1754.1
1168860 1746.8
1168870 1741.3
1168880 1741.3
1168890 1735.4
1168900 1726.1
1168910 1726.1
1168920 1712.3
1168930 1703.8
1168940 1703.8
1168950 1700.1
1168960 1697.4
1168970 1690.4
1168980 1685.5
1168990 1682.4
1169000 1682.4
1169010 1680.6
1169020 1679.6
1169030 1679.6
1169040 1677.8
1169050 1674.7
1169060 1674.7
1169070 1670.3
1169080 1665.6
1169090 1660.3
1169100 1660.3
1169110 1656.0
1169120 1653.3
1169130 1653.3
1169140 1649.4
1169150 1645.3
1169160 1645.3
1169170 1641.3
1169180 1637.3
1169190 1637.3
1169200 1632.2
1169210 1627.3
1169220 1627.3
1169230 1622.7
1169240 1618.1
1169250 1618.1
1169260 1613.4
1169270 1608.2
1169280 1603.0
1169290 1603.0
1169300 1598.0
1169310 1593.1
1169320 1593.1
1169330 1587.5
1169340 1581.0
1169350 1581.0
1169360 1573.8
1169370 1564.1
1169380 1564.1
1169390 1557.6
1169400 1549.7
1169410 1549.7
1169420 1541.8
1169430 1544.1
1169440 1544.1
1169450 1549.7
1169460 1554.8
1169470 1554.8
1169480 1556.6
1169490 1556.3
1169500 1556.1
1169510 1556.1
1169520 1556.7
1169530 1557.5
1169540 1557.5
1169550 1558.2
1169560 1558.7
1169570 1558.7
1169580 1558.9
1169590 1557.8
1169600 1557.8
1169610 1554.9
1169620 1552.1
1169630 1552.1
1169640 1550.2
1169650 1549.1
1169660 1549.1
1169670 1548.2
1169680 1547.1
1169690 1545.1
1169700 1545.1
1169710 1543.9
1169720 1542.0
1169730 1542.0
1169740 1541.1
1169750 1540.6
1169760 1540.6
1169770 1531.1
1169780 1530.1
1169790 1530.1
1169800 1531.4
1169810 1533.5
1169820 1533.5
1169830 1534.5
1169840 1534.8
1169850 1534.8
1169860 1535.6
1169870 1536.0
1169880 1536.0
1169890 1535.4
1169900 1534.6
1169910 1533.9
1169920 1533.9
1169930 1531.6
1169940 1523.4
1169950 1523.4
1169960 1516.9
1169970 1513.3
1169980 1513.3
1169990 1510.6
1170000 1508.7
1170010 1508.7
1170020 1507.3
1170030 1505.4
1170040 1505.4
1170050 1502.5
1170060 1498.6
1170070 1498.6
1170080 1494.7
1170090 1490.4
1170100 1484.2
1170110 1484.2
1170120 1476.4
1170130 1470.2
1170140 1470.2
1170150 1464.9
1170160 1459.5
1170170 1459.5
1170180 1450.1
1170190 1443.4
1170200 1443.4
1170210 1436.9
1170220 1432.8
1170230 1432.8
1170240 1429.2
1170250 1426.4
1170260 1426.4
1170270 1425.0
1170280 1426.0
1170290 1426.0
1170300 1426.3
1170310 1424.7
1170320 1422.6
1170330 1422.6
1170340 1422.0
1170350 1416.2
1170360 1416.2
1170370 1411.7
1170380 1405.9
1170390 1405.9
1170400 1402.0
1170410 1399.2
1170420 1399.2
1170430 1396.8
1170440 1393.5
1170450 1393.5
1170460 1390.2
1170470 1387.6
1170480 1387.6
1170490 1385.0
1170500 1382.1
1170510 1379.0
1170520 1379.0
1170530 1375.9
1170540 1372.1
1170550 1372.1
1170560 1367.6
1170570 1364.1
1170580 1359.7
1170590 1359.2
1170600 1360.9
1170610 1360.9
1170620 1361.5
1170630 1360.7
1170640 1360.7
1170650 1358.5
1170660 1356.4
1170670 1356.4
1170680 1354.2
1170690 1352.4
1170700 1352.4
1170710 1353.0
1170720 1356.4
1170730 1359.3
1170740 1359.3
1170750 1357.5
1170760 1352.6
1170770 1352.6
1170780 1352.7
1170790 1353.8
1170800 1353.8
1170810 1352.2
1170820 1351.7
1170830 1351.7
1170840 1350.3
1170850 1343.8
1170860 1343.8
1170870 1340.7
1170880 1338.9
1170890 1338.9
1170900 1336.0
1170910 1333.8
1170920 1332.5
1170930 1332.5
1170940 1331.9
1170950 1334.4
1170960 1334.4
1170970 1333.4
1170980 1318.2
1170990 1318.2
1171000 1314.6
1171010 1311.6
1171020 1311.6
1171030 1307.5
1171040 1302.6
1171050 1302.6
1171060 1297.7
1171070 1295.0
1171080 1295.0
1171090 1293.1
1171100 1288.7
1171110 1288.7
1171120 1282.6
1171130 1278.2
1171140 1275.0
1171150 1275.0
1171160 1271.9
1171170 1268.5
1171180 1268.5
1171190 1265.9
1171200 1262.7
1171210 1262.7
1171220 1257.4
1171230 1251.6
1171240 1251.6
1171250 1247.5
1171260 1245.6
1171270 1245.6
1171280 1243.6
1171290 1240.5
1171300 1240.5
1171310 1234.4
1171320 1227.8
1171330 1220.9
1171340 1220.9
1171350 1214.1
1171360 1208.5
1171370 1208.5
1171380 1204.1
1171390 1194.7
1171400 1194.7
1171410 1191.8
1171420 1189.3
1171430 1189.3
1171440 1185.9
1171450 1182.3
1171460 1182.3
1171470 1179.9
1171480 1177.6
1171490 1177.6
1171500 1175.8
1171510 1173.0
1171520 1173.0
1171530 1168.8
1171540 1164.1
1171550 1159.1
1171560 1159.1
1171570 1153.0
1171580 1145.7
1171590 1145.7
1171600 1137.1
1171610 1131.1
1171620 1131.1
1171630 1126.5
1171640 1122.6
1171650 1122.6
1171660 1118.1
1171670 1112.7
1171680 1112.7
1171690 1108.8
1171700 1105.7
1171710 1105.7
1171720 1101.4
1171730 1097.8
1171740 1094.4
1171750 1094.4
1171760 1089.3
1171770 1085.0
1171780 1085.0
1171790 1077.2
1171800 1073.0
1171810 1073.0
1171820 1069.8
1171830 1064.5
1171840 1064.5
1171850 1058.1
1171860 1052.8
1171870 1052.8
1171880 1048.3
1171890 1042.9
1171900 1042.9
1171910 1037.7
1171920 1033.8
1171930 1033.8
1171940 1030.3
1171950 1027.6
1171960 1023.1
1171970 1023.1
1171980 1016.5
1171990 1011.5
1172000 1011.5
1172010 1007.2
1172020 1002.4
1172030 1002.4
1172040 996.3
1172050 987.0
1172060 987.0
1172070 980.0
1172080 975.5
1172090 975.5
1172100 973.7
1172110 973.6
1172120 973.6
1172130 973.6
1172140 973.6
1172150 973.6
1172160 973.6
1172170 973.3
1172180 973.0
1172190 973.0
1172200 968.8
1172210 968.7
1172220 968.7
1172230 969.3
1172240 970.7
1172250 970.7
1172260 971.7
1172270 971.9
1172280 971.9
1172290 971.8
1172300 972.0
1172310 972.0
1172320 972.2
1172330 972.4
1172340 972.4
1172350 972.3
1172360 972.2
1172370 972.1
1172380 972.1
1172390 972.1
1172400 972.2
1172410 972.2
1172420 973.5
1172430 973.3
1172440 973.3
1172450 973.5
1172460 973.6
1172470 973.6
1172480 973.5
1172490 973.8
1172500 973.8
1172510 973.7
1172520 973.6
1172530 973.6
1172540 973.0
1172550 972.4
1172560 972.4
1172570 972.4
1172580 971.6
1172590 970.0
1172600 969.7
1172610 968.9
1172620 967.9
1172630 967.9
1172640 964.8
1172650 966.5
1172660 966.5
1172670 967.6
1172680 967.9
1172690 967.9
1172700 968.1
1172710 968.4
1172720 968.4
1172730 969.7
1172740 969.8
1172750 969.8
1172760 969.5
1172770 969.1
1172780 968.8
1172790 968.8
1172800 968.5
1172810 968.2
1172820 968.2
1172830 968.1
1172840 967.6
1172850 967.6
1172860 967.1
1172870 966.7
1172880 966.7
1172890 966.4
1172900 966.4
1172910 966.4
1172920 966.4
1172930 966.1
1172940 966.1
1172950 965.9
1172960 965.5
1172970 965.4
1172980 965.4
1172990 965.5
1173000 963.9
1173010 961.1
1173020 959.5
1173030 959.8
1173040 959.8
1173050 959.3
1173060 959.1
1173070 959.1
1173080 959.1
1173090 959.1
1173100 959.1
1173110 959.0
1173120 958.8
1173130 958.8
1173140 958.3
1173150 957.9
1173160 958.2
1173170 958.2
1173180 958.3
1173190 958.2
1173200 958.2
1173210 956.6
1173220 955.0
1173230 955.0
1173240 955.0
1173250 955.0
1173260 955.0
1173270 956.0
1173280 957.5
1173290 957.5
1173300 959.2
1173310 961.5
1173320 961.5
1173330 964.5
1173340 966.2
1173350 966.2
1173360 966.0
1173370 965.9
1173380 966.3
1173390 966.3
1173400 966.9
1173410 967.9
1173420 968.2
1173430 969.3
1173440 970.4
1173450 970.4
1173460 971.0
1173470 971.5
1173480 971.5
1173490 972.3
1173500 972.8
1173510 972.8
1173520 973.3
1173530 974.2
1173540 974.2
1173550 974.6
1173560 975.0
1173570 975.1
1173580 975.1
1173590 975.5
1173600 975.6
1173610 975.6
1173620 975.9
1173630 976.3
1173640 976.3
1173650 976.0
1173660 976.6
1173670 976.6
1173680 977.2
1173690 977.2
1173700 977.2
1173710 976.8
1173720 977.2
1173730 977.2
1173740 977.7
1173750 977.5
1173760 977.5
1173770 978.2
1173780 978.3
1173790 978.3
1173800 978.3
1173810 977.1
1173820 978.0
1173830 978.0
1173840 980.5
1173850 984.8
1173860 984.8
1173870 987.9
1173880 989.6
1173890 989.6
1173900 990.3
1173910 990.6
1173920 990.6
1173930 991.0
1173940 991.6
1173950 991.6
1173960 991.8
1173970 991.8
1173980 992.1
1173990 992.1
1174000 992.3
1174010 992.6
1174020 992.6
1174030 992.8
1174040 993.0
1174050 993.0
1174060 993.2
1174070 993.3
1174080 993.3
1174090 993.2
1174100 993.1
1174110 993.1
1174120 992.9
1174130 992.7
1174140 992.7
1174150 992.5
1174160 992.3
1174170 992.3
1174180 992.2
1174190 992.0
1174200 991.7
1174210 991.7
1174220 991.4
1174230 992.3
1174240 992.3
1174250 992.0
1174260 991.6
1174270 991.6
1174280 991.0
1174290 990.4
1174300 990.4
1174310 989.8
1174320 989.2
1174330 989.2
1174340 988.8
1174350 988.6
1174360 988.6
1174370 988.1
1174380 987.6
1174390 987.1
1174400 987.1
1174410 986.3
1174420 985.5
1174430 985.5
1174440 984.8
1174450 984.2
1174460 984.2
1174470 983.8
1174480 983.8
1174490 983.8
1174500 984.3
1174510 986.6
1174520 986.6
1174530 988.8
1174540 992.2
1174550 992.2
1174560 995.8
1174570 999.3
1174580 999.3
1174590 1002.5
1174600 1007.3
1174610 1012.3
1174620 1012.3
1174630 1017.1
1174640 1026.9
1174650 1026.9
1174660 1032.3
1174670 1039.1
1174680 1039.1
1174690 1046.4
1174700 1054.2
1174710 1054.2
1174720 1061.1
1174730 1069.0
1174740 1069.0
1174750 1077.6
1174760 1085.2
1174770 1085.2
1174780 1092.9
1174790 1099.2
1174800 1104.4
1174810 1104.4
1174820 1108.3
1174830 1115.8
1174840 1115.8
1174850 1127.4
1174860 1138.3
1174870 1138.3
1174880 1149.5
1174890 1158.6
1174900 1158.6
1174910 1168.8
1174920 1179.9
1174930 1179.9
1174940 1189.4
1174950 1196.4
1174960 1196.4
1174970 1201.0
1174980 1202.5
1174990 1202.5
1175000 1205.4
1175010 1212.8
1175020 1219.6
1175030 1219.6
1175040 1224.5
1175050 1237.1
1175060 1237.1
1175070 1241.5
1175080 1248.2
1175090 1248.2
1175100 1255.0
1175110 1260.6
1175120 1260.6
1175130 1266.0
1175140 1271.0
1175150 1271.0
1175160 1275.6
1175170 1282.0
1175180 1282.0
1175190 1286.7
1175200 1295.0
1175210 1304.8
1175220 1304.8
1175230 1312.0
1175240 1319.8
1175250 1319.8
1175260 1328.8
1175270 1332.9
1175280 1332.9
1175290 1332.4
1175300 1327.3
1175310 1327.3
1175320 1328.7
1175330 1332.1
1175340 1332.1
1175350 1363.2
1175360 1405.0
1175370 1405.0
1175380 1424.9
1175390 1440.8
1175400 1440.8
1175410 1448.9
1175420 1455.9
1175430 1459.9
1175440 1459.9
1175450 1466.0
1175460 1471.2
1175470 1471.2
1175480 1476.4
1175490 1481.5
1175500 1481.5
1175510 1486.0
1175520 1489.7
1175530 1489.7
1175540 1494.0
1175550 1498.6
1175560 1498.6
1175570 1502.7
1175580 1506.0
1175590 1506.0
1175600 1508.8
1175610 1511.3
1175620 1513.3
1175630 1513.3
1175640 1515.0
1175650 1517.5
1175660 1517.5
1175670 1520.5
1175680 1523.6
1175690 1523.6
1175700 1527.3
1175710 1530.3
1175720 1530.3
1175730 1533.4
1175740 1536.7
1175750 1536.7
1175760 1539.9
1175770 1543.6
1175780 1543.6
1175790 1548.6
1175800 1554.2
1175810 1554.2
1175820 1559.6
1175830 1564.5
1175840 1569.5
1175850 1569.5
1175860 1573.8
1175870 1579.1
1175880 1579.1
1175890 1583.0
1175900 1586.3
1175910 1586.3
1175920 1590.0
1175930 1593.8
1175940 1593.8
1175950 1597.3
1175960 1600.8
1175970 1600.8
1175980 1605.3
1175990 1611.1
1176000 1611.1
1176010 1616.1
1176020 1620.4
1176030 1626.2
1176040 1626.2
1176050 1633.4
1176060 1639.2
1176070 1639.2
1176080 1643.2
1176090 1646.0
1176100 1646.0
1176110 1649.4
1176120 1653.2
1176130 1653.2
1176140 1657.6
1176150 1663.0
1176160 1663.0
1176170 1669.6
1176180 1675.1
1176190 1675.1
1176200 1680.5
1176210 1686.3
1176220 1692.3
1176230 1692.3
1176240 1699.8
1176250 1706.3
1176260 1706.3
1176270 1710.9
1176280 1719.4
1176290 1719.4
1176300 1721.6
1176310 1726.1
1176320 1726.1
1176330 1731.8
1176340 1737.1
1176350 1737.1
1176360 1741.5
1176370 1744.4
1176380 1744.4
1176390 1747.0
1176400 1749.6
1176410 1749.6
1176420 1752.7
1176430 1758.7
1176440 1769.7
1176450 1769.7
1176460 1782.5
1176470 1806.2
1176480 1806.2
1176490 1823.6
1176500 1834.3
1176510 1834.3
1176520 1845.5
1176530 1853.3
1176540 1853.3
1176550 1859.6
1176560 1867.4
1176570 1867.4
1176580 1873.4
1176590 1878.0
1176600 1878.0
1176610 1881.5
1176620 1884.8
1176630 1887.4
1176640 1887.4
1176650 1891.1
1176660 1896.2
1176670 1896.2
1176680 1902.8
1176690 1917.5
1176700 1917.5
1176710 1927.3
1176720 1934.8
1176730 1934.8
1176740 1941.3
1176750 1947.3
1176760 1947.3
1176770 1955.1
1176780 1964.7
1176790 1964.7
1176800 1969.7
1176810 1972.1
1176820 1972.1
1176830 1976.7
1176840 1980.6
1176850 1984.4
1176860 1984.4
1176870 1989.8
1176880 1995.0
1176890 1995.0
1176900 1996.0
1176910 1996.9
1176920 1996.9
1176930 1999.3
1176940 2001.7
1176950 2001.7
1176960 2003.5
1176970 2004.9
1176980 2004.9
1176990 2000.9
1177000 1996.8
1177010 1996.8
1177020 1998.0
1177030 2002.1
1177040 2006.1
1177050 2006.1
1177060 2011.1
1177070 2017.8
1177080 2017.8
1177090 2025.2
1177100 2042.8
1177110 2042.8
1177120 2051.0
1177130 2052.2
1177140 2052.2
1177150 2055.8
1177160 2060.9
1177170 2060.9
1177180 2065.3
1177190 2067.9
1177200 2067.9
1177210 2072.2
1177220 2078.1
1177230 2078.1
1177240 2084.4
1177250 2091.0
1177260 2093.5
1177270 2093.5
1177280 2097.0
1177290 2101.1
1177300 2101.1
1177310 2105.3
1177320 2105.9
1177330 2105.9
1177340 2106.1
1177350 2106.4
1177360 2106.4
1177370 2107.2
1177380 2109.4
1177390 2109.4
1177400 2111.7
1177410 2111.7
1177420 2111.7
1177430 2110.5
1177440 2109.5
1177450 2110.9
1177460 2110.9
1177470 2112.6
1177480 2112.3
1177490 2112.3
1177500 2111.1
1177510 2106.6
1177520 2106.6
1177530 2102.6
1177540 2098.2
1177550 2098.2
1177560 2095.2
1177570 2095.1
1177580 2095.1
1177590 2096.3
1177600 2096.7
1177610 2096.7
1177620 2095.8
1177630 2094.3
1177640 2094.3
1177650 2093.4
1177660 2094.5
1177670 2095.5
1177680 2095.5
1177690 2093.9
1177700 2092.1
1177710 2092.1
1177720 2089.0
1177730 2085.9
1177740 2085.9
1177750 2083.4
1177760 2080.6
1177770 2080.6
1177780 2076.7
1177790 2073.0
1177800 2073.0
1177810 2070.1
1177820 2067.9
1177830 2067.9
1177840 2065.6
1177850 2063.4
1177860 2062.3
1177870 2062.3
1177880 2061.0
1177890 2058.2
1177900 2058.2
1177910 2054.8
1177920 2044.4
1177930 2044.4
1177940 2041.5
1177950 2039.1
1177960 2039.1
1177970 2036.2
1177980 2034.2
1177990 2034.2
1178000 2033.3
1178010 2032.5
1178020 2032.5
1178030 2031.5
1178040 2029.8
1178050 2029.8
1178060 2028.3
1178070 2027.6
1178080 2026.9
1178090 2026.9
1178100 2025.4
1178110 2022.3
1178120 2022.3
1178130 2018.5
1178140 2013.7
1178150 2013.7
1178160 2008.7
1178170 2004.1
1178180 2004.1
1178190 1999.0
1178200 1993.4
1178210 1993.4
1178220 1987.0
1178230 1983.1
1178240 1983.1
1178250 1979.8
1178260 1977.2
1178270 1974.5
1178280 1974.5
1178290 1971.4
1178300 1968.2
1178310 1968.2
1178320 1965.1
1178330 1958.1
1178340 1958.1
1178350 1954.6
1178360 1951.1
1178370 1951.1
1178380 1948.2
1178390 1945.3
1178400 1945.3
1178410 1942.0
1178420 1939.6
1178430 1939.6
1178440 1938.0
1178450 1936.2
1178460 1936.2
1178470 1933.8
1178480 1930.4
1178490 1926.4
1178500 1926.4
1178510 1922.2
1178520 1917.8
1178530 1917.8
1178540 1914.3
1178550 1911.5
1178560 1911.5
1178570 1908.7
1178580 1906.3
1178590 1906.3
1178600 1903.6
1178610 1900.4
1178620 1900.4
1178630 1897.5
1178640 1894.3
1178650 1894.3
1178660 1891.1
1178670 1887.5
1178680 1883.5
1178690 1883.5
1178700 1879.4
1178710 1876.7
1178720 1876.7
1178730 1874.6
1178740 1872.7
1178750 1870.0
1178760 1868.4
1178770 1866.6
1178780 1866.6
1178790 1864.9
1178800 1863.3
1178810 1863.3
1178820 1860.7
1178830 1857.5
1178840 1857.5
1178850 1852.9
1178860 1847.9
1178870 1844.6
1178880 1844.6
1178890 1841.3
1178900 1837.5
1178910 1837.5
1178920 1833.3
1178930 1830.4
1178940 1830.4
1178950 1830.0
1178960 1829.3
1178970 1829.3
1178980 1827.1
1178990 1825.1
1179000 1825.1
1179010 1821.6
1179020 1816.4
1179030 1816.4
1179040 1809.9
1179050 1803.1
1179060 1803.1
1179070 1796.1
1179080 1789.0
1179090 1782.2
1179100 1782.2
1179110 1776.7
1179120 1772.2
1179130 1772.2
1179140 1767.0
1179150 1760.7
1179160 1758.3
1179170 1751.8
1179180 1746.8
1179190 1746.8
1179200 1743.8
1179210 1741.5
1179220 1741.5
1179230 1738.2
1179240 1733.3
1179250 1733.3
1179260 1728.4
1179270 1724.9
1179280 1721.8
1179290 1721.8
1179300 1718.4
1179310 1715.4
1179320 1715.4
1179330 1712.3
1179340 1708.6
1179350 1708.6
1179360 1706.0
1179370 1703.8
1179380 1703.8
1179390 1701.1
1179400 1699.9
1179410 1699.9
1179420 1697.9
1179430 1695.6
1179440 1695.6
1179450 1692.9
1179460 1690.1
1179470 1690.1
1179480 1686.7
1179490 1682.4
1179500 1678.4
1179510 1678.4
1179520 1674.9
1179530 1673.1
1179540 1673.1
1179550 1672.0
1179560 1670.3
1179570 1670.3
1179580 1664.1
1179590 1661.8
1179600 1661.8
1179610 1659.4
1179620 1656.9
1179630 1656.9
1179640 1653.8
1179650 1650.9
1179660 1650.9
1179670 1648.5
1179680 1646.2
1179690 1644.9
1179700 1644.9
1179710 1644.2
1179720 1643.0
1179730 1643.0
1179740 1641.2
1179750 1639.6
1179760 1639.6
1179770 1638.3
1179780 1636.8
1179790 1636.8
1179800 1635.4
1179810 1634.0
1179820 1634.0
1179830 1632.8
1179840 1631.8
1179850 1631.8
1179860 1630.8
1179870 1629.5
1179880 1629.5
1179890 1628.6
1179900 1628.5
1179910 1628.8
1179920 1628.8
1179930 1629.1
1179940 1629.4
1179950 1629.4
1179960 1629.5
1179970 1629.6
1179980 1629.6
1179990 1629.5
