1160000 1950.3
1160010 1946.8
1160020 1947.1
1160030 1946.9
1160040 1946.9
1160050 1946.9
1160060 1947.9
1160070 1948.4
1160080 1948.4
1160090 1950.4
1160100 1951.5
1160110 1951.5
1160120 1949.9
1160130 1949.6
1160140 1949.6
1160150 1951.1
1160160 1951.6
1160170 1951.6
1160180 1951.4
1160190 1952.0
1160200 1952.0
1160210 1953.2
1160220 1954.3
1160230 1954.3
1160240 1956.1
1160250 1958.2
1160260 1960.4
1160270 1960.4
1160280 1963.0
1160290 1965.8
1160300 1965.8
1160310 1968.5
1160320 1972.2
1160330 1972.2
1160340 1974.7
1160350 1976.5
1160360 1976.5
1160370 1978.8
1160380 1980.2
1160390 1980.2
1160400 1976.2
1160410 1976.5
1160420 1976.5
1160430 1977.1
1160440 1978.4
1160450 1979.8
1160460 1979.8
1160470 1980.4
1160480 1981.8
1160490 1981.8
1160500 1987.1
1160510 1993.2
1160520 1993.2
1160530 1998.7
1160540 2003.8
1160550 2003.8
1160560 2009.6
1160570 2016.7
1160580 2016.7
1160590 2023.6
1160600 2029.8
1160610 2029.8
1160620 2035.7
1160630 2040.6
1160640 2040.6
1160650 2044.3
1160660 2046.8
1160670 2049.1
1160680 2049.1
1160690 2050.8
1160700 2049.7
1160710 2049.7
1160720 2052.8
1160730 2053.9
1160740 2053.9
1160750 2055.8
1160760 2056.3
1160770 2056.3
1160780 2054.9
1160790 2050.0
1160800 2050.0
1160810 2047.2
1160820 2043.7
1160830 2043.7
1160840 2039.7
1160850 2033.9
1160860 2027.3
1160870 2027.3
1160880 2021.6
1160890 2018.1
1160900 2018.1
1160910 2015.6
1160920 2013.6
1160930 2013.6
1160940 2011.2
1160950 2007.8
1160960 2007.8
1160970 2004.0
1160980 2000.9
1160990 2000.9
1161000 1997.3
1161010 1993.2
1161020 1993.2
1161030 1988.2
1161040 1982.5
1161050 1982.5
1161060 1976.8
1161070 1970.6
1161080 1962.9
1161090 1962.9
1161100 1955.9
1161110 1947.7
1161120 1947.7
1161130 1940.6
1161140 1934.0
1161150 1934.0
1161160 1927.5
1161170 1922.2
1161180 1919.8
1161190 1915.8
1161200 1912.3
1161210 1912.3
1161220 1908.5
1161230 1904.4
1161240 1904.4
1161250 1900.6
1161260 1897.8
1161270 1897.8
1161280 1894.2
1161290 1890.4
1161300 1886.6
1161310 1886.6
1161320 1883.5
1161330 1880.2
1161340 1880.2
1161350 1876.6
1161360 1872.8
1161370 1872.8
1161380 1868.7
1161390 1863.7
1161400 1863.7
1161410 1858.7
1161420 1856.2
1161430 1856.2
1161440 1854.7
1161450 1853.8
1161460 1853.8
1161470 1852.1
1161480 1849.9
1161490 1846.5
1161500 1846.5
1161510 1844.6
1161520 1843.5
1161530 1843.5
1161540 1841.3
1161550 1838.2
1161560 1838.2
1161570 1834.5
1161580 1832.7
1161590 1832.7
1161600 1829.7
1161610 1825.3
1161620 1825.3
1161630 1820.2
1161640 1816.6
1161650 1816.6
1161660 1813.2
1161670 1810.4
1161680 1810.4
1161690 1810.3
1161700 1816.4
1161710 1824.6
1161720 1824.6
1161730 1832.1
1161740 1839.8
1161750 1839.8
1161760 1848.1
1161770 1856.8
1161780 1856.8
1161790 1863.8
1161800 1869.6
1161810 1869.6
1161820 1875.4
1161830 1881.6
1161840 1881.6
1161850 1888.5
1161860 1895.9
1161870 1895.9
1161880 1902.8
1161890 1908.8
1161900 1915.3
1161910 1915.3
1161920 1922.0
1161930 1927.5
1161940 1927.5
1161950 1931.7
1161960 1930.4
1161970 1930.4
1161980 1931.9
1161990 1934.4
1162000 1934.4
1162010 1937.7
1162020 1940.9
1162030 1940.9
1162040 1944.0
1162050 1947.1
1162060 1947.1
1162070 1949.2
1162080 1949.9
1162090 1949.9
1162100 1949.9
1162110 1949.1
1162120 1947.7
1162130 1947.7
1162140 1946.4
1162150 1944.5
1162160 1944.5
1162170 1942.3
1162180 1940.1
1162190 1940.1
1162200 1938.1
1162210 1936.5
1162220 1936.5
1162230 1934.1
1162240 1929.7
1162250 1929.7
1162260 1925.6
1162270 1925.2
1162280 1925.2
1162290 1923.1
1162300 1920.5
1162310 1922.3
1162320 1922.3
1162330 1922.0
1162340 1919.4
1162350 1919.4
1162360 1910.8
1162370 1909.3
1162380 1909.3
1162390 1908.0
1162400 1907.9
1162410 1907.9
1162420 1908.8
1162430 1909.6
1162440 1909.6
1162450 1909.9
1162460 1910.9
1162470 1910.9
1162480 1913.6
1162490 1916.8
1162500 1916.8
1162510 1920.0
1162520 1923.3
1162530 1926.3
1162540 1926.3
1162550 1929.2
1162560 1932.2
1162570 1932.2
1162580 1935.5
1162590 1938.9
1162600 1938.9
1162610 1943.2
1162620 1947.9
1162630 1947.9
1162640 1953.3
1162650 1958.8
1162660 1958.8
1162670 1965.3
1162680 1972.0
1162690 1972.0
1162700 1980.0
1162710 1988.0
1162720 1988.0
1162730 1993.8
1162740 2002.3
1162750 2011.4
1162760 2011.4
1162770 2017.2
1162780 2023.4
1162790 2023.4
1162800 2029.7
1162810 2037.0
1162820 2037.0
1162830 2045.1
1162840 2052.2
1162850 2052.2
1162860 2059.1
1162870 2065.2
1162880 2065.2
1162890 2070.7
1162900 2076.6
1162910 2076.6
1162920 2082.5
1162930 2088.2
1162940 2094.0
1162950 2094.0
1162960 2099.9
1162970 2105.7
1162980 2105.7
1162990 2111.5
1163000 2117.6
1163010 2117.6
1163020 2123.3
1163030 2128.4
1163040 2128.4
1163050 2132.9
1163060 2137.0
1163070 2137.0
1163080 2140.2
1163090 2143.6
1163100 2143.6
1163110 2147.3
1163120 2150.6
1163130 2150.6
1163140 2159.6
1163150 2162.9
1163160 2166.0
1163170 2166.0
1163180 2168.4
1163190 2172.0
1163200 2172.0
1163210 2175.9
1163220 2176.7
1163230 2176.7
1163240 2176.0
1163250 2171.2
1163260 2171.2
1163270 2169.6
1163280 2176.5
1163290 2176.5
1163300 2184.3
1163310 2190.2
1163320 2190.2
1163330 2193.6
1163340 2194.7
1163350 2196.2
1163360 2196.2
1163370 2202.0
1163380 2208.6
1163390 2208.6
1163400 2213.5
1163410 2218.6
1163420 2218.6
1163430 2224.3
1163440 2230.5
1163450 2230.5
1163460 2236.7
1163470 2242.5
1163480 2242.5
1163490 2248.3
1163500 2254.4
1163510 2254.4
1163520 2259.8
1163530 2266.5
1163540 2269.1
1163550 2276.6
1163560 2284.6
1163570 2291.5
1163580 2291.5
1163590 2297.7
1163600 2304.0
1163610 2304.0
1163620 2310.4
1163630 2316.0
1163640 2316.0
1163650 2321.3
1163660 2326.9
1163670 2326.9
1163680 2332.2
1163690 2337.6
1163700 2337.6
1163710 2342.9
1163720 2348.2
1163730 2348.2
1163740 2353.5
1163750 2359.0
1163760 2364.7
1163770 2364.7
1163780 2370.2
1163790 2375.6
1163800 2375.6
1163810 2380.9
1163820 2385.4
1163830 2385.4
1163840 2390.8
1163850 2397.0
1163860 2397.0
1163870 2402.3
1163880 2407.1
1163890 2407.1
1163900 2413.0
1163910 2418.3
1163920 2418.3
1163930 2429.4
1163940 2435.8
1163950 2435.8
1163960 2441.1
1163970 2446.8
1163980 2452.3
1163990 2452.3
1164000 2457.9
1164010 2462.8
1164020 2462.8
1164030 2467.2
1164040 2471.9
1164050 2471.9
1164060 2476.7
1164070 2482.4
1164080 2482.4
1164090 2487.8
1164100 2493.5
1164110 2493.5
1164120 2499.5
1164130 2504.5
1164140 2504.5
1164150 2509.2
1164160 2515.1
1164170 2515.1
1164180 2520.7
1164190 2526.0
1164200 2532.5
1164210 2532.5
1164220 2541.0
1164230 2551.5
1164240 2551.5
1164250 2561.1
1164260 2569.8
1164270 2569.8
1164280 2577.7
1164290 2585.6
1164300 2585.6
1164310 2593.4
1164320 2601.2
1164330 2602.8
1164340 2610.7
1164350 2618.8
1164360 2618.8
1164370 2626.7
1164380 2634.3
1164390 2641.3
1164400 2641.3
1164410 2647.1
1164420 2649.7
1164430 2649.7
1164440 2647.4
1164450 2643.0
1164460 2643.0
1164470 2638.6
1164480 2635.2
1164490 2635.2
1164500 2631.4
1164510 2624.3
1164520 2624.3
1164530 2613.2
1164540 2603.9
1164550 2603.9
1164560 2595.7
1164570 2587.4
1164580 2587.4
1164590 2580.4
1164600 2572.5
1164610 2565.3
1164620 2565.3
1164630 2557.7
1164640 2549.8
1164650 2549.8
1164660 2541.7
1164670 2534.0
1164680 2534.0
1164690 2526.2
1164700 2518.7
1164710 2518.7
1164720 2506.3
1164730 2496.3
1164740 2496.3
1164750 2482.1
1164760 2470.8
1164770 2470.8
1164780 2461.9
1164790 2459.7
1164800 2458.0
1164810 2458.0
1164820 2451.7
1164830 2444.1
1164840 2444.1
1164850 2432.5
1164860 2422.6
1164870 2422.6
1164880 2415.0
1164890 2407.5
1164900 2407.5
1164910 2401.2
1164920 2395.2
1164930 2395.2
1164940 2387.7
1164950 2380.2
1164960 2380.2
1164970 2374.0
1164980 2367.4
1164990 2367.4
1165000 2360.8
1165010 2354.5
1165020 2348.4
1165030 2348.4
1165040 2342.4
1165050 2336.6
1165060 2336.6
1165070 2330.9
1165080 2325.1
1165090 2325.1
1165100 2319.3
1165110 2313.8
1165120 2315.3
1165130 2310.5
1165140 2305.6
1165150 2305.6
1165160 2300.8
1165170 2296.2
1165180 2296.2
1165190 2291.5
1165200 2286.7
1165210 2281.8
1165220 2281.8
1165230 2276.8
1165240 2271.7
1165250 2271.7
1165260 2266.0
1165270 2259.5
1165280 2259.5
1165290 2252.8
1165300 2246.7
1165310 2246.7
1165320 2241.2
1165330 2236.8
1165340 2236.8
1165350 2233.1
1165360 2229.5
1165370 2229.5
1165380 2226.3
1165390 2224.4
1165400 2224.4
1165410 2222.4
1165420 2222.4
1165430 2220.2
1165440 2220.2
1165450 2218.3
1165460 2217.5
1165470 2217.5
1165480 2216.5
1165490 2215.5
1165500 2215.5
1165510 2219.4
1165520 2220.2
1165530 2220.2
1165540 2220.6
1165550 2218.1
1165560 2218.1
1165570 2213.9
1165580 2209.8
1165590 2209.8
1165600 2205.9
1165610 2200.3
1165620 2200.3
1165630 2197.0
1165640 2192.3
1165650 2186.6
1165660 2186.6
1165670 2181.7
1165680 2178.7
1165690 2178.7
1165700 2177.0
1165710 2174.3
1165720 2174.3
1165730 2171.1
1165740 2166.3
1165750 2166.3
1165760 2160.1
1165770 2155.9
1165780 2155.9
1165790 2153.8
1165800 2150.0
1165810 2150.0
1165820 2143.6
1165830 2139.7
1165840 2138.3
1165850 2138.3
1165860 2136.7
1165870 2133.0
1165880 2133.0
1165890 2126.5
1165900 2123.9
1165910 2121.6
1165920 2116.9
1165930 2110.8
1165940 2110.8
1165950 2101.6
1165960 2092.2
1165970 2092.2
1165980 2086.6
1165990 2081.0
1166000 2081.0
1166010 2076.7
1166020 2074.9
1166030 2074.9
1166040 2073.7
1166050 2072.5
1166060 2070.5
1166070 2070.5
1166080 2068.4
1166090 2065.9
1166100 2065.9
1166110 2063.2
1166120 2060.2
1166130 2060.2
1166140 2057.2
1166150 2054.4
1166160 2054.4
1166170 2052.2
1166180 2049.6
1166190 2049.6
1166200 2046.7
1166210 2043.2
1166220 2043.2
1166230 2038.9
1166240 2035.0
1166250 2031.8
1166260 2031.8
1166270 2029.6
1166280 2027.1
1166290 2027.1
1166300 2025.0
1166310 2028.2
1166320 2028.2
1166330 2027.5
1166340 2026.3
1166350 2026.3
1166360 2024.1
1166370 2021.2
1166380 2021.2
1166390 2018.6
1166400 2016.9
1166410 2016.9
1166420 2016.2
1166430 2015.0
1166440 2015.0
1166450 2012.9
1166460 2010.5
1166470 2009.0
1166480 2009.0
1166490 2008.0
1166500 2002.8
1166510 2002.8
1166520 2002.1
1166530 2002.5
1166540 2002.5
1166550 2000.6
1166560 1999.8
1166570 1999.8
1166580 1998.1
1166590 1996.3
1166600 1996.3
1166610 1997.5
1166620 1997.3
1166630 1997.3
1166640 1995.5
1166650 1995.2
1166660 1996.2
1166670 1996.2
1166680 1996.2
1166690 1997.4
1166700 1997.4
1166710 2005.2
1166720 2003.9
1166730 2003.9
1166740 2000.8
1166750 2000.1
1166760 2000.1
1166770 2001.2
1166780 2002.9
1166790 2002.9
1166800 2003.9
1166810 2004.5
1166820 2004.5
1166830 2004.3
1166840 2005.8
1166850 2005.8
1166860 2008.3
1166870 2007.2
1166880 2002.6
1166890 2002.6
1166900 2000.8
1166910 2000.1
1166920 2000.1
1166930 2000.3
1166940 2000.6
1166950 2000.6
1166960 2004.0
1166970 2009.1
1166980 2009.1
1166990 2012.4
1167000 2015.1
1167010 2015.1
1167020 2017.3
1167030 2020.0
1167040 2020.0
1167050 2021.9
1167060 2022.9
1167070 2023.0
1167080 2023.0
1167090 2022.8
1167100 2021.7
1167110 2028.7
1167120 2027.2
1167130 2025.9
1167140 2025.9
1167150 2024.3
1167160 2022.8
1167170 2022.8
1167180 2021.4
1167190 2021.9
1167200 2021.9
1167210 2022.8
1167220 2022.6
1167230 2022.6
1167240 2022.2
1167250 2020.9
1167260 2020.9
1167270 2019.5
1167280 2018.2
1167290 2017.6
1167300 2017.6
1167310 2016.6
1167320 2016.7
1167330 2016.7
1167340 2017.0
1167350 2017.6
1167360 2017.6
1167370 2018.8
1167380 2021.0
1167390 2021.0
1167400 2022.1
1167410 2021.8
1167420 2021.8
1167430 2021.7
1167440 2021.7
1167450 2021.7
1167460 2022.3
1167470 2024.3
1167480 2024.3
1167490 2027.0
1167500 2032.3
1167510 2031.2
1167520 2031.2
1167530 2029.4
1167540 2027.3
1167550 2027.3
1167560 2025.2
1167570 2023.0
1167580 2023.0
1167590 2019.8
1167600 2016.9
1167610 2016.9
1167620 2012.8
1167630 2007.6
1167640 2007.6
1167650 2002.1
1167660 1995.6
1167670 1995.6
1167680 1991.9
1167690 1991.7
1167700 1992.1
1167710 1992.1
1167720 1992.7
1167730 1997.0
1167740 1997.0
1167750 2001.5
1167760 2005.7
1167770 2005.7
1167780 2006.4
1167790 2005.4
1167800 2005.4
1167810 2004.1
1167820 2003.9
1167830 2003.9
1167840 2004.1
1167850 2002.8
1167860 2002.8
1167870 1997.8
1167880 1992.2
1167890 1992.2
1167900 1996.4
1167910 1994.9
1167920 1994.5
1167930 1994.5
1167940 1994.9
1167950 1994.7
1167960 1994.7
1167970 1991.1
1167980 1987.8
1167990 1987.8
1168000 1985.7
1168010 1985.3
1168020 1985.3
1168030 1986.4
1168040 1990.0
1168050 1990.0
1168060 1995.7
1168070 1999.6
1168080 1999.6
1168090 2002.3
1168100 2005.4
1168110 2007.9
1168120 2007.9
1168130 2009.4
1168140 2010.5
1168150 2010.5
1168160 2009.4
1168170 2008.0
1168180 2008.0
1168190 2005.8
1168200 2004.5
1168210 2004.5
1168220 2003.8
1168230 2004.4
1168240 2004.4
1168250 2005.4
1168260 2006.1
1168270 2006.1
1168280 2007.2
1168290 2008.7
1168300 2013.1
1168310 2014.8
1168320 2016.7
1168330 2018.1
1168340 2018.1
1168350 2018.3
1168360 2018.0
1168370 2018.0
1168380 2017.4
1168390 2017.9
1168400 2017.9
1168410 2018.4
1168420 2015.8
1168430 2015.8
1168440 2012.1
1168450 2009.3
1168460 2009.3
1168470 2006.9
1168480 2004.2
1168490 2004.2
1168500 2001.8
1168510 2000.1
1168520 1998.9
1168530 1998.9
1168540 1998.6
1168550 1998.4
1168560 1998.4
1168570 1997.5
1168580 1996.4
1168590 1996.4
1168600 1994.7
1168610 1992.2
1168620 1992.2
1168630 1987.2
1168640 1982.1
1168650 1982.1
1168660 1977.9
1168670 1976.8
1168680 1976.8
1168690 1977.1
1168700 1987.5
1168710 1987.5
1168720 1990.0
1168730 1989.6
1168740 1987.9
1168750 1987.9
1168760 1986.1
1168770 1984.7
1168780 1984.7
1168790 1983.4
1168800 1983.2
1168810 1983.2
1168820 1983.0
1168830 1982.2
1168840 1982.2
1168850 1980.3
1168860 1978.1
1168870 1978.1
1168880 1976.7
1168890 1976.6
1168900 1976.6
1168910 1977.8
1168920 1977.5
1168930 1977.5
1168940 1976.7
1168950 1975.1
1168960 1972.7
1168970 1972.7
1168980 1968.3
1168990 1965.9
1169000 1965.9
1169010 1964.4
1169020 1960.9
1169030 1960.9
1169040 1960.0
1169050 1957.4
1169060 1957.4
1169070 1955.3
1169080 1954.0
1169090 1954.0
1169100 1952.5
1169110 1958.9
1169120 1958.9
1169130 1958.6
1169140 1957.0
1169150 1956.4
1169160 1956.4
1169170 1956.8
1169180 1956.8
1169190 1956.8
1169200 1955.7
1169210 1952.6
1169220 1952.6
1169230 1950.3
1169240 1946.7
1169250 1946.7
1169260 1945.1
1169270 1945.5
1169280 1945.5
1169290 1942.8
1169300 1938.4
1169310 1938.4
1169320 1933.7
1169330 1931.3
1169340 1931.3
1169350 1931.1
1169360 1932.5
1169370 1931.9
1169380 1931.9
1169390 1931.8
1169400 1932.8
1169410 1932.8
1169420 1930.6
1169430 1927.6
1169440 1927.6
1169450 1925.5
1169460 1923.6
1169470 1923.6
1169480 1921.3
1169490 1919.2
1169500 1919.2
1169510 1919.6
1169520 1914.3
1169530 1914.3
1169540 1907.7
1169550 1898.7
1169560 1892.6
1169570 1892.6
1169580 1896.7
1169590 1900.8
1169600 1900.8
1169610 1903.6
1169620 1905.2
1169630 1905.2
1169640 1905.2
1169650 1905.6
1169660 1905.6
1169670 1906.3
1169680 1906.9
1169690 1906.9
1169700 1907.8
1169710 1907.6
1169720 1907.6
1169730 1902.8
1169740 1896.7
1169750 1896.7
1169760 1889.6
1169770 1877.5
1169780 1857.8
1169790 1857.8
1169800 1846.4
1169810 1834.0
1169820 1834.0
1169830 1806.1
1169840 1792.7
1169850 1792.7
1169860 1786.6
1169870 1782.6
1169880 1782.6
1169890 1780.3
1169900 1776.9
1169910 1787.1
1169920 1786.1
1169930 1776.0
1169940 1776.0
1169950 1764.0
1169960 1758.0
1169970 1759.8
1169980 1759.8
1169990 1762.0
1170000 1756.4
1170010 1756.4
1170020 1748.4
1170030 1741.3
1170040 1741.3
1170050 1736.3
1170060 1732.3
1170070 1732.3
1170080 1724.0
1170090 1718.6
1170100 1718.6
1170110 1716.4
1170120 1714.1
1170130 1714.1
1170140 1712.5
1170150 1709.5
1170160 1709.5
1170170 1704.8
1170180 1700.4
1170190 1696.5
1170200 1696.5
1170210 1691.6
1170220 1686.6
1170230 1686.6
1170240 1682.6
1170250 1678.0
1170260 1678.0
1170270 1674.4
1170280 1670.8
1170290 1670.8
1170300 1666.1
1170310 1665.4
1170320 1665.4
1170330 1660.8
1170340 1655.4
1170350 1655.4
1170360 1649.6
1170370 1644.1
1170380 1639.5
1170390 1639.5
1170400 1635.2
1170410 1630.2
1170420 1630.2
1170430 1624.6
1170440 1617.4
1170450 1617.4
1170460 1613.9
1170470 1611.4
1170480 1611.4
1170490 1608.3
1170500 1604.6
1170510 1604.6
1170520 1601.0
1170530 1597.5
1170540 1597.5
1170550 1593.9
1170560 1589.9
1170570 1589.9
1170580 1586.0
1170590 1582.7
1170600 1579.5
1170610 1579.5
1170620 1576.5
1170630 1572.7
1170640 1572.7
1170650 1568.9
1170660 1564.7
1170670 1564.7
1170680 1561.7
1170690 1559.3
1170700 1559.3
1170710 1556.5
1170720 1560.2
1170730 1560.2
1170740 1554.0
1170750 1549.2
1170760 1549.2
1170770 1545.4
1170780 1541.3
1170790 1541.3
1170800 1536.2
1170810 1530.8
1170820 1525.4
1170830 1525.4
1170840 1520.9
1170850 1514.8
1170860 1514.8
1170870 1510.7
1170880 1511.6
1170890 1511.6
1170900 1514.0
1170910 1512.0
1170920 1512.0
1170930 1510.2
1170940 1509.1
1170950 1509.1
1170960 1507.0
1170970 1504.7
1170980 1504.7
1170990 1502.3
1171000 1499.8
1171010 1498.9
1171020 1498.9
1171030 1497.2
1171040 1491.3
1171050 1491.3
1171060 1486.8
1171070 1481.8
1171080 1481.8
1171090 1475.0
1171100 1467.2
1171110 1467.2
1171120 1453.2
1171130 1418.7
1171140 1418.7
1171150 1400.7
1171160 1390.3
1171170 1390.3
1171180 1380.3
1171190 1371.1
1171200 1371.1
1171210 1362.6
1171220 1354.4
1171230 1345.9
1171240 1345.9
1171250 1336.7
1171260 1326.5
1171270 1326.5
1171280 1316.5
1171290 1305.8
1171300 1305.8
1171310 1293.6
1171320 1286.8
1171330 1286.8
1171340 1298.6
1171350 1308.6
1171360 1308.6
1171370 1320.1
1171380 1332.4
1171390 1332.4
1171400 1338.9
1171410 1343.1
1171420 1348.8
1171430 1348.8
1171440 1357.5
1171450 1367.4
1171460 1367.4
1171470 1377.8
1171480 1386.7
1171490 1386.7
1171500 1394.2
1171510 1400.6
1171520 1399.0
1171530 1404.1
1171540 1409.5
1171550 1409.5
1171560 1415.2
1171570 1420.7
1171580 1420.7
1171590 1426.1
1171600 1431.9
1171610 1431.9
1171620 1438.3
1171630 1444.9
1171640 1450.9
1171650 1450.9
1171660 1456.9
1171670 1463.2
1171680 1463.2
1171690 1470.1
1171700 1475.7
1171710 1475.7
1171720 1482.5
1171730 1489.3
1171740 1489.3
1171750 1496.3
1171760 1502.1
1171770 1502.1
1171780 1507.2
1171790 1512.5
1171800 1512.5
1171810 1517.6
1171820 1523.0
1171830 1528.0
1171840 1528.0
1171850 1533.1
1171860 1539.0
1171870 1539.0
1171880 1545.6
1171890 1551.5
1171900 1551.5
1171910 1557.1
1171920 1563.4
1171930 1558.5
1171940 1564.6
1171950 1569.9
1171960 1569.9
1171970 1576.3
1171980 1583.2
1171990 1583.2
1172000 1589.4
1172010 1594.7
1172020 1594.7
1172030 1599.2
1172040 1603.5
1172050 1607.5
1172060 1607.5
1172070 1611.3
1172080 1615.5
1172090 1615.5
1172100 1618.6
1172110 1621.4
1172120 1621.4
1172130 1623.9
1172140 1626.4
1172150 1626.4
1172160 1628.7
1172170 1631.5
1172180 1631.5
1172190 1634.3
1172200 1636.2
1172210 1636.2
1172220 1637.3
1172230 1638.7
1172240 1640.5
1172250 1640.5
1172260 1642.6
1172270 1644.4
1172280 1644.4
1172290 1646.2
1172300 1648.1
1172310 1648.1
1172320 1650.0
1172330 1646.1
1172340 1646.1
1172350 1648.2
1172360 1651.0
1172370 1651.0
1172380 1653.5
1172390 1655.8
1172400 1655.8
1172410 1658.0
1172420 1659.4
1172430 1659.4
1172440 1661.0
1172450 1662.5
1172460 1663.6
1172470 1663.6
1172480 1664.4
1172490 1665.6
1172500 1665.6
1172510 1667.7
1172520 1670.0
1172530 1670.0
1172540 1671.6
1172550 1673.1
1172560 1673.1
1172570 1675.1
1172580 1676.7
1172590 1676.7
1172600 1678.1
1172610 1679.1
1172620 1679.1
1172630 1679.8
1172640 1680.6
1172650 1680.6
1172660 1681.2
1172670 1681.5
1172680 1683.3
1172690 1683.3
1172700 1684.6
1172710 1685.2
1172720 1685.2
1172730 1685.4
1172740 1676.7
1172750 1676.7
1172760 1675.5
1172770 1674.1
1172780 1674.1
1172790 1672.9
1172800 1672.9
1172810 1672.9
1172820 1673.8
1172830 1676.0
1172840 1676.0
1172850 1677.6
1172860 1676.7
1172870 1676.4
1172880 1676.4
1172890 1676.5
1172900 1676.4
1172910 1676.4
1172920 1675.8
1172930 1675.1
1172940 1675.1
1172950 1671.9
1172960 1667.8
1172970 1667.8
1172980 1666.3
1172990 1666.2
1173000 1666.2
1173010 1664.5
1173020 1662.0
1173030 1662.0
1173040 1660.6
1173050 1657.2
1173060 1657.2
1173070 1644.9
1173080 1639.1
1173090 1636.3
1173100 1636.3
1173110 1635.2
1173120 1619.4
1173130 1619.4
1173140 1599.1
1173150 1575.6
1173160 1575.6
1173170 1559.5
1173180 1549.9
1173190 1549.9
1173200 1542.1
1173210 1533.2
1173220 1533.2
1173230 1521.4
1173240 1511.8
1173250 1511.8
1173260 1503.5
1173270 1495.0
1173280 1488.8
1173290 1488.8
1173300 1480.8
1173310 1472.6
1173320 1472.6
1173330 1464.8
1173340 1457.1
1173350 1457.1
1173360 1450.2
1173370 1442.8
1173380 1442.8
1173390 1435.2
1173400 1428.1
1173410 1428.1
1173420 1426.2
1173430 1425.5
1173440 1425.5
1173450 1421.4
1173460 1416.2
1173470 1416.2
1173480 1410.9
1173490 1407.8
1173500 1405.3
1173510 1405.3
1173520 1402.0
1173530 1392.8
1173540 1392.8
1173550 1369.9
1173560 1360.7
1173570 1360.7
1173580 1352.3
1173590 1345.1
1173600 1345.1
1173610 1338.0
1173620 1328.9
1173630 1328.9
1173640 1319.5
1173650 1310.2
1173660 1310.2
1173670 1301.4
1173680 1293.0
1173690 1284.8
1173700 1284.8
1173710 1276.4
1173720 1268.2
1173730 1268.2
1173740 1260.6
1173750 1252.5
1173760 1252.5
1173770 1244.4
1173780 1236.7
1173790 1236.7
1173800 1230.1
1173810 1224.3
1173820 1224.3
1173830 1218.9
1173840 1214.6
1173850 1214.6
1173860 1211.9
1173870 1207.6
1173880 1207.6
1173890 1204.6
1173900 1201.8
1173910 1199.0
1173920 1199.0
1173930 1196.6
1173940 1193.8
1173950 1193.8
1173960 1184.2
1173970 1179.7
1173980 1179.7
1173990 1176.1
1174000 1173.2
1174010 1173.2
1174020 1170.3
1174030 1166.7
1174040 1166.7
1174050 1162.3
1174060 1157.6
1174070 1157.6
1174080 1153.6
1174090 1149.7
1174100 1146.1
1174110 1146.1
1174120 1144.5
1174130 1142.2
1174140 1142.2
1174150 1139.2
1174160 1137.1
1174170 1137.1
1174180 1135.7
1174190 1134.1
1174200 1134.1
1174210 1131.8
1174220 1130.4
1174230 1130.4
1174240 1129.8
1174250 1129.0
1174260 1129.0
1174270 1127.8
1174280 1125.0
1174290 1125.0
1174300 1122.4
1174310 1117.6
1174320 1116.9
1174330 1116.9
1174340 1115.6
1174350 1114.5
1174360 1114.5
1174370 1108.1
1174380 1105.1
1174390 1105.1
1174400 1102.4
1174410 1100.7
1174420 1100.7
1174430 1099.6
1174440 1098.2
1174450 1098.2
1174460 1095.6
1174470 1093.4
1174480 1093.4
1174490 1093.6
1174500 1091.1
1174510 1091.1
1174520 1087.2
1174530 1085.5
1174540 1086.0
1174550 1086.0
1174560 1086.9
1174570 1085.7
1174580 1085.7
1174590 1084.0
1174600 1082.8
1174610 1082.8
1174620 1081.6
1174630 1078.9
1174640 1078.9
1174650 1076.3
1174660 1074.1
1174670 1074.1
1174680 1071.4
1174690 1067.8
1174700 1067.8
1174710 1063.1
1174720 1058.1
1174730 1053.5
1174740 1053.5
1174750 1049.6
1174760 1049.2
1174770 1049.2
1174780 1043.8
1174790 1039.4
1174800 1039.4
1174810 1037.6
1174820 1036.8
1174830 1036.8
1174840 1034.9
1174850 1033.2
1174860 1033.2
1174870 1031.6
1174880 1030.1
1174890 1030.1
1174900 1028.6
1174910 1026.8
1174920 1026.8
1174930 1024.6
1174940 1022.5
1174950 1020.4
1174960 1020.4
1174970 1018.3
1174980 1016.5
1174990 1016.5
1175000 1014.7
1175010 1013.2
1175020 1013.2
1175030 1011.7
1175040 1010.3
1175050 1010.3
1175060 1008.8
1175070 1007.4
1175080 1007.4
1175090 1005.8
1175100 1004.2
1175110 1004.2
1175120 1002.9
1175130 1001.4
1175140 999.8
1175150 999.8
1175160 998.4
1175170 997.1
1175180 997.1
1175190 994.1
1175200 992.7
1175210 992.7
1175220 991.0
1175230 989.2
1175240 989.2
1175250 986.6
1175260 985.0
1175270 985.0
1175280 982.9
1175290 981.3
1175300 981.3
1175310 980.2
1175320 978.6
1175330 978.6
1175340 976.4
1175350 975.0
1175360 973.5
1175370 973.5
1175380 972.2
1175390 971.1
1175400 971.1
1175410 969.8
1175420 968.4
1175430 968.4
1175440 967.2
1175450 964.8
1175460 964.8
1175470 963.5
1175480 962.6
1175490 962.6
1175500 961.3
1175510 958.2
1175520 958.2
1175530 953.9
1175540 950.7
1175550 949.4
1175560 949.4
1175570 948.7
1175580 947.7
1175590 947.7
1175600 947.0
1175610 946.6
1175620 946.6
1175630 945.0
1175640 942.1
1175650 942.1
1175660 941.3
1175670 941.4
1175680 941.4
1175690 941.9
1175700 942.2
1175710 942.2
1175720 942.1
1175730 942.7
1175740 942.7
1175750 945.4
1175760 946.0
1175770 945.7
1175780 945.7
1175790 945.5
1175800 945.5
1175810 945.5
1175820 945.5
1175830 945.3
1175840 945.3
1175850 945.1
1175860 945.1
1175870 945.1
1175880 945.2
1175890 945.3
1175900 945.3
1175910 945.3
1175920 945.2
1175930 945.2
1175940 945.2
1175950 945.2
1175960 945.1
1175970 945.1
1175980 945.1
1175990 945.0
1176000 945.0
1176010 945.1
1176020 945.2
1176030 945.2
1176040 945.3
1176050 945.6
1176060 945.6
1176070 945.7
1176080 945.6
1176090 945.6
1176100 945.5
1176110 945.4
1176120 945.4
1176130 945.4
1176140 945.6
1176150 945.6
1176160 945.6
1176170 945.6
1176180 945.4
1176190 945.4
1176200 945.4
1176210 945.3
1176220 945.3
1176230 945.2
1176240 945.1
1176250 945.1
1176260 945.0
1176270 944.8
1176280 944.8
1176290 944.8
1176300 944.7
1176310 944.7
1176320 944.7
1176330 944.6
1176340 944.6
1176350 944.7
1176360 944.9
1176370 945.0
1176380 945.0
1176390 945.5
1176400 948.5
1176410 948.5
1176420 958.1
1176430 962.4
1176440 962.4
1176450 966.2
1176460 975.9
1176470 975.9
1176480 995.5
1176490 1009.2
1176500 1009.2
1176510 1017.5
1176520 1025.1
1176530 1025.1
1176540 1032.7
1176550 1039.0
1176560 1039.0
1176570 1045.6
1176580 1052.0
1176590 1059.4
1176600 1059.4
1176610 1067.0
1176620 1073.9
1176630 1073.9
1176640 1080.6
1176650 1088.7
1176660 1088.7
1176670 1097.4
1176680 1107.4
1176690 1107.4
1176700 1120.8
1176710 1144.1
1176720 1144.1
1176730 1166.9
1176740 1177.9
1176750 1177.9
1176760 1185.8
1176770 1195.2
1176780 1195.2
1176790 1207.8
1176800 1215.9
1176810 1223.6
1176820 1223.6
1176830 1240.8
1176840 1249.8
1176850 1249.8
1176860 1260.0
1176870 1267.7
1176880 1267.7
1176890 1274.6
1176900 1281.2
1176910 1281.2
1176920 1287.1
1176930 1293.2
1176940 1293.2
1176950 1299.3
1176960 1304.7
1176970 1304.7
1176980 1310.0
1176990 1315.6
1177000 1321.4
1177010 1321.4
1177020 1326.8
1177030 1331.0
1177040 1331.0
1177050 1334.9
1177060 1339.1
1177070 1339.1
1177080 1343.3
1177090 1346.6
1177100 1346.6
1177110 1349.1
1177120 1351.4
1177130 1351.4
1177140 1353.2
1177150 1354.1
1177160 1354.1
1177170 1354.3
1177180 1353.7
1177190 1353.7
1177200 1353.5
1177210 1354.1
1177220 1356.3
1177230 1356.3
1177240 1365.0
1177250 1369.6
1177260 1369.6
1177270 1373.0
1177280 1376.0
1177290 1376.0
1177300 1378.1
1177310 1379.5
1177320 1379.5
1177330 1383.0
1177340 1387.8
1177350 1387.8
1177360 1392.2
1177370 1397.3
1177380 1397.3
1177390 1403.0
1177400 1409.0
1177410 1414.5
1177420 1414.5
1177430 1420.2
1177440 1425.0
1177450 1425.0
1177460 1429.3
1177470 1431.5
1177480 1431.5
1177490 1434.4
1177500 1438.5
1177510 1438.5
1177520 1443.2
1177530 1448.6
1177540 1448.6
1177550 1454.3
1177560 1460.6
1177570 1460.6
1177580 1465.9
1177590 1470.9
1177600 1470.9
1177610 1475.4
1177620 1478.7
1177630 1481.8
1177640 1481.8
1177650 1491.0
1177660 1493.8
1177670 1493.8
1177680 1497.4
1177690 1501.3
1177700 1501.3
1177710 1504.4
1177720 1506.8
1177730 1506.8
1177740 1509.4
1177750 1511.2
1177760 1511.2
1177770 1512.7
1177780 1513.7
1177790 1513.7
1177800 1515.3
1177810 1517.6
1177820 1520.2
1177830 1520.2
1177840 1522.5
1177850 1525.4
1177860 1525.4
1177870 1527.9
1177880 1530.3
1177890 1530.3
1177900 1532.8
1177910 1534.2
1177920 1534.2
1177930 1534.6
1177940 1534.5
1177950 1534.5
1177960 1534.7
1177970 1537.6
1177980 1537.6
1177990 1541.8
1178000 1546.4
1178010 1546.4
1178020 1550.9
1178030 1556.3
1178040 1561.7
1178050 1561.7
1178060 1573.8
1178070 1577.3
1178080 1577.3
1178090 1580.2
1178100 1584.0
1178110 1584.0
1178120 1589.9
1178130 1595.6
1178140 1595.6
1178150 1601.5
1178160 1608.0
1178170 1608.0
1178180 1612.8
1178190 1621.4
1178200 1621.4
1178210 1632.7
1178220 1641.7
1178230 1652.9
1178240 1652.9
1178250 1660.6
1178260 1666.3
1178270 1666.3
1178280 1668.9
1178290 1668.3
1178300 1668.3
1178310 1670.0
1178320 1674.6
1178330 1674.6
1178340 1679.9
1178350 1684.4
1178360 1684.4
1178370 1688.4
1178380 1691.8
1178390 1691.8
1178400 1694.4
1178410 1696.6
1178420 1696.6
1178430 1699.6
1178440 1701.1
1178450 1699.4
1178460 1699.4
1178470 1700.0
1178480 1712.2
1178490 1712.2
1178500 1715.2
1178510 1721.3
1178520 1721.3
1178530 1728.8
1178540 1735.5
1178550 1735.5
1178560 1742.7
1178570 1748.7
1178580 1748.7
1178590 1752.8
1178600 1757.1
1178610 1757.1
1178620 1762.5
1178630 1770.7
1178640 1779.8
1178650 1779.8
1178660 1784.7
1178670 1789.8
1178680 1789.8
1178690 1796.1
1178700 1801.3
1178710 1801.3
1178720 1806.4
1178730 1810.7
1178740 1810.7
1178750 1816.1
1178760 1821.9
1178770 1821.9
1178780 1824.4
1178790 1826.2
1178800 1826.2
1178810 1829.6
1178820 1839.5
1178830 1839.5
1178840 1858.3
1178850 1869.8
1178860 1869.9
1178870 1869.9
1178880 1866.0
1178890 1877.3
1178900 1877.3
1178910 1879.6
1178920 1895.9
1178930 1895.9
1178940 1911.3
1178950 1922.8
1178960 1922.8
1178970 1934.0
1178980 1940.0
1178990 1940.0
1179000 1944.2
1179010 1945.1
1179020 1945.1
1179030 1947.7
1179040 1952.0
1179050 1952.0
1179060 1955.9
1179070 1958.5
1179080 1960.9
1179090 1960.9
1179100 1963.5
1179110 1966.9
1179120 1966.9
1179130 1969.9
1179140 1974.2
1179150 1974.2
1179160 1979.3
1179170 1984.4
1179180 1984.4
1179190 1988.0
1179200 1991.2
1179210 1991.2
1179220 1995.4
1179230 2000.6
1179240 2000.6
1179250 2006.0
1179260 2011.8
1179270 2017.8
1179280 2017.8
1179290 2022.9
1179300 2048.1
1179310 2048.1
1179320 2051.2
1179330 2053.6
1179340 2053.6
1179350 2055.2
1179360 2056.5
1179370 2056.5
1179380 2057.3
1179390 2058.3
1179400 2058.3
1179410 2060.1
1179420 2063.0
1179430 2063.0
1179440 2065.3
1179450 2067.6
1179460 2067.6
1179470 2070.8
1179480 2073.1
1179490 2075.5
1179500 2075.5
1179510 2077.8
1179520 2080.7
1179530 2080.7
1179540 2084.6
1179550 2088.7
1179560 2088.7
1179570 2094.3
1179580 2100.7
1179590 2100.7
1179600 2105.4
1179610 2108.7
1179620 2108.7
1179630 2112.2
1179640 2115.5
1179650 2115.5
1179660 2117.6
1179670 2118.6
1179680 2118.9
1179690 2118.9
1179700 2117.8
1179710 2117.1
1179720 2115.5
1179730 2114.9
1179740 2114.7
1179750 2114.7
1179760 2114.3
1179770 2113.9
1179780 2113.9
1179790 2112.5
1179800 2110.5
1179810 2110.5
1179820 2108.0
1179830 2105.7
1179840 2105.7
1179850 2103.5
1179860 2101.3
1179870 2101.3
1179880 2099.4
1179890 2097.6
1179900 2095.9
1179910 2095.9
1179920 2094.5
1179930 2092.5
1179940 2092.5
1179950 2090.7
1179960 2089.5
1179970 2089.5
1179980 2089.0
1179990 2088.5
