1160000 2412.9
1160010 2408.0
1160020 2399.0
1160030 2399.0
1160040 2392.5
1160050 2389.2
1160060 2389.2
1160070 2386.0
1160080 2381.3
1160090 2381.3
1160100 2376.1
1160110 2370.6
1160120 2370.6
1160130 2363.3
1160140 2352.4
1160150 2352.4
1160160 2344.9
1160170 2342.1
1160180 2336.1
1160190 2336.1
1160200 2329.9
1160210 2322.9
1160220 2322.9
1160230 2313.7
1160240 2306.7
1160250 2306.7
1160260 2301.2
1160270 2296.8
1160280 2296.8
1160290 2290.9
1160300 2283.1
1160310 2283.1
1160320 2275.1
1160330 2266.7
1160340 2266.7
1160350 2258.2
1160360 2253.4
1160370 2253.4
1160380 2250.5
1160390 2247.8
1160400 2245.8
1160410 2245.8
1160420 2243.7
1160430 2240.3
1160440 2240.3
1160450 2236.6
1160460 2233.4
1160470 2233.4
1160480 2229.2
1160490 2224.7
1160500 2224.7
1160510 2220.8
1160520 2218.8
1160530 2218.8
1160540 2217.9
1160550 2216.1
1160560 2214.8
1160570 2213.1
1160580 2211.2
1160590 2208.8
1160600 2208.8
1160610 2206.1
1160620 2203.3
1160630 2203.3
1160640 2200.5
1160650 2198.0
1160660 2198.0
1160670 2194.9
1160680 2191.7
1160690 2191.7
1160700 2188.4
1160710 2184.9
1160720 2184.9
1160730 2181.6
1160740 2180.1
1160750 2180.1
1160760 2179.4
1160770 2177.0
1160780 2177.0
1160790 2175.8
1160800 2175.0
1160810 2173.2
1160820 2173.2
1160830 2170.9
1160840 2168.6
1160850 2168.6
1160860 2166.2
1160870 2163.6
1160880 2163.6
1160890 2160.2
1160900 2156.3
1160910 2156.3
1160920 2152.0
1160930 2147.2
1160940 2147.2
1160950 2139.1
1160960 2132.9
1160970 2132.9
1160980 2127.2
1160990 2122.9
1161000 2122.9
1161010 2118.7
1161020 2114.8
1161030 2111.0
1161040 2111.0
1161050 2106.9
1161060 2103.1
1161070 2103.1
1161080 2100.6
1161090 2097.1
1161100 2097.1
1161110 2094.3
1161120 2091.7
1161130 2091.7
1161140 2089.0
1161150 2086.5
1161160 2086.5
1161170 2084.0
1161180 2081.7
1161190 2081.7
1161200 2079.3
1161210 2077.0
1161220 2074.5
1161230 2074.5
1161240 2070.9
1161250 2065.9
1161260 2065.9
1161270 2060.0
1161280 2054.2
1161290 2054.2
1161300 2048.1
1161310 2042.5
1161320 2042.5
1161330 2037.3
1161340 2031.7
1161350 2031.7
1161360 2027.8
1161370 2025.5
1161380 2025.5
1161390 2027.5
1161400 2030.4
1161410 2030.4
1161420 2031.2
1161430 2029.8
1161440 2028.5
1161450 2028.5
1161460 2029.0
1161470 2029.5
1161480 2029.5
1161490 2030.3
1161500 2032.0
1161510 2032.0
1161520 2033.5
1161530 2035.3
1161540 2035.3
1161550 2034.2
1161560 2032.2
1161570 2032.2
1161580 2032.2
1161590 2031.7
1161600 2031.7
1161610 2028.9
1161620 2026.6
1161630 2024.3
1161640 2024.3
1161650 2020.8
1161660 2018.2
1161670 2018.2
1161680 2020.9
1161690 2027.9
1161700 2027.9
1161710 2034.7
1161720 2040.2
1161730 2042.7
1161740 2047.8
1161750 2052.8
1161760 2052.8
1161770 2056.7
1161780 2061.0
1161790 2061.0
1161800 2066.6
1161810 2072.2
1161820 2072.2
1161830 2078.2
1161840 2084.4
1161850 2090.7
1161860 2090.7
1161870 2097.5
1161880 2104.8
1161890 2104.8
1161900 2112.5
1161910 2119.3
1161920 2119.3
1161930 2126.6
1161940 2132.7
1161950 2132.7
1161960 2137.2
1161970 2141.3
1161980 2141.3
1161990 2145.5
1162000 2149.7
1162010 2149.7
1162020 2153.5
1162030 2157.2
1162040 2157.2
1162050 2160.7
1162060 2164.3
1162070 2167.9
1162080 2167.9
1162090 2171.0
1162100 2173.6
1162110 2173.6
1162120 2176.5
1162130 2173.2
1162140 2173.2
1162150 2177.0
1162160 2180.6
1162170 2180.6
1162180 2183.8
1162190 2186.0
1162200 2186.0
1162210 2187.1
1162220 2189.4
1162230 2189.4
1162240 2192.1
1162250 2194.4
1162260 2196.3
1162270 2196.3
1162280 2197.6
1162290 2199.1
1162300 2199.1
1162310 2196.3
1162320 2197.6
1162330 2197.6
1162340 2201.3
1162350 2204.8
1162360 2204.8
1162370 2209.3
1162380 2213.8
1162390 2213.8
1162400 2215.8
1162410 2216.9
1162420 2216.9
1162430 2216.5
1162440 2216.7
1162450 2216.7
1162460 2218.0
1162470 2217.0
1162480 2215.3
1162490 2215.3
1162500 2213.3
1162510 2212.0
1162520 2203.8
1162530 2201.4
1162540 2200.9
1162550 2200.9
1162560 2200.4
1162570 2196.9
1162580 2196.9
1162590 2197.3
1162600 2198.3
1162610 2198.3
1162620 2196.9
1162630 2195.8
1162640 2195.8
1162650 2193.4
1162660 2196.9
1162670 2196.9
1162680 2203.5
1162690 2209.3
1162700 2214.9
1162710 2214.9
1162720 2219.7
1162730 2224.6
1162740 2224.6
1162750 2229.5
1162760 2233.0
1162770 2233.0
1162780 2235.5
1162790 2238.3
1162800 2238.3
1162810 2242.5
1162820 2248.0
1162830 2248.0
1162840 2255.0
1162850 2262.2
1162860 2262.2
1162870 2270.0
1162880 2276.8
1162890 2283.7
1162900 2283.7
1162910 2292.1
1162920 2297.7
1162930 2297.7
1162940 2301.8
1162950 2305.7
1162960 2305.7
1162970 2309.7
1162980 2312.8
1162990 2312.8
1163000 2317.8
1163010 2323.6
1163020 2323.6
1163030 2330.1
1163040 2336.4
1163050 2336.4
1163060 2342.7
1163070 2349.1
1163080 2349.1
1163090 2353.9
1163100 2358.2
1163110 2362.1
1163120 2362.1
1163130 2367.3
1163140 2372.9
1163150 2372.9
1163160 2378.2
1163170 2383.4
1163180 2383.4
1163190 2389.4
1163200 2395.3
1163210 2395.3
1163220 2400.7
1163230 2405.7
1163240 2405.7
1163250 2411.1
1163260 2417.2
1163270 2417.2
1163280 2423.5
1163290 2430.1
1163300 2436.9
1163310 2433.5
1163320 2440.3
1163330 2447.3
1163340 2447.3
1163350 2453.1
1163360 2458.7
1163370 2458.7
1163380 2465.0
1163390 2471.6
1163400 2471.6
1163410 2478.2
1163420 2484.5
1163430 2484.5
1163440 2491.2
1163450 2498.1
1163460 2498.1
1163470 2505.8
1163480 2514.0
1163490 2514.0
1163500 2520.7
1163510 2527.3
1163520 2536.0
1163530 2536.0
1163540 2541.0
1163550 2547.7
1163560 2547.7
1163570 2554.9
1163580 2563.7
1163590 2563.7
1163600 2573.6
1163610 2580.8
1163620 2580.8
1163630 2585.5
1163640 2587.5
1163650 2587.5
1163660 2591.0
1163670 2599.0
1163680 2599.0
1163690 2607.2
1163700 2605.3
1163710 2605.3
1163720 2612.0
1163730 2619.2
1163740 2626.5
1163750 2626.5
1163760 2633.9
1163770 2640.6
1163780 2640.6
1163790 2644.0
1163800 2647.1
1163810 2647.1
1163820 2650.0
1163830 2653.3
1163840 2653.3
1163850 2657.7
1163860 2662.5
1163870 2662.5
1163880 2667.0
1163890 2671.8
1163900 2671.8
1163910 2675.7
1163920 2680.0
1163930 2684.4
1163940 2684.4
1163950 2688.5
1163960 2692.8
1163970 2692.8
1163980 2697.5
1163990 2702.8
1164000 2702.8
1164010 2708.4
1164020 2714.2
1164030 2714.2
1164040 2720.0
1164050 2725.8
1164060 2725.8
1164070 2731.8
1164080 2738.0
1164090 2738.0
1164100 2739.1
1164110 2744.4
1164120 2744.4
1164130 2749.8
1164140 2754.7
1164150 2758.5
1164160 2758.5
1164170 2761.5
1164180 2765.2
1164190 2765.2
1164200 2770.6
1164210 2776.9
1164220 2776.9
1164230 2782.1
1164240 2786.0
1164250 2786.0
1164260 2784.3
1164270 2772.9
1164280 2772.9
1164290 2759.3
1164300 2749.6
1164310 2749.6
1164320 2741.7
1164330 2734.6
1164340 2734.6
1164350 2727.2
1164360 2719.5
1164370 2712.1
1164380 2712.1
1164390 2705.3
1164400 2699.4
1164410 2699.4
1164420 2693.4
1164430 2687.6
1164440 2687.6
1164450 2680.2
1164460 2673.1
1164470 2673.1
1164480 2667.2
1164490 2666.3
1164500 2666.3
1164510 2657.9
1164520 2651.8
1164530 2651.8
1164540 2645.3
1164550 2637.8
1164560 2629.8
1164570 2629.8
1164580 2621.7
1164590 2614.5
1164600 2614.5
1164610 2607.3
1164620 2599.6
1164630 2599.6
1164640 2592.3
1164650 2585.7
1164660 2585.7
1164670 2579.0
1164680 2573.7
1164690 2573.7
1164700 2571.2
1164710 2568.0
1164720 2568.0
1164730 2563.6
1164740 2559.9
1164750 2559.9
1164760 2556.6
1164770 2553.6
1164780 2550.1
1164790 2550.1
1164800 2546.6
1164810 2543.6
1164820 2543.6
1164830 2541.6
1164840 2540.4
1164850 2540.4
1164860 2539.9
1164870 2539.1
1164880 2539.1
1164890 2531.1
1164900 2528.6
1164910 2528.6
1164920 2526.9
1164930 2524.9
1164940 2524.9
1164950 2522.7
1164960 2521.6
1164970 2521.6
1164980 2521.1
1164990 2520.3
1165000 2520.4
1165010 2520.4
1165020 2520.6
1165030 2513.9
1165040 2513.9
1165050 2504.9
1165060 2493.5
1165070 2493.5
1165080 2482.1
1165090 2472.1
1165100 2472.1
1165110 2463.6
1165120 2455.3
1165130 2455.3
1165140 2446.9
1165150 2438.0
1165160 2438.0
1165170 2430.2
1165180 2424.0
1165190 2418.2
1165200 2418.2
1165210 2411.6
1165220 2402.7
1165230 2402.7
1165240 2388.1
1165250 2374.9
1165260 2374.9
1165270 2370.5
1165280 2349.5
1165290 2349.5
1165300 2341.1
1165310 2333.1
1165320 2333.1
1165330 2323.9
1165340 2316.0
1165350 2316.0
1165360 2308.5
1165370 2301.8
1165380 2301.8
1165390 2295.4
1165400 2289.7
1165410 2284.5
1165420 2284.5
1165430 2279.9
1165440 2274.8
1165450 2274.8
1165460 2268.4
1165470 2261.9
1165480 2261.9
1165490 2250.5
1165500 2236.5
1165510 2236.5
1165520 2226.1
1165530 2216.5
1165540 2216.5
1165550 2209.0
1165560 2202.3
1165570 2202.3
1165580 2198.1
1165590 2193.1
1165600 2187.9
1165610 2187.9
1165620 2182.9
1165630 2176.5
1165640 2176.5
1165650 2171.0
1165660 2165.8
1165670 2165.8
1165680 2157.3
1165690 2149.1
1165700 2149.1
1165710 2140.0
1165720 2133.5
1165730 2133.5
1165740 2132.4
1165750 2134.1
1165760 2134.1
1165770 2138.0
1165780 2141.2
1165790 2141.2
1165800 2144.3
1165810 2148.3
1165820 2152.1
1165830 2152.1
1165840 2156.1
1165850 2160.4
1165860 2160.4
1165870 2164.3
1165880 2168.3
1165890 2168.3
1165900 2172.7
1165910 2176.6
1165920 2176.6
1165930 2180.3
1165940 2183.1
1165950 2183.1
1165960 2186.3
1165970 2191.8
1165980 2191.8
1165990 2197.8
1166000 2203.8
1166010 2203.8
1166020 2210.3
1166030 2217.1
1166040 2224.0
1166050 2224.0
1166060 2231.5
1166070 2238.9
1166080 2236.9
1166090 2243.2
1166100 2249.3
1166110 2249.3
1166120 2255.9
1166130 2263.5
1166140 2263.5
1166150 2271.5
1166160 2279.6
1166170 2279.6
1166180 2288.1
1166190 2295.8
1166200 2295.8
1166210 2300.3
1166220 2306.1
1166230 2313.7
1166240 2313.7
1166250 2322.2
1166260 2329.9
1166270 2329.9
1166280 2338.2
1166290 2347.0
1166300 2347.0
1166310 2356.0
1166320 2364.4
1166330 2364.4
1166340 2373.0
1166350 2381.2
1166360 2381.2
1166370 2390.4
1166380 2399.9
1166390 2399.9
1166400 2409.8
1166410 2419.1
1166420 2419.1
1166430 2427.5
1166440 2436.2
1166450 2446.1
1166460 2446.1
1166470 2455.7
1166480 2462.4
1166490 2462.4
1166500 2468.5
1166510 2474.3
1166520 2474.3
1166530 2479.2
1166540 2483.7
1166550 2483.7
1166560 2487.2
1166570 2489.1
1166580 2489.1
1166590 2489.8
1166600 2489.0
1166610 2489.0
1166620 2486.3
1166630 2481.7
1166640 2481.7
1166650 2476.3
1166660 2469.9
1166670 2464.3
1166680 2464.3
1166690 2460.8
1166700 2461.9
1166710 2461.9
1166720 2463.2
1166730 2465.2
1166740 2465.2
1166750 2467.2
1166760 2469.3
1166770 2469.3
1166780 2471.4
1166790 2472.9
1166800 2472.9
1166810 2473.7
1166820 2473.7
1166830 2473.7
1166840 2472.0
1166850 2470.1
1166860 2467.5
1166870 2462.0
1166880 2458.8
1166890 2453.3
1166900 2453.3
1166910 2446.2
1166920 2439.8
1166930 2439.8
1166940 2433.6
1166950 2428.8
1166960 2428.8
1166970 2421.8
1166980 2415.7
1166990 2415.7
1167000 2411.9
1167010 2404.3
1167020 2404.3
1167030 2397.8
1167040 2402.8
1167050 2402.8
1167060 2407.5
1167070 2409.3
1167080 2411.5
1167090 2411.5
1167100 2414.1
1167110 2416.6
1167120 2416.6
1167130 2419.9
1167140 2421.7
1167150 2421.7
1167160 2423.9
1167170 2426.0
1167180 2426.0
1167190 2428.3
1167200 2431.7
1167210 2431.7
1167220 2435.6
1167230 2440.0
1167240 2440.0
1167250 2444.0
1167260 2447.1
1167270 2442.2
1167280 2442.2
1167290 2447.0
1167300 2451.0
1167310 2451.0
1167320 2454.3
1167330 2456.1
1167340 2456.1
1167350 2454.3
1167360 2448.5
1167370 2448.5
1167380 2441.6
1167390 2435.5
1167400 2435.5
1167410 2428.8
1167420 2420.5
1167430 2420.5
1167440 2411.5
1167450 2403.5
1167460 2403.5
1167470 2396.2
1167480 2390.6
1167490 2385.9
1167500 2385.9
1167510 2380.8
1167520 2375.8
1167530 2375.8
1167540 2370.3
1167550 2363.8
1167560 2363.8
1167570 2353.3
1167580 2344.6
1167590 2344.6
1167600 2344.7
1167610 2349.1
1167620 2349.1
1167630 2352.0
1167640 2353.6
1167650 2353.6
1167660 2356.1
1167670 2351.4
1167680 2351.4
1167690 2354.0
1167700 2357.1
1167710 2360.0
1167720 2360.0
1167730 2362.8
1167740 2365.4
1167750 2365.4
1167760 2368.1
1167770 2371.5
1167780 2371.5
1167790 2375.0
1167800 2378.8
1167810 2378.8
1167820 2382.4
1167830 2386.3
1167840 2386.3
1167850 2390.1
1167860 2394.0
1167870 2394.0
1167880 2397.8
1167890 2401.3
1167900 2403.7
1167910 2403.7
1167920 2402.8
1167930 2398.6
1167940 2398.6
1167950 2393.8
1167960 2389.7
1167970 2389.7
1167980 2386.9
1167990 2383.2
1168000 2383.2
1168010 2377.0
1168020 2369.0
1168030 2369.0
1168040 2362.1
1168050 2356.4
1168060 2356.4
1168070 2346.0
1168080 2339.4
1168090 2339.4
1168100 2333.8
1168110 2334.1
1168120 2337.0
1168130 2337.0
1168140 2337.5
1168150 2340.0
1168160 2340.0
1168170 2342.9
1168180 2345.2
1168190 2345.2
1168200 2347.5
1168210 2349.7
1168220 2349.7
1168230 2352.7
1168240 2357.0
1168250 2357.0
1168260 2362.0
1168270 2367.2
1168280 2367.2
1168290 2372.6
1168300 2378.3
1168310 2378.3
1168320 2383.7
1168330 2389.3
1168340 2394.5
1168350 2394.5
1168360 2398.5
1168370 2397.9
1168380 2397.9
1168390 2393.4
1168400 2391.9
1168410 2391.9
1168420 2394.5
1168430 2400.0
1168440 2400.0
1168450 2403.3
1168460 2406.8
1168470 2394.3
1168480 2399.0
1168490 2403.5
1168500 2403.5
1168510 2407.9
1168520 2409.9
1168530 2414.4
1168540 2414.4
1168550 2419.0
1168560 2421.7
1168570 2421.7
1168580 2420.3
1168590 2421.4
1168600 2421.4
1168610 2423.2
1168620 2424.5
1168630 2424.5
1168640 2424.4
1168650 2421.0
1168660 2421.0
1168670 2414.1
1168680 2405.9
1168690 2405.9
1168700 2400.6
1168710 2396.3
1168720 2396.3
1168730 2396.9
1168740 2398.6
1168750 2390.5
1168760 2390.5
1168770 2382.1
1168780 2380.3
1168790 2380.3
1168800 2380.3
1168810 2382.5
1168820 2382.5
1168830 2382.7
1168840 2383.4
1168850 2383.4
1168860 2386.8
1168870 2394.5
1168880 2394.5
1168890 2388.7
1168900 2380.2
1168910 2380.2
1168920 2372.2
1168930 2366.0
1168940 2361.5
1168950 2361.5
1168960 2357.6
1168970 2353.8
1168980 2353.8
1168990 2349.9
1169000 2348.3
1169010 2348.3
1169020 2348.9
1169030 2348.6
1169040 2348.6
1169050 2347.2
1169060 2343.0
1169070 2343.0
1169080 2339.2
1169090 2338.5
1169100 2338.5
1169110 2339.2
1169120 2341.2
1169130 2341.2
1169140 2344.3
1169150 2347.6
1169160 2351.3
1169170 2351.3
1169180 2353.5
1169190 2354.9
1169200 2354.9
1169210 2358.2
1169220 2358.9
1169230 2358.9
1169240 2360.0
1169250 2362.4
1169260 2362.4
1169270 2364.3
1169280 2361.0
1169290 2361.0
1169300 2367.8
1169310 2375.4
1169320 2375.4
1169330 2381.3
1169340 2385.9
1169350 2385.9
1169360 2387.3
1169370 2389.3
1169380 2389.6
1169390 2389.6
1169400 2386.4
1169410 2385.1
1169420 2385.1
1169430 2372.5
1169440 2350.6
1169450 2350.6
1169460 2337.4
1169470 2336.8
1169480 2336.8
1169490 2336.2
1169500 2334.0
1169510 2334.0
1169520 2331.2
1169530 2328.2
1169540 2328.2
1169550 2324.4
1169560 2319.6
1169570 2314.6
1169580 2314.6
1169590 2312.1
1169600 2309.8
1169610 2309.8
1169620 2304.9
1169630 2298.5
1169640 2298.5
1169650 2293.4
1169660 2290.9
1169670 2290.9
1169680 2297.9
1169690 2296.2
1169700 2296.2
1169710 2285.8
1169720 2278.2
1169730 2278.2
1169740 2260.3
1169750 2252.9
1169760 2252.9
1169770 2247.8
1169780 2253.4
1169790 2255.0
1169800 2255.0
1169810 2252.5
1169820 2247.2
1169830 2247.2
1169840 2240.2
1169850 2232.0
1169860 2232.0
1169870 2228.7
1169880 2222.9
1169890 2222.9
1169900 2217.1
1169910 2210.6
1169920 2210.6
1169930 2202.1
1169940 2192.2
1169950 2192.2
1169960 2182.2
1169970 2174.3
1169980 2168.3
1169990 2168.3
1170000 2164.0
1170010 2161.1
1170020 2161.1
1170030 2158.1
1170040 2157.3
1170050 2157.3
1170060 2156.2
1170070 2156.5
1170080 2165.3
1170090 2167.7
1170100 2170.0
1170110 2170.0
1170120 2172.0
1170130 2174.4
1170140 2174.4
1170150 2176.6
1170160 2174.4
1170170 2174.4
1170180 2168.8
1170190 2161.0
1170200 2154.0
1170210 2154.0
1170220 2155.1
1170230 2157.0
1170240 2157.0
1170250 2156.2
1170260 2155.3
1170270 2155.3
1170280 2153.5
1170290 2152.3
1170300 2152.3
1170310 2151.1
1170320 2149.6
1170330 2149.6
1170340 2147.4
1170350 2143.8
1170360 2143.8
1170370 2138.9
1170380 2132.4
1170390 2132.4
1170400 2126.8
1170410 2121.9
1170420 2116.2
1170430 2116.2
1170440 2112.5
1170450 2105.3
1170460 2105.3
1170470 2100.0
1170480 2095.7
1170490 2095.7
1170500 2085.2
1170510 2077.1
1170520 2077.1
1170530 2071.2
1170540 2065.9
1170550 2065.9
1170560 2061.4
1170570 2057.1
1170580 2057.1
1170590 2051.6
1170600 2047.9
1170610 2043.0
1170620 2043.0
1170630 2035.9
1170640 2027.1
1170650 2027.1
1170660 2016.6
1170670 2006.1
1170680 2006.1
1170690 1999.5
1170700 1992.5
1170710 1992.5
1170720 1986.0
1170730 1979.3
1170740 1979.3
1170750 1973.0
1170760 1965.1
1170770 1965.1
1170780 1960.9
1170790 1958.1
1170800 1958.1
1170810 1950.7
1170820 1942.1
1170830 1934.8
1170840 1934.8
1170850 1926.9
1170860 1917.5
1170870 1917.5
1170880 1906.7
1170890 1906.8
1170900 1906.8
1170910 1905.4
1170920 1902.0
1170930 1902.0
1170940 1896.7
1170950 1891.1
1170960 1891.1
1170970 1885.5
1170980 1880.7
1170990 1880.7
1171000 1876.6
1171010 1871.8
1171020 1871.8
1171030 1866.7
1171040 1861.7
1171050 1856.7
1171060 1856.7
1171070 1851.5
1171080 1846.2
1171090 1846.2
1171100 1840.5
1171110 1834.2
1171120 1834.2
1171130 1828.6
1171140 1821.5
1171150 1821.5
1171160 1809.1
1171170 1798.5
1171180 1798.5
1171190 1789.1
1171200 1781.3
1171210 1781.3
1171220 1773.3
1171230 1765.5
1171240 1753.7
1171250 1753.7
1171260 1743.3
1171270 1728.6
1171280 1728.6
1171290 1715.6
1171300 1707.2
1171310 1707.2
1171320 1698.8
1171330 1690.8
1171340 1690.8
1171350 1682.5
1171360 1676.1
1171370 1676.1
1171380 1670.1
1171390 1664.2
1171400 1664.2
1171410 1656.3
1171420 1649.9
1171430 1649.9
1171440 1644.4
1171450 1636.6
1171460 1624.5
1171470 1624.5
1171480 1614.3
1171490 1605.4
1171500 1605.4
1171510 1595.3
1171520 1583.7
1171530 1583.7
1171540 1566.8
1171550 1561.2
1171560 1561.2
1171570 1563.7
1171580 1572.1
1171590 1572.1
1171600 1583.0
1171610 1590.6
1171620 1590.6
1171630 1597.2
1171640 1603.5
1171650 1610.0
1171660 1610.0
1171670 1614.8
1171680 1618.1
1171690 1618.1
1171700 1614.8
1171710 1622.7
1171720 1622.7
1171730 1633.4
1171740 1644.9
1171750 1644.9
1171760 1655.3
1171770 1664.3
1171780 1664.3
1171790 1670.0
1171800 1676.0
1171810 1676.0
1171820 1682.8
1171830 1696.6
1171840 1696.6
1171850 1713.9
1171860 1726.5
1171870 1734.2
1171880 1734.2
1171890 1742.7
1171900 1751.1
1171910 1751.1
1171920 1760.4
1171930 1770.6
1171940 1770.6
1171950 1781.5
1171960 1794.1
1171970 1794.1
1171980 1803.1
1171990 1810.4
1172000 1810.4
1172010 1816.8
1172020 1825.1
1172030 1825.1
1172040 1832.3
1172050 1838.4
1172060 1838.4
1172070 1845.2
1172080 1850.0
1172090 1854.0
1172100 1847.0
1172110 1849.4
1172120 1853.8
1172130 1853.8
1172140 1857.3
1172150 1860.8
1172160 1860.8
1172170 1866.3
1172180 1873.0
1172190 1873.0
1172200 1878.6
1172210 1884.6
1172220 1884.6
1172230 1889.8
1172240 1895.7
1172250 1895.7
1172260 1902.2
1172270 1908.7
1172280 1914.2
1172290 1914.2
1172300 1919.8
1172310 1925.1
1172320 1925.1
1172330 1929.9
1172340 1935.3
1172350 1935.3
1172360 1940.6
1172370 1944.1
1172380 1944.1
1172390 1946.5
1172400 1949.8
1172410 1949.8
1172420 1954.0
1172430 1961.8
1172440 1961.8
1172450 1968.8
1172460 1981.2
1172470 1981.2
1172480 1992.5
1172490 2001.7
1172500 2008.0
1172510 2002.5
1172520 2009.2
1172530 2015.0
1172540 2015.0
1172550 2022.3
1172560 2030.6
1172570 2030.6
1172580 2037.2
1172590 2044.1
1172600 2044.1
1172610 2051.7
1172620 2059.7
1172630 2059.7
1172640 2069.3
1172650 2077.1
1172660 2077.1
1172670 2082.6
1172680 2088.0
1172690 2095.3
1172700 2095.3
1172710 2102.3
1172720 2107.7
1172730 2107.7
1172740 2112.6
1172750 2117.6
1172760 2117.6
1172770 2123.8
1172780 2130.6
1172790 2130.6
1172800 2137.0
1172810 2143.0
1172820 2143.0
1172830 2148.3
1172840 2153.6
1172850 2153.6
1172860 2158.9
1172870 2164.1
1172880 2164.1
1172890 2169.9
1172900 2175.9
1172910 2178.1
1172920 2178.1
1172930 2183.9
1172940 2190.2
1172950 2190.2
1172960 2197.2
1172970 2204.8
1172980 2204.8
1172990 2211.9
1173000 2212.4
1173010 2212.4
1173020 2202.4
1173030 2192.9
1173040 2192.9
1173050 2181.9
1173060 2170.5
1173070 2170.5
1173080 2161.0
1173090 2152.5
1173100 2152.5
1173110 2143.6
1173120 2135.0
1173130 2134.0
1173140 2134.0
1173150 2140.4
1173160 2148.2
1173170 2148.2
1173180 2156.5
1173190 2160.6
1173200 2160.6
1173210 2160.9
1173220 2152.4
1173230 2152.4
1173240 2147.7
1173250 2137.2
1173260 2137.2
1173270 2125.6
1173280 2119.8
1173290 2119.8
1173300 2118.0
1173310 2113.3
1173320 2078.8
1173330 2078.8
1173340 2058.2
1173350 2039.8
1173360 2039.8
1173370 2020.2
1173380 2026.4
1173390 2026.4
1173400 2019.9
1173410 2015.7
1173420 2015.7
1173430 2012.9
1173440 2008.7
1173450 2008.7
1173460 1997.3
1173470 1992.4
1173480 1992.4
1173490 1981.9
1173500 1972.7
1173510 1972.7
1173520 1968.3
1173530 1969.7
1173540 1977.0
1173550 1977.0
1173560 1977.0
1173570 1973.5
1173580 1973.5
1173590 1969.9
1173600 1978.0
1173610 1978.0
1173620 1984.3
1173630 1982.2
1173640 1982.2
1173650 1984.3
1173660 1977.1
1173670 1977.1
1173680 1945.7
1173690 1935.6
1173700 1935.6
1173710 1935.2
1173720 1940.6
1173730 1934.5
1173740 1948.7
1173750 1959.3
1173760 1962.8
1173770 1962.8
1173780 1962.2
1173790 1958.5
1173800 1958.5
1173810 1957.8
1173820 1957.7
1173830 1957.7
1173840 1959.6
1173850 1957.9
1173860 1957.9
1173870 1955.6
1173880 1954.6
1173890 1954.6
1173900 1955.3
1173910 1959.5
1173920 1959.5
1173930 1962.3
1173940 1963.4
1173950 1958.8
1173960 1958.8
1173970 1953.4
1173980 1947.8
1173990 1947.8
1174000 1952.4
1174010 1967.5
1174020 1967.5
1174030 1973.4
1174040 1975.3
1174050 1975.3
1174060 1973.2
1174070 1960.9
1174080 1960.9
1174090 1948.3
1174100 1941.6
1174110 1941.6
1174120 1942.3
1174130 1946.8
1174140 1946.8
1174150 1964.8
1174160 1957.3
1174170 1944.7
1174180 1944.7
1174190 1941.3
1174200 1942.9
1174210 1942.9
1174220 1938.2
1174230 1927.3
1174240 1927.3
1174250 1916.8
1174260 1907.9
1174270 1907.9
1174280 1900.9
1174290 1894.6
1174300 1894.6
1174310 1888.5
1174320 1882.0
1174330 1882.0
1174340 1875.5
1174350 1870.8
1174360 1867.2
1174370 1867.2
1174380 1862.0
1174390 1855.4
1174400 1855.4
1174410 1850.0
1174420 1844.8
1174430 1844.8
1174440 1839.4
1174450 1834.3
1174460 1834.3
1174470 1831.0
1174480 1828.2
1174490 1828.2
1174500 1825.8
1174510 1823.0
1174520 1823.0
1174530 1819.4
1174540 1816.6
1174550 1816.6
1174560 1815.7
1174570 1815.7
1174580 1815.7
1174590 1815.7
1174600 1813.5
1174610 1805.5
1174620 1805.5
1174630 1796.7
1174640 1790.7
1174650 1790.7
1174660 1784.9
1174670 1769.9
1174680 1769.9
1174690 1752.4
1174700 1741.9
1174710 1741.9
1174720 1727.8
1174730 1716.3
1174740 1716.3
1174750 1708.3
1174760 1700.7
1174770 1700.7
1174780 1692.9
1174790 1685.5
1174800 1678.7
1174810 1678.7
1174820 1672.6
1174830 1666.6
1174840 1666.6
1174850 1661.0
1174860 1655.8
1174870 1655.8
1174880 1651.0
1174890 1645.6
1174900 1645.6
1174910 1640.2
1174920 1633.4
1174930 1633.4
1174940 1628.1
1174950 1614.9
1174960 1614.9
1174970 1606.1
1174980 1597.3
1174990 1590.1
1175000 1590.1
1175010 1584.6
1175020 1579.3
1175030 1579.3
1175040 1575.3
1175050 1571.3
1175060 1571.3
1175070 1566.3
1175080 1562.1
1175090 1562.1
1175100 1557.9
1175110 1552.6
1175120 1552.6
1175130 1547.8
1175140 1540.5
1175150 1540.5
1175160 1535.2
1175170 1531.4
1175180 1531.4
1175190 1527.2
1175200 1522.5
1175210 1516.9
1175220 1516.9
1175230 1510.7
1175240 1504.4
1175250 1504.4
1175260 1497.3
1175270 1489.8
1175280 1489.8
1175290 1482.2
1175300 1473.9
1175310 1473.9
1175320 1465.5
1175330 1457.4
1175340 1457.4
1175350 1449.5
1175360 1445.1
1175370 1445.1
1175380 1437.8
1175390 1429.7
1175400 1422.2
1175410 1422.2
1175420 1414.2
1175430 1405.2
1175440 1405.2
1175450 1397.2
1175460 1391.4
1175470 1391.4
1175480 1385.4
1175490 1377.9
1175500 1377.9
1175510 1367.8
1175520 1359.6
1175530 1359.6
1175540 1354.0
1175550 1343.9
1175560 1343.9
1175570 1327.9
1175580 1315.0
1175590 1315.0
1175600 1303.5
1175610 1293.9
1175620 1285.9
1175630 1285.9
1175640 1279.1
1175650 1273.2
1175660 1273.2
1175670 1267.6
1175680 1265.9
1175690 1265.9
1175700 1268.8
1175710 1275.1
1175720 1275.1
1175730 1281.1
1175740 1285.8
1175750 1285.8
1175760 1294.6
1175770 1317.8
1175780 1317.8
1175790 1321.9
1175800 1325.3
1175810 1325.3
1175820 1328.9
1175830 1330.3
1175840 1335.3
1175850 1335.3
1175860 1337.4
1175870 1339.2
1175880 1339.2
1175890 1341.9
1175900 1344.0
1175910 1344.0
1175920 1341.3
1175930 1333.9
1175940 1333.9
1175950 1324.6
1175960 1316.7
1175970 1316.7
1175980 1309.8
1175990 1303.4
1176000 1303.4
1176010 1298.3
1176020 1295.3
1176030 1292.4
1176040 1292.4
1176050 1288.2
1176060 1284.0
1176070 1284.0
1176080 1279.2
1176090 1274.1
1176100 1274.1
1176110 1269.2
1176120 1263.5
1176130 1263.5
1176140 1257.5
1176150 1252.1
1176160 1252.1
1176170 1247.1
1176180 1235.8
1176190 1235.8
1176200 1230.7
1176210 1225.8
1176220 1225.8
1176230 1223.0
1176240 1220.0
1176250 1214.0
1176260 1214.0
1176270 1206.4
1176280 1198.6
1176290 1198.6
1176300 1191.2
1176310 1183.9
1176320 1183.9
1176330 1176.9
1176340 1169.7
1176350 1169.7
1176360 1163.1
1176370 1162.4
1176380 1162.4
1176390 1155.4
1176400 1141.2
1176410 1141.2
1176420 1133.0
1176430 1125.4
1176440 1117.6
1176450 1117.6
1176460 1111.8
1176470 1107.8
1176480 1107.8
1176490 1105.1
1176500 1102.1
1176510 1102.1
1176520 1096.6
1176530 1090.1
1176540 1090.1
1176550 1084.9
1176560 1081.0
1176570 1081.0
1176580 1077.5
1176590 1065.2
1176600 1065.2
1176610 1060.9
1176620 1056.7
1176630 1056.7
1176640 1052.9
1176650 1048.5
1176660 1044.2
1176670 1044.2
1176680 1042.3
1176690 1037.8
1176700 1037.8
1176710 1027.3
1176720 1021.0
1176730 1021.0
1176740 1016.5
1176750 1012.5
1176760 1012.5
1176770 1007.5
1176780 1002.8
1176790 1002.8
1176800 998.0
1176810 993.0
1176820 993.0
1176830 987.3
1176840 981.8
1176850 981.8
1176860 976.0
1176870 970.3
1176880 964.7
1176890 964.7
1176900 959.6
1176910 955.3
1176920 955.3
1176930 950.2
1176940 945.8
1176950 945.8
1176960 943.5
1176970 941.4
1176980 941.4
1176990 940.5
1177000 940.7
1177010 940.7
1177020 940.5
1177030 939.9
1177040 939.9
1177050 939.3
1177060 939.2
1177070 939.1
1177080 939.1
1177090 939.0
1177100 939.0
1177110 939.0
1177120 939.1
1177130 939.2
1177140 939.2
1177150 939.2
1177160 939.4
1177170 939.4
1177180 939.6
1177190 939.2
1177200 939.2
1177210 939.2
1177220 939.9
1177230 939.9
1177240 940.3
1177250 939.9
1177260 939.9
1177270 939.9
1177280 939.9
1177290 940.0
1177300 940.0
1177310 939.0
1177320 935.9
1177330 935.9
1177340 934.4
1177350 934.4
1177360 934.4
1177370 934.4
1177380 934.3
1177390 934.3
1177400 935.0
1177410 940.1
1177420 940.1
1177430 939.6
1177440 938.7
1177450 938.7
1177460 938.5
1177470 938.6
1177480 938.6
1177490 938.6
1177500 938.5
1177510 938.4
1177520 938.4
1177530 938.5
1177540 938.5
1177550 938.5
1177560 938.6
1177570 939.6
1177580 939.6
1177590 940.7
1177600 942.5
1177610 942.5
1177620 944.4
1177630 946.0
1177640 946.0
1177650 948.2
1177660 950.4
1177670 950.4
1177680 953.2
1177690 954.5
1177700 955.7
1177710 955.7
1177720 961.3
1177730 965.6
1177740 965.6
1177750 969.5
1177760 975.8
1177770 975.8
1177780 984.9
1177790 996.3
1177800 996.3
1177810 1014.8
1177820 1048.8
1177830 1061.8
1177840 1066.3
1177850 1073.6
1177860 1073.6
1177870 1084.7
1177880 1095.9
1177890 1095.9
1177900 1106.7
1177910 1113.4
1177920 1120.7
1177930 1120.7
1177940 1127.3
1177950 1133.6
1177960 1133.6
1177970 1141.2
1177980 1146.1
1177990 1146.1
1178000 1149.4
1178010 1151.3
1178020 1151.3
1178030 1153.4
1178040 1155.8
1178050 1155.8
1178060 1156.9
1178070 1158.3
1178080 1158.3
1178090 1158.5
1178100 1157.7
1178110 1155.9
1178120 1155.9
1178130 1154.3
1178140 1153.6
1178150 1153.6
1178160 1154.3
1178170 1155.4
1178180 1155.4
1178190 1157.0
1178200 1157.6
1178210 1157.6
1178220 1157.1
1178230 1157.9
1178240 1162.1
1178250 1163.9
1178260 1163.1
1178270 1163.1
1178280 1162.1
1178290 1162.9
1178300 1162.9
1178310 1164.7
1178320 1166.6
1178330 1168.8
1178340 1168.8
1178350 1171.4
1178360 1174.4
1178370 1174.4
1178380 1177.9
1178390 1181.6
1178400 1181.6
1178410 1185.5
1178420 1189.3
1178430 1189.3
1178440 1193.3
1178450 1193.1
1178460 1193.1
1178470 1196.1
1178480 1201.1
1178490 1201.1
1178500 1207.0
1178510 1212.4
1178520 1217.9
1178530 1217.9
1178540 1223.7
1178550 1228.7
1178560 1228.7
1178570 1232.9
1178580 1236.3
1178590 1236.3
1178600 1238.4
1178610 1240.6
1178620 1240.6
1178630 1244.7
1178640 1247.8
1178650 1249.7
1178660 1253.2
1178670 1256.7
1178680 1256.7
1178690 1260.0
1178700 1264.3
1178710 1264.3
1178720 1268.8
1178730 1271.4
1178740 1273.0
1178750 1273.0
1178760 1277.1
1178770 1281.8
1178780 1281.8
1178790 1287.7
1178800 1293.5
1178810 1293.5
1178820 1300.1
1178830 1307.8
1178840 1307.8
1178850 1315.9
1178860 1323.9
1178870 1323.9
1178880 1333.2
1178890 1346.6
1178900 1346.6
1178910 1357.9
1178920 1355.5
1178930 1355.5
1178940 1347.8
1178950 1346.4
1178960 1356.9
1178970 1356.9
1178980 1371.7
1178990 1389.8
1179000 1389.8
1179010 1407.2
1179020 1421.7
1179030 1421.7
1179040 1432.7
1179050 1446.5
1179060 1446.5
1179070 1448.5
1179080 1451.7
1179090 1451.7
1179100 1454.8
1179110 1458.5
1179120 1458.5
1179130 1463.4
1179140 1468.2
1179150 1470.2
1179160 1470.2
1179170 1470.5
1179180 1471.3
1179190 1471.3
1179200 1472.6
1179210 1474.5
1179220 1474.5
1179230 1477.9
1179240 1480.9
1179250 1480.9
1179260 1484.0
1179270 1486.9
1179280 1486.9
1179290 1490.1
1179300 1493.6
1179310 1493.6
1179320 1498.0
1179330 1503.1
1179340 1503.1
1179350 1507.2
1179360 1510.4
1179370 1513.0
1179380 1513.0
1179390 1517.3
1179400 1521.8
1179410 1521.8
1179420 1526.0
1179430 1531.1
1179440 1531.1
1179450 1536.5
1179460 1541.0
1179470 1541.0
1179480 1548.4
1179490 1553.4
1179500 1553.4
1179510 1558.4
1179520 1562.7
1179530 1562.7
1179540 1566.9
1179550 1569.9
1179560 1569.5
1179570 1569.5
1179580 1568.6
1179590 1568.9
1179600 1568.9
1179610 1570.6
1179620 1572.8
1179630 1572.8
1179640 1574.3
1179650 1576.4
1179660 1576.4
1179670 1578.0
1179680 1579.5
1179690 1579.5
1179700 1581.1
1179710 1582.1
1179720 1582.1
1179730 1582.9
1179740 1585.5
1179750 1585.5
1179760 1588.8
1179770 1593.0
1179780 1596.4
1179790 1596.4
1179800 1599.4
1179810 1603.3
1179820 1603.3
1179830 1607.1
1179840 1611.3
1179850 1611.3
1179860 1616.4
1179870 1620.6
1179880 1620.6
1179890 1623.8
1179900 1633.9
1179910 1633.9
1179920 1637.1
1179930 1640.6
1179940 1640.6
1179950 1643.8
1179960 1646.8
1179970 1646.8
1179980 1650.3
1179990 1654.8
