1160000 2313.3
1160010 2313.3
1160020 2310.4
1160030 2308.0
1160040 2308.0
1160050 2305.6
1160060 2303.8
1160070 2301.8
1160080 2301.8
1160090 2299.7
1160100 2297.8
1160110 2297.8
1160120 2296.1
1160130 2294.6
1160140 2294.6
1160150 2293.2
1160160 2291.0
1160170 2291.0
1160180 2288.6
1160190 2286.9
1160200 2286.9
1160210 2285.2
1160220 2281.9
1160230 2281.9
1160240 2279.2
1160250 2276.5
1160260 2276.5
1160270 2273.4
1160280 2270.2
1160290 2267.3
1160300 2267.3
1160310 2264.9
1160320 2262.5
1160330 2262.5
1160340 2259.7
1160350 2257.4
1160360 2257.4
1160370 2254.8
1160380 2251.8
1160390 2251.8
1160400 2249.8
1160410 2249.3
1160420 2249.3
1160430 2249.3
1160440 2246.3
1160450 2246.3
1160460 2246.2
1160470 2245.3
1160480 2244.2
1160490 2244.2
1160500 2242.7
1160510 2239.9
1160520 2239.9
1160530 2235.8
1160540 2234.8
1160550 2234.8
1160560 2234.7
1160570 2234.5
1160580 2234.5
1160590 2233.9
1160600 2233.2
1160610 2233.2
1160620 2232.7
1160630 2231.8
1160640 2231.8
1160650 2231.1
1160660 2231.1
1160670 2231.1
1160680 2231.6
1160690 2232.1
1160700 2232.8
1160710 2232.8
1160720 2233.4
1160730 2234.0
1160740 2234.0
1160750 2234.9
1160760 2235.3
1160770 2235.3
1160780 2235.1
1160790 2234.9
1160800 2234.9
1160810 2234.0
1160820 2233.3
1160830 2232.0
1160840 2232.6
1160850 2232.4
1160860 2232.4
1160870 2232.4
1160880 2232.3
1160890 2232.3
1160900 2231.9
1160910 2232.9
1160920 2236.6
1160930 2236.6
1160940 2240.5
1160950 2243.6
1160960 2243.6
1160970 2246.1
1160980 2250.4
1160990 2250.4
1161000 2254.9
1161010 2260.0
1161020 2260.0
1161030 2264.9
1161040 2269.6
1161050 2269.6
1161060 2274.2
1161070 2278.9
1161080 2278.9
1161090 2284.8
1161100 2291.7
1161110 2297.7
1161120 2297.7
1161130 2303.1
1161140 2307.8
1161150 2307.8
1161160 2312.5
1161170 2317.7
1161180 2317.7
1161190 2323.9
1161200 2330.5
1161210 2330.5
1161220 2331.7
1161230 2337.0
1161240 2337.0
1161250 2340.2
1161260 2342.6
1161270 2342.6
1161280 2344.3
1161290 2344.7
1161300 2344.7
1161310 2344.0
1161320 2343.7
1161330 2343.6
1161340 2343.6
1161350 2344.4
1161360 2345.9
1161370 2345.9
1161380 2346.7
1161390 2345.1
1161400 2345.1
1161410 2341.0
1161420 2335.9
1161430 2335.9
1161440 2331.1
1161450 2327.8
1161460 2327.8
1161470 2329.4
1161480 2333.6
1161490 2333.6
1161500 2338.2
1161510 2342.4
1161520 2342.4
1161530 2345.9
1161540 2349.5
1161550 2353.0
1161560 2353.0
1161570 2355.6
1161580 2357.7
1161590 2357.7
1161600 2359.8
1161610 2354.8
1161620 2354.8
1161630 2355.6
1161640 2354.0
1161650 2354.0
1161660 2347.2
1161670 2334.2
1161680 2334.2
1161690 2315.9
1161700 2306.1
1161710 2306.1
1161720 2301.0
1161730 2297.1
1161740 2293.5
1161750 2293.5
1161760 2290.5
1161770 2289.0
1161780 2289.0
1161790 2287.0
1161800 2283.8
1161810 2283.8
1161820 2280.8
1161830 2279.5
1161840 2279.5
1161850 2279.8
1161860 2280.5
1161870 2280.5
1161880 2280.6
1161890 2280.2
1161900 2280.2
1161910 2278.1
1161920 2276.3
1161930 2276.3
1161940 2273.6
1161950 2269.6
1161960 2265.9
1161970 2265.9
1161980 2263.6
1161990 2262.3
1162000 2259.1
1162010 2257.0
1162020 2253.9
1162030 2253.9
1162040 2250.7
1162050 2247.0
1162060 2247.0
1162070 2242.7
1162080 2239.6
1162090 2239.6
1162100 2235.7
1162110 2230.6
1162120 2230.6
1162130 2224.9
1162140 2220.1
1162150 2220.1
1162160 2217.0
1162170 2218.4
1162180 2225.3
1162190 2225.3
1162200 2231.0
1162210 2235.3
1162220 2235.3
1162230 2240.2
1162240 2245.3
1162250 2245.3
1162260 2249.5
1162270 2254.2
1162280 2254.2
1162290 2259.3
1162300 2264.7
1162310 2264.7
1162320 2270.5
1162330 2276.8
1162340 2276.8
1162350 2283.5
1162360 2290.4
1162370 2297.3
1162380 2297.3
1162390 2304.0
1162400 2307.6
1162410 2307.6
1162420 2312.4
1162430 2318.4
1162440 2318.4
1162450 2325.3
1162460 2332.0
1162470 2332.0
1162480 2339.0
1162490 2346.9
1162500 2346.9
1162510 2354.4
1162520 2361.9
1162530 2361.9
1162540 2369.0
1162550 2376.0
1162560 2376.0
1162570 2382.7
1162580 2389.3
1162590 2396.4
1162600 2396.4
1162610 2403.7
1162620 2411.1
1162630 2411.1
1162640 2418.0
1162650 2424.9
1162660 2424.9
1162670 2431.8
1162680 2438.6
1162690 2438.6
1162700 2445.3
1162710 2452.0
1162720 2452.0
1162730 2459.1
1162740 2465.4
1162750 2465.4
1162760 2471.3
1162770 2477.3
1162780 2477.3
1162790 2479.6
1162800 2488.4
1162810 2497.5
1162820 2497.5
1162830 2507.1
1162840 2516.0
1162850 2516.0
1162860 2524.3
1162870 2533.3
1162880 2533.3
1162890 2542.7
1162900 2551.5
1162910 2551.5
1162920 2560.9
1162930 2569.1
1162940 2569.1
1162950 2576.9
1162960 2585.0
1162970 2585.0
1162980 2592.9
1162990 2601.0
1163000 2609.1
1163010 2609.1
1163020 2617.2
1163030 2625.1
1163040 2625.1
1163050 2632.8
1163060 2640.2
1163070 2640.2
1163080 2647.6
1163090 2654.8
1163100 2654.8
1163110 2661.7
1163120 2668.4
1163130 2668.4
1163140 2674.3
1163150 2679.0
1163160 2679.0
1163170 2679.5
1163180 2685.2
1163190 2685.2
1163200 2686.3
1163210 2686.7
1163220 2687.9
1163230 2687.9
1163240 2689.2
1163250 2691.1
1163260 2691.1
1163270 2690.0
1163280 2690.3
1163290 2690.3
1163300 2692.0
1163310 2692.8
1163320 2692.8
1163330 2693.4
1163340 2693.9
1163350 2693.9
1163360 2692.2
1163370 2688.6
1163380 2688.6
1163390 2687.8
1163400 2687.6
1163410 2687.6
1163420 2688.3
1163430 2688.6
1163440 2689.7
1163450 2689.7
1163460 2691.0
1163470 2693.0
1163480 2693.0
1163490 2695.0
1163500 2696.2
1163510 2696.2
1163520 2698.7
1163530 2702.2
1163540 2702.2
1163550 2705.6
1163560 2709.6
1163570 2709.6
1163580 2717.3
1163590 2724.0
1163600 2724.0
1163610 2728.7
1163620 2733.1
1163630 2738.0
1163640 2738.0
1163650 2742.9
1163660 2737.4
1163670 2737.4
1163680 2728.2
1163690 2721.4
1163700 2721.4
1163710 2717.0
1163720 2712.4
1163730 2712.4
1163740 2703.5
1163750 2688.9
1163760 2688.9
1163770 2668.5
1163780 2656.5
1163790 2656.5
1163800 2647.6
1163810 2640.6
1163820 2640.6
1163830 2634.6
1163840 2628.6
1163850 2622.2
1163860 2622.2
1163870 2615.9
1163880 2610.0
1163890 2610.0
1163900 2604.3
1163910 2599.3
1163920 2599.3
1163930 2595.7
1163940 2592.9
1163950 2592.9
1163960 2590.7
1163970 2590.5
1163980 2590.5
1163990 2588.8
1164000 2587.4
1164010 2587.4
1164020 2586.5
1164030 2585.3
1164040 2585.3
1164050 2583.8
1164060 2581.5
1164070 2580.3
1164080 2580.3
1164090 2579.4
1164100 2577.8
1164110 2577.8
1164120 2576.1
1164130 2574.8
1164140 2574.8
1164150 2573.9
1164160 2572.8
1164170 2572.8
1164180 2571.4
1164190 2569.1
1164200 2569.1
1164210 2567.1
1164220 2565.2
1164230 2565.2
1164240 2562.9
1164250 2560.4
1164260 2558.8
1164270 2558.8
1164280 2557.2
1164290 2554.8
1164300 2554.8
1164310 2552.4
1164320 2550.3
1164330 2550.3
1164340 2549.2
1164350 2548.8
1164360 2548.8
1164370 2553.8
1164380 2556.7
1164390 2556.7
1164400 2560.0
1164410 2565.0
1164420 2565.0
1164430 2570.3
1164440 2575.0
1164450 2575.0
1164460 2578.2
1164470 2576.9
1164480 2570.6
1164490 2570.6
1164500 2565.0
1164510 2562.1
1164520 2562.1
1164530 2560.2
1164540 2557.6
1164550 2557.6
1164560 2553.2
1164570 2549.6
1164580 2549.6
1164590 2546.2
1164600 2543.0
1164610 2543.0
1164620 2536.3
1164630 2529.7
1164640 2529.7
1164650 2524.2
1164660 2519.3
1164670 2519.3
1164680 2512.1
1164690 2500.7
1164700 2493.4
1164710 2493.4
1164720 2488.4
1164730 2481.8
1164740 2481.8
1164750 2474.8
1164760 2471.3
1164770 2471.3
1164780 2465.2
1164790 2458.9
1164800 2458.9
1164810 2453.2
1164820 2450.7
1164830 2450.7
1164840 2449.1
1164850 2447.6
1164860 2447.6
1164870 2445.1
1164880 2442.0
1164890 2438.7
1164900 2438.7
1164910 2435.4
1164920 2432.2
1164930 2432.2
1164940 2428.9
1164950 2425.8
1164960 2425.8
1164970 2422.9
1164980 2419.3
1164990 2419.3
1165000 2414.7
1165010 2409.2
1165020 2409.2
1165030 2404.4
1165040 2400.0
1165050 2400.0
1165060 2395.0
1165070 2389.1
1165080 2389.1
1165090 2384.0
1165100 2381.3
1165110 2377.5
1165120 2377.5
1165130 2373.0
1165140 2368.3
1165150 2368.3
1165160 2365.9
1165170 2360.0
1165180 2360.0
1165190 2355.1
1165200 2350.2
1165210 2350.2
1165220 2344.8
1165230 2340.5
1165240 2340.5
1165250 2336.8
1165260 2332.3
1165270 2332.3
1165280 2327.9
1165290 2325.1
1165300 2325.1
1165310 2324.0
1165320 2323.5
1165330 2322.8
1165340 2322.8
1165350 2321.5
1165360 2320.3
1165370 2320.3
1165380 2319.4
1165390 2319.1
1165400 2319.1
1165410 2318.7
1165420 2318.0
1165430 2318.0
1165440 2318.2
1165450 2319.3
1165460 2319.3
1165470 2321.7
1165480 2326.0
1165490 2326.0
1165500 2332.8
1165510 2338.7
1165520 2343.8
1165530 2343.8
1165540 2349.0
1165550 2354.6
1165560 2354.8
1165570 2360.5
1165580 2366.3
1165590 2366.3
1165600 2372.1
1165610 2378.3
1165620 2378.3
1165630 2384.5
1165640 2390.7
1165650 2390.7
1165660 2396.7
1165670 2402.9
1165680 2402.9
1165690 2409.3
1165700 2415.8
1165710 2415.8
1165720 2422.2
1165730 2428.8
1165740 2435.5
1165750 2435.5
1165760 2442.3
1165770 2448.8
1165780 2448.8
1165790 2455.0
1165800 2461.3
1165810 2461.3
1165820 2467.5
1165830 2473.8
1165840 2473.8
1165850 2480.0
1165860 2486.0
1165870 2486.0
1165880 2492.0
1165890 2497.6
1165900 2497.6
1165910 2503.2
1165920 2508.5
1165930 2508.5
1165940 2513.6
1165950 2512.5
1165960 2517.8
1165970 2517.8
1165980 2523.1
1165990 2529.7
1166000 2529.7
1166010 2544.0
1166020 2563.7
1166030 2563.7
1166040 2573.6
1166050 2575.3
1166060 2575.3
1166070 2582.6
1166080 2596.3
1166090 2596.3
1166100 2600.4
1166110 2601.0
1166120 2601.0
1166130 2599.3
1166140 2596.9
1166150 2598.4
1166160 2598.4
1166170 2599.6
1166180 2597.4
1166190 2597.4
1166200 2593.4
1166210 2595.7
1166220 2595.7
1166230 2601.4
1166240 2607.8
1166250 2607.8
1166260 2614.9
1166270 2621.6
1166280 2621.6
1166290 2628.2
1166300 2634.9
1166310 2634.9
1166320 2641.4
1166330 2647.6
1166340 2647.6
1166350 2649.1
1166360 2655.1
1166370 2661.1
1166380 2661.1
1166390 2665.5
1166400 2660.6
1166410 2660.6
1166420 2662.8
1166430 2669.8
1166440 2669.8
1166450 2675.1
1166460 2681.0
1166470 2681.0
1166480 2686.3
1166490 2689.6
1166500 2689.6
1166510 2688.6
1166520 2687.8
1166530 2687.8
1166540 2688.5
1166550 2694.5
1166560 2694.5
1166570 2700.9
1166580 2707.1
1166590 2713.0
1166600 2713.0
1166610 2719.2
1166620 2725.6
1166630 2725.6
1166640 2732.2
1166650 2739.0
1166660 2739.0
1166670 2745.6
1166680 2751.9
1166690 2751.9
1166700 2757.8
1166710 2764.1
1166720 2764.1
1166730 2770.6
1166740 2776.6
1166750 2773.8
1166760 2779.8
1166770 2785.4
1166780 2786.2
1166790 2786.2
1166800 2762.8
1166810 2755.6
1166820 2755.6
1166830 2746.1
1166840 2735.3
1166850 2735.3
1166860 2714.8
1166870 2698.0
1166880 2698.0
1166890 2687.5
1166900 2678.8
1166910 2678.8
1166920 2670.9
1166930 2663.3
1166940 2663.3
1166950 2655.8
1166960 2648.4
1166970 2648.4
1166980 2641.2
1166990 2634.0
1167000 2626.8
1167010 2626.8
1167020 2620.0
1167030 2613.4
1167040 2613.4
1167050 2606.6
1167060 2600.3
1167070 2600.3
1167080 2594.4
1167090 2589.0
1167100 2589.0
1167110 2583.6
1167120 2578.3
1167130 2578.3
1167140 2573.0
1167150 2572.9
1167160 2572.9
1167170 2568.4
1167180 2567.3
1167190 2567.3
1167200 2567.9
1167210 2565.5
1167220 2558.0
1167230 2558.0
1167240 2554.0
1167250 2556.3
1167260 2556.3
1167270 2557.9
1167280 2558.4
1167290 2558.4
1167300 2562.0
1167310 2561.5
1167320 2561.5
1167330 2562.6
1167340 2563.6
1167350 2563.6
1167360 2565.1
1167370 2565.1
1167380 2565.1
1167390 2561.5
1167400 2555.7
1167410 2553.5
1167420 2553.5
1167430 2551.8
1167440 2545.5
1167450 2545.5
1167460 2536.8
1167470 2523.5
1167480 2523.5
1167490 2506.7
1167500 2488.2
1167510 2488.2
1167520 2468.8
1167530 2453.5
1167540 2453.5
1167550 2442.8
1167560 2432.8
1167570 2432.8
1167580 2423.9
1167590 2416.7
1167600 2416.7
1167610 2411.5
1167620 2408.1
1167630 2402.5
1167640 2402.5
1167650 2399.2
1167660 2401.4
1167670 2401.4
1167680 2401.8
1167690 2399.6
1167700 2399.6
1167710 2395.2
1167720 2391.4
1167730 2391.4
1167740 2386.2
1167750 2373.7
1167760 2373.7
1167770 2364.9
1167780 2359.3
1167790 2359.3
1167800 2355.7
1167810 2354.1
1167820 2354.1
1167830 2347.0
1167840 2341.3
1167850 2341.8
1167860 2341.8
1167870 2344.1
1167880 2345.7
1167890 2345.7
1167900 2346.4
1167910 2346.9
1167920 2346.9
1167930 2347.3
1167940 2346.7
1167950 2355.3
1167960 2355.7
1167970 2356.3
1167980 2356.3
1167990 2354.1
1168000 2350.0
1168010 2350.0
1168020 2343.7
1168030 2340.3
1168040 2336.1
1168050 2336.1
1168060 2331.9
1168070 2326.0
1168080 2326.0
1168090 2317.1
1168100 2308.4
1168110 2308.4
1168120 2300.4
1168130 2294.0
1168140 2294.0
1168150 2286.7
1168160 2279.6
1168170 2279.6
1168180 2274.4
1168190 2269.2
1168200 2269.2
1168210 2264.2
1168220 2256.8
1168230 2256.8
1168240 2242.8
1168250 2227.3
1168260 2218.0
1168270 2218.0
1168280 2209.7
1168290 2202.7
1168300 2202.7
1168310 2194.3
1168320 2186.1
1168330 2186.1
1168340 2177.4
1168350 2163.8
1168360 2163.8
1168370 2157.1
1168380 2149.9
1168390 2149.9
1168400 2143.4
1168410 2137.5
1168420 2137.5
1168430 2132.0
1168440 2129.4
1168450 2129.4
1168460 2127.4
1168470 2124.4
1168480 2121.9
1168490 2121.9
1168500 2120.1
1168510 2115.0
1168520 2115.0
1168530 2108.5
1168540 2100.8
1168550 2100.8
1168560 2092.9
1168570 2086.5
1168580 2086.5
1168590 2084.2
1168600 2083.3
1168610 2083.3
1168620 2081.0
1168630 2077.7
1168640 2077.7
1168650 2071.9
1168660 2065.1
1168670 2059.7
1168680 2059.7
1168690 2053.9
1168700 2047.5
1168710 2047.5
1168720 2042.0
1168730 2037.0
1168740 2037.0
1168750 2034.3
1168760 2028.6
1168770 2028.6
1168780 2023.5
1168790 2018.0
1168800 2018.0
1168810 2011.3
1168820 2004.6
1168830 2004.6
1168840 2000.2
1168850 1996.2
1168860 1996.2
1168870 1992.1
1168880 1987.6
1168890 1983.4
1168900 1983.4
1168910 1978.9
1168920 1969.7
1168930 1969.7
1168940 1961.3
1168950 1949.7
1168960 1949.7
1168970 1941.4
1168980 1936.9
1168990 1936.9
1169000 1936.9
1169010 1937.3
1169020 1937.3
1169030 1937.9
1169040 1940.2
1169050 1940.2
1169060 1942.7
1169070 1944.8
1169080 1944.8
1169090 1946.3
1169100 1946.3
1169110 1944.7
1169120 1944.7
1169130 1942.4
1169140 1939.5
1169150 1933.8
1169160 1930.8
1169170 1927.2
1169180 1927.2
1169190 1923.4
1169200 1919.2
1169210 1919.2
1169220 1916.4
1169230 1914.1
1169240 1914.1
1169250 1912.7
1169260 1911.8
1169270 1911.8
1169280 1911.1
1169290 1910.4
1169300 1909.7
1169310 1909.7
1169320 1909.0
1169330 1908.2
1169340 1908.2
1169350 1907.1
1169360 1906.0
1169370 1906.0
1169380 1904.8
1169390 1903.4
1169400 1903.4
1169410 1901.8
1169420 1900.4
1169430 1900.4
1169440 1899.0
1169450 1897.9
1169460 1897.9
1169470 1896.7
1169480 1895.4
1169490 1895.4
1169500 1894.1
1169510 1892.9
1169520 1891.7
1169530 1891.7
1169540 1890.8
1169550 1888.9
1169560 1888.9
1169570 1887.8
1169580 1886.5
1169590 1886.5
1169600 1885.9
1169610 1885.9
1169620 1885.9
1169630 1885.3
1169640 1885.7
1169650 1885.7
1169660 1887.1
1169670 1886.9
1169680 1886.9
1169690 1886.3
1169700 1886.2
1169710 1886.2
1169720 1886.3
1169730 1885.7
1169740 1883.7
1169750 1883.7
1169760 1884.7
1169770 1888.4
1169780 1888.4
1169790 1888.6
1169800 1887.8
1169810 1887.8
1169820 1887.4
1169830 1887.3
1169840 1887.3
1169850 1887.1
1169860 1887.1
1169870 1887.1
1169880 1887.3
1169890 1888.0
1169900 1888.0
1169910 1890.2
1169920 1893.2
1169930 1894.4
1169940 1894.4
1169950 1888.9
1169960 1888.6
1169970 1888.6
1169980 1888.7
1169990 1889.3
1170000 1889.3
1170010 1889.2
1170020 1889.0
1170030 1889.0
1170040 1888.7
1170050 1888.0
1170060 1888.0
1170070 1886.8
1170080 1885.7
1170090 1885.7
1170100 1885.5
1170110 1886.0
1170120 1886.0
1170130 1886.0
1170140 1885.2
1170150 1884.2
1170160 1884.2
1170170 1883.9
1170180 1883.2
1170190 1883.2
1170200 1882.2
1170210 1881.0
1170220 1881.0
1170230 1880.3
1170240 1879.7
1170250 1879.7
1170260 1879.4
1170270 1879.6
1170280 1879.6
1170290 1880.1
1170300 1880.3
1170310 1880.3
1170320 1879.1
1170330 1878.2
1170340 1877.8
1170350 1877.8
1170360 1870.2
1170370 1868.2
1170380 1868.2
1170390 1864.3
1170400 1859.4
1170410 1859.4
1170420 1854.6
1170430 1848.8
1170440 1848.8
1170450 1843.6
1170460 1840.7
1170470 1840.7
1170480 1838.1
1170490 1835.5
1170500 1835.5
1170510 1831.4
1170520 1825.6
1170530 1825.6
1170540 1822.3
1170550 1824.0
1170560 1828.7
1170570 1828.7
1170580 1836.0
1170590 1841.6
1170600 1841.6
1170610 1845.9
1170620 1852.1
1170630 1852.1
1170640 1859.9
1170650 1867.8
1170660 1867.8
1170670 1875.3
1170680 1882.7
1170690 1882.7
1170700 1892.7
1170710 1901.6
1170720 1901.6
1170730 1908.3
1170740 1912.3
1170750 1912.3
1170760 1906.1
1170770 1901.8
1170780 1898.7
1170790 1898.7
1170800 1893.5
1170810 1886.0
1170820 1886.0
1170830 1883.1
1170840 1879.4
1170850 1879.4
1170860 1877.5
1170870 1875.3
1170880 1875.3
1170890 1872.3
1170900 1878.5
1170910 1878.5
1170920 1885.5
1170930 1890.9
1170940 1890.9
1170950 1896.5
1170960 1901.7
1170970 1906.4
1170980 1906.4
1170990 1912.4
1171000 1917.9
1171010 1917.9
1171020 1921.3
1171030 1925.2
1171040 1925.2
1171050 1929.6
1171060 1934.8
1171070 1934.8
1171080 1938.6
1171090 1940.2
1171100 1940.2
1171110 1943.0
1171120 1946.8
1171130 1946.8
1171140 1948.7
1171150 1947.6
1171160 1937.1
1171170 1941.5
1171180 1946.5
1171190 1950.8
1171200 1950.8
1171210 1954.8
1171220 1956.7
1171230 1956.7
1171240 1959.2
1171250 1964.7
1171260 1964.7
1171270 1967.2
1171280 1970.1
1171290 1970.1
1171300 1974.1
1171310 1978.9
1171320 1978.9
1171330 1983.0
1171340 1980.6
1171350 1980.6
1171360 1979.9
1171370 1978.5
1171380 1978.5
1171390 1976.7
1171400 1975.4
1171410 1972.8
1171420 1972.8
1171430 1969.8
1171440 1965.1
1171450 1965.1
1171460 1955.9
1171470 1949.1
1171480 1949.1
1171490 1949.1
1171500 1955.5
1171510 1955.5
1171520 1963.2
1171530 1970.1
1171540 1970.1
1171550 1976.9
1171560 1982.7
1171570 1975.1
1171580 1977.2
1171590 1976.2
1171600 1973.3
1171610 1973.3
1171620 1973.5
1171630 1975.2
1171640 1975.2
1171650 1978.0
1171660 1978.3
1171670 1978.3
1171680 1981.4
1171690 1986.8
1171700 1986.8
1171710 1992.7
1171720 1999.6
1171730 1999.6
1171740 2006.6
1171750 2013.4
1171760 2013.4
1171770 2019.9
1171780 2027.1
1171790 2027.1
1171800 2035.5
1171810 2044.4
1171820 2052.9
1171830 2052.9
1171840 2061.4
1171850 2069.3
1171860 2069.3
1171870 2074.9
1171880 2080.0
1171890 2080.0
1171900 2086.0
1171910 2092.8
1171920 2092.8
1171930 2100.3
1171940 2109.4
1171950 2109.4
1171960 2121.1
1171970 2125.3
1171980 2125.3
1171990 2134.4
1172000 2143.3
1172010 2143.3
1172020 2154.6
1172030 2164.8
1172040 2173.5
1172050 2173.5
1172060 2182.4
1172070 2190.3
1172080 2190.3
1172090 2196.6
1172100 2202.6
1172110 2202.6
1172120 2208.4
1172130 2214.1
1172140 2214.1
1172150 2220.1
1172160 2226.7
1172170 2226.7
1172180 2233.2
1172190 2239.5
1172200 2239.5
1172210 2246.4
1172220 2254.2
1172230 2262.2
1172240 2262.2
1172250 2269.2
1172260 2274.6
1172270 2274.6
1172280 2279.4
1172290 2285.4
1172300 2285.4
1172310 2292.7
1172320 2300.8
1172330 2300.8
1172340 2308.6
1172350 2316.1
1172360 2316.1
1172370 2323.4
1172380 2330.2
1172390 2330.2
1172400 2337.7
1172410 2344.8
1172420 2344.8
1172430 2352.1
1172440 2359.2
1172450 2366.3
1172460 2366.3
1172470 2373.9
1172480 2381.6
1172490 2381.6
1172500 2388.9
1172510 2393.8
1172520 2393.8
1172530 2394.4
1172540 2395.5
1172550 2395.5
1172560 2396.8
1172570 2397.7
1172580 2397.7
1172590 2397.6
1172600 2396.4
1172610 2396.4
1172620 2391.9
1172630 2387.7
1172640 2387.7
1172650 2387.3
1172660 2384.8
1172670 2380.6
1172680 2380.6
1172690 2374.4
1172700 2370.5
1172710 2370.5
1172720 2367.7
1172730 2363.7
1172740 2363.7
1172750 2358.9
1172760 2355.8
1172770 2355.8
1172780 2358.6
1172790 2354.6
1172800 2354.6
1172810 2349.4
1172820 2344.5
1172830 2344.5
1172840 2338.3
1172850 2331.9
1172860 2324.8
1172870 2324.8
1172880 2315.9
1172890 2306.0
1172900 2306.0
1172910 2301.3
1172920 2297.9
1172930 2297.9
1172940 2293.0
1172950 2288.2
1172960 2288.2
1172970 2282.7
1172980 2275.6
1172990 2275.6
1173000 2267.4
1173010 2258.3
1173020 2258.3
1173030 2246.2
1173040 2232.1
1173050 2232.1
1173060 2218.1
1173070 2207.5
1173080 2198.5
1173090 2198.5
1173100 2189.8
1173110 2181.2
1173120 2181.2
1173130 2172.1
1173140 2163.6
1173150 2163.6
1173160 2155.0
1173170 2145.4
1173180 2145.4
1173190 2142.0
1173200 2137.3
1173210 2137.3
1173220 2132.0
1173230 2127.2
1173240 2127.2
1173250 2122.3
1173260 2116.5
1173270 2116.5
1173280 2108.3
1173290 2102.9
1173300 2099.3
1173310 2099.3
1173320 2094.9
1173330 2088.8
1173340 2088.8
1173350 2085.1
1173360 2082.8
1173370 2082.8
1173380 2079.9
1173390 2077.7
1173400 2077.7
1173410 2074.5
1173420 2070.4
1173430 2070.4
1173440 2065.5
1173450 2060.6
1173460 2060.6
1173470 2056.1
1173480 2051.2
1173490 2045.2
1173500 2045.2
1173510 2040.2
1173520 2035.2
1173530 2035.2
1173540 2029.9
1173550 2025.7
1173560 2025.7
1173570 2022.7
1173580 2018.7
1173590 2018.7
1173600 2013.1
1173610 2006.5
1173620 2006.5
1173630 2000.4
1173640 1994.5
1173650 1994.5
1173660 1990.0
1173670 1984.6
1173680 1984.6
1173690 1979.9
1173700 1975.0
1173710 1969.9
1173720 1969.9
1173730 1965.4
1173740 1961.7
1173750 1961.7
1173760 1957.9
1173770 1953.7
1173780 1953.7
1173790 1949.6
1173800 1945.7
1173810 1945.7
1173820 1942.2
1173830 1938.9
1173840 1938.9
1173850 1935.3
1173860 1931.3
1173870 1931.3
1173880 1928.8
1173890 1929.1
1173900 1927.8
1173910 1927.8
1173920 1924.0
1173930 1919.2
1173940 1919.2
1173950 1913.4
1173960 1906.7
1173970 1906.7
1173980 1902.2
1173990 1899.3
1174000 1899.3
1174010 1903.3
1174020 1900.1
1174030 1900.1
1174040 1895.9
1174050 1891.7
1174060 1891.7
1174070 1888.1
1174080 1884.6
1174090 1884.6
1174100 1881.0
1174110 1877.3
1174120 1873.2
1174130 1873.2
1174140 1868.8
1174150 1864.4
1174160 1864.4
1174170 1860.5
1174180 1856.8
1174190 1856.8
1174200 1853.0
1174210 1848.7
1174220 1848.7
1174230 1844.5
1174240 1840.4
1174250 1840.4
1174260 1836.1
1174270 1831.5
1174280 1831.5
1174290 1826.8
1174300 1822.0
1174310 1822.0
1174320 1817.1
1174330 1812.2
1174340 1806.9
1174350 1806.9
1174360 1801.3
1174370 1796.4
1174380 1796.4
1174390 1791.2
1174400 1786.3
1174410 1791.7
1174420 1787.4
1174430 1783.3
1174440 1783.3
1174450 1779.6
1174460 1775.6
1174470 1775.6
1174480 1770.4
1174490 1765.2
1174500 1765.2
1174510 1760.2
1174520 1754.7
1174530 1749.0
1174540 1749.0
1174550 1743.2
1174560 1737.5
1174570 1737.5
1174580 1732.1
1174590 1726.1
1174600 1726.1
1174610 1718.8
1174620 1710.7
1174630 1710.7
1174640 1703.3
1174650 1696.9
1174660 1696.9
1174670 1690.7
1174680 1684.4
1174690 1684.4
1174700 1677.6
1174710 1670.3
1174720 1670.3
1174730 1662.9
1174740 1655.4
1174750 1648.1
1174760 1648.1
1174770 1640.6
1174780 1636.1
1174790 1636.1
1174800 1632.0
1174810 1624.2
1174820 1621.6
1174830 1620.1
1174840 1621.4
1174850 1621.4
1174860 1621.6
1174870 1623.3
1174880 1623.3
1174890 1627.3
1174900 1629.4
1174910 1629.4
1174920 1630.5
1174930 1632.2
1174940 1632.2
1174950 1635.2
1174960 1638.7
1174970 1644.5
1174980 1644.5
1174990 1649.4
1175000 1654.5
1175010 1654.5
1175020 1660.2
1175030 1664.6
1175040 1664.6
1175050 1667.4
1175060 1671.3
1175070 1671.3
1175080 1676.9
1175090 1683.0
1175100 1683.0
1175110 1688.8
1175120 1694.3
1175130 1694.3
1175140 1699.7
1175150 1705.4
1175160 1711.5
1175170 1711.5
1175180 1717.8
1175190 1723.9
1175200 1723.9
1175210 1731.0
1175220 1739.1
1175230 1735.6
1175240 1744.6
1175250 1751.8
1175260 1751.8
1175270 1759.0
1175280 1765.2
1175290 1765.2
1175300 1770.3
1175310 1774.0
1175320 1774.0
1175330 1778.2
1175340 1782.2
1175350 1782.2
1175360 1785.6
1175370 1786.2
1175380 1782.5
1175390 1782.5
1175400 1779.8
1175410 1778.6
1175420 1778.6
1175430 1777.3
1175440 1776.7
1175450 1776.7
1175460 1778.1
1175470 1777.2
1175480 1777.2
1175490 1776.5
1175500 1777.8
1175510 1777.8
1175520 1779.6
1175530 1779.8
1175540 1779.8
1175550 1779.6
1175560 1780.6
1175570 1780.6
1175580 1783.6
1175590 1791.1
1175600 1799.2
1175610 1799.2
1175620 1810.3
1175630 1824.6
1175640 1812.3
1175650 1826.4
1175660 1836.7
1175670 1836.7
1175680 1838.7
1175690 1835.8
1175700 1835.8
1175710 1837.9
1175720 1841.1
1175730 1841.1
1175740 1841.5
1175750 1840.0
1175760 1840.0
1175770 1839.2
1175780 1837.2
1175790 1828.6
1175800 1828.6
1175810 1822.0
1175820 1813.7
1175830 1813.7
1175840 1804.6
1175850 1797.5
1175860 1797.5
1175870 1792.2
1175880 1787.7
1175890 1787.7
1175900 1783.3
1175910 1779.5
1175920 1779.5
1175930 1775.6
1175940 1771.4
1175950 1771.4
1175960 1767.0
1175970 1762.7
1175980 1762.7
1175990 1755.6
1176000 1748.9
1176010 1745.0
1176020 1745.0
1176030 1739.9
1176040 1734.4
1176050 1734.6
1176060 1733.5
1176070 1731.9
1176080 1731.9
1176090 1730.6
1176100 1729.5
1176110 1729.5
1176120 1726.8
1176130 1722.0
1176140 1722.0
1176150 1714.4
1176160 1703.9
1176170 1703.9
1176180 1693.6
1176190 1676.1
1176200 1676.1
1176210 1665.6
1176220 1657.8
1176230 1651.0
1176240 1651.0
1176250 1644.2
1176260 1635.5
1176270 1635.5
1176280 1629.3
1176290 1624.3
1176300 1624.3
1176310 1617.6
1176320 1610.4
1176330 1610.4
1176340 1604.0
1176350 1598.6
1176360 1598.6
1176370 1594.0
1176380 1589.4
1176390 1589.4
1176400 1585.5
1176410 1579.8
1176420 1574.3
1176430 1574.3
1176440 1571.2
1176450 1567.8
1176460 1558.8
1176470 1552.5
1176480 1543.1
1176490 1543.1
1176500 1534.1
1176510 1528.6
1176520 1528.6
1176530 1523.7
1176540 1519.0
1176550 1519.0
1176560 1515.9
1176570 1514.8
1176580 1514.8
1176590 1513.6
1176600 1511.5
1176610 1511.5
1176620 1509.4
1176630 1507.9
1176640 1507.6
1176650 1507.6
1176660 1506.2
1176670 1503.7
1176680 1503.7
1176690 1501.9
1176700 1499.7
1176710 1499.7
1176720 1497.8
1176730 1495.0
1176740 1495.0
1176750 1490.4
1176760 1483.6
1176770 1483.6
1176780 1476.0
1176790 1467.7
1176800 1467.7
1176810 1460.2
1176820 1453.5
1176830 1448.2
1176840 1448.2
1176850 1443.4
1176860 1438.0
1176870 1437.1
1176880 1429.2
1176890 1420.8
1176900 1420.8
1176910 1413.5
1176920 1398.3
1176930 1398.3
1176940 1394.3
1176950 1390.3
1176960 1390.3
1176970 1384.1
1176980 1375.8
1176990 1375.8
1177000 1365.6
1177010 1357.3
1177020 1357.3
1177030 1351.3
1177040 1346.0
1177050 1340.5
1177060 1340.5
1177070 1334.5
1177080 1328.1
1177090 1328.1
1177100 1321.5
1177110 1315.6
1177120 1315.6
1177130 1309.4
1177140 1303.1
1177150 1303.1
1177160 1298.3
1177170 1294.4
1177180 1294.4
1177190 1290.7
1177200 1283.5
1177210 1283.5
1177220 1277.3
1177230 1273.4
1177240 1273.4
1177250 1267.8
1177260 1261.6
1177270 1256.5
1177280 1256.5
1177290 1247.6
1177300 1238.9
1177310 1238.9
1177320 1229.9
1177330 1221.9
1177340 1221.9
1177350 1214.9
1177360 1208.5
1177370 1208.5
1177380 1201.4
1177390 1190.8
1177400 1190.8
1177410 1177.6
1177420 1167.3
1177430 1167.3
1177440 1159.1
1177450 1151.0
1177460 1141.5
1177470 1141.5
1177480 1133.0
1177490 1125.6
1177500 1125.6
1177510 1118.3
1177520 1111.5
1177530 1111.5
1177540 1104.4
1177550 1097.6
1177560 1097.6
1177570 1089.4
1177580 1082.1
1177590 1082.1
1177600 1077.1
1177610 1073.5
1177620 1073.5
1177630 1069.7
1177640 1065.6
1177650 1065.6
1177660 1061.3
1177670 1056.6
1177680 1051.0
1177690 1051.0
1177700 1039.4
1177710 1033.8
1177720 1033.8
1177730 1028.4
1177740 1023.5
1177750 1023.5
1177760 1018.6
1177770 1013.9
1177780 1013.9
1177790 1008.7
1177800 1004.2
1177810 1004.2
1177820 1002.4
1177830 997.4
1177840 997.4
1177850 991.2
1177860 986.4
1177870 986.4
1177880 981.8
1177890 977.3
1177900 972.1
1177910 972.1
1177920 968.4
1177930 966.3
1177940 966.3
1177950 965.2
1177960 964.3
1177970 964.3
1177980 963.1
1177990 961.6
1178000 961.6
1178010 960.0
1178020 958.1
1178030 958.1
1178040 956.8
1178050 955.7
1178060 955.7
1178070 953.8
1178080 952.4
1178090 951.7
1178100 951.7
1178110 946.3
1178120 945.2
1178130 945.2
1178140 944.6
1178150 944.0
1178160 944.0
1178170 942.3
1178180 939.6
1178190 939.6
1178200 937.2
1178210 935.9
1178220 935.9
1178230 935.3
1178240 935.1
1178250 935.1
1178260 935.1
1178270 935.1
1178280 935.1
1178290 935.1
1178300 935.1
1178310 935.0
1178320 935.0
1178330 934.9
1178340 934.8
1178350 934.8
1178360 934.8
1178370 934.9
1178380 934.9
1178390 935.2
1178400 936.0
1178410 936.0
1178420 936.6
1178430 936.3
1178440 936.3
1178450 936.0
1178460 935.2
1178470 935.2
1178480 933.8
1178490 933.3
1178500 933.3
1178510 933.2
1178520 933.3
1178530 933.4
1178540 933.4
1178550 933.3
1178560 932.9
1178570 932.9
1178580 932.0
1178590 931.2
1178600 931.2
1178610 931.1
1178620 931.4
1178630 931.4
1178640 931.5
1178650 931.5
1178660 931.5
1178670 931.4
1178680 931.1
1178690 931.1
1178700 930.9
1178710 930.8
1178720 930.8
1178730 930.8
1178740 930.8
1178750 930.8
1178760 930.8
1178770 930.8
1178780 930.9
1178790 930.9
1178800 931.8
1178810 934.1
1178820 934.1
1178830 938.0
1178840 942.2
1178850 942.2
1178860 945.7
1178870 948.7
1178880 948.7
1178890 949.9
1178900 951.9
1178910 951.9
1178920 953.4
1178930 954.7
1178940 962.3
1178950 962.3
1178960 965.6
1178970 968.5
1178980 968.5
1178990 970.6
1179000 974.6
1179010 974.6
1179020 981.5
1179030 988.7
1179040 988.7
1179050 995.9
1179060 1003.5
1179070 1003.5
1179080 1011.4
1179090 1018.6
1179100 1018.6
1179110 1026.0
1179120 1037.0
1179130 1042.9
1179140 1042.9
1179150 1049.9
1179160 1053.9
1179170 1053.9
1179180 1065.3
1179190 1075.0
1179200 1075.0
1179210 1080.4
1179220 1083.4
1179230 1083.4
1179240 1085.9
1179250 1088.1
1179260 1088.1
1179270 1090.1
1179280 1095.2
1179290 1095.2
1179300 1102.1
1179310 1104.5
1179320 1104.5
1179330 1111.0
1179340 1122.1
1179350 1134.9
1179360 1134.9
1179370 1150.3
1179380 1160.1
1179390 1160.1
1179400 1163.0
1179410 1161.3
1179420 1161.3
1179430 1166.4
1179440 1169.6
1179450 1169.6
1179460 1169.5
1179470 1173.2
1179480 1173.2
1179490 1175.2
1179500 1177.2
1179510 1177.2
1179520 1179.7
1179530 1181.6
1179540 1181.6
1179550 1184.6
1179560 1187.0
1179570 1188.4
1179580 1188.4
1179590 1191.0
1179600 1194.5
1179610 1194.5
1179620 1196.7
1179630 1199.5
1179640 1199.5
1179650 1203.6
1179660 1208.1
1179670 1208.1
1179680 1213.8
1179690 1220.4
1179700 1220.4
1179710 1227.1
1179720 1232.8
1179730 1232.8
1179740 1237.6
1179750 1242.5
1179760 1248.4
1179770 1255.3
1179780 1262.2
1179790 1271.4
1179800 1271.4
1179810 1279.2
1179820 1290.5
1179830 1290.5
1179840 1302.9
1179850 1306.5
1179860 1306.5
1179870 1301.4
1179880 1297.8
1179890 1297.8
1179900 1296.5
1179910 1301.7
1179920 1301.7
1179930 1330.6
1179940 1343.2
1179950 1343.2
1179960 1349.7
1179970 1355.5
1179980 1362.5
1179990 1362.5
