1160000 2320.1
1160010 2318.4
1160020 2318.4
1160030 2316.5
1160040 2314.1
1160050 2314.1
1160060 2311.3
1160070 2308.6
1160080 2306.1
1160090 2306.1
1160100 2303.5
1160110 2299.3
1160120 2299.3
1160130 2295.6
1160140 2293.0
1160150 2293.0
1160160 2291.0
1160170 2289.1
1160180 2289.1
1160190 2287.7
1160200 2286.7
1160210 2286.7
1160220 2285.0
1160230 2283.2
1160240 2283.2
1160250 2281.1
1160260 2278.5
1160270 2278.5
1160280 2275.4
1160290 2271.7
1160300 2269.8
1160310 2269.8
1160320 2273.2
1160330 2275.4
1160340 2275.4
1160350 2273.5
1160360 2272.1
1160370 2272.1
1160380 2270.8
1160390 2269.6
1160400 2269.6
1160410 2267.8
1160420 2265.2
1160430 2265.2
1160440 2264.6
1160450 2264.0
1160460 2264.0
1160470 2263.5
1160480 2263.7
1160490 2263.7
1160500 2262.0
1160510 2263.0
1160520 2263.3
1160530 2263.3
1160540 2262.0
1160550 2259.2
1160560 2259.2
1160570 2256.9
1160580 2255.2
1160590 2255.2
1160600 2252.4
1160610 2250.5
1160620 2250.5
1160630 2249.2
1160640 2247.5
1160650 2247.5
1160660 2246.6
1160670 2246.5
1160680 2246.5
1160690 2247.1
1160700 2247.6
1160710 2247.8
1160720 2247.8
1160730 2246.9
1160740 2246.4
1160750 2246.4
1160760 2246.0
1160770 2245.6
1160780 2245.6
1160790 2245.6
1160800 2245.8
1160810 2245.8
1160820 2246.7
1160830 2247.2
1160840 2247.2
1160850 2247.6
1160860 2248.5
1160870 2248.5
1160880 2250.0
1160890 2251.5
1160900 2251.5
1160910 2256.3
1160920 2261.4
1160930 2266.4
1160940 2266.4
1160950 2271.9
1160960 2277.5
1160970 2277.5
1160980 2283.3
1160990 2290.0
1161000 2290.0
1161010 2297.2
1161020 2300.6
1161030 2300.6
1161040 2303.2
1161050 2306.6
1161060 2306.6
1161070 2311.0
1161080 2314.9
1161090 2314.9
1161100 2318.8
1161110 2323.3
1161120 2323.3
1161130 2329.7
1161140 2335.0
1161150 2341.7
1161160 2341.7
1161170 2349.2
1161180 2353.9
1161190 2353.9
1161200 2360.2
1161210 2365.5
1161220 2365.5
1161230 2368.9
1161240 2372.6
1161250 2372.6
1161260 2376.0
1161270 2379.3
1161280 2377.7
1161290 2381.8
1161300 2384.8
1161310 2384.8
1161320 2386.5
1161330 2386.9
1161340 2387.2
1161350 2387.2
1161360 2388.1
1161370 2388.2
1161380 2388.2
1161390 2386.0
1161400 2383.2
1161410 2383.2
1161420 2381.4
1161430 2381.0
1161440 2381.0
1161450 2380.7
1161460 2381.2
1161470 2381.2
1161480 2382.5
1161490 2384.3
1161500 2384.3
1161510 2386.5
1161520 2389.9
1161530 2389.9
1161540 2394.0
1161550 2398.9
1161560 2403.4
1161570 2403.4
1161580 2407.5
1161590 2408.5
1161600 2408.5
1161610 2403.9
1161620 2397.4
1161630 2397.4
1161640 2391.1
1161650 2384.9
1161660 2384.9
1161670 2382.9
1161680 2377.0
1161690 2377.0
1161700 2377.9
1161710 2374.5
1161720 2374.5
1161730 2369.2
1161740 2361.0
1161750 2361.0
1161760 2355.4
1161770 2361.1
1161780 2368.7
1161790 2368.7
1161800 2370.8
1161810 2363.8
1161820 2363.8
1161830 2351.2
1161840 2338.8
1161850 2338.8
1161860 2330.5
1161870 2327.2
1161880 2327.2
1161890 2325.3
1161900 2326.7
1161910 2326.7
1161920 2327.6
1161930 2326.8
1161940 2326.8
1161950 2323.1
1161960 2314.6
1161970 2307.8
1161980 2307.8
1161990 2303.2
1162000 2298.4
1162010 2298.4
1162020 2295.5
1162030 2292.5
1162040 2292.5
1162050 2288.0
1162060 2283.2
1162070 2277.1
1162080 2272.4
1162090 2268.7
1162100 2268.7
1162110 2264.8
1162120 2263.0
1162130 2263.0
1162140 2260.1
1162150 2257.1
1162160 2257.1
1162170 2253.4
1162180 2249.6
1162190 2247.9
1162200 2247.9
1162210 2251.0
1162220 2256.5
1162230 2256.5
1162240 2264.5
1162250 2271.0
1162260 2271.0
1162270 2276.8
1162280 2282.5
1162290 2282.5
1162300 2288.2
1162310 2293.9
1162320 2293.9
1162330 2299.8
1162340 2305.6
1162350 2305.6
1162360 2310.7
1162370 2316.2
1162380 2316.2
1162390 2322.4
1162400 2328.3
1162410 2334.2
1162420 2334.2
1162430 2340.5
1162440 2346.9
1162450 2346.9
1162460 2351.5
1162470 2357.6
1162480 2357.6
1162490 2363.8
1162500 2369.9
1162510 2369.9
1162520 2375.8
1162530 2381.3
1162540 2381.3
1162550 2386.6
1162560 2391.9
1162570 2391.9
1162580 2398.0
1162590 2404.6
1162600 2411.5
1162610 2411.5
1162620 2418.6
1162630 2426.9
1162640 2426.9
1162650 2440.1
1162660 2451.5
1162670 2451.5
1162680 2459.9
1162690 2467.6
1162700 2467.6
1162710 2474.7
1162720 2481.7
1162730 2481.7
1162740 2488.8
1162750 2495.6
1162760 2495.6
1162770 2502.6
1162780 2509.7
1162790 2509.7
1162800 2516.8
1162810 2524.3
1162820 2531.8
1162830 2531.8
1162840 2539.0
1162850 2546.6
1162860 2546.6
1162870 2554.9
1162880 2562.5
1162890 2562.5
1162900 2570.3
1162910 2578.9
1162920 2578.9
1162930 2587.9
1162940 2597.3
1162950 2597.3
1162960 2605.7
1162970 2614.0
1162980 2614.0
1162990 2622.9
1163000 2630.5
1163010 2630.5
1163020 2632.9
1163030 2630.2
1163040 2627.5
1163050 2627.5
1163060 2624.2
1163070 2621.3
1163080 2621.3
1163090 2618.6
1163100 2616.8
1163110 2616.8
1163120 2616.4
1163130 2617.3
1163140 2617.3
1163150 2618.6
1163160 2619.2
1163170 2619.2
1163180 2620.8
1163190 2622.7
1163200 2622.7
1163210 2625.3
1163220 2627.4
1163230 2629.2
1163240 2629.2
1163250 2635.4
1163260 2636.5
1163270 2636.5
1163280 2636.7
1163290 2637.4
1163300 2637.4
1163310 2638.5
1163320 2639.3
1163330 2639.3
1163340 2641.9
1163350 2644.1
1163360 2644.1
1163370 2646.6
1163380 2649.5
1163390 2649.5
1163400 2651.3
1163410 2653.7
1163420 2653.7
1163430 2656.0
1163440 2659.3
1163450 2662.4
1163460 2662.4
1163470 2665.2
1163480 2668.3
1163490 2668.3
1163500 2671.4
1163510 2675.0
1163520 2675.0
1163530 2678.9
1163540 2682.5
1163550 2682.5
1163560 2686.6
1163570 2694.6
1163580 2694.6
1163590 2703.8
1163600 2711.4
1163610 2711.4
1163620 2717.6
1163630 2724.7
1163640 2727.7
1163650 2736.3
1163660 2740.0
1163670 2744.3
1163680 2744.3
1163690 2742.0
1163700 2729.8
1163710 2729.8
1163720 2720.5
1163730 2715.2
1163740 2715.2
1163750 2703.9
1163760 2680.2
1163770 2680.2
1163780 2664.0
1163790 2657.0
1163800 2657.0
1163810 2649.9
1163820 2642.9
1163830 2642.9
1163840 2636.5
1163850 2630.8
1163860 2625.8
1163870 2625.8
1163880 2621.1
1163890 2615.9
1163900 2615.9
1163910 2610.6
1163920 2605.0
1163930 2605.0
1163940 2599.7
1163950 2594.7
1163960 2594.7
1163970 2589.9
1163980 2585.3
1163990 2585.3
1164000 2581.1
1164010 2577.4
1164020 2577.4
1164030 2574.1
1164040 2571.5
1164050 2571.5
1164060 2569.7
1164070 2568.1
1164080 2566.7
1164090 2566.7
1164100 2565.8
1164110 2564.5
1164120 2564.5
1164130 2562.0
1164140 2559.1
1164150 2559.1
1164160 2556.9
1164170 2555.3
1164180 2555.3
1164190 2553.0
1164200 2551.0
1164210 2551.0
1164220 2549.5
1164230 2548.3
1164240 2548.3
1164250 2547.6
1164260 2547.9
1164270 2547.9
1164280 2548.2
1164290 2548.0
1164300 2547.7
1164310 2547.7
1164320 2547.3
1164330 2546.6
1164340 2546.6
1164350 2544.7
1164360 2543.4
1164370 2543.4
1164380 2542.0
1164390 2539.6
1164400 2539.6
1164410 2535.8
1164420 2532.9
1164430 2534.4
1164440 2533.3
1164450 2531.4
1164460 2531.4
1164470 2529.2
1164480 2527.5
1164490 2526.3
1164500 2526.3
1164510 2525.6
1164520 2526.3
1164530 2526.3
1164540 2527.1
1164550 2527.2
1164560 2527.2
1164570 2526.7
1164580 2527.8
1164590 2527.8
1164600 2528.7
1164610 2530.5
1164620 2530.5
1164630 2532.5
1164640 2532.3
1164650 2532.3
1164660 2527.6
1164670 2520.6
1164680 2520.6
1164690 2513.3
1164700 2507.2
1164710 2499.5
1164720 2499.5
1164730 2492.4
1164740 2486.1
1164750 2486.1
1164760 2478.0
1164770 2468.0
1164780 2468.0
1164790 2456.5
1164800 2447.1
1164810 2447.1
1164820 2444.3
1164830 2437.0
1164840 2437.0
1164850 2431.7
1164860 2426.1
1164870 2426.1
1164880 2421.7
1164890 2417.0
1164900 2417.0
1164910 2412.5
1164920 2408.4
1164930 2404.4
1164940 2404.4
1164950 2400.3
1164960 2396.9
1164970 2396.9
1164980 2393.5
1164990 2389.8
1165000 2389.8
1165010 2386.4
1165020 2383.0
1165030 2383.0
1165040 2379.7
1165050 2376.7
1165060 2376.7
1165070 2373.5
1165080 2370.9
1165090 2370.9
1165100 2368.9
1165110 2365.2
1165120 2360.5
1165130 2360.5
1165140 2356.9
1165150 2354.2
1165160 2354.2
1165170 2352.6
1165180 2353.2
1165190 2353.2
1165200 2354.0
1165210 2355.6
1165220 2349.1
1165230 2349.7
1165240 2349.8
1165250 2349.8
1165260 2348.7
1165270 2347.8
1165280 2347.8
1165290 2346.6
1165300 2345.5
1165310 2345.5
1165320 2345.4
1165330 2345.2
1165340 2345.8
1165350 2345.8
1165360 2346.0
1165370 2346.5
1165380 2346.5
1165390 2346.1
1165400 2343.7
1165410 2343.7
1165420 2340.5
1165430 2338.0
1165440 2338.0
1165450 2335.6
1165460 2335.5
1165470 2335.5
1165480 2336.9
1165490 2340.8
1165500 2340.8
1165510 2346.8
1165520 2353.8
1165530 2353.8
1165540 2360.7
1165550 2367.0
1165560 2373.1
1165570 2373.1
1165580 2379.3
1165590 2385.6
1165600 2385.6
1165610 2392.0
1165620 2398.9
1165630 2398.9
1165640 2405.2
1165650 2411.8
1165660 2411.8
1165670 2418.5
1165680 2425.4
1165690 2425.4
1165700 2432.5
1165710 2440.1
1165720 2440.1
1165730 2447.5
1165740 2455.1
1165750 2462.4
1165760 2462.4
1165770 2469.6
1165780 2478.0
1165790 2478.0
1165800 2487.2
1165810 2496.8
1165820 2496.8
1165830 2506.3
1165840 2512.0
1165850 2512.0
1165860 2520.4
1165870 2529.5
1165880 2529.5
1165890 2539.7
1165900 2548.8
1165910 2548.8
1165920 2553.5
1165930 2557.4
1165940 2557.4
1165950 2562.8
1165960 2572.1
1165970 2581.6
1165980 2581.6
1165990 2589.6
1166000 2598.0
1166010 2598.0
1166020 2587.6
1166030 2594.6
1166040 2594.6
1166050 2601.8
1166060 2609.6
1166070 2609.6
1166080 2618.2
1166090 2629.4
1166100 2629.4
1166110 2641.0
1166120 2656.0
1166130 2656.0
1166140 2667.2
1166150 2666.9
1166160 2666.9
1166170 2665.9
1166180 2664.5
1166190 2663.4
1166200 2663.4
1166210 2662.5
1166220 2661.4
1166230 2661.4
1166240 2660.7
1166250 2661.0
1166260 2661.0
1166270 2662.8
1166280 2665.1
1166290 2665.1
1166300 2667.9
1166310 2671.7
1166320 2671.7
1166330 2676.0
1166340 2681.5
1166350 2681.5
1166360 2687.5
1166370 2693.8
1166380 2700.0
1166390 2700.0
1166400 2706.8
1166410 2713.5
1166420 2710.3
1166430 2716.4
1166440 2722.9
1166450 2722.9
1166460 2729.1
1166470 2735.0
1166480 2735.0
1166490 2740.4
1166500 2745.4
1166510 2745.4
1166520 2749.4
1166530 2750.6
1166540 2750.6
1166550 2752.9
1166560 2754.0
1166570 2754.0
1166580 2754.1
1166590 2756.3
1166600 2760.1
1166610 2760.1
1166620 2764.6
1166630 2769.6
1166640 2769.6
1166650 2774.5
1166660 2777.4
1166670 2777.4
1166680 2774.6
1166690 2768.7
1166700 2768.7
1166710 2764.4
1166720 2759.0
1166730 2759.0
1166740 2752.9
1166750 2750.7
1166760 2750.7
1166770 2744.8
1166780 2737.4
1166790 2737.4
1166800 2730.6
1166810 2734.8
1166820 2730.8
1166830 2730.8
1166840 2733.4
1166850 2733.2
1166860 2733.2
1166870 2730.6
1166880 2728.0
1166890 2728.0
1166900 2719.7
1166910 2709.2
1166920 2709.2
1166930 2703.5
1166940 2697.2
1166950 2697.2
1166960 2675.9
1166970 2659.0
1166980 2659.0
1166990 2645.3
1167000 2633.9
1167010 2623.2
1167020 2623.2
1167030 2614.4
1167040 2606.0
1167050 2606.0
1167060 2599.9
1167070 2591.9
1167080 2591.9
1167090 2580.8
1167100 2569.3
1167110 2569.3
1167120 2559.0
1167130 2549.7
1167140 2549.7
1167150 2541.8
1167160 2534.8
1167170 2534.8
1167180 2527.6
1167190 2520.6
1167200 2520.6
1167210 2516.2
1167220 2510.7
1167230 2504.4
1167240 2504.4
1167250 2499.3
1167260 2495.6
1167270 2495.6
1167280 2492.2
1167290 2492.0
1167300 2492.0
1167310 2493.6
1167320 2494.9
1167330 2494.9
1167340 2495.6
1167350 2495.9
1167360 2495.9
1167370 2495.1
1167380 2491.6
1167390 2491.6
1167400 2489.6
1167410 2486.8
1167420 2486.8
1167430 2481.5
1167440 2474.4
1167450 2471.9
1167460 2471.9
1167470 2468.0
1167480 2464.5
1167490 2464.5
1167500 2458.9
1167510 2450.7
1167520 2450.7
1167530 2442.5
1167540 2437.3
1167550 2437.3
1167560 2433.0
1167570 2427.4
1167580 2427.4
1167590 2417.9
1167600 2408.8
1167610 2413.1
1167620 2407.5
1167630 2402.7
1167640 2396.5
1167650 2396.5
1167660 2383.3
1167670 2365.9
1167680 2365.9
1167690 2347.3
1167700 2337.3
1167710 2337.3
1167720 2330.1
1167730 2321.1
1167740 2321.1
1167750 2311.3
1167760 2308.1
1167770 2308.1
1167780 2308.7
1167790 2309.7
1167800 2309.7
1167810 2306.0
1167820 2296.9
1167830 2296.9
1167840 2289.1
1167850 2283.6
1167860 2282.2
1167870 2282.2
1167880 2284.1
1167890 2286.2
1167900 2286.2
1167910 2287.3
1167920 2285.7
1167930 2285.7
1167940 2283.5
1167950 2280.8
1167960 2280.8
1167970 2278.1
1167980 2276.5
1167990 2276.5
1168000 2275.5
1168010 2282.9
1168020 2282.9
1168030 2283.5
1168040 2283.6
1168050 2283.6
1168060 2280.8
1168070 2275.3
1168080 2269.3
1168090 2269.3
1168100 2265.1
1168110 2260.2
1168120 2260.2
1168130 2254.5
1168140 2249.9
1168150 2249.9
1168160 2246.5
1168170 2244.7
1168180 2244.7
1168190 2243.6
1168200 2242.3
1168210 2242.3
1168220 2240.0
1168230 2234.5
1168240 2234.5
1168250 2229.0
1168260 2229.9
1168270 2232.7
1168280 2232.7
1168290 2233.8
1168300 2233.6
1168310 2233.6
1168320 2234.8
1168330 2236.0
1168340 2236.0
1168350 2237.1
1168360 2238.1
1168370 2238.1
1168380 2237.2
1168390 2232.0
1168400 2232.0
1168410 2209.0
1168420 2191.8
1168430 2191.8
1168440 2179.9
1168450 2162.9
1168460 2162.9
1168470 2143.4
1168480 2136.0
1168490 2127.7
1168500 2127.7
1168510 2114.2
1168520 2102.5
1168530 2102.5
1168540 2092.7
1168550 2085.6
1168560 2085.6
1168570 2079.2
1168580 2072.3
1168590 2072.3
1168600 2065.2
1168610 2058.7
1168620 2058.7
1168630 2051.9
1168640 2045.5
1168650 2045.5
1168660 2039.8
1168670 2034.3
1168680 2034.3
1168690 2028.8
1168700 2022.9
1168710 2016.8
1168720 2016.8
1168730 2010.7
1168740 2004.4
1168750 2004.4
1168760 1998.0
1168770 1991.9
1168780 1991.9
1168790 1985.9
1168800 1981.0
1168810 1987.6
1168820 1981.6
1168830 1974.9
1168840 1974.9
1168850 1965.6
1168860 1956.8
1168870 1956.8
1168880 1954.2
1168890 1955.3
1168900 1958.6
1168910 1958.6
1168920 1963.2
1168930 1969.2
1168940 1969.2
1168950 1974.0
1168960 1977.9
1168970 1977.9
1168980 1982.7
1168990 1988.7
1169000 1988.7
1169010 1995.1
1169020 2000.9
1169030 2000.9
1169040 2007.5
1169050 2013.1
1169060 2013.1
1169070 2016.5
1169080 2017.0
1169090 2017.0
1169100 2014.1
1169110 2005.3
1169120 1996.7
1169130 1996.7
1169140 1990.8
1169150 1984.1
1169160 1984.1
1169170 1978.7
1169180 1972.5
1169190 1972.5
1169200 1964.1
1169210 1955.4
1169220 1955.5
1169230 1945.1
1169240 1937.3
1169250 1937.3
1169260 1935.7
1169270 1935.9
1169280 1935.9
1169290 1936.1
1169300 1936.1
1169310 1936.1
1169320 1935.6
1169330 1934.8
1169340 1933.6
1169350 1933.6
1169360 1932.6
1169370 1931.6
1169380 1931.6
1169390 1930.3
1169400 1929.2
1169410 1929.2
1169420 1929.0
1169430 1929.2
1169440 1929.2
1169450 1929.6
1169460 1929.9
1169470 1929.9
1169480 1930.0
1169490 1930.5
1169500 1930.5
1169510 1931.3
1169520 1932.0
1169530 1933.0
1169540 1933.0
1169550 1934.1
1169560 1935.4
1169570 1935.4
1169580 1936.5
1169590 1936.7
1169600 1936.7
1169610 1937.9
1169620 1932.6
1169630 1932.6
1169640 1933.6
1169650 1934.4
1169660 1934.4
1169670 1932.3
1169680 1926.7
1169690 1926.7
1169700 1923.8
1169710 1921.9
1169720 1921.9
1169730 1919.6
1169740 1920.4
1169750 1926.7
1169760 1926.7
1169770 1931.0
1169780 1933.5
1169790 1933.5
1169800 1936.5
1169810 1939.9
1169820 1939.9
1169830 1943.5
1169840 1945.7
1169850 1945.7
1169860 1948.2
1169870 1949.6
1169880 1949.6
1169890 1952.4
1169900 1952.9
1169910 1952.9
1169920 1952.4
1169930 1950.0
1169940 1950.0
1169950 1948.1
1169960 1945.8
1169970 1945.4
1169980 1945.4
1169990 1945.8
1170000 1946.0
1170010 1946.0
1170020 1940.6
1170030 1941.0
1170040 1941.0
1170050 1940.5
1170060 1939.6
1170070 1939.6
1170080 1938.1
1170090 1936.6
1170100 1936.6
1170110 1935.7
1170120 1935.9
1170130 1935.9
1170140 1935.1
1170150 1933.0
1170160 1930.6
1170170 1930.6
1170180 1931.0
1170190 1934.7
1170200 1934.7
1170210 1936.9
1170220 1936.7
1170230 1936.7
1170240 1935.7
1170250 1934.7
1170260 1934.7
1170270 1933.0
1170280 1930.6
1170290 1930.6
1170300 1928.1
1170310 1926.2
1170320 1926.2
1170330 1924.9
1170340 1923.3
1170350 1923.3
1170360 1919.7
1170370 1916.5
1170380 1915.6
1170390 1915.6
1170400 1914.9
1170410 1912.3
1170420 1902.4
1170430 1899.1
1170440 1894.4
1170450 1894.4
1170460 1888.4
1170470 1882.4
1170480 1882.4
1170490 1877.0
1170500 1872.1
1170510 1872.1
1170520 1866.3
1170530 1861.2
1170540 1861.2
1170550 1855.7
1170560 1848.4
1170570 1848.4
1170580 1842.4
1170590 1840.4
1170600 1842.0
1170610 1842.0
1170620 1848.4
1170630 1854.8
1170640 1854.8
1170650 1862.0
1170660 1870.1
1170670 1870.1
1170680 1878.9
1170690 1887.8
1170700 1887.8
1170710 1896.9
1170720 1905.9
1170730 1905.9
1170740 1914.4
1170750 1921.5
1170760 1921.5
1170770 1927.0
1170780 1931.2
1170790 1932.8
1170800 1932.8
1170810 1934.0
1170820 1933.5
1170830 1927.8
1170840 1925.9
1170850 1926.5
1170860 1926.5
1170870 1927.6
1170880 1927.4
1170890 1927.4
1170900 1924.7
1170910 1924.1
1170920 1924.1
1170930 1931.5
1170940 1941.4
1170950 1941.4
1170960 1949.5
1170970 1957.3
1170980 1957.3
1170990 1965.0
1171000 1972.8
1171010 1980.9
1171020 1980.9
1171030 1989.3
1171040 2000.2
1171050 2000.2
1171060 2011.1
1171070 2019.9
1171080 2019.9
1171090 2027.6
1171100 2034.9
1171110 2034.9
1171120 2042.1
1171130 2049.4
1171140 2049.4
1171150 2055.9
1171160 2061.5
1171170 2061.5
1171180 2066.8
1171190 2070.6
1171200 2072.5
1171210 2072.5
1171220 2074.1
1171230 2067.6
1171240 2067.6
1171250 2067.5
1171260 2065.4
1171270 2065.4
1171280 2064.8
1171290 2063.0
1171300 2063.0
1171310 2060.7
1171320 2056.3
1171330 2056.3
1171340 2052.3
1171350 2050.1
1171360 2050.1
1171370 2053.9
1171380 2057.8
1171390 2057.8
1171400 2056.6
1171410 2049.1
1171420 2040.9
1171430 2040.9
1171440 2034.0
1171450 2028.3
1171460 2028.3
1171470 2020.3
1171480 2010.8
1171490 2010.8
1171500 2007.3
1171510 2010.4
1171520 2010.4
1171530 2018.2
1171540 2024.6
1171550 2024.6
1171560 2029.8
1171570 2033.6
1171580 2033.6
1171590 2037.6
1171600 2042.3
1171610 2042.3
1171620 2044.6
1171630 2048.2
1171640 2056.0
1171650 2056.0
1171660 2064.5
1171670 2067.6
1171680 2067.6
1171690 2064.2
1171700 2063.5
1171710 2063.5
1171720 2064.6
1171730 2066.0
1171740 2066.0
1171750 2070.3
1171760 2076.0
1171770 2076.0
1171780 2083.4
1171790 2092.1
1171800 2092.1
1171810 2101.5
1171820 2110.7
1171830 2115.5
1171840 2115.5
1171850 2117.8
1171860 2121.0
1171870 2121.0
1171880 2124.2
1171890 2127.4
1171900 2127.4
1171910 2131.4
1171920 2133.2
1171930 2133.2
1171940 2135.2
1171950 2139.6
1171960 2139.6
1171970 2147.2
1171980 2156.1
1171990 2156.1
1172000 2165.3
1172010 2173.9
1172020 2173.9
1172030 2182.8
1172040 2192.0
1172050 2198.8
1172060 2198.8
1172070 2205.3
1172080 2211.0
1172090 2211.0
1172100 2217.1
1172110 2224.3
1172120 2224.3
1172130 2231.3
1172140 2237.5
1172150 2237.5
1172160 2243.9
1172170 2251.3
1172180 2251.3
1172190 2259.1
1172200 2267.1
1172210 2267.1
1172220 2275.9
1172230 2284.8
1172240 2284.8
1172250 2293.1
1172260 2301.0
1172270 2308.9
1172280 2308.9
1172290 2317.3
1172300 2325.3
1172310 2325.3
1172320 2333.1
1172330 2340.1
1172340 2340.1
1172350 2346.3
1172360 2351.7
1172370 2351.7
1172380 2356.1
1172390 2359.3
1172400 2359.3
1172410 2361.2
1172420 2361.0
1172430 2361.0
1172440 2360.1
1172450 2362.5
1172460 2361.3
1172470 2361.3
1172480 2359.8
1172490 2357.9
1172500 2357.9
1172510 2356.2
1172520 2355.0
1172530 2355.0
1172540 2354.3
1172550 2353.9
1172560 2353.9
1172570 2353.0
1172580 2351.8
1172590 2351.8
1172600 2351.3
1172610 2350.0
1172620 2350.0
1172630 2348.1
1172640 2346.3
1172650 2346.3
1172660 2343.8
1172670 2339.9
1172680 2335.9
1172690 2335.9
1172700 2333.1
1172710 2329.3
1172720 2329.3
1172730 2326.4
1172740 2323.3
1172750 2323.3
1172760 2319.6
1172770 2315.9
1172780 2315.9
1172790 2312.4
1172800 2308.9
1172810 2308.9
1172820 2304.3
1172830 2299.0
1172840 2299.0
1172850 2297.4
1172860 2290.9
1172870 2290.9
1172880 2281.8
1172890 2274.8
1172900 2268.6
1172910 2268.6
1172920 2261.0
1172930 2255.5
1172940 2255.5
1172950 2249.9
1172960 2248.0
1172970 2248.0
1172980 2238.7
1172990 2223.5
1173000 2223.5
1173010 2209.5
1173020 2200.0
1173030 2200.0
1173040 2192.3
1173050 2187.0
1173060 2187.0
1173070 2182.9
1173080 2176.0
1173090 2165.4
1173100 2165.4
1173110 2154.9
1173120 2148.8
1173130 2148.8
1173140 2143.4
1173150 2136.7
1173160 2136.7
1173170 2130.7
1173180 2126.9
1173190 2126.9
1173200 2122.4
1173210 2116.2
1173220 2116.2
1173230 2106.2
1173240 2096.3
1173250 2096.3
1173260 2094.4
1173270 2083.6
1173280 2083.6
1173290 2074.6
1173300 2068.2
1173310 2063.1
1173320 2063.1
1173330 2057.8
1173340 2051.3
1173350 2051.3
1173360 2045.6
1173370 2039.7
1173380 2039.7
1173390 2033.9
1173400 2028.5
1173410 2028.5
1173420 2024.0
1173430 2020.8
1173440 2020.8
1173450 2017.2
1173460 2013.4
1173470 2013.4
1173480 2010.3
1173490 2009.7
1173500 2009.7
1173510 2008.9
1173520 2008.0
1173530 2003.9
1173540 2003.9
1173550 1998.5
1173560 1992.6
1173570 1992.6
1173580 1986.7
1173590 1979.1
1173600 1979.1
1173610 1972.0
1173620 1966.0
1173630 1966.0
1173640 1961.2
1173650 1958.4
1173660 1958.4
1173670 1958.0
1173680 1951.7
1173690 1951.7
1173700 1946.2
1173710 1941.7
1173720 1938.1
1173730 1938.1
1173740 1935.3
1173750 1932.0
1173760 1932.0
1173770 1926.4
1173780 1918.8
1173790 1918.8
1173800 1911.7
1173810 1904.9
1173820 1904.9
1173830 1898.5
1173840 1893.5
1173850 1893.5
1173860 1890.0
1173870 1886.5
1173880 1886.5
1173890 1883.3
1173900 1879.4
1173910 1879.4
1173920 1874.9
1173930 1872.5
1173940 1870.5
1173950 1870.5
1173960 1869.0
1173970 1866.6
1173980 1866.6
1173990 1862.4
1174000 1857.8
1174010 1857.8
1174020 1852.2
1174030 1845.7
1174040 1845.7
1174050 1839.8
1174060 1836.1
1174070 1844.5
1174080 1842.0
1174090 1838.5
1174100 1838.5
1174110 1834.6
1174120 1830.2
1174130 1830.2
1174140 1826.3
1174150 1822.6
1174160 1818.1
1174170 1818.1
1174180 1814.1
1174190 1811.1
1174200 1811.1
1174210 1809.0
1174220 1806.8
1174230 1806.8
1174240 1804.0
1174250 1800.4
1174260 1800.4
1174270 1796.1
1174280 1790.6
1174290 1790.6
1174300 1785.4
1174310 1779.7
1174320 1779.7
1174330 1776.2
1174340 1772.4
1174350 1768.1
1174360 1768.1
1174370 1764.2
1174380 1759.7
1174390 1759.7
1174400 1755.0
1174410 1749.8
1174420 1749.8
1174430 1745.8
1174440 1740.6
1174450 1740.6
1174460 1734.1
1174470 1727.6
1174480 1730.4
1174490 1724.6
1174500 1719.7
1174510 1719.7
1174520 1716.0
1174530 1711.4
1174540 1711.4
1174550 1706.2
1174560 1701.4
1174570 1697.3
1174580 1697.3
1174590 1693.4
1174600 1685.8
1174610 1685.8
1174620 1676.2
1174630 1668.9
1174640 1668.9
1174650 1665.8
1174660 1661.7
1174670 1661.7
1174680 1657.0
1174690 1653.3
1174700 1653.3
1174710 1651.7
1174720 1652.7
1174730 1652.7
1174740 1653.1
1174750 1652.0
1174760 1652.0
1174770 1651.6
1174780 1650.7
1174790 1650.0
1174800 1650.0
1174810 1649.5
1174820 1649.5
1174830 1649.5
1174840 1650.6
1174850 1652.4
1174860 1652.4
1174870 1655.3
1174880 1660.2
1174890 1654.8
1174900 1659.7
1174910 1663.3
1174920 1663.3
1174930 1667.7
1174940 1673.0
1174950 1673.0
1174960 1676.3
1174970 1679.8
1174980 1685.3
1174990 1685.3
1175000 1691.2
1175010 1698.1
1175020 1698.1
1175030 1704.3
1175040 1709.5
1175050 1709.5
1175060 1714.4
1175070 1718.8
1175080 1718.8
1175090 1723.3
1175100 1726.2
1175110 1726.2
1175120 1729.9
1175130 1735.7
1175140 1735.7
1175150 1742.7
1175160 1750.7
1175170 1750.7
1175180 1758.5
1175190 1765.4
1175200 1772.8
1175210 1772.8
1175220 1780.1
1175230 1787.9
1175240 1787.9
1175250 1795.2
1175260 1802.1
1175270 1802.1
1175280 1808.1
1175290 1813.7
1175300 1809.1
1175310 1813.9
1175320 1818.7
1175330 1818.7
1175340 1824.2
1175350 1829.6
1175360 1829.6
1175370 1834.7
1175380 1838.7
1175390 1841.0
1175400 1841.0
1175410 1842.1
1175420 1842.3
1175430 1842.3
1175440 1843.5
1175450 1846.8
1175460 1846.8
1175470 1848.0
1175480 1846.8
1175490 1846.8
1175500 1845.5
1175510 1845.9
1175520 1845.9
1175530 1847.9
1175540 1860.0
1175550 1860.0
1175560 1868.9
1175570 1872.0
1175580 1872.0
1175590 1873.4
1175600 1873.5
1175610 1873.9
1175620 1873.9
1175630 1874.2
1175640 1874.5
1175650 1874.5
1175660 1875.0
1175670 1875.3
1175680 1875.3
1175690 1875.7
1175700 1875.6
1175710 1867.9
1175720 1866.9
1175730 1865.8
1175740 1865.8
1175750 1865.2
1175760 1865.1
1175770 1865.1
1175780 1865.7
1175790 1865.1
1175800 1865.1
1175810 1863.4
1175820 1860.4
1175830 1857.0
1175840 1857.0
1175850 1851.8
1175860 1844.7
1175870 1844.7
1175880 1835.5
1175890 1827.1
1175900 1827.1
1175910 1818.8
1175920 1811.9
1175930 1811.9
1175940 1805.2
1175950 1798.5
1175960 1798.5
1175970 1792.2
1175980 1786.1
1175990 1786.1
1176000 1779.9
1176010 1773.0
1176020 1766.4
1176030 1766.4
1176040 1759.8
1176050 1753.3
1176060 1753.3
1176070 1748.0
1176080 1744.0
1176090 1744.0
1176100 1740.6
1176110 1737.9
1176120 1733.5
1176130 1730.0
1176140 1726.5
1176150 1726.5
1176160 1722.2
1176170 1717.7
1176180 1717.7
1176190 1713.3
1176200 1708.2
1176210 1708.2
1176220 1704.7
1176230 1701.5
1176240 1698.4
1176250 1698.4
1176260 1695.0
1176270 1691.6
1176280 1691.6
1176290 1688.5
1176300 1687.0
1176310 1687.0
1176320 1684.3
1176330 1679.9
1176340 1679.9
1176350 1675.3
1176360 1666.4
1176370 1666.4
1176380 1655.6
1176390 1646.5
1176400 1646.5
1176410 1639.3
1176420 1631.4
1176430 1631.4
1176440 1625.0
1176450 1621.5
1176460 1618.6
1176470 1618.6
1176480 1615.1
1176490 1609.1
1176500 1609.1
1176510 1603.7
1176520 1598.9
1176530 1591.5
1176540 1589.3
1176550 1587.5
1176560 1587.5
1176570 1585.4
1176580 1583.2
1176590 1583.2
1176600 1582.0
1176610 1581.3
1176620 1581.3
1176630 1579.0
1176640 1575.7
1176650 1571.5
1176660 1571.5
1176670 1567.3
1176680 1562.0
1176690 1562.0
1176700 1555.5
1176710 1549.3
1176720 1549.3
1176730 1543.0
1176740 1531.4
1176750 1531.4
1176760 1518.7
1176770 1507.4
1176780 1507.4
1176790 1497.4
1176800 1490.5
1176810 1490.5
1176820 1483.1
1176830 1475.8
1176840 1475.8
1176850 1468.4
1176860 1461.2
1176870 1454.1
1176880 1454.1
1176890 1447.4
1176900 1440.8
1176910 1440.8
1176920 1434.5
1176930 1429.1
1176940 1427.5
1176950 1423.1
1176960 1418.3
1176970 1418.3
1176980 1412.5
1176990 1407.5
1177000 1407.5
1177010 1403.2
1177020 1398.2
1177030 1398.2
1177040 1393.4
1177050 1387.5
1177060 1387.5
1177070 1381.3
1177080 1375.3
1177090 1369.3
1177100 1369.3
1177110 1362.5
1177120 1355.7
1177130 1355.7
1177140 1349.0
1177150 1342.1
1177160 1342.1
1177170 1335.1
1177180 1327.5
1177190 1327.5
1177200 1316.4
1177210 1307.4
1177220 1307.4
1177230 1296.7
1177240 1287.8
1177250 1287.8
1177260 1279.8
1177270 1273.3
1177280 1266.8
1177290 1266.8
1177300 1261.3
1177310 1250.2
1177320 1250.2
1177330 1233.3
1177340 1211.6
1177350 1219.4
1177360 1203.1
1177370 1194.3
1177380 1194.3
1177390 1186.4
1177400 1179.4
1177410 1179.4
1177420 1175.6
1177430 1174.0
1177440 1174.0
1177450 1172.5
1177460 1170.8
1177470 1170.8
1177480 1173.5
1177490 1175.2
1177500 1177.7
1177510 1177.7
1177520 1179.5
1177530 1180.7
1177540 1180.7
1177550 1178.7
1177560 1175.7
1177570 1175.7
1177580 1170.4
1177590 1163.1
1177600 1163.1
1177610 1154.8
1177620 1142.8
1177630 1142.8
1177640 1131.7
1177650 1122.8
1177660 1122.8
1177670 1113.5
1177680 1104.3
1177690 1104.3
1177700 1096.3
1177710 1089.3
1177720 1082.6
1177730 1082.6
1177740 1076.1
1177750 1069.1
1177760 1069.1
1177770 1057.7
1177780 1052.0
1177790 1052.0
1177800 1047.0
1177810 1041.2
1177820 1041.2
1177830 1033.7
1177840 1027.1
1177850 1027.1
1177860 1022.3
1177870 1017.2
1177880 1017.2
1177890 1013.3
1177900 1009.6
1177910 1005.1
1177920 1005.1
1177930 1000.9
1177940 998.5
1177950 998.5
1177960 996.0
1177970 992.0
1177980 992.0
1177990 989.0
1178000 984.6
1178010 984.6
1178020 981.2
1178030 978.0
1178040 978.0
1178050 974.4
1178060 971.8
1178070 971.8
1178080 970.7
1178090 969.5
1178100 969.5
1178110 968.6
1178120 968.4
1178130 968.4
1178140 968.4
1178150 968.5
1178160 968.3
1178170 968.3
1178180 964.2
1178190 963.6
1178200 963.6
1178210 963.3
1178220 962.7
1178230 962.7
1178240 961.7
1178250 960.2
1178260 960.2
1178270 959.0
1178280 958.1
1178290 958.1
1178300 957.3
1178310 956.0
1178320 956.0
1178330 954.4
1178340 952.6
1178350 950.8
1178360 950.8
1178370 948.9
1178380 946.7
1178390 946.7
1178400 944.2
1178410 941.6
1178420 941.6
1178430 939.0
1178440 936.6
1178450 936.6
1178460 934.9
1178470 934.3
1178480 934.3
1178490 934.2
1178500 934.2
1178510 934.2
1178520 934.2
1178530 934.2
1178540 934.6
1178550 934.6
1178560 935.4
1178570 936.1
1178580 936.1
1178590 934.8
1178600 934.4
1178610 934.4
1178620 934.1
1178630 934.1
1178640 934.1
1178650 934.1
1178660 934.4
1178670 934.4
1178680 934.4
1178690 934.2
1178700 934.2
1178710 934.4
1178720 934.7
1178730 934.7
1178740 934.3
1178750 933.0
1178760 931.8
1178770 931.8
1178780 930.8
1178790 930.5
1178800 930.5
1178810 930.4
1178820 930.4
1178830 930.4
1178840 930.3
1178850 930.3
1178860 930.3
1178870 930.3
1178880 930.4
1178890 930.4
1178900 930.6
1178910 930.7
1178920 930.7
1178930 931.0
1178940 931.4
1178950 931.5
1178960 931.5
1178970 931.0
1178980 930.8
1178990 930.8
1179000 932.3
1179010 941.9
1179020 941.9
1179030 948.4
1179040 952.8
1179050 952.8
1179060 959.1
1179070 966.1
1179080 966.1
1179090 971.2
1179100 976.3
1179110 976.3
1179120 982.6
1179130 987.4
1179140 987.4
1179150 990.4
1179160 995.3
1179170 1004.0
1179180 1004.0
1179190 1012.8
1179200 1019.7
1179210 1019.7
1179220 1027.7
1179230 1035.9
1179240 1035.9
1179250 1051.8
1179260 1054.0
1179270 1054.0
1179280 1048.5
1179290 1052.0
1179300 1052.0
1179310 1063.0
1179320 1076.6
1179330 1076.6
1179340 1083.4
1179350 1085.4
1179360 1085.4
1179370 1087.7
1179380 1091.4
1179390 1100.1
1179400 1100.1
1179410 1108.5
1179420 1114.7
1179430 1114.7
1179440 1123.3
1179450 1129.3
1179460 1129.3
1179470 1136.1
1179480 1142.7
1179490 1142.7
1179500 1148.8
1179510 1153.7
1179520 1153.7
1179530 1157.7
1179540 1160.9
1179550 1160.9
1179560 1163.7
1179570 1165.9
1179580 1168.5
1179590 1168.5
1179600 1170.0
1179610 1172.2
1179620 1172.2
1179630 1175.0
1179640 1175.8
1179650 1175.8
1179660 1176.6
1179670 1178.3
1179680 1178.3
1179690 1179.8
1179700 1180.9
1179710 1180.9
1179720 1183.1
1179730 1187.4
1179740 1187.4
1179750 1192.7
1179760 1198.6
1179770 1198.6
1179780 1204.4
1179790 1208.9
1179800 1212.3
1179810 1212.3
1179820 1218.0
1179830 1222.6
1179840 1228.5
1179850 1233.5
1179860 1237.0
1179870 1237.0
1179880 1241.1
1179890 1248.4
1179900 1248.4
1179910 1255.5
1179920 1261.5
1179930 1261.5
1179940 1265.4
1179950 1269.3
1179960 1269.3
1179970 1277.6
1179980 1287.1
1179990 1287.1
