1160000 2524.3
1160010 2521.4
1160020 2521.4
1160030 2517.4
1160040 2511.5
1160050 2511.5
1160060 2505.5
1160070 2500.4
1160080 2500.4
1160090 2495.5
1160100 2490.0
1160110 2490.0
1160120 2486.8
1160130 2487.2
1160140 2487.2
1160150 2485.7
1160160 2484.5
1160170 2481.6
1160180 2482.3
1160190 2482.2
1160200 2482.2
1160210 2481.4
1160220 2482.0
1160230 2485.1
1160240 2485.1
1160250 2488.4
1160260 2490.9
1160270 2490.9
1160280 2493.6
1160290 2495.9
1160300 2495.9
1160310 2496.5
1160320 2498.0
1160330 2498.0
1160340 2499.7
1160350 2501.8
1160360 2501.8
1160370 2503.8
1160380 2505.2
1160390 2505.2
1160400 2506.1
1160410 2506.2
1160420 2506.2
1160430 2507.2
1160440 2508.9
1160450 2511.2
1160460 2511.2
1160470 2513.5
1160480 2515.2
1160490 2515.2
1160500 2515.7
1160510 2517.1
1160520 2517.1
1160530 2519.0
1160540 2520.3
1160550 2520.3
1160560 2518.6
1160570 2518.0
1160580 2518.0
1160590 2514.6
1160600 2510.2
1160610 2510.2
1160620 2505.7
1160630 2500.6
1160640 2495.9
1160650 2495.9
1160660 2491.7
1160670 2487.8
1160680 2487.8
1160690 2484.1
1160700 2479.8
1160710 2479.8
1160720 2475.0
1160730 2470.9
1160740 2470.9
1160750 2468.1
1160760 2465.7
1160770 2465.7
1160780 2463.3
1160790 2461.7
1160800 2461.7
1160810 2460.4
1160820 2459.5
1160830 2459.5
1160840 2458.8
1160850 2457.1
1160860 2454.9
1160870 2454.9
1160880 2456.4
1160890 2457.3
1160900 2457.3
1160910 2458.2
1160920 2458.9
1160930 2458.9
1160940 2459.0
1160950 2458.8
1160960 2455.6
1160970 2455.6
1160980 2456.3
1160990 2456.3
1161000 2458.0
1161010 2458.7
1161020 2458.7
1161030 2459.3
1161040 2461.6
1161050 2461.6
1161060 2462.1
1161070 2462.2
1161080 2462.9
1161090 2462.9
1161100 2464.1
1161110 2464.9
1161120 2464.9
1161130 2465.5
1161140 2466.1
1161150 2466.1
1161160 2466.0
1161170 2466.4
1161180 2466.4
1161190 2467.1
1161200 2467.3
1161210 2467.3
1161220 2467.3
1161230 2468.7
1161240 2468.7
1161250 2471.4
1161260 2473.7
1161270 2475.1
1161280 2475.1
1161290 2477.7
1161300 2481.3
1161310 2481.3
1161320 2485.0
1161330 2488.1
1161340 2488.1
1161350 2489.5
1161360 2492.1
1161370 2492.1
1161380 2494.5
1161390 2496.0
1161400 2496.0
1161410 2497.9
1161420 2500.4
1161430 2500.4
1161440 2503.3
1161450 2507.3
1161460 2507.3
1161470 2512.0
1161480 2516.1
1161490 2521.1
1161500 2521.1
1161510 2524.7
1161520 2527.0
1161530 2527.0
1161540 2528.6
1161550 2530.6
1161560 2530.6
1161570 2534.0
1161580 2535.8
1161590 2535.8
1161600 2537.5
1161610 2540.3
1161620 2540.3
1161630 2543.1
1161640 2547.3
1161650 2547.3
1161660 2551.8
1161670 2557.4
1161680 2557.4
1161690 2564.8
1161700 2572.4
1161710 2578.5
1161720 2578.5
1161730 2582.9
1161740 2584.4
1161750 2584.4
1161760 2586.4
1161770 2585.0
1161780 2585.0
1161790 2580.4
1161800 2575.3
1161810 2575.3
1161820 2571.0
1161830 2567.3
1161840 2567.3
1161850 2563.6
1161860 2559.6
1161870 2559.6
1161880 2556.0
1161890 2553.0
1161900 2553.0
1161910 2550.3
1161920 2547.7
1161930 2544.9
1161940 2544.9
1161950 2541.7
1161960 2538.6
1161970 2538.6
1161980 2535.5
1161990 2532.2
1162000 2532.2
1162010 2530.0
1162020 2529.0
1162030 2529.0
1162040 2527.8
1162050 2526.6
1162060 2526.6
1162070 2525.4
1162080 2524.5
1162090 2524.5
1162100 2523.5
1162110 2524.0
1162120 2524.6
1162130 2522.0
1162140 2521.4
1162150 2519.7
1162160 2519.7
1162170 2518.5
1162180 2516.8
1162190 2516.8
1162200 2515.4
1162210 2515.0
1162220 2515.0
1162230 2514.3
1162240 2512.7
1162250 2512.7
1162260 2510.9
1162270 2509.7
1162280 2509.7
1162290 2508.9
1162300 2508.3
1162310 2508.3
1162320 2507.6
1162330 2506.9
1162340 2507.0
1162350 2507.0
1162360 2507.5
1162370 2508.7
1162380 2508.7
1162390 2510.3
1162400 2511.9
1162410 2511.9
1162420 2512.8
1162430 2513.7
1162440 2513.7
1162450 2514.4
1162460 2514.6
1162470 2514.6
1162480 2514.1
1162490 2513.2
1162500 2513.2
1162510 2512.2
1162520 2505.5
1162530 2505.5
1162540 2504.0
1162550 2503.4
1162560 2504.2
1162570 2504.2
1162580 2505.7
1162590 2507.6
1162600 2507.6
1162610 2508.7
1162620 2508.8
1162630 2508.8
1162640 2508.5
1162650 2507.9
1162660 2507.9
1162670 2507.8
1162680 2508.8
1162690 2508.8
1162700 2507.3
1162710 2507.7
1162720 2507.7
1162730 2512.9
1162740 2519.3
1162750 2526.0
1162760 2526.0
1162770 2532.3
1162780 2537.5
1162790 2537.5
1162800 2540.9
1162810 2544.1
1162820 2544.1
1162830 2548.8
1162840 2554.6
1162850 2554.6
1162860 2559.4
1162870 2562.6
1162880 2562.6
1162890 2564.8
1162900 2566.5
1162910 2566.5
1162920 2566.4
1162930 2568.8
1162940 2568.8
1162950 2571.1
1162960 2573.9
1162970 2577.2
1162980 2577.2
1162990 2580.6
1163000 2584.4
1163010 2584.4
1163020 2589.0
1163030 2594.6
1163040 2594.6
1163050 2600.5
1163060 2605.7
1163070 2605.7
1163080 2610.7
1163090 2616.1
1163100 2616.1
1163110 2621.9
1163120 2627.6
1163130 2627.6
1163140 2633.7
1163150 2640.0
1163160 2640.0
1163170 2645.5
1163180 2652.0
1163190 2659.2
1163200 2659.2
1163210 2667.8
1163220 2675.5
1163230 2675.5
1163240 2681.4
1163250 2687.5
1163260 2687.5
1163270 2694.2
1163280 2701.0
1163290 2701.0
1163300 2709.3
1163310 2720.3
1163320 2720.3
1163330 2726.9
1163340 2732.7
1163350 2732.7
1163360 2737.4
1163370 2742.9
1163380 2742.9
1163390 2748.1
1163400 2753.5
1163410 2759.3
1163420 2759.3
1163430 2765.0
1163440 2771.3
1163450 2771.3
1163460 2778.3
1163470 2785.6
1163480 2785.6
1163490 2793.4
1163500 2800.0
1163510 2800.0
1163520 2806.1
1163530 2812.2
1163540 2812.2
1163550 2817.9
1163560 2823.0
1163570 2823.0
1163580 2827.3
1163590 2830.4
1163600 2830.4
1163610 2830.4
1163620 2824.8
1163630 2817.6
1163640 2817.6
1163650 2810.7
1163660 2805.0
1163670 2805.0
1163680 2799.3
1163690 2794.1
1163700 2794.1
1163710 2787.5
1163720 2782.3
1163730 2782.3
1163740 2776.5
1163750 2769.8
1163760 2769.8
1163770 2761.9
1163780 2754.2
1163790 2754.2
1163800 2749.1
1163810 2744.8
1163820 2740.5
1163830 2740.5
1163840 2736.5
1163850 2733.2
1163860 2733.2
1163870 2730.2
1163880 2725.7
1163890 2725.7
1163900 2719.8
1163910 2713.5
1163920 2713.5
1163930 2705.7
1163940 2697.8
1163950 2697.8
1163960 2691.7
1163970 2686.9
1163980 2686.9
1163990 2682.3
1164000 2678.3
1164010 2678.3
1164020 2675.1
1164030 2673.0
1164040 2671.1
1164050 2671.1
1164060 2669.8
1164070 2668.4
1164080 2668.4
1164090 2667.4
1164100 2665.7
1164110 2665.7
1164120 2665.3
1164130 2665.2
1164140 2665.2
1164150 2665.1
1164160 2665.2
1164170 2665.2
1164180 2665.6
1164190 2666.3
1164200 2666.3
1164210 2667.0
1164220 2667.6
1164230 2667.7
1164240 2667.7
1164250 2667.4
1164260 2666.4
1164270 2666.4
1164280 2664.9
1164290 2662.9
1164300 2662.9
1164310 2660.0
1164320 2656.0
1164330 2656.0
1164340 2651.6
1164350 2647.6
1164360 2647.6
1164370 2643.3
1164380 2638.4
1164390 2638.4
1164400 2634.3
1164410 2631.1
1164420 2631.1
1164430 2626.5
1164440 2622.9
1164450 2619.0
1164460 2619.0
1164470 2615.3
1164480 2612.3
1164490 2612.3
1164500 2613.2
1164510 2613.2
1164520 2613.2
1164530 2613.0
1164540 2612.8
1164550 2612.8
1164560 2613.2
1164570 2614.3
1164580 2614.3
1164590 2615.4
1164600 2616.3
1164610 2616.3
1164620 2617.2
1164630 2618.4
1164640 2618.4
1164650 2619.6
1164660 2620.8
1164670 2621.9
1164680 2621.9
1164690 2623.2
1164700 2624.0
1164710 2624.0
1164720 2624.8
1164730 2625.4
1164740 2625.4
1164750 2625.7
1164760 2625.7
1164770 2625.7
1164780 2625.5
1164790 2625.5
1164800 2625.5
1164810 2625.4
1164820 2624.5
1164830 2624.5
1164840 2623.1
1164850 2621.4
1164860 2619.1
1164870 2619.1
1164880 2616.3
1164890 2619.2
1164900 2619.2
1164910 2615.6
1164920 2610.7
1164930 2610.7
1164940 2605.6
1164950 2600.6
1164960 2600.6
1164970 2595.7
1164980 2590.8
1164990 2590.8
1165000 2586.2
1165010 2581.8
1165020 2581.8
1165030 2578.4
1165040 2575.2
1165050 2575.2
1165060 2572.6
1165070 2570.4
1165080 2568.6
1165090 2568.6
1165100 2566.0
1165110 2562.5
1165120 2562.5
1165130 2559.5
1165140 2557.1
1165150 2557.1
1165160 2554.7
1165170 2551.9
1165180 2551.9
1165190 2550.1
1165200 2548.5
1165210 2548.5
1165220 2546.5
1165230 2544.6
1165240 2544.6
1165250 2542.9
1165260 2541.6
1165270 2541.6
1165280 2540.3
1165290 2539.4
1165300 2538.0
1165310 2538.0
1165320 2536.5
1165330 2534.7
1165340 2534.7
1165350 2533.9
1165360 2533.7
1165370 2533.7
1165380 2532.0
1165390 2531.1
1165400 2531.1
1165410 2531.1
1165420 2531.0
1165430 2531.0
1165440 2530.9
1165450 2530.8
1165460 2530.8
1165470 2531.0
1165480 2530.8
1165490 2530.8
1165500 2530.7
1165510 2530.7
1165520 2530.7
1165530 2530.7
1165540 2530.6
1165550 2530.6
1165560 2530.6
1165570 2530.5
1165580 2530.6
1165590 2530.6
1165600 2531.1
1165610 2532.3
1165620 2532.3
1165630 2534.3
1165640 2536.2
1165650 2536.2
1165660 2538.3
1165670 2540.3
1165680 2540.3
1165690 2542.9
1165700 2545.9
1165710 2549.9
1165720 2549.9
1165730 2554.3
1165740 2558.3
1165750 2558.3
1165760 2561.8
1165770 2565.7
1165780 2565.7
1165790 2570.3
1165800 2575.2
1165810 2575.2
1165820 2580.7
1165830 2587.7
1165840 2587.7
1165850 2594.2
1165860 2600.4
1165870 2600.4
1165880 2606.3
1165890 2612.7
1165900 2612.7
1165910 2619.2
1165920 2624.7
1165930 2630.5
1165940 2630.5
1165950 2636.0
1165960 2642.5
1165970 2642.5
1165980 2649.4
1165990 2655.9
1166000 2655.9
1166010 2661.9
1166020 2667.6
1166030 2667.6
1166040 2671.5
1166050 2676.5
1166060 2676.5
1166070 2681.7
1166080 2672.4
1166090 2672.4
1166100 2670.2
1166110 2667.0
1166120 2667.0
1166130 2671.0
1166140 2675.6
1166150 2680.0
1166160 2680.0
1166170 2684.4
1166180 2689.5
1166190 2689.5
1166200 2695.5
1166210 2702.0
1166220 2702.0
1166230 2709.1
1166240 2716.7
1166250 2716.7
1166260 2724.5
1166270 2732.0
1166280 2732.0
1166290 2739.5
1166300 2747.1
1166310 2747.1
1166320 2754.2
1166330 2760.3
1166340 2763.4
1166350 2763.4
1166360 2757.6
1166370 2747.8
1166380 2747.8
1166390 2738.9
1166400 2732.2
1166410 2732.2
1166420 2727.0
1166430 2721.7
1166440 2721.7
1166450 2715.7
1166460 2709.3
1166470 2709.3
1166480 2706.6
1166490 2700.2
1166500 2700.2
1166510 2696.4
1166520 2693.8
1166530 2693.8
1166540 2691.6
1166550 2692.3
1166560 2692.1
1166570 2692.1
1166580 2691.5
1166590 2690.1
1166600 2690.1
1166610 2687.9
1166620 2685.5
1166630 2685.5
1166640 2683.3
1166650 2681.0
1166660 2681.0
1166670 2678.2
1166680 2675.0
1166690 2675.0
1166700 2670.4
1166710 2664.0
1166720 2664.0
1166730 2656.0
1166740 2648.9
1166750 2648.9
1166760 2641.0
1166770 2634.3
1166780 2631.7
1166790 2631.7
1166800 2628.6
1166810 2625.0
1166820 2625.0
1166830 2620.7
1166840 2615.5
1166850 2615.5
1166860 2611.4
1166870 2607.8
1166880 2611.5
1166890 2608.4
1166900 2604.6
1166910 2604.6
1166920 2602.3
1166930 2599.4
1166940 2599.4
1166950 2596.7
1166960 2595.4
1166970 2594.5
1166980 2594.5
1166990 2593.8
1167000 2592.6
1167010 2592.6
1167020 2592.3
1167030 2593.2
1167040 2593.2
1167050 2595.3
1167060 2599.1
1167070 2599.1
1167080 2603.1
1167090 2607.0
1167100 2607.0
1167110 2611.3
1167120 2616.1
1167130 2616.1
1167140 2620.3
1167150 2623.7
1167160 2623.7
1167170 2624.8
1167180 2619.7
1167190 2613.5
1167200 2613.5
1167210 2609.5
1167220 2605.8
1167230 2605.8
1167240 2603.8
1167250 2602.3
1167260 2602.3
1167270 2597.3
1167280 2583.1
1167290 2583.1
1167300 2573.7
1167310 2563.7
1167320 2563.7
1167330 2554.7
1167340 2548.3
1167350 2548.3
1167360 2543.1
1167370 2537.3
1167380 2537.3
1167390 2531.4
1167400 2525.7
1167410 2518.6
1167420 2518.6
1167430 2510.8
1167440 2504.2
1167450 2504.2
1167460 2499.5
1167470 2495.2
1167480 2495.2
1167490 2486.7
1167500 2477.5
1167510 2477.5
1167520 2471.8
1167530 2463.0
1167540 2463.0
1167550 2451.3
1167560 2439.7
1167570 2439.7
1167580 2431.9
1167590 2425.7
1167600 2425.7
1167610 2419.5
1167620 2413.7
1167630 2407.5
1167640 2407.5
1167650 2398.9
1167660 2392.1
1167670 2392.1
1167680 2392.7
1167690 2386.7
1167700 2386.7
1167710 2382.0
1167720 2376.3
1167730 2376.3
1167740 2369.6
1167750 2363.9
1167760 2363.9
1167770 2356.0
1167780 2348.3
1167790 2348.3
1167800 2340.7
1167810 2333.4
1167820 2327.2
1167830 2327.2
1167840 2321.2
1167850 2315.7
1167860 2315.7
1167870 2310.0
1167880 2304.7
1167890 2304.7
1167900 2299.3
1167910 2293.5
1167920 2293.5
1167930 2287.9
1167940 2283.6
1167950 2283.6
1167960 2281.2
1167970 2279.2
1167980 2279.2
1167990 2276.6
1168000 2275.4
1168010 2275.4
1168020 2274.2
1168030 2271.6
1168040 2269.1
1168050 2269.1
1168060 2264.9
1168070 2263.7
1168080 2271.3
1168090 2267.4
1168100 2262.5
1168110 2262.5
1168120 2256.9
1168130 2252.2
1168140 2252.2
1168150 2248.3
1168160 2244.2
1168170 2244.2
1168180 2239.9
1168190 2235.0
1168200 2235.0
1168210 2227.8
1168220 2219.8
1168230 2219.8
1168240 2212.1
1168250 2205.5
1168260 2198.4
1168270 2198.4
1168280 2189.3
1168290 2179.5
1168300 2179.5
1168310 2170.7
1168320 2161.6
1168330 2161.6
1168340 2153.8
1168350 2152.8
1168360 2152.8
1168370 2153.6
1168380 2155.5
1168390 2155.5
1168400 2159.7
1168410 2163.2
1168420 2163.2
1168430 2168.6
1168440 2175.0
1168450 2180.4
1168460 2180.4
1168470 2185.9
1168480 2188.6
1168490 2188.6
1168500 2194.5
1168510 2200.3
1168520 2200.3
1168530 2206.2
1168540 2212.2
1168550 2212.2
1168560 2218.2
1168570 2224.5
1168580 2224.5
1168590 2231.2
1168600 2237.1
1168610 2237.1
1168620 2242.1
1168630 2247.0
1168640 2247.0
1168650 2252.9
1168660 2259.6
1168670 2265.7
1168680 2265.7
1168690 2270.4
1168700 2274.1
1168710 2274.1
1168720 2280.1
1168730 2287.6
1168740 2287.6
1168750 2293.5
1168760 2299.2
1168770 2299.2
1168780 2305.6
1168790 2312.8
1168800 2312.8
1168810 2320.5
1168820 2328.7
1168830 2328.7
1168840 2336.2
1168850 2342.5
1168860 2342.5
1168870 2347.7
1168880 2344.1
1168890 2347.6
1168900 2347.6
1168910 2350.8
1168920 2354.8
1168930 2354.8
1168940 2359.3
1168950 2365.7
1168960 2365.7
1168970 2371.4
1168980 2375.6
1168990 2375.6
1169000 2382.7
1169010 2391.3
1169020 2391.3
1169030 2399.6
1169040 2406.1
1169050 2406.1
1169060 2411.9
1169070 2418.3
1169080 2425.2
1169090 2425.2
1169100 2433.3
1169110 2441.2
1169120 2441.2
1169130 2449.0
1169140 2455.6
1169150 2455.6
1169160 2461.8
1169170 2468.2
1169180 2468.2
1169190 2473.4
1169200 2479.9
1169210 2479.9
1169220 2485.4
1169230 2485.0
1169240 2485.0
1169250 2481.2
1169260 2477.9
1169270 2477.9
1169280 2467.5
1169290 2466.4
1169300 2464.4
1169310 2464.4
1169320 2459.0
1169330 2448.7
1169340 2448.7
1169350 2436.8
1169360 2426.3
1169370 2426.3
1169380 2417.2
1169390 2408.9
1169400 2408.9
1169410 2401.3
1169420 2395.2
1169430 2395.2
1169440 2389.1
1169450 2382.8
1169460 2382.8
1169470 2375.9
1169480 2369.5
1169490 2369.5
1169500 2362.6
1169510 2355.5
1169520 2347.4
1169530 2347.4
1169540 2339.9
1169550 2332.6
1169560 2332.6
1169570 2325.8
1169580 2320.4
1169590 2320.4
1169600 2316.4
1169610 2309.6
1169620 2309.6
1169630 2303.0
1169640 2297.5
1169650 2297.5
1169660 2291.8
1169670 2284.3
1169680 2280.7
1169690 2274.0
1169700 2272.0
1169710 2272.0
1169720 2268.6
1169730 2265.1
1169740 2260.4
1169750 2260.4
1169760 2255.1
1169770 2250.5
1169780 2250.5
1169790 2247.5
1169800 2241.3
1169810 2241.3
1169820 2234.2
1169830 2228.7
1169840 2228.7
1169850 2226.0
1169860 2224.0
1169870 2224.0
1169880 2219.2
1169890 2214.2
1169900 2214.2
1169910 2209.2
1169920 2204.4
1169930 2199.6
1169940 2199.6
1169950 2194.4
1169960 2188.8
1169970 2188.8
1169980 2183.6
1169990 2178.3
1170000 2178.3
1170010 2173.8
1170020 2169.1
1170030 2169.1
1170040 2164.3
1170050 2159.8
1170060 2159.8
1170070 2154.5
1170080 2147.2
1170090 2146.1
1170100 2140.3
1170110 2134.3
1170120 2134.3
1170130 2128.3
1170140 2122.1
1170150 2115.6
1170160 2115.6
1170170 2108.9
1170180 2102.4
1170190 2102.4
1170200 2094.7
1170210 2089.7
1170220 2089.7
1170230 2085.5
1170240 2081.1
1170250 2081.1
1170260 2077.5
1170270 2074.7
1170280 2074.7
1170290 2071.5
1170300 2068.6
1170310 2068.6
1170320 2067.6
1170330 2066.5
1170340 2066.5
1170350 2067.8
1170360 2071.2
1170370 2072.6
1170380 2072.6
1170390 2073.3
1170400 2075.5
1170410 2075.5
1170420 2077.4
1170430 2079.0
1170440 2079.0
1170450 2079.9
1170460 2080.6
1170470 2080.6
1170480 2084.1
1170490 2086.0
1170500 2086.0
1170510 2089.3
1170520 2092.2
1170530 2092.2
1170540 2094.0
1170550 2095.1
1170560 2098.1
1170570 2098.1
1170580 2102.6
1170590 2108.0
1170600 2108.0
1170610 2113.7
1170620 2119.0
1170630 2119.0
1170640 2122.1
1170650 2122.2
1170660 2122.2
1170670 2122.2
1170680 2123.2
1170690 2123.2
1170700 2123.4
1170710 2123.4
1170720 2123.4
1170730 2125.8
1170740 2130.6
1170750 2130.6
1170760 2134.4
1170770 2138.1
1170780 2144.4
1170790 2144.4
1170800 2153.6
1170810 2164.0
1170820 2164.0
1170830 2172.3
1170840 2178.9
1170850 2178.9
1170860 2184.2
1170870 2189.4
1170880 2189.4
1170890 2199.2
1170900 2205.1
1170910 2205.1
1170920 2210.6
1170930 2215.1
1170940 2215.1
1170950 2220.2
1170960 2224.7
1170970 2224.7
1170980 2229.5
1170990 2234.9
1171000 2240.3
1171010 2240.3
1171020 2245.2
1171030 2251.5
1171040 2251.5
1171050 2256.8
1171060 2262.4
1171070 2262.4
1171080 2268.4
1171090 2274.0
1171100 2274.0
1171110 2279.8
1171120 2285.5
1171130 2285.5
1171140 2291.6
1171150 2298.9
1171160 2298.9
1171170 2306.7
1171180 2314.0
1171190 2321.8
1171200 2321.8
1171210 2329.4
1171220 2337.1
1171230 2337.1
1171240 2344.5
1171250 2351.8
1171260 2351.8
1171270 2359.2
1171280 2366.4
1171290 2366.4
1171300 2369.8
1171310 2377.9
1171320 2377.9
1171330 2386.5
1171340 2394.5
1171350 2394.5
1171360 2402.3
1171370 2409.9
1171380 2409.9
1171390 2417.7
1171400 2425.3
1171410 2433.0
1171420 2433.0
1171430 2440.0
1171440 2447.2
1171450 2447.2
1171460 2454.4
1171470 2461.2
1171480 2461.2
1171490 2467.7
1171500 2474.2
1171510 2474.2
1171520 2480.4
1171530 2486.1
1171540 2486.1
1171550 2489.3
1171560 2486.7
1171570 2486.7
1171580 2481.4
1171590 2477.5
1171600 2477.5
1171610 2474.1
1171620 2470.5
1171630 2465.4
1171640 2465.4
1171650 2458.6
1171660 2451.1
1171670 2451.1
1171680 2443.0
1171690 2432.2
1171700 2428.8
1171710 2420.0
1171720 2412.9
1171730 2412.9
1171740 2407.2
1171750 2402.6
1171760 2402.6
1171770 2398.3
1171780 2394.7
1171790 2394.7
1171800 2391.6
1171810 2387.0
1171820 2381.7
1171830 2381.7
1171840 2375.2
1171850 2368.6
1171860 2368.6
1171870 2359.5
1171880 2352.6
1171890 2352.6
1171900 2343.1
1171910 2336.4
1171920 2336.4
1171930 2332.0
1171940 2327.6
1171950 2327.6
1171960 2322.2
1171970 2315.5
1171980 2315.5
1171990 2310.3
1172000 2306.5
1172010 2306.5
1172020 2304.6
1172030 2301.4
1172040 2297.2
1172050 2297.2
1172060 2292.8
1172070 2287.2
1172080 2287.2
1172090 2282.6
1172100 2279.5
1172110 2285.8
1172120 2283.8
1172130 2282.3
1172140 2282.3
1172150 2280.9
1172160 2281.0
1172170 2281.0
1172180 2280.5
1172190 2279.8
1172200 2279.8
1172210 2278.7
1172220 2277.7
1172230 2277.7
1172240 2276.1
1172250 2272.0
1172260 2266.9
1172270 2266.9
1172280 2261.6
1172290 2257.2
1172300 2257.2
1172310 2250.8
1172320 2243.2
1172330 2243.2
1172340 2237.3
1172350 2233.3
1172360 2233.3
1172370 2230.2
1172380 2228.5
1172390 2228.5
1172400 2227.7
1172410 2225.8
1172420 2225.8
1172430 2221.7
1172440 2216.7
1172450 2211.4
1172460 2211.4
1172470 2204.5
1172480 2195.6
1172490 2195.6
1172500 2186.2
1172510 2171.4
1172520 2171.4
1172530 2164.5
1172540 2157.7
1172550 2157.7
1172560 2152.5
1172570 2147.4
1172580 2147.4
1172590 2141.1
1172600 2135.3
1172610 2135.3
1172620 2130.4
1172630 2125.7
1172640 2125.7
1172650 2121.6
1172660 2117.9
1172670 2114.2
1172680 2114.2
1172690 2110.5
1172700 2106.8
1172710 2106.8
1172720 2103.2
1172730 2099.6
1172740 2099.6
1172750 2096.3
1172760 2093.1
1172770 2093.1
1172780 2090.3
1172790 2087.7
1172800 2087.7
1172810 2085.0
1172820 2082.5
1172830 2082.5
1172840 2080.1
1172850 2077.5
1172860 2077.5
1172870 2075.2
1172880 2072.6
1172890 2068.7
1172900 2068.7
1172910 2064.0
1172920 2063.1
1172930 2063.1
1172940 2059.4
1172950 2054.5
1172960 2054.5
1172970 2050.4
1172980 2045.3
1172990 2045.3
1173000 2041.0
1173010 2038.2
1173020 2038.2
1173030 2039.3
1173040 2043.4
1173050 2043.4
1173060 2044.9
1173070 2046.7
1173080 2046.7
1173090 2049.9
1173100 2052.6
1173110 2054.5
1173120 2054.5
1173130 2055.6
1173140 2057.2
1173150 2057.2
1173160 2060.6
1173170 2065.4
1173180 2065.4
1173190 2069.9
1173200 2073.8
1173210 2073.8
1173220 2077.5
1173230 2081.0
1173240 2081.0
1173250 2084.5
1173260 2087.7
1173270 2087.7
1173280 2091.4
1173290 2095.1
1173300 2098.4
1173310 2098.4
1173320 2102.0
1173330 2101.6
1173340 2101.6
1173350 2105.9
1173360 2109.5
1173370 2109.5
1173380 2112.7
1173390 2115.1
1173400 2115.1
1173410 2117.4
1173420 2120.3
1173430 2120.3
1173440 2123.8
1173450 2127.8
1173460 2127.8
1173470 2131.4
1173480 2134.2
1173490 2134.2
1173500 2136.3
1173510 2137.7
1173520 2138.3
1173530 2138.3
1173540 2140.2
1173550 2143.6
1173560 2143.6
1173570 2148.3
1173580 2153.0
1173590 2153.0
1173600 2155.5
1173610 2158.3
1173620 2158.3
1173630 2162.1
1173640 2166.0
1173650 2166.0
1173660 2171.1
1173670 2178.2
1173680 2178.2
1173690 2182.0
1173700 2183.5
1173710 2183.5
1173720 2185.5
1173730 2178.3
1173740 2181.9
1173750 2181.9
1173760 2186.0
1173770 2188.7
1173780 2188.7
1173790 2189.3
1173800 2189.9
1173810 2189.9
1173820 2192.3
1173830 2196.8
1173840 2196.8
1173850 2203.0
1173860 2208.8
1173870 2208.8
1173880 2213.7
1173890 2217.1
1173900 2217.1
1173910 2220.8
1173920 2225.0
1173930 2227.9
1173940 2227.9
1173950 2228.3
1173960 2227.0
1173970 2227.0
1173980 2225.1
1173990 2224.8
1174000 2224.8
1174010 2225.6
1174020 2226.9
1174030 2226.9
1174040 2228.4
1174050 2233.0
1174060 2233.0
1174070 2237.3
1174080 2240.4
1174090 2240.4
1174100 2242.6
1174110 2243.6
1174120 2243.6
1174130 2243.0
1174140 2237.5
1174150 2236.5
1174160 2236.5
1174170 2235.1
1174180 2232.5
1174190 2232.5
1174200 2228.3
1174210 2223.5
1174220 2223.5
1174230 2219.8
1174240 2216.4
1174250 2216.4
1174260 2212.9
1174270 2208.2
1174280 2208.2
1174290 2202.8
1174300 2197.0
1174310 2197.0
1174320 2191.3
1174330 2185.6
1174340 2185.6
1174350 2180.0
1174360 2174.6
1174370 2168.9
1174380 2168.9
1174390 2162.8
1174400 2156.3
1174410 2156.3
1174420 2149.9
1174430 2143.6
1174440 2143.6
1174450 2135.4
1174460 2127.5
1174470 2127.5
1174480 2120.3
1174490 2112.6
1174500 2112.6
1174510 2105.1
1174520 2098.0
1174530 2098.0
1174540 2090.6
1174550 2086.5
1174560 2080.4
1174570 2080.4
1174580 2073.8
1174590 2066.4
1174600 2066.4
1174610 2058.6
1174620 2050.2
1174630 2050.2
1174640 2041.8
1174650 2037.8
1174660 2037.8
1174670 2041.8
1174680 2048.5
1174690 2048.5
1174700 2052.5
1174710 2054.3
1174720 2054.3
1174730 2052.5
1174740 2050.6
1174750 2050.6
1174760 2049.5
1174770 2047.4
1174780 2047.7
1174790 2047.7
1174800 2050.5
1174810 2053.0
1174820 2053.0
1174830 2055.0
1174840 2057.0
1174850 2057.0
1174860 2061.9
1174870 2067.9
1174880 2067.9
1174890 2073.8
1174900 2080.3
1174910 2080.3
1174920 2086.5
1174930 2092.2
1174940 2092.2
1174950 2097.8
1174960 2102.8
1174970 2102.8
1174980 2108.2
1174990 2114.0
1175000 2119.9
1175010 2119.9
1175020 2126.0
1175030 2131.9
1175040 2131.9
1175050 2137.4
1175060 2142.0
1175070 2142.0
1175080 2146.5
1175090 2151.6
1175100 2151.6
1175110 2156.3
1175120 2161.2
1175130 2161.2
1175140 2166.4
1175150 2171.6
1175160 2171.6
1175170 2176.8
1175180 2182.3
1175190 2187.8
1175200 2187.8
1175210 2192.9
1175220 2197.4
1175230 2197.4
1175240 2201.5
1175250 2205.8
1175260 2205.8
1175270 2210.0
1175280 2213.5
1175290 2213.5
1175300 2216.1
1175310 2219.2
1175320 2219.2
1175330 2223.2
1175340 2226.6
1175350 2226.6
1175360 2229.9
1175370 2231.6
1175380 2231.6
1175390 2234.6
1175400 2237.0
1175410 2238.8
1175420 2238.8
1175430 2240.2
1175440 2241.8
1175450 2241.8
1175460 2242.9
1175470 2243.5
1175480 2243.5
1175490 2243.9
1175500 2244.5
1175510 2244.5
1175520 2244.6
1175530 2243.8
1175540 2243.8
1175550 2243.5
1175560 2243.8
1175570 2243.8
1175580 2243.9
1175590 2243.9
1175600 2243.9
1175610 2244.0
1175620 2243.7
1175630 2242.4
1175640 2242.4
1175650 2240.6
1175660 2237.7
1175670 2237.7
1175680 2234.7
1175690 2230.9
1175700 2230.9
1175710 2225.9
1175720 2220.8
1175730 2220.8
1175740 2215.2
1175750 2208.8
1175760 2208.8
1175770 2201.8
1175780 2188.2
1175790 2188.2
1175800 2183.8
1175810 2179.6
1175820 2174.8
1175830 2174.8
1175840 2169.5
1175850 2164.0
1175860 2164.0
1175870 2158.2
1175880 2153.2
1175890 2153.2
1175900 2148.5
1175910 2143.8
1175920 2143.8
1175930 2139.6
1175940 2135.8
1175950 2135.8
1175960 2131.1
1175970 2123.7
1175980 2123.7
1175990 2117.9
1176000 2108.9
1176010 2108.9
1176020 2102.2
1176030 2097.8
1176040 2090.8
1176050 2090.8
1176060 2084.2
1176070 2077.1
1176080 2077.1
1176090 2067.6
1176100 2057.4
1176110 2057.4
1176120 2050.5
1176130 2046.2
1176140 2046.2
1176150 2043.0
1176160 2040.2
1176170 2040.2
1176180 2037.6
1176190 2030.8
1176200 2030.8
1176210 2028.2
1176220 2025.8
1176230 2025.8
1176240 2023.3
1176250 2020.8
1176260 2017.8
1176270 2017.8
1176280 2014.8
1176290 2011.1
1176300 2011.1
1176310 2008.0
1176320 2007.2
1176330 2007.2
1176340 2007.3
1176350 2007.2
1176360 2007.2
1176370 2005.5
1176380 2001.5
1176390 2001.5
1176400 1996.7
1176410 1989.6
1176420 1989.6
1176430 1981.4
1176440 1974.5
1176450 1974.5
1176460 1966.4
1176470 1957.7
1176480 1949.4
1176490 1949.4
1176500 1940.8
1176510 1931.7
1176520 1931.7
1176530 1923.9
1176540 1916.8
1176550 1916.8
1176560 1910.9
1176570 1905.3
1176580 1905.3
1176590 1899.1
1176600 1889.3
1176610 1889.3
1176620 1882.9
1176630 1876.4
1176640 1876.4
1176650 1870.1
1176660 1864.4
1176670 1858.9
1176680 1858.9
1176690 1852.9
1176700 1846.2
1176710 1846.2
1176720 1839.3
1176730 1832.5
1176740 1832.5
1176750 1826.5
1176760 1820.7
1176770 1820.7
1176780 1814.7
1176790 1808.0
1176800 1808.0
1176810 1802.3
1176820 1797.6
1176830 1797.6
1176840 1792.1
1176850 1787.0
1176860 1787.0
1176870 1782.5
1176880 1777.8
1176890 1772.7
1176900 1772.7
1176910 1767.6
1176920 1762.7
1176930 1762.7
1176940 1757.9
1176950 1752.4
1176960 1752.4
1176970 1746.1
1176980 1738.3
1176990 1738.3
1177000 1731.2
1177010 1725.0
1177020 1725.0
1177030 1718.3
1177040 1713.7
1177050 1713.7
1177060 1709.4
1177070 1705.3
1177080 1705.3
1177090 1700.9
1177100 1695.3
1177110 1689.6
1177120 1689.6
1177130 1683.1
1177140 1671.7
1177150 1671.7
1177160 1660.4
1177170 1651.4
1177180 1651.4
1177190 1643.8
1177200 1637.5
1177210 1637.5
1177220 1632.5
1177230 1627.9
1177240 1627.9
1177250 1623.5
1177260 1617.6
1177270 1617.6
1177280 1609.4
1177290 1599.4
1177300 1591.1
1177310 1591.1
1177320 1584.4
1177330 1575.8
1177340 1575.8
1177350 1564.0
1177360 1553.9
1177370 1553.9
1177380 1546.0
1177390 1542.0
1177400 1542.0
1177410 1543.5
1177420 1531.1
1177430 1531.1
1177440 1525.9
1177450 1525.7
1177460 1525.7
1177470 1524.5
1177480 1521.8
1177490 1521.8
1177500 1517.0
1177510 1513.2
1177520 1511.5
1177530 1511.5
1177540 1510.6
1177550 1511.0
1177560 1511.0
1177570 1508.1
1177580 1504.8
1177590 1504.8
1177600 1501.5
1177610 1498.0
1177620 1498.0
1177630 1495.4
1177640 1493.2
1177650 1493.2
1177660 1491.5
1177670 1489.5
1177680 1489.5
1177690 1488.1
1177700 1486.0
1177710 1486.0
1177720 1481.2
1177730 1471.7
1177740 1465.6
1177750 1465.6
1177760 1463.5
1177770 1457.8
1177780 1457.8
1177790 1450.9
1177800 1448.2
1177810 1448.2
1177820 1450.2
1177830 1438.3
1177840 1438.3
1177850 1432.6
1177860 1429.9
1177870 1429.9
1177880 1430.9
1177890 1431.9
1177900 1431.9
1177910 1432.1
1177920 1431.5
1177930 1429.0
1177940 1429.0
1177950 1427.9
1177960 1427.3
1177970 1427.3
1177980 1426.6
1177990 1425.6
1178000 1425.6
1178010 1424.3
1178020 1421.9
1178030 1421.9
1178040 1415.0
1178050 1404.8
1178060 1404.8
1178070 1394.3
1178080 1385.8
1178090 1385.8
1178100 1378.1
1178110 1366.0
1178120 1366.0
1178130 1355.8
1178140 1347.9
1178150 1340.3
1178160 1340.3
1178170 1333.5
1178180 1324.2
1178190 1324.2
1178200 1311.2
1178210 1298.8
1178220 1298.8
1178230 1286.6
1178240 1273.3
1178250 1273.5
1178260 1262.5
1178270 1255.7
1178280 1255.7
1178290 1251.1
1178300 1236.9
1178310 1236.9
1178320 1222.7
1178330 1216.9
1178340 1216.9
1178350 1216.9
1178360 1216.7
1178370 1210.6
1178380 1210.6
1178390 1203.9
1178400 1197.4
1178410 1197.4
1178420 1191.4
1178430 1186.3
1178440 1186.3
1178450 1182.9
1178460 1179.4
1178470 1179.4
1178480 1175.3
1178490 1169.8
1178500 1169.8
1178510 1166.2
1178520 1163.3
1178530 1163.3
1178540 1160.4
1178550 1157.5
1178560 1154.7
1178570 1154.7
1178580 1152.0
1178590 1149.3
1178600 1149.3
1178610 1145.1
1178620 1140.6
1178630 1140.6
1178640 1135.7
1178650 1130.5
1178660 1123.1
1178670 1116.7
1178680 1112.6
1178690 1112.6
1178700 1108.8
1178710 1103.7
1178720 1103.7
1178730 1099.6
1178740 1092.1
1178750 1092.1
1178760 1073.1
1178770 1063.0
1178780 1062.6
1178790 1062.6
1178800 1054.5
1178810 1046.8
1178820 1046.8
1178830 1037.9
1178840 1028.3
1178850 1028.3
1178860 1019.9
1178870 1012.4
1178880 1012.4
1178890 1005.4
1178900 999.9
1178910 999.9
1178920 995.3
1178930 990.1
1178940 990.1
1178950 984.5
1178960 978.8
1178970 978.8
1178980 972.7
1178990 967.0
1179000 960.5
1179010 960.5
1179020 955.4
1179030 951.5
1179040 951.5
1179050 947.4
1179060 943.7
1179070 942.3
1179080 938.2
1179090 934.4
1179100 934.4
1179110 933.5
1179120 933.4
1179130 933.4
1179140 933.4
1179150 933.5
1179160 933.5
1179170 933.5
1179180 933.3
1179190 933.1
1179200 933.1
1179210 932.9
1179220 932.8
1179230 932.8
1179240 932.5
1179250 932.4
1179260 932.4
1179270 932.4
1179280 932.3
1179290 932.3
1179300 932.1
1179310 932.1
1179320 932.1
1179330 932.1
1179340 932.1
1179350 932.1
1179360 932.2
1179370 931.9
1179380 931.9
1179390 931.7
1179400 931.7
1179410 931.9
1179420 931.9
1179430 931.8
1179440 931.4
1179450 931.4
1179460 931.1
1179470 931.0
1179480 931.0
1179490 931.1
1179500 931.1
1179510 931.1
1179520 931.0
1179530 930.8
1179540 930.8
1179550 930.7
1179560 930.6
1179570 930.6
1179580 930.7
1179590 930.8
1179600 930.8
1179610 931.0
1179620 931.9
1179630 932.0
1179640 932.0
1179650 931.7
1179660 931.5
1179670 931.5
1179680 931.3
1179690 931.1
1179700 931.1
1179710 931.1
1179720 931.2
1179730 931.2
1179740 931.2
1179750 931.1
1179760 931.1
1179770 930.6
1179780 928.3
1179790 928.3
1179800 927.3
1179810 927.2
1179820 927.2
1179830 927.2
1179840 928.1
1179850 930.4
1179860 930.4
1179870 934.9
1179880 942.8
1179890 942.8
1179900 952.0
1179910 956.0
1179920 956.0
1179930 959.3
1179940 968.5
1179950 968.5
1179960 975.5
1179970 983.0
1179980 983.0
1179990 1005.0
