1160000 2581.6
1160010 2581.6
1160020 2577.4
1160030 2572.9
1160040 2572.9
1160050 2569.3
1160060 2566.4
1160070 2564.2
1160080 2564.2
1160090 2563.1
1160100 2562.8
1160110 2562.8
1160120 2562.3
1160130 2562.1
1160140 2562.1
1160150 2561.7
1160160 2560.5
1160170 2560.5
1160180 2559.4
1160190 2559.1
1160200 2559.1
1160210 2559.6
1160220 2561.3
1160230 2561.3
1160240 2561.7
1160250 2561.3
1160260 2561.3
1160270 2562.1
1160280 2563.7
1160290 2564.0
1160300 2564.0
1160310 2563.2
1160320 2561.6
1160330 2561.6
1160340 2560.1
1160350 2558.9
1160360 2558.9
1160370 2551.4
1160380 2549.3
1160390 2549.3
1160400 2547.7
1160410 2546.1
1160420 2546.1
1160430 2546.1
1160440 2545.9
1160450 2545.9
1160460 2546.2
1160470 2547.1
1160480 2548.0
1160490 2548.0
1160500 2548.5
1160510 2549.6
1160520 2549.6
1160530 2552.0
1160540 2555.2
1160550 2555.2
1160560 2555.5
1160570 2555.3
1160580 2555.3
1160590 2555.7
1160600 2557.1
1160610 2557.1
1160620 2558.2
1160630 2558.0
1160640 2558.0
1160650 2556.9
1160660 2555.6
1160670 2555.6
1160680 2554.2
1160690 2552.6
1160700 2551.4
1160710 2551.4
1160720 2550.1
1160730 2548.6
1160740 2548.6
1160750 2547.1
1160760 2544.4
1160770 2544.4
1160780 2541.8
1160790 2539.1
1160800 2539.1
1160810 2536.9
1160820 2535.1
1160830 2535.1
1160840 2534.4
1160850 2534.3
1160860 2534.3
1160870 2535.2
1160880 2535.2
1160890 2535.2
1160900 2534.1
1160910 2532.6
1160920 2531.7
1160930 2531.7
1160940 2531.3
1160950 2531.4
1160960 2531.4
1160970 2531.9
1160980 2532.9
1160990 2532.9
1161000 2534.4
1161010 2535.9
1161020 2535.9
1161030 2536.7
1161040 2538.5
1161050 2538.5
1161060 2540.8
1161070 2542.0
1161080 2542.0
1161090 2541.8
1161100 2541.2
1161110 2541.2
1161120 2539.8
1161130 2537.5
1161140 2535.0
1161150 2534.4
1161160 2532.7
1161170 2531.7
1161180 2531.7
1161190 2531.3
1161200 2531.0
1161210 2531.0
1161220 2529.9
1161230 2528.7
1161240 2528.7
1161250 2528.5
1161260 2528.1
1161270 2528.1
1161280 2527.9
1161290 2528.1
1161300 2528.1
1161310 2528.7
1161320 2529.8
1161330 2531.3
1161340 2531.3
1161350 2532.3
1161360 2532.7
1161370 2532.7
1161380 2532.7
1161390 2533.5
1161400 2533.5
1161410 2535.4
1161420 2538.8
1161430 2538.8
1161440 2542.5
1161450 2545.8
1161460 2545.8
1161470 2548.8
1161480 2551.8
1161490 2551.8
1161500 2555.3
1161510 2558.3
1161520 2558.3
1161530 2562.1
1161540 2568.7
1161550 2572.6
1161560 2572.6
1161570 2576.8
1161580 2580.8
1161590 2580.8
1161600 2584.3
1161610 2587.8
1161620 2587.8
1161630 2590.7
1161640 2593.0
1161650 2593.0
1161660 2594.8
1161670 2596.6
1161680 2596.6
1161690 2598.8
1161700 2601.2
1161710 2601.2
1161720 2604.1
1161730 2607.9
1161740 2607.9
1161750 2611.6
1161760 2614.6
1161770 2617.2
1161780 2617.2
1161790 2618.6
1161800 2615.2
1161810 2615.2
1161820 2609.0
1161830 2605.4
1161840 2605.4
1161850 2602.5
1161860 2599.9
1161870 2599.9
1161880 2598.7
1161890 2599.5
1161900 2599.5
1161910 2600.2
1161920 2600.6
1161930 2598.6
1161940 2596.8
1161950 2593.0
1161960 2589.7
1161970 2589.7
1161980 2588.5
1161990 2588.4
1162000 2588.4
1162010 2586.6
1162020 2583.9
1162030 2583.9
1162040 2581.2
1162050 2579.1
1162060 2579.1
1162070 2577.4
1162080 2575.2
1162090 2575.2
1162100 2573.7
1162110 2572.0
1162120 2572.0
1162130 2570.8
1162140 2569.2
1162150 2569.2
1162160 2567.6
1162170 2567.3
1162180 2567.4
1162190 2567.4
1162200 2566.6
1162210 2567.1
1162220 2567.1
1162230 2568.3
1162240 2569.8
1162250 2569.8
1162260 2571.4
1162270 2572.0
1162280 2572.0
1162290 2572.1
1162300 2571.8
1162310 2571.8
1162320 2573.2
1162330 2573.2
1162340 2573.2
1162350 2572.5
1162360 2570.9
1162370 2570.9
1162380 2569.7
1162390 2569.4
1162400 2569.6
1162410 2569.6
1162420 2570.4
1162430 2571.3
1162440 2571.3
1162450 2573.6
1162460 2576.9
1162470 2576.9
1162480 2580.0
1162490 2582.9
1162500 2582.9
1162510 2584.3
1162520 2582.6
1162530 2582.6
1162540 2580.9
1162550 2580.5
1162560 2580.5
1162570 2580.8
1162580 2581.6
1162590 2581.6
1162600 2583.1
1162610 2584.3
1162620 2585.0
1162630 2585.0
1162640 2585.9
1162650 2587.9
1162660 2587.9
1162670 2590.6
1162680 2593.5
1162690 2593.5
1162700 2595.0
1162710 2595.1
1162720 2591.9
1162730 2592.8
1162740 2594.0
1162750 2594.0
1162760 2595.5
1162770 2596.9
1162780 2596.9
1162790 2598.6
1162800 2600.3
1162810 2602.2
1162820 2602.2
1162830 2603.8
1162840 2605.9
1162850 2605.9
1162860 2608.1
1162870 2610.0
1162880 2610.0
1162890 2612.3
1162900 2614.8
1162910 2614.8
1162920 2617.7
1162930 2620.7
1162940 2620.7
1162950 2623.6
1162960 2626.8
1162970 2626.8
1162980 2629.8
1162990 2632.5
1163000 2632.5
1163010 2634.9
1163020 2636.7
1163030 2637.8
1163040 2637.8
1163050 2638.2
1163060 2638.2
1163070 2638.2
1163080 2638.2
1163090 2639.3
1163100 2639.3
1163110 2636.2
1163120 2637.6
1163130 2637.6
1163140 2640.4
1163150 2643.6
1163160 2643.6
1163170 2646.9
1163180 2650.8
1163190 2650.8
1163200 2655.1
1163210 2658.6
1163220 2658.6
1163230 2661.2
1163240 2665.7
1163250 2669.4
1163260 2669.4
1163270 2673.2
1163280 2677.3
1163290 2677.3
1163300 2680.4
1163310 2685.0
1163320 2685.0
1163330 2689.1
1163340 2694.0
1163350 2694.0
1163360 2699.1
1163370 2704.2
1163380 2704.2
1163390 2708.7
1163400 2712.7
1163410 2712.7
1163420 2716.6
1163430 2721.0
1163440 2726.5
1163450 2726.5
1163460 2732.0
1163470 2736.8
1163480 2736.8
1163490 2741.7
1163500 2749.8
1163510 2749.8
1163520 2754.3
1163530 2758.4
1163540 2758.4
1163550 2762.6
1163560 2767.0
1163570 2767.0
1163580 2771.3
1163590 2775.4
1163600 2775.4
1163610 2779.0
1163620 2781.9
1163630 2781.9
1163640 2785.0
1163650 2788.6
1163660 2792.4
1163670 2792.4
1163680 2795.9
1163690 2798.8
1163700 2798.8
1163710 2802.0
1163720 2804.6
1163730 2804.6
1163740 2807.3
1163750 2810.2
1163760 2810.2
1163770 2810.8
1163780 2808.7
1163790 2808.7
1163800 2805.4
1163810 2802.0
1163820 2802.0
1163830 2798.5
1163840 2795.2
1163850 2795.2
1163860 2792.5
1163870 2789.2
1163880 2786.8
1163890 2786.8
1163900 2780.8
1163910 2779.2
1163920 2779.2
1163930 2774.6
1163940 2769.8
1163950 2769.8
1163960 2764.9
1163970 2758.4
1163980 2758.4
1163990 2748.9
1164000 2738.1
1164010 2738.1
1164020 2725.4
1164030 2714.7
1164040 2714.7
1164050 2708.6
1164060 2703.7
1164070 2703.7
1164080 2698.3
1164090 2693.1
1164100 2687.9
1164110 2687.9
1164120 2683.4
1164130 2678.3
1164140 2678.3
1164150 2673.9
1164160 2670.0
1164170 2670.0
1164180 2667.7
1164190 2665.8
1164200 2665.8
1164210 2663.9
1164220 2661.9
1164230 2661.9
1164240 2660.5
1164250 2659.6
1164260 2659.6
1164270 2658.7
1164280 2657.6
1164290 2656.4
1164300 2656.1
1164310 2655.3
1164320 2653.2
1164330 2653.2
1164340 2650.4
1164350 2649.0
1164360 2649.0
1164370 2648.7
1164380 2649.1
1164390 2649.1
1164400 2649.4
1164410 2650.1
1164420 2650.1
1164430 2650.5
1164440 2650.0
1164450 2650.0
1164460 2648.1
1164470 2646.0
1164480 2646.0
1164490 2643.5
1164500 2640.9
1164510 2638.4
1164520 2638.4
1164530 2635.9
1164540 2633.2
1164550 2633.2
1164560 2629.7
1164570 2627.5
1164580 2627.5
1164590 2626.4
1164600 2624.6
1164610 2624.6
1164620 2623.3
1164630 2622.0
1164640 2622.0
1164650 2620.3
1164660 2618.5
1164670 2618.5
1164680 2616.7
1164690 2613.1
1164700 2613.1
1164710 2610.5
1164720 2608.6
1164730 2607.0
1164740 2607.0
1164750 2606.1
1164760 2605.0
1164770 2605.0
1164780 2603.3
1164790 2601.8
1164800 2601.8
1164810 2599.9
1164820 2598.2
1164830 2598.2
1164840 2596.7
1164850 2595.3
1164860 2595.3
1164870 2594.1
1164880 2592.7
1164890 2592.7
1164900 2591.2
1164910 2589.7
1164920 2588.2
1164930 2588.2
1164940 2586.5
1164950 2584.1
1164960 2584.1
1164970 2581.6
1164980 2578.9
1164990 2578.9
1165000 2577.2
1165010 2575.6
1165020 2575.6
1165030 2574.2
1165040 2572.5
1165050 2572.5
1165060 2570.9
1165070 2569.1
1165080 2569.1
1165090 2568.4
1165100 2567.0
1165110 2567.0
1165120 2565.6
1165130 2564.5
1165140 2563.4
1165150 2563.4
1165160 2562.4
1165170 2561.5
1165180 2561.5
1165190 2560.9
1165200 2561.2
1165210 2561.2
1165220 2562.0
1165230 2563.2
1165240 2563.2
1165250 2564.5
1165260 2565.3
1165270 2565.3
1165280 2566.2
1165290 2567.5
1165300 2567.5
1165310 2569.5
1165320 2571.6
1165330 2571.6
1165340 2573.8
1165350 2575.5
1165360 2577.1
1165370 2577.1
1165380 2578.2
1165390 2579.1
1165400 2579.1
1165410 2580.1
1165420 2581.2
1165430 2581.2
1165440 2581.7
1165450 2582.1
1165460 2582.1
1165470 2582.6
1165480 2587.2
1165490 2587.2
1165500 2587.3
1165510 2587.3
1165520 2587.3
1165530 2586.7
1165540 2585.4
1165550 2585.4
1165560 2584.3
1165570 2582.9
1165580 2581.8
1165590 2581.8
1165600 2581.8
1165610 2581.9
1165620 2581.9
1165630 2584.1
1165640 2585.9
1165650 2585.9
1165660 2587.5
1165670 2589.4
1165680 2589.4
1165690 2592.2
1165700 2595.2
1165710 2595.2
1165720 2597.7
1165730 2599.6
1165740 2599.6
1165750 2601.6
1165760 2604.0
1165770 2606.8
1165780 2606.8
1165790 2609.8
1165800 2613.2
1165810 2613.2
1165820 2617.3
1165830 2621.4
1165840 2621.4
1165850 2625.4
1165860 2629.5
1165870 2629.5
1165880 2629.5
1165890 2633.0
1165900 2633.0
1165910 2635.4
1165920 2636.2
1165930 2636.2
1165940 2636.7
1165950 2637.7
1165960 2637.7
1165970 2638.9
1165980 2641.0
1165990 2644.2
1166000 2644.2
1166010 2648.0
1166020 2651.9
1166030 2651.9
1166040 2656.0
1166050 2660.7
1166060 2660.7
1166070 2665.9
1166080 2671.4
1166090 2671.4
1166100 2677.6
1166110 2684.5
1166120 2684.5
1166130 2691.4
1166140 2697.1
1166150 2697.1
1166160 2697.8
1166170 2696.1
1166180 2696.1
1166190 2694.8
1166200 2693.1
1166210 2691.4
1166220 2691.4
1166230 2691.1
1166240 2691.3
1166250 2691.3
1166260 2686.8
1166270 2683.9
1166280 2689.6
1166290 2687.9
1166300 2686.8
1166310 2686.8
1166320 2685.5
1166330 2685.2
1166340 2685.2
1166350 2685.3
1166360 2685.8
1166370 2685.8
1166380 2684.4
1166390 2681.8
1166400 2679.9
1166410 2679.9
1166420 2676.4
1166430 2669.9
1166440 2669.9
1166450 2665.7
1166460 2663.9
1166470 2663.9
1166480 2662.2
1166490 2660.3
1166500 2660.3
1166510 2657.5
1166520 2651.2
1166530 2651.2
1166540 2646.4
1166550 2643.5
1166560 2643.5
1166570 2639.3
1166580 2634.9
1166590 2634.9
1166600 2630.6
1166610 2626.1
1166620 2623.3
1166630 2623.3
1166640 2621.0
1166650 2619.9
1166660 2619.9
1166670 2618.7
1166680 2622.3
1166690 2622.3
1166700 2620.5
1166710 2618.4
1166720 2618.4
1166730 2617.0
1166740 2616.5
1166750 2616.5
1166760 2616.5
1166770 2617.1
1166780 2617.1
1166790 2617.7
1166800 2618.1
1166810 2618.1
1166820 2619.2
1166830 2619.8
1166840 2619.3
1166850 2619.3
1166860 2618.7
1166870 2620.4
1166880 2620.4
1166890 2623.5
1166900 2627.8
1166910 2627.8
1166920 2632.0
1166930 2635.7
1166940 2635.7
1166950 2639.5
1166960 2643.7
1166970 2643.7
1166980 2646.8
1166990 2644.7
1167000 2644.7
1167010 2640.4
1167020 2634.9
1167030 2634.9
1167040 2630.4
1167050 2629.6
1167060 2625.7
1167070 2625.7
1167080 2614.1
1167090 2609.9
1167100 2609.9
1167110 2604.1
1167120 2595.5
1167130 2595.5
1167140 2587.6
1167150 2581.9
1167160 2581.9
1167170 2576.9
1167180 2571.0
1167190 2571.0
1167200 2564.7
1167210 2560.1
1167220 2560.1
1167230 2556.8
1167240 2552.5
1167250 2547.3
1167260 2547.3
1167270 2543.8
1167280 2539.9
1167290 2539.9
1167300 2535.6
1167310 2531.1
1167320 2531.1
1167330 2527.7
1167340 2523.9
1167350 2523.9
1167360 2519.5
1167370 2516.4
1167380 2516.4
1167390 2514.2
1167400 2512.0
1167410 2512.0
1167420 2508.8
1167430 2502.7
1167440 2502.7
1167450 2495.9
1167460 2490.4
1167470 2488.7
1167480 2488.7
1167490 2483.8
1167500 2478.3
1167510 2478.3
1167520 2474.0
1167530 2471.0
1167540 2471.0
1167550 2468.2
1167560 2465.7
1167570 2465.7
1167580 2464.7
1167590 2465.3
1167600 2465.3
1167610 2464.1
1167620 2462.9
1167630 2462.9
1167640 2462.2
1167650 2461.7
1167660 2461.7
1167670 2461.1
1167680 2459.9
1167690 2458.0
1167700 2458.0
1167710 2456.4
1167720 2454.5
1167730 2454.5
1167740 2452.4
1167750 2449.9
1167760 2449.9
1167770 2447.4
1167780 2444.3
1167790 2444.3
1167800 2441.0
1167810 2436.9
1167820 2436.9
1167830 2432.8
1167840 2430.4
1167850 2430.4
1167860 2429.5
1167870 2428.8
1167880 2424.4
1167890 2424.4
1167900 2417.1
1167910 2408.2
1167920 2408.2
1167930 2399.6
1167940 2391.2
1167950 2391.2
1167960 2384.2
1167970 2378.7
1167980 2378.7
1167990 2373.5
1168000 2368.2
1168010 2368.2
1168020 2362.9
1168030 2355.9
1168040 2355.9
1168050 2346.9
1168060 2338.8
1168070 2338.8
1168080 2333.2
1168090 2324.8
1168100 2314.8
1168110 2314.8
1168120 2305.1
1168130 2297.1
1168140 2297.1
1168150 2291.4
1168160 2287.1
1168170 2287.1
1168180 2278.6
1168190 2271.0
1168200 2271.0
1168210 2264.6
1168220 2259.4
1168230 2259.4
1168240 2254.6
1168250 2249.5
1168260 2249.5
1168270 2244.0
1168280 2234.8
1168290 2234.8
1168300 2228.7
1168310 2228.8
1168320 2234.5
1168330 2234.5
1168340 2238.7
1168350 2242.2
1168360 2242.2
1168370 2245.2
1168380 2247.7
1168390 2247.7
1168400 2251.7
1168410 2256.5
1168420 2256.5
1168430 2258.9
1168440 2259.1
1168450 2259.1
1168460 2254.8
1168470 2250.2
1168480 2250.2
1168490 2246.2
1168500 2240.9
1168510 2240.9
1168520 2241.5
1168530 2246.3
1168540 2253.3
1168550 2253.3
1168560 2261.1
1168570 2268.9
1168580 2268.9
1168590 2274.2
1168600 2279.4
1168610 2279.4
1168620 2285.1
1168630 2290.6
1168640 2290.6
1168650 2296.1
1168660 2302.3
1168670 2302.3
1168680 2306.1
1168690 2312.8
1168700 2312.8
1168710 2319.7
1168720 2327.0
1168730 2333.2
1168740 2333.2
1168750 2339.9
1168760 2347.1
1168770 2347.1
1168780 2354.0
1168790 2360.4
1168800 2360.4
1168810 2366.2
1168820 2372.3
1168830 2372.3
1168840 2378.1
1168850 2383.3
1168860 2383.3
1168870 2388.9
1168880 2395.1
1168890 2395.1
1168900 2402.4
1168910 2410.9
1168920 2410.9
1168930 2418.5
1168940 2425.4
1168950 2433.4
1168960 2433.4
1168970 2443.1
1168980 2453.3
1168990 2453.3
1169000 2460.3
1169010 2465.5
1169020 2465.5
1169030 2469.8
1169040 2474.5
1169050 2474.5
1169060 2481.6
1169070 2489.5
1169080 2491.7
1169090 2498.7
1169100 2506.8
1169110 2506.8
1169120 2515.3
1169130 2522.7
1169140 2522.7
1169150 2527.4
1169160 2529.5
1169170 2528.0
1169180 2528.0
1169190 2525.1
1169200 2521.4
1169210 2521.4
1169220 2517.5
1169230 2513.1
1169240 2513.1
1169250 2507.9
1169260 2502.2
1169270 2502.2
1169280 2496.3
1169290 2490.5
1169300 2490.5
1169310 2485.3
1169320 2480.2
1169330 2480.2
1169340 2474.9
1169350 2469.3
1169360 2463.1
1169370 2463.1
1169380 2455.9
1169390 2448.8
1169400 2448.8
1169410 2441.9
1169420 2435.5
1169430 2435.5
1169440 2429.0
1169450 2423.3
1169460 2423.3
1169470 2418.2
1169480 2417.5
1169490 2417.5
1169500 2412.8
1169510 2408.7
1169520 2408.7
1169530 2404.7
1169540 2400.2
1169550 2400.2
1169560 2395.4
1169570 2391.0
1169580 2386.1
1169590 2386.1
1169600 2381.1
1169610 2377.3
1169620 2377.3
1169630 2373.4
1169640 2368.2
1169650 2368.2
1169660 2362.8
1169670 2357.3
1169680 2357.3
1169690 2351.3
1169700 2344.9
1169710 2344.9
1169720 2338.7
1169730 2332.2
1169740 2332.2
1169750 2325.4
1169760 2318.4
1169770 2318.4
1169780 2311.2
1169790 2304.5
1169800 2297.4
1169810 2297.4
1169820 2289.2
1169830 2281.4
1169840 2281.4
1169850 2274.8
1169860 2269.3
1169870 2269.3
1169880 2267.9
1169890 2261.8
1169900 2261.8
1169910 2255.9
1169920 2248.8
1169930 2248.8
1169940 2240.5
1169950 2233.6
1169960 2233.6
1169970 2226.3
1169980 2220.2
1169990 2214.4
1170000 2214.4
1170010 2207.1
1170020 2200.1
1170030 2200.1
1170040 2194.5
1170050 2188.9
1170060 2188.9
1170070 2184.6
1170080 2179.9
1170090 2179.9
1170100 2174.9
1170110 2170.0
1170120 2170.0
1170130 2165.3
1170140 2161.0
1170150 2161.0
1170160 2156.8
1170170 2152.7
1170180 2152.7
1170190 2148.3
1170200 2143.3
1170210 2135.7
1170220 2135.7
1170230 2127.3
1170240 2119.5
1170250 2119.5
1170260 2111.6
1170270 2108.0
1170280 2106.4
1170290 2106.0
1170300 2105.2
1170310 2105.2
1170320 2107.4
1170330 2113.5
1170340 2113.5
1170350 2118.6
1170360 2122.8
1170370 2122.8
1170380 2125.8
1170390 2129.5
1170400 2129.5
1170410 2136.1
1170420 2141.8
1170430 2144.9
1170440 2144.9
1170450 2147.5
1170460 2150.8
1170470 2150.8
1170480 2154.6
1170490 2159.3
1170500 2159.3
1170510 2163.5
1170520 2168.0
1170530 2168.0
1170540 2172.7
1170550 2177.4
1170560 2177.4
1170570 2182.2
1170580 2187.6
1170590 2187.6
1170600 2193.3
1170610 2198.7
1170620 2198.7
1170630 2204.1
1170640 2209.6
1170650 2215.0
1170660 2215.0
1170670 2220.4
1170680 2225.4
1170690 2222.4
1170700 2226.6
1170710 2231.1
1170720 2231.1
1170730 2235.9
1170740 2240.4
1170750 2240.4
1170760 2244.6
1170770 2248.9
1170780 2248.9
1170790 2254.0
1170800 2260.0
1170810 2260.0
1170820 2266.8
1170830 2273.8
1170840 2281.2
1170850 2281.2
1170860 2289.1
1170870 2296.7
1170880 2296.7
1170890 2303.7
1170900 2310.0
1170910 2310.0
1170920 2315.9
1170930 2321.0
1170940 2321.0
1170950 2324.4
1170960 2326.5
1170970 2326.5
1170980 2328.8
1170990 2329.5
1171000 2329.5
1171010 2329.5
1171020 2333.9
1171030 2333.9
1171040 2340.2
1171050 2345.5
1171060 2351.0
1171070 2351.0
1171080 2357.7
1171090 2364.0
1171100 2364.0
1171110 2371.4
1171120 2378.5
1171130 2378.5
1171140 2385.3
1171150 2392.4
1171160 2392.4
1171170 2399.4
1171180 2405.5
1171190 2405.5
1171200 2410.0
1171210 2413.4
1171220 2413.4
1171230 2416.2
1171240 2419.7
1171250 2419.7
1171260 2425.8
1171270 2433.8
1171280 2441.9
1171290 2441.9
1171300 2450.0
1171310 2456.1
1171320 2456.1
1171330 2461.3
1171340 2466.9
1171350 2466.9
1171360 2472.6
1171370 2478.3
1171380 2478.3
1171390 2483.1
1171400 2482.0
1171410 2482.0
1171420 2476.3
1171430 2468.6
1171440 2468.6
1171450 2461.2
1171460 2453.7
1171470 2446.1
1171480 2446.1
1171490 2439.2
1171500 2439.0
1171510 2439.0
1171520 2432.7
1171530 2425.9
1171540 2425.9
1171550 2419.9
1171560 2415.0
1171570 2415.0
1171580 2410.6
1171590 2406.1
1171600 2406.1
1171610 2401.7
1171620 2396.7
1171630 2396.7
1171640 2391.8
1171650 2387.4
1171660 2387.4
1171670 2383.1
1171680 2378.7
1171690 2373.2
1171700 2373.2
1171710 2367.4
1171720 2361.8
1171730 2361.8
1171740 2355.0
1171750 2349.0
1171760 2349.0
1171770 2342.6
1171780 2336.2
1171790 2336.2
1171800 2330.4
1171810 2324.2
1171820 2324.2
1171830 2318.5
1171840 2313.1
1171850 2313.1
1171860 2307.0
1171870 2299.3
1171880 2299.3
1171890 2293.4
1171900 2294.8
1171910 2291.4
1171920 2291.4
1171930 2285.7
1171940 2277.8
1171950 2277.8
1171960 2266.6
1171970 2254.3
1171980 2254.3
1171990 2246.4
1172000 2240.6
1172010 2240.6
1172020 2236.0
1172030 2231.6
1172040 2231.6
1172050 2226.7
1172060 2221.4
1172070 2221.4
1172080 2215.6
1172090 2210.1
1172100 2210.1
1172110 2204.8
1172120 2199.5
1172130 2194.3
1172140 2194.3
1172150 2189.6
1172160 2184.9
1172170 2184.9
1172180 2180.0
1172190 2175.1
1172200 2175.1
1172210 2170.0
1172220 2165.6
1172230 2165.6
1172240 2161.5
1172250 2156.8
1172260 2156.8
1172270 2152.6
1172280 2148.2
1172290 2148.2
1172300 2143.9
1172310 2142.4
1172320 2138.5
1172330 2138.5
1172340 2134.9
1172350 2131.4
1172360 2131.4
1172370 2128.0
1172380 2124.8
1172390 2124.8
1172400 2122.4
1172410 2119.4
1172420 2119.4
1172430 2115.3
1172440 2114.2
1172450 2114.2
1172460 2112.8
1172470 2109.9
1172480 2109.9
1172490 2106.2
1172500 2103.1
1172510 2103.1
1172520 2100.6
1172530 2098.2
1172540 2096.3
1172550 2096.3
1172560 2094.3
1172570 2092.3
1172580 2092.3
1172590 2091.0
1172600 2090.1
1172610 2090.1
1172620 2088.0
1172630 2086.0
1172640 2086.0
1172650 2084.0
1172660 2082.1
1172670 2082.1
1172680 2079.9
1172690 2077.9
1172700 2077.9
1172710 2077.6
1172720 2075.2
1172730 2075.2
1172740 2073.6
1172750 2074.6
1172760 2078.0
1172770 2078.0
1172780 2080.2
1172790 2082.6
1172800 2082.6
1172810 2085.3
1172820 2087.8
1172830 2087.8
1172840 2091.6
1172850 2094.9
1172860 2094.9
1172870 2097.5
1172880 2100.0
1172890 2100.0
1172900 2102.1
1172910 2104.0
1172920 2104.0
1172930 2106.2
1172940 2108.2
1172950 2109.7
1172960 2109.7
1172970 2111.3
1172980 2113.8
1172990 2113.8
1173000 2116.5
1173010 2118.5
1173020 2118.5
1173030 2120.7
1173040 2123.1
1173050 2123.1
1173060 2125.8
1173070 2128.8
1173080 2128.8
1173090 2131.7
1173100 2134.8
1173110 2134.8
1173120 2135.7
1173130 2140.2
1173140 2140.2
1173150 2144.3
1173160 2148.5
1173170 2153.7
1173180 2153.7
1173190 2158.2
1173200 2163.1
1173210 2163.1
1173220 2168.4
1173230 2173.4
1173240 2173.4
1173250 2178.4
1173260 2183.9
1173270 2183.9
1173280 2189.4
1173290 2195.1
1173300 2195.1
1173310 2200.9
1173320 2207.2
1173330 2207.2
1173340 2214.0
1173350 2221.0
1173360 2221.0
1173370 2227.4
1173380 2233.7
1173390 2239.7
1173400 2239.7
1173410 2245.6
1173420 2252.5
1173430 2252.5
1173440 2260.0
1173450 2267.5
1173460 2267.5
1173470 2275.4
1173480 2284.5
1173490 2284.5
1173500 2293.4
1173510 2301.2
1173520 2301.2
1173530 2307.8
1173540 2316.0
1173550 2316.0
1173560 2323.9
1173570 2331.4
1173580 2338.2
1173590 2338.2
1173600 2344.2
1173610 2349.7
1173620 2349.7
1173630 2355.1
1173640 2360.4
1173650 2360.4
1173660 2365.7
1173670 2371.0
1173680 2371.0
1173690 2375.6
1173700 2379.9
1173710 2379.9
1173720 2383.9
1173730 2387.6
1173740 2387.6
1173750 2391.1
1173760 2394.5
1173770 2394.5
1173780 2398.1
1173790 2401.6
1173800 2404.4
1173810 2404.4
1173820 2406.3
1173830 2407.6
1173840 2407.6
1173850 2408.2
1173860 2407.4
1173870 2407.4
1173880 2405.2
1173890 2402.1
1173900 2402.1
1173910 2398.6
1173920 2394.4
1173930 2388.9
1173940 2384.1
1173950 2379.0
1173960 2379.0
1173970 2372.9
1173980 2365.6
1173990 2365.6
1174000 2358.3
1174010 2351.7
1174020 2346.5
1174030 2346.5
1174040 2341.6
1174050 2337.7
1174060 2337.7
1174070 2334.0
1174080 2328.7
1174090 2328.7
1174100 2322.6
1174110 2316.5
1174120 2316.5
1174130 2310.5
1174140 2304.2
1174150 2304.2
1174160 2297.1
1174170 2289.7
1174180 2289.7
1174190 2282.8
1174200 2275.0
1174210 2275.0
1174220 2267.1
1174230 2258.8
1174240 2250.5
1174250 2250.5
1174260 2242.6
1174270 2235.3
1174280 2235.3
1174290 2229.4
1174300 2224.2
1174310 2224.2
1174320 2219.4
1174330 2214.5
1174340 2211.9
1174350 2206.2
1174360 2200.3
1174370 2200.3
1174380 2200.4
1174390 2201.8
1174400 2201.8
1174410 2203.5
1174420 2205.6
1174430 2207.5
1174440 2207.5
1174450 2209.1
1174460 2210.4
1174470 2210.4
1174480 2212.1
1174490 2214.2
1174500 2214.2
1174510 2216.7
1174520 2219.0
1174530 2219.0
1174540 2221.1
1174550 2222.9
1174560 2222.9
1174570 2224.8
1174580 2226.5
1174590 2226.5
1174600 2228.1
1174610 2229.2
1174620 2229.2
1174630 2230.0
1174640 2230.6
1174650 2230.7
1174660 2230.7
1174670 2230.2
1174680 2229.3
1174690 2229.3
1174700 2228.1
1174710 2226.5
1174720 2226.5
1174730 2225.0
1174740 2223.3
1174750 2219.6
1174760 2217.1
1174770 2213.6
1174780 2213.6
1174790 2209.3
1174800 2205.6
1174810 2205.6
1174820 2202.2
1174830 2198.8
1174840 2198.8
1174850 2195.3
1174860 2191.6
1174870 2187.6
1174880 2187.6
1174890 2184.0
1174900 2180.5
1174910 2180.5
1174920 2176.8
1174930 2173.8
1174940 2173.8
1174950 2172.8
1174960 2174.6
1174970 2174.6
1174980 2177.3
1174990 2179.8
1175000 2179.8
1175010 2182.9
1175020 2187.1
1175030 2187.1
1175040 2191.5
1175050 2195.8
1175060 2199.8
1175070 2199.8
1175080 2203.6
1175090 2207.4
1175100 2207.4
1175110 2211.6
1175120 2215.9
1175130 2215.9
1175140 2219.8
1175150 2223.3
1175160 2223.5
1175170 2227.4
1175180 2231.5
1175190 2231.5
1175200 2235.9
1175210 2240.8
1175220 2240.8
1175230 2245.7
1175240 2250.9
1175250 2250.9
1175260 2255.6
1175270 2259.9
1175280 2264.1
1175290 2264.1
1175300 2268.0
1175310 2271.7
1175320 2271.7
1175330 2275.2
1175340 2278.6
1175350 2278.6
1175360 2282.0
1175370 2285.3
1175380 2285.3
1175390 2288.3
1175400 2291.3
1175410 2291.3
1175420 2294.4
1175430 2296.9
1175440 2296.9
1175450 2299.5
1175460 2302.3
1175470 2302.3
1175480 2305.1
1175490 2308.3
1175500 2311.6
1175510 2311.6
1175520 2314.8
1175530 2318.2
1175540 2318.2
1175550 2320.1
1175560 2321.1
1175570 2319.9
1175580 2321.1
1175590 2321.6
1175600 2321.6
1175610 2321.6
1175620 2321.6
1175630 2321.6
1175640 2322.2
1175650 2323.1
1175660 2323.1
1175670 2323.6
1175680 2323.9
1175690 2324.2
1175700 2324.2
1175710 2324.3
1175720 2323.8
1175730 2323.8
1175740 2322.0
1175750 2318.6
1175760 2318.6
1175770 2312.0
1175780 2303.9
1175790 2303.9
1175800 2297.8
1175810 2294.0
1175820 2294.0
1175830 2290.6
1175840 2285.5
1175850 2285.5
1175860 2279.3
1175870 2272.5
1175880 2272.5
1175890 2265.4
1175900 2260.1
1175910 2256.0
1175920 2256.0
1175930 2251.3
1175940 2246.6
1175950 2246.6
1175960 2241.6
1175970 2235.9
1175980 2231.9
1175990 2226.2
1176000 2220.3
1176010 2220.3
1176020 2213.2
1176030 2207.3
1176040 2207.3
1176050 2203.2
1176060 2197.4
1176070 2197.4
1176080 2190.6
1176090 2185.0
1176100 2185.0
1176110 2178.9
1176120 2173.6
1176130 2168.8
1176140 2168.8
1176150 2165.0
1176160 2161.6
1176170 2161.6
1176180 2158.2
1176190 2154.5
1176200 2154.5
1176210 2151.7
1176220 2147.7
1176230 2147.7
1176240 2143.3
1176250 2139.0
1176260 2139.0
1176270 2134.8
1176280 2130.6
1176290 2130.6
1176300 2127.4
1176310 2124.5
1176320 2124.5
1176330 2121.0
1176340 2115.9
1176350 2109.3
1176360 2109.3
1176370 2103.2
1176380 2096.8
1176390 2094.8
1176400 2088.5
1176410 2081.6
1176420 2081.6
1176430 2075.8
1176440 2069.7
1176450 2069.7
1176460 2060.9
1176470 2052.9
1176480 2052.9
1176490 2042.8
1176500 2032.3
1176510 2032.3
1176520 2023.6
1176530 2016.1
1176540 2008.8
1176550 2008.8
1176560 2001.6
1176570 1994.9
1176580 1994.9
1176590 1988.7
1176600 1983.0
1176610 1983.0
1176620 1978.5
1176630 1973.6
1176640 1973.6
1176650 1969.3
1176660 1967.0
1176670 1967.0
1176680 1962.1
1176690 1956.3
1176700 1956.3
1176710 1951.2
1176720 1944.2
1176730 1944.2
1176740 1933.6
1176750 1927.5
1176760 1923.1
1176770 1923.1
1176780 1918.6
1176790 1915.1
1176800 1905.5
1176810 1901.5
1176820 1895.7
1176830 1895.7
1176840 1888.8
1176850 1886.7
1176860 1886.7
1176870 1883.7
1176880 1876.9
1176890 1876.9
1176900 1869.6
1176910 1864.9
1176920 1864.9
1176930 1868.6
1176940 1865.9
1176950 1865.9
1176960 1856.1
1176970 1855.9
1176980 1859.5
1176990 1859.5
1177000 1856.0
1177010 1854.2
1177020 1854.2
1177030 1853.5
1177040 1847.7
1177050 1847.7
1177060 1839.3
1177070 1832.2
1177080 1832.2
1177090 1833.0
1177100 1833.7
1177110 1833.7
1177120 1829.8
1177130 1830.4
1177140 1830.4
1177150 1829.7
1177160 1826.9
1177170 1824.4
1177180 1824.4
1177190 1820.0
1177200 1809.7
1177210 1807.6
1177220 1794.1
1177230 1783.8
1177240 1783.8
1177250 1776.0
1177260 1770.3
1177270 1770.3
1177280 1768.0
1177290 1765.0
1177300 1765.0
1177310 1762.0
1177320 1759.4
1177330 1759.4
1177340 1756.5
1177350 1753.9
1177360 1753.9
1177370 1749.8
1177380 1744.1
1177390 1737.9
1177400 1737.9
1177410 1732.4
1177420 1727.1
1177430 1727.1
1177440 1722.2
1177450 1719.8
1177460 1719.8
1177470 1718.8
1177480 1715.3
1177490 1715.3
1177500 1708.9
1177510 1700.6
1177520 1700.6
1177530 1692.0
1177540 1687.7
1177550 1687.7
1177560 1688.1
1177570 1687.7
1177580 1687.7
1177590 1682.8
1177600 1677.7
1177610 1672.4
1177620 1664.3
1177630 1661.8
1177640 1660.6
1177650 1660.6
1177660 1659.1
1177670 1657.6
1177680 1657.6
1177690 1656.1
1177700 1654.7
1177710 1654.7
1177720 1652.7
1177730 1649.4
1177740 1649.4
1177750 1646.8
1177760 1644.1
1177770 1644.1
1177780 1641.1
1177790 1637.9
1177800 1633.6
1177810 1633.6
1177820 1628.3
1177830 1620.8
1177840 1620.8
1177850 1613.2
1177860 1603.2
1177870 1603.2
1177880 1590.5
1177890 1571.7
1177900 1571.7
1177910 1559.5
1177920 1545.5
1177930 1545.5
1177940 1533.1
1177950 1524.8
1177960 1524.8
1177970 1518.7
1177980 1515.6
1177990 1515.6
1178000 1519.1
1178010 1519.8
1178020 1519.4
1178030 1519.4
1178040 1509.1
1178050 1504.4
1178060 1504.4
1178070 1491.9
1178080 1496.5
1178090 1496.5
1178100 1504.2
1178110 1506.9
1178120 1506.9
1178130 1504.1
1178140 1498.2
1178150 1498.2
1178160 1488.2
1178170 1482.7
1178180 1482.7
1178190 1481.0
1178200 1476.2
1178210 1476.2
1178220 1469.1
1178230 1461.7
1178240 1454.5
1178250 1454.5
1178260 1447.3
1178270 1439.2
1178280 1439.2
1178290 1430.2
1178300 1421.3
1178310 1421.3
1178320 1413.3
1178330 1406.9
1178340 1406.9
1178350 1400.8
1178360 1394.9
1178370 1394.9
1178380 1388.7
1178390 1381.9
1178400 1381.9
1178410 1374.8
1178420 1367.7
1178430 1360.4
1178440 1360.4
1178450 1353.1
1178460 1341.0
1178470 1341.0
1178480 1330.5
1178490 1324.6
1178500 1324.6
1178510 1316.5
1178520 1305.7
1178530 1305.7
1178540 1295.5
1178550 1285.1
1178560 1285.1
1178570 1276.4
1178580 1270.6
1178590 1270.6
1178600 1259.9
1178610 1250.6
1178620 1250.6
1178630 1245.2
1178640 1239.5
1178650 1230.9
1178660 1230.9
1178670 1224.5
1178680 1215.0
1178690 1215.0
1178700 1205.0
1178710 1194.3
1178720 1194.3
1178730 1183.9
1178740 1175.1
1178750 1175.1
1178760 1166.8
1178770 1158.9
1178780 1158.9
1178790 1151.7
1178800 1146.6
1178810 1146.6
1178820 1142.1
1178830 1135.8
1178840 1135.8
1178850 1128.1
1178860 1116.3
1178870 1109.9
1178880 1109.9
1178890 1103.2
1178900 1096.6
1178910 1096.6
1178920 1090.6
1178930 1083.9
1178940 1083.9
1178950 1077.8
1178960 1072.9
1178970 1072.9
1178980 1067.9
1178990 1062.7
1179000 1062.7
1179010 1057.1
1179020 1051.7
1179030 1051.7
1179040 1046.6
1179050 1040.9
1179060 1040.9
1179070 1035.5
1179080 1029.7
1179090 1023.1
1179100 1023.1
1179110 1017.2
1179120 1011.7
1179130 1011.7
1179140 1006.9
1179150 1004.3
1179160 1004.3
1179170 1002.8
1179180 999.8
1179190 999.8
1179200 996.4
1179210 991.5
1179220 991.5
1179230 984.1
1179240 977.7
1179250 977.7
1179260 971.5
1179270 964.5
1179280 957.6
1179290 957.6
1179300 954.8
1179310 949.7
1179320 949.7
1179330 946.1
1179340 943.1
1179350 943.1
1179360 941.1
1179370 939.1
1179380 939.1
1179390 936.8
1179400 934.7
1179410 934.7
1179420 933.2
1179430 932.5
1179440 932.5
1179450 932.4
1179460 932.5
1179470 932.5
1179480 932.5
1179490 932.5
1179500 932.4
1179510 932.4
1179520 932.4
1179530 932.3
1179540 932.3
1179550 932.2
1179560 932.0
1179570 932.0
1179580 931.7
1179590 931.4
1179600 931.4
1179610 930.9
1179620 930.4
1179630 930.4
1179640 930.3
1179650 930.3
1179660 930.3
1179670 930.6
1179680 930.8
1179690 930.4
1179700 930.8
1179710 932.6
1179720 931.8
1179730 931.8
1179740 931.3
1179750 931.7
1179760 931.7
1179770 932.4
1179780 931.4
1179790 931.4
1179800 930.0
1179810 929.6
1179820 929.6
1179830 928.8
1179840 926.9
1179850 926.9
1179860 926.6
1179870 926.6
1179880 926.6
1179890 927.2
1179900 929.9
1179910 934.6
1179920 934.6
1179930 940.4
1179940 946.2
1179950 946.2
1179960 951.6
1179970 955.8
1179980 955.8
1179990 959.9
