1160000 2663.4
1160010 2664.7
1160020 2664.7
1160030 2667.1
1160040 2669.7
1160050 2669.7
1160060 2673.0
1160070 2677.5
1160080 2683.1
1160090 2683.1
1160100 2688.6
1160110 2693.6
1160120 2693.6
1160130 2699.4
1160140 2706.2
1160150 2706.2
1160160 2710.6
1160170 2714.4
1160180 2714.4
1160190 2721.9
1160200 2730.0
1160210 2730.0
1160220 2737.3
1160230 2744.7
1160240 2744.7
1160250 2752.0
1160260 2759.2
1160270 2759.9
1160280 2769.5
1160290 2779.2
1160300 2787.7
1160310 2787.7
1160320 2797.3
1160330 2807.1
1160340 2807.1
1160350 2816.3
1160360 2824.7
1160370 2824.7
1160380 2834.2
1160390 2836.7
1160400 2836.7
1160410 2830.4
1160420 2823.1
1160430 2823.1
1160440 2817.3
1160450 2811.5
1160460 2811.5
1160470 2805.1
1160480 2798.2
1160490 2798.2
1160500 2790.4
1160510 2783.9
1160520 2775.3
1160530 2775.3
1160540 2762.8
1160550 2755.1
1160560 2755.1
1160570 2746.5
1160580 2740.2
1160590 2740.2
1160600 2734.7
1160610 2729.5
1160620 2729.5
1160630 2724.2
1160640 2717.5
1160650 2717.5
1160660 2719.2
1160670 2715.3
1160680 2715.3
1160690 2708.2
1160700 2702.2
1160710 2702.2
1160720 2698.2
1160730 2694.3
1160740 2690.9
1160750 2690.9
1160760 2687.5
1160770 2683.3
1160780 2683.3
1160790 2680.8
1160800 2678.2
1160810 2678.2
1160820 2676.0
1160830 2674.1
1160840 2674.1
1160850 2672.0
1160860 2673.0
1160870 2673.0
1160880 2673.2
1160890 2673.6
1160900 2673.6
1160910 2673.2
1160920 2671.1
1160930 2667.0
1160940 2667.0
1160950 2663.0
1160960 2660.0
1160970 2660.0
1160980 2656.4
1160990 2652.3
1161000 2652.3
1161010 2649.9
1161020 2647.7
1161030 2647.7
1161040 2645.2
1161050 2648.5
1161060 2648.5
1161070 2645.7
1161080 2643.8
1161090 2643.8
1161100 2642.0
1161110 2639.8
1161120 2639.8
1161130 2637.0
1161140 2633.8
1161150 2630.3
1161160 2630.3
1161170 2626.2
1161180 2621.3
1161190 2621.3
1161200 2615.6
1161210 2610.4
1161220 2610.4
1161230 2606.8
1161240 2602.2
1161250 2602.2
1161260 2597.1
1161270 2591.7
1161280 2591.7
1161290 2586.4
1161300 2581.2
1161310 2581.2
1161320 2576.0
1161330 2570.7
1161340 2570.7
1161350 2565.3
1161360 2559.9
1161370 2554.2
1161380 2554.2
1161390 2549.2
1161400 2544.5
1161410 2544.5
1161420 2540.7
1161430 2537.1
1161440 2535.5
1161450 2532.2
1161460 2529.8
1161470 2529.8
1161480 2528.3
1161490 2528.5
1161500 2528.5
1161510 2529.5
1161520 2528.0
1161530 2528.0
1161540 2522.8
1161550 2515.7
1161560 2515.7
1161570 2507.7
1161580 2500.0
1161590 2492.0
1161600 2492.0
1161610 2480.8
1161620 2472.1
1161630 2472.1
1161640 2464.9
1161650 2458.1
1161660 2458.1
1161670 2452.9
1161680 2449.6
1161690 2449.6
1161700 2447.3
1161710 2445.0
1161720 2445.0
1161730 2443.5
1161740 2443.7
1161750 2443.7
1161760 2443.8
1161770 2443.2
1161780 2443.2
1161790 2442.7
1161800 2443.2
1161810 2444.2
1161820 2444.2
1161830 2448.6
1161840 2450.6
1161850 2450.6
1161860 2452.9
1161870 2455.0
1161880 2455.0
1161890 2456.8
1161900 2457.2
1161910 2457.2
1161920 2457.2
1161930 2457.4
1161940 2457.4
1161950 2457.7
1161960 2457.4
1161970 2457.4
1161980 2456.6
1161990 2455.5
1162000 2454.5
1162010 2454.5
1162020 2453.1
1162030 2451.1
1162040 2451.1
1162050 2447.6
1162060 2441.0
1162070 2441.0
1162080 2434.5
1162090 2428.1
1162100 2428.1
1162110 2423.6
1162120 2418.3
1162130 2418.3
1162140 2414.7
1162150 2411.4
1162160 2411.4
1162170 2407.9
1162180 2405.4
1162190 2405.4
1162200 2403.4
1162210 2401.8
1162220 2400.3
1162230 2406.2
1162240 2404.7
1162250 2403.8
1162260 2403.8
1162270 2403.9
1162280 2403.0
1162290 2403.0
1162300 2401.9
1162310 2401.6
1162320 2401.6
1162330 2402.2
1162340 2403.7
1162350 2403.7
1162360 2404.6
1162370 2405.5
1162380 2405.5
1162390 2407.0
1162400 2408.6
1162410 2408.6
1162420 2410.9
1162430 2415.0
1162440 2421.7
1162450 2421.7
1162460 2428.2
1162470 2430.8
1162480 2430.8
1162490 2431.5
1162500 2432.5
1162510 2432.5
1162520 2433.7
1162530 2435.4
1162540 2435.4
1162550 2438.1
1162560 2442.3
1162570 2442.3
1162580 2445.0
1162590 2446.2
1162600 2446.2
1162610 2448.5
1162620 2453.4
1162630 2453.4
1162640 2457.6
1162650 2460.1
1162660 2463.8
1162670 2463.8
1162680 2465.3
1162690 2467.0
1162700 2467.0
1162710 2470.2
1162720 2473.5
1162730 2473.5
1162740 2475.0
1162750 2475.5
1162760 2475.5
1162770 2477.6
1162780 2480.9
1162790 2480.9
1162800 2484.1
1162810 2486.6
1162820 2486.6
1162830 2488.9
1162840 2491.9
1162850 2496.7
1162860 2496.7
1162870 2502.9
1162880 2515.3
1162890 2515.3
1162900 2530.3
1162910 2540.5
1162920 2540.5
1162930 2545.5
1162940 2550.8
1162950 2550.8
1162960 2556.8
1162970 2563.2
1162980 2563.2
1162990 2571.1
1163000 2580.0
1163010 2578.4
1163020 2585.7
1163030 2589.2
1163040 2589.2
1163050 2591.7
1163060 2593.6
1163070 2596.0
1163080 2596.0
1163090 2600.5
1163100 2607.5
1163110 2607.5
1163120 2614.4
1163130 2619.5
1163140 2619.5
1163150 2624.5
1163160 2628.8
1163170 2628.8
1163180 2633.2
1163190 2638.4
1163200 2638.4
1163210 2644.4
1163220 2647.8
1163230 2647.8
1163240 2648.4
1163250 2646.6
1163260 2646.6
1163270 2642.8
1163280 2639.5
1163290 2637.2
1163300 2637.2
1163310 2635.5
1163320 2633.1
1163330 2633.1
1163340 2631.4
1163350 2630.3
1163360 2630.3
1163370 2629.8
1163380 2628.9
1163390 2628.9
1163400 2626.6
1163410 2631.7
1163420 2631.7
1163430 2630.7
1163440 2629.4
1163450 2629.4
1163460 2629.2
1163470 2629.8
1163480 2629.8
1163490 2630.5
1163500 2631.5
1163510 2631.6
1163520 2631.6
1163530 2631.2
1163540 2630.3
1163550 2630.3
1163560 2630.2
1163570 2629.4
1163580 2629.4
1163590 2628.2
1163600 2627.3
1163610 2627.3
1163620 2626.4
1163630 2625.3
1163640 2625.3
1163650 2624.5
1163660 2623.5
1163670 2623.5
1163680 2623.5
1163690 2622.1
1163700 2622.5
1163710 2622.5
1163720 2625.2
1163730 2628.7
1163740 2628.7
1163750 2632.8
1163760 2637.3
1163770 2637.3
1163780 2641.5
1163790 2645.3
1163800 2649.7
1163810 2653.1
1163820 2656.0
1163830 2656.0
1163840 2659.1
1163850 2661.4
1163860 2661.4
1163870 2662.9
1163880 2665.9
1163890 2665.9
1163900 2667.8
1163910 2666.7
1163920 2669.7
1163930 2669.7
1163940 2673.0
1163950 2677.6
1163960 2677.6
1163970 2682.5
1163980 2685.1
1163990 2685.1
1164000 2687.8
1164010 2689.9
1164020 2689.9
1164030 2692.3
1164040 2696.0
1164050 2696.0
1164060 2700.4
1164070 2705.1
1164080 2705.1
1164090 2710.5
1164100 2716.5
1164110 2716.5
1164120 2722.3
1164130 2727.5
1164140 2731.9
1164150 2731.9
1164160 2732.1
1164170 2734.4
1164180 2734.4
1164190 2736.6
1164200 2740.6
1164210 2740.6
1164220 2739.6
1164230 2738.5
1164240 2738.5
1164250 2737.0
1164260 2736.6
1164270 2736.6
1164280 2738.2
1164290 2741.3
1164300 2741.3
1164310 2743.9
1164320 2747.2
1164330 2747.2
1164340 2751.0
1164350 2755.3
1164360 2759.6
1164370 2759.6
1164380 2764.5
1164390 2771.4
1164400 2771.4
1164410 2777.1
1164420 2780.9
1164430 2780.9
1164440 2785.5
1164450 2790.8
1164460 2790.8
1164470 2796.6
1164480 2803.3
1164490 2803.3
1164500 2810.8
1164510 2818.6
1164520 2818.6
1164530 2827.5
1164540 2837.5
1164550 2848.4
1164560 2848.4
1164570 2856.8
1164580 2862.6
1164590 2854.9
1164600 2849.8
1164610 2844.4
1164620 2844.4
1164630 2840.6
1164640 2838.9
1164650 2838.9
1164660 2836.4
1164670 2834.9
1164680 2834.9
1164690 2833.3
1164700 2827.3
1164710 2827.3
1164720 2814.6
1164730 2805.0
1164740 2805.0
1164750 2799.4
1164760 2794.2
1164770 2788.9
1164780 2788.9
1164790 2783.4
1164800 2778.2
1164810 2778.2
1164820 2773.4
1164830 2769.5
1164840 2769.5
1164850 2767.4
1164860 2765.0
1164870 2765.0
1164880 2763.2
1164890 2761.5
1164900 2761.5
1164910 2759.3
1164920 2758.1
1164930 2758.1
1164940 2757.3
1164950 2757.3
1164960 2757.3
1164970 2757.7
1164980 2759.2
1164990 2761.1
1165000 2761.1
1165010 2765.1
1165020 2768.0
1165030 2768.0
1165040 2770.1
1165050 2771.6
1165060 2771.6
1165070 2773.6
1165080 2776.8
1165090 2776.8
1165100 2778.3
1165110 2779.4
1165120 2779.4
1165130 2780.5
1165140 2780.6
1165150 2780.6
1165160 2779.9
1165170 2779.3
1165180 2779.3
1165190 2779.7
1165200 2779.5
1165210 2780.2
1165220 2780.2
1165230 2781.5
1165240 2783.1
1165250 2783.1
1165260 2782.8
1165270 2780.7
1165280 2780.7
1165290 2778.9
1165300 2775.9
1165310 2775.9
1165320 2771.0
1165330 2764.8
1165340 2764.8
1165350 2758.6
1165360 2751.8
1165370 2751.8
1165380 2746.7
1165390 2740.7
1165400 2737.3
1165410 2737.3
1165420 2733.1
1165430 2728.5
1165440 2728.5
1165450 2723.6
1165460 2718.4
1165470 2718.4
1165480 2712.5
1165490 2705.4
1165500 2705.4
1165510 2698.2
1165520 2692.1
1165530 2692.1
1165540 2688.1
1165550 2685.5
1165560 2685.5
1165570 2685.0
1165580 2682.2
1165590 2682.2
1165600 2678.7
1165610 2678.1
1165620 2678.1
1165630 2678.1
1165640 2677.2
1165650 2675.4
1165660 2675.4
1165670 2674.2
1165680 2673.0
1165690 2673.0
1165700 2672.3
1165710 2672.5
1165720 2672.5
1165730 2671.2
1165740 2666.0
1165750 2666.0
1165760 2660.7
1165770 2660.3
1165780 2665.2
1165790 2666.5
1165800 2668.5
1165810 2668.5
1165820 2668.4
1165830 2668.7
1165840 2669.4
1165850 2669.4
1165860 2668.8
1165870 2668.8
1165880 2668.8
1165890 2669.1
1165900 2669.9
1165910 2669.9
1165920 2670.6
1165930 2671.7
1165940 2671.7
1165950 2672.7
1165960 2673.2
1165970 2673.2
1165980 2674.1
1165990 2674.6
1166000 2674.6
1166010 2674.8
1166020 2674.2
1166030 2674.2
1166040 2672.5
1166050 2670.9
1166060 2668.9
1166070 2668.9
1166080 2666.6
1166090 2664.0
1166100 2664.0
1166110 2663.0
1166120 2662.4
1166130 2662.4
1166140 2662.3
1166150 2663.0
1166160 2663.0
1166170 2663.4
1166180 2658.0
1166190 2658.0
1166200 2645.2
1166210 2637.0
1166220 2637.0
1166230 2631.1
1166240 2625.5
1166250 2625.5
1166260 2620.8
1166270 2616.1
1166280 2611.2
1166290 2611.2
1166300 2606.4
1166310 2603.9
1166320 2603.9
1166330 2602.8
1166340 2602.5
1166350 2602.5
1166360 2602.4
1166370 2602.4
1166380 2602.4
1166390 2602.6
1166400 2603.9
1166410 2603.9
1166420 2605.1
1166430 2606.2
1166440 2606.2
1166450 2607.1
1166460 2606.8
1166470 2606.2
1166480 2606.2
1166490 2605.8
1166500 2603.7
1166510 2603.7
1166520 2600.5
1166530 2595.7
1166540 2595.7
1166550 2590.0
1166560 2580.8
1166570 2580.8
1166580 2566.9
1166590 2561.4
1166600 2561.4
1166610 2557.1
1166620 2551.5
1166630 2551.5
1166640 2546.0
1166650 2541.3
1166660 2541.3
1166670 2537.1
1166680 2532.9
1166690 2530.3
1166700 2530.3
1166710 2528.3
1166720 2526.4
1166730 2526.4
1166740 2524.6
1166750 2522.7
1166760 2522.7
1166770 2521.0
1166780 2519.3
1166790 2519.3
1166800 2517.6
1166810 2515.9
1166820 2515.9
1166830 2514.3
1166840 2512.8
1166850 2512.8
1166860 2511.4
1166870 2511.0
1166880 2511.0
1166890 2512.0
1166900 2511.8
1166910 2510.4
1166920 2510.4
1166930 2510.4
1166940 2509.8
1166950 2509.8
1166960 2507.9
1166970 2505.4
1166980 2500.6
1166990 2499.4
1167000 2497.5
1167010 2497.5
1167020 2495.5
1167030 2493.6
1167040 2493.6
1167050 2491.6
1167060 2489.7
1167070 2489.7
1167080 2487.8
1167090 2486.2
1167100 2486.2
1167110 2484.9
1167120 2484.2
1167130 2483.0
1167140 2483.0
1167150 2481.0
1167160 2477.5
1167170 2477.5
1167180 2473.7
1167190 2471.2
1167200 2471.2
1167210 2469.2
1167220 2467.1
1167230 2467.1
1167240 2464.9
1167250 2462.9
1167260 2462.9
1167270 2460.9
1167280 2459.4
1167290 2459.4
1167300 2457.7
1167310 2456.2
1167320 2454.4
1167330 2454.4
1167340 2452.6
1167350 2450.9
1167360 2450.9
1167370 2449.2
1167380 2448.9
1167390 2448.9
1167400 2446.9
1167410 2443.0
1167420 2443.0
1167430 2440.3
1167440 2438.3
1167450 2438.3
1167460 2436.7
1167470 2434.0
1167480 2434.0
1167490 2430.9
1167500 2428.5
1167510 2428.5
1167520 2426.4
1167530 2424.5
1167540 2422.5
1167550 2422.5
1167560 2420.6
1167570 2419.0
1167580 2419.0
1167590 2417.3
1167600 2416.0
1167610 2416.0
1167620 2415.8
1167630 2415.3
1167640 2415.3
1167650 2414.6
1167660 2414.2
1167670 2414.2
1167680 2414.5
1167690 2413.8
1167700 2413.8
1167710 2411.7
1167720 2409.1
1167730 2409.1
1167740 2406.2
1167750 2403.2
1167760 2400.6
1167770 2400.6
1167780 2397.7
1167790 2396.4
1167800 2396.4
1167810 2395.2
1167820 2395.4
1167830 2395.4
1167840 2397.2
1167850 2398.7
1167860 2398.7
1167870 2399.3
1167880 2400.2
1167890 2400.2
1167900 2400.6
1167910 2401.6
1167920 2401.6
1167930 2402.9
1167940 2403.7
1167950 2403.7
1167960 2404.5
1167970 2405.3
1167980 2406.4
1167990 2406.4
1168000 2407.6
1168010 2410.0
1168020 2410.0
1168030 2412.0
1168040 2413.1
1168050 2413.1
1168060 2413.6
1168070 2413.8
1168080 2413.8
1168090 2413.2
1168100 2411.9
1168110 2411.9
1168120 2410.4
1168130 2408.8
1168140 2408.8
1168150 2407.1
1168160 2405.4
1168170 2403.2
1168180 2402.5
1168190 2399.9
1168200 2397.5
1168210 2397.5
1168220 2397.2
1168230 2397.4
1168240 2397.4
1168250 2397.2
1168260 2398.1
1168270 2398.1
1168280 2398.5
1168290 2398.6
1168300 2398.6
1168310 2398.5
1168320 2398.8
1168330 2398.8
1168340 2399.8
1168350 2401.3
1168360 2401.3
1168370 2403.1
1168380 2405.5
1168390 2408.2
1168400 2408.2
1168410 2411.4
1168420 2414.4
1168430 2414.4
1168440 2416.7
1168450 2420.0
1168460 2420.0
1168470 2424.3
1168480 2428.9
1168490 2428.9
1168500 2433.8
1168510 2438.1
1168520 2438.1
1168530 2442.1
1168540 2445.4
1168550 2445.4
1168560 2448.9
1168570 2453.1
1168580 2452.6
1168590 2456.9
1168600 2461.6
1168610 2466.8
1168620 2466.8
1168630 2472.6
1168640 2478.5
1168650 2478.5
1168660 2483.4
1168670 2487.4
1168680 2487.4
1168690 2491.2
1168700 2494.9
1168710 2494.9
1168720 2499.1
1168730 2503.5
1168740 2503.5
1168750 2508.0
1168760 2512.7
1168770 2512.7
1168780 2517.7
1168790 2522.2
1168800 2522.2
1168810 2525.4
1168820 2527.3
1168830 2528.2
1168840 2528.2
1168850 2529.1
1168860 2532.1
1168870 2532.1
1168880 2536.4
1168890 2540.1
1168900 2540.1
1168910 2543.7
1168920 2547.3
1168930 2547.3
1168940 2550.6
1168950 2554.2
1168960 2554.2
1168970 2559.0
1168980 2562.7
1168990 2562.7
1169000 2568.9
1169010 2575.2
1169020 2581.5
1169030 2581.5
1169040 2588.0
1169050 2595.1
1169060 2595.1
1169070 2602.5
1169080 2609.4
1169090 2609.4
1169100 2615.8
1169110 2621.7
1169120 2621.7
1169130 2623.7
1169140 2619.3
1169150 2619.3
1169160 2615.0
1169170 2610.5
1169180 2610.5
1169190 2606.1
1169200 2598.5
1169210 2598.5
1169220 2587.5
1169230 2574.9
1169240 2565.2
1169250 2565.2
1169260 2558.8
1169270 2553.3
1169280 2553.3
1169290 2547.6
1169300 2541.5
1169310 2541.5
1169320 2535.7
1169330 2530.4
1169340 2530.4
1169350 2525.7
1169360 2523.1
1169370 2523.1
1169380 2523.1
1169390 2522.9
1169400 2522.9
1169410 2521.7
1169420 2514.8
1169430 2514.8
1169440 2511.4
1169450 2507.9
1169460 2501.8
1169470 2501.8
1169480 2492.7
1169490 2491.0
1169500 2491.0
1169510 2490.6
1169520 2490.9
1169530 2490.9
1169540 2490.1
1169550 2489.0
1169560 2489.0
1169570 2488.2
1169580 2487.9
1169590 2487.9
1169600 2488.1
1169610 2487.9
1169620 2487.9
1169630 2488.8
1169640 2489.2
1169650 2489.2
1169660 2490.5
1169670 2492.7
1169680 2494.6
1169690 2494.6
1169700 2497.5
1169710 2499.4
1169720 2499.4
1169730 2496.7
1169740 2491.0
1169750 2491.0
1169760 2485.0
1169770 2479.5
1169780 2479.8
1169790 2474.7
1169800 2470.3
1169810 2470.3
1169820 2466.0
1169830 2461.8
1169840 2461.8
1169850 2457.5
1169860 2453.3
1169870 2448.7
1169880 2448.7
1169890 2443.3
1169900 2436.0
1169910 2436.0
1169920 2428.1
1169930 2427.1
1169940 2427.1
1169950 2426.5
1169960 2421.4
1169970 2421.4
1169980 2423.5
1169990 2427.7
1170000 2427.7
1170010 2430.4
1170020 2433.3
1170030 2433.3
1170040 2435.3
1170050 2438.2
1170060 2438.2
1170070 2442.6
1170080 2445.7
1170090 2447.4
1170100 2447.4
1170110 2451.1
1170120 2455.3
1170130 2455.3
1170140 2459.2
1170150 2462.3
1170160 2462.3
1170170 2463.8
1170180 2454.9
1170190 2454.9
1170200 2461.1
1170210 2469.1
1170220 2469.1
1170230 2475.2
1170240 2479.5
1170250 2479.5
1170260 2484.2
1170270 2489.5
1170280 2489.5
1170290 2494.7
1170300 2499.1
1170310 2502.7
1170320 2502.7
1170330 2508.8
1170340 2516.6
1170350 2516.6
1170360 2523.8
1170370 2529.8
1170380 2529.8
1170390 2535.1
1170400 2539.7
1170410 2539.7
1170420 2546.6
1170430 2554.1
1170440 2554.1
1170450 2561.5
1170460 2570.0
1170470 2570.0
1170480 2577.7
1170490 2584.7
1170500 2584.7
1170510 2591.5
1170520 2597.8
1170530 2603.8
1170540 2603.8
1170550 2609.5
1170560 2614.9
1170570 2614.9
1170580 2620.3
1170590 2619.6
1170600 2619.6
1170610 2623.3
1170620 2626.8
1170630 2626.8
1170640 2630.6
1170650 2634.3
1170660 2634.3
1170670 2638.4
1170680 2642.6
1170690 2642.6
1170700 2646.5
1170710 2650.2
1170720 2653.7
1170730 2653.7
1170740 2656.9
1170750 2659.9
1170760 2659.9
1170770 2661.8
1170780 2659.7
1170790 2659.7
1170800 2654.8
1170810 2649.1
1170820 2649.1
1170830 2642.6
1170840 2635.0
1170850 2635.0
1170860 2626.4
1170870 2620.2
1170880 2620.2
1170890 2614.7
1170900 2608.8
1170910 2608.8
1170920 2602.8
1170930 2596.9
1170940 2591.1
1170950 2591.1
1170960 2585.2
1170970 2579.1
1170980 2579.1
1170990 2573.6
1171000 2567.0
1171010 2567.0
1171020 2559.6
1171030 2550.4
1171040 2550.4
1171050 2541.7
1171060 2532.9
1171070 2532.9
1171080 2523.6
1171090 2514.7
1171100 2514.7
1171110 2505.1
1171120 2496.2
1171130 2496.2
1171140 2488.3
1171150 2481.2
1171160 2472.9
1171170 2472.9
1171180 2465.3
1171190 2459.1
1171200 2459.1
1171210 2452.8
1171220 2447.0
1171230 2447.0
1171240 2441.4
1171250 2435.7
1171260 2435.7
1171270 2430.3
1171280 2425.3
1171290 2425.3
1171300 2420.0
1171310 2413.6
1171320 2413.6
1171330 2406.8
1171340 2403.2
1171350 2403.2
1171360 2404.5
1171370 2406.1
1171380 2406.2
1171390 2406.2
1171400 2398.4
1171410 2398.6
1171420 2398.6
1171430 2398.4
1171440 2396.9
1171450 2396.9
1171460 2393.1
1171470 2395.1
1171480 2395.1
1171490 2396.5
1171500 2395.3
1171510 2395.3
1171520 2395.1
1171530 2395.8
1171540 2395.8
1171550 2397.2
1171560 2398.7
1171570 2399.7
1171580 2399.7
1171590 2402.0
1171600 2404.8
1171610 2404.8
1171620 2407.5
1171630 2409.5
1171640 2409.5
1171650 2411.5
1171660 2414.3
1171670 2414.3
1171680 2417.9
1171690 2420.6
1171700 2420.6
1171710 2422.3
1171720 2424.4
1171730 2424.4
1171740 2428.9
1171750 2434.6
1171760 2434.6
1171770 2439.5
1171780 2443.8
1171790 2448.2
1171800 2442.7
1171810 2446.6
1171820 2450.5
1171830 2450.5
1171840 2454.5
1171850 2458.4
1171860 2458.4
1171870 2462.2
1171880 2465.1
1171890 2465.1
1171900 2466.4
1171910 2469.8
1171920 2469.8
1171930 2473.6
1171940 2476.2
1171950 2476.2
1171960 2478.3
1171970 2480.2
1171980 2480.2
1171990 2482.1
1172000 2484.1
1172010 2486.9
1172020 2486.9
1172030 2489.5
1172040 2492.5
1172050 2492.5
1172060 2495.5
1172070 2498.0
1172080 2498.0
1172090 2500.0
1172100 2501.7
1172110 2501.7
1172120 2502.9
1172130 2500.0
1172140 2500.0
1172150 2493.7
1172160 2486.2
1172170 2486.2
1172180 2478.2
1172190 2470.0
1172200 2470.0
1172210 2459.9
1172220 2452.1
1172230 2446.2
1172240 2446.2
1172250 2441.8
1172260 2437.6
1172270 2437.6
1172280 2432.7
1172290 2427.5
1172300 2427.5
1172310 2422.8
1172320 2418.2
1172330 2418.2
1172340 2412.9
1172350 2409.3
1172360 2409.3
1172370 2407.2
1172380 2403.8
1172390 2403.8
1172400 2398.8
1172410 2395.6
1172420 2398.2
1172430 2398.2
1172440 2399.8
1172450 2400.0
1172460 2400.0
1172470 2399.6
1172480 2398.5
1172490 2398.5
1172500 2396.5
1172510 2393.7
1172520 2393.7
1172530 2390.1
1172540 2386.3
1172550 2386.3
1172560 2382.5
1172570 2379.2
1172580 2379.2
1172590 2375.4
1172600 2371.2
1172610 2367.6
1172620 2363.4
1172630 2358.9
1172640 2354.0
1172650 2354.0
1172660 2348.5
1172670 2343.3
1172680 2343.3
1172690 2338.3
1172700 2333.5
1172710 2333.5
1172720 2328.9
1172730 2324.6
1172740 2324.6
1172750 2320.5
1172760 2317.3
1172770 2317.3
1172780 2313.6
1172790 2309.3
1172800 2309.3
1172810 2307.3
1172820 2312.8
1172830 2312.8
1172840 2318.0
1172850 2321.9
1172860 2325.1
1172870 2325.1
1172880 2328.9
1172890 2333.4
1172900 2333.4
1172910 2337.4
1172920 2341.7
1172930 2341.7
1172940 2345.9
1172950 2349.8
1172960 2349.8
1172970 2353.3
1172980 2356.1
1172990 2356.1
1173000 2358.7
1173010 2361.4
1173020 2361.5
1173030 2364.4
1173040 2367.3
1173050 2367.3
1173060 2370.4
1173070 2373.4
1173080 2376.2
1173090 2376.2
1173100 2379.2
1173110 2381.8
1173120 2381.8
1173130 2384.5
1173140 2387.5
1173150 2387.5
1173160 2390.8
1173170 2394.1
1173180 2394.1
1173190 2397.6
1173200 2401.9
1173210 2401.9
1173220 2405.8
1173230 2409.6
1173240 2409.6
1173250 2413.5
1173260 2417.2
1173270 2420.1
1173280 2420.1
1173290 2422.9
1173300 2425.6
1173310 2425.6
1173320 2425.5
1173330 2422.1
1173340 2422.1
1173350 2416.2
1173360 2410.2
1173370 2410.2
1173380 2403.4
1173390 2396.8
1173400 2396.8
1173410 2390.7
1173420 2384.8
1173430 2389.9
1173440 2385.3
1173450 2380.7
1173460 2380.7
1173470 2376.1
1173480 2372.3
1173490 2369.5
1173500 2369.5
1173510 2366.4
1173520 2362.2
1173530 2362.2
1173540 2357.4
1173550 2352.6
1173560 2352.6
1173570 2347.5
1173580 2343.0
1173590 2343.0
1173600 2336.9
1173610 2333.1
1173620 2333.1
1173630 2331.1
1173640 2326.9
1173650 2326.9
1173660 2326.2
1173670 2327.5
1173680 2327.5
1173690 2328.2
1173700 2325.2
1173710 2319.7
1173720 2319.7
1173730 2313.4
1173740 2315.0
1173750 2315.0
1173760 2321.8
1173770 2325.8
1173780 2325.8
1173790 2326.2
1173800 2321.4
1173810 2321.4
1173820 2315.6
1173830 2311.9
1173840 2311.9
1173850 2304.6
1173860 2299.1
1173870 2299.1
1173880 2301.6
1173890 2305.4
1173900 2305.4
1173910 2305.8
1173920 2305.0
1173930 2299.4
1173940 2299.4
1173950 2291.9
1173960 2282.0
1173970 2282.0
1173980 2270.1
1173990 2261.0
1174000 2261.0
1174010 2255.5
1174020 2253.2
1174030 2253.2
1174040 2250.8
1174050 2247.5
1174060 2247.5
1174070 2248.2
1174080 2250.0
1174090 2250.0
1174100 2250.4
1174110 2250.8
1174120 2246.8
1174130 2246.8
1174140 2237.4
1174150 2226.6
1174160 2226.6
1174170 2216.8
1174180 2208.8
1174190 2208.8
1174200 2202.2
1174210 2197.5
1174220 2197.5
1174230 2192.7
1174240 2196.1
1174250 2196.1
1174260 2191.5
1174270 2189.0
1174280 2189.0
1174290 2186.6
1174300 2183.1
1174310 2183.1
1174320 2179.3
1174330 2175.7
1174340 2164.0
1174350 2164.0
1174360 2148.1
1174370 2136.9
1174380 2136.9
1174390 2126.7
1174400 2118.6
1174410 2118.6
1174420 2113.9
1174430 2112.8
1174440 2112.8
1174450 2111.8
1174460 2113.3
1174470 2113.3
1174480 2114.7
1174490 2113.0
1174500 2113.0
1174510 2109.2
1174520 2105.2
1174530 2105.2
1174540 2101.3
1174550 2097.2
1174560 2092.8
1174570 2092.8
1174580 2088.1
1174590 2083.7
1174600 2083.7
1174610 2078.6
1174620 2072.7
1174630 2072.7
1174640 2066.8
1174650 2064.4
1174660 2064.4
1174670 2059.2
1174680 2054.1
1174690 2054.1
1174700 2049.0
1174710 2044.0
1174720 2044.0
1174730 2039.5
1174740 2033.7
1174750 2033.7
1174760 2025.7
1174770 2018.5
1174780 2010.4
1174790 2010.4
1174800 2003.7
1174810 1996.7
1174820 1996.7
1174830 1987.3
1174840 1978.5
1174850 1978.5
1174860 1969.2
1174870 1961.7
1174880 1961.7
1174890 1956.8
1174900 1956.3
1174910 1956.3
1174920 1957.6
1174930 1961.6
1174940 1961.6
1174950 1965.2
1174960 1965.8
1174970 1965.9
1174980 1965.9
1174990 1967.7
1175000 1969.5
1175010 1969.5
1175020 1971.3
1175030 1972.5
1175040 1972.5
1175050 1973.9
1175060 1983.3
1175070 1983.3
1175080 1985.8
1175090 1988.1
1175100 1988.1
1175110 1989.6
1175120 1990.2
1175130 1990.2
1175140 1990.6
1175150 1990.1
1175160 1990.1
1175170 1988.6
1175180 1986.6
1175190 1984.3
1175200 1984.3
1175210 1983.0
1175220 1981.5
1175230 1981.5
1175240 1981.3
1175250 1980.3
1175260 1980.3
1175270 1978.7
1175280 1977.6
1175290 1977.6
1175300 1969.3
1175310 1959.9
1175320 1959.9
1175330 1951.7
1175340 1943.6
1175350 1943.6
1175360 1937.5
1175370 1933.0
1175380 1933.0
1175390 1931.9
1175400 1929.7
1175410 1926.1
1175420 1926.1
1175430 1923.3
1175440 1921.6
1175450 1921.6
1175460 1920.1
1175470 1923.0
1175480 1923.0
1175490 1920.2
1175500 1919.5
1175510 1919.5
1175520 1919.4
1175530 1918.7
1175540 1918.7
1175550 1918.0
1175560 1917.6
1175570 1917.6
1175580 1917.5
1175590 1915.9
1175600 1915.9
1175610 1912.5
1175620 1909.5
1175630 1906.7
1175640 1906.7
1175650 1904.6
1175660 1904.0
1175670 1904.0
1175680 1903.6
1175690 1902.2
1175700 1902.2
1175710 1900.6
1175720 1898.7
1175730 1898.7
1175740 1898.0
1175750 1899.1
1175760 1899.1
1175770 1901.8
1175780 1905.8
1175790 1905.8
1175800 1907.1
1175810 1907.6
1175820 1906.6
1175830 1906.6
1175840 1906.6
1175850 1908.4
1175860 1908.4
1175870 1911.1
1175880 1918.8
1175890 1918.8
1175900 1918.9
1175910 1917.9
1175920 1917.9
1175930 1915.8
1175940 1914.1
1175950 1914.1
1175960 1912.0
1175970 1910.7
1175980 1910.7
1175990 1908.8
1176000 1907.0
1176010 1907.0
1176020 1906.0
1176030 1906.8
1176040 1907.7
1176050 1907.7
1176060 1907.6
1176070 1909.0
1176080 1909.0
1176090 1910.3
1176100 1910.4
1176110 1910.4
1176120 1908.7
1176130 1906.8
1176140 1906.8
1176150 1906.0
1176160 1904.8
1176170 1904.8
1176180 1903.2
1176190 1902.0
1176200 1902.0
1176210 1902.8
1176220 1903.3
1176230 1903.3
1176240 1904.3
1176250 1905.6
1176260 1907.6
1176270 1907.6
1176280 1908.6
1176290 1917.0
1176300 1917.0
1176310 1917.3
1176320 1917.5
1176330 1917.5
1176340 1916.8
1176350 1916.3
1176360 1916.3
1176370 1918.0
1176380 1921.2
1176390 1921.2
1176400 1923.2
1176410 1925.3
1176420 1925.3
1176430 1930.8
1176440 1934.4
1176450 1935.2
1176460 1935.2
1176470 1935.1
1176480 1934.9
1176490 1934.9
1176500 1936.3
1176510 1938.7
1176520 1938.7
1176530 1940.2
1176540 1940.8
1176550 1940.8
1176560 1940.5
1176570 1939.0
1176580 1939.0
1176590 1935.1
1176600 1929.6
1176610 1929.6
1176620 1922.0
1176630 1911.2
1176640 1911.2
1176650 1903.0
1176660 1894.0
1176670 1882.7
1176680 1882.7
1176690 1872.6
1176700 1862.3
1176710 1862.3
1176720 1853.2
1176730 1844.3
1176740 1844.3
1176750 1833.6
1176760 1823.9
1176770 1823.9
1176780 1815.7
1176790 1806.2
1176800 1806.2
1176810 1796.7
1176820 1789.0
1176830 1789.0
1176840 1782.4
1176850 1775.3
1176860 1775.3
1176870 1769.0
1176880 1764.0
1176890 1755.1
1176900 1755.1
1176910 1747.0
1176920 1736.4
1176930 1736.4
1176940 1725.1
1176950 1714.7
1176960 1714.7
1176970 1706.0
1176980 1699.1
1176990 1699.1
1177000 1692.8
1177010 1686.0
1177020 1686.0
1177030 1678.7
1177040 1671.0
1177050 1671.0
1177060 1663.3
1177070 1656.1
1177080 1656.1
1177090 1652.6
1177100 1654.4
1177110 1663.9
1177120 1663.9
1177130 1664.9
1177140 1663.3
1177150 1663.3
1177160 1659.0
1177170 1653.4
1177180 1653.4
1177190 1647.0
1177200 1640.8
1177210 1640.8
1177220 1635.0
1177230 1629.2
1177240 1629.2
1177250 1623.9
1177260 1618.9
1177270 1618.9
1177280 1614.6
1177290 1607.9
1177300 1599.6
1177310 1599.6
1177320 1593.4
1177330 1587.2
1177340 1587.2
1177350 1580.7
1177360 1569.4
1177370 1569.4
1177380 1556.9
1177390 1546.6
1177400 1546.6
1177410 1536.6
1177420 1521.5
1177430 1521.5
1177440 1504.9
1177450 1495.8
1177460 1495.8
1177470 1487.7
1177480 1477.3
1177490 1477.3
1177500 1468.2
1177510 1465.8
1177520 1476.0
1177530 1476.0
1177540 1469.9
1177550 1467.0
1177560 1467.0
1177570 1469.1
1177580 1465.0
1177590 1465.0
1177600 1459.5
1177610 1454.6
1177620 1454.6
1177630 1450.1
1177640 1445.5
1177650 1445.5
1177660 1440.0
1177670 1433.7
1177680 1433.7
1177690 1425.1
1177700 1415.3
1177710 1415.3
1177720 1410.7
1177730 1407.1
1177740 1400.8
1177750 1400.8
1177760 1392.6
1177770 1385.6
1177780 1385.6
1177790 1379.1
1177800 1371.5
1177810 1371.5
1177820 1364.7
1177830 1359.3
1177840 1359.3
1177850 1353.8
1177860 1348.3
1177870 1348.3
1177880 1341.8
1177890 1335.2
1177900 1335.2
1177910 1329.4
1177920 1322.4
1177930 1322.4
1177940 1314.7
1177950 1305.0
1177960 1297.3
1177970 1297.3
1177980 1291.5
1177990 1285.6
1178000 1285.6
1178010 1278.2
1178020 1268.9
1178030 1268.9
1178040 1261.6
1178050 1256.7
1178060 1256.7
1178070 1250.3
1178080 1240.3
1178090 1240.3
1178100 1221.2
1178110 1212.1
1178120 1212.1
1178130 1219.6
1178140 1239.0
1178150 1248.3
1178160 1248.3
1178170 1258.4
1178180 1262.7
1178190 1262.7
1178200 1272.4
1178210 1277.9
1178220 1277.9
1178230 1285.2
1178240 1297.3
1178250 1297.3
1178260 1306.2
1178270 1310.4
1178280 1310.4
1178290 1312.3
1178300 1313.2
1178310 1313.2
1178320 1315.2
1178330 1318.2
1178340 1318.2
1178350 1313.6
1178360 1320.3
1178370 1326.2
1178380 1326.2
1178390 1329.9
1178400 1333.1
1178410 1333.1
1178420 1336.2
1178430 1339.3
1178440 1339.3
1178450 1343.6
1178460 1348.4
1178470 1348.4
1178480 1352.3
1178490 1354.9
1178500 1354.9
1178510 1355.9
1178520 1357.3
1178530 1357.3
1178540 1360.4
1178550 1364.8
1178560 1364.8
1178570 1370.4
1178580 1375.1
1178590 1378.7
1178600 1378.7
1178610 1383.3
1178620 1387.2
1178630 1387.2
1178640 1389.6
1178650 1392.8
1178660 1392.8
1178670 1396.5
1178680 1401.7
1178690 1401.7
1178700 1405.9
1178710 1405.0
1178720 1405.0
1178730 1402.4
1178740 1402.1
1178750 1402.1
1178760 1396.7
1178770 1400.8
1178780 1400.8
1178790 1405.2
1178800 1410.4
1178810 1417.2
1178820 1417.2
1178830 1421.7
1178840 1422.7
1178850 1422.7
1178860 1421.6
1178870 1419.8
1178880 1419.8
1178890 1416.1
1178900 1413.3
1178910 1413.3
1178920 1411.3
1178930 1410.8
1178940 1410.8
1178950 1411.7
1178960 1414.0
1178970 1414.0
1178980 1416.2
1178990 1416.2
1179000 1415.6
1179010 1415.6
1179020 1413.3
1179030 1410.1
1179040 1410.1
1179050 1406.2
1179060 1401.7
1179070 1401.7
1179080 1397.5
1179090 1394.2
1179100 1394.2
1179110 1390.5
1179120 1386.4
1179130 1386.4
1179140 1382.0
1179150 1377.9
1179160 1377.9
1179170 1374.4
1179180 1361.8
1179190 1361.8
1179200 1358.1
1179210 1354.8
1179220 1352.2
1179230 1352.2
1179240 1350.4
1179250 1348.4
1179260 1348.4
1179270 1344.8
1179280 1338.3
1179290 1338.3
1179300 1330.9
1179310 1324.6
1179320 1324.6
1179330 1318.7
1179340 1313.7
1179350 1313.7
1179360 1308.5
1179370 1303.7
1179380 1303.7
1179390 1298.5
1179400 1293.7
1179410 1293.7
1179420 1292.2
1179430 1291.5
1179440 1290.3
1179450 1290.3
1179460 1287.8
1179470 1283.1
1179480 1283.1
1179490 1278.5
1179500 1273.5
1179510 1273.5
1179520 1266.9
1179530 1259.8
1179540 1259.8
1179550 1256.0
1179560 1254.8
1179570 1254.8
1179580 1253.4
1179590 1243.6
1179600 1243.6
1179610 1236.0
1179620 1227.1
1179630 1227.1
1179640 1220.6
1179650 1210.4
1179660 1193.8
1179670 1193.8
1179680 1182.2
1179690 1172.4
1179700 1172.4
1179710 1166.4
1179720 1161.8
1179730 1161.8
1179740 1156.4
1179750 1150.5
1179760 1150.5
1179770 1143.8
1179780 1139.1
1179790 1139.1
1179800 1135.8
1179810 1133.3
1179820 1133.3
1179830 1126.5
1179840 1114.9
1179850 1104.5
1179860 1104.5
1179870 1098.4
1179880 1093.4
1179890 1093.4
1179900 1089.4
1179910 1085.5
1179920 1085.5
1179930 1080.1
1179940 1072.3
1179950 1072.3
1179960 1062.3
1179970 1052.7
1179980 1052.7
1179990 1043.7
