1160000 2741.8
1160010 2741.8
1160020 2739.5
1160030 2735.7
1160040 2735.7
1160050 2730.2
1160060 2724.2
1160070 2724.2
1160080 2718.7
1160090 2714.5
1160100 2712.7
1160110 2712.7
1160120 2705.3
1160130 2702.6
1160140 2702.6
1160150 2700.5
1160160 2699.3
1160170 2699.3
1160180 2698.3
1160190 2697.4
1160200 2697.4
1160210 2697.0
1160220 2696.4
1160230 2696.4
1160240 2694.6
1160250 2693.5
1160260 2693.5
1160270 2692.6
1160280 2691.2
1160290 2691.3
1160300 2691.3
1160310 2691.2
1160320 2691.0
1160330 2691.0
1160340 2692.2
1160350 2693.8
1160360 2693.8
1160370 2696.7
1160380 2698.4
1160390 2698.4
1160400 2696.6
1160410 2693.6
1160420 2693.6
1160430 2692.0
1160440 2690.4
1160450 2690.4
1160460 2689.4
1160470 2688.1
1160480 2688.1
1160490 2686.0
1160500 2685.1
1160510 2684.5
1160520 2684.5
1160530 2684.5
1160540 2685.1
1160550 2685.1
1160560 2685.7
1160570 2686.0
1160580 2686.0
1160590 2686.4
1160600 2687.2
1160610 2687.2
1160620 2687.9
1160630 2687.2
1160640 2687.2
1160650 2686.1
1160660 2685.4
1160670 2685.4
1160680 2683.9
1160690 2682.1
1160700 2682.1
1160710 2679.8
1160720 2677.7
1160730 2674.7
1160740 2674.7
1160750 2672.0
1160760 2670.8
1160770 2670.8
1160780 2669.8
1160790 2669.1
1160800 2669.1
1160810 2668.2
1160820 2667.5
1160830 2667.5
1160840 2667.2
1160850 2666.9
1160860 2666.9
1160870 2666.9
1160880 2668.1
1160890 2668.1
1160900 2664.3
1160910 2665.1
1160920 2665.1
1160930 2665.4
1160940 2665.6
1160950 2666.7
1160960 2666.7
1160970 2667.8
1160980 2667.9
1160990 2667.9
1161000 2666.6
1161010 2665.6
1161020 2665.6
1161030 2665.1
1161040 2664.5
1161050 2664.5
1161060 2663.1
1161070 2661.7
1161080 2661.7
1161090 2660.6
1161100 2660.9
1161110 2660.9
1161120 2662.4
1161130 2665.3
1161140 2668.2
1161150 2668.2
1161160 2670.7
1161170 2672.2
1161180 2672.2
1161190 2672.8
1161200 2673.1
1161210 2673.1
1161220 2673.6
1161230 2673.9
1161240 2673.9
1161250 2673.1
1161260 2673.1
1161270 2673.1
1161280 2674.3
1161290 2675.0
1161300 2671.5
1161310 2673.7
1161320 2677.2
1161330 2677.2
1161340 2681.3
1161350 2684.4
1161360 2681.9
1161370 2681.9
1161380 2676.1
1161390 2664.0
1161400 2664.0
1161410 2655.7
1161420 2649.3
1161430 2649.3
1161440 2642.4
1161450 2637.9
1161460 2637.9
1161470 2634.8
1161480 2631.5
1161490 2631.5
1161500 2628.2
1161510 2625.0
1161520 2625.0
1161530 2621.5
1161540 2618.9
1161550 2618.9
1161560 2617.8
1161570 2617.6
1161580 2617.9
1161590 2617.9
1161600 2617.3
1161610 2616.6
1161620 2616.6
1161630 2616.4
1161640 2617.0
1161650 2617.0
1161660 2617.7
1161670 2618.2
1161680 2618.2
1161690 2619.6
1161700 2620.1
1161710 2620.1
1161720 2620.1
1161730 2619.5
1161740 2619.5
1161750 2616.0
1161760 2612.2
1161770 2612.2
1161780 2610.3
1161790 2609.8
1161800 2607.7
1161810 2607.7
1161820 2605.8
1161830 2604.3
1161840 2604.3
1161850 2602.4
1161860 2600.1
1161870 2600.1
1161880 2599.0
1161890 2597.3
1161900 2597.3
1161910 2595.0
1161920 2592.5
1161930 2592.5
1161940 2590.2
1161950 2587.9
1161960 2587.9
1161970 2586.9
1161980 2584.0
1161990 2579.6
1162000 2579.6
1162010 2579.8
1162020 2579.7
1162030 2579.7
1162040 2580.5
1162050 2580.3
1162060 2580.3
1162070 2578.9
1162080 2581.8
1162090 2581.8
1162100 2581.2
1162110 2580.4
1162120 2580.4
1162130 2579.5
1162140 2579.1
1162150 2579.1
1162160 2580.2
1162170 2581.2
1162180 2581.2
1162190 2581.3
1162200 2581.7
1162210 2584.0
1162220 2584.0
1162230 2585.7
1162240 2586.8
1162250 2586.8
1162260 2586.3
1162270 2584.9
1162280 2584.9
1162290 2584.6
1162300 2584.1
1162310 2584.1
1162320 2582.9
1162330 2581.8
1162340 2581.8
1162350 2579.7
1162360 2577.3
1162370 2577.3
1162380 2575.5
1162390 2573.6
1162400 2573.6
1162410 2572.0
1162420 2569.7
1162430 2567.7
1162440 2567.7
1162450 2565.9
1162460 2563.8
1162470 2570.1
1162480 2567.4
1162490 2564.6
1162500 2564.6
1162510 2562.2
1162520 2561.6
1162530 2561.6
1162540 2561.1
1162550 2559.6
1162560 2559.6
1162570 2558.6
1162580 2561.3
1162590 2561.3
1162600 2565.0
1162610 2569.0
1162620 2569.0
1162630 2574.3
1162640 2580.3
1162650 2584.9
1162660 2584.9
1162670 2589.4
1162680 2594.7
1162690 2594.7
1162700 2602.0
1162710 2609.9
1162720 2609.9
1162730 2617.8
1162740 2625.8
1162750 2625.8
1162760 2634.0
1162770 2642.8
1162780 2642.8
1162790 2649.4
1162800 2654.6
1162810 2654.6
1162820 2658.5
1162830 2659.8
1162840 2657.1
1162850 2657.1
1162860 2653.4
1162870 2657.0
1162880 2657.0
1162890 2654.8
1162900 2653.4
1162910 2653.4
1162920 2652.6
1162930 2652.6
1162940 2652.6
1162950 2653.3
1162960 2654.8
1162970 2654.8
1162980 2656.9
1162990 2660.0
1163000 2660.0
1163010 2663.5
1163020 2667.4
1163030 2667.4
1163040 2671.8
1163050 2675.7
1163060 2679.0
1163070 2679.0
1163080 2683.6
1163090 2688.1
1163100 2688.1
1163110 2692.9
1163120 2698.8
1163130 2698.8
1163140 2705.1
1163150 2710.0
1163160 2710.0
1163170 2715.6
1163180 2724.2
1163190 2724.2
1163200 2735.4
1163210 2748.6
1163220 2748.6
1163230 2758.9
1163240 2762.1
1163250 2762.1
1163260 2774.5
1163270 2773.9
1163280 2776.1
1163290 2776.1
1163300 2781.3
1163310 2787.9
1163320 2787.9
1163330 2795.0
1163340 2801.6
1163350 2801.6
1163360 2806.0
1163370 2810.3
1163380 2810.3
1163390 2815.3
1163400 2821.3
1163410 2821.3
1163420 2828.6
1163430 2836.8
1163440 2836.8
1163450 2846.0
1163460 2852.5
1163470 2852.5
1163480 2855.1
1163490 2854.3
1163500 2851.2
1163510 2851.2
1163520 2850.2
1163530 2847.8
1163540 2847.8
1163550 2844.8
1163560 2843.8
1163570 2843.8
1163580 2842.2
1163590 2840.2
1163600 2840.2
1163610 2839.7
1163620 2838.3
1163630 2838.3
1163640 2836.3
1163650 2836.3
1163660 2844.5
1163670 2845.5
1163680 2848.2
1163690 2853.0
1163700 2853.0
1163710 2858.8
1163720 2862.6
1163730 2862.6
1163740 2863.5
1163750 2863.9
1163760 2863.9
1163770 2866.4
1163780 2872.9
1163790 2872.9
1163800 2877.2
1163810 2883.7
1163820 2883.7
1163830 2892.6
1163840 2892.4
1163850 2892.4
1163860 2887.1
1163870 2880.9
1163880 2880.9
1163890 2872.2
1163900 2863.5
1163910 2854.1
1163920 2854.1
1163930 2843.5
1163940 2833.8
1163950 2833.8
1163960 2825.2
1163970 2815.4
1163980 2815.4
1163990 2808.3
1164000 2800.8
1164010 2800.8
1164020 2789.6
1164030 2775.7
1164040 2775.7
1164050 2764.8
1164060 2757.7
1164070 2757.7
1164080 2750.7
1164090 2744.8
1164100 2744.8
1164110 2741.0
1164120 2737.7
1164130 2734.5
1164140 2734.5
1164150 2731.0
1164160 2727.5
1164170 2727.5
1164180 2723.9
1164190 2720.3
1164200 2720.3
1164210 2716.5
1164220 2712.3
1164230 2712.3
1164240 2708.1
1164250 2704.3
1164260 2704.3
1164270 2702.2
1164280 2700.3
1164290 2700.3
1164300 2697.5
1164310 2693.8
1164320 2693.8
1164330 2690.2
1164340 2686.6
1164350 2682.9
1164360 2682.9
1164370 2679.4
1164380 2676.9
1164390 2676.9
1164400 2672.2
1164410 2671.0
1164420 2671.0
1164430 2671.0
1164440 2671.0
1164450 2671.0
1164460 2671.0
1164470 2671.0
1164480 2671.0
1164490 2671.0
1164500 2671.0
1164510 2671.0
1164520 2671.0
1164530 2671.0
1164540 2671.0
1164550 2671.0
1164560 2671.0
1164570 2671.0
1164580 2671.0
1164590 2671.0
1164600 2671.0
1164610 2671.0
1164620 2671.0
1164630 2671.0
1164640 2671.0
1164650 2671.0
1164660 2671.2
1164670 2671.2
1164680 2672.2
1164690 2673.4
1164700 2673.4
1164710 2674.3
1164720 2674.6
1164730 2674.6
1164740 2675.0
1164750 2675.2
1164760 2676.0
1164770 2676.0
1164780 2677.3
1164790 2678.7
1164800 2678.7
1164810 2680.6
1164820 2682.7
1164830 2682.7
1164840 2690.8
1164850 2693.3
1164860 2693.3
1164870 2695.7
1164880 2699.0
1164890 2699.0
1164900 2701.5
1164910 2702.8
1164920 2702.8
1164930 2704.0
1164940 2704.8
1164950 2704.8
1164960 2705.8
1164970 2707.1
1164980 2708.0
1164990 2708.0
1165000 2708.6
1165010 2708.7
1165020 2708.7
1165030 2708.0
1165040 2707.8
1165050 2707.8
1165060 2707.4
1165070 2706.7
1165080 2706.7
1165090 2705.6
1165100 2704.6
1165110 2704.6
1165120 2705.1
1165130 2706.4
1165140 2706.4
1165150 2707.8
1165160 2708.4
1165170 2708.4
1165180 2710.1
1165190 2711.3
1165200 2712.6
1165210 2712.6
1165220 2714.2
1165230 2716.5
1165240 2721.4
1165250 2724.3
1165260 2727.5
1165270 2727.5
1165280 2730.2
1165290 2731.4
1165300 2731.4
1165310 2731.7
1165320 2731.1
1165330 2731.1
1165340 2732.0
1165350 2734.5
1165360 2734.5
1165370 2735.0
1165380 2735.4
1165390 2735.2
1165400 2735.2
1165410 2732.7
1165420 2731.7
1165430 2731.7
1165440 2731.9
1165450 2732.8
1165460 2732.8
1165470 2734.7
1165480 2737.5
1165490 2737.5
1165500 2740.7
1165510 2743.8
1165520 2743.8
1165530 2747.0
1165540 2750.3
1165550 2750.3
1165560 2753.9
1165570 2756.8
1165580 2756.8
1165590 2757.5
1165600 2759.4
1165610 2762.7
1165620 2762.7
1165630 2756.5
1165640 2758.5
1165650 2758.5
1165660 2761.0
1165670 2764.5
1165680 2764.5
1165690 2768.6
1165700 2773.3
1165710 2773.3
1165720 2778.4
1165730 2784.4
1165740 2784.4
1165750 2790.5
1165760 2796.3
1165770 2796.3
1165780 2801.8
1165790 2807.2
1165800 2807.2
1165810 2812.4
1165820 2817.0
1165830 2821.4
1165840 2821.4
1165850 2824.0
1165860 2822.4
1165870 2822.4
1165880 2816.6
1165890 2809.8
1165900 2809.8
1165910 2803.5
1165920 2798.7
1165930 2798.7
1165940 2794.3
1165950 2788.7
1165960 2788.7
1165970 2781.8
1165980 2777.0
1165990 2777.0
1166000 2772.3
1166010 2761.4
1166020 2751.3
1166030 2754.2
1166040 2743.5
1166050 2734.4
1166060 2734.4
1166070 2726.4
1166080 2718.6
1166090 2718.6
1166100 2712.5
1166110 2705.7
1166120 2705.7
1166130 2699.6
1166140 2694.3
1166150 2694.3
1166160 2688.6
1166170 2681.3
1166180 2681.3
1166190 2672.8
1166200 2664.8
1166210 2664.8
1166220 2658.0
1166230 2650.6
1166240 2641.9
1166250 2641.9
1166260 2634.3
1166270 2627.7
1166280 2627.7
1166290 2622.6
1166300 2617.7
1166310 2617.7
1166320 2612.7
1166330 2608.1
1166340 2608.1
1166350 2604.2
1166360 2601.1
1166370 2601.1
1166380 2597.8
1166390 2594.9
1166400 2594.9
1166410 2592.8
1166420 2590.9
1166430 2592.7
1166440 2591.0
1166450 2588.9
1166460 2587.0
1166470 2587.0
1166480 2585.1
1166490 2583.6
1166500 2583.6
1166510 2581.9
1166520 2580.0
1166530 2580.0
1166540 2578.0
1166550 2576.5
1166560 2576.5
1166570 2574.7
1166580 2573.2
1166590 2573.2
1166600 2571.8
1166610 2570.6
1166620 2570.6
1166630 2570.3
1166640 2571.1
1166650 2571.1
1166660 2575.9
1166670 2578.8
1166680 2576.0
1166690 2576.0
1166700 2570.0
1166710 2565.0
1166720 2565.0
1166730 2560.6
1166740 2556.2
1166750 2556.2
1166760 2552.9
1166770 2549.3
1166780 2549.3
1166790 2546.9
1166800 2544.3
1166810 2544.3
1166820 2544.0
1166830 2546.4
1166840 2546.4
1166850 2546.2
1166860 2545.9
1166870 2545.6
1166880 2545.6
1166890 2545.4
1166900 2545.5
1166910 2545.5
1166920 2545.3
1166930 2545.0
1166940 2545.0
1166950 2545.1
1166960 2544.6
1166970 2544.6
1166980 2542.6
1166990 2540.2
1167000 2540.2
1167010 2537.9
1167020 2534.7
1167030 2534.7
1167040 2531.3
1167050 2527.8
1167060 2527.8
1167070 2525.3
1167080 2524.2
1167090 2523.4
1167100 2523.4
1167110 2522.0
1167120 2520.0
1167130 2520.0
1167140 2516.4
1167150 2512.8
1167160 2512.8
1167170 2509.8
1167180 2506.5
1167190 2506.5
1167200 2501.6
1167210 2495.6
1167220 2495.6
1167230 2486.9
1167240 2481.2
1167250 2481.2
1167260 2479.0
1167270 2478.9
1167280 2478.9
1167290 2476.1
1167300 2469.9
1167310 2463.4
1167320 2463.4
1167330 2457.9
1167340 2450.7
1167350 2450.7
1167360 2444.1
1167370 2439.0
1167380 2439.0
1167390 2434.4
1167400 2429.7
1167410 2429.7
1167420 2424.6
1167430 2418.9
1167440 2418.9
1167450 2415.1
1167460 2412.0
1167470 2412.0
1167480 2410.5
1167490 2410.8
1167500 2410.8
1167510 2411.3
1167520 2410.8
1167530 2411.6
1167540 2411.6
1167550 2413.3
1167560 2415.0
1167570 2415.0
1167580 2416.2
1167590 2416.5
1167600 2416.5
1167610 2417.1
1167620 2418.3
1167630 2423.9
1167640 2426.3
1167650 2425.2
1167660 2425.2
1167670 2420.9
1167680 2418.2
1167690 2418.2
1167700 2418.6
1167710 2420.6
1167720 2420.4
1167730 2420.4
1167740 2420.4
1167750 2423.7
1167760 2423.7
1167770 2422.9
1167780 2423.5
1167790 2423.5
1167800 2425.7
1167810 2427.0
1167820 2427.0
1167830 2427.2
1167840 2426.8
1167850 2426.8
1167860 2426.0
1167870 2424.9
1167880 2424.9
1167890 2423.6
1167900 2421.3
1167910 2421.3
1167920 2418.1
1167930 2414.7
1167940 2411.0
1167950 2411.0
1167960 2407.3
1167970 2402.9
1167980 2402.9
1167990 2396.6
1168000 2389.3
1168010 2389.3
1168020 2382.3
1168030 2378.4
1168040 2378.4
1168050 2370.5
1168060 2362.7
1168070 2362.7
1168080 2354.6
1168090 2346.5
1168100 2346.5
1168110 2338.6
1168120 2333.0
1168130 2333.0
1168140 2331.9
1168150 2330.4
1168160 2329.9
1168170 2329.9
1168180 2330.4
1168190 2330.2
1168200 2330.2
1168210 2330.4
1168220 2329.9
1168230 2329.9
1168240 2328.8
1168250 2327.7
1168260 2327.7
1168270 2326.4
1168280 2325.4
1168290 2325.4
1168300 2325.0
1168310 2324.7
1168320 2324.7
1168330 2324.3
1168340 2324.5
1168350 2324.5
1168360 2325.0
1168370 2325.8
1168380 2326.7
1168390 2326.7
1168400 2329.3
1168410 2331.9
1168420 2331.9
1168430 2335.2
1168440 2340.3
1168450 2340.3
1168460 2345.2
1168470 2348.8
1168480 2348.8
1168490 2352.1
1168500 2355.7
1168510 2355.7
1168520 2359.6
1168530 2363.9
1168540 2363.9
1168550 2368.4
1168560 2373.1
1168570 2377.8
1168580 2377.8
1168590 2382.6
1168600 2387.1
1168610 2387.1
1168620 2391.7
1168630 2396.7
1168640 2396.7
1168650 2401.5
1168660 2405.8
1168670 2405.8
1168680 2409.5
1168690 2412.9
1168700 2412.9
1168710 2416.5
1168720 2420.2
1168730 2420.2
1168740 2423.4
1168750 2426.9
1168760 2426.9
1168770 2430.8
1168780 2435.4
1168790 2439.8
1168800 2439.8
1168810 2444.0
1168820 2448.5
1168830 2450.5
1168840 2455.1
1168850 2459.4
1168860 2459.4
1168870 2463.2
1168880 2466.8
1168890 2466.8
1168900 2469.8
1168910 2472.7
1168920 2472.7
1168930 2475.6
1168940 2478.3
1168950 2478.3
1168960 2481.5
1168970 2485.9
1168980 2485.9
1168990 2490.6
1169000 2495.8
1169010 2501.1
1169020 2501.1
1169030 2506.6
1169040 2512.4
1169050 2512.4
1169060 2519.0
1169070 2527.1
1169080 2527.1
1169090 2534.9
1169100 2542.2
1169110 2542.2
1169120 2549.6
1169130 2557.5
1169140 2557.5
1169150 2565.2
1169160 2568.3
1169170 2568.3
1169180 2561.5
1169190 2553.8
1169200 2553.8
1169210 2546.9
1169220 2541.4
1169230 2534.1
1169240 2534.1
1169250 2528.4
1169260 2523.2
1169270 2523.2
1169280 2517.6
1169290 2512.2
1169300 2512.2
1169310 2507.1
1169320 2500.8
1169330 2500.8
1169340 2495.2
1169350 2490.6
1169360 2490.6
1169370 2486.4
1169380 2482.8
1169390 2482.8
1169400 2479.8
1169410 2477.0
1169420 2473.6
1169430 2473.6
1169440 2470.3
1169450 2467.0
1169460 2467.0
1169470 2463.7
1169480 2459.9
1169490 2459.9
1169500 2454.1
1169510 2447.9
1169520 2447.9
1169530 2441.6
1169540 2435.5
1169550 2435.5
1169560 2430.1
1169570 2425.3
1169580 2425.3
1169590 2420.0
1169600 2414.3
1169610 2414.3
1169620 2409.4
1169630 2407.0
1169640 2401.6
1169650 2401.6
1169660 2395.4
1169670 2387.7
1169680 2387.7
1169690 2381.0
1169700 2374.7
1169710 2374.7
1169720 2366.9
1169730 2358.5
1169740 2358.5
1169750 2351.6
1169760 2345.5
1169770 2345.5
1169780 2339.1
1169790 2332.4
1169800 2332.4
1169810 2324.8
1169820 2318.1
1169830 2318.1
1169840 2313.3
1169850 2308.1
1169860 2302.3
1169870 2302.3
1169880 2296.6
1169890 2291.5
1169900 2291.5
1169910 2286.3
1169920 2281.7
1169930 2281.7
1169940 2277.3
1169950 2272.8
1169960 2272.8
1169970 2267.9
1169980 2261.8
1169990 2261.8
1170000 2258.3
1170010 2260.3
1170020 2260.3
1170030 2249.9
1170040 2240.3
1170050 2236.6
1170060 2236.6
1170070 2244.8
1170080 2254.1
1170090 2254.1
1170100 2263.7
1170110 2270.1
1170120 2270.1
1170130 2274.3
1170140 2278.0
1170150 2278.0
1170160 2281.7
1170170 2284.6
1170180 2284.6
1170190 2288.5
1170200 2294.0
1170210 2294.0
1170220 2299.7
1170230 2304.5
1170240 2304.5
1170250 2309.3
1170260 2314.1
1170270 2318.8
1170280 2318.8
1170290 2323.8
1170300 2328.6
1170310 2328.6
1170320 2333.3
1170330 2337.9
1170340 2337.9
1170350 2338.8
1170360 2335.3
1170370 2335.3
1170380 2341.7
1170390 2350.3
1170400 2350.3
1170410 2356.8
1170420 2361.6
1170430 2361.6
1170440 2358.1
1170450 2356.6
1170460 2356.6
1170470 2356.1
1170480 2362.4
1170490 2371.1
1170500 2371.1
1170510 2379.7
1170520 2388.7
1170530 2388.7
1170540 2397.0
1170550 2404.7
1170560 2404.7
1170570 2412.3
1170580 2419.7
1170590 2419.7
1170600 2426.7
1170610 2433.7
1170620 2433.7
1170630 2440.3
1170640 2446.6
1170650 2446.6
1170660 2452.1
1170670 2455.1
1170680 2455.1
1170690 2455.9
1170700 2457.1
1170710 2458.7
1170720 2458.7
1170730 2457.9
1170740 2456.6
1170750 2456.6
1170760 2459.3
1170770 2464.3
1170780 2464.3
1170790 2469.6
1170800 2474.9
1170810 2474.9
1170820 2479.7
1170830 2484.3
1170840 2479.4
1170850 2485.8
1170860 2492.8
1170870 2492.8
1170880 2499.6
1170890 2506.3
1170900 2512.8
1170910 2512.8
1170920 2518.9
1170930 2525.3
1170940 2525.3
1170950 2531.9
1170960 2538.5
1170970 2538.5
1170980 2544.8
1170990 2551.0
1171000 2551.0
1171010 2556.8
1171020 2562.5
1171030 2562.5
1171040 2568.0
1171050 2573.3
1171060 2573.3
1171070 2578.1
1171080 2578.8
1171090 2578.8
1171100 2572.7
1171110 2565.1
1171120 2557.3
1171130 2557.3
1171140 2549.5
1171150 2541.7
1171160 2541.7
1171170 2534.4
1171180 2527.3
1171190 2527.3
1171200 2520.3
1171210 2513.0
1171220 2513.0
1171230 2505.8
1171240 2498.8
1171250 2496.4
1171260 2488.9
1171270 2482.8
1171280 2482.8
1171290 2476.5
1171300 2468.7
1171310 2468.7
1171320 2461.3
1171330 2453.9
1171340 2447.2
1171350 2447.2
1171360 2439.5
1171370 2431.8
1171380 2431.8
1171390 2425.2
1171400 2418.8
1171410 2418.8
1171420 2412.1
1171430 2405.6
1171440 2405.6
1171450 2399.2
1171460 2392.8
1171470 2392.8
1171480 2386.6
1171490 2380.8
1171500 2380.8
1171510 2374.7
1171520 2368.9
1171530 2368.9
1171540 2362.8
1171550 2356.9
1171560 2351.0
1171570 2351.0
1171580 2345.2
1171590 2339.7
1171600 2339.7
1171610 2334.2
1171620 2328.8
1171630 2328.8
1171640 2323.4
1171650 2318.4
1171660 2318.4
1171670 2313.1
1171680 2307.9
1171690 2307.9
1171700 2302.8
1171710 2297.6
1171720 2297.6
1171730 2292.4
1171740 2287.0
1171750 2281.1
1171760 2281.1
1171770 2273.7
1171780 2267.0
1171790 2267.0
1171800 2261.8
1171810 2256.9
1171820 2256.9
1171830 2251.2
1171840 2245.2
1171850 2245.2
1171860 2240.5
1171870 2238.5
1171880 2238.5
1171890 2243.8
1171900 2251.5
1171910 2251.5
1171920 2256.3
1171930 2258.4
1171940 2258.4
1171950 2260.5
1171960 2262.6
1171970 2264.7
1171980 2264.7
1171990 2267.3
1172000 2270.2
1172010 2270.2
1172020 2273.1
1172030 2275.9
1172040 2275.9
1172050 2278.6
1172060 2276.3
1172070 2276.3
1172080 2278.5
1172090 2280.0
1172100 2280.0
1172110 2281.5
1172120 2283.1
1172130 2283.1
1172140 2284.5
1172150 2286.2
1172160 2286.2
1172170 2288.8
1172180 2292.5
1172190 2296.0
1172200 2296.0
1172210 2298.9
1172220 2300.1
1172230 2300.1
1172240 2298.3
1172250 2294.4
1172260 2294.4
1172270 2290.0
1172280 2286.0
1172290 2286.0
1172300 2281.6
1172310 2276.0
1172320 2276.0
1172330 2270.3
1172340 2264.4
1172350 2264.4
1172360 2259.1
1172370 2253.8
1172380 2248.5
1172390 2248.5
1172400 2243.6
1172410 2239.0
1172420 2239.0
1172430 2235.4
1172440 2232.1
1172450 2232.1
1172460 2223.8
1172470 2220.5
1172480 2220.5
1172490 2217.6
1172500 2214.5
1172510 2214.5
1172520 2211.2
1172530 2208.1
1172540 2208.1
1172550 2205.1
1172560 2201.5
1172570 2201.5
1172580 2198.0
1172590 2194.4
1172600 2189.8
1172610 2189.8
1172620 2184.9
1172630 2179.9
1172640 2179.9
1172650 2179.6
1172660 2186.8
1172670 2186.8
1172680 2194.8
1172690 2201.8
1172700 2201.8
1172710 2207.6
1172720 2213.1
1172730 2213.1
1172740 2218.4
1172750 2223.7
1172760 2223.7
1172770 2228.6
1172780 2235.2
1172790 2235.2
1172800 2242.0
1172810 2249.1
1172820 2256.5
1172830 2256.5
1172840 2264.4
1172850 2272.5
1172860 2272.5
1172870 2278.7
1172880 2286.3
1172890 2286.3
1172900 2293.5
1172910 2300.8
1172920 2300.8
1172930 2307.9
1172940 2314.8
1172950 2314.8
1172960 2321.8
1172970 2328.6
1172980 2328.6
1172990 2334.8
1173000 2339.9
1173010 2339.9
1173020 2344.3
1173030 2348.8
1173040 2353.5
1173050 2353.5
1173060 2358.6
1173070 2363.7
1173080 2363.7
1173090 2368.4
1173100 2373.3
1173110 2373.3
1173120 2378.4
1173130 2383.8
1173140 2383.8
1173150 2389.1
1173160 2394.2
1173170 2394.2
1173180 2399.5
1173190 2404.5
1173200 2404.5
1173210 2409.7
1173220 2414.9
1173230 2420.2
1173240 2420.2
1173250 2425.1
1173260 2430.1
1173270 2430.8
1173280 2435.7
1173290 2441.1
1173300 2441.1
1173310 2446.0
1173320 2450.8
1173330 2450.8
1173340 2455.4
1173350 2459.7
1173360 2459.7
1173370 2464.2
1173380 2468.6
1173390 2468.6
1173400 2472.9
1173410 2477.1
1173420 2477.1
1173430 2481.4
1173440 2486.0
1173450 2489.6
1173460 2489.6
1173470 2494.1
1173480 2498.0
1173490 2498.0
1173500 2501.8
1173510 2506.0
1173520 2506.0
1173530 2509.8
1173540 2514.0
1173550 2514.0
1173560 2518.0
1173570 2522.4
1173580 2522.4
1173590 2526.3
1173600 2530.3
1173610 2530.3
1173620 2534.2
1173630 2538.2
1173640 2538.2
1173650 2542.7
1173660 2546.8
1173670 2551.3
1173680 2549.2
1173690 2553.8
1173700 2558.7
1173710 2558.7
1173720 2563.1
1173730 2567.3
1173740 2567.3
1173750 2571.6
1173760 2575.2
1173770 2575.2
1173780 2575.2
1173790 2569.1
1173800 2569.1
1173810 2560.6
1173820 2551.8
1173830 2551.8
1173840 2545.8
1173850 2539.2
1173860 2539.2
1173870 2531.5
1173880 2524.9
1173890 2517.5
1173900 2517.5
1173910 2512.4
1173920 2505.6
1173930 2505.6
1173940 2501.8
1173950 2501.8
1173960 2501.8
1173970 2497.1
1173980 2490.7
1173990 2490.7
1174000 2486.3
1174010 2479.1
1174020 2479.1
1174030 2470.7
1174040 2462.6
1174050 2462.6
1174060 2454.7
1174070 2447.0
1174080 2438.7
1174090 2437.7
1174100 2429.4
1174110 2421.3
1174120 2421.3
1174130 2413.1
1174140 2404.2
1174150 2404.2
1174160 2394.8
1174170 2386.1
1174180 2386.1
1174190 2378.0
1174200 2370.3
1174210 2370.3
1174220 2363.5
1174230 2357.3
1174240 2357.3
1174250 2352.4
1174260 2348.0
1174270 2348.0
1174280 2343.3
1174290 2337.7
1174300 2332.8
1174310 2332.8
1174320 2328.3
1174330 2322.8
1174340 2322.8
1174350 2316.9
1174360 2310.5
1174370 2310.5
1174380 2304.9
1174390 2300.9
1174400 2300.9
1174410 2296.9
1174420 2291.8
1174430 2291.8
1174440 2284.6
1174450 2280.1
1174460 2280.1
1174470 2277.5
1174480 2273.4
1174490 2273.4
1174500 2275.9
1174510 2272.3
1174520 2268.6
1174530 2268.6
1174540 2264.1
1174550 2260.8
1174560 2260.8
1174570 2260.1
1174580 2261.0
1174590 2261.0
1174600 2261.4
1174610 2261.0
1174620 2261.0
1174630 2262.5
1174640 2261.1
1174650 2261.1
1174660 2255.9
1174670 2248.9
1174680 2248.9
1174690 2243.1
1174700 2238.6
1174710 2238.6
1174720 2235.6
1174730 2232.9
1174740 2230.3
1174750 2230.3
1174760 2226.5
1174770 2220.5
1174780 2220.5
1174790 2217.0
1174800 2216.4
1174810 2216.4
1174820 2216.2
1174830 2215.9
1174840 2215.9
1174850 2215.2
1174860 2214.6
1174870 2214.6
1174880 2207.5
1174890 2197.2
1174900 2197.2
1174910 2202.1
1174920 2199.6
1174930 2195.9
1174940 2195.9
1174950 2192.5
1174960 2188.4
1174970 2188.4
1174980 2185.0
1174990 2180.5
1175000 2180.5
1175010 2177.8
1175020 2176.7
1175030 2176.7
1175040 2177.1
1175050 2175.6
1175060 2175.6
1175070 2174.1
1175080 2174.2
1175090 2174.2
1175100 2174.2
1175110 2173.9
1175120 2173.9
1175130 2174.3
1175140 2174.9
1175150 2176.3
1175160 2176.3
1175170 2176.7
1175180 2175.4
1175190 2175.4
1175200 2173.6
1175210 2171.6
1175220 2171.6
1175230 2169.8
1175240 2167.3
1175250 2167.3
1175260 2166.9
1175270 2166.3
1175280 2166.3
1175290 2166.5
1175300 2167.0
1175310 2167.0
1175320 2174.0
1175330 2175.4
1175340 2175.4
1175350 2176.3
1175360 2174.9
1175370 2173.0
1175380 2173.0
1175390 2172.3
1175400 2170.9
1175410 2170.9
1175420 2169.8
1175430 2169.0
1175440 2169.0
1175450 2169.0
1175460 2168.2
1175470 2168.2
1175480 2168.0
1175490 2167.8
1175500 2167.8
1175510 2166.5
1175520 2162.1
1175530 2162.1
1175540 2164.6
1175550 2161.8
1175560 2159.1
1175570 2159.1
1175580 2159.8
1175590 2161.9
1175600 2161.9
1175610 2165.0
1175620 2167.5
1175630 2167.5
1175640 2169.8
1175650 2171.0
1175660 2171.0
1175670 2171.4
1175680 2170.8
1175690 2170.8
1175700 2170.6
1175710 2170.4
1175720 2170.4
1175730 2175.8
1175740 2177.3
1175750 2177.3
1175760 2178.9
1175770 2178.9
1175780 2178.6
1175790 2178.6
1175800 2179.5
1175810 2179.3
1175820 2179.3
1175830 2179.0
1175840 2180.4
1175850 2180.4
1175860 2179.5
1175870 2177.7
1175880 2177.7
1175890 2177.0
1175900 2177.8
1175910 2177.8
1175920 2180.6
1175930 2182.7
1175940 2182.7
1175950 2182.9
1175960 2183.6
1175970 2183.6
1175980 2182.3
1175990 2180.5
1176000 2179.5
1176010 2179.5
1176020 2178.2
1176030 2176.8
1176040 2176.8
1176050 2176.0
1176060 2175.7
1176070 2175.7
1176080 2175.0
1176090 2174.9
1176100 2174.9
1176110 2174.8
1176120 2175.2
1176130 2175.2
1176140 2181.0
1176150 2180.9
1176160 2180.9
1176170 2180.3
1176180 2179.4
1176190 2179.4
1176200 2178.9
1176210 2178.5
1176220 2177.5
1176230 2177.5
1176240 2176.3
1176250 2175.0
1176260 2175.0
1176270 2172.4
1176280 2169.7
1176290 2169.7
1176300 2166.0
1176310 2163.0
1176320 2163.0
1176330 2158.9
1176340 2154.9
1176350 2154.9
1176360 2151.5
1176370 2146.4
1176380 2146.4
1176390 2141.1
1176400 2135.7
1176410 2129.0
1176420 2129.0
1176430 2122.7
1176440 2116.8
1176450 2116.8
1176460 2110.1
1176470 2103.1
1176480 2103.1
1176490 2096.0
1176500 2089.4
1176510 2089.4
1176520 2082.9
1176530 2076.7
1176540 2076.7
1176550 2075.2
1176560 2069.9
1176570 2069.9
1176580 2063.4
1176590 2055.4
1176600 2055.4
1176610 2047.3
1176620 2040.0
1176630 2032.6
1176640 2032.6
1176650 2025.9
1176660 2020.3
1176670 2020.3
1176680 2014.8
1176690 2010.5
1176700 2010.5
1176710 2005.9
1176720 2000.6
1176730 2000.6
1176740 1994.5
1176750 1988.5
1176760 1988.5
1176770 1983.3
1176780 1978.5
1176790 1978.5
1176800 1973.9
1176810 1968.6
1176820 1968.6
1176830 1964.0
1176840 1960.0
1176850 1956.3
1176860 1956.3
1176870 1952.4
1176880 1948.9
1176890 1948.9
1176900 1945.3
1176910 1941.2
1176920 1941.2
1176930 1937.3
1176940 1934.0
1176950 1934.0
1176960 1932.5
1176970 1928.9
1176980 1928.9
1176990 1924.8
1177000 1918.2
1177010 1918.2
1177020 1910.1
1177030 1903.0
1177040 1895.6
1177050 1895.6
1177060 1888.4
1177070 1881.9
1177080 1881.9
1177090 1874.1
1177100 1867.1
1177110 1867.1
1177120 1862.0
1177130 1856.7
1177140 1856.7
1177150 1851.2
1177160 1847.1
1177170 1847.1
1177180 1844.3
1177190 1841.7
1177200 1841.7
1177210 1838.2
1177220 1834.4
1177230 1834.4
1177240 1829.7
1177250 1823.3
1177260 1817.1
1177270 1817.1
1177280 1809.8
1177290 1801.9
1177300 1801.9
1177310 1793.3
1177320 1784.4
1177330 1784.4
1177340 1777.8
1177350 1772.2
1177360 1772.2
1177370 1770.3
1177380 1761.4
1177390 1761.4
1177400 1748.1
1177410 1737.9
1177420 1737.9
1177430 1729.3
1177440 1720.1
1177450 1720.1
1177460 1711.9
1177470 1705.3
1177480 1699.2
1177490 1699.2
1177500 1695.6
1177510 1694.1
1177520 1694.1
1177530 1688.7
1177540 1680.6
1177550 1680.6
1177560 1666.0
1177570 1655.7
1177580 1655.7
1177590 1645.4
1177600 1632.4
1177610 1632.4
1177620 1620.1
1177630 1610.3
1177640 1610.3
1177650 1601.7
1177660 1594.9
1177670 1594.9
1177680 1589.9
1177690 1584.3
1177700 1576.9
1177710 1576.9
1177720 1569.9
1177730 1561.8
1177740 1561.8
1177750 1551.4
1177760 1541.6
1177770 1541.6
1177780 1529.4
1177790 1520.9
1177800 1520.9
1177810 1513.4
1177820 1506.3
1177830 1506.3
1177840 1498.3
1177850 1489.8
1177860 1489.8
1177870 1481.1
1177880 1473.5
1177890 1467.4
1177900 1467.4
1177910 1460.8
1177920 1455.2
1177930 1455.2
1177940 1448.9
1177950 1442.7
1177960 1442.7
1177970 1436.7
1177980 1430.0
1177990 1430.0
1178000 1425.4
1178010 1421.5
1178020 1421.5
1178030 1417.0
1178040 1412.7
1178050 1412.7
1178060 1408.9
1178070 1405.6
1178080 1405.6
1178090 1400.6
1178100 1394.9
1178110 1389.6
1178120 1389.6
1178130 1384.9
1178140 1379.2
1178150 1379.2
1178160 1374.7
1178170 1370.2
1178180 1370.2
1178190 1364.9
1178200 1364.2
1178210 1364.2
1178220 1359.0
1178230 1354.1
1178240 1354.1
1178250 1349.3
1178260 1343.7
1178270 1343.7
1178280 1338.2
1178290 1334.8
1178300 1334.8
1178310 1331.7
1178320 1328.5
1178330 1325.4
1178340 1325.4
1178350 1322.7
1178360 1318.8
1178370 1318.8
1178380 1314.7
1178390 1310.4
1178400 1310.4
1178410 1306.0
1178420 1301.0
1178430 1301.0
1178440 1295.1
1178450 1288.0
1178460 1288.0
1178470 1280.0
1178480 1272.3
1178490 1272.3
1178500 1264.0
1178510 1256.2
1178520 1256.2
1178530 1250.1
1178540 1243.1
1178550 1234.5
1178560 1234.5
1178570 1229.6
1178580 1223.0
1178590 1223.0
1178600 1212.7
1178610 1213.1
1178620 1213.1
1178630 1209.0
1178640 1205.3
1178650 1205.3
1178660 1200.0
1178670 1188.0
1178680 1188.0
1178690 1172.4
1178700 1160.9
1178710 1160.9
1178720 1151.6
1178730 1140.2
1178740 1126.4
1178750 1126.4
1178760 1116.3
1178770 1108.2
1178780 1108.2
1178790 1100.7
1178800 1092.4
1178810 1092.4
1178820 1081.5
1178830 1077.4
1178840 1077.4
1178850 1077.4
1178860 1080.5
1178870 1080.5
1178880 1087.5
1178890 1088.3
1178900 1088.3
1178910 1095.3
1178920 1103.7
1178930 1103.7
1178940 1110.6
1178950 1111.7
1178960 1116.5
1178970 1116.5
1178980 1120.2
1178990 1131.9
1179000 1131.9
1179010 1146.2
1179020 1135.1
1179030 1135.1
1179040 1140.2
1179050 1141.6
1179060 1141.6
1179070 1140.0
1179080 1139.5
1179090 1139.5
1179100 1139.4
1179110 1139.2
1179120 1139.2
1179130 1138.1
1179140 1137.2
1179150 1137.2
1179160 1135.8
1179170 1135.7
1179180 1138.5
1179190 1138.5
1179200 1142.8
1179210 1146.1
1179220 1146.1
1179230 1149.8
1179240 1149.9
1179250 1149.9
1179260 1149.5
1179270 1148.3
1179280 1148.3
1179290 1145.5
1179300 1141.6
1179310 1141.6
1179320 1138.0
1179330 1134.8
1179340 1134.8
1179350 1131.1
1179360 1127.1
1179370 1123.9
1179380 1123.9
1179390 1121.3
1179400 1119.0
1179410 1119.0
1179420 1117.1
1179430 1114.4
1179440 1101.8
1179450 1096.4
1179460 1090.7
1179470 1090.7
1179480 1084.3
1179490 1078.2
1179500 1078.2
1179510 1073.5
1179520 1068.0
1179530 1068.0
1179540 1062.3
1179550 1056.2
1179560 1056.2
1179570 1050.4
1179580 1045.1
1179590 1041.2
1179600 1041.2
1179610 1038.2
1179620 1036.5
1179630 1036.5
1179640 1034.4
1179650 1031.3
1179660 1031.3
1179670 1027.0
1179680 1019.2
1179690 1019.2
1179700 1010.1
1179710 1002.7
1179720 1002.7
1179730 998.4
1179740 991.9
1179750 991.9
1179760 985.9
1179770 979.1
1179780 979.1
1179790 972.0
1179800 964.7
1179810 957.8
1179820 957.8
1179830 951.3
1179840 944.0
1179850 940.9
1179860 937.3
1179870 931.4
1179880 931.4
1179890 926.9
1179900 925.4
1179910 925.4
1179920 924.1
1179930 924.0
1179940 924.0
1179950 923.9
1179960 924.3
1179970 924.3
1179980 926.9
1179990 931.8
