1160000 2650.1
1160010 2644.0
1160020 2651.6
1160030 2651.6
1160040 2658.8
1160050 2661.8
1160060 2661.8
1160070 2664.6
1160080 2667.9
1160090 2667.9
1160100 2669.1
1160110 2670.5
1160120 2670.5
1160130 2674.0
1160140 2679.0
1160150 2679.0
1160160 2683.4
1160170 2688.6
1160180 2688.6
1160190 2694.1
1160200 2698.7
1160210 2703.4
1160220 2703.4
1160230 2709.3
1160240 2713.7
1160250 2713.7
1160260 2718.8
1160270 2722.6
1160280 2722.6
1160290 2724.8
1160300 2726.6
1160310 2726.6
1160320 2730.2
1160330 2735.0
1160340 2735.0
1160350 2741.3
1160360 2744.6
1160370 2744.6
1160380 2737.5
1160390 2729.8
1160400 2726.7
1160410 2726.7
1160420 2720.7
1160430 2714.4
1160440 2714.4
1160450 2705.2
1160460 2694.4
1160470 2694.4
1160480 2684.0
1160490 2676.8
1160500 2676.8
1160510 2670.6
1160520 2664.8
1160530 2664.8
1160540 2661.2
1160550 2658.3
1160560 2658.3
1160570 2655.2
1160580 2652.4
1160590 2652.4
1160600 2650.0
1160610 2646.4
1160620 2642.6
1160630 2642.6
1160640 2639.3
1160650 2636.2
1160660 2636.2
1160670 2634.8
1160680 2635.8
1160690 2635.8
1160700 2637.6
1160710 2641.1
1160720 2641.1
1160730 2644.7
1160740 2647.6
1160750 2647.6
1160760 2647.9
1160770 2640.9
1160780 2640.9
1160790 2633.4
1160800 2625.7
1160810 2625.7
1160820 2618.9
1160830 2612.0
1160840 2605.3
1160850 2605.3
1160860 2598.4
1160870 2591.9
1160880 2591.9
1160890 2586.3
1160900 2581.6
1160910 2581.6
1160920 2576.5
1160930 2572.7
1160940 2572.7
1160950 2569.9
1160960 2567.8
1160970 2567.8
1160980 2566.3
1160990 2564.4
1161000 2564.4
1161010 2563.1
1161020 2562.3
1161030 2562.3
1161040 2561.8
1161050 2560.9
1161060 2559.3
1161070 2559.3
1161080 2557.0
1161090 2555.5
1161100 2555.5
1161110 2553.4
1161120 2551.6
1161130 2551.6
1161140 2550.3
1161150 2548.8
1161160 2548.8
1161170 2547.7
1161180 2549.6
1161190 2549.6
1161200 2550.2
1161210 2550.7
1161220 2550.7
1161230 2550.9
1161240 2550.6
1161250 2550.6
1161260 2549.6
1161270 2548.3
1161280 2546.9
1161290 2546.9
1161300 2545.4
1161310 2543.8
1161320 2543.8
1161330 2542.1
1161340 2540.2
1161350 2540.2
1161360 2537.9
1161370 2532.8
1161380 2532.8
1161390 2522.4
1161400 2514.8
1161410 2514.8
1161420 2510.9
1161430 2513.0
1161440 2513.0
1161450 2515.8
1161460 2515.6
1161470 2515.6
1161480 2514.6
1161490 2513.3
1161500 2510.6
1161510 2510.6
1161520 2506.6
1161530 2502.5
1161540 2502.5
1161550 2499.6
1161560 2495.9
1161570 2500.9
1161580 2498.7
1161590 2497.5
1161600 2497.5
1161610 2497.1
1161620 2498.2
1161630 2498.2
1161640 2499.8
1161650 2502.5
1161660 2502.5
1161670 2503.3
1161680 2503.3
1161690 2503.3
1161700 2503.3
1161710 2502.8
1161720 2500.8
1161730 2500.8
1161740 2493.2
1161750 2482.1
1161760 2482.1
1161770 2472.6
1161780 2463.4
1161790 2463.4
1161800 2455.1
1161810 2445.6
1161820 2445.6
1161830 2436.2
1161840 2429.4
1161850 2429.4
1161860 2426.9
1161870 2425.8
1161880 2425.8
1161890 2422.5
1161900 2414.8
1161910 2405.8
1161920 2405.8
1161930 2396.0
1161940 2380.4
1161950 2380.4
1161960 2355.4
1161970 2343.9
1161980 2343.9
1161990 2330.3
1162000 2319.9
1162010 2319.9
1162020 2312.6
1162030 2306.0
1162040 2306.0
1162050 2300.3
1162060 2296.7
1162070 2296.7
1162080 2294.6
1162090 2294.8
1162100 2294.8
1162110 2293.4
1162120 2289.1
1162130 2283.6
1162140 2283.6
1162150 2278.1
1162160 2272.4
1162170 2272.4
1162180 2267.0
1162190 2263.0
1162200 2263.0
1162210 2259.0
1162220 2254.7
1162230 2254.7
1162240 2250.7
1162250 2246.1
1162260 2246.1
1162270 2241.8
1162280 2238.6
1162290 2238.6
1162300 2235.2
1162310 2231.5
1162320 2231.5
1162330 2227.2
1162340 2222.3
1162350 2217.1
1162360 2217.5
1162370 2214.2
1162380 2211.8
1162390 2211.8
1162400 2210.4
1162410 2209.7
1162420 2209.7
1162430 2208.4
1162440 2207.6
1162450 2207.6
1162460 2207.3
1162470 2207.0
1162480 2207.0
1162490 2207.4
1162500 2208.6
1162510 2208.6
1162520 2210.3
1162530 2212.4
1162540 2212.4
1162550 2214.2
1162560 2216.6
1162570 2219.5
1162580 2219.5
1162590 2222.0
1162600 2222.9
1162610 2222.9
1162620 2223.5
1162630 2226.3
1162640 2226.3
1162650 2231.6
1162660 2238.7
1162670 2238.7
1162680 2245.3
1162690 2249.8
1162700 2249.8
1162710 2251.6
1162720 2251.8
1162730 2251.8
1162740 2253.7
1162750 2256.1
1162760 2258.7
1162770 2258.7
1162780 2263.3
1162790 2267.4
1162800 2267.4
1162810 2273.5
1162820 2278.6
1162830 2278.6
1162840 2283.0
1162850 2287.3
1162860 2287.3
1162870 2291.7
1162880 2294.5
1162890 2294.5
1162900 2297.6
1162910 2301.7
1162920 2301.7
1162930 2307.9
1162940 2314.9
1162950 2314.9
1162960 2329.0
1162970 2343.9
1162980 2359.0
1162990 2359.0
1163000 2372.3
1163010 2377.2
1163020 2377.2
1163030 2385.2
1163040 2391.5
1163050 2391.5
1163060 2396.0
1163070 2399.2
1163080 2399.2
1163090 2401.5
1163100 2404.2
1163110 2404.2
1163120 2405.2
1163130 2404.3
1163140 2404.3
1163150 2407.9
1163160 2409.1
1163170 2409.1
1163180 2409.8
1163190 2411.0
1163200 2414.1
1163210 2414.1
1163220 2417.5
1163230 2421.0
1163240 2421.0
1163250 2422.3
1163260 2421.3
1163270 2421.3
1163280 2420.2
1163290 2419.0
1163300 2419.0
1163310 2418.5
1163320 2418.2
1163330 2418.2
1163340 2417.7
1163350 2416.6
1163360 2416.6
1163370 2418.2
1163380 2420.3
1163390 2420.3
1163400 2420.3
1163410 2421.8
1163420 2423.3
1163430 2423.3
1163440 2424.3
1163450 2425.4
1163460 2425.4
1163470 2428.2
1163480 2432.1
1163490 2432.1
1163500 2434.8
1163510 2435.7
1163520 2435.7
1163530 2435.9
1163540 2428.6
1163550 2428.6
1163560 2428.2
1163570 2428.3
1163580 2428.3
1163590 2427.8
1163600 2427.2
1163610 2427.2
1163620 2426.7
1163630 2425.9
1163640 2426.1
1163650 2426.1
1163660 2426.6
1163670 2427.4
1163680 2427.4
1163690 2428.7
1163700 2430.1
1163710 2430.1
1163720 2431.2
1163730 2432.2
1163740 2432.2
1163750 2433.4
1163760 2434.6
1163770 2434.6
1163780 2436.1
1163790 2437.4
1163800 2437.4
1163810 2438.8
1163820 2440.2
1163830 2442.2
1163840 2442.2
1163850 2444.5
1163860 2446.4
1163870 2446.4
1163880 2449.2
1163890 2452.1
1163900 2452.1
1163910 2454.9
1163920 2457.8
1163930 2457.8
1163940 2462.2
1163950 2465.6
1163960 2465.6
1163970 2469.1
1163980 2472.6
1163990 2472.6
1164000 2476.3
1164010 2480.0
1164020 2480.0
1164030 2484.0
1164040 2488.1
1164050 2492.1
1164060 2492.1
1164070 2496.0
1164080 2500.0
1164090 2500.0
1164100 2504.0
1164110 2507.7
1164120 2507.7
1164130 2511.3
1164140 2515.2
1164150 2515.2
1164160 2519.3
1164170 2523.5
1164180 2523.5
1164190 2527.1
1164200 2530.1
1164210 2530.1
1164220 2534.3
1164230 2538.5
1164240 2538.5
1164250 2541.9
1164260 2545.5
1164270 2550.5
1164280 2550.5
1164290 2556.2
1164300 2561.6
1164310 2561.6
1164320 2567.1
1164330 2576.9
1164340 2576.9
1164350 2582.4
1164360 2588.6
1164370 2588.6
1164380 2595.0
1164390 2601.1
1164400 2601.1
1164410 2607.0
1164420 2612.6
1164430 2612.6
1164440 2618.4
1164450 2623.1
1164460 2623.1
1164470 2627.4
1164480 2632.3
1164490 2636.3
1164500 2636.3
1164510 2638.9
1164520 2641.3
1164530 2641.3
1164540 2643.6
1164550 2646.6
1164560 2646.6
1164570 2649.8
1164580 2651.9
1164590 2651.9
1164600 2653.6
1164610 2654.4
1164620 2654.4
1164630 2657.9
1164640 2661.5
1164650 2661.5
1164660 2664.1
1164670 2666.2
1164680 2666.2
1164690 2667.8
1164700 2669.7
1164710 2671.0
1164720 2671.0
1164730 2679.1
1164740 2680.4
1164750 2680.4
1164760 2681.9
1164770 2683.4
1164780 2683.4
1164790 2684.7
1164800 2685.0
1164810 2685.0
1164820 2685.7
1164830 2686.6
1164840 2686.6
1164850 2688.6
1164860 2691.7
1164870 2691.7
1164880 2694.0
1164890 2697.8
1164900 2706.5
1164910 2706.5
1164920 2713.4
1164930 2717.9
1164940 2717.9
1164950 2725.4
1164960 2732.2
1164970 2732.2
1164980 2739.6
1164990 2750.0
1165000 2750.0
1165010 2761.3
1165020 2769.4
1165030 2769.4
1165040 2775.8
1165050 2779.8
1165060 2779.8
1165070 2782.1
1165080 2784.5
1165090 2784.5
1165100 2787.8
1165110 2791.2
1165120 2802.2
1165130 2802.2
1165140 2805.1
1165150 2805.5
1165160 2805.5
1165170 2807.1
1165180 2810.2
1165190 2810.2
1165200 2814.3
1165210 2820.7
1165220 2820.7
1165230 2826.9
1165240 2832.1
1165250 2832.1
1165260 2838.5
1165270 2846.5
1165280 2846.5
1165290 2855.4
1165300 2864.8
1165310 2864.8
1165320 2875.5
1165330 2887.5
1165340 2896.3
1165350 2896.3
1165360 2904.0
1165370 2909.5
1165380 2909.5
1165390 2915.4
1165400 2921.9
1165410 2921.9
1165420 2928.3
1165430 2935.9
1165440 2935.9
1165450 2945.7
1165460 2955.2
1165470 2955.2
1165480 2964.8
1165490 2974.2
1165500 2974.2
1165510 2981.8
1165520 2994.0
1165530 2994.0
1165540 2997.5
1165550 2987.2
1165560 2970.2
1165570 2970.2
1165580 2959.0
1165590 2945.1
1165600 2945.1
1165610 2931.5
1165620 2921.2
1165630 2921.2
1165640 2913.2
1165650 2907.2
1165660 2907.2
1165670 2901.1
1165680 2894.4
1165690 2894.4
1165700 2888.0
1165710 2881.7
1165720 2881.7
1165730 2875.3
1165740 2869.1
1165750 2869.1
1165760 2862.3
1165770 2856.9
1165780 2854.9
1165790 2854.9
1165800 2854.3
1165810 2856.6
1165820 2856.6
1165830 2858.0
1165840 2858.3
1165850 2858.3
1165860 2858.9
1165870 2851.2
1165880 2851.2
1165890 2840.8
1165900 2831.9
1165910 2831.9
1165920 2818.2
1165930 2808.1
1165940 2808.1
1165950 2797.6
1165960 2786.3
1165970 2778.4
1165980 2778.4
1165990 2770.6
1166000 2762.3
1166010 2762.3
1166020 2754.6
1166030 2748.6
1166040 2748.6
1166050 2745.5
1166060 2744.4
1166070 2744.4
1166080 2742.7
1166090 2740.5
1166100 2740.5
1166110 2737.8
1166120 2735.9
1166130 2735.9
1166140 2733.0
1166150 2730.1
1166160 2730.1
1166170 2728.9
1166180 2727.0
1166190 2726.6
1166200 2726.6
1166210 2727.1
1166220 2727.1
1166230 2727.1
1166240 2727.8
1166250 2728.9
1166260 2728.9
1166270 2731.9
1166280 2735.7
1166290 2735.7
1166300 2741.2
1166310 2747.1
1166320 2740.9
1166330 2745.9
1166340 2751.0
1166350 2751.0
1166360 2754.6
1166370 2755.6
1166380 2755.6
1166390 2755.2
1166400 2756.2
1166410 2759.5
1166420 2759.5
1166430 2763.7
1166440 2764.1
1166450 2764.1
1166460 2765.5
1166470 2767.6
1166480 2767.6
1166490 2770.5
1166500 2774.0
1166510 2774.0
1166520 2773.5
1166530 2767.8
1166540 2767.8
1166550 2762.9
1166560 2758.7
1166570 2758.7
1166580 2754.0
1166590 2750.6
1166600 2750.6
1166610 2747.0
1166620 2740.3
1166630 2731.8
1166640 2731.8
1166650 2727.5
1166660 2724.8
1166670 2724.8
1166680 2723.4
1166690 2725.3
1166700 2725.3
1166710 2721.6
1166720 2724.9
1166730 2724.9
1166740 2728.1
1166750 2730.6
1166760 2730.6
1166770 2732.9
1166780 2735.9
1166790 2735.9
1166800 2738.8
1166810 2737.2
1166820 2737.2
1166830 2731.9
1166840 2727.3
1166850 2723.5
1166860 2723.5
1166870 2721.2
1166880 2720.5
1166890 2720.5
1166900 2723.7
1166910 2722.9
1166920 2722.9
1166930 2718.5
1166940 2712.0
1166950 2712.0
1166960 2705.1
1166970 2698.2
1166980 2698.2
1166990 2691.1
1167000 2684.8
1167010 2684.8
1167020 2680.2
1167030 2676.6
1167040 2673.5
1167050 2673.5
1167060 2671.3
1167070 2671.1
1167080 2671.1
1167090 2670.4
1167100 2671.1
1167110 2662.0
1167120 2663.9
1167130 2665.3
1167140 2665.3
1167150 2665.0
1167160 2660.5
1167170 2660.5
1167180 2653.1
1167190 2645.3
1167200 2645.3
1167210 2639.1
1167220 2634.7
1167230 2634.7
1167240 2632.4
1167250 2628.2
1167260 2622.3
1167270 2622.3
1167280 2618.1
1167290 2615.0
1167300 2615.0
1167310 2612.7
1167320 2611.0
1167330 2611.0
1167340 2609.1
1167350 2607.0
1167360 2607.0
1167370 2605.1
1167380 2603.4
1167390 2603.4
1167400 2602.0
1167410 2600.9
1167420 2600.9
1167430 2600.1
1167440 2599.9
1167450 2599.9
1167460 2599.8
1167470 2600.5
1167480 2600.1
1167490 2600.1
1167500 2598.9
1167510 2592.0
1167520 2592.0
1167530 2593.3
1167540 2594.3
1167550 2594.3
1167560 2595.3
1167570 2597.2
1167580 2597.2
1167590 2600.5
1167600 2604.9
1167610 2604.9
1167620 2609.1
1167630 2612.5
1167640 2612.5
1167650 2615.9
1167660 2625.6
1167670 2625.6
1167680 2634.5
1167690 2638.1
1167700 2638.0
1167710 2638.0
1167720 2635.0
1167730 2631.5
1167740 2631.5
1167750 2630.3
1167760 2628.9
1167770 2628.9
1167780 2626.6
1167790 2626.0
1167800 2626.0
1167810 2626.5
1167820 2626.2
1167830 2626.2
1167840 2624.9
1167850 2623.0
1167860 2623.0
1167870 2620.0
1167880 2615.3
1167890 2615.3
1167900 2613.6
1167910 2606.7
1167920 2606.7
1167930 2606.7
1167940 2606.6
1167950 2606.6
1167960 2606.6
1167970 2607.2
1167980 2609.3
1167990 2609.3
1168000 2612.0
1168010 2614.4
1168020 2614.4
1168030 2616.9
1168040 2619.1
1168050 2619.1
1168060 2621.1
1168070 2622.6
1168080 2622.6
1168090 2624.8
1168100 2628.0
1168110 2631.5
1168120 2631.5
1168130 2634.9
1168140 2638.2
1168150 2638.2
1168160 2641.1
1168170 2644.2
1168180 2644.2
1168190 2647.0
1168200 2650.2
1168210 2650.2
1168220 2653.6
1168230 2656.6
1168240 2656.6
1168250 2659.2
1168260 2662.5
1168270 2662.5
1168280 2668.2
1168290 2672.1
1168300 2672.1
1168310 2669.5
1168320 2676.8
1168330 2684.4
1168340 2684.4
1168350 2688.1
1168360 2685.8
1168370 2685.8
1168380 2679.5
1168390 2673.1
1168400 2673.1
1168410 2666.6
1168420 2659.5
1168430 2659.5
1168440 2651.6
1168450 2644.3
1168460 2644.3
1168470 2637.6
1168480 2631.4
1168490 2631.4
1168500 2625.0
1168510 2619.9
1168520 2619.9
1168530 2614.7
1168540 2609.7
1168550 2605.4
1168560 2605.4
1168570 2603.1
1168580 2602.6
1168590 2602.6
1168600 2601.3
1168610 2599.2
1168620 2599.2
1168630 2596.7
1168640 2594.3
1168650 2594.3
1168660 2592.2
1168670 2589.8
1168680 2589.8
1168690 2587.0
1168700 2584.1
1168710 2584.7
1168720 2581.9
1168730 2580.0
1168740 2580.0
1168750 2578.4
1168760 2576.8
1168770 2575.8
1168780 2575.8
1168790 2575.0
1168800 2573.7
1168810 2573.7
1168820 2572.2
1168830 2570.8
1168840 2570.8
1168850 2569.5
1168860 2568.1
1168870 2568.1
1168880 2567.2
1168890 2567.2
1168900 2567.2
1168910 2566.6
1168920 2563.9
1168930 2563.9
1168940 2559.7
1168950 2555.4
1168960 2555.4
1168970 2551.5
1168980 2548.4
1168990 2545.7
1169000 2545.7
1169010 2543.5
1169020 2543.7
1169030 2543.7
1169040 2544.9
1169050 2543.8
1169060 2543.8
1169070 2539.6
1169080 2534.2
1169090 2534.2
1169100 2528.6
1169110 2524.9
1169120 2524.9
1169130 2523.0
1169140 2521.6
1169150 2521.6
1169160 2520.4
1169170 2519.4
1169180 2519.0
1169190 2519.0
1169200 2518.9
1169210 2518.6
1169220 2518.6
1169230 2517.5
1169240 2515.6
1169250 2515.6
1169260 2512.9
1169270 2509.9
1169280 2509.9
1169290 2507.6
1169300 2506.2
1169310 2506.2
1169320 2504.8
1169330 2503.6
1169340 2503.6
1169350 2502.7
1169360 2501.9
1169370 2501.9
1169380 2501.0
1169390 2499.9
1169400 2499.0
1169410 2499.0
1169420 2498.0
1169430 2497.0
1169440 2497.0
1169450 2496.5
1169460 2495.9
1169470 2495.9
1169480 2495.0
1169490 2493.9
1169500 2493.9
1169510 2493.1
1169520 2498.4
1169530 2498.4
1169540 2499.5
1169550 2500.7
1169560 2500.7
1169570 2500.9
1169580 2499.3
1169590 2499.3
1169600 2496.7
1169610 2495.2
1169620 2493.5
1169630 2493.5
1169640 2491.5
1169650 2488.3
1169660 2488.3
1169670 2482.9
1169680 2480.2
1169690 2480.2
1169700 2479.6
1169710 2479.8
1169720 2479.8
1169730 2480.8
1169740 2480.9
1169750 2480.9
1169760 2480.4
1169770 2480.9
1169780 2480.9
1169790 2481.2
1169800 2481.1
1169810 2481.1
1169820 2480.7
1169830 2481.4
1169840 2483.0
1169850 2483.0
1169860 2485.6
1169870 2485.8
1169880 2485.8
1169890 2486.0
1169900 2486.4
1169910 2486.4
1169920 2490.2
1169930 2491.8
1169940 2491.8
1169950 2493.5
1169960 2494.4
1169970 2494.4
1169980 2496.0
1169990 2497.2
1170000 2497.2
1170010 2497.5
1170020 2498.6
1170030 2498.6
1170040 2499.1
1170050 2500.5
1170060 2503.5
1170070 2503.5
1170080 2504.7
1170090 2505.3
1170100 2505.3
1170110 2505.9
1170120 2505.5
1170130 2505.5
1170140 2503.4
1170150 2501.1
1170160 2501.1
1170170 2500.2
1170180 2499.1
1170190 2499.1
1170200 2499.5
1170210 2499.1
1170220 2499.1
1170230 2497.2
1170240 2494.3
1170250 2492.5
1170260 2492.5
1170270 2491.9
1170280 2493.0
1170290 2493.0
1170300 2494.2
1170310 2495.1
1170320 2498.4
1170330 2498.7
1170340 2497.9
1170350 2497.9
1170360 2495.0
1170370 2491.8
1170380 2491.8
1170390 2491.8
1170400 2492.2
1170410 2492.2
1170420 2490.8
1170430 2490.0
1170440 2490.0
1170450 2489.7
1170460 2487.4
1170470 2484.9
1170480 2484.9
1170490 2485.1
1170500 2484.2
1170510 2484.2
1170520 2483.6
1170530 2483.5
1170540 2483.5
1170550 2483.5
1170560 2483.7
1170570 2483.7
1170580 2484.5
1170590 2485.8
1170600 2485.8
1170610 2487.2
1170620 2488.3
1170630 2488.3
1170640 2489.4
1170650 2490.1
1170660 2490.1
1170670 2490.1
1170680 2490.6
1170690 2490.7
1170700 2490.7
1170710 2490.0
1170720 2490.1
1170730 2495.9
1170740 2496.4
1170750 2497.0
1170760 2497.0
1170770 2497.7
1170780 2499.9
1170790 2499.9
1170800 2501.6
1170810 2501.8
1170820 2501.8
1170830 2501.3
1170840 2501.5
1170850 2501.5
1170860 2501.5
1170870 2502.0
1170880 2502.0
1170890 2504.7
1170900 2508.3
1170910 2510.3
1170920 2510.3
1170930 2512.7
1170940 2514.2
1170950 2514.2
1170960 2513.9
1170970 2513.7
1170980 2513.7
1170990 2513.9
1171000 2514.8
1171010 2514.8
1171020 2515.6
1171030 2516.2
1171040 2516.2
1171050 2515.6
1171060 2516.4
1171070 2516.4
1171080 2517.5
1171090 2517.5
1171100 2517.5
1171110 2517.2
1171120 2516.9
1171130 2524.9
1171140 2524.9
1171150 2523.8
1171160 2521.8
1171170 2521.8
1171180 2520.7
1171190 2519.4
1171200 2519.4
1171210 2518.1
1171220 2517.1
1171230 2517.1
1171240 2515.9
1171250 2514.4
1171260 2514.4
1171270 2512.9
1171280 2511.0
1171290 2511.0
1171300 2507.7
1171310 2501.6
1171320 2499.6
1171330 2499.6
1171340 2499.7
1171350 2495.5
1171360 2495.5
1171370 2492.5
1171380 2491.9
1171390 2491.9
1171400 2490.6
1171410 2489.1
1171420 2489.1
1171430 2486.9
1171440 2485.1
1171450 2485.1
1171460 2481.2
1171470 2473.2
1171480 2473.2
1171490 2464.6
1171500 2455.9
1171510 2455.9
1171520 2446.0
1171530 2439.8
1171540 2432.1
1171550 2432.1
1171560 2423.0
1171570 2410.2
1171580 2410.2
1171590 2397.8
1171600 2388.9
1171610 2388.9
1171620 2382.9
1171630 2377.1
1171640 2377.1
1171650 2370.9
1171660 2364.9
1171670 2364.9
1171680 2359.5
1171690 2354.2
1171700 2354.2
1171710 2349.2
1171720 2345.1
1171730 2345.1
1171740 2340.9
1171750 2336.8
1171760 2332.4
1171770 2332.4
1171780 2328.3
1171790 2324.5
1171800 2324.5
1171810 2320.8
1171820 2317.5
1171830 2317.5
1171840 2314.0
1171850 2310.6
1171860 2310.6
1171870 2307.2
1171880 2304.1
1171890 2304.1
1171900 2300.9
1171910 2298.1
1171920 2298.1
1171930 2295.6
1171940 2295.6
1171950 2295.6
1171960 2293.1
1171970 2295.4
1171980 2300.4
1171990 2300.4
1172000 2299.4
1172010 2296.4
1172020 2296.4
1172030 2294.3
1172040 2293.4
1172050 2293.4
1172060 2292.0
1172070 2291.8
1172080 2291.8
1172090 2292.3
1172100 2292.7
1172110 2292.7
1172120 2295.8
1172130 2300.5
1172140 2300.5
1172150 2305.5
1172160 2311.4
1172170 2311.4
1172180 2316.6
1172190 2321.8
1172200 2327.3
1172210 2327.3
1172220 2331.0
1172230 2331.7
1172240 2331.7
1172250 2332.9
1172260 2336.5
1172270 2336.5
1172280 2339.8
1172290 2341.7
1172300 2341.7
1172310 2342.0
1172320 2340.7
1172330 2340.7
1172340 2338.0
1172350 2341.1
1172360 2341.1
1172370 2338.2
1172380 2334.7
1172390 2331.9
1172400 2331.9
1172410 2329.8
1172420 2327.9
1172430 2327.9
1172440 2325.8
1172450 2313.8
1172460 2313.8
1172470 2300.3
1172480 2293.3
1172490 2293.3
1172500 2287.8
1172510 2283.6
1172520 2283.6
1172530 2280.7
1172540 2277.4
1172550 2277.4
1172560 2275.4
1172570 2272.8
1172580 2272.8
1172590 2269.4
1172600 2268.2
1172610 2266.5
1172620 2266.5
1172630 2264.9
1172640 2262.3
1172650 2262.3
1172660 2259.2
1172670 2257.4
1172680 2257.4
1172690 2257.3
1172700 2257.0
1172710 2257.0
1172720 2256.7
1172730 2256.9
1172740 2256.9
1172750 2259.1
1172760 2257.8
1172770 2257.8
1172780 2258.7
1172790 2261.1
1172800 2261.1
1172810 2264.0
1172820 2265.7
1172830 2267.7
1172840 2267.7
1172850 2269.5
1172860 2271.5
1172870 2271.5
1172880 2273.4
1172890 2275.1
1172900 2275.1
1172910 2276.1
1172920 2276.3
1172930 2276.3
1172940 2275.7
1172950 2269.3
1172960 2269.3
1172970 2260.4
1172980 2255.4
1172990 2255.4
1173000 2251.8
1173010 2248.2
1173020 2248.2
1173030 2245.5
1173040 2244.0
1173050 2243.6
1173060 2243.6
1173070 2242.4
1173080 2241.6
1173090 2241.6
1173100 2242.0
1173110 2242.9
1173120 2242.9
1173130 2240.5
1173140 2230.4
1173150 2230.4
1173160 2203.7
1173170 2198.3
1173180 2198.3
1173190 2192.4
1173200 2178.0
1173210 2178.0
1173220 2166.0
1173230 2158.0
1173240 2158.0
1173250 2152.6
1173260 2143.7
1173270 2136.5
1173280 2136.5
1173290 2129.8
1173300 2121.0
1173310 2121.0
1173320 2115.2
1173330 2113.9
1173340 2113.9
1173350 2106.4
1173360 2095.9
1173370 2095.9
1173380 2091.6
1173390 2083.8
1173400 2083.8
1173410 2074.7
1173420 2071.5
1173430 2071.5
1173440 2070.5
1173450 2071.9
1173460 2064.9
1173470 2064.9
1173480 2054.6
1173490 2045.9
1173500 2045.9
1173510 2049.4
1173520 2046.9
1173530 2046.9
1173540 2037.4
1173550 2032.4
1173560 2020.3
1173570 2015.1
1173580 2010.4
1173590 2010.4
1173600 2005.3
1173610 2005.9
1173620 2005.9
1173630 2004.8
1173640 2001.5
1173650 2001.5
1173660 1997.8
1173670 1989.4
1173680 1984.0
1173690 1984.0
1173700 1978.1
1173710 1974.4
1173720 1974.4
1173730 1972.7
1173740 1971.0
1173750 1971.0
1173760 1966.5
1173770 1961.8
1173780 1961.8
1173790 1957.4
1173800 1952.9
1173810 1952.9
1173820 1945.4
1173830 1933.8
1173840 1933.8
1173850 1925.3
1173860 1919.2
1173870 1919.2
1173880 1916.7
1173890 1914.2
1173900 1911.6
1173910 1911.6
1173920 1909.1
1173930 1906.4
1173940 1906.4
1173950 1903.8
1173960 1901.1
1173970 1902.1
1173980 1898.8
1173990 1895.8
1174000 1895.8
1174010 1892.3
1174020 1885.9
1174030 1885.9
1174040 1878.0
1174050 1869.0
1174060 1869.0
1174070 1860.7
1174080 1858.3
1174090 1858.3
1174100 1860.4
1174110 1864.0
1174120 1866.5
1174130 1866.5
1174140 1869.5
1174150 1872.7
1174160 1872.7
1174170 1876.2
1174180 1878.5
1174190 1878.5
1174200 1880.9
1174210 1883.2
1174220 1883.2
1174230 1885.2
1174240 1889.8
1174250 1889.8
1174260 1895.2
1174270 1895.1
1174280 1895.1
1174290 1896.9
1174300 1899.0
1174310 1899.1
1174320 1899.1
1174330 1900.8
1174340 1903.7
1174350 1903.7
1174360 1905.0
1174370 1907.8
1174380 1904.4
1174390 1908.3
1174400 1911.3
1174410 1911.3
1174420 1914.3
1174430 1915.4
1174440 1915.4
1174450 1917.1
1174460 1918.3
1174470 1918.3
1174480 1918.3
1174490 1917.3
1174500 1917.3
1174510 1916.1
1174520 1914.1
1174530 1912.8
1174540 1912.8
1174550 1911.5
1174560 1910.4
1174570 1910.4
1174580 1910.7
1174590 1910.9
1174600 1910.9
1174610 1910.6
1174620 1911.2
1174630 1911.2
1174640 1912.0
1174650 1912.0
1174660 1912.0
1174670 1911.7
1174680 1910.8
1174690 1910.8
1174700 1908.3
1174710 1905.5
1174720 1905.5
1174730 1905.0
1174740 1906.8
1174750 1907.3
1174760 1907.3
1174770 1907.3
1174780 1908.3
1174790 1904.1
1174800 1903.0
1174810 1902.1
1174820 1902.1
1174830 1900.5
1174840 1898.1
1174850 1898.1
1174860 1895.6
1174870 1893.7
1174880 1893.7
1174890 1889.2
1174900 1884.2
1174910 1884.2
1174920 1882.0
1174930 1880.3
1174940 1880.3
1174950 1878.1
1174960 1880.2
1174970 1882.3
1174980 1882.3
1174990 1884.6
1175000 1883.4
1175010 1883.4
1175020 1882.1
1175030 1879.5
1175040 1879.5
1175050 1874.4
1175060 1867.4
1175070 1867.4
1175080 1859.5
1175090 1851.9
1175100 1851.9
1175110 1845.3
1175120 1841.7
1175130 1841.7
1175140 1841.5
1175150 1841.6
1175160 1841.6
1175170 1840.6
1175180 1837.1
1175190 1833.0
1175200 1826.4
1175210 1820.2
1175220 1815.4
1175230 1815.4
1175240 1814.0
1175250 1811.1
1175260 1811.1
1175270 1806.6
1175280 1802.6
1175290 1802.6
1175300 1797.5
1175310 1791.4
1175320 1791.4
1175330 1784.0
1175340 1777.4
1175350 1777.4
1175360 1771.3
1175370 1765.1
1175380 1758.2
1175390 1758.2
1175400 1752.7
1175410 1746.9
1175420 1746.9
1175430 1740.6
1175440 1733.5
1175450 1733.5
1175460 1726.8
1175470 1720.6
1175480 1720.6
1175490 1714.0
1175500 1707.1
1175510 1707.1
1175520 1701.7
1175530 1695.7
1175540 1695.7
1175550 1690.0
1175560 1684.8
1175570 1684.8
1175580 1679.6
1175590 1675.3
1175600 1671.3
1175610 1669.1
1175620 1665.3
1175630 1660.8
1175640 1660.8
1175650 1657.9
1175660 1657.4
1175670 1657.4
1175680 1654.1
1175690 1652.4
1175700 1652.4
1175710 1652.6
1175720 1656.0
1175730 1656.0
1175740 1659.9
1175750 1662.8
1175760 1662.8
1175770 1664.4
1175780 1667.5
1175790 1667.5
1175800 1669.4
1175810 1665.1
1175820 1661.8
1175830 1661.8
1175840 1658.8
1175850 1655.8
1175860 1655.8
1175870 1652.2
1175880 1649.0
1175890 1649.0
1175900 1646.4
1175910 1641.8
1175920 1641.8
1175930 1636.3
1175940 1631.1
1175950 1631.1
1175960 1624.4
1175970 1619.2
1175980 1619.2
1175990 1616.3
1176000 1612.7
1176010 1612.7
1176020 1604.9
1176030 1601.5
1176040 1598.2
1176050 1598.2
1176060 1595.3
1176070 1592.6
1176080 1592.6
1176090 1589.7
1176100 1584.7
1176110 1584.7
1176120 1580.6
1176130 1574.8
1176140 1574.8
1176150 1570.5
1176160 1568.3
1176170 1568.3
1176180 1566.1
1176190 1562.2
1176200 1562.2
1176210 1559.0
1176220 1557.2
1176230 1557.2
1176240 1554.9
1176250 1552.1
1176260 1548.8
1176270 1548.8
1176280 1546.3
1176290 1543.7
1176300 1543.7
1176310 1543.4
1176320 1542.9
1176330 1542.9
1176340 1537.7
1176350 1530.7
1176360 1530.7
1176370 1524.3
1176380 1520.3
1176390 1520.3
1176400 1516.5
1176410 1513.3
1176420 1513.3
1176430 1507.1
1176440 1504.1
1176450 1500.6
1176460 1500.6
1176470 1497.1
1176480 1494.5
1176490 1494.5
1176500 1493.2
1176510 1492.3
1176520 1492.3
1176530 1490.8
1176540 1489.1
1176550 1489.1
1176560 1487.4
1176570 1486.2
1176580 1486.2
1176590 1485.0
1176600 1484.0
1176610 1484.0
1176620 1483.6
1176630 1485.7
1176640 1485.7
1176650 1487.1
1176660 1488.6
1176670 1490.3
1176680 1490.3
1176690 1485.9
1176700 1478.3
1176710 1478.3
1176720 1471.2
1176730 1463.5
1176740 1463.5
1176750 1455.3
1176760 1449.0
1176770 1449.0
1176780 1444.6
1176790 1439.9
1176800 1439.9
1176810 1434.5
1176820 1428.6
1176830 1428.6
1176840 1424.5
1176850 1422.0
1176860 1422.0
1176870 1420.7
1176880 1421.3
1176890 1420.5
1176900 1420.5
1176910 1418.6
1176920 1416.3
1176930 1416.3
1176940 1412.0
1176950 1409.0
1176960 1409.0
1176970 1406.7
1176980 1404.7
1176990 1404.7
1177000 1402.6
1177010 1400.8
1177020 1400.8
1177030 1399.2
1177040 1398.0
1177050 1398.0
1177060 1396.6
1177070 1395.7
1177080 1395.7
1177090 1393.8
1177100 1392.5
1177110 1391.4
1177120 1391.4
1177130 1390.2
1177140 1390.0
1177150 1390.0
1177160 1389.7
1177170 1388.8
1177180 1388.8
1177190 1387.7
1177200 1385.6
1177210 1385.6
1177220 1383.9
1177230 1382.6
1177240 1382.6
1177250 1379.4
1177260 1378.5
1177270 1378.5
1177280 1377.5
1177290 1376.4
1177300 1376.4
1177310 1375.4
1177320 1375.2
1177330 1375.4
1177340 1375.4
1177350 1377.8
1177360 1381.2
1177370 1381.2
1177380 1384.1
1177390 1386.7
1177400 1386.7
1177410 1389.8
1177420 1392.7
1177430 1392.7
1177440 1398.8
1177450 1406.3
1177460 1406.3
1177470 1412.8
1177480 1419.4
1177490 1419.4
1177500 1426.3
1177510 1433.0
1177520 1439.1
1177530 1439.1
1177540 1445.1
1177550 1452.8
1177560 1452.8
1177570 1461.2
1177580 1468.0
1177590 1468.0
1177600 1470.9
1177610 1471.2
1177620 1471.2
1177630 1471.1
1177640 1473.6
1177650 1473.6
1177660 1476.8
1177670 1473.8
1177680 1473.8
1177690 1477.7
1177700 1481.5
1177710 1481.5
1177720 1485.7
1177730 1490.3
1177740 1495.1
1177750 1495.1
1177760 1500.9
1177770 1508.4
1177780 1508.4
1177790 1516.0
1177800 1522.4
1177810 1522.4
1177820 1529.9
1177830 1536.4
1177840 1536.4
1177850 1542.4
1177860 1548.0
1177870 1548.0
1177880 1554.0
1177890 1560.9
1177900 1560.9
1177910 1567.1
1177920 1572.8
1177930 1572.8
1177940 1577.2
1177950 1582.1
1177960 1587.2
1177970 1587.2
1177980 1593.3
1177990 1599.6
1178000 1599.6
1178010 1605.1
1178020 1611.1
1178030 1611.1
1178040 1617.4
1178050 1624.0
1178060 1624.0
1178070 1633.6
1178080 1629.8
1178090 1629.8
1178100 1637.9
1178110 1647.0
1178120 1647.0
1178130 1658.1
1178140 1671.1
1178150 1671.1
1178160 1682.5
1178170 1693.2
1178180 1703.6
1178190 1703.6
1178200 1711.5
1178210 1717.8
1178220 1717.8
1178230 1724.4
1178240 1730.1
1178250 1730.1
1178260 1735.5
1178270 1739.4
1178280 1739.4
1178290 1742.7
1178300 1746.0
1178310 1746.0
1178320 1748.3
1178330 1753.8
1178340 1753.8
1178350 1758.6
1178360 1761.6
1178370 1764.5
1178380 1764.5
1178390 1767.7
1178400 1771.6
1178410 1771.6
1178420 1774.4
1178430 1776.4
1178440 1776.4
1178450 1779.3
1178460 1782.0
1178470 1782.0
1178480 1783.0
1178490 1779.3
1178500 1779.3
1178510 1780.9
1178520 1783.3
1178530 1783.3
1178540 1785.1
1178550 1786.0
1178560 1786.0
1178570 1786.3
1178580 1785.8
1178590 1783.8
1178600 1783.8
1178610 1781.7
1178620 1778.9
1178630 1778.9
1178640 1776.0
1178650 1773.4
1178660 1773.4
1178670 1770.4
1178680 1768.0
1178690 1768.0
1178700 1765.9
1178710 1763.8
1178720 1763.8
1178730 1761.6
1178740 1759.4
1178750 1759.4
1178760 1757.5
1178770 1756.3
1178780 1756.3
1178790 1754.8
1178800 1752.9
1178810 1751.2
1178820 1751.2
1178830 1749.8
1178840 1748.9
1178850 1748.9
1178860 1747.5
1178870 1746.1
1178880 1746.1
1178890 1744.5
1178900 1742.1
1178910 1740.6
1178920 1737.9
1178930 1734.9
1178940 1734.9
1178950 1731.5
1178960 1727.7
1178970 1727.7
1178980 1724.0
1178990 1719.6
1179000 1719.6
1179010 1714.6
1179020 1708.9
1179030 1702.4
1179040 1702.4
1179050 1695.3
1179060 1687.9
1179070 1687.9
1179080 1680.9
1179090 1673.9
1179100 1673.9
1179110 1667.0
1179120 1660.3
1179130 1660.3
1179140 1654.8
1179150 1649.4
1179160 1649.4
1179170 1642.4
1179180 1635.8
1179190 1635.8
1179200 1629.9
1179210 1624.3
1179220 1624.3
1179230 1620.1
1179240 1617.6
1179250 1615.7
1179260 1615.7
1179270 1614.1
1179280 1612.3
1179290 1612.3
1179300 1609.5
1179310 1604.7
1179320 1592.1
1179330 1586.0
1179340 1581.1
1179350 1581.1
1179360 1577.5
1179370 1575.6
1179380 1575.6
1179390 1571.0
1179400 1568.8
1179410 1568.8
1179420 1561.7
1179430 1554.5
1179440 1548.8
1179450 1548.8
1179460 1541.3
1179470 1533.4
1179480 1533.4
1179490 1525.6
1179500 1516.4
1179510 1516.4
1179520 1507.3
1179530 1498.1
1179540 1498.1
1179550 1490.7
1179560 1484.8
1179570 1484.8
1179580 1478.4
1179590 1471.4
1179600 1471.4
1179610 1464.8
1179620 1457.9
1179630 1457.9
1179640 1451.0
1179650 1444.6
1179660 1439.6
1179670 1439.6
1179680 1434.9
1179690 1429.9
1179700 1429.9
1179710 1424.6
1179720 1418.7
1179730 1418.7
1179740 1409.0
1179750 1402.7
1179760 1402.7
1179770 1396.5
1179780 1389.4
1179790 1389.4
1179800 1381.8
1179810 1374.5
1179820 1374.5
1179830 1364.8
1179840 1354.2
1179850 1354.2
1179860 1341.8
1179870 1328.2
1179880 1317.7
1179890 1317.7
1179900 1307.8
1179910 1294.8
1179920 1294.8
1179930 1280.4
1179940 1277.5
1179950 1277.5
1179960 1277.4
1179970 1275.4
1179980 1275.4
1179990 1271.3
