1160000 2650.1
1160010 2655.6
1160020 2662.5
1160030 2662.5
1160040 2669.9
1160050 2672.3
1160060 2672.3
1160070 2674.4
1160080 2676.6
1160090 2676.6
1160100 2676.0
1160110 2677.7
1160120 2677.7
1160130 2681.7
1160140 2687.2
1160150 2687.2
1160160 2691.3
1160170 2694.4
1160180 2698.7
1160190 2698.7
1160200 2703.6
1160210 2708.0
1160220 2708.0
1160230 2712.7
1160240 2719.4
1160250 2719.4
1160260 2726.1
1160270 2730.4
1160280 2722.6
1160290 2724.8
1160300 2726.6
1160310 2726.6
1160320 2730.2
1160330 2735.0
1160340 2735.0
1160350 2741.3
1160360 2744.6
1160370 2744.6
1160380 2737.5
1160390 2729.8
1160400 2723.4
1160410 2723.4
1160420 2717.8
1160430 2712.1
1160440 2712.1
1160450 2702.9
1160460 2692.7
1160470 2692.7
1160480 2684.4
1160490 2677.2
1160500 2677.2
1160510 2670.6
1160520 2664.7
1160530 2664.7
1160540 2659.9
1160550 2655.6
1160560 2655.6
1160570 2651.8
1160580 2647.7
1160590 2647.7
1160600 2645.3
1160610 2643.9
1160620 2641.7
1160630 2641.7
1160640 2639.3
1160650 2636.3
1160660 2636.3
1160670 2634.8
1160680 2635.8
1160690 2635.8
1160700 2637.6
1160710 2641.1
1160720 2641.1
1160730 2644.7
1160740 2647.6
1160750 2647.6
1160760 2647.9
1160770 2640.9
1160780 2640.9
1160790 2632.3
1160800 2625.2
1160810 2625.2
1160820 2619.3
1160830 2612.4
1160840 2605.1
1160850 2605.1
1160860 2598.2
1160870 2591.6
1160880 2591.6
1160890 2586.1
1160900 2580.2
1160910 2580.2
1160920 2575.1
1160930 2570.5
1160940 2570.5
1160950 2567.9
1160960 2565.2
1160970 2565.2
1160980 2562.4
1160990 2560.9
1161000 2560.9
1161010 2560.2
1161020 2559.5
1161030 2559.1
1161040 2559.1
1161050 2558.8
1161060 2559.3
1161070 2559.3
1161080 2557.0
1161090 2555.5
1161100 2555.5
1161110 2553.4
1161120 2551.6
1161130 2551.6
1161140 2550.3
1161150 2548.8
1161160 2548.8
1161170 2547.7
1161180 2547.1
1161190 2547.1
1161200 2547.3
1161210 2547.7
1161220 2547.7
1161230 2548.1
1161240 2548.1
1161250 2547.2
1161260 2547.2
1161270 2546.1
1161280 2544.5
1161290 2544.5
1161300 2542.9
1161310 2541.5
1161320 2541.5
1161330 2540.0
1161340 2538.1
1161350 2538.1
1161360 2534.8
1161370 2529.1
1161380 2529.1
1161390 2519.5
1161400 2510.8
1161410 2510.8
1161420 2506.0
1161430 2506.1
1161440 2506.1
1161450 2515.8
1161460 2515.6
1161470 2514.6
1161480 2514.6
1161490 2513.3
1161500 2510.6
1161510 2510.6
1161520 2506.6
1161530 2502.5
1161540 2502.5
1161550 2499.6
1161560 2495.9
1161570 2495.9
1161580 2492.3
1161590 2490.2
1161600 2490.2
1161610 2488.3
1161620 2486.9
1161630 2486.9
1161640 2488.1
1161650 2490.1
1161660 2490.1
1161670 2491.5
1161680 2493.5
1161690 2494.9
1161700 2494.9
1161710 2497.0
1161720 2497.1
1161730 2497.1
1161740 2491.0
1161750 2477.9
1161760 2477.9
1161770 2465.7
1161780 2456.4
1161790 2456.4
1161800 2449.8
1161810 2443.4
1161820 2443.4
1161830 2434.5
1161840 2429.4
1161850 2429.4
1161860 2426.9
1161870 2425.8
1161880 2425.8
1161890 2422.5
1161900 2414.8
1161910 2405.8
1161920 2405.8
1161930 2396.0
1161940 2380.4
1161950 2380.4
1161960 2355.4
1161970 2338.6
1161980 2338.6
1161990 2328.9
1162000 2317.2
1162010 2317.2
1162020 2308.7
1162030 2302.8
1162040 2302.8
1162050 2298.0
1162060 2295.1
1162070 2295.1
1162080 2292.9
1162090 2292.8
1162100 2291.3
1162110 2291.3
1162120 2286.7
1162130 2280.9
1162140 2280.9
1162150 2275.5
1162160 2270.3
1162170 2270.3
1162180 2265.1
1162190 2261.8
1162200 2261.8
1162210 2258.9
1162220 2255.1
1162230 2254.7
1162240 2250.7
1162250 2246.1
1162260 2246.1
1162270 2241.8
1162280 2238.6
1162290 2238.6
1162300 2235.2
1162310 2231.5
1162320 2227.2
1162330 2227.2
1162340 2222.3
1162350 2217.1
1162360 2217.1
1162370 2213.5
1162380 2210.7
1162390 2210.7
1162400 2208.6
1162410 2207.7
1162420 2207.7
1162430 2206.7
1162440 2205.2
1162450 2205.2
1162460 2204.9
1162470 2204.8
1162480 2204.8
1162490 2204.8
1162500 2205.9
1162510 2205.9
1162520 2206.8
1162530 2208.2
1162540 2210.6
1162550 2210.6
1162560 2213.3
1162570 2215.9
1162580 2215.9
1162590 2217.7
1162600 2218.0
1162610 2218.0
1162620 2220.0
1162630 2226.3
1162640 2226.3
1162650 2231.6
1162660 2238.7
1162670 2238.7
1162680 2245.3
1162690 2249.8
1162700 2249.8
1162710 2251.6
1162720 2251.8
1162730 2251.8
1162740 2253.7
1162750 2254.1
1162760 2255.9
1162770 2255.9
1162780 2259.9
1162790 2264.9
1162800 2264.9
1162810 2270.3
1162820 2275.0
1162830 2275.0
1162840 2279.2
1162850 2283.4
1162860 2283.4
1162870 2286.7
1162880 2289.1
1162890 2289.1
1162900 2292.7
1162910 2297.3
1162920 2297.3
1162930 2301.2
1162940 2305.0
1162950 2305.0
1162960 2322.5
1162970 2339.5
1162980 2343.6
1162990 2343.6
1163000 2355.9
1163010 2366.9
1163020 2377.2
1163030 2385.2
1163040 2391.5
1163050 2391.5
1163060 2396.0
1163070 2399.2
1163080 2399.2
1163090 2401.5
1163100 2404.2
1163110 2404.2
1163120 2405.2
1163130 2404.3
1163140 2404.3
1163150 2405.7
1163160 2408.0
1163170 2410.1
1163180 2410.1
1163190 2412.8
1163200 2416.7
1163210 2416.7
1163220 2420.5
1163230 2422.9
1163240 2422.9
1163250 2423.4
1163260 2421.9
1163270 2421.9
1163280 2421.8
1163290 2422.1
1163300 2422.1
1163310 2422.0
1163320 2419.7
1163330 2419.7
1163340 2418.0
1163350 2417.1
1163360 2417.1
1163370 2418.8
1163380 2420.7
1163390 2422.0
1163400 2422.0
1163410 2421.8
1163420 2423.3
1163430 2423.3
1163440 2424.3
1163450 2425.4
1163460 2425.4
1163470 2428.2
1163480 2432.1
1163490 2432.1
1163500 2434.8
1163510 2435.7
1163520 2435.7
1163530 2435.9
1163540 2435.7
1163550 2435.7
1163560 2435.2
1163570 2435.0
1163580 2435.0
1163590 2434.8
1163600 2434.1
1163610 2433.3
1163620 2433.3
1163630 2432.6
1163640 2432.6
1163650 2432.6
1163660 2432.9
1163670 2433.5
1163680 2433.5
1163690 2434.5
1163700 2435.5
1163710 2435.5
1163720 2435.7
1163730 2435.6
1163740 2435.6
1163750 2435.7
1163760 2436.0
1163770 2436.0
1163780 2436.8
1163790 2438.1
1163800 2438.1
1163810 2438.8
1163820 2440.2
1163830 2442.2
1163840 2442.2
1163850 2444.5
1163860 2446.4
1163870 2446.4
1163880 2449.2
1163890 2452.1
1163900 2452.1
1163910 2454.9
1163920 2457.8
1163930 2457.8
1163940 2461.0
1163950 2464.2
1163960 2464.2
1163970 2467.7
1163980 2471.0
1163990 2471.0
1164000 2474.4
1164010 2478.1
1164020 2478.1
1164030 2482.1
1164040 2486.0
1164050 2489.7
1164060 2489.7
1164070 2493.3
1164080 2497.5
1164090 2497.5
1164100 2501.0
1164110 2504.0
1164120 2504.0
1164130 2508.1
1164140 2512.4
1164150 2512.4
1164160 2516.3
1164170 2520.0
1164180 2520.0
1164190 2523.3
1164200 2526.8
1164210 2530.1
1164220 2534.3
1164230 2538.5
1164240 2541.9
1164250 2541.9
1164260 2545.5
1164270 2550.5
1164280 2550.5
1164290 2556.2
1164300 2561.6
1164310 2561.6
1164320 2567.1
1164330 2572.4
1164340 2572.4
1164350 2578.2
1164360 2584.0
1164370 2584.0
1164380 2590.4
1164390 2596.6
1164400 2596.6
1164410 2602.8
1164420 2607.6
1164430 2607.6
1164440 2613.2
1164450 2617.7
1164460 2622.0
1164470 2622.0
1164480 2626.3
1164490 2629.8
1164500 2629.8
1164510 2632.2
1164520 2633.9
1164530 2633.9
1164540 2636.2
1164550 2639.3
1164560 2639.3
1164570 2642.4
1164580 2645.2
1164590 2645.2
1164600 2653.6
1164610 2654.4
1164620 2654.4
1164630 2657.9
1164640 2661.5
1164650 2661.5
1164660 2664.1
1164670 2666.2
1164680 2667.8
1164690 2667.8
1164700 2669.7
1164710 2671.0
1164720 2671.0
1164730 2671.5
1164740 2672.4
1164750 2672.4
1164760 2674.2
1164770 2675.5
1164780 2675.5
1164790 2677.0
1164800 2677.1
1164810 2677.1
1164820 2677.7
1164830 2679.0
1164840 2679.0
1164850 2681.4
1164860 2684.6
1164870 2684.6
1164880 2686.3
1164890 2689.7
1164900 2699.6
1164910 2699.6
1164920 2705.5
1164930 2710.8
1164940 2710.8
1164950 2717.9
1164960 2724.7
1164970 2724.7
1164980 2732.6
1164990 2741.1
1165000 2750.0
1165010 2761.3
1165020 2769.4
1165030 2769.4
1165040 2775.8
1165050 2779.8
1165060 2779.8
1165070 2782.1
1165080 2784.5
1165090 2784.5
1165100 2787.8
1165110 2791.2
1165120 2793.7
1165130 2793.7
1165140 2795.7
1165150 2796.7
1165160 2796.7
1165170 2798.6
1165180 2801.4
1165190 2801.4
1165200 2805.5
1165210 2812.3
1165220 2812.3
1165230 2820.4
1165240 2826.0
1165250 2826.0
1165260 2833.8
1165270 2843.4
1165280 2843.4
1165290 2853.8
1165300 2863.1
1165310 2863.1
1165320 2872.4
1165330 2881.3
1165340 2888.9
1165350 2888.9
1165360 2894.3
1165370 2900.0
1165380 2900.0
1165390 2915.4
1165400 2921.9
1165410 2921.9
1165420 2928.3
1165430 2935.9
1165440 2935.9
1165450 2945.7
1165460 2955.2
1165470 2955.2
1165480 2964.8
1165490 2974.2
1165500 2974.2
1165510 2981.8
1165520 2987.8
1165530 2987.3
1165540 2987.3
1165550 2975.7
1165560 2962.8
1165570 2962.8
1165580 2951.5
1165590 2941.6
1165600 2941.6
1165610 2933.2
1165620 2927.0
1165630 2927.0
1165640 2920.4
1165650 2912.6
1165660 2912.6
1165670 2906.1
1165680 2901.4
1165690 2901.4
1165700 2894.8
1165710 2886.9
1165720 2886.9
1165730 2880.6
1165740 2876.4
1165750 2869.2
1165760 2869.2
1165770 2865.0
1165780 2862.9
1165790 2854.9
1165800 2854.3
1165810 2856.6
1165820 2856.6
1165830 2858.0
1165840 2858.3
1165850 2858.3
1165860 2858.9
1165870 2851.2
1165880 2851.2
1165890 2840.8
1165900 2831.9
1165910 2831.9
1165920 2820.4
1165930 2810.2
1165940 2810.2
1165950 2800.9
1165960 2794.6
1165970 2790.7
1165980 2790.7
1165990 2779.4
1166000 2766.2
1166010 2766.2
1166020 2756.3
1166030 2751.9
1166040 2751.9
1166050 2750.1
1166060 2749.5
1166070 2749.5
1166080 2748.1
1166090 2745.3
1166100 2745.3
1166110 2741.8
1166120 2739.1
1166130 2739.1
1166140 2735.7
1166150 2733.6
1166160 2733.6
1166170 2732.4
1166180 2729.8
1166190 2726.6
1166200 2726.6
1166210 2727.1
1166220 2727.1
1166230 2727.1
1166240 2727.8
1166250 2728.9
1166260 2728.9
1166270 2731.9
1166280 2735.7
1166290 2735.7
1166300 2741.2
1166310 2747.1
1166320 2747.1
1166330 2752.1
1166340 2756.9
1166350 2756.9
1166360 2760.2
1166370 2761.0
1166380 2761.0
1166390 2760.7
1166400 2758.7
1166410 2759.7
1166420 2759.7
1166430 2763.4
1166440 2764.7
1166450 2764.7
1166460 2767.2
1166470 2769.2
1166480 2769.2
1166490 2772.2
1166500 2775.5
1166510 2775.5
1166520 2774.9
1166530 2769.8
1166540 2769.8
1166550 2765.8
1166560 2763.7
1166570 2763.7
1166580 2761.0
1166590 2750.6
1166600 2747.0
1166610 2747.0
1166620 2740.3
1166630 2731.8
1166640 2731.8
1166650 2727.5
1166660 2724.8
1166670 2724.8
1166680 2723.4
1166690 2725.3
1166700 2725.3
1166710 2728.7
1166720 2732.4
1166730 2732.4
1166740 2736.0
1166750 2738.0
1166760 2738.0
1166770 2740.0
1166780 2743.1
1166790 2743.1
1166800 2745.6
1166810 2744.2
1166820 2739.8
1166830 2739.8
1166840 2735.6
1166850 2732.1
1166860 2732.1
1166870 2729.9
1166880 2729.4
1166890 2729.4
1166900 2732.5
1166910 2731.2
1166920 2731.2
1166930 2724.0
1166940 2714.8
1166950 2714.8
1166960 2707.7
1166970 2701.3
1166980 2701.3
1166990 2691.1
1167000 2684.8
1167010 2684.8
1167020 2680.2
1167030 2676.6
1167040 2673.5
1167050 2673.5
1167060 2671.3
1167070 2671.1
1167080 2671.1
1167090 2670.4
1167100 2671.1
1167110 2671.1
1167120 2673.6
1167130 2676.1
1167140 2676.1
1167150 2674.8
1167160 2668.1
1167170 2668.1
1167180 2659.6
1167190 2654.1
1167200 2654.1
1167210 2651.5
1167220 2650.0
1167230 2650.0
1167240 2645.6
1167250 2640.6
1167260 2634.0
1167270 2634.0
1167280 2627.0
1167290 2622.6
1167300 2622.6
1167310 2619.5
1167320 2617.6
1167330 2617.6
1167340 2615.3
1167350 2613.1
1167360 2613.1
1167370 2610.9
1167380 2603.4
1167390 2603.4
1167400 2602.0
1167410 2600.9
1167420 2600.9
1167430 2600.1
1167440 2599.9
1167450 2599.8
1167460 2599.8
1167470 2600.5
1167480 2600.1
1167490 2600.1
1167500 2598.9
1167510 2598.7
1167520 2598.7
1167530 2600.3
1167540 2601.6
1167550 2601.6
1167560 2603.6
1167570 2606.6
1167580 2606.6
1167590 2611.3
1167600 2616.5
1167610 2616.5
1167620 2622.3
1167630 2627.9
1167640 2627.9
1167650 2631.4
1167660 2639.7
1167670 2646.0
1167680 2646.0
1167690 2646.3
1167700 2646.4
1167710 2646.4
1167720 2645.3
1167730 2642.2
1167740 2642.2
1167750 2639.3
1167760 2636.9
1167770 2636.9
1167780 2626.6
1167790 2626.0
1167800 2626.0
1167810 2626.5
1167820 2626.2
1167830 2626.2
1167840 2624.9
1167850 2623.0
1167860 2623.0
1167870 2620.0
1167880 2615.3
1167890 2613.6
1167900 2613.6
1167910 2613.3
1167920 2613.1
1167930 2613.1
1167940 2612.7
1167950 2611.7
1167960 2611.7
1167970 2612.2
1167980 2614.1
1167990 2614.1
1168000 2616.2
1168010 2618.2
1168020 2618.2
1168030 2620.9
1168040 2623.5
1168050 2623.5
1168060 2625.9
1168070 2628.2
1168080 2628.2
1168090 2630.7
1168100 2633.8
1168110 2637.4
1168120 2637.4
1168130 2640.9
1168140 2644.0
1168150 2644.0
1168160 2647.1
1168170 2650.3
1168180 2644.2
1168190 2647.0
1168200 2650.2
1168210 2650.2
1168220 2653.6
1168230 2656.6
1168240 2656.6
1168250 2659.2
1168260 2662.5
1168270 2662.5
1168280 2668.2
1168290 2672.1
1168300 2672.1
1168310 2676.5
1168320 2682.4
1168330 2688.4
1168340 2688.4
1168350 2693.1
1168360 2692.3
1168370 2692.3
1168380 2685.5
1168390 2677.0
1168400 2677.0
1168410 2670.4
1168420 2662.9
1168430 2662.9
1168440 2654.5
1168450 2646.4
1168460 2646.4
1168470 2640.0
1168480 2634.2
1168490 2634.2
1168500 2628.2
1168510 2622.7
1168520 2617.7
1168530 2617.7
1168540 2612.2
1168550 2607.1
1168560 2607.1
1168570 2604.7
1168580 2602.6
1168590 2602.6
1168600 2601.3
1168610 2599.2
1168620 2599.2
1168630 2596.7
1168640 2594.3
1168650 2594.3
1168660 2592.2
1168670 2589.8
1168680 2589.8
1168690 2587.0
1168700 2584.1
1168710 2584.1
1168720 2581.4
1168730 2579.0
1168740 2577.0
1168750 2577.0
1168760 2575.1
1168770 2574.0
1168780 2574.0
1168790 2573.0
1168800 2571.8
1168810 2571.8
1168820 2570.1
1168830 2568.8
1168840 2568.8
1168850 2567.7
1168860 2566.3
1168870 2566.3
1168880 2564.8
1168890 2564.2
1168900 2564.2
1168910 2563.9
1168920 2562.0
1168930 2562.0
1168940 2559.1
1168950 2555.6
1168960 2551.8
1168970 2551.8
1168980 2548.4
1168990 2545.7
1169000 2545.7
1169010 2543.5
1169020 2543.7
1169030 2543.7
1169040 2544.9
1169050 2543.8
1169060 2543.8
1169070 2539.6
1169080 2534.2
1169090 2534.2
1169100 2528.6
1169110 2525.2
1169120 2525.2
1169130 2523.2
1169140 2521.5
1169150 2521.5
1169160 2520.3
1169170 2519.2
1169180 2518.4
1169190 2518.4
1169200 2518.1
1169210 2517.6
1169220 2517.6
1169230 2516.5
1169240 2514.6
1169250 2514.6
1169260 2511.7
1169270 2509.0
1169280 2509.0
1169290 2506.7
1169300 2504.7
1169310 2504.7
1169320 2503.4
1169330 2502.7
1169340 2502.7
1169350 2502.0
1169360 2500.9
1169370 2500.9
1169380 2500.0
1169390 2499.9
1169400 2499.0
1169410 2499.0
1169420 2498.0
1169430 2497.0
1169440 2497.0
1169450 2496.5
1169460 2495.9
1169470 2495.9
1169480 2495.0
1169490 2493.9
1169500 2493.9
1169510 2493.1
1169520 2493.7
1169530 2493.7
1169540 2495.3
1169550 2496.8
1169560 2496.8
1169570 2497.8
1169580 2498.6
1169590 2498.1
1169600 2498.1
1169610 2496.2
1169620 2493.6
1169630 2493.6
1169640 2491.1
1169650 2487.9
1169660 2487.9
1169670 2483.3
1169680 2479.5
1169690 2479.5
1169700 2478.3
1169710 2477.7
1169720 2477.7
1169730 2477.3
1169740 2477.5
1169750 2477.5
1169760 2478.1
1169770 2478.8
1169780 2478.8
1169790 2481.2
1169800 2481.1
1169810 2480.7
1169820 2480.7
1169830 2481.4
1169840 2483.0
1169850 2483.0
1169860 2485.6
1169870 2485.8
1169880 2485.8
1169890 2486.0
1169900 2486.4
1169910 2486.4
1169920 2487.9
1169930 2489.7
1169940 2489.7
1169950 2491.8
1169960 2493.0
1169970 2493.0
1169980 2493.9
1169990 2494.2
1170000 2494.2
1170010 2494.2
1170020 2494.1
1170030 2494.3
1170040 2494.3
1170050 2496.3
1170060 2499.6
1170070 2499.6
1170080 2500.9
1170090 2501.5
1170100 2501.5
1170110 2501.8
1170120 2501.0
1170130 2501.0
1170140 2499.1
1170150 2497.3
1170160 2497.3
1170170 2496.3
1170180 2495.0
1170190 2499.1
1170200 2499.5
1170210 2499.1
1170220 2499.1
1170230 2497.2
1170240 2494.3
1170250 2492.5
1170260 2492.5
1170270 2491.9
1170280 2493.0
1170290 2493.0
1170300 2494.2
1170310 2495.1
1170320 2495.1
1170330 2494.2
1170340 2492.1
1170350 2492.1
1170360 2488.4
1170370 2486.8
1170380 2486.8
1170390 2487.1
1170400 2486.8
1170410 2486.8
1170420 2484.8
1170430 2483.8
1170440 2483.8
1170450 2483.0
1170460 2480.5
1170470 2478.8
1170480 2478.8
1170490 2479.0
1170500 2478.3
1170510 2478.3
1170520 2477.9
1170530 2477.5
1170540 2477.5
1170550 2477.4
1170560 2477.9
1170570 2477.9
1170580 2478.4
1170590 2479.8
1170600 2485.8
1170610 2487.2
1170620 2488.3
1170630 2488.3
1170640 2489.4
1170650 2490.1
1170660 2490.1
1170670 2490.1
1170680 2490.6
1170690 2490.7
1170700 2490.7
1170710 2490.0
1170720 2490.1
1170730 2490.1
1170740 2490.3
1170750 2490.7
1170760 2490.7
1170770 2492.0
1170780 2494.7
1170790 2494.7
1170800 2497.5
1170810 2498.8
1170820 2498.8
1170830 2499.2
1170840 2499.3
1170850 2499.3
1170860 2499.4
1170870 2500.7
1170880 2504.5
1170890 2504.5
1170900 2507.9
1170910 2508.8
1170920 2508.8
1170930 2510.6
1170940 2512.1
1170950 2512.1
1170960 2512.3
1170970 2511.4
1170980 2511.4
1170990 2511.6
1171000 2514.8
1171010 2514.8
1171020 2515.6
1171030 2516.2
1171040 2516.2
1171050 2515.6
1171060 2516.4
1171070 2516.4
1171080 2517.5
1171090 2517.5
1171100 2517.2
1171110 2517.2
1171120 2516.9
1171130 2516.0
1171140 2516.0
1171150 2515.0
1171160 2513.4
1171170 2513.4
1171180 2512.5
1171190 2511.5
1171200 2511.5
1171210 2510.5
1171220 2509.4
1171230 2509.4
1171240 2507.5
1171250 2505.0
1171260 2505.0
1171270 2503.5
1171280 2501.2
1171290 2501.2
1171300 2497.5
1171310 2493.4
1171320 2491.2
1171330 2491.2
1171340 2490.4
1171350 2486.9
1171360 2486.9
1171370 2484.3
1171380 2483.4
1171390 2483.4
1171400 2482.3
1171410 2489.1
1171420 2489.1
1171430 2486.9
1171440 2485.1
1171450 2485.1
1171460 2481.2
1171470 2473.2
1171480 2473.2
1171490 2464.6
1171500 2455.9
1171510 2455.9
1171520 2446.0
1171530 2435.9
1171540 2427.8
1171550 2427.8
1171560 2421.3
1171570 2412.4
1171580 2412.4
1171590 2400.2
1171600 2391.7
1171610 2391.7
1171620 2384.7
1171630 2378.5
1171640 2378.5
1171650 2373.5
1171660 2368.1
1171670 2368.1
1171680 2361.5
1171690 2355.2
1171700 2355.2
1171710 2349.9
1171720 2345.1
1171730 2340.5
1171740 2340.5
1171750 2336.2
1171760 2332.0
1171770 2332.0
1171780 2328.0
1171790 2324.2
1171800 2324.2
1171810 2320.8
1171820 2317.5
1171830 2317.5
1171840 2314.0
1171850 2310.6
1171860 2310.6
1171870 2307.2
1171880 2304.1
1171890 2304.1
1171900 2300.9
1171910 2298.1
1171920 2298.1
1171930 2295.6
1171940 2293.2
1171950 2290.4
1171960 2290.4
1171970 2289.7
1171980 2293.5
1171990 2293.5
1172000 2292.3
1172010 2289.3
1172020 2289.3
1172030 2288.2
1172040 2287.9
1172050 2287.9
1172060 2287.1
1172070 2287.7
1172080 2287.7
1172090 2287.3
1172100 2288.6
1172110 2288.6
1172120 2292.1
1172130 2296.3
1172140 2296.3
1172150 2301.0
1172160 2306.9
1172170 2310.7
1172180 2310.7
1172190 2316.7
1172200 2324.2
1172210 2324.2
1172220 2331.0
1172230 2331.7
1172240 2331.7
1172250 2332.9
1172260 2336.5
1172270 2336.5
1172280 2339.8
1172290 2341.7
1172300 2341.7
1172310 2342.0
1172320 2340.7
1172330 2340.7
1172340 2338.0
1172350 2335.4
1172360 2335.4
1172370 2332.6
1172380 2329.3
1172390 2326.3
1172400 2326.3
1172410 2323.8
1172420 2321.5
1172430 2321.5
1172440 2320.0
1172450 2306.0
1172460 2306.0
1172470 2292.9
1172480 2287.3
1172490 2287.3
1172500 2282.6
1172510 2278.2
1172520 2278.2
1172530 2275.5
1172540 2273.0
1172550 2273.0
1172560 2270.9
1172570 2269.0
1172580 2269.0
1172590 2266.5
1172600 2264.0
1172610 2261.8
1172620 2266.5
1172630 2264.9
1172640 2262.3
1172650 2262.3
1172660 2259.2
1172670 2257.4
1172680 2257.4
1172690 2257.3
1172700 2257.0
1172710 2257.0
1172720 2256.7
1172730 2256.9
1172740 2256.9
1172750 2255.7
1172760 2253.9
1172770 2253.9
1172780 2255.2
1172790 2257.4
1172800 2259.9
1172810 2259.9
1172820 2261.7
1172830 2263.6
1172840 2263.6
1172850 2265.1
1172860 2266.9
1172870 2266.9
1172880 2268.6
1172890 2270.3
1172900 2270.3
1172910 2271.6
1172920 2271.6
1172930 2271.6
1172940 2271.3
1172950 2267.6
1172960 2267.6
1172970 2256.6
1172980 2248.9
1172990 2248.9
1173000 2244.6
1173010 2240.9
1173020 2238.1
1173030 2245.5
1173040 2244.0
1173050 2243.6
1173060 2243.6
1173070 2242.4
1173080 2241.6
1173090 2241.6
1173100 2242.0
1173110 2242.9
1173120 2242.9
1173130 2240.5
1173140 2230.4
1173150 2230.4
1173160 2214.9
1173170 2212.0
1173180 2212.0
1173190 2200.0
1173200 2183.8
1173210 2183.8
1173220 2172.6
1173230 2169.0
1173240 2160.1
1173250 2160.1
1173260 2151.0
1173270 2143.8
1173280 2143.8
1173290 2137.3
1173300 2131.7
1173310 2131.7
1173320 2126.7
1173330 2118.2
1173340 2118.2
1173350 2107.5
1173360 2103.7
1173370 2103.7
1173380 2100.6
1173390 2088.5
1173400 2088.5
1173410 2082.9
1173420 2080.4
1173430 2071.5
1173440 2070.5
1173450 2071.9
1173460 2064.9
1173470 2064.9
1173480 2054.6
1173490 2045.9
1173500 2045.9
1173510 2049.4
1173520 2046.9
1173530 2046.9
1173540 2037.4
1173550 2032.4
1173560 2032.4
1173570 2028.1
1173580 2020.3
1173590 2020.3
1173600 2020.7
1173610 2020.0
1173620 2020.0
1173630 2019.0
1173640 2015.5
1173650 2015.5
1173660 2010.3
1173670 2002.3
1173680 1994.8
1173690 1994.8
1173700 1987.2
1173710 1982.9
1173720 1982.9
1173730 1977.9
1173740 1973.0
1173750 1973.0
1173760 1968.7
1173770 1964.0
1173780 1964.0
1173790 1957.5
1173800 1950.7
1173810 1950.7
1173820 1944.1
1173830 1934.1
1173840 1933.8
1173850 1925.3
1173860 1919.2
1173870 1916.7
1173880 1916.7
1173890 1914.2
1173900 1911.6
1173910 1911.6
1173920 1909.1
1173930 1906.4
1173940 1906.4
1173950 1903.8
1173960 1901.1
1173970 1901.1
1173980 1898.0
1173990 1894.7
1174000 1894.7
1174010 1889.5
1174020 1881.6
1174030 1881.6
1174040 1872.7
1174050 1864.8
1174060 1864.8
1174070 1861.2
1174080 1862.3
1174090 1864.5
1174100 1864.5
1174110 1868.2
1174120 1871.2
1174130 1871.2
1174140 1874.3
1174150 1877.8
1174160 1877.8
1174170 1881.1
1174180 1883.1
1174190 1883.1
1174200 1885.1
1174210 1888.2
1174220 1888.2
1174230 1890.6
1174240 1893.1
1174250 1889.8
1174260 1895.2
1174270 1895.1
1174280 1895.1
1174290 1896.9
1174300 1899.0
1174310 1899.1
1174320 1899.1
1174330 1900.8
1174340 1903.7
1174350 1903.7
1174360 1905.0
1174370 1907.8
1174380 1907.8
1174390 1913.3
1174400 1917.6
1174410 1917.6
1174420 1919.2
1174430 1920.0
1174440 1920.0
1174450 1920.6
1174460 1920.8
1174470 1920.8
1174480 1919.9
1174490 1918.3
1174500 1918.3
1174510 1916.3
1174520 1914.7
1174530 1914.4
1174540 1914.4
1174550 1914.7
1174560 1914.7
1174570 1914.7
1174580 1915.2
1174590 1915.5
1174600 1915.5
1174610 1915.3
1174620 1915.7
1174630 1915.7
1174640 1915.9
1174650 1915.9
1174660 1912.0
1174670 1911.7
1174680 1910.8
1174690 1910.8
1174700 1908.3
1174710 1905.5
1174720 1905.5
1174730 1905.0
1174740 1906.8
1174750 1907.3
1174760 1907.3
1174770 1907.3
1174780 1908.3
1174790 1908.3
1174800 1906.7
1174810 1905.2
1174820 1905.2
1174830 1904.2
1174840 1902.2
1174850 1902.2
1174860 1900.4
1174870 1897.4
1174880 1897.4
1174890 1893.1
1174900 1889.7
1174910 1889.7
1174920 1888.5
1174930 1886.4
1174940 1884.9
1174950 1884.9
1174960 1886.1
1174970 1887.4
1174980 1887.4
1174990 1888.2
1175000 1886.6
1175010 1886.6
1175020 1884.5
1175030 1880.8
1175040 1880.8
1175050 1874.1
1175060 1866.6
1175070 1867.4
1175080 1859.5
1175090 1851.9
1175100 1851.9
1175110 1845.3
1175120 1841.7
1175130 1841.7
1175140 1841.5
1175150 1841.6
1175160 1840.6
1175170 1840.6
1175180 1837.1
1175190 1833.0
1175200 1833.0
1175210 1827.8
1175220 1822.5
1175230 1822.5
1175240 1818.6
1175250 1815.2
1175260 1815.2
1175270 1811.2
1175280 1806.2
1175290 1806.2
1175300 1799.2
1175310 1792.4
1175320 1792.4
1175330 1784.5
1175340 1777.4
1175350 1777.4
1175360 1770.8
1175370 1763.9
1175380 1756.6
1175390 1756.6
1175400 1751.4
1175410 1745.0
1175420 1745.0
1175430 1738.9
1175440 1732.1
1175450 1732.1
1175460 1725.3
1175470 1719.1
1175480 1720.6
1175490 1714.0
1175500 1707.1
1175510 1707.1
1175520 1701.7
1175530 1695.7
1175540 1695.7
1175550 1690.0
1175560 1684.8
1175570 1684.8
1175580 1679.6
1175590 1675.3
1175600 1671.3
1175610 1671.3
1175620 1666.9
1175630 1662.4
1175640 1662.4
1175650 1661.9
1175660 1659.7
1175670 1659.7
1175680 1657.6
1175690 1658.8
1175700 1658.8
1175710 1659.2
1175720 1662.2
1175730 1662.2
1175740 1666.8
1175750 1670.3
1175760 1670.3
1175770 1671.7
1175780 1673.6
1175790 1672.8
1175800 1672.8
1175810 1668.1
1175820 1664.7
1175830 1664.7
1175840 1660.6
1175850 1656.9
1175860 1656.9
1175870 1653.8
1175880 1651.3
1175890 1649.0
1175900 1646.4
1175910 1641.8
1175920 1641.8
1175930 1636.3
1175940 1631.1
1175950 1631.1
1175960 1624.4
1175970 1619.2
1175980 1619.2
1175990 1616.3
1176000 1612.7
1176010 1607.7
1176020 1607.7
1176030 1604.3
1176040 1601.3
1176050 1601.3
1176060 1598.0
1176070 1594.8
1176080 1594.8
1176090 1591.3
1176100 1587.7
1176110 1587.7
1176120 1583.4
1176130 1578.6
1176140 1578.6
1176150 1576.1
1176160 1573.3
1176170 1573.3
1176180 1570.7
1176190 1568.2
1176200 1568.2
1176210 1565.4
1176220 1562.6
1176230 1559.9
1176240 1559.9
1176250 1557.6
1176260 1555.3
1176270 1555.3
1176280 1552.2
1176290 1550.0
1176300 1543.7
1176310 1543.4
1176320 1542.9
1176330 1542.9
1176340 1537.7
1176350 1530.7
1176360 1530.7
1176370 1524.3
1176380 1520.3
1176390 1520.3
1176400 1516.5
1176410 1513.3
1176420 1513.3
1176430 1509.8
1176440 1506.7
1176450 1503.4
1176460 1503.4
1176470 1500.2
1176480 1498.4
1176490 1498.4
1176500 1497.0
1176510 1496.1
1176520 1496.1
1176530 1495.3
1176540 1493.7
1176550 1493.7
1176560 1492.8
1176570 1492.5
1176580 1492.5
1176590 1491.0
1176600 1490.6
1176610 1490.6
1176620 1490.6
1176630 1493.0
1176640 1493.0
1176650 1494.2
1176660 1492.3
1176670 1489.7
1176680 1489.7
1176690 1484.0
1176700 1475.5
1176710 1478.3
1176720 1471.2
1176730 1463.5
1176740 1463.5
1176750 1455.3
1176760 1449.0
1176770 1449.0
1176780 1444.6
1176790 1439.9
1176800 1439.9
1176810 1434.5
1176820 1428.6
1176830 1428.6
1176840 1425.6
1176850 1423.0
1176860 1420.0
1176870 1420.0
1176880 1418.6
1176890 1418.6
1176900 1418.6
1176910 1416.5
1176920 1413.5
1176930 1413.5
1176940 1410.2
1176950 1408.7
1176960 1408.7
1176970 1408.1
1176980 1406.1
1176990 1406.1
1177000 1403.7
1177010 1401.5
1177020 1401.5
1177030 1400.7
1177040 1399.7
1177050 1399.7
1177060 1398.1
1177070 1396.3
1177080 1394.7
1177090 1394.7
1177100 1393.6
1177110 1392.5
1177120 1391.4
1177130 1390.2
1177140 1390.0
1177150 1390.0
1177160 1389.7
1177170 1388.8
1177180 1388.8
1177190 1387.7
1177200 1385.6
1177210 1385.6
1177220 1383.9
1177230 1382.6
1177240 1382.6
1177250 1381.3
1177260 1381.0
1177270 1381.0
1177280 1379.9
1177290 1379.5
1177300 1378.8
1177310 1378.8
1177320 1379.3
1177330 1381.1
1177340 1381.1
1177350 1384.4
1177360 1387.5
1177370 1387.5
1177380 1390.4
1177390 1394.1
1177400 1394.1
1177410 1397.6
1177420 1400.3
1177430 1400.3
1177440 1406.1
1177450 1411.9
1177460 1411.9
1177470 1417.9
1177480 1422.5
1177490 1422.5
1177500 1427.8
1177510 1434.7
1177520 1442.0
1177530 1439.1
1177540 1445.1
1177550 1452.8
1177560 1452.8
1177570 1461.2
1177580 1468.0
1177590 1468.0
1177600 1470.9
1177610 1471.2
1177620 1471.2
1177630 1471.1
1177640 1473.6
1177650 1473.6
1177660 1476.8
1177670 1479.8
1177680 1479.8
1177690 1483.8
1177700 1488.7
1177710 1488.7
1177720 1492.3
1177730 1496.1
1177740 1500.9
1177750 1500.9
1177760 1506.5
1177770 1513.0
1177780 1513.0
1177790 1519.1
1177800 1527.6
1177810 1527.6
1177820 1535.9
1177830 1543.3
1177840 1543.3
1177850 1549.4
1177860 1554.8
1177870 1554.8
1177880 1559.6
1177890 1565.5
1177900 1565.5
1177910 1571.7
1177920 1577.5
1177930 1582.9
1177940 1582.9
1177950 1582.1
1177960 1587.2
1177970 1587.2
1177980 1593.3
1177990 1599.6
1178000 1599.6
1178010 1605.1
1178020 1611.1
1178030 1611.1
1178040 1617.4
1178050 1624.0
1178060 1624.0
1178070 1633.6
1178080 1643.0
1178090 1643.0
1178100 1651.9
1178110 1664.7
1178120 1664.7
1178130 1676.8
1178140 1683.9
1178150 1690.9
1178160 1690.9
1178170 1699.2
1178180 1708.2
1178190 1708.2
1178200 1715.3
1178210 1721.8
1178220 1721.8
1178230 1728.5
1178240 1735.1
1178250 1735.1
1178260 1740.2
1178270 1744.1
1178280 1744.1
1178290 1747.6
1178300 1751.6
1178310 1751.6
1178320 1756.4
1178330 1760.4
1178340 1760.4
1178350 1763.1
1178360 1761.6
1178370 1764.5
1178380 1764.5
1178390 1767.7
1178400 1771.6
1178410 1771.6
1178420 1774.4
1178430 1776.4
1178440 1776.4
1178450 1779.3
1178460 1782.0
1178470 1782.0
1178480 1783.0
1178490 1783.5
1178500 1783.5
1178510 1785.3
1178520 1788.2
1178530 1788.2
1178540 1790.5
1178550 1792.1
1178560 1792.1
1178570 1792.7
1178580 1792.2
1178590 1789.7
1178600 1789.7
1178610 1787.1
1178620 1784.5
1178630 1784.5
1178640 1782.4
1178650 1780.2
1178660 1780.2
1178670 1777.2
1178680 1774.7
1178690 1774.7
1178700 1772.4
1178710 1769.7
1178720 1769.7
1178730 1766.9
1178740 1764.1
1178750 1764.1
1178760 1761.6
1178770 1756.3
1178780 1756.3
1178790 1754.8
1178800 1752.9
1178810 1751.2
1178820 1751.2
1178830 1749.8
1178840 1748.9
1178850 1748.9
1178860 1747.5
1178870 1746.1
1178880 1746.1
1178890 1744.5
1178900 1742.1
1178910 1742.1
1178920 1739.0
1178930 1736.2
1178940 1736.2
1178950 1733.0
1178960 1729.2
1178970 1729.2
1178980 1724.4
1178990 1719.9
1179000 1714.3
1179010 1714.3
1179020 1708.6
1179030 1703.5
1179040 1703.5
1179050 1697.1
1179060 1690.1
1179070 1690.1
1179080 1684.1
1179090 1677.9
1179100 1677.9
1179110 1671.7
1179120 1666.3
1179130 1666.3
1179140 1660.9
1179150 1655.3
1179160 1655.3
1179170 1648.2
1179180 1641.7
1179190 1635.8
1179200 1629.9
1179210 1624.3
1179220 1620.1
1179230 1620.1
1179240 1617.6
1179250 1615.7
1179260 1615.7
1179270 1614.1
1179280 1612.3
1179290 1612.3
1179300 1609.5
1179310 1604.7
1179320 1604.7
1179330 1598.9
1179340 1594.3
1179350 1594.3
1179360 1589.9
1179370 1586.3
1179380 1586.3
1179390 1583.5
1179400 1580.6
1179410 1580.6
1179420 1575.2
1179430 1569.6
1179440 1562.1
1179450 1562.1
1179460 1550.4
1179470 1541.1
1179480 1541.1
1179490 1532.3
1179500 1519.5
1179510 1519.5
1179520 1510.1
1179530 1502.9
1179540 1502.9
1179550 1496.7
1179560 1489.8
1179570 1489.8
1179580 1482.1
1179590 1474.7
1179600 1471.4
1179610 1464.8
1179620 1457.9
1179630 1457.9
1179640 1451.0
1179650 1444.6
1179660 1439.6
1179670 1439.6
1179680 1434.9
1179690 1429.9
1179700 1429.9
1179710 1424.6
1179720 1418.7
1179730 1418.7
1179740 1411.8
1179750 1404.6
1179760 1404.6
1179770 1398.2
1179780 1392.4
1179790 1392.4
1179800 1387.1
1179810 1382.0
1179820 1382.0
1179830 1370.1
1179840 1355.7
1179850 1345.1
1179860 1345.1
1179870 1332.9
1179880 1319.4
1179890 1319.4
1179900 1306.9
1179910 1292.5
1179920 1292.5
1179930 1282.3
1179940 1283.2
1179950 1283.2
1179960 1284.2
1179970 1281.7
1179980 1281.7
1179990 1278.9
