1160000 2362.9
1160010 2362.9
1160020 2363.2
1160030 2363.5
1160040 2363.5
1160050 2364.6
1160060 2364.1
1160070 2364.1
1160080 2363.0
1160090 2361.5
1160100 2363.6
1160110 2363.6
1160120 2362.0
1160130 2359.9
1160140 2359.9
1160150 2356.5
1160160 2350.6
1160170 2350.6
1160180 2347.6
1160190 2343.5
1160200 2343.5
1160210 2338.8
1160220 2335.3
1160230 2335.3
1160240 2334.0
1160250 2334.4
1160260 2334.4
1160270 2336.3
1160280 2339.1
1160290 2339.1
1160300 2342.6
1160310 2345.5
1160320 2347.8
1160330 2347.8
1160340 2351.5
1160350 2357.2
1160360 2357.2
1160370 2363.6
1160380 2370.9
1160390 2370.9
1160400 2378.1
1160410 2385.5
1160420 2385.5
1160430 2393.1
1160440 2401.2
1160450 2401.2
1160460 2410.5
1160470 2420.0
1160480 2420.0
1160490 2426.2
1160500 2430.7
1160510 2430.7
1160520 2437.0
1160530 2439.1
1160540 2430.9
1160550 2430.9
1160560 2422.2
1160570 2412.0
1160580 2412.0
1160590 2400.4
1160600 2393.4
1160610 2393.4
1160620 2386.7
1160630 2380.9
1160640 2380.9
1160650 2375.4
1160660 2369.6
1160670 2369.6
1160680 2362.8
1160690 2355.5
1160700 2355.5
1160710 2349.5
1160720 2343.2
1160730 2343.2
1160740 2335.1
1160750 2327.8
1160760 2322.7
1160770 2322.7
1160780 2320.5
1160790 2320.8
1160800 2320.8
1160810 2321.1
1160820 2320.1
1160830 2320.1
1160840 2318.8
1160850 2315.2
1160860 2315.2
1160870 2311.6
1160880 2312.3
1160890 2312.3
1160900 2310.3
1160910 2308.7
1160920 2308.7
1160930 2307.4
1160940 2307.7
1160950 2307.7
1160960 2307.8
1160970 2307.8
1160980 2308.7
1160990 2308.7
1161000 2311.7
1161010 2315.2
1161020 2315.2
1161030 2318.4
1161040 2322.5
1161050 2322.5
1161060 2326.9
1161070 2331.6
1161080 2331.6
1161090 2335.8
1161100 2338.1
1161110 2338.1
1161120 2337.9
1161130 2339.3
1161140 2339.3
1161150 2341.8
1161160 2344.1
1161170 2344.1
1161180 2347.4
1161190 2352.9
1161200 2358.4
1161210 2358.4
1161220 2362.9
1161230 2360.3
1161240 2360.3
1161250 2356.6
1161260 2355.2
1161270 2362.0
1161280 2362.1
1161290 2363.5
1161300 2363.5
1161310 2364.6
1161320 2362.6
1161330 2362.6
1161340 2361.4
1161350 2360.3
1161360 2360.3
1161370 2358.5
1161380 2358.0
1161390 2358.0
1161400 2357.8
1161410 2357.3
1161420 2356.0
1161430 2356.0
1161440 2356.1
1161450 2354.7
1161460 2354.7
1161470 2353.3
1161480 2351.8
1161490 2351.8
1161500 2350.1
1161510 2347.9
1161520 2347.9
1161530 2349.5
1161540 2351.3
1161550 2351.3
1161560 2352.5
1161570 2352.7
1161580 2352.7
1161590 2352.2
1161600 2351.2
1161610 2351.2
1161620 2349.0
1161630 2336.9
1161640 2330.3
1161650 2330.3
1161660 2329.9
1161670 2335.5
1161680 2335.5
1161690 2337.1
1161700 2340.8
1161710 2340.8
1161720 2342.0
1161730 2341.1
1161740 2341.1
1161750 2340.4
1161760 2340.4
1161770 2340.4
1161780 2340.4
1161790 2339.6
1161800 2339.6
1161810 2336.6
1161820 2332.1
1161830 2332.1
1161840 2329.6
1161850 2331.1
1161860 2334.9
1161870 2334.9
1161880 2336.6
1161890 2340.1
1161900 2340.1
1161910 2345.4
1161920 2351.1
1161930 2351.1
1161940 2357.5
1161950 2363.3
1161960 2363.3
1161970 2370.0
1161980 2375.7
1161990 2375.7
1162000 2380.4
1162010 2385.6
1162020 2385.6
1162030 2388.3
1162040 2388.2
1162050 2385.3
1162060 2383.0
1162070 2374.6
1162080 2366.5
1162090 2366.5
1162100 2359.4
1162110 2353.3
1162120 2353.3
1162130 2348.4
1162140 2343.7
1162150 2343.7
1162160 2338.0
1162170 2332.0
1162180 2332.0
1162190 2324.5
1162200 2317.6
1162210 2317.6
1162220 2309.9
1162230 2302.3
1162240 2302.3
1162250 2294.9
1162260 2287.9
1162270 2280.6
1162280 2280.6
1162290 2271.3
1162300 2260.5
1162310 2260.5
1162320 2252.8
1162330 2245.3
1162340 2245.3
1162350 2238.0
1162360 2230.3
1162370 2230.3
1162380 2218.9
1162390 2209.3
1162400 2209.3
1162410 2203.3
1162420 2197.6
1162430 2197.6
1162440 2191.9
1162450 2183.7
1162460 2183.7
1162470 2178.5
1162480 2171.4
1162490 2162.5
1162500 2162.5
1162510 2153.9
1162520 2145.5
1162530 2145.5
1162540 2137.1
1162550 2129.5
1162560 2129.5
1162570 2122.1
1162580 2114.6
1162590 2114.6
1162600 2107.3
1162610 2100.3
1162620 2100.3
1162630 2093.2
1162640 2085.7
1162650 2085.7
1162660 2078.2
1162670 2070.1
1162680 2070.1
1162690 2060.4
1162700 2049.5
1162710 2038.9
1162720 2038.9
1162730 2030.5
1162740 2022.7
1162750 2022.7
1162760 2014.8
1162770 2005.0
1162780 2005.0
1162790 1995.3
1162800 1987.2
1162810 1987.2
1162820 1980.4
1162830 1974.1
1162840 1974.1
1162850 1968.7
1162860 1962.3
1162870 1962.3
1162880 1956.4
1162890 1951.3
1162900 1951.3
1162910 1946.5
1162920 1941.1
1162930 1935.6
1162940 1935.6
1162950 1930.5
1162960 1925.6
1162970 1925.6
1162980 1921.0
1162990 1916.9
1163000 1916.9
1163010 1912.4
1163020 1907.2
1163030 1907.2
1163040 1901.8
1163050 1896.1
1163060 1896.1
1163070 1889.9
1163080 1885.9
1163090 1885.9
1163100 1884.9
1163110 1884.1
1163120 1884.1
1163130 1882.1
1163140 1881.1
1163150 1882.8
1163160 1882.8
1163170 1885.0
1163180 1886.9
1163190 1886.9
1163200 1889.0
1163210 1891.7
1163220 1891.7
1163230 1894.2
1163240 1899.2
1163250 1899.2
1163260 1901.4
1163270 1904.3
1163280 1904.3
1163290 1909.0
1163300 1914.3
1163310 1914.3
1163320 1919.7
1163330 1925.8
1163340 1925.8
1163350 1933.5
1163360 1942.3
1163370 1952.6
1163380 1952.6
1163390 1962.4
1163400 1971.6
1163410 1971.6
1163420 1979.5
1163430 1985.8
1163440 1985.8
1163450 1993.7
1163460 2000.5
1163470 2000.5
1163480 2005.6
1163490 2010.6
1163500 2010.6
1163510 2015.7
1163520 2021.4
1163530 2021.4
1163540 2026.7
1163550 2032.6
1163560 2032.6
1163570 2037.6
1163580 2042.6
1163590 2048.7
1163600 2048.7
1163610 2054.9
1163620 2061.5
1163630 2063.8
1163640 2070.6
1163650 2077.0
1163660 2077.0
1163670 2084.6
1163680 2092.7
1163690 2092.7
1163700 2100.2
1163710 2108.3
1163720 2108.3
1163730 2116.8
1163740 2126.9
1163750 2126.9
1163760 2135.9
1163770 2146.5
1163780 2146.5
1163790 2155.2
1163800 2162.1
1163810 2171.1
1163820 2171.1
1163830 2179.6
1163840 2186.3
1163850 2186.3
1163860 2193.5
1163870 2201.1
1163880 2201.1
1163890 2208.5
1163900 2215.5
1163910 2215.5
1163920 2222.2
1163930 2229.0
1163940 2229.0
1163950 2235.9
1163960 2243.1
1163970 2243.1
1163980 2250.9
1163990 2258.1
1164000 2258.1
1164010 2264.6
1164020 2270.9
1164030 2277.5
1164040 2277.5
1164050 2285.4
1164060 2293.4
1164070 2293.4
1164080 2300.0
1164090 2305.8
1164100 2305.8
1164110 2313.0
1164120 2319.9
1164130 2319.9
1164140 2325.8
1164150 2331.7
1164160 2331.7
1164170 2337.6
1164180 2343.7
1164190 2343.7
1164200 2348.1
1164210 2351.4
1164220 2351.4
1164230 2354.5
1164240 2358.5
1164250 2363.6
1164260 2363.6
1164270 2369.0
1164280 2374.0
1164290 2374.0
1164300 2379.1
1164310 2384.2
1164320 2384.2
1164330 2389.0
1164340 2394.0
1164350 2394.0
1164360 2398.9
1164370 2403.3
1164380 2403.3
1164390 2408.1
1164400 2412.9
1164410 2412.9
1164420 2417.6
1164430 2424.8
1164440 2424.8
1164450 2429.3
1164460 2433.7
1164470 2438.1
1164480 2438.1
1164490 2442.6
1164500 2445.6
1164510 2445.6
1164520 2448.4
1164530 2451.5
1164540 2451.5
1164550 2452.8
1164560 2455.3
1164570 2455.3
1164580 2459.0
1164590 2462.6
1164600 2462.6
1164610 2467.0
1164620 2470.4
1164630 2470.4
1164640 2472.6
1164650 2474.4
1164660 2476.6
1164670 2476.6
1164680 2478.3
1164690 2478.8
1164700 2478.8
1164710 2480.6
1164720 2484.3
1164730 2484.3
1164740 2487.1
1164750 2489.4
1164760 2489.4
1164770 2491.6
1164780 2493.9
1164790 2493.9
1164800 2497.3
1164810 2499.1
1164820 2507.9
1164830 2511.1
1164840 2512.0
1164850 2512.0
1164860 2515.5
1164870 2518.5
1164880 2521.6
1164890 2521.6
1164900 2524.3
1164910 2525.0
1164920 2525.0
1164930 2525.3
1164940 2526.1
1164950 2526.1
1164960 2528.3
1164970 2531.8
1164980 2531.8
1164990 2536.0
1165000 2537.6
1165010 2537.6
1165020 2537.3
1165030 2536.8
1165040 2536.8
1165050 2537.1
1165060 2538.0
1165070 2538.0
1165080 2540.0
1165090 2541.6
1165100 2543.0
1165110 2543.0
1165120 2545.8
1165130 2548.5
1165140 2548.5
1165150 2553.0
1165160 2558.1
1165170 2558.1
1165180 2561.6
1165190 2564.1
1165200 2564.1
1165210 2565.4
1165220 2571.6
1165230 2571.6
1165240 2573.0
1165250 2577.1
1165260 2577.1
1165270 2581.3
1165280 2583.3
1165290 2583.3
1165300 2586.0
1165310 2591.2
1165320 2598.5
1165330 2598.5
1165340 2607.2
1165350 2611.6
1165360 2611.6
1165370 2615.3
1165380 2623.7
1165390 2623.7
1165400 2630.3
1165410 2637.2
1165420 2637.2
1165430 2640.7
1165440 2644.0
1165450 2644.0
1165460 2647.1
1165470 2650.4
1165480 2650.4
1165490 2653.5
1165500 2655.7
1165510 2655.7
1165520 2656.9
1165530 2654.9
1165540 2640.1
1165550 2640.1
1165560 2617.4
1165570 2605.6
1165580 2605.6
1165590 2594.2
1165600 2580.8
1165610 2586.1
1165620 2564.2
1165630 2545.8
1165640 2545.8
1165650 2526.6
1165660 2514.1
1165670 2514.1
1165680 2509.0
1165690 2504.3
1165700 2504.3
1165710 2499.3
1165720 2493.9
1165730 2493.9
1165740 2488.3
1165750 2482.9
1165760 2477.3
1165770 2477.3
1165780 2471.7
1165790 2466.0
1165800 2466.0
1165810 2460.0
1165820 2454.1
1165830 2454.1
1165840 2448.3
1165850 2442.5
1165860 2442.5
1165870 2437.0
1165880 2431.5
1165890 2431.5
1165900 2425.8
1165910 2420.3
1165920 2420.3
1165930 2415.0
1165940 2409.8
1165950 2409.8
1165960 2404.8
1165970 2400.0
1165980 2395.4
1165990 2395.4
1166000 2390.7
1166010 2385.6
1166020 2385.6
1166030 2381.3
1166040 2377.1
1166050 2377.1
1166060 2372.5
1166070 2368.0
1166080 2368.0
1166090 2364.0
1166100 2359.5
1166110 2359.5
1166120 2355.2
1166130 2351.3
1166140 2351.3
1166150 2347.8
1166160 2344.5
1166170 2344.5
1166180 2341.5
1166190 2338.4
1166200 2335.6
1166210 2335.6
1166220 2332.6
1166230 2330.4
1166240 2330.4
1166250 2328.9
1166260 2327.6
1166270 2327.6
1166280 2326.7
1166290 2325.8
1166300 2325.8
1166310 2324.2
1166320 2321.4
1166330 2321.4
1166340 2318.6
1166350 2316.2
1166360 2316.2
1166370 2314.4
1166380 2312.2
1166390 2312.2
1166400 2309.8
1166410 2310.9
1166420 2308.9
1166430 2308.9
1166440 2307.3
1166450 2307.0
1166460 2307.0
1166470 2306.0
1166480 2302.4
1166490 2302.4
1166500 2298.0
1166510 2293.9
1166520 2293.9
1166530 2290.0
1166540 2287.2
1166550 2287.2
1166560 2284.3
1166570 2282.0
1166580 2282.0
1166590 2280.5
1166600 2279.4
1166610 2279.4
1166620 2277.3
1166630 2272.5
1166640 2265.7
1166650 2265.7
1166660 2258.2
1166670 2250.8
1166680 2250.8
1166690 2242.6
1166700 2235.4
1166710 2235.4
1166720 2229.1
1166730 2224.0
1166740 2224.0
1166750 2219.1
1166760 2214.6
1166770 2214.6
1166780 2210.9
1166790 2208.1
1166800 2208.1
1166810 2207.5
1166820 2204.3
1166830 2204.3
1166840 2202.0
1166850 2200.7
1166860 2198.5
1166870 2198.5
1166880 2196.3
1166890 2194.4
1166900 2194.4
1166910 2193.9
1166920 2194.4
1166930 2194.4
1166940 2194.7
1166950 2195.1
1166960 2195.1
1166970 2195.0
1166980 2194.9
1166990 2194.9
1167000 2193.9
1167010 2193.2
1167020 2193.2
1167030 2195.5
1167040 2195.2
1167050 2195.7
1167060 2195.7
1167070 2196.8
1167080 2197.4
1167090 2197.4
1167100 2196.9
1167110 2196.6
1167120 2196.6
1167130 2197.3
1167140 2198.1
1167150 2198.1
1167160 2198.6
1167170 2198.6
1167180 2198.6
1167190 2198.6
1167200 2199.2
1167210 2201.8
1167220 2204.3
1167230 2206.9
1167240 2206.9
1167250 2209.4
1167260 2207.3
1167270 2209.7
1167280 2209.7
1167290 2213.0
1167300 2216.9
1167310 2216.9
1167320 2221.0
1167330 2224.8
1167340 2224.8
1167350 2225.5
1167360 2224.2
1167370 2224.2
1167380 2224.0
1167390 2225.3
1167400 2225.3
1167410 2226.7
1167420 2227.1
1167430 2227.1
1167440 2229.0
1167450 2228.4
1167460 2228.4
1167470 2229.0
1167480 2233.0
1167490 2238.1
1167500 2238.1
1167510 2243.7
1167520 2250.2
1167530 2250.2
1167540 2256.8
1167550 2262.8
1167560 2262.8
1167570 2269.4
1167580 2276.1
1167590 2276.1
1167600 2282.0
1167610 2292.8
1167620 2292.8
1167630 2302.7
1167640 2320.3
1167650 2320.3
1167660 2337.2
1167670 2345.1
1167680 2345.1
1167690 2354.0
1167700 2366.7
1167710 2374.4
1167720 2374.4
1167730 2381.0
1167740 2384.2
1167750 2384.2
1167760 2385.5
1167770 2386.8
1167780 2386.8
1167790 2389.0
1167800 2391.4
1167810 2391.4
1167820 2394.0
1167830 2396.9
1167840 2396.9
1167850 2399.6
1167860 2403.1
1167870 2403.1
1167880 2407.1
1167890 2412.0
1167900 2412.0
1167910 2417.6
1167920 2421.6
1167930 2420.7
1167940 2420.7
1167950 2416.8
1167960 2413.3
1167970 2413.3
1167980 2413.2
1167990 2413.7
1168000 2413.7
1168010 2418.6
1168020 2420.2
1168030 2420.2
1168040 2422.4
1168050 2424.0
1168060 2424.0
1168070 2425.6
1168080 2426.8
1168090 2426.8
1168100 2426.4
1168110 2424.8
1168120 2424.8
1168130 2423.8
1168140 2423.6
1168150 2423.8
1168160 2423.8
1168170 2424.2
1168180 2424.8
1168190 2424.8
1168200 2426.4
1168210 2429.0
1168220 2429.0
1168230 2431.5
1168240 2434.5
1168250 2434.5
1168260 2437.9
1168270 2441.0
1168280 2441.0
1168290 2443.5
1168300 2445.5
1168310 2445.5
1168320 2446.9
1168330 2447.7
1168340 2447.7
1168350 2448.5
1168360 2450.0
1168370 2453.9
1168380 2453.9
1168390 2456.9
1168400 2457.4
1168410 2460.2
1168420 2461.9
1168430 2464.1
1168440 2464.1
1168450 2466.1
1168460 2470.5
1168470 2470.5
1168480 2475.9
1168490 2479.2
1168500 2479.2
1168510 2482.7
1168520 2488.0
1168530 2488.0
1168540 2495.0
1168550 2502.4
1168560 2502.4
1168570 2509.8
1168580 2516.8
1168590 2524.0
1168600 2524.0
1168610 2530.6
1168620 2537.8
1168630 2537.8
1168640 2545.5
1168650 2554.0
1168660 2554.0
1168670 2564.0
1168680 2579.7
1168690 2579.7
1168700 2589.9
1168710 2598.0
1168720 2598.0
1168730 2601.0
1168740 2602.7
1168750 2602.7
1168760 2603.8
1168770 2603.7
1168780 2603.7
1168790 2603.6
1168800 2604.8
1168810 2610.4
1168820 2610.4
1168830 2614.1
1168840 2620.4
1168850 2620.4
1168860 2624.8
1168870 2628.1
1168880 2628.1
1168890 2632.3
1168900 2636.5
1168910 2636.5
1168920 2641.3
1168930 2646.2
1168940 2646.2
1168950 2651.3
1168960 2656.5
1168970 2656.5
1168980 2662.4
1168990 2669.1
1169000 2669.1
1169010 2675.7
1169020 2682.5
1169030 2689.7
1169040 2689.7
1169050 2696.6
1169060 2703.2
1169070 2703.2
1169080 2709.1
1169090 2716.2
1169100 2716.2
1169110 2723.4
1169120 2729.8
1169130 2729.8
1169140 2740.3
1169150 2749.3
1169160 2749.3
1169170 2760.2
1169180 2770.9
1169190 2770.9
1169200 2778.1
1169210 2780.4
1169220 2786.5
1169230 2786.5
1169240 2792.6
1169250 2795.2
1169260 2795.2
1169270 2791.4
1169280 2786.5
1169290 2786.5
1169300 2783.8
1169310 2782.5
1169320 2782.5
1169330 2780.3
1169340 2774.0
1169350 2774.0
1169360 2769.4
1169370 2768.6
1169380 2768.6
1169390 2770.3
1169400 2772.2
1169410 2772.2
1169420 2772.5
1169430 2768.9
1169440 2763.7
1169450 2763.7
1169460 2759.1
1169470 2756.0
1169480 2756.0
1169490 2753.0
1169500 2751.1
1169510 2751.1
1169520 2750.4
1169530 2750.0
1169540 2750.0
1169550 2750.9
1169560 2752.0
1169570 2752.0
1169580 2753.1
1169590 2754.5
1169600 2754.5
1169610 2762.2
1169620 2762.6
1169630 2762.6
1169640 2763.1
1169650 2764.4
1169660 2765.9
1169670 2765.9
1169680 2767.5
1169690 2769.1
1169700 2769.1
1169710 2770.7
1169720 2772.7
1169730 2772.7
1169740 2774.9
1169750 2777.9
1169760 2777.9
1169770 2781.7
1169780 2788.1
1169790 2788.1
1169800 2796.3
1169810 2800.3
1169820 2800.3
1169830 2804.2
1169840 2811.5
1169850 2811.5
1169860 2825.4
1169870 2832.9
1169880 2834.4
1169890 2834.4
1169900 2833.7
1169910 2834.7
1169920 2834.7
1169930 2836.9
1169940 2842.5
1169950 2842.5
1169960 2851.0
1169970 2858.6
1169980 2858.6
1169990 2867.4
1170000 2875.0
1170010 2875.0
1170020 2890.8
1170030 2902.3
1170040 2902.3
1170050 2911.7
1170060 2918.6
1170070 2918.6
1170080 2927.8
1170090 2934.1
1170100 2938.2
1170110 2938.2
1170120 2942.2
1170130 2943.8
1170140 2943.8
1170150 2942.5
1170160 2936.6
1170170 2936.6
1170180 2929.6
1170190 2923.3
1170200 2923.3
1170210 2918.1
1170220 2915.7
1170230 2915.7
1170240 2915.3
1170250 2919.2
1170260 2919.2
1170270 2925.9
1170280 2929.1
1170290 2929.1
1170300 2931.2
1170310 2934.7
1170320 2937.2
1170330 2937.2
1170340 2936.1
1170350 2932.4
1170360 2932.4
1170370 2925.9
1170380 2918.0
1170390 2918.0
1170400 2912.9
1170410 2912.2
1170420 2913.3
1170430 2913.1
1170440 2913.4
1170450 2913.4
1170460 2912.8
1170470 2911.0
1170480 2911.0
1170490 2909.1
1170500 2910.4
1170510 2910.4
1170520 2911.5
1170530 2912.2
1170540 2914.0
1170550 2914.0
1170560 2913.5
1170570 2913.2
1170580 2913.2
1170590 2910.6
1170600 2903.6
1170610 2903.6
1170620 2890.3
1170630 2867.7
1170640 2867.7
1170650 2854.6
1170660 2846.0
1170670 2846.0
1170680 2838.2
1170690 2835.7
1170700 2835.7
1170710 2832.1
1170720 2826.9
1170730 2826.9
1170740 2822.3
1170750 2820.9
1170760 2821.7
1170770 2821.7
1170780 2823.4
1170790 2825.2
1170800 2825.2
1170810 2825.9
1170820 2824.5
1170830 2824.5
1170840 2824.2
1170850 2819.9
1170860 2819.9
1170870 2807.3
1170880 2795.3
1170890 2795.3
1170900 2788.1
1170910 2781.3
1170920 2781.3
1170930 2773.8
1170940 2766.8
1170950 2766.8
1170960 2760.8
1170970 2754.5
1170980 2748.5
1170990 2748.5
1171000 2742.6
1171010 2737.0
1171020 2737.0
1171030 2730.8
1171040 2724.3
1171050 2724.3
1171060 2719.0
1171070 2716.5
1171080 2716.5
1171090 2714.4
1171100 2711.3
1171110 2711.3
1171120 2708.4
1171130 2707.0
1171140 2707.0
1171150 2705.9
1171160 2704.8
1171170 2704.8
1171180 2707.2
1171190 2709.1
1171200 2708.9
1171210 2708.9
1171220 2709.1
1171230 2699.8
1171240 2699.8
1171250 2698.7
1171260 2698.1
1171270 2698.1
1171280 2694.4
1171290 2685.0
1171300 2685.0
1171310 2677.4
1171320 2667.6
1171330 2667.6
1171340 2658.1
1171350 2651.0
1171360 2651.0
1171370 2643.9
1171380 2636.6
1171390 2630.3
1171400 2630.3
1171410 2622.1
1171420 2608.9
1171430 2608.9
1171440 2597.9
1171450 2593.8
1171460 2593.8
1171470 2589.0
1171480 2583.6
1171490 2583.6
1171500 2578.0
1171510 2572.0
1171520 2572.0
1171530 2565.4
1171540 2559.3
1171550 2559.3
1171560 2553.4
1171570 2548.5
1171580 2548.5
1171590 2542.9
1171600 2537.4
1171610 2533.4
1171620 2533.4
1171630 2531.4
1171640 2530.9
1171650 2530.9
1171660 2531.3
1171670 2530.9
1171680 2530.9
1171690 2533.0
1171700 2534.4
1171710 2534.4
1171720 2534.2
1171730 2533.1
1171740 2533.1
1171750 2528.9
1171760 2515.7
1171770 2515.7
1171780 2497.7
1171790 2482.7
1171800 2482.7
1171810 2473.3
1171820 2466.0
1171830 2453.6
1171840 2453.6
1171850 2440.2
1171860 2430.6
1171870 2430.6
1171880 2423.5
1171890 2417.1
1171900 2417.1
1171910 2410.5
1171920 2403.9
1171930 2403.9
1171940 2397.6
1171950 2392.1
1171960 2392.1
1171970 2387.3
1171980 2383.6
1171990 2383.6
1172000 2379.2
1172010 2373.5
1172020 2373.5
1172030 2366.7
1172040 2356.8
1172050 2352.0
1172060 2352.0
1172070 2347.3
1172080 2343.4
1172090 2343.4
1172100 2339.2
1172110 2334.8
1172120 2334.8
1172130 2331.4
1172140 2329.2
1172150 2329.2
1172160 2327.9
1172170 2326.3
1172180 2326.3
1172190 2323.9
1172200 2320.8
1172210 2320.8
1172220 2317.2
1172230 2313.1
1172240 2313.1
1172250 2309.1
1172260 2305.8
1172270 2302.8
1172280 2302.8
1172290 2299.9
1172300 2297.1
1172310 2297.1
1172320 2296.0
1172330 2294.9
1172340 2294.9
1172350 2293.9
1172360 2293.3
1172370 2293.3
1172380 2293.2
1172390 2294.5
1172400 2294.5
1172410 2296.0
1172420 2296.6
1172430 2296.6
1172440 2299.5
1172450 2297.4
1172460 2297.4
1172470 2295.0
1172480 2292.6
1172490 2289.8
1172500 2289.8
1172510 2286.6
1172520 2282.6
1172530 2282.6
1172540 2276.8
1172550 2270.4
1172560 2270.4
1172570 2263.9
1172580 2256.9
1172590 2256.9
1172600 2249.8
1172610 2242.8
1172620 2242.8
1172630 2235.8
1172640 2230.2
1172650 2230.2
1172660 2225.4
1172670 2222.0
1172680 2222.0
1172690 2221.0
1172700 2219.9
1172710 2218.2
1172720 2218.2
1172730 2216.7
1172740 2214.8
1172750 2214.8
1172760 2212.7
1172770 2210.3
1172780 2210.3
1172790 2207.6
1172800 2204.6
1172810 2204.6
1172820 2199.7
1172830 2194.4
1172840 2194.4
1172850 2189.7
1172860 2184.9
1172870 2184.9
1172880 2179.2
1172890 2173.5
1172900 2173.5
1172910 2167.3
1172920 2161.3
1172930 2155.9
1172940 2155.9
1172950 2151.7
1172960 2147.4
1172970 2147.4
1172980 2143.2
1172990 2139.5
1173000 2139.5
1173010 2135.4
1173020 2130.9
1173030 2130.9
1173040 2126.8
1173050 2122.9
1173060 2122.9
1173070 2120.2
1173080 2117.6
1173090 2117.6
1173100 2114.5
1173110 2111.6
1173120 2111.6
1173130 2108.5
1173140 2106.0
1173150 2103.5
1173160 2103.5
1173170 2100.8
1173180 2098.5
1173190 2098.5
1173200 2096.4
1173210 2093.7
1173220 2093.7
1173230 2091.7
1173240 2089.9
1173250 2089.9
1173260 2086.7
1173270 2085.5
1173280 2085.5
1173290 2084.1
1173300 2083.2
1173310 2083.2
1173320 2082.6
1173330 2081.9
1173340 2081.9
1173350 2081.7
1173360 2081.9
1173370 2081.2
1173380 2081.2
1173390 2081.1
1173400 2081.0
1173410 2081.0
1173420 2080.5
1173430 2079.8
1173440 2079.8
1173450 2079.3
1173460 2078.8
1173470 2078.8
1173480 2078.5
1173490 2078.0
1173500 2078.0
1173510 2077.5
1173520 2077.7
1173530 2077.7
1173540 2080.5
1173550 2084.0
1173560 2086.8
1173570 2086.8
1173580 2089.6
1173590 2090.5
1173600 2090.5
1173610 2091.3
1173620 2092.8
1173630 2092.8
1173640 2093.7
1173650 2094.7
1173660 2092.1
1173670 2092.6
1173680 2093.1
1173690 2093.1
1173700 2093.5
1173710 2094.0
1173720 2094.0
1173730 2094.7
1173740 2094.3
1173750 2094.3
1173760 2093.2
1173770 2092.6
1173780 2092.5
1173790 2092.5
1173800 2092.5
1173810 2092.4
1173820 2092.4
1173830 2092.1
1173840 2091.9
1173850 2091.9
1173860 2091.3
1173870 2089.1
1173880 2089.1
1173890 2086.9
1173900 2085.7
1173910 2085.7
1173920 2085.7
1173930 2085.8
1173940 2085.8
1173950 2086.1
1173960 2085.3
1173970 2085.3
1173980 2083.2
1173990 2080.0
1174000 2077.7
1174010 2077.7
1174020 2077.0
1174030 2076.8
1174040 2076.8
1174050 2077.7
1174060 2078.0
1174070 2075.5
1174080 2075.9
1174090 2076.1
1174100 2076.1
1174110 2075.2
1174120 2072.5
1174130 2072.5
1174140 2070.9
1174150 2070.0
1174160 2070.0
1174170 2069.7
1174180 2069.2
1174190 2069.2
1174200 2068.0
1174210 2066.9
1174220 2066.6
1174230 2066.6
1174240 2065.9
1174250 2063.3
1174260 2063.3
1174270 2061.5
1174280 2060.0
1174290 2060.0
1174300 2058.0
1174310 2056.2
1174320 2056.2
1174330 2052.1
1174340 2048.5
1174350 2048.5
1174360 2047.2
1174370 2044.0
1174380 2044.0
1174390 2042.0
1174400 2040.8
1174410 2040.8
1174420 2039.4
1174430 2038.9
1174440 2039.7
1174450 2039.7
1174460 2038.3
1174470 2037.5
1174480 2030.8
1174490 2030.7
1174500 2031.0
1174510 2031.0
1174520 2029.2
1174530 2028.2
1174540 2028.2
1174550 2026.5
1174560 2024.9
1174570 2024.9
1174580 2024.2
1174590 2022.5
1174600 2022.5
1174610 2022.4
1174620 2022.7
1174630 2022.7
1174640 2022.0
1174650 2020.2
1174660 2018.8
1174670 2018.8
1174680 2017.3
1174690 2016.3
1174700 2016.3
1174710 2015.7
1174720 2015.6
1174730 2015.6
1174740 2016.0
1174750 2016.9
1174760 2016.9
1174770 2016.8
1174780 2015.9
1174790 2015.9
1174800 2017.2
1174810 2019.2
1174820 2019.2
1174830 2020.8
1174840 2022.5
1174850 2022.5
1174860 2024.5
1174870 2025.8
1174880 2025.2
1174890 2020.5
1174900 2019.9
1174910 2022.5
1174920 2022.5
1174930 2025.0
1174940 2027.6
1174950 2027.6
1174960 2030.2
1174970 2033.2
1174980 2033.2
1174990 2036.2
1175000 2038.7
1175010 2038.7
1175020 2041.0
1175030 2043.4
1175040 2043.4
1175050 2046.3
1175060 2048.9
1175070 2048.9
1175080 2050.2
1175090 2052.3
1175100 2055.4
1175110 2055.4
1175120 2057.5
1175130 2059.8
1175140 2059.8
1175150 2061.9
1175160 2064.1
1175170 2064.1
1175180 2066.3
1175190 2068.4
1175200 2068.4
1175210 2070.3
1175220 2072.2
1175230 2072.2
1175240 2074.1
1175250 2075.9
1175260 2075.9
1175270 2078.0
1175280 2078.5
1175290 2078.5
1175300 2070.6
1175310 2071.9
1175320 2073.3
1175330 2073.3
1175340 2074.3
1175350 2074.8
1175360 2074.8
1175370 2074.6
1175380 2073.4
1175390 2073.4
1175400 2071.5
1175410 2069.5
1175420 2069.5
1175430 2067.2
1175440 2065.1
1175450 2065.1
1175460 2062.9
1175470 2060.9
1175480 2060.9
1175490 2058.9
1175500 2056.7
1175510 2054.1
1175520 2054.1
1175530 2051.4
1175540 2048.6
1175550 2048.6
1175560 2046.0
1175570 2043.1
1175580 2043.1
1175590 2040.3
1175600 2037.1
1175610 2037.1
1175620 2033.7
1175630 2030.3
1175640 2030.3
1175650 2026.3
1175660 2022.7
1175670 2022.7
1175680 2018.9
1175690 2015.2
1175700 2015.2
1175710 2013.4
1175720 2009.5
1175730 2005.7
1175740 2005.7
1175750 2001.5
1175760 1997.9
1175770 1997.9
1175780 1993.7
1175790 1989.2
1175800 1989.2
1175810 1986.5
1175820 1983.6
1175830 1983.6
1175840 1980.2
1175850 1975.2
1175860 1975.2
1175870 1969.8
1175880 1965.5
1175890 1965.5
1175900 1962.0
1175910 1957.9
1175920 1957.9
1175930 1953.9
1175940 1950.8
1175950 1948.1
1175960 1948.1
1175970 1944.9
1175980 1941.5
1175990 1941.5
1176000 1938.7
1176010 1936.0
1176020 1936.0
1176030 1933.4
1176040 1931.1
1176050 1931.1
1176060 1928.7
1176070 1926.2
1176080 1926.2
1176090 1923.9
1176100 1921.9
1176110 1921.9
1176120 1919.8
1176130 1917.2
1176140 1917.2
1176150 1914.7
1176160 1912.7
1176170 1910.7
1176180 1910.7
1176190 1908.7
1176200 1906.7
1176210 1906.7
1176220 1905.1
1176230 1902.8
1176240 1902.8
1176250 1900.4
1176260 1898.2
1176270 1898.2
1176280 1895.9
1176290 1893.8
1176300 1893.8
1176310 1891.7
1176320 1890.0
1176330 1890.0
1176340 1889.4
1176350 1889.5
1176360 1889.5
1176370 1889.6
1176380 1889.2
1176390 1888.1
1176400 1888.1
1176410 1886.9
1176420 1885.5
1176430 1885.5
1176440 1884.3
1176450 1883.2
1176460 1883.2
1176470 1881.9
1176480 1881.2
1176490 1881.2
1176500 1880.9
1176510 1880.3
1176520 1880.3
1176530 1880.0
1176540 1878.3
1176550 1878.3
1176560 1876.5
1176570 1874.8
1176580 1874.8
1176590 1873.1
1176600 1871.3
1176610 1869.5
1176620 1869.5
1176630 1867.7
1176640 1866.0
1176650 1866.0
1176660 1864.3
1176670 1862.3
1176680 1862.3
1176690 1859.9
1176700 1857.5
1176710 1857.5
1176720 1855.0
1176730 1852.5
1176740 1852.5
1176750 1849.9
1176760 1847.5
1176770 1847.5
1176780 1845.9
1176790 1843.8
1176800 1843.8
1176810 1840.5
1176820 1836.3
1176830 1832.8
1176840 1832.8
1176850 1827.9
1176860 1823.4
1176870 1823.4
1176880 1819.2
1176890 1814.6
1176900 1814.6
1176910 1810.7
1176920 1808.0
1176930 1808.0
1176940 1811.7
1176950 1811.3
1176960 1811.3
1176970 1808.9
1176980 1806.0
1176990 1806.0
1177000 1803.1
1177010 1800.6
1177020 1800.6
1177030 1799.7
1177040 1799.8
1177050 1800.8
1177060 1800.8
1177070 1801.0
1177080 1799.9
1177090 1799.9
1177100 1798.2
1177110 1796.7
1177120 1796.7
1177130 1793.5
1177140 1790.7
1177150 1790.7
1177160 1788.7
1177170 1785.2
1177180 1785.2
1177190 1781.8
1177200 1781.2
1177210 1781.2
1177220 1777.5
1177230 1772.1
1177240 1772.1
1177250 1768.0
1177260 1764.9
1177270 1761.6
1177280 1761.6
1177290 1756.1
1177300 1749.7
1177310 1749.7
1177320 1743.6
1177330 1737.7
1177340 1737.7
1177350 1732.2
1177360 1728.2
1177370 1728.2
1177380 1723.8
1177390 1720.0
1177400 1720.0
1177410 1716.5
1177420 1713.7
1177430 1713.7
1177440 1710.5
1177450 1705.7
1177460 1705.7
1177470 1704.6
1177480 1704.6
1177490 1701.6
1177500 1701.6
1177510 1699.3
1177520 1698.5
1177530 1698.5
1177540 1697.3
1177550 1695.4
1177560 1695.4
1177570 1693.2
1177580 1691.3
1177590 1691.3
1177600 1689.0
1177610 1686.8
1177620 1686.8
1177630 1686.6
1177640 1684.6
1177650 1684.6
1177660 1676.4
1177670 1672.4
1177680 1671.9
1177690 1671.9
1177700 1670.3
1177710 1664.2
1177720 1664.2
1177730 1659.3
1177740 1659.0
1177750 1659.0
1177760 1660.1
1177770 1668.1
1177780 1668.1
1177790 1668.2
1177800 1668.0
1177810 1668.0
1177820 1667.5
1177830 1666.5
1177840 1666.5
1177850 1666.0
1177860 1666.4
1177870 1666.4
1177880 1666.9
1177890 1666.6
1177900 1666.5
1177910 1666.5
1177920 1666.5
1177930 1666.1
1177940 1666.1
1177950 1664.1
1177960 1659.8
1177970 1659.8
1177980 1656.2
1177990 1655.0
1178000 1655.0
1178010 1655.6
1178020 1656.2
1178030 1656.2
1178040 1655.3
1178050 1653.9
1178060 1653.9
1178070 1652.5
1178080 1651.9
1178090 1651.9
1178100 1651.7
1178110 1651.0
1178120 1649.4
1178130 1649.4
1178140 1647.1
1178150 1644.9
1178160 1644.9
1178170 1641.9
1178180 1644.2
1178190 1644.2
1178200 1643.1
1178210 1641.5
1178220 1641.5
1178230 1640.5
1178240 1639.8
1178250 1639.8
1178260 1638.5
1178270 1637.5
1178280 1637.5
1178290 1637.0
1178300 1635.5
1178310 1635.5
1178320 1632.8
1178330 1628.6
1178340 1624.5
1178350 1624.5
1178360 1621.0
1178370 1616.7
1178380 1616.7
1178390 1611.2
1178400 1606.1
1178410 1606.1
1178420 1601.7
1178430 1598.3
1178440 1598.3
1178450 1596.1
1178460 1592.2
1178470 1592.2
1178480 1586.6
1178490 1581.3
1178500 1581.3
1178510 1578.0
1178520 1573.2
1178530 1573.2
1178540 1566.3
1178550 1561.9
1178560 1561.2
1178570 1561.2
1178580 1562.2
1178590 1556.8
1178600 1561.1
1178610 1556.4
1178620 1553.8
1178630 1553.8
1178640 1551.9
1178650 1548.1
1178660 1548.1
1178670 1542.1
1178680 1535.5
1178690 1535.5
1178700 1529.8
1178710 1525.1
1178720 1525.1
1178730 1520.3
1178740 1516.1
1178750 1516.1
1178760 1512.4
1178770 1512.4
1178780 1514.7
1178790 1514.7
1178800 1513.8
1178810 1513.0
1178820 1513.0
1178830 1510.5
1178840 1509.0
1178850 1509.0
1178860 1508.5
1178870 1506.0
1178880 1506.0
1178890 1502.6
1178900 1499.0
1178910 1499.0
1178920 1497.9
1178930 1497.2
1178940 1497.2
1178950 1496.5
1178960 1496.7
1178970 1496.7
1178980 1496.5
1178990 1495.0
1179000 1493.1
1179010 1490.4
1179020 1489.1
1179030 1488.2
1179040 1488.2
1179050 1487.9
1179060 1487.2
1179070 1487.2
1179080 1487.1
1179090 1486.9
1179100 1486.9
1179110 1486.5
1179120 1486.1
1179130 1486.1
1179140 1485.2
1179150 1484.3
1179160 1484.3
1179170 1484.6
1179180 1486.0
1179190 1486.0
1179200 1488.4
1179210 1491.2
1179220 1494.0
1179230 1494.0
1179240 1493.4
1179250 1490.8
1179260 1490.8
1179270 1488.8
1179280 1491.6
1179290 1491.6
1179300 1495.0
1179310 1497.3
1179320 1497.3
1179330 1492.0
1179340 1484.0
1179350 1484.0
1179360 1476.9
1179370 1470.6
1179380 1470.6
1179390 1465.3
1179400 1460.1
1179410 1460.1
1179420 1455.4
1179430 1448.1
1179440 1444.3
1179450 1444.3
1179460 1447.2
1179470 1448.5
1179480 1448.5
1179490 1449.3
1179500 1450.6
1179510 1450.6
1179520 1453.5
1179530 1457.4
1179540 1457.4
1179550 1460.7
1179560 1460.1
1179570 1460.1
1179580 1459.4
1179590 1458.6
1179600 1458.6
1179610 1458.3
1179620 1459.3
1179630 1461.1
1179640 1461.1
1179650 1463.8
1179660 1468.3
1179670 1468.3
1179680 1470.9
1179690 1473.0
1179700 1473.0
1179710 1475.1
1179720 1476.7
1179730 1476.7
1179740 1478.6
1179750 1480.8
1179760 1480.8
1179770 1482.7
1179780 1483.8
1179790 1483.8
1179800 1484.8
1179810 1486.6
1179820 1486.6
1179830 1489.2
1179840 1489.4
1179850 1493.0
1179860 1493.0
1179870 1495.1
1179880 1497.2
1179890 1497.2
1179900 1498.8
1179910 1499.4
1179920 1499.4
1179930 1499.3
1179940 1498.9
1179950 1498.9
1179960 1498.5
1179970 1497.9
1179980 1497.9
1179990 1496.4
