1160000 2531.3
1160010 2532.5
1160020 2532.5
1160030 2531.8
1160040 2530.5
1160050 2530.5
1160060 2530.3
1160070 2532.5
1160080 2532.5
1160090 2534.9
1160100 2536.8
1160110 2536.8
1160120 2539.1
1160130 2541.8
1160140 2543.8
1160150 2543.8
1160160 2544.7
1160170 2544.7
1160180 2544.7
1160190 2542.7
1160200 2539.2
1160210 2539.2
1160220 2535.5
1160230 2533.9
1160240 2533.9
1160250 2534.8
1160260 2535.8
1160270 2535.8
1160280 2536.6
1160290 2539.5
1160300 2539.5
1160310 2545.9
1160320 2551.0
1160330 2551.0
1160340 2555.2
1160350 2559.3
1160360 2564.4
1160370 2564.4
1160380 2568.4
1160390 2571.2
1160400 2571.2
1160410 2573.5
1160420 2575.6
1160430 2575.6
1160440 2579.0
1160450 2582.9
1160460 2582.9
1160470 2586.2
1160480 2589.7
1160490 2589.7
1160500 2593.0
1160510 2595.2
1160520 2595.2
1160530 2594.4
1160540 2589.0
1160550 2589.0
1160560 2582.0
1160570 2575.0
1160580 2567.4
1160590 2567.4
1160600 2560.8
1160610 2556.0
1160620 2556.0
1160630 2551.3
1160640 2547.4
1160650 2547.4
1160660 2544.5
1160670 2548.9
1160680 2548.9
1160690 2544.2
1160700 2527.3
1160710 2527.3
1160720 2511.8
1160730 2502.1
1160740 2502.1
1160750 2495.0
1160760 2488.6
1160770 2488.6
1160780 2483.5
1160790 2479.2
1160800 2475.8
1160810 2475.8
1160820 2473.3
1160830 2471.7
1160840 2471.7
1160850 2469.4
1160860 2466.9
1160870 2466.9
1160880 2465.6
1160890 2463.7
1160900 2463.7
1160910 2460.9
1160920 2458.7
1160930 2458.7
1160940 2456.6
1160950 2454.7
1160960 2454.7
1160970 2453.0
1160980 2451.1
1160990 2449.9
1161000 2449.9
1161010 2449.6
1161020 2449.3
1161030 2449.3
1161040 2448.2
1161050 2446.6
1161060 2447.5
1161070 2446.4
1161080 2445.6
1161090 2445.6
1161100 2444.6
1161110 2445.0
1161120 2445.0
1161130 2447.4
1161140 2450.6
1161150 2450.6
1161160 2453.7
1161170 2455.8
1161180 2455.8
1161190 2458.9
1161200 2465.3
1161210 2472.2
1161220 2472.2
1161230 2478.9
1161240 2484.0
1161250 2484.0
1161260 2489.9
1161270 2495.3
1161280 2495.3
1161290 2499.2
1161300 2501.1
1161310 2501.1
1161320 2503.8
1161330 2508.7
1161340 2508.7
1161350 2514.0
1161360 2517.2
1161370 2517.2
1161380 2517.9
1161390 2521.4
1161400 2521.4
1161410 2521.4
1161420 2521.5
1161430 2523.7
1161440 2523.7
1161450 2526.6
1161460 2531.5
1161470 2531.5
1161480 2538.0
1161490 2545.0
1161500 2545.0
1161510 2554.0
1161520 2561.0
1161530 2561.0
1161540 2554.5
1161550 2545.9
1161560 2545.9
1161570 2539.4
1161580 2535.4
1161590 2535.4
1161600 2532.7
1161610 2531.1
1161620 2531.1
1161630 2528.8
1161640 2525.8
1161650 2522.9
1161660 2522.9
1161670 2517.4
1161680 2511.6
1161690 2511.6
1161700 2506.5
1161710 2499.5
1161720 2499.5
1161730 2489.2
1161740 2479.3
1161750 2479.3
1161760 2472.5
1161770 2467.5
1161780 2467.5
1161790 2462.3
1161800 2458.0
1161810 2458.0
1161820 2454.3
1161830 2450.2
1161840 2444.2
1161850 2439.4
1161860 2432.9
1161870 2425.9
1161880 2425.9
1161890 2418.7
1161900 2411.9
1161910 2411.9
1161920 2406.0
1161930 2401.6
1161940 2401.6
1161950 2397.6
1161960 2394.1
1161970 2394.1
1161980 2391.6
1161990 2389.0
1162000 2389.0
1162010 2385.5
1162020 2379.8
1162030 2379.8
1162040 2365.6
1162050 2347.7
1162060 2347.7
1162070 2336.8
1162080 2329.2
1162090 2322.7
1162100 2322.7
1162110 2318.0
1162120 2314.1
1162130 2314.1
1162140 2309.9
1162150 2305.6
1162160 2305.6
1162170 2301.2
1162180 2296.4
1162190 2296.4
1162200 2290.3
1162210 2283.4
1162220 2283.4
1162230 2279.7
1162240 2273.1
1162250 2273.1
1162260 2267.0
1162270 2261.2
1162280 2261.2
1162290 2255.7
1162300 2250.3
1162310 2245.3
1162320 2245.3
1162330 2240.4
1162340 2235.4
1162350 2235.4
1162360 2230.2
1162370 2225.2
1162380 2225.2
1162390 2220.3
1162400 2215.2
1162410 2215.2
1162420 2208.6
1162430 2201.4
1162440 2201.4
1162450 2194.5
1162460 2187.8
1162470 2187.8
1162480 2181.1
1162490 2174.2
1162500 2174.2
1162510 2167.0
1162520 2159.8
1162530 2154.0
1162540 2154.0
1162550 2148.9
1162560 2144.5
1162570 2144.5
1162580 2141.0
1162590 2137.2
1162600 2137.2
1162610 2133.4
1162620 2129.9
1162630 2134.9
1162640 2129.7
1162650 2124.5
1162660 2124.5
1162670 2120.0
1162680 2116.2
1162690 2116.2
1162700 2112.7
1162710 2107.8
1162720 2107.8
1162730 2098.4
1162740 2090.1
1162750 2080.3
1162760 2080.3
1162770 2069.4
1162780 2059.0
1162790 2059.0
1162800 2047.9
1162810 2034.6
1162820 2034.6
1162830 2025.4
1162840 2017.8
1162850 2017.8
1162860 2011.1
1162870 2003.3
1162880 2003.3
1162890 1994.1
1162900 1986.9
1162910 1986.9
1162920 1979.6
1162930 1973.2
1162940 1967.2
1162950 1967.2
1162960 1960.9
1162970 1955.2
1162980 1955.2
1162990 1950.3
1163000 1947.0
1163010 1947.0
1163020 1945.9
1163030 1946.2
1163040 1946.2
1163050 1946.8
1163060 1947.5
1163070 1947.5
1163080 1948.5
1163090 1949.5
1163100 1949.5
1163110 1950.5
1163120 1952.1
1163130 1952.1
1163140 1954.2
1163150 1956.2
1163160 1958.4
1163170 1958.4
1163180 1962.1
1163190 1964.3
1163200 1964.3
1163210 1966.0
1163220 1969.0
1163230 1969.0
1163240 1973.1
1163250 1976.8
1163260 1976.8
1163270 1981.9
1163280 1986.7
1163290 1986.7
1163300 1991.7
1163310 1996.4
1163320 1996.4
1163330 2001.0
1163340 2006.0
1163350 2006.0
1163360 2011.0
1163370 2016.0
1163380 2021.0
1163390 2021.0
1163400 2026.2
1163410 2031.1
1163420 2031.2
1163430 2036.3
1163440 2040.8
1163450 2040.8
1163460 2045.5
1163470 2050.5
1163480 2050.5
1163490 2055.8
1163500 2061.3
1163510 2061.3
1163520 2066.8
1163530 2071.8
1163540 2071.8
1163550 2077.2
1163560 2083.2
1163570 2083.2
1163580 2089.2
1163590 2094.9
1163600 2100.7
1163610 2100.7
1163620 2106.4
1163630 2112.5
1163640 2112.5
1163650 2118.5
1163660 2124.0
1163670 2124.0
1163680 2129.4
1163690 2137.5
1163700 2137.5
1163710 2144.6
1163720 2150.5
1163730 2150.5
1163740 2157.6
1163750 2164.7
1163760 2164.7
1163770 2171.7
1163780 2178.6
1163790 2178.6
1163800 2185.9
1163810 2192.0
1163820 2199.1
1163830 2199.1
1163840 2206.4
1163850 2213.8
1163860 2213.8
1163870 2221.1
1163880 2228.5
1163890 2228.5
1163900 2235.5
1163910 2241.9
1163920 2241.9
1163930 2248.0
1163940 2253.9
1163950 2253.9
1163960 2259.2
1163970 2265.1
1163980 2265.1
1163990 2270.9
1164000 2277.0
1164010 2277.0
1164020 2283.1
1164030 2290.0
1164040 2296.9
1164050 2296.9
1164060 2303.2
1164070 2310.2
1164080 2310.2
1164090 2317.0
1164100 2323.5
1164110 2323.5
1164120 2330.1
1164130 2336.9
1164140 2336.9
1164150 2343.6
1164160 2350.6
1164170 2350.6
1164180 2357.9
1164190 2365.0
1164200 2365.0
1164210 2370.2
1164220 2377.7
1164230 2377.7
1164240 2385.5
1164250 2395.0
1164260 2404.2
1164270 2404.2
1164280 2411.3
1164290 2418.8
1164300 2418.8
1164310 2426.5
1164320 2433.7
1164330 2433.7
1164340 2441.1
1164350 2448.1
1164360 2448.1
1164370 2454.2
1164380 2458.5
1164390 2458.5
1164400 2463.1
1164410 2469.9
1164420 2469.9
1164430 2478.0
1164440 2485.6
1164450 2485.6
1164460 2492.7
1164470 2499.6
1164480 2504.8
1164490 2504.8
1164500 2509.6
1164510 2514.7
1164520 2514.7
1164530 2519.0
1164540 2523.5
1164550 2523.5
1164560 2528.3
1164570 2533.0
1164580 2533.0
1164590 2536.5
1164600 2542.0
1164610 2542.0
1164620 2543.2
1164630 2545.9
1164640 2545.9
1164650 2550.4
1164660 2554.7
1164670 2554.7
1164680 2559.2
1164690 2564.3
1164700 2569.9
1164710 2569.9
1164720 2575.7
1164730 2581.6
1164740 2581.6
1164750 2587.7
1164760 2594.2
1164770 2594.2
1164780 2600.9
1164790 2607.8
1164800 2607.8
1164810 2614.9
1164820 2622.3
1164830 2622.3
1164840 2629.5
1164850 2636.4
1164860 2636.4
1164870 2642.9
1164880 2649.9
1164890 2658.1
1164900 2658.1
1164910 2665.1
1164920 2672.3
1164930 2672.3
1164940 2679.8
1164950 2688.5
1164960 2688.5
1164970 2698.0
1164980 2707.3
1164990 2707.3
1165000 2717.4
1165010 2729.3
1165020 2729.3
1165030 2741.0
1165040 2753.9
1165050 2753.9
1165060 2762.8
1165070 2769.2
1165080 2769.2
1165090 2779.5
1165100 2785.1
1165110 2786.0
1165120 2786.0
1165130 2786.3
1165140 2786.4
1165150 2786.4
1165160 2786.4
1165170 2786.6
1165180 2786.6
1165190 2787.1
1165200 2788.3
1165210 2788.3
1165220 2789.9
1165230 2791.5
1165240 2791.5
1165250 2793.7
1165260 2796.3
1165270 2796.3
1165280 2799.0
1165290 2801.9
1165300 2801.9
1165310 2805.2
1165320 2808.5
1165330 2811.4
1165340 2811.4
1165350 2814.6
1165360 2818.2
1165370 2818.2
1165380 2821.9
1165390 2824.1
1165400 2824.1
1165410 2829.5
1165420 2832.4
1165430 2832.4
1165440 2827.7
1165450 2823.1
1165460 2823.1
1165470 2821.0
1165480 2814.0
1165490 2814.0
1165500 2800.5
1165510 2786.4
1165520 2786.4
1165530 2778.2
1165540 2766.1
1165550 2750.7
1165560 2750.7
1165570 2740.3
1165580 2733.1
1165590 2733.1
1165600 2730.7
1165610 2727.6
1165620 2727.6
1165630 2717.8
1165640 2703.9
1165650 2703.9
1165660 2696.0
1165670 2691.0
1165680 2691.0
1165690 2681.0
1165700 2671.9
1165710 2671.9
1165720 2664.1
1165730 2657.1
1165740 2657.1
1165750 2650.8
1165760 2644.8
1165770 2638.2
1165780 2638.2
1165790 2636.1
1165800 2628.8
1165810 2628.8
1165820 2621.7
1165830 2614.8
1165840 2614.8
1165850 2607.9
1165860 2601.0
1165870 2601.0
1165880 2594.4
1165890 2588.0
1165900 2588.0
1165910 2581.8
1165920 2576.0
1165930 2576.0
1165940 2570.5
1165950 2565.5
1165960 2565.5
1165970 2561.3
1165980 2557.3
1165990 2553.3
1166000 2553.3
1166010 2549.1
1166020 2544.5
1166030 2544.5
1166040 2539.7
1166050 2537.3
1166060 2537.3
1166070 2536.5
1166080 2537.1
1166090 2537.1
1166100 2535.9
1166110 2534.7
1166120 2534.7
1166130 2533.3
1166140 2534.7
1166150 2534.7
1166160 2537.2
1166170 2534.8
1166180 2534.8
1166190 2538.1
1166200 2531.6
1166210 2525.7
1166220 2525.7
1166230 2520.1
1166240 2515.0
1166250 2515.0
1166260 2509.0
1166270 2507.1
1166280 2507.1
1166290 2507.1
1166300 2507.3
1166310 2507.3
1166320 2507.8
1166330 2509.3
1166340 2509.3
1166350 2510.8
1166360 2508.1
1166370 2508.1
1166380 2505.3
1166390 2499.7
1166400 2499.7
1166410 2493.4
1166420 2477.2
1166430 2462.1
1166440 2462.1
1166450 2450.7
1166460 2447.7
1166470 2447.7
1166480 2439.5
1166490 2430.3
1166500 2430.3
1166510 2421.0
1166520 2410.9
1166530 2410.9
1166540 2397.9
1166550 2390.1
1166560 2390.1
1166570 2386.0
1166580 2381.5
1166590 2377.6
1166600 2368.6
1166610 2360.1
1166620 2353.1
1166630 2353.1
1166640 2347.6
1166650 2340.6
1166660 2340.6
1166670 2333.1
1166680 2325.8
1166690 2325.8
1166700 2317.8
1166710 2309.9
1166720 2309.9
1166730 2302.7
1166740 2295.9
1166750 2295.9
1166760 2289.7
1166770 2286.1
1166780 2286.1
1166790 2284.6
1166800 2283.1
1166810 2283.1
1166820 2281.8
1166830 2279.6
1166840 2277.6
1166850 2277.6
1166860 2276.9
1166870 2276.6
1166880 2276.6
1166890 2276.2
1166900 2273.7
1166910 2273.7
1166920 2270.3
1166930 2268.4
1166940 2268.4
1166950 2267.3
1166960 2266.1
1166970 2266.1
1166980 2265.6
1166990 2267.6
1167000 2267.6
1167010 2268.1
1167020 2268.4
1167030 2268.4
1167040 2269.6
1167050 2270.4
1167060 2271.4
1167070 2271.4
1167080 2274.5
1167090 2278.1
1167100 2278.1
1167110 2281.3
1167120 2284.3
1167130 2284.3
1167140 2287.8
1167150 2291.3
1167160 2291.3
1167170 2295.6
1167180 2301.1
1167190 2301.1
1167200 2311.4
1167210 2320.3
1167220 2320.3
1167230 2328.3
1167240 2334.0
1167250 2334.0
1167260 2338.0
1167270 2339.6
1167280 2339.2
1167290 2339.2
1167300 2340.1
1167310 2341.7
1167320 2341.7
1167330 2343.4
1167340 2343.2
1167350 2343.2
1167360 2343.9
1167370 2346.3
1167380 2346.3
1167390 2350.1
1167400 2354.3
1167410 2354.3
1167420 2357.6
1167430 2358.2
1167440 2358.2
1167450 2359.8
1167460 2365.3
1167470 2365.3
1167480 2371.4
1167490 2377.7
1167500 2383.5
1167510 2383.5
1167520 2389.2
1167530 2393.5
1167540 2393.5
1167550 2396.5
1167560 2400.1
1167570 2400.1
1167580 2404.3
1167590 2408.4
1167600 2408.4
1167610 2413.6
1167620 2418.3
1167630 2418.3
1167640 2421.8
1167650 2424.5
1167660 2424.5
1167670 2427.9
1167680 2431.7
1167690 2431.7
1167700 2434.6
1167710 2436.7
1167720 2438.6
1167730 2438.6
1167740 2440.5
1167750 2442.8
1167760 2442.8
1167770 2444.7
1167780 2446.2
1167790 2446.9
1167800 2448.9
1167810 2450.7
1167820 2450.7
1167830 2452.5
1167840 2454.5
1167850 2454.5
1167860 2456.4
1167870 2458.1
1167880 2458.1
1167890 2460.1
1167900 2461.9
1167910 2461.9
1167920 2463.6
1167930 2465.0
1167940 2466.7
1167950 2466.7
1167960 2469.3
1167970 2472.1
1167980 2472.1
1167990 2475.7
1168000 2480.0
1168010 2480.0
1168020 2484.3
1168030 2488.1
1168040 2488.1
1168050 2490.9
1168060 2492.3
1168070 2492.3
1168080 2492.5
1168090 2493.2
1168100 2493.2
1168110 2494.0
1168120 2494.3
1168130 2494.3
1168140 2494.9
1168150 2496.5
1168160 2498.8
1168170 2498.8
1168180 2501.1
1168190 2504.8
1168200 2504.8
1168210 2507.0
1168220 2508.9
1168230 2508.9
1168240 2511.2
1168250 2512.5
1168260 2512.5
1168270 2512.8
1168280 2514.8
1168290 2514.8
1168300 2517.7
1168310 2521.7
1168320 2521.7
1168330 2525.8
1168340 2529.2
1168350 2529.2
1168360 2532.2
1168370 2535.2
1168380 2538.9
1168390 2538.9
1168400 2543.5
1168410 2549.3
1168420 2549.3
1168430 2556.8
1168440 2563.4
1168450 2563.4
1168460 2567.3
1168470 2569.9
1168480 2569.9
1168490 2571.5
1168500 2571.6
1168510 2571.6
1168520 2570.8
1168530 2570.8
1168540 2570.8
1168550 2571.1
1168560 2571.9
1168570 2573.4
1168580 2573.4
1168590 2572.0
1168600 2575.3
1168610 2575.3
1168620 2578.9
1168630 2582.0
1168640 2582.0
1168650 2584.4
1168660 2586.9
1168670 2586.9
1168680 2589.4
1168690 2591.7
1168700 2591.7
1168710 2594.3
1168720 2597.2
1168730 2597.2
1168740 2600.5
1168750 2603.2
1168760 2603.2
1168770 2605.3
1168780 2607.0
1168790 2608.8
1168800 2608.8
1168810 2610.1
1168820 2610.5
1168830 2610.5
1168840 2612.0
1168850 2613.9
1168860 2613.9
1168870 2615.3
1168880 2617.5
1168890 2617.5
1168900 2620.1
1168910 2622.4
1168920 2622.4
1168930 2624.9
1168940 2627.7
1168950 2627.7
1168960 2630.9
1168970 2633.6
1168980 2633.6
1168990 2640.9
1169000 2644.6
1169010 2648.4
1169020 2648.4
1169030 2652.4
1169040 2656.5
1169050 2656.5
1169060 2661.6
1169070 2667.1
1169080 2667.1
1169090 2670.2
1169100 2674.3
1169110 2674.3
1169120 2678.3
1169130 2682.6
1169140 2682.6
1169150 2688.6
1169160 2697.6
1169170 2697.6
1169180 2702.0
1169190 2706.1
1169200 2706.1
1169210 2713.8
1169220 2721.9
1169230 2727.4
1169240 2727.4
1169250 2731.6
1169260 2733.8
1169270 2733.8
1169280 2736.5
1169290 2737.0
1169300 2737.0
1169310 2737.6
1169320 2738.0
1169330 2738.0
1169340 2736.4
1169350 2736.2
1169360 2736.2
1169370 2739.6
1169380 2745.4
1169390 2746.3
1169400 2753.0
1169410 2759.8
1169420 2759.8
1169430 2769.1
1169440 2780.7
1169450 2790.4
1169460 2790.4
1169470 2800.7
1169480 2812.7
1169490 2812.7
1169500 2827.3
1169510 2839.0
1169520 2839.0
1169530 2843.0
1169540 2846.9
1169550 2846.9
1169560 2846.6
1169570 2841.8
1169580 2841.8
1169590 2835.3
1169600 2828.8
1169610 2828.8
1169620 2823.4
1169630 2819.1
1169640 2819.1
1169650 2817.2
1169660 2815.9
1169670 2813.6
1169680 2813.6
1169690 2808.6
1169700 2803.0
1169710 2803.0
1169720 2797.1
1169730 2791.0
1169740 2791.0
1169750 2785.2
1169760 2781.2
1169770 2781.2
1169780 2779.7
1169790 2778.1
1169800 2778.1
1169810 2777.8
1169820 2777.9
1169830 2777.9
1169840 2778.0
1169850 2778.1
1169860 2778.1
1169870 2778.3
1169880 2778.6
1169890 2779.0
1169900 2779.0
1169910 2779.3
1169920 2779.6
1169930 2779.6
1169940 2780.6
1169950 2782.3
1169960 2782.3
1169970 2786.2
1169980 2787.1
1169990 2787.1
1170000 2792.3
1170010 2796.5
1170020 2796.5
1170030 2797.8
1170040 2798.1
1170050 2798.1
1170060 2799.0
1170070 2798.7
1170080 2798.7
1170090 2795.4
1170100 2787.1
1170110 2779.2
1170120 2779.2
1170130 2772.4
1170140 2766.0
1170150 2766.0
1170160 2761.3
1170170 2756.5
1170180 2756.5
1170190 2750.4
1170200 2747.0
1170210 2747.0
1170220 2743.5
1170230 2738.2
1170240 2738.2
1170250 2732.6
1170260 2728.2
1170270 2728.2
1170280 2724.7
1170290 2723.2
1170300 2722.5
1170310 2722.5
1170320 2722.4
1170330 2722.5
1170340 2722.5
1170350 2720.6
1170360 2717.0
1170370 2717.0
1170380 2712.6
1170390 2709.0
1170400 2709.0
1170410 2706.7
1170420 2704.5
1170430 2704.5
1170440 2702.3
1170450 2700.4
1170460 2700.4
1170470 2698.9
1170480 2698.2
1170490 2698.2
1170500 2698.3
1170510 2697.1
1170520 2696.2
1170530 2696.2
1170540 2695.6
1170550 2693.5
1170560 2693.5
1170570 2690.3
1170580 2687.6
1170590 2687.6
1170600 2689.3
1170610 2683.2
1170620 2683.2
1170630 2677.0
1170640 2672.5
1170650 2672.5
1170660 2668.3
1170670 2665.2
1170680 2665.2
1170690 2663.9
1170700 2664.4
1170710 2664.4
1170720 2665.2
1170730 2663.7
1170740 2661.7
1170750 2661.7
1170760 2662.0
1170770 2662.9
1170780 2662.9
1170790 2664.2
1170800 2664.0
1170810 2664.0
1170820 2664.3
1170830 2664.8
1170840 2664.8
1170850 2667.1
1170860 2670.6
1170870 2670.6
1170880 2675.3
1170890 2684.3
1170900 2684.3
1170910 2694.1
1170920 2699.9
1170930 2699.9
1170940 2698.6
1170950 2698.5
1170960 2702.4
1170970 2702.4
1170980 2703.8
1170990 2699.3
1171000 2691.0
1171010 2687.2
1171020 2682.2
1171030 2682.2
1171040 2677.9
1171050 2676.8
1171060 2676.8
1171070 2678.4
1171080 2682.4
1171090 2682.4
1171100 2688.6
1171110 2695.5
1171120 2695.5
1171130 2701.0
1171140 2705.4
1171150 2705.4
1171160 2708.0
1171170 2708.8
1171180 2714.1
1171190 2714.1
1171200 2716.3
1171210 2717.1
1171220 2717.1
1171230 2715.5
1171240 2713.6
1171250 2713.6
1171260 2709.2
1171270 2700.8
1171280 2700.8
1171290 2692.4
1171300 2682.9
1171310 2682.9
1171320 2673.3
1171330 2663.5
1171340 2663.5
1171350 2654.6
1171360 2648.0
1171370 2648.0
1171380 2641.0
1171390 2633.9
1171400 2628.1
1171410 2636.7
1171420 2634.2
1171430 2623.7
1171440 2623.7
1171450 2617.4
1171460 2611.5
1171470 2611.5
1171480 2606.1
1171490 2600.5
1171500 2600.5
1171510 2597.7
1171520 2596.8
1171530 2596.8
1171540 2594.3
1171550 2589.1
1171560 2589.1
1171570 2586.0
1171580 2582.9
1171590 2582.9
1171600 2577.3
1171610 2574.1
1171620 2573.7
1171630 2573.7
1171640 2570.5
1171650 2565.2
1171660 2565.2
1171670 2561.6
1171680 2558.2
1171690 2558.2
1171700 2553.4
1171710 2547.9
1171720 2547.9
1171730 2542.8
1171740 2537.2
1171750 2537.2
1171760 2536.9
1171770 2532.3
1171780 2532.3
1171790 2527.8
1171800 2528.6
1171810 2535.8
1171820 2536.8
1171830 2531.6
1171840 2523.7
1171850 2523.7
1171860 2520.5
1171870 2518.4
1171880 2518.4
1171890 2513.8
1171900 2507.6
1171910 2507.6
1171920 2497.5
1171930 2487.1
1171940 2487.1
1171950 2477.9
1171960 2470.2
1171970 2470.2
1171980 2464.1
1171990 2458.5
1172000 2458.5
1172010 2453.7
1172020 2448.8
1172030 2444.3
1172040 2444.3
1172050 2440.2
1172060 2436.8
1172070 2436.8
1172080 2434.3
1172090 2430.8
1172100 2430.8
1172110 2426.7
1172120 2423.0
1172130 2423.0
1172140 2420.2
1172150 2417.5
1172160 2417.5
1172170 2415.4
1172180 2413.4
1172190 2413.4
1172200 2411.2
1172210 2409.5
1172220 2413.0
1172230 2414.0
1172240 2415.1
1172250 2414.4
1172260 2414.4
1172270 2411.6
1172280 2407.4
1172290 2407.4
1172300 2400.4
1172310 2394.0
1172320 2394.0
1172330 2388.1
1172340 2382.1
1172350 2382.1
1172360 2374.8
1172370 2366.5
1172380 2366.5
1172390 2359.1
1172400 2354.0
1172410 2354.0
1172420 2349.0
1172430 2345.2
1172440 2345.2
1172450 2341.3
1172460 2334.6
1172470 2327.6
1172480 2327.6
1172490 2320.8
1172500 2313.2
1172510 2313.2
1172520 2305.6
1172530 2299.3
1172540 2299.3
1172550 2294.6
1172560 2292.1
1172570 2292.1
1172580 2289.9
1172590 2287.8
1172600 2287.8
1172610 2285.5
1172620 2281.4
1172630 2281.4
1172640 2278.3
1172650 2275.3
1172660 2275.3
1172670 2272.3
1172680 2269.2
1172690 2265.7
1172700 2265.7
1172710 2261.3
1172720 2256.1
1172730 2256.1
1172740 2250.8
1172750 2245.5
1172760 2245.5
1172770 2241.2
1172780 2238.5
1172790 2238.5
1172800 2236.4
1172810 2233.8
1172820 2233.8
1172830 2232.0
1172840 2230.4
1172850 2230.4
1172860 2227.9
1172870 2225.2
1172880 2225.2
1172890 2221.6
1172900 2216.6
1172910 2212.2
1172920 2212.2
1172930 2209.7
1172940 2208.3
1172950 2208.3
1172960 2206.6
1172970 2205.3
1172980 2205.3
1172990 2204.0
1173000 2202.1
1173010 2202.1
1173020 2199.9
1173030 2195.3
1173040 2195.3
1173050 2190.1
1173060 2188.9
1173070 2188.9
1173080 2191.1
1173090 2192.9
1173100 2192.9
1173110 2192.5
1173120 2190.8
1173130 2189.2
1173140 2189.2
1173150 2186.9
1173160 2183.5
1173170 2183.5
1173180 2182.6
1173190 2184.3
1173200 2184.3
1173210 2186.1
1173220 2187.2
1173230 2187.2
1173240 2189.5
1173250 2191.9
1173260 2191.9
1173270 2193.7
1173280 2195.3
1173290 2195.3
1173300 2195.5
1173310 2197.0
1173320 2197.0
1173330 2198.1
1173340 2197.6
1173350 2196.5
1173360 2196.5
1173370 2195.9
1173380 2194.3
1173390 2194.3
1173400 2191.8
1173410 2190.0
1173420 2190.0
1173430 2188.7
1173440 2191.8
1173450 2191.8
1173460 2191.4
1173470 2190.5
1173480 2190.5
1173490 2189.4
1173500 2188.9
1173510 2188.9
1173520 2187.2
1173530 2185.9
1173540 2185.9
1173550 2183.0
1173560 2183.5
1173570 2186.2
1173580 2186.2
1173590 2188.1
1173600 2189.7
1173610 2189.7
1173620 2192.2
1173630 2195.1
1173640 2195.1
1173650 2197.9
1173660 2200.7
1173670 2200.7
1173680 2202.0
1173690 2201.9
1173700 2201.9
1173710 2201.5
1173720 2201.5
1173730 2201.5
1173740 2200.3
1173750 2198.4
1173760 2197.4
1173770 2197.4
1173780 2197.3
1173790 2198.1
1173800 2198.1
1173810 2198.1
1173820 2196.5
1173830 2196.5
1173840 2193.8
1173850 2191.9
1173860 2191.9
1173870 2189.9
1173880 2188.7
1173890 2188.7
1173900 2186.2
1173910 2184.9
1173920 2184.9
1173930 2185.0
1173940 2185.9
1173950 2185.9
1173960 2187.1
1173970 2188.0
1173980 2187.9
1173990 2187.9
1174000 2187.8
1174010 2187.0
1174020 2187.0
1174030 2185.8
1174040 2183.9
1174050 2183.9
1174060 2182.7
1174070 2182.3
1174080 2182.3
1174090 2182.6
1174100 2184.0
1174110 2184.0
1174120 2185.8
1174130 2187.6
1174140 2187.6
1174150 2189.3
1174160 2190.1
1174170 2190.1
1174180 2189.2
1174190 2189.4
1174200 2191.0
1174210 2191.0
1174220 2190.9
1174230 2188.8
1174240 2188.8
1174250 2189.5
1174260 2183.6
1174270 2183.6
1174280 2177.5
1174290 2170.9
1174300 2170.9
1174310 2165.5
1174320 2160.2
1174330 2160.2
1174340 2155.4
1174350 2152.5
1174360 2152.5
1174370 2149.9
1174380 2145.9
1174390 2145.9
1174400 2141.5
1174410 2137.5
1174420 2134.2
1174430 2134.2
1174440 2131.4
1174450 2128.0
1174460 2128.0
1174470 2123.1
1174480 2118.7
1174490 2118.7
1174500 2113.0
1174510 2107.3
1174520 2107.3
1174530 2105.7
1174540 2106.4
1174550 2106.4
1174560 2104.4
1174570 2101.8
1174580 2101.8
1174590 2099.5
1174600 2097.2
1174610 2097.2
1174620 2094.7
1174630 2091.8
1174640 2089.1
1174650 2089.1
1174660 2092.2
1174670 2089.4
1174680 2089.4
1174690 2086.7
1174700 2084.0
1174710 2084.0
1174720 2081.1
1174730 2078.3
1174740 2078.3
1174750 2075.4
1174760 2072.3
1174770 2072.3
1174780 2069.3
1174790 2067.0
1174800 2067.0
1174810 2065.8
1174820 2064.6
1174830 2064.6
1174840 2062.5
1174850 2060.6
1174860 2059.1
1174870 2059.1
1174880 2057.9
1174890 2056.1
1174900 2056.1
1174910 2053.7
1174920 2049.9
1174930 2049.9
1174940 2043.4
1174950 2035.9
1174960 2035.9
1174970 2029.1
1174980 2022.7
1174990 2022.7
1175000 2016.9
1175010 2012.7
1175020 2012.7
1175030 2007.9
1175040 2003.4
1175050 2003.4
1175060 2000.1
1175070 2000.3
1175080 1996.6
1175090 1996.6
1175100 1993.0
1175110 1989.8
1175120 1989.8
1175130 1987.1
1175140 1985.0
1175150 1985.0
1175160 1983.3
1175170 1983.1
1175180 1983.1
1175190 1983.8
1175200 1983.4
1175210 1983.4
1175220 1981.6
1175230 1979.4
1175240 1979.4
1175250 1977.0
1175260 1974.3
1175270 1972.8
1175280 1972.8
1175290 1970.8
1175300 1969.0
1175310 1969.0
1175320 1966.8
1175330 1964.3
1175340 1964.3
1175350 1961.9
1175360 1959.2
1175370 1959.2
1175380 1957.1
1175390 1956.0
1175400 1956.0
1175410 1955.0
1175420 1953.5
1175430 1953.5
1175440 1952.1
1175450 1951.0
1175460 1951.0
1175470 1949.4
1175480 1949.3
1175490 1948.0
1175500 1948.0
1175510 1946.3
1175520 1944.1
1175530 1944.1
1175540 1942.0
1175550 1939.8
1175560 1939.8
1175570 1938.1
1175580 1937.1
1175590 1937.1
1175600 1936.7
1175610 1936.6
1175620 1936.6
1175630 1936.5
1175640 1936.6
1175650 1936.6
1175660 1936.7
1175670 1936.9
1175680 1936.9
1175690 1937.1
1175700 1937.3
1175710 1937.5
1175720 1937.5
1175730 1938.0
1175740 1938.0
1175750 1938.0
1175760 1935.2
1175770 1933.3
1175780 1933.3
1175790 1932.6
1175800 1931.5
1175810 1931.5
1175820 1930.2
1175830 1928.5
1175840 1928.5
1175850 1928.3
1175860 1927.9
1175870 1927.9
1175880 1927.4
1175890 1928.0
1175900 1928.0
1175910 1927.8
1175920 1927.9
1175930 1927.7
1175940 1927.7
1175950 1926.8
1175960 1925.5
1175970 1925.5
1175980 1924.6
1175990 1925.9
1176000 1925.9
1176010 1927.9
1176020 1928.9
1176030 1928.9
1176040 1929.0
1176050 1928.6
1176060 1928.6
1176070 1929.0
1176080 1930.6
1176090 1930.6
1176100 1931.7
1176110 1932.6
1176120 1932.6
1176130 1933.2
1176140 1934.1
1176150 1935.8
1176160 1935.8
1176170 1937.8
1176180 1939.4
1176190 1939.4
1176200 1940.6
1176210 1942.0
1176220 1942.0
1176230 1943.8
1176240 1946.2
1176250 1946.2
1176260 1949.4
1176270 1950.6
1176280 1950.6
1176290 1950.9
1176300 1951.2
1176310 1951.2
1176320 1951.3
1176330 1952.5
1176340 1952.5
1176350 1953.5
1176360 1954.2
1176370 1954.7
1176380 1954.7
1176390 1954.0
1176400 1954.1
1176410 1954.1
1176420 1954.3
1176430 1954.3
1176440 1954.3
1176450 1954.1
1176460 1953.4
1176470 1953.4
1176480 1952.7
1176490 1952.5
1176500 1952.5
1176510 1952.2
1176520 1951.7
1176530 1951.7
1176540 1951.9
1176550 1952.7
1176560 1952.7
1176570 1953.8
1176580 1954.7
1176590 1955.7
1176600 1955.7
1176610 1956.9
1176620 1958.6
1176630 1958.6
1176640 1960.1
1176650 1961.5
1176660 1961.5
1176670 1962.9
1176680 1964.7
1176690 1964.7
1176700 1966.5
1176710 1973.4
1176720 1973.4
1176730 1974.8
1176740 1976.3
1176750 1976.3
1176760 1977.8
1176770 1979.1
1176780 1979.1
1176790 1979.9
1176800 1980.5
1176810 1980.6
1176820 1980.6
1176830 1980.3
1176840 1979.7
1176850 1979.7
1176860 1979.0
1176870 1978.6
1176880 1978.6
1176890 1977.9
1176900 1977.1
1176910 1977.1
1176920 1975.7
1176930 1973.8
1176940 1973.8
1176950 1971.5
1176960 1969.0
1176970 1969.0
1176980 1966.4
1176990 1963.9
1177000 1961.4
1177010 1961.4
1177020 1959.0
1177030 1956.6
1177040 1956.6
1177050 1954.4
1177060 1951.4
1177070 1951.4
1177080 1947.9
1177090 1943.3
1177100 1943.3
1177110 1938.4
1177120 1933.5
1177130 1935.4
1177140 1930.8
1177150 1926.4
1177160 1926.4
1177170 1922.4
1177180 1919.0
1177190 1919.0
1177200 1916.1
1177210 1913.9
1177220 1912.1
1177230 1912.1
1177240 1910.5
1177250 1908.6
1177260 1908.6
1177270 1906.1
1177280 1904.1
1177290 1904.1
1177300 1901.4
1177310 1898.2
1177320 1898.2
1177330 1895.2
1177340 1892.6
1177350 1892.6
1177360 1889.8
1177370 1886.5
1177380 1886.5
1177390 1882.8
1177400 1879.1
1177410 1879.1
1177420 1875.3
1177430 1871.7
1177440 1868.5
1177450 1868.5
1177460 1865.5
1177470 1863.1
1177480 1863.1
1177490 1860.6
1177500 1857.3
1177510 1857.3
1177520 1854.4
1177530 1851.7
1177540 1851.1
1177550 1848.6
1177560 1846.1
1177570 1846.1
1177580 1843.2
1177590 1839.5
1177600 1839.5
1177610 1836.0
1177620 1834.4
1177630 1834.4
1177640 1833.7
1177650 1831.9
1177660 1829.8
1177670 1829.8
1177680 1827.4
1177690 1825.4
1177700 1825.4
1177710 1822.9
1177720 1820.7
1177730 1820.7
1177740 1818.3
1177750 1817.6
1177760 1817.6
1177770 1817.8
1177780 1817.7
1177790 1817.7
1177800 1816.7
1177810 1815.6
1177820 1815.6
1177830 1814.3
1177840 1812.6
1177850 1812.6
1177860 1811.5
1177870 1810.6
1177880 1809.4
1177890 1809.4
1177900 1808.3
1177910 1807.0
1177920 1807.0
1177930 1805.4
1177940 1803.2
1177950 1804.7
1177960 1804.6
1177970 1803.9
1177980 1803.9
1177990 1802.7
1178000 1801.1
1178010 1801.1
1178020 1799.1
1178030 1796.9
1178040 1796.9
1178050 1794.3
1178060 1791.5
1178070 1791.5
1178080 1788.1
1178090 1784.0
1178100 1779.3
1178110 1779.3
1178120 1774.7
1178130 1770.3
1178140 1770.3
1178150 1766.4
1178160 1762.6
1178170 1762.6
1178180 1759.2
1178190 1756.1
1178200 1756.1
1178210 1753.5
1178220 1751.7
1178230 1751.7
1178240 1749.4
1178250 1745.5
1178260 1745.5
1178270 1741.8
1178280 1737.2
1178290 1737.2
1178300 1732.9
1178310 1729.6
1178320 1726.8
1178330 1726.8
1178340 1724.1
1178350 1721.4
1178360 1721.4
1178370 1720.7
1178380 1718.0
1178390 1718.0
1178400 1714.8
1178410 1711.5
1178420 1711.5
1178430 1708.5
1178440 1705.3
1178450 1705.3
1178460 1702.1
1178470 1697.9
1178480 1697.9
1178490 1692.0
1178500 1686.1
1178510 1686.1
1178520 1680.9
1178530 1677.1
1178540 1675.0
1178550 1675.0
1178560 1673.0
1178570 1671.5
1178580 1671.5
1178590 1669.5
1178600 1668.1
1178610 1668.1
1178620 1666.8
1178630 1666.0
1178640 1666.0
1178650 1665.0
1178660 1662.6
1178670 1662.6
1178680 1659.9
1178690 1658.0
1178700 1658.0
1178710 1656.4
1178720 1652.9
1178730 1649.1
1178740 1649.1
1178750 1646.6
1178760 1643.7
1178770 1643.7
1178780 1642.0
1178790 1640.0
1178800 1640.0
1178810 1636.6
1178820 1633.3
1178830 1633.3
1178840 1631.2
1178850 1630.1
1178860 1630.1
1178870 1627.7
1178880 1624.2
1178890 1624.2
1178900 1621.1
1178910 1618.4
1178920 1618.4
1178930 1615.5
1178940 1612.3
1178950 1609.3
1178960 1609.3
1178970 1606.7
1178980 1603.5
1178990 1603.5
1179000 1600.1
1179010 1596.2
1179020 1596.2
1179030 1594.6
1179040 1592.3
1179050 1592.3
1179060 1589.6
1179070 1587.5
1179080 1587.5
1179090 1585.2
1179100 1582.9
1179110 1582.9
1179120 1580.7
1179130 1579.5
1179140 1579.5
1179150 1577.0
1179160 1574.9
1179170 1572.4
1179180 1572.4
1179190 1569.3
1179200 1569.2
1179210 1569.2
1179220 1565.7
1179230 1562.3
1179240 1562.3
1179250 1558.9
1179260 1555.1
1179270 1555.1
1179280 1551.8
1179290 1548.1
1179300 1548.1
1179310 1544.6
1179320 1540.9
1179330 1540.9
1179340 1537.1
1179350 1533.3
1179360 1533.3
1179370 1529.9
1179380 1525.9
1179390 1521.9
1179400 1521.9
1179410 1517.2
1179420 1512.5
1179430 1512.5
1179440 1508.0
1179450 1504.4
1179460 1504.4
1179470 1500.0
1179480 1495.2
1179490 1495.2
1179500 1491.7
1179510 1488.5
1179520 1488.5
1179530 1484.8
1179540 1481.0
1179550 1481.0
1179560 1477.5
1179570 1474.2
1179580 1474.2
1179590 1470.9
1179600 1467.5
1179610 1463.7
1179620 1463.7
1179630 1460.2
1179640 1457.0
1179650 1457.0
1179660 1454.8
1179670 1453.2
1179680 1453.2
1179690 1450.9
1179700 1450.1
1179710 1450.1
1179720 1447.5
1179730 1442.7
1179740 1442.7
1179750 1439.3
1179760 1435.4
1179770 1435.4
1179780 1431.8
1179790 1428.8
1179800 1428.8
1179810 1426.6
1179820 1424.8
1179830 1424.0
1179840 1424.0
1179850 1424.8
1179860 1426.7
1179870 1426.7
1179880 1429.0
1179890 1430.8
1179900 1430.8
1179910 1432.2
1179920 1432.7
1179930 1432.7
1179940 1430.9
1179950 1428.3
1179960 1428.3
1179970 1424.0
1179980 1415.8
1179990 1415.8
