1160000 2360.0
1160010 2359.4
1160020 2359.4
1160030 2358.1
1160040 2357.2
1160050 2357.2
1160060 2353.5
1160070 2348.6
1160080 2348.6
1160090 2345.7
1160100 2342.6
1160110 2342.6
1160120 2338.6
1160130 2338.0
1160140 2338.0
1160150 2333.1
1160160 2327.5
1160170 2327.5
1160180 2322.7
1160190 2320.2
1160200 2320.2
1160210 2318.8
1160220 2319.1
1160230 2319.8
1160240 2319.8
1160250 2321.3
1160260 2324.5
1160270 2324.5
1160280 2327.8
1160290 2330.1
1160300 2330.1
1160310 2332.3
1160320 2337.5
1160330 2337.5
1160340 2344.8
1160350 2352.1
1160360 2352.1
1160370 2359.4
1160380 2366.9
1160390 2366.9
1160400 2374.2
1160410 2381.5
1160420 2381.5
1160430 2392.5
1160440 2409.9
1160450 2413.4
1160460 2413.4
1160470 2411.7
1160480 2409.4
1160490 2409.4
1160500 2409.4
1160510 2412.0
1160520 2417.6
1160530 2421.6
1160540 2425.0
1160550 2425.0
1160560 2419.8
1160570 2412.7
1160580 2412.7
1160590 2405.0
1160600 2395.1
1160610 2395.1
1160620 2386.1
1160630 2378.1
1160640 2378.1
1160650 2371.3
1160660 2365.7
1160670 2360.7
1160680 2360.7
1160690 2355.3
1160700 2349.1
1160710 2349.1
1160720 2342.4
1160730 2336.3
1160740 2336.3
1160750 2328.9
1160760 2322.8
1160770 2322.8
1160780 2317.7
1160790 2313.6
1160800 2313.6
1160810 2309.9
1160820 2308.2
1160830 2308.2
1160840 2309.1
1160850 2306.5
1160860 2306.5
1160870 2302.5
1160880 2299.2
1160890 2296.6
1160900 2296.6
1160910 2295.9
1160920 2294.2
1160930 2294.2
1160940 2292.7
1160950 2292.2
1160960 2292.2
1160970 2291.6
1160980 2291.7
1160990 2291.7
1161000 2291.6
1161010 2292.6
1161020 2292.6
1161030 2295.6
1161040 2300.0
1161050 2300.0
1161060 2304.6
1161070 2308.6
1161080 2308.6
1161090 2312.4
1161100 2314.2
1161110 2315.4
1161120 2315.4
1161130 2317.4
1161140 2318.4
1161150 2318.4
1161160 2320.2
1161170 2320.6
1161180 2320.6
1161190 2320.8
1161200 2323.1
1161210 2323.1
1161220 2324.5
1161230 2325.9
1161240 2325.9
1161250 2328.0
1161260 2329.3
1161270 2329.3
1161280 2329.3
1161290 2328.4
1161300 2327.3
1161310 2337.3
1161320 2335.7
1161330 2333.3
1161340 2333.3
1161350 2331.3
1161360 2329.5
1161370 2329.5
1161380 2327.7
1161390 2324.2
1161400 2324.2
1161410 2322.6
1161420 2323.1
1161430 2323.1
1161440 2323.8
1161450 2323.4
1161460 2323.4
1161470 2320.5
1161480 2317.2
1161490 2317.2
1161500 2316.2
1161510 2314.0
1161520 2312.6
1161530 2312.6
1161540 2314.0
1161550 2315.6
1161560 2315.6
1161570 2314.9
1161580 2314.5
1161590 2314.5
1161600 2313.2
1161610 2305.7
1161620 2305.7
1161630 2301.3
1161640 2301.8
1161650 2301.8
1161660 2303.3
1161670 2301.4
1161680 2301.4
1161690 2298.6
1161700 2306.8
1161710 2306.8
1161720 2308.4
1161730 2310.9
1161740 2313.3
1161750 2313.3
1161760 2314.9
1161770 2316.3
1161780 2316.3
1161790 2319.0
1161800 2323.0
1161810 2323.0
1161820 2325.4
1161830 2327.2
1161840 2327.2
1161850 2329.3
1161860 2329.1
1161870 2329.1
1161880 2328.7
1161890 2329.3
1161900 2329.3
1161910 2329.9
1161920 2334.8
1161930 2334.8
1161940 2340.0
1161950 2345.3
1161960 2350.2
1161970 2350.2
1161980 2355.0
1161990 2360.6
1162000 2360.6
1162010 2368.1
1162020 2376.0
1162030 2376.0
1162040 2378.7
1162050 2377.8
1162060 2377.8
1162070 2378.7
1162080 2377.8
1162090 2377.9
1162100 2373.1
1162110 2367.5
1162120 2367.5
1162130 2361.9
1162140 2355.6
1162150 2355.6
1162160 2349.3
1162170 2341.4
1162180 2333.6
1162190 2333.6
1162200 2325.9
1162210 2317.2
1162220 2317.2
1162230 2309.8
1162240 2303.5
1162250 2303.5
1162260 2297.6
1162270 2291.0
1162280 2291.0
1162290 2283.3
1162300 2274.5
1162310 2274.5
1162320 2266.3
1162330 2258.6
1162340 2258.6
1162350 2251.6
1162360 2244.8
1162370 2244.8
1162380 2238.0
1162390 2232.0
1162400 2225.8
1162410 2225.8
1162420 2218.7
1162430 2210.4
1162440 2210.4
1162450 2202.6
1162460 2195.1
1162470 2195.1
1162480 2183.7
1162490 2176.3
1162500 2176.3
1162510 2168.9
1162520 2161.6
1162530 2161.6
1162540 2153.2
1162550 2145.0
1162560 2145.0
1162570 2137.0
1162580 2130.3
1162590 2130.3
1162600 2121.2
1162610 2110.1
1162620 2100.9
1162630 2100.9
1162640 2092.8
1162650 2086.6
1162660 2086.6
1162670 2079.6
1162680 2067.1
1162690 2067.1
1162700 2054.0
1162710 2043.5
1162720 2043.5
1162730 2031.7
1162740 2022.0
1162750 2022.0
1162760 2013.2
1162770 2004.6
1162780 2004.6
1162790 1996.4
1162800 1988.9
1162810 1988.9
1162820 1981.3
1162830 1974.2
1162840 1967.3
1162850 1967.3
1162860 1961.1
1162870 1954.5
1162880 1953.7
1162890 1947.9
1162900 1942.7
1162910 1942.7
1162920 1937.2
1162930 1931.9
1162940 1931.9
1162950 1926.5
1162960 1920.6
1162970 1920.6
1162980 1915.2
1162990 1910.5
1163000 1910.5
1163010 1905.9
1163020 1901.5
1163030 1901.5
1163040 1896.6
1163050 1891.3
1163060 1886.1
1163070 1886.1
1163080 1881.1
1163090 1877.8
1163100 1877.8
1163110 1875.6
1163120 1874.1
1163130 1874.1
1163140 1875.5
1163150 1877.4
1163160 1877.4
1163170 1879.1
1163180 1881.3
1163190 1881.3
1163200 1883.1
1163210 1885.1
1163220 1885.1
1163230 1887.9
1163240 1891.4
1163250 1891.4
1163260 1895.0
1163270 1900.2
1163280 1904.9
1163290 1904.9
1163300 1909.3
1163310 1913.9
1163320 1913.9
1163330 1919.3
1163340 1925.1
1163350 1925.1
1163360 1930.9
1163370 1937.1
1163380 1937.1
1163390 1943.4
1163400 1950.2
1163410 1950.2
1163420 1956.6
1163430 1963.1
1163440 1963.1
1163450 1969.7
1163460 1975.5
1163470 1975.5
1163480 1980.8
1163490 1986.0
1163500 1993.1
1163510 1993.1
1163520 2001.2
1163530 2011.7
1163540 2011.7
1163550 2021.8
1163560 2030.1
1163570 2030.1
1163580 2038.4
1163590 2046.4
1163600 2046.4
1163610 2057.6
1163620 2067.4
1163630 2067.4
1163640 2077.6
1163650 2086.8
1163660 2086.8
1163670 2092.5
1163680 2100.8
1163690 2100.8
1163700 2111.3
1163710 2121.7
1163720 2129.7
1163730 2129.7
1163740 2137.4
1163750 2145.3
1163760 2145.3
1163770 2154.0
1163780 2162.1
1163790 2162.1
1163800 2170.8
1163810 2178.4
1163820 2178.4
1163830 2185.3
1163840 2192.2
1163850 2192.2
1163860 2199.5
1163870 2206.3
1163880 2206.3
1163890 2213.1
1163900 2219.7
1163910 2226.1
1163920 2226.1
1163930 2233.0
1163940 2240.5
1163950 2240.5
1163960 2248.3
1163970 2255.5
1163980 2255.5
1163990 2262.2
1164000 2268.2
1164010 2268.2
1164020 2274.6
1164030 2280.5
1164040 2280.5
1164050 2286.5
1164060 2293.8
1164070 2293.8
1164080 2300.3
1164090 2307.4
1164100 2307.4
1164110 2311.5
1164120 2316.0
1164130 2320.8
1164140 2320.8
1164150 2325.4
1164160 2329.5
1164170 2329.5
1164180 2334.0
1164190 2338.7
1164200 2338.7
1164210 2343.2
1164220 2347.6
1164230 2347.6
1164240 2352.5
1164250 2357.5
1164260 2357.5
1164270 2362.3
1164280 2366.7
1164290 2366.7
1164300 2371.7
1164310 2376.8
1164320 2376.8
1164330 2381.4
1164340 2386.4
1164350 2392.3
1164360 2392.3
1164370 2395.7
1164380 2399.3
1164390 2399.3
1164400 2403.6
1164410 2407.7
1164420 2407.7
1164430 2411.9
1164440 2415.6
1164450 2415.6
1164460 2421.5
1164470 2422.3
1164480 2422.3
1164490 2422.5
1164500 2425.1
1164510 2425.1
1164520 2428.7
1164530 2432.8
1164540 2432.8
1164550 2436.3
1164560 2438.9
1164570 2440.9
1164580 2440.9
1164590 2441.7
1164600 2441.4
1164610 2441.4
1164620 2442.3
1164630 2444.2
1164640 2444.2
1164650 2445.4
1164660 2446.3
1164670 2446.3
1164680 2447.5
1164690 2449.7
1164700 2449.7
1164710 2452.3
1164720 2454.6
1164730 2454.6
1164740 2456.9
1164750 2459.2
1164760 2459.2
1164770 2462.3
1164780 2464.6
1164790 2467.2
1164800 2467.2
1164810 2470.8
1164820 2475.0
1164830 2475.0
1164840 2479.8
1164850 2490.0
1164860 2490.0
1164870 2493.3
1164880 2496.7
1164890 2496.7
1164900 2500.4
1164910 2503.8
1164920 2503.8
1164930 2506.1
1164940 2506.7
1164950 2506.7
1164960 2508.0
1164970 2512.3
1164980 2512.3
1164990 2515.6
1165000 2516.2
1165010 2515.8
1165020 2515.8
1165030 2516.7
1165040 2516.6
1165050 2516.6
1165060 2516.5
1165070 2517.6
1165080 2517.6
1165090 2518.5
1165100 2521.0
1165110 2521.0
1165120 2524.8
1165130 2530.1
1165140 2530.1
1165150 2534.3
1165160 2536.9
1165170 2536.9
1165180 2540.5
1165190 2543.1
1165200 2543.1
1165210 2544.1
1165220 2545.3
1165230 2547.1
1165240 2547.1
1165250 2555.0
1165260 2557.0
1165270 2557.0
1165280 2560.5
1165290 2564.4
1165300 2564.4
1165310 2568.3
1165320 2572.6
1165330 2572.6
1165340 2576.3
1165350 2579.0
1165360 2579.0
1165370 2581.3
1165380 2583.5
1165390 2583.5
1165400 2585.7
1165410 2589.6
1165420 2589.6
1165430 2593.8
1165440 2601.8
1165450 2612.7
1165460 2612.7
1165470 2617.0
1165480 2620.8
1165490 2620.8
1165500 2626.0
1165510 2622.0
1165520 2622.0
1165530 2615.4
1165540 2613.1
1165550 2613.1
1165560 2604.8
1165570 2598.2
1165580 2598.2
1165590 2588.0
1165600 2580.1
1165610 2580.1
1165620 2565.9
1165630 2554.4
1165640 2554.4
1165650 2534.7
1165660 2525.5
1165670 2519.9
1165680 2519.9
1165690 2509.3
1165700 2496.7
1165710 2496.7
1165720 2491.4
1165730 2488.3
1165740 2488.3
1165750 2485.7
1165760 2481.7
1165770 2481.7
1165780 2476.8
1165790 2471.8
1165800 2471.8
1165810 2466.4
1165820 2460.8
1165830 2460.8
1165840 2455.1
1165850 2449.5
1165860 2449.5
1165870 2444.2
1165880 2439.1
1165890 2434.5
1165900 2434.5
1165910 2429.4
1165920 2422.7
1165930 2422.7
1165940 2416.7
1165950 2411.1
1165960 2411.1
1165970 2405.1
1165980 2400.1
1165990 2400.1
1166000 2396.4
1166010 2392.3
1166020 2392.3
1166030 2387.4
1166040 2380.9
1166050 2380.9
1166060 2376.4
1166070 2371.3
1166080 2371.3
1166090 2366.0
1166100 2360.9
1166110 2356.4
1166120 2356.4
1166130 2351.6
1166140 2347.0
1166150 2347.0
1166160 2343.0
1166170 2339.5
1166180 2339.5
1166190 2336.2
1166200 2332.6
1166210 2332.6
1166220 2329.5
1166230 2326.3
1166240 2326.3
1166250 2323.7
1166260 2321.8
1166270 2321.8
1166280 2320.3
1166290 2318.5
1166300 2316.9
1166310 2316.9
1166320 2315.4
1166330 2314.3
1166340 2314.3
1166350 2312.2
1166360 2309.7
1166370 2309.7
1166380 2308.0
1166390 2305.6
1166400 2305.6
1166410 2303.5
1166420 2302.2
1166430 2302.2
1166440 2300.0
1166450 2298.3
1166460 2298.3
1166470 2296.5
1166480 2294.1
1166490 2294.1
1166500 2291.3
1166510 2288.4
1166520 2286.1
1166530 2286.1
1166540 2284.4
1166550 2281.7
1166560 2281.7
1166570 2278.1
1166580 2276.3
1166590 2276.3
1166600 2277.1
1166610 2275.8
1166620 2275.8
1166630 2270.3
1166640 2263.4
1166650 2263.4
1166660 2257.0
1166670 2250.2
1166680 2250.2
1166690 2243.5
1166700 2236.1
1166710 2236.1
1166720 2228.9
1166730 2222.1
1166740 2215.9
1166750 2215.9
1166760 2210.3
1166770 2205.2
1166780 2205.2
1166790 2201.1
1166800 2197.7
1166810 2197.7
1166820 2195.6
1166830 2194.3
1166840 2196.9
1166850 2195.2
1166860 2193.3
1166870 2193.3
1166880 2193.0
1166890 2192.8
1166900 2192.8
1166910 2191.9
1166920 2191.2
1166930 2191.2
1166940 2189.7
1166950 2188.5
1166960 2188.3
1166970 2188.3
1166980 2188.5
1166990 2188.2
1167000 2188.2
1167010 2186.8
1167020 2187.2
1167030 2187.2
1167040 2188.0
1167050 2189.5
1167060 2189.5
1167070 2191.3
1167080 2191.6
1167090 2191.6
1167100 2191.4
1167110 2191.2
1167120 2191.2
1167130 2191.0
1167140 2191.4
1167150 2191.4
1167160 2192.8
1167170 2194.2
1167180 2194.5
1167190 2194.5
1167200 2194.0
1167210 2194.3
1167220 2194.3
1167230 2196.7
1167240 2201.9
1167250 2201.9
1167260 2201.8
1167270 2202.2
1167280 2202.2
1167290 2204.4
1167300 2209.7
1167310 2209.7
1167320 2215.5
1167330 2218.9
1167340 2218.9
1167350 2220.3
1167360 2219.8
1167370 2219.8
1167380 2219.9
1167390 2220.2
1167400 2220.8
1167410 2220.8
1167420 2221.8
1167430 2224.3
1167440 2224.3
1167450 2225.2
1167460 2223.5
1167470 2223.5
1167480 2223.3
1167490 2226.6
1167500 2226.6
1167510 2231.2
1167520 2236.9
1167530 2236.9
1167540 2242.4
1167550 2247.5
1167560 2247.5
1167570 2253.1
1167580 2259.4
1167590 2259.4
1167600 2266.0
1167610 2273.0
1167620 2280.7
1167630 2280.7
1167640 2296.4
1167650 2307.1
1167660 2307.1
1167670 2327.5
1167680 2350.7
1167690 2350.7
1167700 2359.7
1167710 2363.7
1167720 2363.7
1167730 2365.9
1167740 2368.2
1167750 2368.2
1167760 2370.8
1167770 2372.9
1167780 2372.9
1167790 2374.1
1167800 2376.2
1167810 2376.2
1167820 2378.5
1167830 2382.1
1167840 2385.6
1167850 2385.6
1167860 2389.8
1167870 2395.5
1167880 2395.5
1167890 2401.9
1167900 2408.1
1167910 2408.1
1167920 2411.5
1167930 2411.2
1167940 2411.2
1167950 2409.2
1167960 2407.3
1167970 2407.3
1167980 2405.2
1167990 2404.8
1168000 2404.8
1168010 2405.7
1168020 2406.4
1168030 2406.4
1168040 2410.3
1168050 2411.9
1168060 2412.3
1168070 2412.3
1168080 2413.0
1168090 2414.0
1168100 2414.0
1168110 2415.2
1168120 2416.6
1168130 2416.6
1168140 2419.4
1168150 2423.5
1168160 2423.5
1168170 2428.7
1168180 2434.1
1168190 2434.1
1168200 2438.8
1168210 2441.4
1168220 2441.4
1168230 2442.3
1168240 2442.4
1168250 2442.4
1168260 2442.5
1168270 2442.5
1168280 2442.2
1168290 2442.2
1168300 2441.7
1168310 2440.8
1168320 2440.8
1168330 2440.4
1168340 2440.3
1168350 2440.3
1168360 2440.5
1168370 2441.9
1168380 2441.9
1168390 2445.4
1168400 2449.5
1168410 2449.5
1168420 2454.4
1168430 2459.8
1168440 2459.4
1168450 2464.7
1168460 2470.4
1168470 2470.4
1168480 2476.5
1168490 2482.7
1168500 2488.6
1168510 2488.6
1168520 2493.4
1168530 2500.3
1168540 2500.3
1168550 2507.7
1168560 2514.9
1168570 2514.9
1168580 2522.1
1168590 2529.4
1168600 2529.4
1168610 2536.6
1168620 2544.4
1168630 2544.4
1168640 2553.0
1168650 2564.0
1168660 2564.0
1168670 2575.6
1168680 2581.9
1168690 2588.3
1168700 2588.3
1168710 2592.1
1168720 2592.7
1168730 2592.7
1168740 2592.5
1168750 2592.3
1168760 2592.3
1168770 2592.9
1168780 2594.0
1168790 2594.0
1168800 2595.1
1168810 2597.1
1168820 2597.1
1168830 2600.7
1168840 2606.4
1168850 2606.4
1168860 2610.9
1168870 2615.2
1168880 2615.2
1168890 2622.0
1168900 2629.5
1168910 2636.6
1168920 2636.6
1168930 2643.4
1168940 2651.2
1168950 2651.2
1168960 2659.6
1168970 2668.1
1168980 2668.1
1168990 2674.7
1169000 2682.2
1169010 2682.2
1169020 2689.3
1169030 2697.1
1169040 2697.1
1169050 2705.5
1169060 2711.8
1169070 2711.8
1169080 2717.4
1169090 2724.3
1169100 2724.3
1169110 2731.3
1169120 2740.5
1169130 2749.0
1169140 2749.0
1169150 2758.8
1169160 2768.9
1169170 2768.9
1169180 2777.2
1169190 2777.7
1169200 2777.7
1169210 2773.4
1169220 2767.8
1169230 2767.8
1169240 2771.7
1169250 2766.0
1169260 2766.0
1169270 2760.3
1169280 2756.2
1169290 2756.2
1169300 2752.4
1169310 2749.1
1169320 2749.1
1169330 2746.7
1169340 2743.9
1169350 2740.3
1169360 2740.3
1169370 2737.5
1169380 2737.7
1169390 2737.7
1169400 2737.8
1169410 2737.4
1169420 2737.4
1169430 2737.1
1169440 2735.2
1169450 2735.2
1169460 2732.2
1169470 2731.0
1169480 2731.0
1169490 2730.3
1169500 2728.8
1169510 2728.8
1169520 2729.3
1169530 2730.3
1169540 2730.3
1169550 2730.1
1169560 2728.8
1169570 2729.4
1169580 2729.4
1169590 2730.9
1169600 2730.8
1169610 2730.8
1169620 2731.1
1169630 2732.5
1169640 2732.5
1169650 2739.3
1169660 2740.8
1169670 2740.8
1169680 2741.8
1169690 2743.3
1169700 2743.3
1169710 2746.6
1169720 2749.9
1169730 2749.9
1169740 2752.9
1169750 2756.5
1169760 2756.5
1169770 2760.3
1169780 2766.5
1169790 2778.8
1169800 2778.8
1169810 2787.2
1169820 2790.9
1169830 2790.9
1169840 2795.0
1169850 2802.7
1169860 2802.7
1169870 2806.4
1169880 2805.2
1169890 2805.2
1169900 2807.0
1169910 2810.3
1169920 2810.3
1169930 2815.3
1169940 2820.4
1169950 2820.4
1169960 2827.1
1169970 2834.6
1169980 2834.6
1169990 2841.0
1170000 2847.3
1170010 2856.3
1170020 2856.3
1170030 2866.2
1170040 2874.6
1170050 2886.0
1170060 2893.2
1170070 2899.8
1170080 2899.8
1170090 2905.7
1170100 2910.6
1170110 2910.6
1170120 2911.8
1170130 2908.8
1170140 2908.8
1170150 2903.8
1170160 2900.9
1170170 2900.9
1170180 2899.6
1170190 2895.0
1170200 2895.0
1170210 2891.1
1170220 2888.5
1170230 2887.8
1170240 2887.8
1170250 2890.7
1170260 2892.8
1170270 2892.8
1170280 2894.8
1170290 2898.2
1170300 2898.2
1170310 2902.8
1170320 2907.1
1170330 2907.1
1170340 2909.7
1170350 2912.1
1170360 2912.1
1170370 2912.6
1170380 2911.0
1170390 2911.0
1170400 2910.4
1170410 2908.4
1170420 2908.4
1170430 2904.1
1170440 2902.3
1170450 2903.4
1170460 2903.4
1170470 2903.7
1170480 2903.2
1170490 2903.2
1170500 2899.1
1170510 2893.2
1170520 2893.2
1170530 2889.7
1170540 2886.2
1170550 2886.2
1170560 2883.2
1170570 2882.9
1170580 2882.9
1170590 2882.2
1170600 2880.0
1170610 2880.0
1170620 2877.8
1170630 2876.6
1170640 2876.6
1170650 2872.8
1170660 2862.9
1170670 2857.5
1170680 2857.5
1170690 2855.1
1170700 2852.8
1170710 2852.8
1170720 2851.0
1170730 2848.2
1170740 2848.2
1170750 2844.9
1170760 2842.3
1170770 2842.3
1170780 2839.8
1170790 2838.3
1170800 2838.3
1170810 2837.5
1170820 2836.6
1170830 2836.6
1170840 2834.8
1170850 2831.4
1170860 2826.3
1170870 2826.3
1170880 2826.4
1170890 2826.9
1170900 2826.9
1170910 2826.7
1170920 2818.6
1170930 2818.6
1170940 2802.2
1170950 2788.7
1170960 2788.7
1170970 2782.3
1170980 2778.3
1170990 2778.3
1171000 2771.8
1171010 2767.1
1171020 2767.1
1171030 2761.7
1171040 2756.7
1171050 2756.7
1171060 2750.2
1171070 2746.3
1171080 2746.1
1171090 2746.1
1171100 2745.8
1171110 2747.5
1171120 2747.5
1171130 2747.6
1171140 2749.2
1171150 2749.2
1171160 2750.4
1171170 2752.5
1171180 2752.5
1171190 2752.9
1171200 2749.5
1171210 2749.5
1171220 2747.8
1171230 2747.1
1171240 2747.1
1171250 2743.9
1171260 2735.7
1171270 2735.7
1171280 2742.5
1171290 2737.0
1171300 2726.3
1171310 2726.3
1171320 2714.5
1171330 2702.5
1171340 2702.5
1171350 2693.7
1171360 2685.5
1171370 2685.5
1171380 2672.7
1171390 2660.1
1171400 2660.1
1171410 2651.7
1171420 2644.7
1171430 2644.7
1171440 2638.0
1171450 2630.4
1171460 2630.4
1171470 2621.0
1171480 2610.2
1171490 2610.2
1171500 2595.9
1171510 2586.2
1171520 2575.4
1171530 2575.4
1171540 2563.4
1171550 2554.8
1171560 2554.8
1171570 2547.9
1171580 2540.9
1171590 2540.9
1171600 2534.6
1171610 2529.4
1171620 2529.4
1171630 2526.0
1171640 2523.7
1171650 2523.7
1171660 2524.8
1171670 2523.7
1171680 2523.7
1171690 2522.1
1171700 2518.2
1171710 2518.2
1171720 2512.3
1171730 2505.5
1171740 2500.0
1171750 2500.0
1171760 2495.6
1171770 2484.1
1171780 2484.1
1171790 2474.3
1171800 2466.6
1171810 2466.6
1171820 2460.2
1171830 2453.3
1171840 2453.3
1171850 2443.0
1171860 2436.1
1171870 2436.1
1171880 2429.3
1171890 2422.3
1171900 2422.3
1171910 2415.5
1171920 2408.8
1171930 2408.8
1171940 2402.1
1171950 2395.6
1171960 2389.1
1171970 2389.1
1171980 2383.3
1171990 2377.9
1172000 2377.9
1172010 2372.6
1172020 2367.8
1172030 2367.8
1172040 2363.3
1172050 2358.7
1172060 2358.7
1172070 2355.1
1172080 2352.5
1172090 2352.5
1172100 2350.3
1172110 2347.1
1172120 2347.1
1172130 2343.3
1172140 2339.6
1172150 2339.6
1172160 2335.8
1172170 2332.2
1172180 2328.8
1172190 2328.8
1172200 2325.5
1172210 2321.5
1172220 2321.5
1172230 2317.4
1172240 2313.0
1172250 2313.0
1172260 2309.0
1172270 2304.9
1172280 2304.9
1172290 2301.3
1172300 2297.7
1172310 2297.7
1172320 2294.4
1172330 2291.9
1172340 2291.9
1172350 2290.8
1172360 2290.1
1172370 2290.1
1172380 2288.3
1172390 2287.3
1172400 2286.4
1172410 2286.4
1172420 2285.1
1172430 2283.4
1172440 2283.4
1172450 2282.0
1172460 2280.9
1172470 2280.9
1172480 2283.6
1172490 2283.2
1172500 2283.2
1172510 2280.5
1172520 2276.5
1172530 2276.5
1172540 2271.5
1172550 2267.1
1172560 2267.1
1172570 2263.0
1172580 2258.1
1172590 2258.1
1172600 2252.0
1172610 2246.1
1172620 2240.0
1172630 2240.0
1172640 2233.8
1172650 2228.7
1172660 2228.7
1172670 2225.6
1172680 2222.8
1172690 2222.8
1172700 2220.5
1172710 2219.1
1172720 2219.1
1172730 2219.0
1172740 2217.4
1172750 2217.4
1172760 2214.0
1172770 2211.0
1172780 2211.0
1172790 2207.4
1172800 2202.5
1172810 2202.5
1172820 2197.2
1172830 2192.3
1172840 2187.6
1172850 2187.6
1172860 2182.4
1172870 2177.7
1172880 2176.5
1172890 2172.6
1172900 2168.4
1172910 2168.4
1172920 2164.3
1172930 2160.5
1172940 2160.5
1172950 2156.7
1172960 2153.1
1172970 2153.1
1172980 2149.4
1172990 2144.8
1173000 2144.8
1173010 2140.7
1173020 2138.4
1173030 2136.2
1173040 2136.2
1173050 2132.9
1173060 2129.8
1173070 2129.8
1173080 2127.3
1173090 2124.0
1173100 2124.0
1173110 2120.3
1173120 2116.8
1173130 2116.8
1173140 2113.5
1173150 2110.3
1173160 2110.3
1173170 2107.7
1173180 2105.5
1173190 2105.5
1173200 2103.4
1173210 2101.4
1173220 2101.4
1173230 2099.7
1173240 2098.2
1173250 2096.1
1173260 2096.1
1173270 2094.0
1173280 2091.5
1173290 2090.0
1173300 2086.9
1173310 2084.2
1173320 2084.2
1173330 2082.0
1173340 2081.1
1173350 2081.1
1173360 2080.4
1173370 2079.8
1173380 2079.8
1173390 2079.6
1173400 2079.7
1173410 2079.7
1173420 2080.4
1173430 2081.5
1173440 2081.5
1173450 2082.3
1173460 2083.7
1173470 2085.8
1173480 2085.8
1173490 2088.3
1173500 2091.2
1173510 2091.2
1173520 2093.0
1173530 2094.5
1173540 2094.5
1173550 2095.6
1173560 2096.4
1173570 2096.4
1173580 2096.8
1173590 2097.9
1173600 2097.9
1173610 2099.8
1173620 2100.9
1173630 2100.9
1173640 2101.7
1173650 2102.7
1173660 2102.7
1173670 2103.6
1173680 2104.6
1173690 2105.9
1173700 2103.4
1173710 2104.5
1173720 2105.0
1173730 2105.0
1173740 2104.8
1173750 2104.5
1173760 2104.5
1173770 2104.3
1173780 2104.0
1173790 2104.0
1173800 2104.8
1173810 2105.6
1173820 2105.6
1173830 2105.2
1173840 2104.4
1173850 2104.4
1173860 2103.0
1173870 2101.9
1173880 2101.9
1173890 2099.8
1173900 2097.5
1173910 2095.7
1173920 2095.7
1173930 2094.8
1173940 2093.8
1173950 2093.8
1173960 2093.1
1173970 2092.2
1173980 2092.2
1173990 2091.2
1174000 2088.5
1174010 2088.5
1174020 2084.9
1174030 2083.3
1174040 2083.3
1174050 2082.1
1174060 2081.0
1174070 2081.0
1174080 2081.1
1174090 2081.1
1174100 2081.1
1174110 2080.4
1174120 2080.3
1174130 2080.5
1174140 2080.5
1174150 2080.9
1174160 2081.1
1174170 2081.1
1174180 2080.9
1174190 2080.6
1174200 2080.6
1174210 2080.1
1174220 2079.1
1174230 2079.1
1174240 2077.4
1174250 2076.5
1174260 2076.5
1174270 2075.4
1174280 2074.4
1174290 2074.4
1174300 2073.4
1174310 2069.8
1174320 2069.8
1174330 2065.7
1174340 2062.9
1174350 2059.8
1174360 2059.8
1174370 2056.5
1174380 2054.5
1174390 2054.5
1174400 2053.7
1174410 2053.6
1174420 2053.6
1174430 2054.0
1174440 2055.3
1174450 2055.3
1174460 2054.6
1174470 2052.7
1174480 2052.7
1174490 2050.7
1174500 2048.1
1174510 2047.0
1174520 2044.4
1174530 2042.7
1174540 2042.7
1174550 2041.2
1174560 2039.8
1174570 2039.1
1174580 2039.1
1174590 2038.3
1174600 2037.0
1174610 2037.0
1174620 2035.7
1174630 2034.1
1174640 2034.1
1174650 2032.2
1174660 2030.4
1174670 2030.4
1174680 2029.4
1174690 2028.8
1174700 2028.8
1174710 2029.3
1174720 2031.8
1174730 2031.8
1174740 2034.2
1174750 2034.0
1174760 2034.0
1174770 2033.5
1174780 2034.8
1174790 2038.0
1174800 2038.0
1174810 2040.2
1174820 2041.3
1174830 2041.3
1174840 2043.5
1174850 2045.6
1174860 2045.6
1174870 2047.4
1174880 2048.9
1174890 2048.9
1174900 2051.2
1174910 2055.2
1174920 2049.2
1174930 2052.8
1174940 2056.0
1174950 2056.0
1174960 2059.3
1174970 2062.7
1174980 2062.7
1174990 2064.7
1175000 2069.8
1175010 2074.6
1175020 2074.6
1175030 2077.0
1175040 2078.6
1175050 2078.6
1175060 2082.1
1175070 2086.9
1175080 2086.9
1175090 2088.8
1175100 2091.3
1175110 2091.3
1175120 2093.0
1175130 2092.2
1175140 2092.2
1175150 2090.8
1175160 2089.0
1175170 2089.0
1175180 2087.2
1175190 2085.6
1175200 2084.6
1175210 2084.6
1175220 2084.0
1175230 2083.5
1175240 2083.5
1175250 2082.7
1175260 2081.2
1175270 2081.2
1175280 2079.4
1175290 2077.3
1175300 2077.3
1175310 2075.0
1175320 2073.1
1175330 2074.3
1175340 2072.8
1175350 2070.9
1175360 2070.9
1175370 2068.5
1175380 2066.3
1175390 2066.3
1175400 2064.8
1175410 2062.7
1175420 2060.1
1175430 2060.1
1175440 2057.6
1175450 2054.7
1175460 2054.7
1175470 2051.2
1175480 2047.8
1175490 2047.8
1175500 2045.6
1175510 2043.4
1175520 2043.4
1175530 2041.0
1175540 2038.7
1175550 2038.7
1175560 2036.2
1175570 2033.2
1175580 2033.2
1175590 2030.9
1175600 2027.7
1175610 2027.7
1175620 2024.0
1175630 2020.8
1175640 2017.1
1175650 2017.1
1175660 2013.2
1175670 2010.0
1175680 2010.0
1175690 2006.9
1175700 2002.9
1175710 2002.9
1175720 1998.9
1175730 1995.0
1175740 1997.1
1175750 1993.1
1175760 1989.4
1175770 1989.4
1175780 1986.1
1175790 1982.4
1175800 1982.4
1175810 1978.8
1175820 1975.5
1175830 1975.5
1175840 1971.9
1175850 1967.8
1175860 1964.1
1175870 1964.1
1175880 1960.2
1175890 1956.9
1175900 1956.9
1175910 1953.6
1175920 1950.7
1175930 1950.7
1175940 1948.2
1175950 1945.7
1175960 1945.7
1175970 1942.8
1175980 1940.0
1175990 1940.0
1176000 1938.2
1176010 1936.2
1176020 1936.2
1176030 1934.2
1176040 1932.0
1176050 1932.0
1176060 1929.8
1176070 1927.9
1176080 1926.2
1176090 1926.2
1176100 1923.7
1176110 1920.7
1176120 1920.7
1176130 1918.8
1176140 1916.9
1176150 1915.5
1176160 1913.2
1176170 1911.4
1176180 1911.4
1176190 1909.8
1176200 1908.4
1176210 1908.4
1176220 1905.9
1176230 1903.6
1176240 1903.6
1176250 1901.8
1176260 1900.0
1176270 1900.0
1176280 1898.4
1176290 1896.3
1176300 1893.6
1176310 1893.6
1176320 1891.4
1176330 1888.7
1176340 1888.7
1176350 1885.9
1176360 1883.0
1176370 1883.0
1176380 1880.5
1176390 1879.0
1176400 1879.0
1176410 1877.7
1176420 1877.0
1176430 1877.0
1176440 1876.0
1176450 1875.1
1176460 1875.1
1176470 1874.9
1176480 1875.2
1176490 1875.2
1176500 1875.5
1176510 1874.4
1176520 1871.9
1176530 1871.9
1176540 1870.6
1176550 1869.4
1176560 1870.6
1176570 1868.1
1176580 1866.3
1176590 1866.3
1176600 1865.1
1176610 1863.5
1176620 1863.5
1176630 1861.8
1176640 1859.8
1176650 1859.8
1176660 1858.0
1176670 1856.7
1176680 1856.7
1176690 1855.5
1176700 1854.2
1176710 1854.2
1176720 1852.6
1176730 1850.9
1176740 1849.3
1176750 1849.3
1176760 1847.8
1176770 1846.7
1176780 1846.7
1176790 1845.6
1176800 1841.6
1176810 1841.6
1176820 1838.2
1176830 1835.8
1176840 1835.8
1176850 1833.0
1176860 1829.9
1176870 1829.9
1176880 1826.0
1176890 1820.6
1176900 1820.6
1176910 1815.7
1176920 1811.2
1176930 1811.2
1176940 1807.4
1176950 1803.8
1176960 1799.5
1176970 1799.5
1176980 1792.2
1176990 1788.8
1177000 1788.8
1177010 1785.2
1177020 1782.2
1177030 1782.2
1177040 1780.1
1177050 1779.0
1177060 1779.0
1177070 1778.6
1177080 1778.6
1177090 1778.6
1177100 1778.3
1177110 1778.2
1177120 1778.2
1177130 1776.4
1177140 1775.4
1177150 1774.2
1177160 1774.2
1177170 1771.3
1177180 1765.0
1177190 1765.0
1177200 1759.6
1177210 1756.3
1177220 1756.3
1177230 1756.2
1177240 1751.2
1177250 1751.2
1177260 1742.1
1177270 1735.2
1177280 1735.2
1177290 1733.0
1177300 1731.5
1177310 1731.5
1177320 1728.1
1177330 1727.2
1177340 1727.2
1177350 1729.1
1177360 1726.3
1177370 1720.2
1177380 1720.2
1177390 1713.7
1177400 1708.4
1177410 1708.4
1177420 1704.1
1177430 1700.5
1177440 1700.5
1177450 1697.4
1177460 1694.7
1177470 1694.7
1177480 1691.3
1177490 1686.5
1177500 1686.5
1177510 1687.6
1177520 1686.1
1177530 1686.1
1177540 1682.4
1177550 1679.8
1177560 1679.8
1177570 1677.4
1177580 1676.6
1177590 1675.4
1177600 1675.4
1177610 1670.6
1177620 1663.2
1177630 1663.2
1177640 1658.0
1177650 1656.6
1177660 1656.6
1177670 1651.9
1177680 1645.9
1177690 1645.9
1177700 1639.6
1177710 1635.1
1177720 1635.1
1177730 1631.3
1177740 1628.6
1177750 1628.6
1177760 1627.3
1177770 1628.1
1177780 1628.1
1177790 1627.5
1177800 1637.0
1177810 1634.4
1177820 1634.4
1177830 1633.4
1177840 1633.0
1177850 1633.0
1177860 1634.3
1177870 1636.6
1177880 1636.6
1177890 1638.7
1177900 1639.5
1177910 1639.5
1177920 1639.6
1177930 1639.8
1177940 1639.8
1177950 1639.8
1177960 1638.1
1177970 1638.1
1177980 1636.2
1177990 1634.1
1178000 1634.1
1178010 1632.7
1178020 1631.7
1178030 1630.3
1178040 1630.3
1178050 1629.2
1178060 1627.9
1178070 1627.9
1178080 1627.4
1178090 1627.5
1178100 1627.5
1178110 1626.8
1178120 1626.2
1178130 1626.2
1178140 1625.3
1178150 1623.9
1178160 1623.9
1178170 1622.2
1178180 1619.6
1178190 1619.6
1178200 1617.8
1178210 1616.7
1178220 1621.5
1178230 1617.8
1178240 1615.8
1178250 1615.3
1178260 1615.3
1178270 1615.5
1178280 1616.3
1178290 1616.3
1178300 1616.1
1178310 1613.1
1178320 1613.1
1178330 1609.8
1178340 1607.1
1178350 1607.1
1178360 1603.3
1178370 1597.8
1178380 1597.8
1178390 1592.5
1178400 1587.4
1178410 1587.4
1178420 1579.1
1178430 1570.0
1178440 1570.0
1178450 1564.2
1178460 1560.9
1178470 1556.5
1178480 1556.5
1178490 1550.7
1178500 1545.8
1178510 1545.8
1178520 1543.3
1178530 1542.0
1178540 1542.0
1178550 1541.2
1178560 1541.3
1178570 1541.3
1178580 1541.0
1178590 1540.1
1178600 1540.1
1178610 1539.6
1178620 1537.0
1178630 1542.8
1178640 1541.2
1178650 1536.6
1178660 1536.6
1178670 1529.0
1178680 1524.0
1178690 1522.0
1178700 1522.0
1178710 1521.3
1178720 1524.7
1178730 1524.7
1178740 1528.9
1178750 1531.0
1178760 1531.0
1178770 1532.4
1178780 1534.0
1178790 1534.0
1178800 1535.8
1178810 1536.7
1178820 1536.7
1178830 1536.1
1178840 1534.6
1178850 1534.6
1178860 1528.2
1178870 1522.3
1178880 1522.3
1178890 1519.3
1178900 1516.6
1178910 1513.5
1178920 1513.5
1178930 1511.1
1178940 1510.6
1178950 1510.6
1178960 1510.1
1178970 1512.5
1178980 1512.5
1178990 1514.4
1179000 1514.0
1179010 1514.0
1179020 1511.7
1179030 1508.9
1179040 1505.2
1179050 1503.3
1179060 1501.9
1179070 1501.9
1179080 1501.2
1179090 1500.8
1179100 1500.8
1179110 1501.1
1179120 1502.0
1179130 1504.6
1179140 1504.6
1179150 1507.2
1179160 1508.3
1179170 1508.3
1179180 1508.8
1179190 1509.8
1179200 1509.8
1179210 1511.8
1179220 1515.1
1179230 1515.1
1179240 1518.9
1179250 1517.2
1179260 1517.2
1179270 1515.3
1179280 1518.2
1179290 1518.2
1179300 1518.6
1179310 1506.0
1179320 1496.8
1179330 1496.8
1179340 1489.1
1179350 1481.4
1179360 1481.4
1179370 1474.4
1179380 1468.4
1179390 1468.4
1179400 1463.4
1179410 1460.2
1179420 1460.2
1179430 1456.7
1179440 1458.9
1179450 1458.9
1179460 1457.0
1179470 1457.4
1179480 1457.4
1179490 1458.0
1179500 1458.8
1179510 1458.8
1179520 1461.6
1179530 1465.0
1179540 1465.5
1179550 1465.5
1179560 1464.8
1179570 1465.3
1179580 1465.3
1179590 1466.1
1179600 1468.2
1179610 1468.2
1179620 1472.1
1179630 1477.2
1179640 1477.2
1179650 1479.1
1179660 1480.2
1179670 1480.2
1179680 1481.3
1179690 1482.8
1179700 1482.8
1179710 1484.8
1179720 1488.0
1179730 1488.0
1179740 1492.1
1179750 1496.2
1179760 1499.4
1179770 1499.4
1179780 1501.2
1179790 1501.0
1179800 1501.0
1179810 1501.1
1179820 1502.7
1179830 1502.7
1179840 1505.9
1179850 1508.6
1179860 1508.6
1179870 1510.7
1179880 1508.9
1179890 1508.9
1179900 1509.6
1179910 1510.5
1179920 1510.5
1179930 1510.9
1179940 1510.3
1179950 1510.3
1179960 1509.9
1179970 1509.9
1179980 1509.7
1179990 1509.7
