1160000 2176.3
1160010 2176.5
1160020 2176.5
1160030 2175.5
1160040 2173.4
1160050 2173.4
1160060 2171.0
1160070 2172.2
1160080 2172.2
1160090 2173.9
1160100 2175.1
1160110 2175.1
1160120 2175.7
1160130 2176.3
1160140 2178.6
1160150 2178.4
1160160 2178.5
1160170 2178.5
1160180 2178.7
1160190 2178.2
1160200 2178.2
1160210 2177.4
1160220 2176.3
1160230 2175.9
1160240 2175.9
1160250 2176.9
1160260 2177.3
1160270 2177.3
1160280 2176.3
1160290 2174.2
1160300 2174.2
1160310 2171.2
1160320 2168.4
1160330 2168.4
1160340 2166.9
1160350 2167.9
1160360 2167.9
1160370 2169.3
1160380 2170.3
1160390 2170.3
1160400 2170.0
1160410 2168.9
1160420 2168.9
1160430 2167.5
1160440 2166.8
1160450 2169.8
1160460 2169.8
1160470 2173.0
1160480 2172.3
1160490 2172.3
1160500 2170.1
1160510 2170.1
1160520 2170.1
1160530 2173.6
1160540 2175.3
1160550 2175.3
1160560 2178.9
1160570 2180.1
1160580 2180.1
1160590 2183.8
1160600 2190.8
1160610 2190.8
1160620 2196.6
1160630 2201.3
1160640 2201.3
1160650 2206.5
1160660 2212.5
1160670 2219.2
1160680 2219.2
1160690 2225.9
1160700 2231.9
1160710 2231.9
1160720 2237.6
1160730 2236.8
1160740 2236.8
1160750 2228.3
1160760 2217.8
1160770 2217.8
1160780 2208.1
1160790 2200.7
1160800 2200.7
1160810 2194.5
1160820 2188.5
1160830 2188.5
1160840 2183.4
1160850 2179.1
1160860 2179.1
1160870 2176.7
1160880 2177.0
1160890 2177.1
1160900 2177.1
1160910 2177.1
1160920 2182.6
1160930 2182.6
1160940 2182.5
1160950 2183.4
1160960 2183.4
1160970 2184.2
1160980 2184.8
1160990 2184.8
1161000 2185.8
1161010 2185.4
1161020 2185.4
1161030 2185.6
1161040 2185.7
1161050 2185.7
1161060 2185.8
1161070 2186.8
1161080 2186.8
1161090 2187.2
1161100 2187.8
1161110 2188.4
1161120 2188.4
1161130 2188.8
1161140 2189.4
1161150 2189.4
1161160 2189.3
1161170 2189.6
1161180 2189.6
1161190 2189.5
1161200 2189.0
1161210 2189.0
1161220 2188.7
1161230 2188.2
1161240 2188.2
1161250 2188.0
1161260 2187.2
1161270 2187.2
1161280 2185.5
1161290 2183.2
1161300 2183.2
1161310 2181.0
1161320 2181.2
1161330 2178.5
1161340 2178.5
1161350 2175.4
1161360 2173.2
1161370 2173.2
1161380 2173.5
1161390 2173.3
1161400 2173.3
1161410 2171.0
1161420 2168.6
1161430 2168.6
1161440 2167.5
1161450 2167.2
1161460 2167.2
1161470 2167.3
1161480 2164.4
1161490 2164.4
1161500 2160.4
1161510 2160.0
1161520 2160.0
1161530 2161.3
1161540 2160.3
1161550 2158.9
1161560 2158.9
1161570 2157.9
1161580 2157.6
1161590 2157.6
1161600 2155.8
1161610 2156.9
1161620 2156.9
1161630 2159.4
1161640 2161.7
1161650 2161.7
1161660 2163.6
1161670 2165.4
1161680 2165.4
1161690 2167.2
1161700 2170.0
1161710 2170.9
1161720 2174.7
1161730 2177.1
1161740 2177.1
1161750 2178.7
1161760 2180.5
1161770 2183.7
1161780 2183.7
1161790 2189.0
1161800 2195.3
1161810 2195.3
1161820 2202.1
1161830 2208.0
1161840 2208.0
1161850 2213.0
1161860 2217.6
1161870 2217.6
1161880 2221.3
1161890 2223.0
1161900 2223.0
1161910 2226.0
1161920 2229.2
1161930 2229.2
1161940 2232.2
1161950 2232.2
1161960 2232.2
1161970 2231.3
1161980 2230.7
1161990 2230.8
1162000 2230.8
1162010 2224.4
1162020 2219.8
1162030 2219.8
1162040 2215.9
1162050 2212.7
1162060 2212.7
1162070 2207.0
1162080 2201.0
1162090 2201.0
1162100 2198.7
1162110 2195.8
1162120 2195.8
1162130 2192.9
1162140 2188.7
1162150 2188.7
1162160 2183.5
1162170 2177.9
1162180 2177.9
1162190 2173.1
1162200 2169.9
1162210 2166.5
1162220 2166.5
1162230 2162.9
1162240 2160.2
1162250 2160.2
1162260 2155.1
1162270 2148.5
1162280 2148.5
1162290 2144.1
1162300 2139.4
1162310 2139.4
1162320 2133.5
1162330 2126.3
1162340 2126.3
1162350 2119.4
1162360 2113.4
1162370 2113.4
1162380 2106.8
1162390 2099.7
1162400 2099.7
1162410 2094.1
1162420 2089.4
1162430 2084.5
1162440 2084.5
1162450 2080.1
1162460 2076.9
1162470 2076.9
1162480 2074.0
1162490 2074.3
1162500 2074.3
1162510 2071.4
1162520 2065.8
1162530 2065.8
1162540 2057.6
1162550 2049.3
1162560 2049.3
1162570 2041.1
1162580 2034.6
1162590 2034.6
1162600 2029.4
1162610 2024.6
1162620 2018.5
1162630 2018.5
1162640 2010.0
1162650 2002.4
1162660 2002.4
1162670 1994.7
1162680 1984.8
1162690 1984.8
1162700 1975.3
1162710 1965.9
1162720 1965.9
1162730 1957.1
1162740 1949.4
1162750 1949.4
1162760 1941.3
1162770 1930.2
1162780 1930.2
1162790 1919.8
1162800 1909.0
1162810 1909.0
1162820 1895.9
1162830 1886.2
1162840 1879.7
1162850 1879.7
1162860 1873.4
1162870 1867.2
1162880 1867.2
1162890 1865.1
1162900 1859.4
1162910 1859.4
1162920 1853.8
1162930 1848.5
1162940 1848.5
1162950 1843.3
1162960 1838.1
1162970 1838.1
1162980 1833.1
1162990 1828.4
1163000 1828.4
1163010 1824.2
1163020 1822.5
1163030 1822.5
1163040 1822.3
1163050 1824.8
1163060 1829.3
1163070 1829.3
1163080 1832.0
1163090 1834.0
1163100 1834.0
1163110 1837.4
1163120 1843.7
1163130 1843.7
1163140 1849.9
1163150 1856.2
1163160 1856.2
1163170 1862.0
1163180 1867.0
1163190 1867.0
1163200 1872.2
1163210 1877.8
1163220 1877.8
1163230 1883.1
1163240 1888.6
1163250 1888.6
1163260 1893.4
1163270 1897.6
1163280 1901.3
1163290 1901.3
1163300 1907.1
1163310 1913.9
1163320 1913.9
1163330 1920.6
1163340 1926.7
1163350 1926.7
1163360 1932.2
1163370 1936.9
1163380 1936.9
1163390 1940.8
1163400 1944.9
1163410 1944.9
1163420 1949.9
1163430 1955.9
1163440 1955.9
1163450 1961.0
1163460 1965.8
1163470 1965.8
1163480 1972.8
1163490 1980.7
1163500 1987.9
1163510 1987.9
1163520 1996.0
1163530 2003.5
1163540 2003.5
1163550 2010.4
1163560 2017.7
1163570 2017.7
1163580 2024.6
1163590 2031.4
1163600 2031.4
1163610 2037.5
1163620 2043.3
1163630 2043.3
1163640 2049.2
1163650 2055.3
1163660 2055.3
1163670 2061.7
1163680 2065.5
1163690 2065.5
1163700 2072.0
1163710 2080.0
1163720 2087.8
1163730 2087.8
1163740 2096.0
1163750 2104.2
1163760 2104.2
1163770 2109.5
1163780 2112.3
1163790 2112.3
1163800 2115.5
1163810 2121.6
1163820 2121.6
1163830 2127.3
1163840 2133.2
1163850 2133.2
1163860 2139.4
1163870 2145.3
1163880 2145.3
1163890 2151.6
1163900 2156.9
1163910 2156.9
1163920 2160.1
1163930 2161.6
1163940 2162.8
1163950 2162.8
1163960 2165.8
1163970 2167.6
1163980 2167.6
1163990 2169.7
1164000 2171.5
1164010 2171.5
1164020 2173.0
1164030 2175.7
1164040 2175.7
1164050 2178.1
1164060 2180.5
1164070 2182.7
1164080 2183.7
1164090 2184.0
1164100 2184.0
1164110 2184.4
1164120 2185.4
1164130 2185.4
1164140 2186.1
1164150 2186.4
1164160 2186.7
1164170 2186.7
1164180 2186.6
1164190 2187.0
1164200 2187.0
1164210 2187.9
1164220 2188.7
1164230 2188.7
1164240 2189.5
1164250 2190.0
1164260 2190.0
1164270 2191.5
1164280 2194.0
1164290 2194.0
1164300 2198.5
1164310 2203.9
1164320 2203.9
1164330 2209.4
1164340 2215.5
1164350 2215.5
1164360 2220.8
1164370 2225.2
1164380 2229.1
1164390 2229.1
1164400 2233.0
1164410 2237.3
1164420 2237.3
1164430 2241.5
1164440 2245.4
1164450 2245.4
1164460 2249.0
1164470 2255.4
1164480 2255.4
1164490 2257.5
1164500 2259.0
1164510 2259.0
1164520 2259.1
1164530 2260.1
1164540 2260.1
1164550 2263.9
1164560 2267.9
1164570 2267.9
1164580 2273.4
1164590 2280.1
1164600 2287.0
1164610 2287.0
1164620 2294.0
1164630 2301.6
1164640 2301.6
1164650 2310.2
1164660 2319.4
1164670 2319.4
1164680 2325.0
1164690 2327.3
1164700 2327.3
1164710 2327.3
1164720 2326.6
1164730 2326.6
1164740 2324.5
1164750 2322.7
1164760 2322.7
1164770 2322.2
1164780 2322.6
1164790 2322.6
1164800 2323.2
1164810 2324.5
1164820 2326.4
1164830 2326.4
1164840 2329.0
1164850 2331.4
1164860 2337.9
1164870 2340.4
1164880 2343.1
1164890 2343.1
1164900 2345.7
1164910 2349.9
1164920 2349.9
1164930 2352.4
1164940 2352.4
1164950 2352.4
1164960 2353.1
1164970 2354.3
1164980 2354.3
1164990 2355.6
1165000 2356.5
1165010 2356.5
1165020 2356.5
1165030 2356.4
1165040 2356.8
1165050 2356.8
1165060 2356.8
1165070 2355.9
1165080 2355.9
1165090 2355.2
1165100 2355.6
1165110 2355.6
1165120 2358.4
1165130 2362.6
1165140 2362.6
1165150 2366.2
1165160 2367.7
1165170 2367.7
1165180 2369.2
1165190 2371.4
1165200 2371.4
1165210 2374.5
1165220 2377.2
1165230 2377.2
1165240 2380.2
1165250 2384.8
1165260 2394.8
1165270 2394.8
1165280 2401.3
1165290 2407.6
1165300 2407.6
1165310 2413.5
1165320 2420.0
1165330 2420.0
1165340 2435.1
1165350 2448.0
1165360 2448.0
1165370 2455.7
1165380 2462.6
1165390 2462.6
1165400 2470.1
1165410 2477.2
1165420 2477.2
1165430 2484.5
1165440 2489.6
1165450 2489.6
1165460 2492.9
1165470 2495.9
1165480 2498.9
1165490 2498.9
1165500 2502.7
1165510 2505.1
1165520 2505.1
1165530 2507.5
1165540 2509.3
1165550 2509.3
1165560 2512.4
1165570 2516.7
1165580 2516.7
1165590 2521.7
1165600 2525.1
1165610 2525.1
1165620 2523.4
1165630 2517.1
1165640 2517.1
1165650 2507.1
1165660 2496.9
1165670 2496.9
1165680 2484.9
1165690 2470.9
1165700 2459.1
1165710 2459.1
1165720 2449.8
1165730 2440.3
1165740 2440.3
1165750 2431.5
1165760 2420.1
1165770 2420.1
1165780 2412.1
1165790 2407.2
1165800 2407.2
1165810 2397.1
1165820 2386.4
1165830 2386.4
1165840 2378.8
1165850 2371.6
1165860 2371.6
1165870 2364.4
1165880 2356.3
1165890 2356.3
1165900 2346.8
1165910 2338.1
1165920 2329.7
1165930 2329.7
1165940 2318.7
1165950 2308.9
1165960 2308.9
1165970 2301.5
1165980 2294.1
1165990 2294.1
1166000 2286.7
1166010 2279.2
1166020 2279.2
1166030 2272.4
1166040 2265.8
1166050 2264.9
1166060 2258.1
1166070 2251.0
1166080 2251.0
1166090 2244.0
1166100 2237.4
1166110 2237.4
1166120 2230.8
1166130 2224.1
1166140 2217.1
1166150 2217.1
1166160 2210.4
1166170 2203.5
1166180 2203.5
1166190 2196.8
1166200 2191.9
1166210 2191.9
1166220 2187.0
1166230 2181.9
1166240 2181.9
1166250 2177.8
1166260 2174.0
1166270 2174.0
1166280 2169.9
1166290 2163.9
1166300 2163.9
1166310 2154.8
1166320 2145.6
1166330 2138.6
1166340 2138.6
1166350 2136.1
1166360 2133.4
1166370 2133.4
1166380 2129.5
1166390 2125.0
1166400 2125.0
1166410 2120.2
1166420 2114.9
1166430 2114.9
1166440 2109.5
1166450 2106.9
1166460 2106.9
1166470 2101.8
1166480 2096.7
1166490 2096.7
1166500 2091.7
1166510 2087.4
1166520 2087.4
1166530 2083.1
1166540 2079.3
1166550 2075.8
1166560 2075.8
1166570 2071.4
1166580 2066.7
1166590 2066.7
1166600 2061.5
1166610 2056.3
1166620 2056.3
1166630 2052.6
1166640 2050.8
1166650 2050.8
1166660 2048.3
1166670 2044.9
1166680 2044.9
1166690 2042.2
1166700 2039.0
1166710 2039.0
1166720 2034.6
1166730 2031.3
1166740 2031.3
1166750 2030.7
1166760 2031.1
1166770 2030.0
1166780 2030.0
1166790 2027.9
1166800 2026.4
1166810 2026.4
1166820 2025.5
1166830 2024.9
1166840 2024.9
1166850 2029.7
1166860 2029.9
1166870 2029.9
1166880 2030.8
1166890 2032.3
1166900 2032.3
1166910 2034.0
1166920 2036.8
1166930 2036.8
1166940 2039.7
1166950 2042.2
1166960 2042.2
1166970 2042.9
1166980 2043.7
1166990 2047.2
1167000 2047.2
1167010 2054.6
1167020 2062.6
1167030 2062.6
1167040 2067.1
1167050 2073.3
1167060 2073.3
1167070 2081.7
1167080 2085.5
1167090 2085.5
1167100 2089.0
1167110 2098.4
1167120 2098.4
1167130 2107.6
1167140 2114.1
1167150 2114.1
1167160 2116.6
1167170 2113.3
1167180 2113.3
1167190 2108.2
1167200 2112.8
1167210 2123.0
1167220 2123.0
1167230 2131.4
1167240 2137.8
1167250 2141.3
1167260 2145.9
1167270 2149.9
1167280 2149.9
1167290 2154.7
1167300 2160.3
1167310 2160.3
1167320 2166.5
1167330 2174.7
1167340 2174.7
1167350 2183.0
1167360 2188.4
1167370 2188.4
1167380 2191.5
1167390 2194.6
1167400 2194.6
1167410 2200.3
1167420 2209.4
1167430 2218.6
1167440 2218.6
1167450 2227.3
1167460 2235.8
1167470 2235.8
1167480 2244.5
1167490 2252.7
1167500 2252.7
1167510 2260.9
1167520 2269.8
1167530 2269.8
1167540 2277.9
1167550 2285.9
1167560 2285.9
1167570 2293.0
1167580 2299.6
1167590 2299.6
1167600 2307.3
1167610 2315.7
1167620 2315.7
1167630 2323.8
1167640 2331.7
1167650 2342.6
1167660 2342.6
1167670 2350.3
1167680 2356.8
1167690 2356.8
1167700 2363.9
1167710 2369.5
1167720 2369.5
1167730 2373.8
1167740 2375.5
1167750 2375.5
1167760 2379.0
1167770 2384.4
1167780 2384.4
1167790 2389.1
1167800 2394.6
1167810 2394.6
1167820 2399.9
1167830 2405.9
1167840 2405.9
1167850 2413.4
1167860 2419.7
1167870 2425.9
1167880 2425.9
1167890 2432.9
1167900 2439.5
1167910 2439.5
1167920 2447.2
1167930 2455.1
1167940 2455.1
1167950 2461.2
1167960 2466.7
1167970 2466.7
1167980 2472.3
1167990 2478.5
1168000 2478.5
1168010 2484.8
1168020 2490.8
1168030 2490.8
1168040 2495.3
1168050 2504.0
1168060 2504.0
1168070 2509.4
1168080 2516.3
1168090 2519.5
1168100 2519.5
1168110 2520.8
1168120 2518.6
1168130 2518.6
1168140 2514.5
1168150 2510.4
1168160 2510.4
1168170 2506.5
1168180 2501.5
1168190 2501.5
1168200 2497.8
1168210 2493.3
1168220 2493.3
1168230 2488.6
1168240 2483.9
1168250 2483.9
1168260 2480.2
1168270 2481.3
1168280 2481.3
1168290 2479.3
1168300 2477.4
1168310 2475.0
1168320 2475.0
1168330 2471.5
1168340 2467.0
1168350 2467.0
1168360 2460.8
1168370 2454.2
1168380 2454.2
1168390 2448.9
1168400 2444.0
1168410 2444.0
1168420 2437.7
1168430 2430.2
1168440 2430.2
1168450 2425.5
1168460 2417.8
1168470 2417.8
1168480 2411.0
1168490 2406.8
1168500 2406.8
1168510 2403.5
1168520 2399.3
1168530 2395.6
1168540 2395.6
1168550 2395.1
1168560 2395.3
1168570 2395.3
1168580 2395.4
1168590 2395.7
1168600 2395.7
1168610 2396.2
1168620 2396.3
1168630 2396.3
1168640 2396.6
1168650 2397.1
1168660 2397.1
1168670 2397.3
1168680 2397.2
1168690 2397.2
1168700 2395.8
1168710 2395.3
1168720 2395.3
1168730 2394.7
1168740 2395.2
1168750 2395.5
1168760 2395.5
1168770 2394.9
1168780 2394.9
1168790 2394.9
1168800 2395.0
1168810 2393.0
1168820 2393.0
1168830 2391.0
1168840 2390.2
1168850 2396.7
1168860 2396.5
1168870 2397.0
1168880 2397.0
1168890 2398.6
1168900 2401.0
1168910 2401.0
1168920 2402.3
1168930 2403.2
1168940 2403.2
1168950 2404.1
1168960 2405.1
1168970 2407.0
1168980 2407.0
1168990 2408.6
1169000 2409.0
1169010 2409.0
1169020 2409.8
1169030 2409.9
1169040 2409.9
1169050 2409.8
1169060 2409.7
1169070 2409.7
1169080 2409.9
1169090 2410.5
1169100 2410.5
1169110 2412.7
1169120 2415.2
1169130 2415.2
1169140 2417.1
1169150 2418.5
1169160 2418.5
1169170 2419.8
1169180 2421.4
1169190 2423.2
1169200 2423.2
1169210 2425.3
1169220 2427.7
1169230 2427.7
1169240 2429.9
1169250 2432.4
1169260 2438.2
1169270 2440.9
1169280 2444.4
1169290 2444.4
1169300 2447.6
1169310 2449.2
1169320 2449.2
1169330 2452.5
1169340 2455.6
1169350 2455.6
1169360 2459.4
1169370 2464.9
1169380 2464.9
1169390 2468.8
1169400 2473.0
1169410 2479.8
1169420 2479.8
1169430 2486.5
1169440 2493.1
1169450 2493.1
1169460 2508.2
1169470 2522.1
1169480 2522.1
1169490 2526.2
1169500 2530.7
1169510 2530.7
1169520 2538.7
1169530 2543.3
1169540 2543.3
1169550 2545.5
1169560 2547.1
1169570 2547.1
1169580 2547.7
1169590 2547.7
1169600 2547.7
1169610 2547.5
1169620 2548.9
1169630 2552.1
1169640 2552.1
1169650 2558.1
1169660 2556.3
1169670 2556.3
1169680 2562.0
1169690 2566.5
1169700 2566.5
1169710 2567.2
1169720 2566.6
1169730 2566.6
1169740 2566.5
1169750 2566.5
1169760 2566.5
1169770 2567.2
1169780 2568.0
1169790 2568.0
1169800 2569.9
1169810 2574.3
1169820 2579.5
1169830 2579.5
1169840 2585.0
1169850 2590.3
1169860 2590.3
1169870 2595.7
1169880 2600.4
1169890 2600.4
1169900 2605.4
1169910 2610.8
1169920 2610.8
1169930 2617.3
1169940 2623.0
1169950 2623.0
1169960 2628.7
1169970 2634.0
1169980 2634.0
1169990 2638.8
1170000 2643.2
1170010 2643.2
1170020 2647.3
1170030 2651.3
1170040 2654.9
1170050 2654.9
1170060 2663.8
1170070 2667.8
1170080 2667.8
1170090 2671.4
1170100 2671.0
1170110 2671.0
1170120 2667.4
1170130 2661.7
1170140 2661.7
1170150 2660.1
1170160 2658.6
1170170 2658.6
1170180 2655.3
1170190 2653.2
1170200 2653.2
1170210 2653.4
1170220 2654.2
1170230 2654.2
1170240 2654.0
1170250 2656.2
1170260 2660.7
1170270 2660.7
1170280 2663.8
1170290 2665.5
1170300 2665.5
1170310 2668.9
1170320 2673.0
1170330 2673.0
1170340 2677.8
1170350 2683.4
1170360 2683.4
1170370 2689.1
1170380 2695.4
1170390 2695.4
1170400 2702.2
1170410 2710.9
1170420 2710.9
1170430 2725.5
1170440 2739.1
1170450 2739.1
1170460 2749.2
1170470 2761.8
1170480 2771.7
1170490 2771.7
1170500 2780.5
1170510 2792.2
1170520 2792.2
1170530 2805.8
1170540 2820.4
1170550 2820.4
1170560 2830.8
1170570 2839.0
1170580 2839.0
1170590 2845.6
1170600 2844.2
1170610 2844.2
1170620 2836.0
1170630 2823.4
1170640 2823.4
1170650 2810.7
1170660 2795.9
1170670 2795.9
1170680 2783.0
1170690 2778.2
1170700 2773.5
1170710 2773.5
1170720 2765.5
1170730 2763.9
1170740 2763.9
1170750 2763.2
1170760 2759.6
1170770 2759.6
1170780 2745.9
1170790 2735.8
1170800 2735.8
1170810 2727.6
1170820 2719.1
1170830 2719.1
1170840 2706.0
1170850 2695.7
1170860 2695.7
1170870 2685.1
1170880 2680.0
1170890 2680.0
1170900 2674.9
1170910 2670.2
1170920 2665.7
1170930 2665.7
1170940 2661.8
1170950 2657.9
1170960 2657.9
1170970 2653.9
1170980 2649.4
1170990 2649.4
1171000 2644.8
1171010 2640.8
1171020 2640.8
1171030 2637.0
1171040 2633.0
1171050 2633.0
1171060 2628.8
1171070 2624.8
1171080 2624.8
1171090 2621.4
1171100 2617.8
1171110 2617.8
1171120 2614.3
1171130 2611.0
1171140 2608.9
1171150 2608.9
1171160 2607.3
1171170 2605.7
1171180 2605.7
1171190 2606.1
1171200 2605.0
1171210 2605.0
1171220 2600.7
1171230 2594.2
1171240 2594.2
1171250 2587.3
1171260 2579.7
1171270 2578.4
1171280 2572.2
1171290 2566.4
1171300 2566.4
1171310 2560.9
1171320 2556.3
1171330 2556.3
1171340 2552.1
1171350 2548.7
1171360 2545.4
1171370 2545.4
1171380 2542.5
1171390 2540.1
1171400 2540.1
1171410 2537.0
1171420 2533.3
1171430 2533.3
1171440 2530.4
1171450 2527.8
1171460 2527.8
1171470 2524.7
1171480 2521.7
1171490 2521.7
1171500 2518.8
1171510 2515.4
1171520 2515.4
1171530 2512.2
1171540 2508.5
1171550 2508.5
1171560 2505.0
1171570 2501.8
1171580 2498.3
1171590 2498.3
1171600 2495.0
1171610 2492.0
1171620 2492.0
1171630 2489.3
1171640 2486.6
1171650 2486.6
1171660 2484.0
1171670 2481.7
1171680 2480.2
1171690 2478.1
1171700 2476.1
1171710 2476.1
1171720 2473.9
1171730 2472.0
1171740 2472.0
1171750 2470.4
1171760 2468.7
1171770 2468.7
1171780 2467.3
1171790 2466.3
1171800 2465.7
1171810 2465.7
1171820 2465.6
1171830 2466.3
1171840 2466.3
1171850 2467.3
1171860 2468.7
1171870 2468.7
1171880 2470.2
1171890 2471.8
1171900 2471.8
1171910 2473.1
1171920 2473.0
1171930 2473.0
1171940 2470.7
1171950 2467.3
1171960 2467.3
1171970 2463.0
1171980 2458.3
1171990 2458.3
1172000 2453.4
1172010 2448.4
1172020 2444.3
1172030 2444.3
1172040 2440.0
1172050 2435.7
1172060 2435.7
1172070 2431.9
1172080 2428.9
1172090 2428.9
1172100 2425.9
1172110 2422.6
1172120 2422.6
1172130 2418.5
1172140 2414.4
1172150 2414.4
1172160 2410.7
1172170 2407.0
1172180 2407.0
1172190 2403.7
1172200 2398.9
1172210 2398.9
1172220 2392.0
1172230 2380.5
1172240 2372.2
1172250 2372.2
1172260 2366.4
1172270 2361.8
1172280 2361.8
1172290 2359.4
1172300 2358.3
1172310 2358.3
1172320 2355.4
1172330 2351.8
1172340 2351.8
1172350 2348.7
1172360 2345.7
1172370 2345.7
1172380 2343.2
1172390 2341.1
1172400 2341.1
1172410 2339.0
1172420 2337.5
1172430 2337.5
1172440 2337.1
1172450 2337.2
1172460 2337.8
1172470 2337.8
1172480 2337.9
1172490 2334.2
1172500 2334.2
1172510 2333.1
1172520 2333.2
1172530 2333.2
1172540 2334.5
1172550 2336.7
1172560 2336.7
1172570 2338.0
1172580 2338.8
1172590 2338.8
1172600 2339.8
1172610 2339.0
1172620 2339.0
1172630 2339.4
1172640 2341.0
1172650 2341.0
1172660 2342.9
1172670 2344.2
1172680 2342.2
1172690 2342.2
1172700 2338.6
1172710 2336.9
1172720 2336.9
1172730 2335.1
1172740 2330.2
1172750 2330.2
1172760 2326.1
1172770 2321.8
1172780 2321.8
1172790 2317.3
1172800 2313.1
1172810 2313.1
1172820 2309.6
1172830 2306.8
1172840 2306.8
1172850 2304.4
1172860 2302.3
1172870 2300.9
1172880 2300.9
1172890 2297.4
1172900 2296.3
1172910 2296.3
1172920 2295.1
1172930 2294.4
1172940 2294.4
1172950 2294.9
1172960 2295.4
1172970 2295.4
1172980 2295.2
1172990 2295.5
1173000 2295.5
1173010 2295.9
1173020 2296.3
1173030 2296.3
1173040 2297.5
1173050 2298.3
1173060 2298.3
1173070 2298.0
1173080 2298.0
1173090 2297.6
1173100 2297.6
1173110 2297.7
1173120 2299.3
1173130 2299.3
1173140 2302.3
1173150 2304.9
1173160 2304.9
1173170 2306.8
1173180 2307.7
1173190 2307.7
1173200 2309.3
1173210 2311.1
1173220 2311.1
1173230 2313.1
1173240 2315.1
1173250 2315.1
1173260 2316.5
1173270 2317.9
1173280 2317.9
1173290 2318.8
1173300 2312.5
1173310 2306.9
1173320 2306.9
1173330 2302.2
1173340 2298.1
1173350 2298.1
1173360 2293.1
1173370 2290.3
1173380 2290.3
1173390 2288.9
1173400 2288.5
1173410 2288.5
1173420 2287.9
1173430 2285.5
1173440 2285.5
1173450 2282.6
1173460 2279.7
1173470 2279.7
1173480 2277.1
1173490 2275.3
1173500 2275.3
1173510 2272.7
1173520 2269.3
1173530 2265.7
1173540 2265.7
1173550 2261.4
1173560 2259.8
1173570 2259.8
1173580 2258.1
1173590 2256.0
1173600 2256.0
1173610 2255.6
1173620 2256.5
1173630 2256.5
1173640 2256.8
1173650 2257.0
1173660 2257.0
1173670 2256.9
1173680 2256.6
1173690 2256.6
1173700 2256.5
1173710 2254.6
1173720 2254.6
1173730 2254.9
1173740 2255.6
1173750 2256.3
1173760 2256.3
1173770 2257.2
1173780 2258.6
1173790 2258.6
1173800 2260.9
1173810 2263.4
1173820 2263.4
1173830 2265.6
1173840 2266.9
1173850 2266.9
1173860 2268.5
1173870 2271.3
1173880 2271.3
1173890 2273.6
1173900 2275.2
1173910 2275.2
1173920 2276.2
1173930 2276.3
1173940 2276.3
1173950 2276.0
1173960 2275.5
1173970 2274.7
1173980 2274.7
1173990 2274.1
1174000 2273.4
1174010 2273.4
1174020 2272.5
1174030 2271.2
1174040 2271.2
1174050 2269.6
1174060 2267.5
1174070 2267.5
1174080 2265.8
1174090 2264.5
1174100 2264.5
1174110 2263.3
1174120 2259.5
1174130 2259.5
1174140 2259.2
1174150 2259.8
1174160 2259.8
1174170 2261.0
1174180 2260.7
1174190 2261.1
1174200 2261.1
1174210 2261.1
1174220 2261.9
1174230 2261.9
1174240 2263.0
1174250 2263.5
1174260 2263.5
1174270 2262.7
1174280 2263.1
1174290 2263.1
1174300 2265.3
1174310 2267.4
1174320 2267.4
1174330 2268.8
1174340 2269.7
1174350 2269.7
1174360 2270.1
1174370 2270.1
1174380 2270.1
1174390 2269.4
1174400 2268.2
1174410 2266.8
1174420 2266.8
1174430 2265.1
1174440 2264.3
1174450 2264.3
1174460 2263.7
1174470 2262.6
1174480 2262.6
1174490 2261.4
1174500 2259.9
1174510 2259.9
1174520 2258.0
1174530 2253.8
1174540 2253.8
1174550 2251.8
1174560 2249.9
1174570 2249.9
1174580 2248.1
1174590 2246.5
1174600 2246.5
1174610 2244.5
1174620 2241.7
1174630 2239.5
1174640 2239.5
1174650 2237.8
1174660 2236.0
1174670 2236.0
1174680 2234.1
1174690 2232.0
1174700 2232.0
1174710 2230.1
1174720 2228.0
1174730 2228.0
1174740 2225.9
1174750 2224.2
1174760 2224.2
1174770 2222.8
1174780 2221.3
1174790 2221.3
1174800 2220.0
1174810 2218.8
1174820 2218.8
1174830 2217.5
1174840 2215.9
1174850 2214.5
1174860 2214.5
1174870 2213.0
1174880 2211.0
1174890 2211.0
1174900 2209.2
1174910 2207.3
1174920 2207.3
1174930 2202.9
1174940 2200.4
1174950 2200.4
1174960 2197.3
1174970 2195.4
1174980 2195.4
1174990 2193.5
1175000 2191.3
1175010 2191.3
1175020 2188.6
1175030 2186.0
1175040 2186.0
1175050 2183.3
1175060 2180.8
1175070 2178.1
1175080 2178.1
1175090 2175.3
1175100 2172.5
1175110 2172.5
1175120 2169.7
1175130 2167.0
1175140 2167.0
1175150 2164.4
1175160 2161.7
1175170 2161.7
1175180 2158.9
1175190 2155.1
1175200 2155.1
1175210 2151.6
1175220 2149.2
1175230 2149.2
1175240 2146.2
1175250 2142.7
1175260 2142.7
1175270 2139.1
1175280 2135.4
1175290 2131.4
1175300 2131.4
1175310 2128.4
1175320 2125.4
1175330 2125.4
1175340 2117.7
1175350 2116.0
1175360 2116.0
1175370 2113.7
1175380 2110.7
1175390 2110.7
1175400 2108.1
1175410 2105.6
1175420 2105.6
1175430 2103.0
1175440 2100.8
1175450 2100.8
1175460 2099.1
1175470 2097.1
1175480 2097.1
1175490 2094.7
1175500 2091.8
1175510 2088.9
1175520 2088.9
1175530 2085.9
1175540 2082.6
1175550 2082.6
1175560 2078.8
1175570 2075.4
1175580 2075.4
1175590 2071.4
1175600 2067.1
1175610 2067.1
1175620 2063.8
1175630 2060.9
1175640 2060.9
1175650 2058.6
1175660 2057.0
1175670 2057.0
1175680 2055.2
1175690 2052.7
1175700 2052.7
1175710 2050.2
1175720 2048.3
1175730 2047.1
1175740 2047.1
1175750 2043.5
1175760 2042.4
1175770 2042.4
1175780 2040.6
1175790 2038.2
1175800 2038.2
1175810 2036.2
1175820 2034.5
1175830 2034.5
1175840 2032.3
1175850 2030.1
1175860 2030.1
1175870 2028.2
1175880 2026.6
1175890 2026.6
1175900 2024.4
1175910 2022.3
1175920 2020.1
1175930 2020.1
1175940 2017.6
1175950 2016.1
1175960 2016.1
1175970 2015.7
1175980 2015.0
1175990 2015.0
1176000 2013.5
1176010 2011.2
1176020 2011.2
1176030 2008.5
1176040 2005.8
1176050 2005.8
1176060 2003.4
1176070 2000.5
1176080 2000.5
1176090 1996.2
1176100 1992.6
1176110 1992.6
1176120 1990.4
1176130 1988.9
1176140 1987.2
1176150 1987.2
1176160 1985.4
1176170 1982.9
1176180 1982.9
1176190 1982.0
1176200 1981.5
1176210 1981.5
1176220 1981.9
1176230 1980.7
1176240 1980.7
1176250 1978.4
1176260 1976.4
1176270 1976.4
1176280 1973.5
1176290 1969.8
1176300 1969.8
1176310 1966.5
1176320 1963.8
1176330 1963.8
1176340 1961.5
1176350 1959.6
1176360 1957.3
1176370 1957.3
1176380 1953.1
1176390 1950.2
1176400 1950.2
1176410 1948.2
1176420 1947.2
1176430 1947.2
1176440 1946.6
1176450 1942.2
1176460 1942.2
1176470 1936.2
1176480 1931.3
1176490 1931.3
1176500 1926.9
1176510 1921.5
1176520 1921.5
1176530 1915.7
1176540 1911.5
1176550 1911.5
1176560 1907.8
1176570 1904.1
1176580 1898.6
1176590 1898.6
1176600 1895.8
1176610 1893.0
1176620 1893.0
1176630 1890.6
1176640 1891.8
1176650 1891.8
1176660 1892.2
1176670 1892.8
1176680 1892.8
1176690 1894.7
1176700 1895.5
1176710 1895.5
1176720 1893.3
1176730 1890.1
1176740 1890.1
1176750 1888.5
1176760 1886.7
1176770 1886.7
1176780 1883.6
1176790 1881.2
1176800 1879.4
1176810 1879.4
1176820 1878.0
1176830 1876.4
1176840 1876.4
1176850 1874.0
1176860 1871.4
1176870 1871.4
1176880 1868.0
1176890 1865.8
1176900 1865.8
1176910 1864.8
1176920 1864.4
1176930 1864.4
1176940 1864.5
1176950 1864.4
1176960 1864.4
1176970 1863.8
1176980 1861.2
1176990 1857.7
1177000 1854.8
1177010 1852.2
1177020 1849.0
1177030 1849.0
1177040 1846.5
1177050 1844.5
1177060 1844.5
1177070 1843.1
1177080 1842.1
1177090 1842.1
1177100 1841.0
1177110 1839.6
1177120 1839.6
1177130 1838.2
1177140 1836.9
1177150 1836.9
1177160 1833.7
1177170 1830.9
1177180 1830.9
1177190 1828.5
1177200 1825.6
1177210 1825.6
1177220 1822.5
1177230 1820.1
1177240 1817.7
1177250 1817.7
1177260 1814.8
1177270 1811.9
1177280 1811.9
1177290 1808.3
1177300 1803.8
1177310 1803.8
1177320 1800.5
1177330 1798.3
1177340 1798.3
1177350 1796.0
1177360 1793.6
1177370 1793.6
1177380 1790.7
1177390 1789.0
1177400 1787.0
1177410 1785.0
1177420 1783.1
1177430 1783.1
1177440 1780.8
1177450 1778.2
1177460 1776.1
1177470 1776.1
1177480 1775.1
1177490 1773.4
1177500 1773.4
1177510 1771.3
1177520 1770.0
1177530 1770.0
1177540 1768.6
1177550 1766.2
1177560 1766.2
1177570 1763.9
1177580 1762.4
1177590 1762.4
1177600 1760.8
1177610 1758.7
1177620 1758.7
1177630 1756.6
1177640 1754.9
1177650 1754.9
1177660 1753.6
1177670 1752.2
1177680 1750.5
1177690 1750.5
1177700 1748.2
1177710 1746.4
1177720 1746.4
1177730 1744.2
1177740 1742.2
1177750 1742.2
1177760 1740.7
1177770 1739.1
1177780 1739.1
1177790 1737.1
1177800 1735.0
1177810 1735.5
1177820 1733.6
1177830 1731.3
1177840 1731.3
1177850 1728.9
1177860 1726.7
1177870 1726.7
1177880 1724.9
1177890 1722.8
1177900 1720.6
1177910 1720.6
1177920 1718.3
1177930 1716.0
1177940 1716.0
1177950 1714.1
1177960 1712.0
1177970 1712.0
1177980 1710.2
1177990 1708.4
1178000 1708.4
1178010 1706.4
1178020 1704.8
1178030 1704.8
1178040 1703.3
1178050 1701.2
1178060 1701.2
1178070 1699.0
1178080 1696.8
1178090 1696.8
1178100 1694.7
1178110 1692.7
1178120 1690.4
1178130 1690.4
1178140 1688.0
1178150 1685.8
1178160 1685.8
1178170 1683.8
1178180 1681.4
1178190 1681.4
1178200 1678.7
1178210 1675.9
1178220 1675.9
1178230 1674.4
1178240 1673.1
1178250 1673.1
1178260 1671.0
1178270 1668.7
1178280 1668.7
1178290 1666.6
1178300 1664.7
1178310 1664.7
1178320 1662.9
1178330 1661.9
1178340 1661.1
1178350 1661.1
1178360 1659.9
1178370 1659.1
1178380 1659.1
1178390 1658.3
1178400 1657.3
1178410 1657.3
1178420 1656.4
1178430 1655.4
1178440 1655.4
1178450 1654.1
1178460 1652.8
1178470 1652.8
1178480 1651.4
1178490 1649.3
1178500 1649.3
1178510 1645.4
1178520 1641.2
1178530 1642.1
1178540 1642.1
1178550 1644.3
1178560 1644.1
1178570 1644.1
1178580 1644.3
1178590 1644.1
1178600 1644.1
1178610 1644.9
1178620 1646.1
1178630 1646.1
1178640 1645.5
1178650 1646.3
1178660 1646.3
1178670 1646.7
1178680 1646.8
1178690 1646.8
1178700 1646.6
1178710 1646.5
1178720 1646.5
1178730 1646.5
1178740 1646.3
1178750 1646.3
1178760 1646.3
1178770 1646.4
1178780 1646.4
1178790 1646.4
1178800 1646.3
1178810 1645.7
1178820 1645.7
1178830 1645.8
1178840 1646.0
1178850 1646.0
1178860 1646.5
1178870 1647.0
1178880 1647.0
1178890 1647.7
1178900 1647.7
1178910 1647.7
1178920 1648.3
1178930 1648.9
1178940 1648.9
1178950 1647.5
1178960 1648.6
1178970 1651.5
1178980 1651.5
1178990 1652.9
1179000 1654.0
1179010 1654.0
1179020 1654.9
1179030 1655.6
1179040 1655.6
1179050 1656.2
1179060 1651.2
1179070 1651.2
1179080 1651.1
1179090 1650.3
1179100 1650.3
1179110 1649.0
1179120 1647.5
1179130 1647.5
1179140 1645.8
1179150 1644.5
1179160 1644.5
1179170 1644.0
1179180 1643.6
1179190 1643.2
1179200 1643.2
1179210 1642.6
1179220 1640.7
1179230 1640.7
1179240 1637.6
1179250 1637.0
1179260 1637.0
1179270 1638.5
1179280 1638.9
1179290 1638.9
1179300 1638.4
1179310 1639.2
1179320 1639.2
1179330 1641.0
1179340 1642.9
1179350 1642.9
1179360 1644.7
1179370 1645.8
1179380 1645.8
1179390 1647.0
1179400 1648.6
1179410 1649.4
1179420 1649.4
1179430 1650.6
1179440 1652.6
1179450 1652.6
1179460 1654.5
1179470 1650.3
1179480 1650.3
1179490 1651.2
1179500 1652.4
1179510 1652.4
1179520 1653.9
1179530 1655.4
1179540 1655.4
1179550 1657.3
1179560 1659.0
1179570 1659.0
1179580 1660.9
1179590 1662.9
1179600 1662.9
1179610 1664.5
1179620 1666.5
1179630 1668.1
1179640 1668.1
1179650 1670.5
1179660 1672.3
1179670 1672.3
1179680 1673.5
1179690 1675.1
1179700 1675.1
1179710 1676.9
1179720 1678.8
1179730 1678.8
1179740 1680.7
1179750 1682.6
1179760 1682.6
1179770 1684.3
1179780 1685.9
1179790 1685.9
1179800 1687.5
1179810 1689.3
1179820 1689.3
1179830 1691.9
1179840 1694.9
1179850 1697.9
1179860 1697.9
1179870 1700.6
1179880 1703.2
1179890 1699.3
1179900 1701.8
1179910 1703.5
1179920 1703.5
1179930 1704.5
1179940 1705.5
1179950 1705.5
1179960 1706.9
1179970 1708.7
1179980 1708.7
1179990 1710.6
