1160000 2031.8
1160010 2029.3
1160020 2029.3
1160030 2026.8
1160040 2024.5
1160050 2024.5
1160060 2022.0
1160070 2019.8
1160080 2019.8
1160090 2017.8
1160100 2017.5
1160110 2017.5
1160120 2016.8
1160130 2014.8
1160140 2011.7
1160150 2011.7
1160160 2009.7
1160170 2008.0
1160180 2008.0
1160190 2006.6
1160200 2005.8
1160210 2005.8
1160220 2005.2
1160230 2004.9
1160240 2004.9
1160250 2004.8
1160260 2005.9
1160270 2005.9
1160280 2006.5
1160290 2007.0
1160300 2007.0
1160310 2007.3
1160320 2007.4
1160330 2007.4
1160340 2007.2
1160350 2007.1
1160360 2007.2
1160370 2007.2
1160380 2007.5
1160390 2007.5
1160400 2007.5
1160410 2007.5
1160420 2008.5
1160430 2008.5
1160440 2013.4
1160450 2019.9
1160460 2019.9
1160470 2025.8
1160480 2031.4
1160490 2031.4
1160500 2036.9
1160510 2042.4
1160520 2042.4
1160530 2046.9
1160540 2050.1
1160550 2050.1
1160560 2052.4
1160570 2054.9
1160580 2056.4
1160590 2056.4
1160600 2057.0
1160610 2057.5
1160620 2057.5
1160630 2057.8
1160640 2058.6
1160650 2058.6
1160660 2058.8
1160670 2058.4
1160680 2058.4
1160690 2058.0
1160700 2057.1
1160710 2057.1
1160720 2056.4
1160730 2056.1
1160740 2056.1
1160750 2055.7
1160760 2055.0
1160770 2056.8
1160780 2055.7
1160790 2054.7
1160800 2053.7
1160810 2053.7
1160820 2052.9
1160830 2052.3
1160840 2052.3
1160850 2051.6
1160860 2051.3
1160870 2051.3
1160880 2051.5
1160890 2051.4
1160900 2051.4
1160910 2051.3
1160920 2051.6
1160930 2051.6
1160940 2052.3
1160950 2052.8
1160960 2052.8
1160970 2053.2
1160980 2053.6
1160990 2053.6
1161000 2054.0
1161010 2054.6
1161020 2054.7
1161030 2054.7
1161040 2054.5
1161050 2054.5
1161060 2054.5
1161070 2054.5
1161080 2054.4
1161090 2054.4
1161100 2054.8
1161110 2055.2
1161120 2055.2
1161130 2055.4
1161140 2056.2
1161150 2056.2
1161160 2058.4
1161170 2058.3
1161180 2058.3
1161190 2058.1
1161200 2057.7
1161210 2057.7
1161220 2057.5
1161230 2057.1
1161240 2055.6
1161250 2055.6
1161260 2054.5
1161270 2052.5
1161280 2052.5
1161290 2049.9
1161300 2048.2
1161310 2048.2
1161320 2046.4
1161330 2043.8
1161340 2043.8
1161350 2041.3
1161360 2039.3
1161370 2039.3
1161380 2037.8
1161390 2036.2
1161400 2036.2
1161410 2034.3
1161420 2032.6
1161430 2032.6
1161440 2031.0
1161450 2029.1
1161460 2027.5
1161470 2027.5
1161480 2026.3
1161490 2024.3
1161500 2024.3
1161510 2022.2
1161520 2020.2
1161530 2020.2
1161540 2019.5
1161550 2018.7
1161560 2018.5
1161570 2015.7
1161580 2013.9
1161590 2013.9
1161600 2011.0
1161610 2008.2
1161620 2008.2
1161630 2005.3
1161640 2001.9
1161650 2001.9
1161660 1999.0
1161670 1996.9
1161680 1995.2
1161690 1995.2
1161700 1993.8
1161710 1993.0
1161720 1993.0
1161730 1992.1
1161740 1990.6
1161750 1990.6
1161760 1990.4
1161770 1990.6
1161780 1990.6
1161790 1990.7
1161800 1990.4
1161810 1990.4
1161820 1990.3
1161830 1990.1
1161840 1990.1
1161850 1989.5
1161860 1989.0
1161870 1989.0
1161880 1988.6
1161890 1988.5
1161900 1988.7
1161910 1988.7
1161920 1988.5
1161930 1987.8
1161940 1987.8
1161950 1986.0
1161960 1983.6
1161970 1983.6
1161980 1981.8
1161990 1979.8
1162000 1979.8
1162010 1976.9
1162020 1973.5
1162030 1973.5
1162040 1970.0
1162050 1965.5
1162060 1965.5
1162070 1960.1
1162080 1955.0
1162090 1955.0
1162100 1950.1
1162110 1945.4
1162120 1940.8
1162130 1940.8
1162140 1936.5
1162150 1932.6
1162160 1932.6
1162170 1928.8
1162180 1923.8
1162190 1923.8
1162200 1918.1
1162210 1912.7
1162220 1912.7
1162230 1907.7
1162240 1902.7
1162250 1902.7
1162260 1898.9
1162270 1894.6
1162280 1894.6
1162290 1888.5
1162300 1882.2
1162310 1882.2
1162320 1877.9
1162330 1872.1
1162340 1863.4
1162350 1863.4
1162360 1857.1
1162370 1850.7
1162380 1850.7
1162390 1844.9
1162400 1839.3
1162410 1839.3
1162420 1835.0
1162430 1830.3
1162440 1830.3
1162450 1823.8
1162460 1817.9
1162470 1817.9
1162480 1816.6
1162490 1816.2
1162500 1816.2
1162510 1816.0
1162520 1816.2
1162530 1816.2
1162540 1813.6
1162550 1807.1
1162560 1798.8
1162570 1798.8
1162580 1793.3
1162590 1790.5
1162600 1790.5
1162610 1788.5
1162620 1786.9
1162630 1786.9
1162640 1785.6
1162650 1781.3
1162660 1781.3
1162670 1778.5
1162680 1776.7
1162690 1776.7
1162700 1774.3
1162710 1769.9
1162720 1769.9
1162730 1770.2
1162740 1767.4
1162750 1767.4
1162760 1764.7
1162770 1761.6
1162780 1757.5
1162790 1757.5
1162800 1752.2
1162810 1744.5
1162820 1744.5
1162830 1737.0
1162840 1731.1
1162850 1731.1
1162860 1725.7
1162870 1722.4
1162880 1722.4
1162890 1720.9
1162900 1719.9
1162910 1719.9
1162920 1719.5
1162930 1720.3
1162940 1720.3
1162950 1724.3
1162960 1729.9
1162970 1729.9
1162980 1735.5
1162990 1741.0
1163000 1746.6
1163010 1746.6
1163020 1751.9
1163030 1756.5
1163040 1756.5
1163050 1760.6
1163060 1764.4
1163070 1764.4
1163080 1768.9
1163090 1773.4
1163100 1773.4
1163110 1777.3
1163120 1781.7
1163130 1783.2
1163140 1787.2
1163150 1790.9
1163160 1790.9
1163170 1794.3
1163180 1797.9
1163190 1797.9
1163200 1802.1
1163210 1805.0
1163220 1807.6
1163230 1807.6
1163240 1811.5
1163250 1815.6
1163260 1815.6
1163270 1818.9
1163280 1822.3
1163290 1822.3
1163300 1827.1
1163310 1832.7
1163320 1832.7
1163330 1839.1
1163340 1845.2
1163350 1845.2
1163360 1850.9
1163370 1857.6
1163380 1857.6
1163390 1865.3
1163400 1873.0
1163410 1873.0
1163420 1880.6
1163430 1888.6
1163440 1896.1
1163450 1896.1
1163460 1903.0
1163470 1909.1
1163480 1909.1
1163490 1914.3
1163500 1918.7
1163510 1918.7
1163520 1925.9
1163530 1931.1
1163540 1931.1
1163550 1935.4
1163560 1940.2
1163570 1940.2
1163580 1944.6
1163590 1949.2
1163600 1949.2
1163610 1954.0
1163620 1958.2
1163630 1958.2
1163640 1961.4
1163650 1964.5
1163660 1967.2
1163670 1967.2
1163680 1969.6
1163690 1972.7
1163700 1972.7
1163710 1975.6
1163720 1977.9
1163730 1977.9
1163740 1980.5
1163750 1983.2
1163760 1983.2
1163770 1985.8
1163780 1989.3
1163790 1989.3
1163800 1992.6
1163810 1996.6
1163820 1996.6
1163830 2000.8
1163840 2004.8
1163850 2004.8
1163860 2008.7
1163870 2012.2
1163880 2015.2
1163890 2015.2
1163900 2018.0
1163910 2020.2
1163920 2021.4
1163930 2024.2
1163940 2026.9
1163950 2026.9
1163960 2028.9
1163970 2031.6
1163980 2031.6
1163990 2035.0
1164000 2038.3
1164010 2038.3
1164020 2041.5
1164030 2045.4
1164040 2045.4
1164050 2049.2
1164060 2051.9
1164070 2051.9
1164080 2053.7
1164090 2054.6
1164100 2055.0
1164110 2055.0
1164120 2054.9
1164130 2055.3
1164140 2055.3
1164150 2056.3
1164160 2057.3
1164170 2057.3
1164180 2059.8
1164190 2062.8
1164200 2062.8
1164210 2066.5
1164220 2070.3
1164230 2070.3
1164240 2073.8
1164250 2077.0
1164260 2077.0
1164270 2079.8
1164280 2082.6
1164290 2082.6
1164300 2085.9
1164310 2090.6
1164320 2092.5
1164330 2092.5
1164340 2094.4
1164350 2095.7
1164360 2095.7
1164370 2096.9
1164380 2098.4
1164390 2098.4
1164400 2099.1
1164410 2099.4
1164420 2099.4
1164430 2100.3
1164440 2101.5
1164450 2101.5
1164460 2102.2
1164470 2102.5
1164480 2102.5
1164490 2103.1
1164500 2103.8
1164510 2103.8
1164520 2104.4
1164530 2105.0
1164540 2105.9
1164550 2105.9
1164560 2106.5
1164570 2107.1
1164580 2107.1
1164590 2108.0
1164600 2110.4
1164610 2110.4
1164620 2112.0
1164630 2110.6
1164640 2110.6
1164650 2111.8
1164660 2113.4
1164670 2113.4
1164680 2113.0
1164690 2112.1
1164700 2112.1
1164710 2113.7
1164720 2112.9
1164730 2112.9
1164740 2112.4
1164750 2111.4
1164760 2111.1
1164770 2111.1
1164780 2110.7
1164790 2110.1
1164800 2110.1
1164810 2109.5
1164820 2108.3
1164830 2108.3
1164840 2106.8
1164850 2104.7
1164860 2104.7
1164870 2102.3
1164880 2102.9
1164890 2102.9
1164900 2105.6
1164910 2108.2
1164920 2108.2
1164930 2110.6
1164940 2112.6
1164950 2112.6
1164960 2114.6
1164970 2118.1
1164980 2121.8
1164990 2121.8
1165000 2124.9
1165010 2129.0
1165020 2129.0
1165030 2135.4
1165040 2145.1
1165050 2145.1
1165060 2152.7
1165070 2158.1
1165080 2158.1
1165090 2159.6
1165100 2160.0
1165110 2162.8
1165120 2165.0
1165130 2165.8
1165140 2165.8
1165150 2165.0
1165160 2163.1
1165170 2163.1
1165180 2161.6
1165190 2161.7
1165200 2163.0
1165210 2163.0
1165220 2159.9
1165230 2157.8
1165240 2157.8
1165250 2157.8
1165260 2155.1
1165270 2155.1
1165280 2150.5
1165290 2144.6
1165300 2144.6
1165310 2139.4
1165320 2135.9
1165330 2135.9
1165340 2131.9
1165350 2131.0
1165360 2131.0
1165370 2130.5
1165380 2128.4
1165390 2128.4
1165400 2127.6
1165410 2127.6
1165420 2126.4
1165430 2126.4
1165440 2125.4
1165450 2124.6
1165460 2124.6
1165470 2123.4
1165480 2123.6
1165490 2123.6
1165500 2128.2
1165510 2129.4
1165520 2129.4
1165530 2130.2
1165540 2131.2
1165550 2131.2
1165560 2131.1
1165570 2129.9
1165580 2129.9
1165590 2128.8
1165600 2126.8
1165610 2126.8
1165620 2125.4
1165630 2125.7
1165640 2126.2
1165650 2126.2
1165660 2126.1
1165670 2126.0
1165680 2126.0
1165690 2125.9
1165700 2125.1
1165710 2125.1
1165720 2123.7
1165730 2120.9
1165740 2120.9
1165750 2116.4
1165760 2113.4
1165770 2113.4
1165780 2111.6
1165790 2108.3
1165800 2108.3
1165810 2103.2
1165820 2098.2
1165830 2098.2
1165840 2094.6
1165850 2091.4
1165860 2088.2
1165870 2088.2
1165880 2086.1
1165890 2084.7
1165900 2089.2
1165910 2085.6
1165920 2082.4
1165930 2082.4
1165940 2079.7
1165950 2077.3
1165960 2077.3
1165970 2075.2
1165980 2072.9
1165990 2072.9
1166000 2070.9
1166010 2068.9
1166020 2068.9
1166030 2066.7
1166040 2064.9
1166050 2064.9
1166060 2062.5
1166070 2059.5
1166080 2056.3
1166090 2056.3
1166100 2052.0
1166110 2046.5
1166120 2046.5
1166130 2042.5
1166140 2038.0
1166150 2038.0
1166160 2032.7
1166170 2027.4
1166180 2027.4
1166190 2021.2
1166200 2015.1
1166210 2015.1
1166220 2007.6
1166230 2000.8
1166240 2000.8
1166250 1995.7
1166260 1991.1
1166270 1991.1
1166280 1986.0
1166290 1980.4
1166300 1976.8
1166310 1976.8
1166320 1969.9
1166330 1963.4
1166340 1963.4
1166350 1956.4
1166360 1949.2
1166370 1949.2
1166380 1942.2
1166390 1936.1
1166400 1936.1
1166410 1928.7
1166420 1918.4
1166430 1918.4
1166440 1909.9
1166450 1901.4
1166460 1901.4
1166470 1893.7
1166480 1888.1
1166490 1888.1
1166500 1882.6
1166510 1878.2
1166520 1874.3
1166530 1874.3
1166540 1871.3
1166550 1868.4
1166560 1868.4
1166570 1866.2
1166580 1865.0
1166590 1865.0
1166600 1863.9
1166610 1862.1
1166620 1862.1
1166630 1860.7
1166640 1861.2
1166650 1861.2
1166660 1863.5
1166670 1860.6
1166680 1860.6
1166690 1852.1
1166700 1850.4
1166710 1850.4
1166720 1853.6
1166730 1859.7
1166740 1867.9
1166750 1867.9
1166760 1876.0
1166770 1882.5
1166780 1882.5
1166790 1887.4
1166800 1892.8
1166810 1892.8
1166820 1898.8
1166830 1905.3
1166840 1905.3
1166850 1909.7
1166860 1912.7
1166870 1912.7
1166880 1915.2
1166890 1919.5
1166900 1919.5
1166910 1925.7
1166920 1931.5
1166930 1931.5
1166940 1935.4
1166950 1939.9
1166960 1945.1
1166970 1945.1
1166980 1949.5
1166990 1953.6
1167000 1953.6
1167010 1957.1
1167020 1960.3
1167030 1960.3
1167040 1963.2
1167050 1966.5
1167060 1966.5
1167070 1969.4
1167080 1972.0
1167090 1972.0
1167100 1976.9
1167110 1981.2
1167120 1981.2
1167130 1986.6
1167140 1994.0
1167150 1994.0
1167160 2001.7
1167170 2009.0
1167180 2016.6
1167190 2016.6
1167200 2023.4
1167210 2030.4
1167220 2030.4
1167230 2037.3
1167240 2044.2
1167250 2044.2
1167260 2050.9
1167270 2057.4
1167280 2057.4
1167290 2063.7
1167300 2070.0
1167310 2070.0
1167320 2076.1
1167330 2081.8
1167340 2081.8
1167350 2087.5
1167360 2092.8
1167370 2092.8
1167380 2094.6
1167390 2094.2
1167400 2092.9
1167410 2092.9
1167420 2090.8
1167430 2090.5
1167440 2090.5
1167450 2090.8
1167460 2093.4
1167470 2093.4
1167480 2097.6
1167490 2101.6
1167500 2105.8
1167510 2110.2
1167520 2114.2
1167530 2114.2
1167540 2116.4
1167550 2118.7
1167560 2118.7
1167570 2121.5
1167580 2124.4
1167590 2124.4
1167600 2127.1
1167610 2128.8
1167620 2129.7
1167630 2129.7
1167640 2131.9
1167650 2134.4
1167660 2134.4
1167670 2137.3
1167680 2139.1
1167690 2139.1
1167700 2139.5
1167710 2140.0
1167720 2140.0
1167730 2142.7
1167740 2145.9
1167750 2145.9
1167760 2147.4
1167770 2146.7
1167780 2146.7
1167790 2146.4
1167800 2148.0
1167810 2148.0
1167820 2150.8
1167830 2154.7
1167840 2158.0
1167850 2158.0
1167860 2161.5
1167870 2163.9
1167880 2163.9
1167890 2164.6
1167900 2165.4
1167910 2165.4
1167920 2164.2
1167930 2165.7
1167940 2165.7
1167950 2167.6
1167960 2168.1
1167970 2168.1
1167980 2168.6
1167990 2169.8
1168000 2169.8
1168010 2171.8
1168020 2174.3
1168030 2174.3
1168040 2176.9
1168050 2177.4
1168060 2179.2
1168070 2179.2
1168080 2181.5
1168090 2183.6
1168100 2183.6
1168110 2186.0
1168120 2188.6
1168130 2188.6
1168140 2190.6
1168150 2193.3
1168160 2193.3
1168170 2199.0
1168180 2205.2
1168190 2205.2
1168200 2210.3
1168210 2212.7
1168220 2212.7
1168230 2212.7
1168240 2212.2
1168250 2212.2
1168260 2211.5
1168270 2211.3
1168280 2212.8
1168290 2212.8
1168300 2216.6
1168310 2219.7
1168320 2219.7
1168330 2224.5
1168340 2229.7
1168350 2229.7
1168360 2235.7
1168370 2241.5
1168380 2241.5
1168390 2246.6
1168400 2251.2
1168410 2251.2
1168420 2257.0
1168430 2262.8
1168440 2262.8
1168450 2268.4
1168460 2274.2
1168470 2274.2
1168480 2282.1
1168490 2290.4
1168500 2297.9
1168510 2297.9
1168520 2304.5
1168530 2310.3
1168540 2310.3
1168550 2317.0
1168560 2321.5
1168570 2321.5
1168580 2325.6
1168590 2329.4
1168600 2329.4
1168610 2332.7
1168620 2335.5
1168630 2335.5
1168640 2337.7
1168650 2339.6
1168660 2339.6
1168670 2341.8
1168680 2344.8
1168690 2344.8
1168700 2346.8
1168710 2352.2
1168720 2358.0
1168730 2358.0
1168740 2365.6
1168750 2375.4
1168760 2375.4
1168770 2383.2
1168780 2390.6
1168790 2390.6
1168800 2396.6
1168810 2403.3
1168820 2403.3
1168830 2410.1
1168840 2414.5
1168850 2414.5
1168860 2420.8
1168870 2431.6
1168880 2431.6
1168890 2436.7
1168900 2439.3
1168910 2439.3
1168920 2441.1
1168930 2443.5
1168940 2446.3
1168950 2446.3
1168960 2449.0
1168970 2453.0
1168980 2453.0
1168990 2457.2
1169000 2460.7
1169010 2460.7
1169020 2463.8
1169030 2465.8
1169040 2465.8
1169050 2468.8
1169060 2473.4
1169070 2473.4
1169080 2474.7
1169090 2477.2
1169100 2479.6
1169110 2484.3
1169120 2487.5
1169130 2487.5
1169140 2487.4
1169150 2487.4
1169160 2487.6
1169170 2487.6
1169180 2488.3
1169190 2491.1
1169200 2491.1
1169210 2493.2
1169220 2495.0
1169230 2495.0
1169240 2495.9
1169250 2496.3
1169260 2496.3
1169270 2497.4
1169280 2499.6
1169290 2499.6
1169300 2501.9
1169310 2503.6
1169320 2503.6
1169330 2505.6
1169340 2508.7
1169350 2508.7
1169360 2511.4
1169370 2513.5
1169380 2515.7
1169390 2515.7
1169400 2517.6
1169410 2519.8
1169420 2519.8
1169430 2522.6
1169440 2525.8
1169450 2525.8
1169460 2528.5
1169470 2531.4
1169480 2531.4
1169490 2534.7
1169500 2537.1
1169510 2537.1
1169520 2541.8
1169530 2546.8
1169540 2546.8
1169550 2552.2
1169560 2557.8
1169570 2562.9
1169580 2562.9
1169590 2567.1
1169600 2570.8
1169610 2570.8
1169620 2574.2
1169630 2577.6
1169640 2577.6
1169650 2581.0
1169660 2584.3
1169670 2584.3
1169680 2587.7
1169690 2591.3
1169700 2591.3
1169710 2595.3
1169720 2600.2
1169730 2600.2
1169740 2607.1
1169750 2615.1
1169760 2615.1
1169770 2624.0
1169780 2632.1
1169790 2640.6
1169800 2640.6
1169810 2649.7
1169820 2658.3
1169830 2658.3
1169840 2666.9
1169850 2671.0
1169860 2671.0
1169870 2672.6
1169880 2678.0
1169890 2678.0
1169900 2682.2
1169910 2651.5
1169920 2651.5
1169930 2659.3
1169940 2662.3
1169950 2662.3
1169960 2667.3
1169970 2679.8
1169980 2679.8
1169990 2695.6
1170000 2708.4
1170010 2717.9
1170020 2717.9
1170030 2718.6
1170040 2715.5
1170050 2715.5
1170060 2712.6
1170070 2715.0
1170080 2715.0
1170090 2720.5
1170100 2720.2
1170110 2720.2
1170120 2722.9
1170130 2722.8
1170140 2722.8
1170150 2724.2
1170160 2725.2
1170170 2725.2
1170180 2728.1
1170190 2730.6
1170200 2730.6
1170210 2731.5
1170220 2733.3
1170230 2738.0
1170240 2738.0
1170250 2741.0
1170260 2742.2
1170270 2742.2
1170280 2745.2
1170290 2750.6
1170300 2750.6
1170310 2764.2
1170320 2768.8
1170330 2768.8
1170340 2772.7
1170350 2783.8
1170360 2783.8
1170370 2796.6
1170380 2805.2
1170390 2805.2
1170400 2810.6
1170410 2812.7
1170420 2812.7
1170430 2817.9
1170440 2821.1
1170450 2822.7
1170460 2822.7
1170470 2824.7
1170480 2826.8
1170490 2826.8
1170500 2828.0
1170510 2828.1
1170520 2828.1
1170530 2829.4
1170540 2828.4
1170550 2828.4
1170560 2824.3
1170570 2822.1
1170580 2822.1
1170590 2821.0
1170600 2820.6
1170610 2820.6
1170620 2820.9
1170630 2822.3
1170640 2822.3
1170650 2820.1
1170660 2816.9
1170670 2815.2
1170680 2815.2
1170690 2814.0
1170700 2814.3
1170710 2822.7
1170720 2820.5
1170730 2819.9
1170740 2819.9
1170750 2820.8
1170760 2821.4
1170770 2821.4
1170780 2821.1
1170790 2822.6
1170800 2822.6
1170810 2827.1
1170820 2828.3
1170830 2828.3
1170840 2828.2
1170850 2834.6
1170860 2834.6
1170870 2842.8
1170880 2847.7
1170890 2851.5
1170900 2851.5
1170910 2853.3
1170920 2853.7
1170930 2853.7
1170940 2848.4
1170950 2840.1
1170960 2840.1
1170970 2834.0
1170980 2830.7
1170990 2830.7
1171000 2826.1
1171010 2817.6
1171020 2817.6
1171030 2806.7
1171040 2800.7
1171050 2800.7
1171060 2796.4
1171070 2791.7
1171080 2791.7
1171090 2789.1
1171100 2788.0
1171110 2788.1
1171120 2778.8
1171130 2779.9
1171140 2774.0
1171150 2774.0
1171160 2768.5
1171170 2768.4
1171180 2768.4
1171190 2763.8
1171200 2761.6
1171210 2761.6
1171220 2761.2
1171230 2760.6
1171240 2760.6
1171250 2761.4
1171260 2762.1
1171270 2762.1
1171280 2762.0
1171290 2761.2
1171300 2761.2
1171310 2760.0
1171320 2756.4
1171330 2750.5
1171340 2750.5
1171350 2743.1
1171360 2733.3
1171370 2733.3
1171380 2724.0
1171390 2718.7
1171400 2718.7
1171410 2712.0
1171420 2701.4
1171430 2701.4
1171440 2693.0
1171450 2689.4
1171460 2689.4
1171470 2683.9
1171480 2678.2
1171490 2678.2
1171500 2671.9
1171510 2665.2
1171520 2661.5
1171530 2658.8
1171540 2657.9
1171550 2656.2
1171560 2656.2
1171570 2653.6
1171580 2649.6
1171590 2649.6
1171600 2644.9
1171610 2640.6
1171620 2640.6
1171630 2636.5
1171640 2633.6
1171650 2633.6
1171660 2631.4
1171670 2631.1
1171680 2631.1
1171690 2631.9
1171700 2632.1
1171710 2632.1
1171720 2632.2
1171730 2631.5
1171740 2631.5
1171750 2631.4
1171760 2633.3
1171770 2635.7
1171780 2635.7
1171790 2637.5
1171800 2638.7
1171810 2638.7
1171820 2640.0
1171830 2641.3
1171840 2641.3
1171850 2641.8
1171860 2642.9
1171870 2642.9
1171880 2644.2
1171890 2645.0
1171900 2645.0
1171910 2644.5
1171920 2644.1
1171930 2642.2
1171940 2642.2
1171950 2643.5
1171960 2643.5
1171970 2646.2
1171980 2648.5
1171990 2650.9
1172000 2650.9
1172010 2653.2
1172020 2653.8
1172030 2653.8
1172040 2653.9
1172050 2653.5
1172060 2653.5
1172070 2651.3
1172080 2647.8
1172090 2647.8
1172100 2645.0
1172110 2644.4
1172120 2644.4
1172130 2644.8
1172140 2646.7
1172150 2646.7
1172160 2649.1
1172170 2651.8
1172180 2651.8
1172190 2653.7
1172200 2656.5
1172210 2658.6
1172220 2658.6
1172230 2661.4
1172240 2666.8
1172250 2666.8
1172260 2673.2
1172270 2679.4
1172280 2679.4
1172290 2680.9
1172300 2681.5
1172310 2681.5
1172320 2682.7
1172330 2672.7
1172340 2672.7
1172350 2672.3
1172360 2672.2
1172370 2672.2
1172380 2669.8
1172390 2669.1
1172400 2669.1
1172410 2670.5
1172420 2671.1
1172430 2669.6
1172440 2669.6
1172450 2667.5
1172460 2666.5
1172470 2666.5
1172480 2669.1
1172490 2673.2
1172500 2673.2
1172510 2677.1
1172520 2677.8
1172530 2677.8
1172540 2679.9
1172550 2682.8
1172560 2682.8
1172570 2688.4
1172580 2695.0
1172590 2695.0
1172600 2700.8
1172610 2706.3
1172620 2706.3
1172630 2711.7
1172640 2717.6
1172650 2723.8
1172660 2723.8
1172670 2729.6
1172680 2735.2
1172690 2735.2
1172700 2740.6
1172710 2745.8
1172720 2745.8
1172730 2752.4
1172740 2754.5
1172750 2754.5
1172760 2759.8
1172770 2764.2
1172780 2764.2
1172790 2768.4
1172800 2767.9
1172810 2767.9
1172820 2763.6
1172830 2760.3
1172840 2760.3
1172850 2758.3
1172860 2757.1
1172870 2756.3
1172880 2756.3
1172890 2756.0
1172900 2755.9
1172910 2755.9
1172920 2756.4
1172930 2756.8
1172940 2756.8
1172950 2757.2
1172960 2755.5
1172970 2755.5
1172980 2750.1
1172990 2744.8
1173000 2744.8
1173010 2740.0
1173020 2737.0
1173030 2737.0
1173040 2736.2
1173050 2736.1
1173060 2736.1
1173070 2736.6
1173080 2738.4
1173090 2742.2
1173100 2742.2
1173110 2745.5
1173120 2749.8
1173130 2749.8
1173140 2761.4
1173150 2765.3
1173160 2765.3
1173170 2768.3
1173180 2773.9
1173190 2773.9
1173200 2780.1
1173210 2785.6
1173220 2785.6
1173230 2790.2
1173240 2793.5
1173250 2793.5
1173260 2795.7
1173270 2796.6
1173280 2796.6
1173290 2792.3
1173300 2784.3
1173310 2776.1
1173320 2776.1
1173330 2768.5
1173340 2760.4
1173350 2760.4
1173360 2752.0
1173370 2744.8
1173380 2744.8
1173390 2737.9
1173400 2731.4
1173410 2731.4
1173420 2725.3
1173430 2719.5
1173440 2719.5
1173450 2715.0
1173460 2711.2
1173470 2711.2
1173480 2706.6
1173490 2700.7
1173500 2700.7
1173510 2695.2
1173520 2689.2
1173530 2681.9
1173540 2681.9
1173550 2677.8
1173560 2671.0
1173570 2671.0
1173580 2664.9
1173590 2659.8
1173600 2659.8
1173610 2654.9
1173620 2649.1
1173630 2649.1
1173640 2642.7
1173650 2637.1
1173660 2637.1
1173670 2632.0
1173680 2627.2
1173690 2627.2
1173700 2622.3
1173710 2618.2
1173720 2618.2
1173730 2614.3
1173740 2611.2
1173750 2607.5
1173760 2607.5
1173770 2603.8
1173780 2600.1
1173790 2600.1
1173800 2596.3
1173810 2592.4
1173820 2592.4
1173830 2588.7
1173840 2587.0
1173850 2587.0
1173860 2588.7
1173870 2591.0
1173880 2591.0
1173890 2592.4
1173900 2592.4
1173910 2592.4
1173920 2592.4
1173930 2592.9
1173940 2592.9
1173950 2592.9
1173960 2597.4
1173970 2597.3
1173980 2597.3
1173990 2597.6
1174000 2596.8
1174010 2596.8
1174020 2596.6
1174030 2597.2
1174040 2597.2
1174050 2597.8
1174060 2597.6
1174070 2597.6
1174080 2600.0
1174090 2602.8
1174100 2602.8
1174110 2604.9
1174120 2607.9
1174130 2607.9
1174140 2611.4
1174150 2613.4
1174160 2613.4
1174170 2616.6
1174180 2622.5
1174190 2626.3
1174200 2626.3
1174210 2628.0
1174220 2629.7
1174230 2629.7
1174240 2631.7
1174250 2632.7
1174260 2632.7
1174270 2630.2
1174280 2628.8
1174290 2628.8
1174300 2626.0
1174310 2622.5
1174320 2622.5
1174330 2615.9
1174340 2608.6
1174350 2608.6
1174360 2602.7
1174370 2592.1
1174380 2592.1
1174390 2587.7
1174400 2583.6
1174410 2579.3
1174420 2579.3
1174430 2574.0
1174440 2567.9
1174450 2567.9
1174460 2561.1
1174470 2554.2
1174480 2554.2
1174490 2547.0
1174500 2538.8
1174510 2538.8
1174520 2530.7
1174530 2523.9
1174540 2523.9
1174550 2516.7
1174560 2509.9
1174570 2509.9
1174580 2504.9
1174590 2501.6
1174600 2501.6
1174610 2497.8
1174620 2494.8
1174630 2492.0
1174640 2492.0
1174650 2488.5
1174660 2484.7
1174670 2484.7
1174680 2479.5
1174690 2473.4
1174700 2473.4
1174710 2465.9
1174720 2458.0
1174730 2458.0
1174740 2451.3
1174750 2444.8
1174760 2444.8
1174770 2438.5
1174780 2428.4
1174790 2428.4
1174800 2422.6
1174810 2416.9
1174820 2416.9
1174830 2411.6
1174840 2407.3
1174850 2401.8
1174860 2401.8
1174870 2395.6
1174880 2389.7
1174890 2389.7
1174900 2385.5
1174910 2382.1
1174920 2382.1
1174930 2378.3
1174940 2374.2
1174950 2374.2
1174960 2369.9
1174970 2365.8
1174980 2365.8
1174990 2361.4
1175000 2356.8
1175010 2356.8
1175020 2352.5
1175030 2348.9
1175040 2348.9
1175050 2345.5
1175060 2343.5
1175070 2341.5
1175080 2341.5
1175090 2339.7
1175100 2338.0
1175110 2338.0
1175120 2336.5
1175130 2335.2
1175140 2335.2
1175150 2334.4
1175160 2333.4
1175170 2333.4
1175180 2332.6
1175190 2327.0
1175200 2327.0
1175210 2326.1
1175220 2325.3
1175230 2325.3
1175240 2324.1
1175250 2323.5
1175260 2323.5
1175270 2323.4
1175280 2322.9
1175290 2322.3
1175300 2322.3
1175310 2321.8
1175320 2321.5
1175330 2321.5
1175340 2320.8
1175350 2319.7
1175360 2319.7
1175370 2318.3
1175380 2317.2
1175390 2317.2
1175400 2316.2
1175410 2315.0
1175420 2315.0
1175430 2314.0
1175440 2313.2
1175450 2313.2
1175460 2311.9
1175470 2311.8
1175480 2311.8
1175490 2311.0
1175500 2310.2
1175510 2308.6
1175520 2308.6
1175530 2306.8
1175540 2304.7
1175550 2304.7
1175560 2302.4
1175570 2300.5
1175580 2300.5
1175590 2297.5
1175600 2290.5
1175610 2290.5
1175620 2287.4
1175630 2283.2
1175640 2283.2
1175650 2279.4
1175660 2276.4
1175670 2276.4
1175680 2273.9
1175690 2270.9
1175700 2270.9
1175710 2266.0
1175720 2262.6
1175730 2259.1
1175740 2259.1
1175750 2255.5
1175760 2253.5
1175770 2253.5
1175780 2251.4
1175790 2248.9
1175800 2248.9
1175810 2245.6
1175820 2240.6
1175830 2240.6
1175840 2236.8
1175850 2236.0
1175860 2236.0
1175870 2234.2
1175880 2231.9
1175890 2231.9
1175900 2231.0
1175910 2231.0
1175920 2231.0
1175930 2230.4
1175940 2229.6
1175950 2228.0
1175960 2228.0
1175970 2225.3
1175980 2221.5
1175990 2221.5
1176000 2217.8
1176010 2213.2
1176020 2213.2
1176030 2208.9
1176040 2205.1
1176050 2205.1
1176060 2202.1
1176070 2200.3
1176080 2200.3
1176090 2199.0
1176100 2197.9
1176110 2197.9
1176120 2197.0
1176130 2196.1
1176140 2196.1
1176150 2194.8
1176160 2193.4
1176170 2192.2
1176180 2192.2
1176190 2191.1
1176200 2190.5
1176210 2190.5
1176220 2190.5
1176230 2190.5
1176240 2190.5
1176250 2191.2
1176260 2191.8
1176270 2191.8
1176280 2192.3
1176290 2192.1
1176300 2192.1
1176310 2190.8
1176320 2189.2
1176330 2189.2
1176340 2187.3
1176350 2184.8
1176360 2184.8
1176370 2179.8
1176380 2174.0
1176390 2168.3
1176400 2168.3
1176410 2163.7
1176420 2159.1
1176430 2159.1
1176440 2155.1
1176450 2151.8
1176460 2151.8
1176470 2147.4
1176480 2143.3
1176490 2143.3
1176500 2139.7
1176510 2135.5
1176520 2135.5
1176530 2131.1
1176540 2126.6
1176550 2126.6
1176560 2122.3
1176570 2117.9
1176580 2117.9
1176590 2113.6
1176600 2109.6
1176610 2105.5
1176620 2105.5
1176630 2102.5
1176640 2099.2
1176650 2099.2
1176660 2095.8
1176670 2092.3
1176680 2092.3
1176690 2087.6
1176700 2083.5
1176710 2083.5
1176720 2079.6
1176730 2077.0
1176740 2077.0
1176750 2075.1
1176760 2071.6
1176770 2071.6
1176780 2068.7
1176790 2066.1
1176800 2066.1
1176810 2064.0
1176820 2062.1
1176830 2056.7
1176840 2056.7
1176850 2053.8
1176860 2051.4
1176870 2051.4
1176880 2050.0
1176890 2049.3
1176900 2049.3
1176910 2047.6
1176920 2045.7
1176930 2045.7
1176940 2043.3
1176950 2042.0
1176960 2042.0
1176970 2039.8
1176980 2037.6
1176990 2037.6
1177000 2035.6
1177010 2033.8
1177020 2033.8
1177030 2031.7
1177040 2029.1
1177050 2027.2
1177060 2027.2
1177070 2026.4
1177080 2025.9
1177090 2025.9
1177100 2025.0
1177110 2024.7
1177120 2024.7
1177130 2023.9
1177140 2022.2
1177150 2022.2
1177160 2019.6
1177170 2016.3
1177180 2016.3
1177190 2013.2
1177200 2010.0
1177210 2010.0
1177220 2007.6
1177230 2006.2
1177240 2001.9
1177250 2000.4
1177260 1998.5
1177270 1996.2
1177280 1996.2
1177290 1991.7
1177300 1987.6
1177310 1987.6
1177320 1985.0
1177330 1981.9
1177340 1981.9
1177350 1979.2
1177360 1977.9
1177370 1977.9
1177380 1974.5
1177390 1971.9
1177400 1971.9
1177410 1974.0
1177420 1973.2
1177430 1973.2
1177440 1970.3
1177450 1965.7
1177460 1961.4
1177470 1961.4
1177480 1958.9
1177490 1956.4
1177500 1956.4
1177510 1952.8
1177520 1949.7
1177530 1949.7
1177540 1946.1
1177550 1942.4
1177560 1942.4
1177570 1939.4
1177580 1938.1
1177590 1938.1
1177600 1938.7
1177610 1937.6
1177620 1937.6
1177630 1935.1
1177640 1933.3
1177650 1933.3
1177660 1928.0
1177670 1925.7
1177680 1926.9
1177690 1926.9
1177700 1927.0
1177710 1924.1
1177720 1924.1
1177730 1926.7
1177740 1928.0
1177750 1928.0
1177760 1928.1
1177770 1928.6
1177780 1928.6
1177790 1928.0
1177800 1926.1
1177810 1926.1
1177820 1923.4
1177830 1921.8
1177840 1921.8
1177850 1920.6
1177860 1919.1
1177870 1919.1
1177880 1919.4
1177890 1921.5
1177900 1923.6
1177910 1923.6
1177920 1924.8
1177930 1924.7
1177940 1924.7
1177950 1926.4
1177960 1929.3
1177970 1929.3
1177980 1932.1
1177990 1934.0
1178000 1934.0
1178010 1936.6
1178020 1939.5
1178030 1939.5
1178040 1941.2
1178050 1943.0
1178060 1943.0
1178070 1940.0
1178080 1943.2
1178090 1943.2
1178100 1945.3
1178110 1947.8
1178120 1950.2
1178130 1950.2
1178140 1953.5
1178150 1957.3
1178160 1957.3
1178170 1960.0
1178180 1962.7
1178190 1962.7
1178200 1965.4
1178210 1968.4
1178220 1968.4
1178230 1972.6
1178240 1976.5
1178250 1976.5
1178260 1980.6
1178270 1984.5
1178280 1984.5
1178290 1988.6
1178300 1992.5
1178310 1992.5
1178320 1996.0
1178330 1999.2
1178340 2002.6
1178350 2002.6
1178360 2006.5
1178370 2010.5
1178380 2010.5
1178390 2011.7
1178400 2010.2
1178410 2010.2
1178420 2008.4
1178430 2007.5
1178440 2007.5
1178450 2006.2
1178460 2004.8
1178470 2004.8
1178480 1999.4
1178490 1998.1
1178500 1998.1
1178510 1996.8
1178520 1995.2
1178530 1995.2
1178540 1993.6
1178550 1992.2
1178560 1990.4
1178570 1990.4
1178580 1988.1
1178590 1985.6
1178600 1985.6
1178610 1982.8
1178620 1979.9
1178630 1979.9
1178640 1976.8
1178650 1973.6
1178660 1973.6
1178670 1970.2
1178680 1967.7
1178690 1967.7
1178700 1965.5
1178710 1962.7
1178720 1962.7
1178730 1960.3
1178740 1957.7
1178750 1957.7
1178760 1954.5
1178770 1950.9
1178780 1947.1
1178790 1947.1
1178800 1944.0
1178810 1941.3
1178820 1941.3
1178830 1938.2
1178840 1935.0
1178850 1935.0
1178860 1931.6
1178870 1927.4
1178880 1927.4
1178890 1922.5
1178900 1915.8
1178910 1915.8
1178920 1911.1
1178930 1906.5
1178940 1906.5
1178950 1901.2
1178960 1895.9
1178970 1895.9
1178980 1890.6
1178990 1885.6
1179000 1880.6
1179010 1880.6
1179020 1875.2
1179030 1870.2
1179040 1870.2
1179050 1864.5
1179060 1859.0
1179070 1859.0
1179080 1853.0
1179090 1846.4
1179100 1846.4
1179110 1838.6
1179120 1830.5
1179130 1830.5
1179140 1824.2
1179150 1820.1
1179160 1820.1
1179170 1816.7
1179180 1813.8
1179190 1813.8
1179200 1810.1
1179210 1806.3
1179220 1803.0
1179230 1803.0
1179240 1799.7
1179250 1796.2
1179260 1796.2
1179270 1791.5
1179280 1789.6
1179290 1789.6
1179300 1786.6
1179310 1784.3
1179320 1784.3
1179330 1779.5
1179340 1776.3
1179350 1776.3
1179360 1774.1
1179370 1770.9
1179380 1770.9
1179390 1766.4
1179400 1762.3
1179410 1762.3
1179420 1758.4
1179430 1753.9
1179440 1748.9
1179450 1748.9
1179460 1743.3
1179470 1737.9
1179480 1737.9
1179490 1733.3
1179500 1730.7
1179510 1730.7
1179520 1728.1
1179530 1725.2
1179540 1725.2
1179550 1722.8
1179560 1720.2
1179570 1720.2
1179580 1717.7
1179590 1714.8
1179600 1714.8
1179610 1710.8
1179620 1705.9
1179630 1705.9
1179640 1701.1
1179650 1698.0
1179660 1696.2
1179670 1696.2
1179680 1694.5
1179690 1692.3
1179700 1692.3
1179710 1690.9
1179720 1688.9
1179730 1688.7
1179740 1685.4
1179750 1681.8
1179760 1681.8
1179770 1678.0
1179780 1674.3
1179790 1674.3
1179800 1671.1
1179810 1668.5
1179820 1668.5
1179830 1666.1
1179840 1664.1
1179850 1664.1
1179860 1662.6
1179870 1660.8
1179880 1658.9
1179890 1658.9
1179900 1657.2
1179910 1655.1
1179920 1655.1
1179930 1652.6
1179940 1649.1
1179950 1649.1
1179960 1645.5
1179970 1640.7
1179980 1640.7
1179990 1636.5
