1160000 1699.8
1160010 1699.8
1160020 1697.4
1160030 1692.6
1160040 1692.6
1160050 1690.7
1160060 1695.0
1160070 1700.0
1160080 1705.1
1160090 1710.5
1160100 1710.5
1160110 1715.9
1160120 1721.1
1160130 1721.1
1160140 1726.4
1160150 1730.8
1160160 1733.9
1160170 1733.9
1160180 1735.8
1160190 1737.7
1160200 1737.7
1160210 1738.3
1160220 1736.3
1160230 1736.3
1160240 1734.0
1160250 1730.5
1160260 1730.5
1160270 1725.9
1160280 1721.5
1160290 1721.5
1160300 1716.5
1160310 1712.4
1160320 1712.4
1160330 1709.9
1160340 1706.4
1160350 1706.4
1160360 1702.9
1160370 1699.2
1160380 1694.9
1160390 1694.9
1160400 1693.1
1160410 1695.0
1160420 1695.0
1160430 1698.8
1160440 1701.7
1160450 1701.7
1160460 1709.9
1160470 1711.0
1160480 1711.0
1160490 1712.3
1160500 1716.3
1160510 1716.3
1160520 1723.0
1160530 1727.4
1160540 1727.4
1160550 1729.6
1160560 1730.8
1160570 1730.8
1160580 1730.9
1160590 1730.3
1160600 1727.6
1160610 1727.6
1160620 1724.3
1160630 1721.1
1160640 1721.1
1160650 1717.9
1160660 1712.6
1160670 1712.6
1160680 1708.5
1160690 1709.1
1160700 1709.1
1160710 1713.4
1160720 1717.1
1160730 1717.1
1160740 1717.8
1160750 1716.9
1160760 1716.9
1160770 1715.1
1160780 1713.8
1160790 1713.8
1160800 1712.7
1160810 1711.6
1160820 1712.0
1160830 1712.0
1160840 1713.4
1160850 1718.5
1160860 1718.5
1160870 1719.1
1160880 1719.0
1160890 1719.0
1160900 1718.8
1160910 1718.2
1160920 1718.2
1160930 1716.4
1160940 1714.5
1160950 1714.5
1160960 1715.4
1160970 1717.1
1160980 1717.1
1160990 1717.7
1161000 1717.5
1161010 1717.5
1161020 1716.3
1161030 1714.3
1161040 1714.5
1161050 1714.5
1161060 1715.0
1161070 1711.3
1161080 1711.3
1161090 1708.3
1161100 1711.0
1161110 1711.0
1161120 1714.4
1161130 1718.2
1161140 1718.2
1161150 1723.2
1161160 1728.1
1161170 1728.1
1161180 1731.0
1161190 1734.7
1161200 1734.7
1161210 1739.1
1161220 1743.5
1161230 1743.5
1161240 1750.6
1161250 1755.9
1161260 1761.4
1161270 1761.4
1161280 1765.6
1161290 1766.7
1161300 1766.7
1161310 1767.4
1161320 1769.3
1161330 1769.3
1161340 1767.8
1161350 1763.5
1161360 1763.5
1161370 1757.2
1161380 1752.4
1161390 1752.4
1161400 1747.1
1161410 1744.3
1161420 1744.3
1161430 1741.8
1161440 1742.4
1161450 1742.4
1161460 1744.9
1161470 1748.7
1161480 1750.7
1161490 1750.7
1161500 1751.2
1161510 1752.8
1161520 1752.8
1161530 1755.2
1161540 1757.2
1161550 1757.2
1161560 1758.4
1161570 1760.2
1161580 1760.2
1161590 1762.1
1161600 1762.5
1161610 1762.5
1161620 1762.1
1161630 1765.9
1161640 1765.9
1161650 1764.7
1161660 1762.9
1161670 1762.9
1161680 1760.4
1161690 1758.7
1161700 1757.5
1161710 1757.5
1161720 1755.8
1161730 1754.7
1161740 1754.7
1161750 1755.8
1161760 1756.4
1161770 1756.4
1161780 1756.1
1161790 1757.0
1161800 1757.0
1161810 1757.8
1161820 1757.8
1161830 1757.8
1161840 1755.7
1161850 1752.4
1161860 1752.4
1161870 1749.7
1161880 1746.0
1161890 1746.0
1161900 1740.2
1161910 1736.1
1161920 1733.8
1161930 1733.8
1161940 1731.3
1161950 1727.5
1161960 1727.5
1161970 1725.0
1161980 1720.3
1161990 1720.3
1162000 1714.0
1162010 1707.2
1162020 1711.2
1162030 1707.3
1162040 1703.6
1162050 1703.6
1162060 1701.1
1162070 1701.0
1162080 1701.0
1162090 1700.8
1162100 1698.7
1162110 1698.7
1162120 1694.8
1162130 1691.2
1162140 1687.6
1162150 1687.6
1162160 1684.8
1162170 1682.2
1162180 1682.2
1162190 1682.5
1162200 1682.7
1162210 1682.7
1162220 1680.5
1162230 1676.9
1162240 1676.9
1162250 1672.8
1162260 1669.2
1162270 1669.2
1162280 1666.9
1162290 1665.0
1162300 1665.0
1162310 1663.1
1162320 1660.7
1162330 1660.7
1162340 1657.9
1162350 1657.3
1162360 1656.8
1162370 1656.8
1162380 1654.6
1162390 1652.2
1162400 1652.2
1162410 1649.3
1162420 1650.6
1162430 1650.6
1162440 1647.8
1162450 1644.4
1162460 1644.4
1162470 1640.5
1162480 1638.1
1162490 1638.1
1162500 1636.6
1162510 1633.3
1162520 1633.3
1162530 1627.3
1162540 1620.0
1162550 1620.0
1162560 1613.2
1162570 1607.6
1162580 1598.9
1162590 1598.9
1162600 1593.2
1162610 1580.0
1162620 1580.0
1162630 1566.7
1162640 1557.7
1162650 1557.7
1162660 1548.3
1162670 1538.9
1162680 1538.9
1162690 1528.6
1162700 1517.5
1162710 1517.5
1162720 1510.0
1162730 1507.6
1162740 1507.6
1162750 1510.2
1162760 1516.1
1162770 1516.1
1162780 1520.6
1162790 1523.3
1162800 1525.2
1162810 1526.7
1162820 1528.7
1162830 1531.0
1162840 1531.0
1162850 1532.2
1162860 1537.1
1162870 1537.1
1162880 1542.2
1162890 1546.8
1162900 1546.8
1162910 1551.2
1162920 1555.9
1162930 1555.9
1162940 1560.8
1162950 1565.9
1162960 1565.9
1162970 1572.1
1162980 1578.9
1162990 1578.9
1163000 1585.7
1163010 1592.3
1163020 1598.4
1163030 1598.4
1163040 1604.8
1163050 1610.9
1163060 1610.9
1163070 1617.1
1163080 1620.4
1163090 1620.4
1163100 1623.1
1163110 1626.0
1163120 1626.0
1163130 1628.5
1163140 1631.9
1163150 1631.9
1163160 1636.1
1163170 1640.6
1163180 1640.6
1163190 1644.9
1163200 1649.7
1163210 1649.7
1163220 1653.7
1163230 1657.7
1163240 1661.4
1163250 1661.4
1163260 1664.6
1163270 1667.7
1163280 1667.7
1163290 1670.7
1163300 1672.1
1163310 1672.1
1163320 1673.6
1163330 1675.3
1163340 1675.3
1163350 1678.6
1163360 1682.0
1163370 1682.0
1163380 1685.4
1163390 1688.7
1163400 1688.7
1163410 1692.5
1163420 1695.9
1163430 1695.9
1163440 1699.6
1163450 1704.2
1163460 1704.2
1163470 1709.1
1163480 1713.8
1163490 1717.4
1163500 1717.4
1163510 1719.3
1163520 1720.6
1163530 1720.6
1163540 1722.2
1163550 1723.3
1163560 1723.3
1163570 1724.1
1163580 1724.6
1163590 1724.6
1163600 1726.2
1163610 1726.6
1163620 1726.6
1163630 1727.2
1163640 1728.0
1163650 1728.0
1163660 1727.6
1163670 1728.1
1163680 1728.1
1163690 1730.0
1163700 1731.1
1163710 1733.0
1163720 1733.0
1163730 1735.5
1163740 1738.3
1163750 1738.3
1163760 1740.9
1163770 1742.9
1163780 1742.9
1163790 1744.9
1163800 1747.0
1163810 1747.0
1163820 1749.2
1163830 1751.4
1163840 1751.4
1163850 1753.8
1163860 1756.0
1163870 1756.0
1163880 1757.8
1163890 1759.0
1163900 1759.0
1163910 1759.6
1163920 1759.2
1163930 1757.7
1163940 1757.7
1163950 1754.8
1163960 1752.6
1163970 1752.6
1163980 1751.4
1163990 1757.4
1164000 1757.4
1164010 1756.9
1164020 1757.8
1164030 1757.8
1164040 1757.8
1164050 1758.9
1164060 1758.9
1164070 1761.8
1164080 1765.6
1164090 1765.6
1164100 1768.7
1164110 1769.7
1164120 1769.7
1164130 1769.9
1164140 1770.4
1164150 1771.4
1164160 1771.4
1164170 1772.7
1164180 1775.2
1164190 1775.2
1164200 1778.3
1164210 1780.9
1164220 1780.9
1164230 1783.1
1164240 1785.5
1164250 1785.5
1164260 1787.8
1164270 1790.5
1164280 1790.5
1164290 1793.6
1164300 1795.0
1164310 1795.0
1164320 1795.5
1164330 1795.1
1164340 1795.1
1164350 1794.1
1164360 1793.3
1164370 1792.9
1164380 1792.9
1164390 1797.2
1164400 1797.2
1164410 1797.2
1164420 1797.8
1164430 1798.7
1164440 1798.7
1164450 1799.5
1164460 1800.8
1164470 1800.8
1164480 1802.6
1164490 1804.0
1164500 1804.0
1164510 1805.0
1164520 1805.7
1164530 1805.7
1164540 1806.3
1164550 1807.0
1164560 1807.0
1164570 1808.3
1164580 1810.5
1164590 1813.2
1164600 1813.2
1164610 1815.6
1164620 1817.8
1164630 1817.8
1164640 1819.2
1164650 1820.3
1164660 1820.3
1164670 1821.7
1164680 1823.0
1164690 1823.0
1164700 1824.7
1164710 1826.3
1164720 1826.3
1164730 1826.3
1164740 1826.2
1164750 1826.2
1164760 1825.9
1164770 1825.3
1164780 1826.7
1164790 1825.1
1164800 1823.3
1164810 1821.4
1164820 1821.4
1164830 1818.8
1164840 1816.2
1164850 1816.2
1164860 1814.2
1164870 1813.1
1164880 1813.1
1164890 1812.3
1164900 1811.9
1164910 1811.9
1164920 1812.5
1164930 1814.2
1164940 1814.2
1164950 1818.3
1164960 1820.9
1164970 1820.9
1164980 1823.0
1164990 1824.3
1165000 1824.3
1165010 1826.8
1165020 1831.2
1165030 1833.0
1165040 1833.0
1165050 1832.2
1165060 1831.9
1165070 1831.9
1165080 1834.3
1165090 1838.8
1165100 1838.8
1165110 1838.7
1165120 1837.1
1165130 1837.1
1165140 1836.0
1165150 1837.0
1165160 1837.0
1165170 1837.9
1165180 1844.8
1165190 1844.8
1165200 1848.3
1165210 1851.6
1165220 1851.6
1165230 1855.2
1165240 1859.0
1165250 1863.0
1165260 1863.0
1165270 1867.7
1165280 1866.5
1165290 1866.5
1165300 1863.5
1165310 1860.1
1165320 1860.1
1165330 1855.9
1165340 1851.4
1165350 1851.4
1165360 1850.0
1165370 1853.9
1165380 1853.9
1165390 1851.0
1165400 1846.4
1165410 1846.4
1165420 1842.8
1165430 1839.4
1165440 1839.4
1165450 1837.0
1165460 1835.0
1165470 1832.7
1165480 1832.7
1165490 1829.7
1165500 1826.6
1165510 1826.6
1165520 1824.0
1165530 1822.1
1165540 1822.1
1165550 1823.2
1165560 1825.5
1165570 1825.5
1165580 1831.5
1165590 1833.6
1165600 1833.6
1165610 1831.9
1165620 1828.9
1165630 1828.9
1165640 1826.2
1165650 1822.3
1165660 1822.3
1165670 1818.5
1165680 1815.6
1165690 1812.9
1165700 1812.9
1165710 1810.3
1165720 1808.1
1165730 1808.1
1165740 1805.0
1165750 1801.9
1165760 1801.9
1165770 1800.4
1165780 1798.1
1165790 1798.1
1165800 1795.0
1165810 1791.2
1165820 1791.2
1165830 1787.5
1165840 1783.9
1165850 1783.9
1165860 1779.8
1165870 1775.5
1165880 1775.5
1165890 1771.9
1165900 1767.6
1165910 1763.7
1165920 1763.7
1165930 1759.9
1165940 1756.2
1165950 1756.2
1165960 1753.3
1165970 1749.5
1165980 1754.2
1165990 1749.6
1166000 1745.0
1166010 1745.0
1166020 1740.4
1166030 1735.4
1166040 1735.4
1166050 1731.2
1166060 1726.7
1166070 1726.7
1166080 1721.6
1166090 1716.7
1166100 1716.7
1166110 1713.5
1166120 1710.9
1166130 1710.1
1166140 1710.1
1166150 1708.8
1166160 1709.4
1166170 1709.4
1166180 1712.6
1166190 1714.5
1166200 1714.5
1166210 1717.7
1166220 1722.6
1166230 1722.6
1166240 1728.4
1166250 1734.2
1166260 1734.2
1166270 1740.1
1166280 1745.0
1166290 1745.0
1166300 1749.5
1166310 1754.8
1166320 1754.8
1166330 1760.6
1166340 1766.5
1166350 1772.0
1166360 1772.0
1166370 1777.4
1166380 1778.8
1166390 1778.8
1166400 1783.7
1166410 1788.2
1166420 1788.2
1166430 1792.2
1166440 1796.7
1166450 1796.7
1166460 1801.2
1166470 1806.0
1166480 1806.0
1166490 1810.4
1166500 1815.2
1166510 1815.2
1166520 1820.1
1166530 1825.2
1166540 1825.2
1166550 1830.6
1166560 1836.5
1166570 1843.6
1166580 1843.6
1166590 1851.2
1166600 1859.1
1166610 1859.1
1166620 1866.5
1166630 1873.6
1166640 1873.6
1166650 1880.5
1166660 1887.1
1166670 1887.1
1166680 1893.5
1166690 1899.5
1166700 1899.5
1166710 1905.3
1166720 1911.2
1166730 1911.2
1166740 1917.7
1166750 1925.2
1166760 1925.2
1166770 1932.0
1166780 1939.0
1166790 1945.4
1166800 1945.4
1166810 1951.1
1166820 1956.7
1166830 1956.7
1166840 1962.7
1166850 1968.8
1166860 1968.8
1166870 1974.3
1166880 1979.0
1166890 1979.0
1166900 1984.0
1166910 1989.1
1166920 1989.1
1166930 1993.9
1166940 1998.9
1166950 1998.9
1166960 2004.6
1166970 2010.6
1166980 2010.6
1166990 2016.7
1167000 2022.6
1167010 2028.5
1167020 2028.5
1167030 2033.8
1167040 2039.4
1167050 2039.4
1167060 2044.5
1167070 2050.0
1167080 2050.0
1167090 2055.7
1167100 2060.9
1167110 2060.9
1167120 2065.8
1167130 2071.3
1167140 2071.3
1167150 2076.7
1167160 2081.8
1167170 2082.4
1167180 2087.3
1167190 2092.9
1167200 2092.9
1167210 2098.6
1167220 2103.0
1167230 2106.7
1167240 2106.7
1167250 2111.3
1167260 2117.2
1167270 2117.2
1167280 2123.3
1167290 2129.9
1167300 2129.9
1167310 2136.8
1167320 2143.5
1167330 2143.5
1167340 2150.5
1167350 2157.6
1167360 2157.6
1167370 2164.8
1167380 2170.7
1167390 2170.7
1167400 2177.1
1167410 2183.3
1167420 2183.3
1167430 2188.6
1167440 2193.0
1167450 2197.6
1167460 2197.6
1167470 2202.8
1167480 2207.6
1167490 2207.6
1167500 2212.4
1167510 2216.7
1167520 2216.7
1167530 2221.3
1167540 2226.4
1167550 2226.4
1167560 2231.4
1167570 2237.7
1167580 2237.7
1167590 2242.1
1167600 2246.0
1167610 2246.0
1167620 2249.7
1167630 2252.9
1167640 2252.9
1167650 2255.5
1167660 2257.6
1167670 2259.6
1167680 2259.6
1167690 2261.3
1167700 2262.7
1167710 2262.7
1167720 2262.5
1167730 2262.8
1167740 2262.8
1167750 2264.2
1167760 2266.3
1167770 2266.3
1167780 2268.4
1167790 2270.8
1167800 2270.8
1167810 2273.5
1167820 2275.4
1167830 2275.4
1167840 2277.2
1167850 2279.2
1167860 2279.2
1167870 2281.4
1167880 2283.8
1167890 2286.3
1167900 2286.3
1167910 2289.6
1167920 2293.4
1167930 2293.4
1167940 2297.2
1167950 2300.0
1167960 2300.0
1167970 2305.2
1167980 2308.8
1167990 2308.8
1168000 2311.7
1168010 2313.9
1168020 2313.9
1168030 2316.2
1168040 2319.3
1168050 2319.3
1168060 2323.3
1168070 2327.3
1168080 2327.3
1168090 2332.1
1168100 2336.4
1168110 2340.0
1168120 2340.0
1168130 2343.7
1168140 2347.3
1168150 2347.3
1168160 2350.9
1168170 2353.6
1168180 2353.6
1168190 2355.0
1168200 2356.7
1168210 2356.7
1168220 2359.1
1168230 2362.8
1168240 2362.8
1168250 2367.1
1168260 2371.7
1168270 2371.7
1168280 2376.1
1168290 2379.4
1168300 2379.4
1168310 2382.1
1168320 2385.9
1168330 2391.2
1168340 2391.2
1168350 2396.3
1168360 2400.4
1168370 2403.2
1168380 2404.9
1168390 2404.2
1168400 2404.2
1168410 2400.8
1168420 2394.7
1168430 2394.7
1168440 2385.6
1168450 2376.1
1168460 2376.1
1168470 2369.8
1168480 2364.3
1168490 2364.3
1168500 2360.8
1168510 2358.5
1168520 2358.5
1168530 2356.3
1168540 2355.8
1168550 2357.5
1168560 2357.5
1168570 2361.2
1168580 2364.7
1168590 2364.7
1168600 2366.1
1168610 2364.6
1168620 2364.6
1168630 2363.5
1168640 2362.5
1168650 2362.5
1168660 2361.5
1168670 2361.0
1168680 2361.0
1168690 2357.5
1168700 2351.9
1168710 2351.9
1168720 2347.3
1168730 2342.9
1168740 2342.9
1168750 2338.2
1168760 2332.9
1168770 2327.5
1168780 2335.1
1168790 2331.3
1168800 2326.2
1168810 2326.2
1168820 2320.0
1168830 2314.1
1168840 2314.1
1168850 2309.4
1168860 2305.3
1168870 2305.3
1168880 2302.2
1168890 2298.5
1168900 2298.5
1168910 2294.1
1168920 2289.7
1168930 2289.7
1168940 2286.9
1168950 2285.3
1168960 2285.3
1168970 2284.1
1168980 2283.5
1168990 2283.5
1169000 2282.0
1169010 2279.6
1169020 2278.9
1169030 2278.9
1169040 2279.6
1169050 2280.8
1169060 2280.8
1169070 2279.9
1169080 2277.3
1169090 2277.3
1169100 2274.4
1169110 2273.5
1169120 2273.5
1169130 2274.4
1169140 2274.5
1169150 2274.5
1169160 2273.3
1169170 2271.8
1169180 2280.8
1169190 2277.3
1169200 2276.2
1169210 2276.2
1169220 2274.7
1169230 2273.5
1169240 2273.5
1169250 2273.5
1169260 2274.3
1169270 2274.8
1169280 2274.8
1169290 2273.8
1169300 2272.3
1169310 2272.3
1169320 2270.7
1169330 2269.1
1169340 2269.1
1169350 2267.1
1169360 2263.9
1169370 2263.9
1169380 2260.6
1169390 2257.2
1169400 2257.2
1169410 2254.3
1169420 2252.0
1169430 2252.0
1169440 2249.5
1169450 2246.4
1169460 2244.6
1169470 2244.6
1169480 2244.9
1169490 2246.5
1169500 2246.5
1169510 2247.7
1169520 2249.5
1169530 2249.5
1169540 2251.1
1169550 2252.1
1169560 2252.1
1169570 2252.8
1169580 2256.5
1169590 2256.5
1169600 2255.3
1169610 2253.8
1169620 2253.8
1169630 2252.9
1169640 2251.1
1169650 2251.1
1169660 2249.2
1169670 2250.0
1169680 2252.3
1169690 2252.3
1169700 2254.3
1169710 2257.5
1169720 2257.5
1169730 2261.8
1169740 2264.9
1169750 2264.9
1169760 2266.3
1169770 2267.8
1169780 2267.8
1169790 2270.2
1169800 2273.7
1169810 2273.7
1169820 2277.7
1169830 2281.5
1169840 2281.5
1169850 2284.8
1169860 2287.7
1169870 2287.7
1169880 2290.2
1169890 2292.8
1169900 2295.2
1169910 2295.2
1169920 2297.9
1169930 2300.3
1169940 2300.3
1169950 2301.5
1169960 2301.9
1169970 2301.9
1169980 2305.2
1169990 2305.0
1170000 2305.0
1170010 2304.5
1170020 2305.3
1170030 2305.3
1170040 2305.4
1170050 2305.0
1170060 2305.0
1170070 2304.7
1170080 2304.4
1170090 2304.4
1170100 2304.9
1170110 2307.1
1170120 2309.7
1170130 2309.7
1170140 2311.7
1170150 2312.7
1170160 2312.7
1170170 2313.5
1170180 2314.1
1170190 2314.1
1170200 2315.0
1170210 2316.8
1170220 2316.8
1170230 2319.6
1170240 2322.8
1170250 2322.8
1170260 2326.3
1170270 2330.5
1170280 2330.5
1170290 2334.3
1170300 2337.4
1170310 2337.4
1170320 2339.8
1170330 2342.8
1170340 2344.2
1170350 2344.2
1170360 2345.8
1170370 2348.0
1170380 2348.0
1170390 2350.5
1170400 2352.9
1170410 2352.9
1170420 2355.3
1170430 2357.8
1170440 2357.8
1170450 2360.3
1170460 2363.1
1170470 2363.1
1170480 2365.5
1170490 2367.6
1170500 2367.6
1170510 2369.5
1170520 2371.3
1170530 2371.3
1170540 2373.0
1170550 2374.6
1170560 2375.3
1170570 2375.3
1170580 2375.2
1170590 2375.1
1170600 2375.1
1170610 2375.2
1170620 2375.1
1170630 2375.1
1170640 2375.5
1170650 2375.8
1170660 2375.8
1170670 2376.1
1170680 2376.3
1170690 2376.3
1170700 2376.4
1170710 2376.7
1170720 2376.7
1170730 2377.4
1170740 2378.0
1170750 2378.0
1170760 2378.4
1170770 2378.2
1170780 2378.8
1170790 2380.6
1170800 2381.7
1170810 2382.5
1170820 2382.5
1170830 2383.9
1170840 2385.3
1170850 2385.3
1170860 2388.5
1170870 2391.9
1170880 2391.9
1170890 2394.2
1170900 2396.0
1170910 2396.0
1170920 2398.5
1170930 2400.3
1170940 2400.3
1170950 2400.5
1170960 2401.1
1170970 2401.1
1170980 2403.1
1170990 2404.5
1171000 2405.5
1171010 2405.5
1171020 2406.3
1171030 2407.3
1171040 2407.3
1171050 2408.2
1171060 2409.6
1171070 2409.6
1171080 2412.6
1171090 2417.3
1171100 2417.3
1171110 2422.9
1171120 2429.8
1171130 2429.8
1171140 2437.8
1171150 2445.7
1171160 2445.7
1171170 2453.9
1171180 2461.6
1171190 2462.1
1171200 2470.4
1171210 2477.0
1171220 2479.8
1171230 2479.8
1171240 2480.4
1171250 2482.0
1171260 2482.0
1171270 2485.0
1171280 2487.7
1171290 2487.7
1171300 2488.6
1171310 2488.2
1171320 2488.2
1171330 2486.4
1171340 2485.3
1171350 2485.3
1171360 2487.0
1171370 2489.9
1171380 2489.9
1171390 2493.3
1171400 2498.0
1171410 2498.0
1171420 2503.7
1171430 2510.0
1171440 2516.6
1171450 2516.6
1171460 2523.2
1171470 2530.1
1171480 2530.1
1171490 2537.5
1171500 2544.9
1171510 2544.9
1171520 2552.1
1171530 2559.9
1171540 2559.9
1171550 2570.2
1171560 2582.5
1171570 2582.5
1171580 2595.4
1171590 2606.2
1171600 2595.0
1171610 2602.1
1171620 2610.6
1171630 2610.6
1171640 2618.0
1171650 2623.3
1171660 2630.7
1171670 2630.7
1171680 2638.3
1171690 2645.5
1171700 2645.5
1171710 2652.6
1171720 2660.3
1171730 2660.3
1171740 2666.6
1171750 2672.2
1171760 2672.2
1171770 2679.4
1171780 2685.6
1171790 2685.6
1171800 2690.5
1171810 2697.0
1171820 2697.0
1171830 2705.7
1171840 2715.9
1171850 2715.9
1171860 2723.7
1171870 2734.0
1171880 2744.4
1171890 2744.4
1171900 2749.7
1171910 2753.8
1171920 2753.8
1171930 2759.2
1171940 2764.9
1171950 2764.9
1171960 2771.2
1171970 2780.2
1171980 2780.2
1171990 2788.6
1172000 2793.0
1172010 2793.0
1172020 2798.7
1172030 2803.7
1172040 2803.7
1172050 2808.5
1172060 2812.9
1172070 2812.9
1172080 2817.4
1172090 2821.5
1172100 2824.7
1172110 2824.7
1172120 2828.3
1172130 2830.6
1172140 2830.6
1172150 2829.0
1172160 2823.2
1172170 2823.2
1172180 2816.9
1172190 2814.7
1172200 2814.7
1172210 2811.8
1172220 2798.8
1172230 2798.8
1172240 2785.5
1172250 2776.2
1172260 2776.2
1172270 2769.4
1172280 2760.7
1172290 2760.7
1172300 2751.5
1172310 2745.1
1172320 2739.6
1172330 2739.6
1172340 2734.7
1172350 2732.7
1172360 2732.7
1172370 2730.3
1172380 2726.2
1172390 2726.2
1172400 2716.5
1172410 2716.6
1172420 2716.6
1172430 2712.2
1172440 2701.9
1172450 2701.9
1172460 2690.0
1172470 2681.8
1172480 2681.8
1172490 2672.0
1172500 2658.1
1172510 2658.1
1172520 2644.1
1172530 2633.6
1172540 2622.2
1172550 2622.2
1172560 2613.7
1172570 2605.7
1172580 2605.7
1172590 2597.9
1172600 2590.4
1172610 2590.4
1172620 2583.3
1172630 2576.3
1172640 2576.3
1172650 2569.7
1172660 2563.2
1172670 2563.2
1172680 2556.8
1172690 2550.7
1172700 2550.7
1172710 2544.7
1172720 2538.8
1172730 2538.8
1172740 2532.8
1172750 2527.0
1172760 2521.2
1172770 2521.2
1172780 2515.8
1172790 2510.6
1172800 2510.6
1172810 2505.6
1172820 2500.9
1172830 2500.9
1172840 2496.2
1172850 2491.8
1172860 2491.8
1172870 2487.5
1172880 2483.6
1172890 2483.6
1172900 2480.2
1172910 2476.6
1172920 2476.6
1172930 2473.3
1172940 2470.6
1172950 2470.6
1172960 2468.5
1172970 2467.7
1172980 2466.2
1172990 2466.2
1173000 2465.5
1173010 2466.7
1173020 2466.7
1173030 2469.8
1173040 2473.2
1173050 2473.2
1173060 2474.0
1173070 2473.6
1173080 2473.6
1173090 2475.6
1173100 2480.5
1173110 2480.5
1173120 2486.5
1173130 2491.0
1173140 2491.0
1173150 2494.1
1173160 2497.3
1173170 2497.3
1173180 2502.0
1173190 2505.7
1173200 2509.4
1173210 2509.4
1173220 2514.2
1173230 2517.3
1173240 2517.3
1173250 2522.4
1173260 2527.7
1173270 2527.7
1173280 2533.4
1173290 2539.0
1173300 2539.0
1173310 2543.0
1173320 2543.2
1173330 2543.2
1173340 2541.9
1173350 2530.2
1173360 2530.2
1173370 2520.0
1173380 2508.9
1173390 2508.9
1173400 2494.3
1173410 2478.6
1173420 2460.2
1173430 2460.2
1173440 2449.7
1173450 2442.1
1173460 2442.1
1173470 2433.3
1173480 2425.4
1173490 2425.4
1173500 2415.9
1173510 2405.3
1173520 2405.3
1173530 2394.9
1173540 2384.6
1173550 2384.6
1173560 2375.0
1173570 2368.5
1173580 2368.5
1173590 2362.7
1173600 2357.1
1173610 2357.1
1173620 2351.3
1173630 2350.1
1173640 2346.8
1173650 2346.8
1173660 2344.7
1173670 2342.3
1173680 2342.3
1173690 2339.2
1173700 2336.4
1173710 2336.4
1173720 2334.9
1173730 2334.0
1173740 2334.0
1173750 2334.8
1173760 2335.7
1173770 2335.7
1173780 2335.4
1173790 2335.1
1173800 2335.1
1173810 2333.9
1173820 2329.6
1173830 2329.6
1173840 2326.4
1173850 2325.0
1173860 2322.5
1173870 2322.5
1173880 2321.0
1173890 2320.1
1173900 2320.1
1173910 2319.6
1173920 2319.7
1173930 2319.7
1173940 2320.9
1173950 2322.3
1173960 2322.3
1173970 2324.3
1173980 2325.0
1173990 2325.0
1174000 2325.0
1174010 2325.8
1174020 2325.8
1174030 2327.5
1174040 2329.6
1174050 2329.6
1174060 2329.9
1174070 2331.5
1174080 2332.6
1174090 2332.6
1174100 2334.4
1174110 2336.0
1174120 2336.0
1174130 2337.0
1174140 2337.6
1174150 2337.6
1174160 2337.5
1174170 2337.4
1174180 2337.4
1174190 2338.3
1174200 2339.1
1174210 2339.1
1174220 2340.7
1174230 2341.5
1174240 2341.5
1174250 2342.8
1174260 2347.1
1174270 2347.1
1174280 2351.3
1174290 2355.1
1174300 2358.0
1174310 2358.0
1174320 2360.7
1174330 2363.5
1174340 2363.5
1174350 2366.0
1174360 2367.6
1174370 2367.6
1174380 2368.9
1174390 2369.7
1174400 2369.7
1174410 2370.7
1174420 2372.8
1174430 2372.8
1174440 2375.2
1174450 2380.6
1174460 2380.6
1174470 2382.0
1174480 2382.4
1174490 2382.4
1174500 2382.8
1174510 2384.1
1174520 2384.6
1174530 2384.6
1174540 2384.1
1174550 2383.3
1174560 2383.3
1174570 2387.5
1174580 2393.2
1174590 2393.2
1174600 2394.5
1174610 2394.4
1174620 2394.4
1174630 2394.0
1174640 2392.7
1174650 2392.7
1174660 2393.8
1174670 2395.6
1174680 2395.6
1174690 2398.5
1174700 2401.1
1174710 2401.1
1174720 2402.7
1174730 2405.2
1174740 2408.8
1174750 2408.8
1174760 2412.6
1174770 2417.0
1174780 2417.0
1174790 2421.8
1174800 2427.3
1174810 2427.3
1174820 2433.5
1174830 2440.3
1174840 2440.3
1174850 2447.5
1174860 2456.1
1174870 2456.1
1174880 2464.2
1174890 2471.9
1174900 2471.9
1174910 2480.2
1174920 2488.2
1174930 2488.2
1174940 2495.9
1174950 2504.1
1174960 2513.2
1174970 2513.2
1174980 2525.0
1174990 2535.1
1175000 2535.1
1175010 2541.8
1175020 2547.7
1175030 2547.7
1175040 2549.0
1175050 2550.0
1175060 2550.0
1175070 2549.3
1175080 2542.1
1175090 2542.1
1175100 2533.3
1175110 2525.6
1175120 2525.6
1175130 2519.4
1175140 2514.8
1175150 2514.8
1175160 2511.1
1175170 2508.1
1175180 2505.2
1175190 2505.2
1175200 2502.2
1175210 2499.1
1175220 2499.1
1175230 2495.9
1175240 2493.2
1175250 2493.2
1175260 2492.6
1175270 2496.7
1175280 2496.7
1175290 2498.3
1175300 2500.4
1175310 2500.4
1175320 2504.4
1175330 2507.9
1175340 2507.9
1175350 2507.5
1175360 2506.2
1175370 2506.2
1175380 2506.6
1175390 2507.9
1175400 2509.1
1175410 2509.1
1175420 2510.0
1175430 2510.8
1175440 2510.8
1175450 2512.6
1175460 2512.9
1175470 2512.9
1175480 2512.6
1175490 2511.8
1175500 2511.8
1175510 2511.6
1175520 2512.5
1175530 2512.5
1175540 2513.4
1175550 2514.4
1175560 2514.4
1175570 2516.2
1175580 2519.8
1175590 2519.8
1175600 2523.6
1175610 2528.4
1175620 2535.9
1175630 2535.9
1175640 2544.6
1175650 2552.2
1175660 2552.2
1175670 2560.0
1175680 2570.8
1175690 2570.8
1175700 2578.7
1175710 2587.4
1175720 2587.4
1175730 2595.9
1175740 2602.2
1175750 2602.2
1175760 2603.0
1175770 2601.7
1175780 2601.7
1175790 2599.4
1175800 2598.0
1175810 2598.0
1175820 2597.2
1175830 2597.2
1175840 2597.0
1175850 2597.0
1175860 2597.9
1175870 2599.8
1175880 2599.8
1175890 2602.5
1175900 2607.6
1175910 2607.6
1175920 2612.9
1175930 2618.5
1175940 2618.5
1175950 2625.2
1175960 2631.8
1175970 2631.8
1175980 2638.2
1175990 2644.5
1176000 2644.5
1176010 2650.3
1176020 2652.5
1176030 2652.5
1176040 2648.5
1176050 2643.7
1176060 2640.2
1176070 2640.2
1176080 2636.3
1176090 2624.2
1176100 2624.2
1176110 2619.3
1176120 2614.5
1176130 2614.5
1176140 2609.1
1176150 2603.0
1176160 2603.0
1176170 2597.7
1176180 2594.3
1176190 2594.3
1176200 2589.7
1176210 2584.2
1176220 2584.2
1176230 2580.3
1176240 2577.6
1176250 2577.6
1176260 2573.7
1176270 2568.2
1176280 2562.9
1176290 2562.9
1176300 2558.2
1176310 2554.0
1176320 2554.0
1176330 2549.3
1176340 2543.8
1176350 2543.8
1176360 2537.9
1176370 2532.2
1176380 2532.2
1176390 2527.1
1176400 2521.7
1176410 2521.7
1176420 2515.7
1176430 2509.6
1176440 2509.6
1176450 2504.2
1176460 2501.3
1176470 2501.3
1176480 2501.0
1176490 2501.2
1176500 2493.3
1176510 2493.3
1176520 2492.6
1176530 2491.2
1176540 2491.2
1176550 2488.7
1176560 2483.6
1176570 2483.6
1176580 2477.6
1176590 2472.5
1176600 2472.5
1176610 2470.4
1176620 2471.8
1176630 2471.8
1176640 2474.6
1176650 2475.8
1176660 2475.8
1176670 2474.8
1176680 2471.7
1176690 2471.7
1176700 2467.2
1176710 2463.1
1176720 2459.1
1176730 2459.1
1176740 2454.9
1176750 2449.1
1176760 2449.1
1176770 2443.4
1176780 2441.5
1176790 2441.5
1176800 2443.5
1176810 2445.3
1176820 2445.3
1176830 2440.5
1176840 2433.6
1176850 2433.6
1176860 2426.7
1176870 2421.4
1176880 2421.4
1176890 2416.0
1176900 2410.0
1176910 2405.9
1176920 2401.1
1176930 2399.7
1176940 2401.0
1176950 2401.0
1176960 2401.8
1176970 2400.9
1176980 2400.9
1176990 2398.1
1177000 2395.0
1177010 2395.0
1177020 2391.4
1177030 2387.6
1177040 2387.6
1177050 2385.9
1177060 2385.2
1177070 2385.2
1177080 2383.9
1177090 2382.7
1177100 2382.7
1177110 2381.0
1177120 2380.4
1177130 2380.4
1177140 2379.8
1177150 2377.0
1177160 2374.3
1177170 2374.3
1177180 2372.4
1177190 2370.4
1177200 2370.4
1177210 2368.2
1177220 2366.0
1177230 2366.0
1177240 2363.6
1177250 2360.7
1177260 2360.7
1177270 2357.3
1177280 2354.1
1177290 2354.1
1177300 2351.4
1177310 2349.3
1177320 2345.7
1177330 2343.2
1177340 2341.3
1177350 2341.3
1177360 2339.2
1177370 2336.0
1177380 2332.0
1177390 2332.0
1177400 2327.4
1177410 2321.5
1177420 2321.5
1177430 2316.6
1177440 2311.4
1177450 2311.4
1177460 2305.5
1177470 2298.7
1177480 2298.7
1177490 2294.1
1177500 2291.1
1177510 2291.1
1177520 2287.1
1177530 2282.4
1177540 2282.4
1177550 2277.1
1177560 2270.9
1177570 2270.9
1177580 2266.5
1177590 2261.2
1177600 2261.2
1177610 2256.2
1177620 2251.3
1177630 2246.7
1177640 2246.7
1177650 2242.0
1177660 2236.8
1177670 2236.8
1177680 2231.4
1177690 2225.9
1177700 2225.9
1177710 2220.7
1177720 2215.8
1177730 2215.8
1177740 2211.6
1177750 2207.9
1177760 2207.9
1177770 2204.8
1177780 2201.2
1177790 2201.2
1177800 2197.4
1177810 2194.2
1177820 2194.2
1177830 2191.0
1177840 2186.6
1177850 2181.4
1177860 2181.4
1177870 2176.0
1177880 2170.0
1177890 2170.0
1177900 2165.1
1177910 2159.5
1177920 2159.5
1177930 2152.3
1177940 2147.0
1177950 2147.0
1177960 2142.9
1177970 2138.0
1177980 2138.0
1177990 2132.7
1178000 2128.5
1178010 2128.5
1178020 2125.0
1178030 2121.2
1178040 2121.2
1178050 2118.2
1178060 2115.5
1178070 2112.6
1178080 2112.6
1178090 2110.0
1178100 2106.9
1178110 2106.9
1178120 2103.8
1178130 2100.2
1178140 2100.2
1178150 2097.0
1178160 2091.6
1178170 2091.6
1178180 2086.8
1178190 2082.0
1178200 2082.0
1178210 2076.5
1178220 2070.2
1178230 2070.2
1178240 2064.2
1178250 2058.8
1178260 2058.8
1178270 2053.4
1178280 2048.0
1178290 2042.6
1178300 2042.6
1178310 2037.3
1178320 2032.3
1178330 2032.3
1178340 2027.0
1178350 2021.7
1178360 2021.7
1178370 2015.9
1178380 2010.2
1178390 2010.2
1178400 2005.4
1178410 2000.9
1178420 2000.9
1178430 1995.6
1178440 1988.3
1178450 1988.3
1178460 1981.4
1178470 1974.6
1178480 1974.6
1178490 1968.5
1178500 1962.2
1178510 1955.8
1178520 1955.8
1178530 1951.4
1178540 1947.6
1178550 1947.6
1178560 1942.3
1178570 1938.1
1178580 1938.1
1178590 1934.6
1178600 1932.1
1178610 1932.1
1178620 1930.9
1178630 1930.7
1178640 1930.7
1178650 1930.4
1178660 1928.8
1178670 1928.8
1178680 1926.0
1178690 1923.4
1178700 1923.4
1178710 1921.7
1178720 1919.1
1178730 1913.9
1178740 1913.9
1178750 1909.2
1178760 1906.3
1178770 1906.3
1178780 1902.8
1178790 1898.8
1178800 1898.8
1178810 1894.6
1178820 1891.9
1178830 1891.9
1178840 1889.5
1178850 1887.4
1178860 1887.4
1178870 1886.1
1178880 1884.8
1178890 1884.8
1178900 1883.6
1178910 1881.0
1178920 1881.0
1178930 1878.2
1178940 1875.6
1178950 1872.9
1178960 1872.9
1178970 1869.9
1178980 1865.8
1178990 1865.8
1179000 1862.7
1179010 1860.7
1179020 1860.7
1179030 1858.5
1179040 1856.8
1179050 1856.8
1179060 1854.8
1179070 1852.4
1179080 1852.4
1179090 1850.1
1179100 1847.9
1179110 1847.9
1179120 1845.6
1179130 1843.1
1179140 1843.1
1179150 1840.6
1179160 1838.3
1179170 1836.1
1179180 1836.1
1179190 1833.8
1179200 1830.0
1179210 1830.0
1179220 1825.2
1179230 1820.6
1179240 1820.6
1179250 1817.1
1179260 1812.5
1179270 1812.5
1179280 1808.4
1179290 1808.5
1179300 1808.5
1179310 1811.7
1179320 1814.3
1179330 1814.3
1179340 1815.7
1179350 1816.9
1179360 1816.9
1179370 1818.4
1179380 1819.1
1179390 1817.8
1179400 1817.8
1179410 1818.9
1179420 1819.2
1179430 1819.2
1179440 1819.9
1179450 1820.6
1179460 1820.6
1179470 1820.2
1179480 1818.7
1179490 1818.7
1179500 1817.8
1179510 1817.9
1179520 1817.9
1179530 1817.6
1179540 1817.5
1179550 1817.5
1179560 1818.4
1179570 1819.0
1179580 1819.0
1179590 1818.0
1179600 1816.5
1179610 1815.6
1179620 1815.6
1179630 1813.4
1179640 1811.1
1179650 1811.1
1179660 1811.3
1179670 1811.2
1179680 1811.2
1179690 1811.8
1179700 1812.4
1179710 1812.4
1179720 1812.2
1179730 1810.9
1179740 1810.9
1179750 1808.7
1179760 1806.0
1179770 1806.0
1179780 1804.8
1179790 1803.9
1179800 1803.9
1179810 1799.9
1179820 1800.0
1179830 1800.6
1179840 1800.6
1179850 1801.3
1179860 1801.6
1179870 1801.6
1179880 1802.7
1179890 1804.6
1179900 1804.6
1179910 1804.9
1179920 1803.6
1179930 1803.6
1179940 1801.7
1179950 1800.5
1179960 1800.5
1179970 1798.4
1179980 1795.5
1179990 1795.5
