1160000 1720.7
1160010 1725.1
1160020 1726.3
1160030 1721.2
1160040 1721.2
1160050 1714.0
1160060 1715.3
1160070 1715.3
1160080 1720.3
1160090 1727.8
1160100 1727.8
1160110 1735.0
1160120 1739.2
1160130 1739.2
1160140 1743.7
1160150 1746.6
1160160 1746.6
1160170 1748.6
1160180 1750.8
1160190 1750.8
1160200 1753.4
1160210 1755.4
1160220 1755.4
1160230 1755.6
1160240 1752.3
1160250 1747.5
1160260 1747.5
1160270 1742.4
1160280 1737.5
1160290 1737.5
1160300 1740.8
1160310 1738.3
1160320 1738.3
1160330 1734.9
1160340 1731.1
1160350 1731.1
1160360 1726.1
1160370 1720.7
1160380 1720.7
1160390 1717.0
1160400 1715.3
1160410 1715.3
1160420 1716.5
1160430 1719.6
1160440 1719.6
1160450 1722.5
1160460 1726.3
1160470 1729.0
1160480 1729.0
1160490 1732.2
1160500 1735.6
1160510 1735.6
1160520 1737.8
1160530 1740.2
1160540 1740.2
1160550 1742.0
1160560 1743.1
1160570 1743.1
1160580 1744.1
1160590 1743.9
1160600 1743.9
1160610 1742.9
1160620 1741.9
1160630 1741.9
1160640 1741.1
1160650 1737.6
1160660 1737.6
1160670 1731.2
1160680 1728.0
1160690 1736.6
1160700 1736.6
1160710 1734.8
1160720 1734.1
1160730 1734.1
1160740 1737.3
1160750 1739.1
1160760 1739.1
1160770 1738.3
1160780 1735.9
1160790 1735.9
1160800 1733.0
1160810 1730.3
1160820 1730.3
1160830 1729.4
1160840 1729.6
1160850 1729.6
1160860 1730.3
1160870 1730.8
1160880 1730.8
1160890 1731.9
1160900 1733.0
1160910 1733.8
1160920 1733.8
1160930 1732.6
1160940 1729.8
1160950 1729.8
1160960 1728.6
1160970 1729.0
1160980 1729.0
1160990 1729.4
1161000 1730.1
1161010 1730.1
1161020 1728.4
1161030 1726.5
1161040 1726.5
1161050 1726.6
1161060 1727.5
1161070 1727.5
1161080 1731.7
1161090 1729.8
1161100 1729.8
1161110 1728.5
1161120 1731.8
1161130 1736.5
1161140 1736.5
1161150 1740.8
1161160 1744.8
1161170 1744.8
1161180 1748.7
1161190 1752.6
1161200 1752.6
1161210 1754.4
1161220 1756.2
1161230 1756.2
1161240 1759.1
1161250 1764.9
1161260 1764.9
1161270 1771.1
1161280 1776.4
1161290 1776.4
1161300 1780.4
1161310 1782.3
1161320 1782.3
1161330 1783.0
1161340 1778.9
1161350 1772.7
1161360 1772.7
1161370 1767.7
1161380 1763.6
1161390 1763.6
1161400 1760.4
1161410 1757.5
1161420 1757.5
1161430 1756.0
1161440 1757.3
1161450 1757.3
1161460 1760.1
1161470 1765.7
1161480 1765.7
1161490 1768.0
1161500 1768.8
1161510 1768.8
1161520 1770.2
1161530 1773.4
1161540 1773.4
1161550 1777.6
1161560 1780.5
1161570 1781.9
1161580 1781.9
1161590 1782.3
1161600 1782.5
1161610 1782.5
1161620 1782.1
1161630 1780.2
1161640 1780.2
1161650 1777.2
1161660 1775.2
1161670 1775.2
1161680 1773.1
1161690 1772.1
1161700 1772.1
1161710 1771.7
1161720 1771.0
1161730 1771.0
1161740 1770.0
1161750 1770.8
1161760 1770.8
1161770 1772.6
1161780 1774.1
1161790 1774.5
1161800 1774.5
1161810 1773.6
1161820 1772.1
1161830 1772.1
1161840 1767.6
1161850 1762.9
1161860 1762.9
1161870 1763.3
1161880 1758.0
1161890 1758.0
1161900 1753.9
1161910 1750.0
1161920 1750.0
1161930 1747.6
1161940 1744.2
1161950 1744.2
1161960 1737.4
1161970 1730.2
1161980 1730.2
1161990 1726.8
1162000 1724.4
1162010 1723.1
1162020 1723.1
1162030 1718.9
1162040 1714.8
1162050 1714.8
1162060 1713.5
1162070 1713.0
1162080 1713.0
1162090 1710.8
1162100 1708.5
1162110 1708.5
1162120 1705.5
1162130 1701.9
1162140 1701.9
1162150 1700.7
1162160 1699.4
1162170 1699.4
1162180 1698.7
1162190 1698.0
1162200 1698.0
1162210 1698.0
1162220 1696.4
1162230 1693.1
1162240 1693.1
1162250 1690.1
1162260 1692.9
1162270 1692.9
1162280 1689.9
1162290 1687.0
1162300 1687.0
1162310 1684.2
1162320 1681.9
1162330 1681.9
1162340 1680.1
1162350 1677.5
1162360 1677.5
1162370 1675.2
1162380 1674.3
1162390 1674.3
1162400 1674.0
1162410 1670.3
1162420 1670.3
1162430 1663.8
1162440 1657.3
1162450 1652.3
1162460 1652.3
1162470 1650.9
1162480 1649.3
1162490 1649.3
1162500 1648.0
1162510 1647.4
1162520 1647.4
1162530 1644.8
1162540 1641.4
1162550 1641.4
1162560 1637.6
1162570 1632.7
1162580 1632.7
1162590 1625.5
1162600 1614.8
1162610 1614.8
1162620 1605.1
1162630 1595.8
1162640 1595.8
1162650 1591.6
1162660 1577.4
1162670 1568.0
1162680 1568.0
1162690 1558.5
1162700 1549.7
1162710 1549.7
1162720 1543.5
1162730 1531.3
1162740 1531.3
1162750 1519.7
1162760 1517.1
1162770 1517.1
1162780 1519.2
1162790 1523.1
1162800 1523.1
1162810 1528.7
1162820 1533.1
1162830 1533.1
1162840 1535.4
1162850 1538.9
1162860 1538.9
1162870 1542.9
1162880 1547.0
1162890 1551.3
1162900 1551.3
1162910 1555.1
1162920 1559.0
1162930 1559.0
1162940 1563.1
1162950 1567.5
1162960 1567.5
1162970 1571.6
1162980 1577.6
1162990 1577.6
1163000 1583.6
1163010 1589.6
1163020 1589.6
1163030 1595.8
1163040 1601.9
1163050 1602.3
1163060 1608.6
1163070 1614.3
1163080 1614.3
1163090 1618.7
1163100 1622.5
1163110 1625.8
1163120 1625.8
1163130 1630.1
1163140 1634.0
1163150 1634.0
1163160 1637.8
1163170 1642.4
1163180 1642.4
1163190 1648.3
1163200 1654.4
1163210 1654.4
1163220 1659.4
1163230 1664.4
1163240 1664.4
1163250 1667.8
1163260 1670.8
1163270 1670.8
1163280 1673.9
1163290 1676.1
1163300 1676.1
1163310 1678.8
1163320 1682.1
1163330 1684.4
1163340 1684.4
1163350 1686.2
1163360 1688.0
1163370 1688.0
1163380 1690.4
1163390 1693.4
1163400 1693.4
1163410 1696.6
1163420 1699.6
1163430 1699.6
1163440 1703.3
1163450 1706.2
1163460 1706.2
1163470 1709.8
1163480 1713.7
1163490 1713.7
1163500 1718.8
1163510 1724.4
1163520 1724.4
1163530 1727.5
1163540 1728.9
1163550 1729.9
1163560 1729.9
1163570 1729.6
1163580 1730.1
1163590 1730.1
1163600 1731.5
1163610 1733.4
1163620 1733.4
1163630 1734.9
1163640 1736.3
1163650 1736.3
1163660 1737.7
1163670 1738.9
1163680 1738.9
1163690 1739.7
1163700 1740.2
1163710 1740.2
1163720 1742.4
1163730 1746.2
1163740 1746.2
1163750 1748.1
1163760 1750.2
1163770 1753.3
1163780 1753.3
1163790 1755.0
1163800 1755.6
1163810 1755.6
1163820 1756.0
1163830 1760.1
1163840 1760.1
1163850 1762.7
1163860 1766.0
1163870 1766.0
1163880 1770.1
1163890 1772.8
1163900 1772.8
1163910 1774.5
1163920 1776.9
1163930 1776.9
1163940 1778.6
1163950 1779.5
1163960 1779.5
1163970 1779.1
1163980 1775.9
1163990 1775.1
1164000 1775.1
1164010 1775.3
1164020 1774.8
1164030 1774.8
1164040 1775.3
1164050 1776.2
1164060 1776.2
1164070 1778.6
1164080 1780.7
1164090 1780.7
1164100 1782.4
1164110 1783.4
1164120 1783.4
1164130 1784.6
1164140 1786.1
1164150 1786.1
1164160 1786.6
1164170 1787.5
1164180 1787.5
1164190 1789.5
1164200 1791.7
1164210 1794.7
1164220 1794.7
1164230 1800.4
1164240 1803.0
1164250 1803.0
1164260 1806.0
1164270 1807.8
1164280 1807.8
1164290 1808.1
1164300 1808.1
1164310 1808.1
1164320 1808.4
1164330 1808.9
1164340 1808.9
1164350 1809.0
1164360 1808.8
1164370 1808.8
1164380 1808.6
1164390 1807.8
1164400 1807.8
1164410 1807.5
1164420 1807.9
1164430 1808.6
1164440 1808.6
1164450 1809.1
1164460 1809.9
1164470 1809.9
1164480 1810.7
1164490 1811.2
1164500 1811.2
1164510 1811.8
1164520 1812.5
1164530 1812.5
1164540 1813.8
1164550 1815.4
1164560 1815.4
1164570 1817.0
1164580 1818.4
1164590 1818.4
1164600 1820.4
1164610 1823.0
1164620 1823.0
1164630 1827.2
1164640 1828.8
1164650 1830.0
1164660 1830.0
1164670 1831.3
1164680 1832.4
1164690 1832.4
1164700 1833.7
1164710 1834.6
1164720 1834.6
1164730 1834.4
1164740 1833.5
1164750 1833.5
1164760 1832.1
1164770 1829.6
1164780 1829.6
1164790 1827.4
1164800 1825.4
1164810 1825.4
1164820 1823.6
1164830 1821.3
1164840 1821.3
1164850 1819.4
1164860 1818.8
1164870 1818.8
1164880 1818.8
1164890 1819.0
1164900 1819.6
1164910 1819.6
1164920 1821.7
1164930 1825.1
1164940 1825.1
1164950 1828.7
1164960 1831.8
1164970 1831.8
1164980 1833.3
1164990 1835.5
1165000 1835.5
1165010 1838.6
1165020 1842.4
1165030 1842.4
1165040 1842.8
1165050 1842.7
1165060 1842.7
1165070 1843.0
1165080 1845.8
1165090 1845.8
1165100 1848.7
1165110 1849.6
1165120 1850.1
1165130 1850.1
1165140 1851.4
1165150 1855.0
1165160 1855.0
1165170 1858.5
1165180 1862.3
1165190 1862.3
1165200 1867.5
1165210 1871.4
1165220 1871.4
1165230 1874.4
1165240 1875.4
1165250 1875.4
1165260 1874.4
1165270 1874.9
1165280 1874.9
1165290 1874.5
1165300 1870.1
1165310 1870.1
1165320 1865.4
1165330 1861.4
1165340 1857.9
1165350 1857.9
1165360 1858.7
1165370 1861.2
1165380 1861.2
1165390 1859.5
1165400 1856.6
1165410 1856.6
1165420 1858.0
1165430 1854.8
1165440 1854.8
1165450 1850.6
1165460 1846.3
1165470 1846.3
1165480 1843.1
1165490 1840.8
1165500 1840.8
1165510 1838.8
1165520 1836.5
1165530 1836.5
1165540 1834.3
1165550 1835.2
1165560 1836.9
1165570 1836.9
1165580 1839.4
1165590 1842.9
1165600 1842.9
1165610 1840.6
1165620 1836.7
1165630 1836.7
1165640 1833.8
1165650 1830.4
1165660 1830.4
1165670 1827.1
1165680 1824.7
1165690 1824.7
1165700 1823.4
1165710 1821.4
1165720 1821.4
1165730 1818.7
1165740 1815.9
1165750 1815.9
1165760 1812.8
1165770 1809.8
1165780 1806.5
1165790 1806.5
1165800 1803.7
1165810 1801.6
1165820 1804.0
1165830 1801.5
1165840 1798.1
1165850 1798.1
1165860 1794.9
1165870 1791.2
1165880 1791.2
1165890 1787.8
1165900 1784.4
1165910 1784.4
1165920 1780.6
1165930 1777.1
1165940 1777.1
1165950 1773.4
1165960 1769.6
1165970 1769.6
1165980 1765.4
1165990 1761.4
1166000 1756.8
1166010 1756.8
1166020 1752.1
1166030 1747.7
1166040 1747.7
1166050 1743.3
1166060 1738.3
1166070 1738.3
1166080 1733.1
1166090 1727.6
1166100 1727.6
1166110 1722.1
1166120 1717.6
1166130 1717.6
1166140 1713.8
1166150 1711.2
1166160 1711.2
1166170 1710.5
1166180 1710.8
1166190 1710.8
1166200 1712.5
1166210 1716.2
1166220 1719.9
1166230 1719.9
1166240 1722.2
1166250 1726.1
1166260 1726.1
1166270 1731.3
1166280 1736.9
1166290 1736.9
1166300 1742.4
1166310 1747.5
1166320 1747.5
1166330 1752.5
1166340 1756.8
1166350 1756.8
1166360 1761.4
1166370 1766.4
1166380 1766.4
1166390 1771.9
1166400 1777.5
1166410 1777.5
1166420 1782.4
1166430 1786.6
1166440 1790.7
1166450 1790.7
1166460 1795.5
1166470 1800.3
1166480 1800.3
1166490 1805.6
1166500 1809.6
1166510 1809.6
1166520 1813.7
1166530 1818.4
1166540 1818.4
1166550 1823.7
1166560 1830.3
1166570 1830.3
1166580 1838.0
1166590 1846.3
1166600 1846.3
1166610 1854.5
1166620 1859.4
1166630 1859.4
1166640 1866.5
1166650 1873.8
1166660 1881.1
1166670 1881.1
1166680 1887.9
1166690 1894.6
1166700 1894.6
1166710 1900.7
1166720 1907.0
1166730 1907.0
1166740 1914.3
1166750 1921.6
1166760 1921.6
1166770 1928.9
1166780 1936.2
1166790 1936.2
1166800 1943.4
1166810 1949.3
1166820 1949.3
1166830 1954.6
1166840 1960.4
1166850 1960.4
1166860 1966.5
1166870 1972.2
1166880 1977.0
1166890 1977.0
1166900 1981.6
1166910 1986.2
1166920 1986.2
1166930 1991.0
1166940 1996.5
1166950 1996.5
1166960 2002.8
1166970 2009.5
1166980 2009.5
1166990 2015.4
1167000 2020.1
1167010 2019.2
1167020 2023.7
1167030 2028.5
1167040 2028.5
1167050 2033.8
1167060 2039.0
1167070 2039.0
1167080 2044.6
1167090 2051.1
1167100 2058.3
1167110 2058.3
1167120 2065.1
1167130 2071.6
1167140 2071.6
1167150 2077.2
1167160 2082.6
1167170 2082.6
1167180 2087.9
1167190 2092.8
1167200 2092.8
1167210 2097.8
1167220 2102.1
1167230 2102.1
1167240 2106.2
1167250 2111.4
1167260 2111.4
1167270 2116.5
1167280 2121.6
1167290 2121.6
1167300 2127.2
1167310 2133.3
1167320 2139.9
1167330 2139.9
1167340 2146.7
1167350 2153.2
1167360 2153.2
1167370 2159.8
1167380 2166.6
1167390 2166.6
1167400 2173.0
1167410 2177.9
1167420 2177.9
1167430 2183.8
1167440 2189.8
1167450 2189.8
1167460 2195.9
1167470 2201.8
1167480 2201.8
1167490 2207.1
1167500 2212.3
1167510 2212.3
1167520 2218.2
1167530 2224.0
1167540 2228.9
1167550 2228.9
1167560 2234.3
1167570 2239.4
1167580 2239.4
1167590 2243.2
1167600 2247.0
1167610 2247.0
1167620 2251.1
1167630 2255.9
1167640 2255.9
1167650 2260.5
1167660 2263.2
1167670 2263.2
1167680 2265.4
1167690 2267.5
1167700 2267.5
1167710 2268.9
1167720 2269.3
1167730 2269.3
1167740 2269.6
1167750 2271.1
1167760 2273.2
1167770 2273.2
1167780 2275.6
1167790 2278.5
1167800 2278.5
1167810 2283.3
1167820 2285.8
1167830 2285.8
1167840 2288.4
1167850 2290.5
1167860 2290.5
1167870 2293.1
1167880 2295.3
1167890 2295.3
1167900 2298.0
1167910 2300.9
1167920 2300.9
1167930 2304.3
1167940 2308.0
1167950 2308.0
1167960 2310.8
1167970 2313.8
1167980 2315.6
1167990 2315.6
1168000 2317.8
1168010 2320.3
1168020 2320.3
1168030 2323.3
1168040 2327.4
1168050 2327.4
1168060 2330.7
1168070 2335.4
1168080 2335.4
1168090 2340.7
1168100 2344.7
1168110 2344.7
1168120 2348.4
1168130 2352.0
1168140 2352.0
1168150 2355.9
1168160 2358.7
1168170 2358.7
1168180 2360.7
1168190 2362.7
1168200 2365.2
1168210 2368.6
1168220 2371.9
1168230 2375.2
1168240 2375.2
1168250 2378.2
1168260 2381.0
1168270 2381.0
1168280 2384.9
1168290 2389.8
1168300 2389.8
1168310 2394.1
1168320 2396.2
1168330 2396.2
1168340 2399.3
1168350 2403.3
1168360 2403.3
1168370 2407.6
1168380 2412.4
1168390 2412.4
1168400 2415.6
1168410 2413.6
1168420 2403.1
1168430 2403.1
1168440 2395.8
1168450 2387.0
1168460 2387.0
1168470 2382.0
1168480 2378.4
1168490 2378.4
1168500 2374.8
1168510 2372.4
1168520 2372.4
1168530 2371.3
1168540 2371.6
1168550 2371.6
1168560 2373.2
1168570 2375.5
1168580 2375.5
1168590 2376.5
1168600 2374.9
1168610 2374.9
1168620 2378.2
1168630 2378.7
1168640 2379.7
1168650 2379.7
1168660 2381.4
1168670 2381.3
1168680 2381.3
1168690 2378.5
1168700 2373.9
1168710 2373.9
1168720 2369.3
1168730 2365.7
1168740 2365.7
1168750 2362.9
1168760 2360.5
1168770 2360.5
1168780 2357.8
1168790 2353.2
1168800 2353.2
1168810 2347.6
1168820 2339.4
1168830 2339.4
1168840 2332.2
1168850 2327.4
1168860 2323.2
1168870 2323.2
1168880 2320.7
1168890 2318.6
1168900 2318.6
1168910 2313.7
1168920 2309.2
1168930 2309.2
1168940 2305.8
1168950 2303.1
1168960 2303.1
1168970 2300.9
1168980 2299.4
1168990 2299.4
1169000 2297.4
1169010 2295.6
1169020 2300.7
1169030 2300.3
1169040 2300.2
1169050 2300.2
1169060 2299.8
1169070 2300.1
1169080 2300.3
1169090 2300.3
1169100 2301.3
1169110 2305.9
1169120 2305.9
1169130 2309.2
1169140 2312.0
1169150 2312.0
1169160 2311.6
1169170 2309.6
1169180 2309.6
1169190 2304.0
1169200 2299.2
1169210 2299.2
1169220 2298.7
1169230 2298.7
1169240 2298.7
1169250 2298.9
1169260 2299.9
1169270 2299.9
1169280 2301.5
1169290 2301.2
1169300 2298.4
1169310 2298.4
1169320 2295.6
1169330 2287.1
1169340 2287.1
1169350 2281.4
1169360 2277.8
1169370 2277.8
1169380 2274.1
1169390 2270.7
1169400 2270.7
1169410 2267.0
1169420 2268.6
1169430 2268.6
1169440 2264.7
1169450 2261.6
1169460 2261.6
1169470 2259.1
1169480 2259.7
1169490 2259.7
1169500 2262.0
1169510 2262.9
1169520 2264.5
1169530 2264.5
1169540 2264.1
1169550 2263.5
1169560 2263.5
1169570 2264.9
1169580 2267.6
1169590 2267.6
1169600 2268.9
1169610 2269.3
1169620 2269.3
1169630 2268.0
1169640 2264.7
1169650 2264.7
1169660 2261.8
1169670 2259.5
1169680 2259.5
1169690 2260.0
1169700 2263.3
1169710 2263.3
1169720 2266.0
1169730 2266.1
1169740 2267.1
1169750 2267.1
1169760 2268.4
1169770 2270.8
1169780 2270.8
1169790 2272.8
1169800 2275.3
1169810 2275.3
1169820 2279.5
1169830 2281.9
1169840 2281.9
1169850 2284.9
1169860 2288.4
1169870 2288.4
1169880 2291.3
1169890 2293.0
1169900 2293.0
1169910 2294.5
1169920 2296.9
1169930 2296.9
1169940 2299.6
1169950 2302.5
1169960 2305.7
1169970 2305.7
1169980 2308.5
1169990 2310.5
1170000 2310.5
1170010 2311.5
1170020 2312.1
1170030 2312.1
1170040 2312.3
1170050 2312.2
1170060 2312.2
1170070 2312.4
1170080 2312.0
1170090 2312.0
1170100 2311.1
1170110 2310.4
1170120 2310.4
1170130 2310.8
1170140 2312.8
1170150 2312.8
1170160 2315.1
1170170 2317.8
1170180 2319.9
1170190 2319.9
1170200 2321.2
1170210 2321.3
1170220 2321.3
1170230 2323.9
1170240 2323.9
1170250 2323.9
1170260 2324.9
1170270 2326.5
1170280 2326.5
1170290 2329.6
1170300 2333.4
1170310 2333.4
1170320 2336.6
1170330 2338.7
1170340 2338.7
1170350 2340.8
1170360 2342.9
1170370 2342.9
1170380 2345.3
1170390 2347.8
1170400 2350.8
1170410 2350.8
1170420 2354.1
1170430 2357.6
1170440 2357.6
1170450 2360.7
1170460 2363.4
1170470 2363.4
1170480 2365.7
1170490 2367.7
1170500 2367.7
1170510 2369.2
1170520 2371.2
1170530 2371.2
1170540 2373.0
1170550 2374.5
1170560 2374.5
1170570 2375.9
1170580 2377.1
1170590 2377.1
1170600 2377.9
1170610 2378.4
1170620 2378.9
1170630 2380.0
1170640 2380.9
1170650 2381.3
1170660 2381.3
1170670 2381.2
1170680 2381.7
1170690 2381.7
1170700 2382.6
1170710 2384.1
1170720 2384.1
1170730 2385.4
1170740 2386.0
1170750 2386.0
1170760 2386.4
1170770 2387.0
1170780 2387.0
1170790 2387.7
1170800 2389.1
1170810 2389.1
1170820 2391.0
1170830 2393.3
1170840 2395.2
1170850 2395.2
1170860 2396.9
1170870 2399.2
1170880 2399.2
1170890 2402.8
1170900 2406.7
1170910 2406.7
1170920 2409.3
1170930 2410.6
1170940 2410.6
1170950 2411.6
1170960 2411.9
1170970 2411.9
1170980 2412.1
1170990 2412.2
1171000 2412.2
1171010 2412.9
1171020 2414.2
1171030 2417.7
1171040 2418.4
1171050 2419.6
1171060 2419.6
1171070 2420.8
1171080 2421.8
1171090 2422.7
1171100 2422.7
1171110 2424.9
1171120 2430.0
1171130 2430.0
1171140 2438.5
1171150 2446.5
1171160 2446.5
1171170 2453.2
1171180 2460.3
1171190 2460.3
1171200 2467.0
1171210 2473.5
1171220 2473.5
1171230 2479.4
1171240 2483.3
1171250 2483.3
1171260 2486.9
1171270 2489.9
1171280 2489.9
1171290 2491.5
1171300 2492.1
1171310 2491.5
1171320 2491.5
1171330 2490.2
1171340 2487.9
1171350 2487.9
1171360 2486.1
1171370 2486.5
1171380 2486.5
1171390 2488.3
1171400 2491.7
1171410 2491.7
1171420 2496.9
1171430 2502.6
1171440 2500.8
1171450 2506.2
1171460 2511.6
1171470 2511.6
1171480 2517.2
1171490 2523.1
1171500 2523.1
1171510 2529.5
1171520 2536.0
1171530 2542.2
1171540 2542.2
1171550 2548.0
1171560 2555.9
1171570 2555.9
1171580 2564.6
1171590 2572.0
1171600 2572.0
1171610 2580.4
1171620 2587.9
1171630 2587.9
1171640 2594.6
1171650 2601.3
1171660 2601.3
1171670 2608.6
1171680 2616.5
1171690 2616.5
1171700 2625.1
1171710 2634.1
1171720 2634.1
1171730 2643.2
1171740 2651.2
1171750 2660.3
1171760 2660.3
1171770 2668.4
1171780 2674.0
1171790 2674.0
1171800 2678.3
1171810 2683.0
1171820 2683.0
1171830 2688.3
1171840 2692.0
1171850 2692.0
1171860 2699.5
1171870 2707.6
1171880 2707.6
1171890 2716.0
1171900 2724.2
1171910 2724.2
1171920 2732.6
1171930 2740.8
1171940 2740.8
1171950 2749.1
1171960 2757.0
1171970 2765.3
1171980 2765.3
1171990 2774.2
1172000 2782.4
1172010 2782.4
1172020 2789.1
1172030 2793.5
1172040 2793.5
1172050 2796.9
1172060 2799.8
1172070 2799.8
1172080 2802.6
1172090 2806.2
1172100 2806.2
1172110 2811.4
1172120 2815.6
1172130 2815.6
1172140 2819.5
1172150 2822.9
1172160 2822.9
1172170 2824.4
1172180 2822.3
1172190 2818.9
1172200 2818.9
1172210 2814.8
1172220 2802.3
1172230 2802.3
1172240 2790.8
1172250 2789.7
1172260 2789.7
1172270 2788.1
1172280 2786.7
1172290 2786.7
1172300 2779.6
1172310 2773.5
1172320 2773.5
1172330 2772.1
1172340 2772.8
1172350 2772.8
1172360 2764.9
1172370 2750.5
1172380 2750.5
1172390 2745.9
1172400 2730.8
1172410 2712.5
1172420 2712.5
1172430 2699.3
1172440 2684.2
1172450 2684.2
1172460 2673.3
1172470 2665.5
1172480 2665.5
1172490 2657.6
1172500 2649.6
1172510 2649.6
1172520 2641.4
1172530 2633.1
1172540 2633.1
1172550 2625.0
1172560 2617.2
1172570 2617.2
1172580 2609.3
1172590 2601.7
1172600 2601.7
1172610 2594.4
1172620 2586.9
1172630 2579.8
1172640 2579.8
1172650 2572.8
1172660 2565.0
1172670 2565.0
1172680 2558.4
1172690 2552.1
1172700 2552.1
1172710 2545.6
1172720 2539.4
1172730 2539.4
1172740 2533.3
1172750 2527.3
1172760 2527.3
1172770 2521.4
1172780 2515.7
1172790 2515.7
1172800 2510.1
1172810 2504.7
1172820 2504.7
1172830 2499.4
1172840 2494.4
1172850 2490.1
1172860 2490.1
1172870 2486.1
1172880 2482.6
1172890 2482.6
1172900 2479.9
1172910 2477.5
1172920 2477.5
1172930 2474.9
1172940 2471.8
1172950 2471.8
1172960 2467.9
1172970 2465.4
1172980 2465.4
1172990 2469.1
1173000 2475.5
1173010 2475.5
1173020 2478.5
1173030 2480.3
1173040 2480.3
1173050 2480.9
1173060 2483.7
1173070 2485.5
1173080 2485.5
1173090 2490.6
1173100 2494.5
1173110 2494.5
1173120 2497.7
1173130 2501.0
1173140 2501.0
1173150 2503.5
1173160 2506.0
1173170 2506.0
1173180 2508.0
1173190 2510.4
1173200 2510.4
1173210 2514.6
1173220 2520.0
1173230 2520.0
1173240 2526.2
1173250 2532.1
1173260 2532.1
1173270 2539.1
1173280 2546.8
1173290 2553.6
1173300 2553.6
1173310 2559.0
1173320 2557.2
1173330 2557.2
1173340 2550.8
1173350 2540.1
1173360 2540.1
1173370 2525.9
1173380 2511.7
1173390 2511.7
1173400 2498.9
1173410 2486.4
1173420 2486.4
1173430 2474.1
1173440 2464.2
1173450 2464.2
1173460 2455.8
1173470 2449.1
1173480 2449.1
1173490 2441.9
1173500 2434.6
1173510 2427.4
1173520 2427.4
1173530 2419.4
1173540 2408.0
1173550 2408.0
1173560 2391.0
1173570 2380.4
1173580 2380.4
1173590 2377.0
1173600 2373.8
1173610 2373.8
1173620 2370.0
1173630 2365.5
1173640 2365.5
1173650 2361.4
1173660 2357.9
1173670 2357.9
1173680 2355.1
1173690 2352.8
1173700 2352.8
1173710 2350.8
1173720 2349.6
1173730 2349.3
1173740 2349.3
1173750 2349.1
1173760 2348.7
1173770 2348.7
1173780 2347.3
1173790 2346.9
1173800 2346.9
1173810 2346.5
1173820 2344.9
1173830 2344.9
1173840 2341.4
1173850 2338.8
1173860 2338.8
1173870 2338.2
1173880 2340.3
1173890 2340.3
1173900 2338.5
1173910 2333.9
1173920 2333.9
1173930 2328.7
1173940 2327.1
1173950 2327.6
1173960 2327.6
1173970 2329.2
1173980 2331.3
1173990 2331.3
1174000 2332.8
1174010 2334.5
1174020 2334.5
1174030 2336.1
1174040 2337.1
1174050 2337.1
1174060 2338.6
1174070 2340.1
1174080 2340.1
1174090 2341.5
1174100 2343.4
1174110 2343.4
1174120 2344.7
1174130 2345.6
1174140 2345.6
1174150 2345.8
1174160 2345.8
1174170 2345.6
1174180 2345.6
1174190 2345.8
1174200 2345.8
1174210 2345.8
1174220 2346.4
1174230 2347.3
1174240 2347.3
1174250 2349.5
1174260 2353.7
1174270 2353.7
1174280 2357.7
1174290 2364.7
1174300 2364.7
1174310 2366.8
1174320 2367.4
1174330 2367.4
1174340 2368.2
1174350 2369.6
1174360 2369.6
1174370 2372.1
1174380 2374.7
1174390 2377.5
1174400 2377.5
1174410 2378.9
1174420 2380.4
1174430 2380.4
1174440 2382.1
1174450 2383.7
1174460 2383.7
1174470 2385.5
1174480 2386.5
1174490 2386.5
1174500 2386.5
1174510 2386.3
1174520 2386.3
1174530 2386.0
1174540 2385.7
1174550 2385.7
1174560 2388.8
1174570 2394.1
1174580 2394.1
1174590 2396.0
1174600 2396.8
1174610 2398.5
1174620 2398.5
1174630 2398.1
1174640 2399.3
1174650 2399.3
1174660 2401.7
1174670 2404.2
1174680 2404.2
1174690 2406.2
1174700 2406.8
1174710 2406.8
1174720 2408.1
1174730 2410.1
1174740 2410.1
1174750 2413.3
1174760 2418.2
1174770 2418.2
1174780 2424.1
1174790 2430.0
1174800 2430.0
1174810 2435.8
1174820 2441.8
1174830 2448.2
1174840 2448.2
1174850 2455.0
1174860 2461.6
1174870 2461.6
1174880 2470.8
1174890 2479.9
1174900 2479.9
1174910 2486.5
1174920 2495.2
1174930 2495.2
1174940 2504.5
1174950 2513.1
1174960 2513.1
1174970 2521.8
1174980 2528.4
1174990 2528.4
1175000 2534.9
1175010 2541.9
1175020 2541.9
1175030 2550.0
1175040 2557.6
1175050 2562.1
1175060 2562.1
1175070 2559.9
1175080 2554.9
1175090 2554.9
1175100 2554.9
1175110 2549.9
1175120 2549.9
1175130 2545.1
1175140 2541.6
1175150 2541.6
1175160 2537.4
1175170 2532.3
1175180 2532.3
1175190 2528.7
1175200 2524.6
1175210 2524.6
1175220 2519.1
1175230 2514.7
1175240 2514.7
1175250 2511.6
1175260 2509.8
1175270 2508.4
1175280 2508.4
1175290 2507.9
1175300 2507.8
1175310 2507.8
1175320 2509.0
1175330 2512.1
1175340 2512.1
1175350 2514.1
1175360 2515.6
1175370 2515.6
1175380 2517.2
1175390 2518.6
1175400 2518.6
1175410 2519.3
1175420 2519.8
1175430 2519.8
1175440 2519.9
1175450 2520.7
1175460 2520.7
1175470 2521.0
1175480 2520.9
1175490 2521.5
1175500 2521.5
1175510 2526.0
1175520 2529.0
1175530 2529.0
1175540 2529.3
1175550 2529.7
1175560 2529.7
1175570 2530.2
1175580 2533.5
1175590 2533.5
1175600 2539.0
1175610 2545.7
1175620 2545.7
1175630 2553.3
1175640 2560.4
1175650 2560.4
1175660 2567.0
1175670 2574.4
1175680 2574.4
1175690 2584.6
1175700 2592.0
1175710 2600.2
1175720 2600.2
1175730 2604.3
1175740 2604.6
1175750 2604.6
1175760 2602.9
1175770 2602.2
1175780 2602.2
1175790 2602.0
1175800 2601.2
1175810 2601.2
1175820 2600.4
1175830 2600.3
1175840 2600.3
1175850 2600.4
1175860 2600.5
1175870 2600.5
1175880 2601.9
1175890 2604.6
1175900 2604.6
1175910 2610.2
1175920 2616.6
1175930 2622.6
1175940 2622.6
1175950 2628.1
1175960 2632.8
1175970 2632.8
1175980 2637.5
1175990 2642.5
1176000 2642.5
1176010 2640.0
1176020 2634.0
1176030 2634.0
1176040 2627.2
1176050 2620.8
1176060 2620.8
1176070 2614.4
1176080 2608.9
1176090 2608.9
1176100 2603.0
1176110 2598.7
1176120 2598.7
1176130 2595.2
1176140 2590.7
1176150 2586.8
1176160 2586.8
1176170 2582.1
1176180 2576.5
1176190 2576.5
1176200 2570.3
1176210 2565.2
1176220 2565.2
1176230 2560.4
1176240 2555.1
1176250 2555.1
1176260 2551.8
1176270 2549.4
1176280 2549.4
1176290 2546.2
1176300 2541.8
1176310 2541.8
1176320 2536.5
1176330 2531.5
1176340 2525.9
1176350 2521.0
1176360 2517.4
1176370 2512.9
1176380 2512.9
1176390 2507.7
1176400 2503.1
1176410 2503.1
1176420 2498.3
1176430 2494.3
1176440 2494.3
1176450 2490.2
1176460 2484.8
1176470 2484.8
1176480 2477.9
1176490 2472.0
1176500 2472.0
1176510 2469.7
1176520 2469.1
1176530 2469.1
1176540 2468.6
1176550 2468.2
1176560 2468.2
1176570 2467.4
1176580 2463.8
1176590 2457.2
1176600 2457.2
1176610 2451.1
1176620 2448.3
1176630 2448.3
1176640 2449.5
1176650 2451.4
1176660 2451.4
1176670 2452.1
1176680 2450.9
1176690 2450.9
1176700 2447.4
1176710 2442.5
1176720 2442.5
1176730 2437.1
1176740 2433.2
1176750 2425.6
1176760 2422.6
1176770 2418.2
1176780 2418.2
1176790 2410.8
1176800 2408.0
1176810 2408.0
1176820 2408.0
1176830 2406.1
1176840 2401.5
1176850 2401.5
1176860 2398.6
1176870 2395.7
1176880 2395.7
1176890 2393.3
1176900 2389.8
1176910 2389.8
1176920 2385.4
1176930 2380.3
1176940 2380.3
1176950 2378.6
1176960 2379.3
1176970 2379.3
1176980 2379.2
1176990 2376.3
1177000 2376.3
1177010 2373.0
1177020 2370.1
1177030 2366.6
1177040 2366.6
1177050 2364.0
1177060 2363.7
1177070 2363.7
1177080 2364.7
1177090 2364.3
1177100 2364.3
1177110 2363.3
1177120 2362.2
1177130 2362.2
1177140 2359.8
1177150 2356.2
1177160 2351.6
1177170 2348.3
1177180 2347.0
1177190 2347.0
1177200 2345.6
1177210 2344.2
1177220 2344.2
1177230 2342.9
1177240 2340.8
1177250 2338.4
1177260 2338.4
1177270 2337.8
1177280 2336.5
1177290 2336.5
1177300 2335.9
1177310 2335.5
1177320 2335.5
1177330 2334.5
1177340 2333.5
1177350 2333.5
1177360 2331.4
1177370 2328.4
1177380 2328.4
1177390 2326.2
1177400 2323.5
1177410 2323.5
1177420 2319.1
1177430 2314.4
1177440 2314.4
1177450 2311.0
1177460 2308.1
1177470 2304.1
1177480 2304.1
1177490 2299.1
1177500 2294.0
1177510 2294.0
1177520 2289.1
1177530 2284.1
1177540 2284.1
1177550 2279.3
1177560 2274.2
1177570 2276.2
1177580 2270.2
1177590 2264.1
1177600 2264.1
1177610 2259.4
1177620 2254.1
1177630 2254.1
1177640 2249.7
1177650 2245.0
1177660 2245.0
1177670 2240.0
1177680 2234.7
1177690 2229.4
1177700 2229.4
1177710 2224.4
1177720 2220.1
1177730 2220.1
1177740 2216.8
1177750 2213.3
1177760 2213.3
1177770 2209.6
1177780 2206.2
1177790 2206.2
1177800 2202.7
1177810 2198.5
1177820 2198.5
1177830 2193.0
1177840 2186.7
1177850 2186.7
1177860 2180.0
1177870 2174.8
1177880 2174.8
1177890 2172.8
1177900 2169.6
1177910 2164.4
1177920 2164.4
1177930 2159.1
1177940 2153.8
1177950 2153.8
1177960 2149.3
1177970 2147.4
1177980 2147.4
1177990 2153.8
1178000 2150.1
1178010 2150.1
1178020 2145.8
1178030 2141.7
1178040 2141.7
1178050 2137.2
1178060 2132.9
1178070 2132.9
1178080 2128.3
1178090 2123.5
1178100 2123.5
1178110 2118.5
1178120 2113.7
1178130 2109.3
1178140 2109.3
1178150 2104.5
1178160 2099.0
1178170 2099.0
1178180 2093.3
1178190 2087.1
1178200 2087.1
1178210 2080.9
1178220 2074.6
1178230 2074.6
1178240 2068.1
1178250 2061.9
1178260 2061.9
1178270 2055.7
1178280 2049.9
1178290 2049.9
1178300 2044.5
1178310 2039.2
1178320 2039.2
1178330 2033.8
1178340 2027.8
1178350 2021.9
1178360 2021.9
1178370 2016.5
1178380 2011.4
1178390 2011.4
1178400 2007.7
1178410 2002.9
1178420 2002.9
1178430 1997.9
1178440 1992.2
1178450 1992.2
1178460 1986.2
1178470 1980.7
1178480 1980.7
1178490 1975.4
1178500 1969.6
1178510 1969.6
1178520 1964.1
1178530 1959.8
1178540 1959.8
1178550 1955.5
1178560 1951.0
1178570 1946.2
1178580 1946.2
1178590 1941.1
1178600 1935.6
1178610 1935.6
1178620 1930.6
1178630 1924.7
1178640 1924.7
1178650 1919.6
1178660 1916.2
1178670 1916.2
1178680 1913.6
1178690 1912.3
1178700 1912.3
1178710 1912.8
1178720 1909.9
1178730 1909.9
1178740 1904.6
1178750 1899.4
1178760 1899.4
1178770 1896.5
1178780 1893.5
1178790 1889.9
1178800 1889.9
1178810 1882.9
1178820 1880.1
1178830 1880.1
1178840 1878.2
1178850 1875.7
1178860 1875.7
1178870 1874.0
1178880 1872.4
1178890 1872.4
1178900 1870.1
1178910 1869.0
1178920 1869.0
1178930 1867.5
1178940 1865.6
1178950 1865.6
1178960 1863.5
1178970 1861.6
1178980 1861.6
1178990 1859.5
1179000 1857.6
1179010 1855.4
1179020 1855.4
1179030 1851.8
1179040 1849.1
1179050 1849.1
1179060 1848.0
1179070 1846.7
1179080 1846.7
1179090 1844.9
1179100 1843.8
1179110 1843.8
1179120 1842.1
1179130 1839.9
1179140 1839.9
1179150 1837.6
1179160 1835.2
1179170 1835.2
1179180 1832.6
1179190 1830.1
1179200 1830.1
1179210 1827.6
1179220 1824.9
1179230 1821.1
1179240 1821.1
1179250 1817.4
1179260 1813.1
1179270 1813.1
1179280 1807.8
1179290 1802.9
1179300 1802.9
1179310 1800.5
1179320 1803.4
1179330 1803.4
1179340 1803.9
1179350 1804.7
1179360 1804.7
1179370 1805.3
1179380 1806.1
1179390 1806.1
1179400 1806.9
1179410 1808.3
1179420 1808.3
1179430 1810.8
1179440 1811.6
1179450 1812.1
1179460 1812.1
1179470 1812.4
1179480 1812.0
1179490 1812.0
1179500 1811.0
1179510 1808.8
1179520 1808.8
1179530 1806.8
1179540 1805.4
1179550 1805.4
1179560 1805.2
1179570 1804.5
1179580 1804.5
1179590 1803.2
1179600 1801.9
1179610 1801.9
1179620 1801.5
1179630 1800.9
1179640 1796.0
1179650 1795.3
1179660 1794.4
1179670 1795.2
1179680 1795.2
1179690 1796.5
1179700 1797.8
1179710 1797.8
1179720 1798.1
1179730 1797.5
1179740 1797.5
1179750 1796.6
1179760 1794.8
1179770 1794.8
1179780 1792.7
1179790 1791.8
1179800 1791.8
1179810 1791.2
1179820 1790.4
1179830 1790.4
1179840 1790.2
1179850 1790.8
1179860 1790.8
1179870 1791.5
1179880 1792.7
1179890 1793.1
1179900 1793.1
1179910 1793.7
1179920 1794.0
1179930 1794.0
1179940 1793.0
1179950 1791.7
1179960 1791.7
1179970 1790.5
1179980 1788.5
1179990 1788.5
