1160000 1093.8
1160010 1094.2
1160020 1094.2
1160030 1096.4
1160040 1097.4
1160050 1097.1
1160060 1097.1
1160070 1097.5
1160080 1097.9
1160090 1097.9
1160100 1099.8
1160110 1100.4
1160120 1100.4
1160130 1101.1
1160140 1101.9
1160150 1101.9
1160160 1102.4
1160170 1102.0
1160180 1102.0
1160190 1098.9
1160200 1098.2
1160210 1098.2
1160220 1099.8
1160230 1100.4
1160240 1100.4
1160250 1102.3
1160260 1103.3
1160270 1103.7
1160280 1103.7
1160290 1103.5
1160300 1102.9
1160310 1102.9
1160320 1103.3
1160330 1104.8
1160340 1104.8
1160350 1106.8
1160360 1108.5
1160370 1108.5
1160380 1110.5
1160390 1112.8
1160400 1112.8
1160410 1115.1
1160420 1117.4
1160430 1117.4
1160440 1119.5
1160450 1121.6
1160460 1121.6
1160470 1122.7
1160480 1124.2
1160490 1124.7
1160500 1129.3
1160510 1129.7
1160520 1129.5
1160530 1129.5
1160540 1129.8
1160550 1130.6
1160560 1130.6
1160570 1131.7
1160580 1133.4
1160590 1133.4
1160600 1135.8
1160610 1138.1
1160620 1138.1
1160630 1139.7
1160640 1141.8
1160650 1141.8
1160660 1144.8
1160670 1149.7
1160680 1149.7
1160690 1155.7
1160700 1159.7
1160710 1162.7
1160720 1162.7
1160730 1165.1
1160740 1168.0
1160750 1168.0
1160760 1171.4
1160770 1174.2
1160780 1174.2
1160790 1176.4
1160800 1179.4
1160810 1179.4
1160820 1180.9
1160830 1183.8
1160840 1183.8
1160850 1186.2
1160860 1187.5
1160870 1187.5
1160880 1188.1
1160890 1193.8
1160900 1193.8
1160910 1192.7
1160920 1192.1
1160930 1193.8
1160940 1193.8
1160950 1195.6
1160960 1196.9
1160970 1196.9
1160980 1197.8
1160990 1198.5
1161000 1198.5
1161010 1199.5
1161020 1200.5
1161030 1200.5
1161040 1201.7
1161050 1202.2
1161060 1202.2
1161070 1203.7
1161080 1206.1
1161090 1206.1
1161100 1208.7
1161110 1211.2
1161120 1211.2
1161130 1213.5
1161140 1214.6
1161150 1215.5
1161160 1215.5
1161170 1216.5
1161180 1217.4
1161190 1217.4
1161200 1218.2
1161210 1219.6
1161220 1219.6
1161230 1221.2
1161240 1221.7
1161250 1221.7
1161260 1222.0
1161270 1223.3
1161280 1228.9
1161290 1230.4
1161300 1231.8
1161310 1231.8
1161320 1233.1
1161330 1233.6
1161340 1233.6
1161350 1233.1
1161360 1231.4
1161370 1231.4
1161380 1230.6
1161390 1230.7
1161400 1231.0
1161410 1231.0
1161420 1230.6
1161430 1226.9
1161440 1226.9
1161450 1221.4
1161460 1217.8
1161470 1217.8
1161480 1217.0
1161490 1220.2
1161500 1220.2
1161510 1224.3
1161520 1228.2
1161530 1228.2
1161540 1228.0
1161550 1225.8
1161560 1225.8
1161570 1223.3
1161580 1221.4
1161590 1221.4
1161600 1222.9
1161610 1224.5
1161620 1225.0
1161630 1225.0
1161640 1224.5
1161650 1225.5
1161660 1225.5
1161670 1232.2
1161680 1233.5
1161690 1233.5
1161700 1236.2
1161710 1237.9
1161720 1237.9
1161730 1238.0
1161740 1237.0
1161750 1237.0
1161760 1234.7
1161770 1231.0
1161780 1231.0
1161790 1230.5
1161800 1231.0
1161810 1231.0
1161820 1228.8
1161830 1226.6
1161840 1225.8
1161850 1225.8
1161860 1225.6
1161870 1225.9
1161880 1225.9
1161890 1225.2
1161900 1222.6
1161910 1222.6
1161920 1221.7
1161930 1221.4
1161940 1221.4
1161950 1219.4
1161960 1217.5
1161970 1217.5
1161980 1216.1
1161990 1215.4
1162000 1215.4
1162010 1215.1
1162020 1215.1
1162030 1215.1
1162040 1214.1
1162050 1213.7
1162060 1217.6
1162070 1217.6
1162080 1215.7
1162090 1213.0
1162100 1213.0
1162110 1209.7
1162120 1205.0
1162130 1205.0
1162140 1201.3
1162150 1200.4
1162160 1200.4
1162170 1200.1
1162180 1199.2
1162190 1199.2
1162200 1198.2
1162210 1197.8
1162220 1197.8
1162230 1197.2
1162240 1195.9
1162250 1195.9
1162260 1194.8
1162270 1195.1
1162280 1196.1
1162290 1196.1
1162300 1196.7
1162310 1197.8
1162320 1197.8
1162330 1197.5
1162340 1196.6
1162350 1196.6
1162360 1196.3
1162370 1196.8
1162380 1196.8
1162390 1198.2
1162400 1199.5
1162410 1199.5
1162420 1200.7
1162430 1200.2
1162440 1200.2
1162450 1203.2
1162460 1200.7
1162470 1200.7
1162480 1200.1
1162490 1199.2
1162500 1198.5
1162510 1198.5
1162520 1198.1
1162530 1198.3
1162540 1198.3
1162550 1198.9
1162560 1199.4
1162570 1199.4
1162580 1199.8
1162590 1197.4
1162600 1197.4
1162610 1197.9
1162620 1200.0
1162630 1200.0
1162640 1201.5
1162650 1205.1
1162660 1205.1
1162670 1212.1
1162680 1218.4
1162690 1218.4
1162700 1223.7
1162710 1229.1
1162720 1235.6
1162730 1235.6
1162740 1241.5
1162750 1244.5
1162760 1244.5
1162770 1247.2
1162780 1250.1
1162790 1250.1
1162800 1252.8
1162810 1254.8
1162820 1254.8
1162830 1256.7
1162840 1258.5
1162850 1264.7
1162860 1265.9
1162870 1267.5
1162880 1267.5
1162890 1269.2
1162900 1271.8
1162910 1271.8
1162920 1276.7
1162930 1280.4
1162940 1283.0
1162950 1283.0
1162960 1285.2
1162970 1286.2
1162980 1286.2
1162990 1286.8
1163000 1286.8
1163010 1286.8
1163020 1287.2
1163030 1287.9
1163040 1287.9
1163050 1289.8
1163060 1292.8
1163070 1292.8
1163080 1296.4
1163090 1300.2
1163100 1300.2
1163110 1303.0
1163120 1306.9
1163130 1306.9
1163140 1309.5
1163150 1310.6
1163160 1314.1
1163170 1314.1
1163180 1319.6
1163190 1323.8
1163200 1323.8
1163210 1326.7
1163220 1330.8
1163230 1330.8
1163240 1342.5
1163250 1344.9
1163260 1344.9
1163270 1346.7
1163280 1347.2
1163290 1347.2
1163300 1346.8
1163310 1345.7
1163320 1345.7
1163330 1346.5
1163340 1347.0
1163350 1347.0
1163360 1348.7
1163370 1351.6
1163380 1353.4
1163390 1353.4
1163400 1355.1
1163410 1356.7
1163420 1356.7
1163430 1360.6
1163440 1364.6
1163450 1364.6
1163460 1366.4
1163470 1367.2
1163480 1367.2
1163490 1367.9
1163500 1369.7
1163510 1369.7
1163520 1373.4
1163530 1377.1
1163540 1377.1
1163550 1382.4
1163560 1385.3
1163570 1385.3
1163580 1385.5
1163590 1386.2
1163600 1383.9
1163610 1383.9
1163620 1381.3
1163630 1381.7
1163640 1383.7
1163650 1385.6
1163660 1388.5
1163670 1388.5
1163680 1389.5
1163690 1390.8
1163700 1390.8
1163710 1395.2
1163720 1400.0
1163730 1400.0
1163740 1403.0
1163750 1404.6
1163760 1404.6
1163770 1406.6
1163780 1408.9
1163790 1408.9
1163800 1410.4
1163810 1411.5
1163820 1411.5
1163830 1411.5
1163840 1411.6
1163850 1411.9
1163860 1411.9
1163870 1413.0
1163880 1414.3
1163890 1414.3
1163900 1416.4
1163910 1419.5
1163920 1419.5
1163930 1422.2
1163940 1424.8
1163950 1424.8
1163960 1428.9
1163970 1432.0
1163980 1432.0
1163990 1433.9
1164000 1434.2
1164010 1434.2
1164020 1433.0
1164030 1435.0
1164040 1435.0
1164050 1433.8
1164060 1433.7
1164070 1432.4
1164080 1432.4
1164090 1434.4
1164100 1439.1
1164110 1439.1
1164120 1443.7
1164130 1448.2
1164140 1448.2
1164150 1453.1
1164160 1457.2
1164170 1457.2
1164180 1460.5
1164190 1463.8
1164200 1463.8
1164210 1467.1
1164220 1470.3
1164230 1470.3
1164240 1473.3
1164250 1476.8
1164260 1476.8
1164270 1481.1
1164280 1485.2
1164290 1488.9
1164300 1488.9
1164310 1492.0
1164320 1493.2
1164330 1493.2
1164340 1494.6
1164350 1496.3
1164360 1496.3
1164370 1498.6
1164380 1500.2
1164390 1500.2
1164400 1500.2
1164410 1499.7
1164420 1499.7
1164430 1502.6
1164440 1502.3
1164450 1502.3
1164460 1500.7
1164470 1498.6
1164480 1498.6
1164490 1498.2
1164500 1500.5
1164510 1502.6
1164520 1502.6
1164530 1501.8
1164540 1501.0
1164550 1501.0
1164560 1501.4
1164570 1501.5
1164580 1501.5
1164590 1501.1
1164600 1499.7
1164610 1499.7
1164620 1498.2
1164630 1497.2
1164640 1497.2
1164650 1497.2
1164660 1498.2
1164670 1498.2
1164680 1499.6
1164690 1500.4
1164700 1500.4
1164710 1500.2
1164720 1498.8
1164730 1497.0
1164740 1497.0
1164750 1496.7
1164760 1496.7
1164770 1496.7
1164780 1495.8
1164790 1494.6
1164800 1494.6
1164810 1495.5
1164820 1500.9
1164830 1500.9
1164840 1502.2
1164850 1501.8
1164860 1501.8
1164870 1500.7
1164880 1499.3
1164890 1499.3
1164900 1498.1
1164910 1497.6
1164920 1497.6
1164930 1497.2
1164940 1497.8
1164950 1497.4
1164960 1497.4
1164970 1493.7
1164980 1489.9
1164990 1489.9
1165000 1487.1
1165010 1485.4
1165020 1485.4
1165030 1483.3
1165040 1479.8
1165050 1479.8
1165060 1474.2
1165070 1468.9
1165080 1468.9
1165090 1464.9
1165100 1461.3
1165110 1461.3
1165120 1456.6
1165130 1451.9
1165140 1451.9
1165150 1448.2
1165160 1443.9
1165170 1438.8
1165180 1438.8
1165190 1434.0
1165200 1431.2
1165210 1431.2
1165220 1434.1
1165230 1434.3
1165240 1434.3
1165250 1436.3
1165260 1439.7
1165270 1439.7
1165280 1445.2
1165290 1452.3
1165300 1452.3
1165310 1460.2
1165320 1467.8
1165330 1467.8
1165340 1476.2
1165350 1484.3
1165360 1484.3
1165370 1492.2
1165380 1500.2
1165390 1508.6
1165400 1508.6
1165410 1514.1
1165420 1517.2
1165430 1517.2
1165440 1523.2
1165450 1528.7
1165460 1528.7
1165470 1533.7
1165480 1538.8
1165490 1538.8
1165500 1544.3
1165510 1550.4
1165520 1550.4
1165530 1557.2
1165540 1562.7
1165550 1562.7
1165560 1568.0
1165570 1573.3
1165580 1573.3
1165590 1578.6
1165600 1583.6
1165610 1587.8
1165620 1589.1
1165630 1592.8
1165640 1598.3
1165650 1598.3
1165660 1604.4
1165670 1611.7
1165680 1611.7
1165690 1616.9
1165700 1621.1
1165710 1621.1
1165720 1625.5
1165730 1629.6
1165740 1629.6
1165750 1633.2
1165760 1637.8
1165770 1637.8
1165780 1642.0
1165790 1645.7
1165800 1645.7
1165810 1648.0
1165820 1650.0
1165830 1652.9
1165840 1652.9
1165850 1653.7
1165860 1656.4
1165870 1656.4
1165880 1661.3
1165890 1666.9
1165900 1666.9
1165910 1671.2
1165920 1677.4
1165930 1677.4
1165940 1683.0
1165950 1687.6
1165960 1687.6
1165970 1691.7
1165980 1695.5
1165990 1695.5
1166000 1699.2
1166010 1703.6
1166020 1704.5
1166030 1707.8
1166040 1709.8
1166050 1709.8
1166060 1711.6
1166070 1715.2
1166080 1718.7
1166090 1718.7
1166100 1721.5
1166110 1723.6
1166120 1723.6
1166130 1725.6
1166140 1729.1
1166150 1729.1
1166160 1732.6
1166170 1735.9
1166180 1735.9
1166190 1740.0
1166200 1743.5
1166210 1743.5
1166220 1746.3
1166230 1748.5
1166240 1748.5
1166250 1751.8
1166260 1754.2
1166270 1754.2
1166280 1758.0
1166290 1762.5
1166300 1767.7
1166310 1767.7
1166320 1770.1
1166330 1775.4
1166340 1775.4
1166350 1783.1
1166360 1792.3
1166370 1792.3
1166380 1803.2
1166390 1812.4
1166400 1812.4
1166410 1818.3
1166420 1820.7
1166430 1820.7
1166440 1825.9
1166450 1828.9
1166460 1828.9
1166470 1833.6
1166480 1838.4
1166490 1838.4
1166500 1842.0
1166510 1845.7
1166520 1849.5
1166530 1849.5
1166540 1853.4
1166550 1857.9
1166560 1857.9
1166570 1862.5
1166580 1867.2
1166590 1867.2
1166600 1872.5
1166610 1877.7
1166620 1877.7
1166630 1882.2
1166640 1887.2
1166650 1887.2
1166660 1891.9
1166670 1896.6
1166680 1896.6
1166690 1901.1
1166700 1905.2
1166710 1905.2
1166720 1909.4
1166730 1913.3
1166740 1917.4
1166750 1917.4
1166760 1921.7
1166770 1926.1
1166780 1926.1
1166790 1930.0
1166800 1933.5
1166810 1931.8
1166820 1935.8
1166830 1939.6
1166840 1939.6
1166850 1943.6
1166860 1947.5
1166870 1947.5
1166880 1951.0
1166890 1955.4
1166900 1955.4
1166910 1959.9
1166920 1964.4
1166930 1964.4
1166940 1969.8
1166950 1974.2
1166960 1978.1
1166970 1978.1
1166980 1981.5
1166990 1985.4
1167000 1985.4
1167010 1989.4
1167020 1993.2
1167030 1993.2
1167040 1996.9
1167050 2000.6
1167060 2000.6
1167070 2005.2
1167080 2010.5
1167090 2010.5
1167100 2015.9
1167110 2019.8
1167120 2019.8
1167130 2023.2
1167140 2026.2
1167150 2026.2
1167160 2030.1
1167170 2034.7
1167180 2039.4
1167190 2039.4
1167200 2044.1
1167210 2049.0
1167220 2049.0
1167230 2053.4
1167240 2056.7
1167250 2056.7
1167260 2060.2
1167270 2064.7
1167280 2064.7
1167290 2068.1
1167300 2072.6
1167310 2072.6
1167320 2077.4
1167330 2081.5
1167340 2081.5
1167350 2084.5
1167360 2088.4
1167370 2088.4
1167380 2092.1
1167390 2095.7
1167400 2099.3
1167410 2099.3
1167420 2103.2
1167430 2108.0
1167440 2108.0
1167450 2113.9
1167460 2120.5
1167470 2120.5
1167480 2127.3
1167490 2133.2
1167500 2133.2
1167510 2138.1
1167520 2141.4
1167530 2141.4
1167540 2144.1
1167550 2146.0
1167560 2146.0
1167570 2147.4
1167580 2147.7
1167590 2147.7
1167600 2147.7
1167610 2148.3
1167620 2148.0
1167630 2148.0
1167640 2147.8
1167650 2147.1
1167660 2147.1
1167670 2150.8
1167680 2154.2
1167690 2154.2
1167700 2155.8
1167710 2156.8
1167720 2156.8
1167730 2155.7
1167740 2152.9
1167750 2152.9
1167760 2149.9
1167770 2148.6
1167780 2148.6
1167790 2146.4
1167800 2141.7
1167810 2141.7
1167820 2136.8
1167830 2132.3
1167840 2128.8
1167850 2128.8
1167860 2126.4
1167870 2124.9
1167880 2124.9
1167890 2122.9
1167900 2121.6
1167910 2121.6
1167920 2121.6
1167930 2123.2
1167940 2123.2
1167950 2124.9
1167960 2125.2
1167970 2125.2
1167980 2124.3
1167990 2123.4
1168000 2123.4
1168010 2131.9
1168020 2127.4
1168030 2127.4
1168040 2118.9
1168050 2109.5
1168060 2103.2
1168070 2103.2
1168080 2098.9
1168090 2094.6
1168100 2094.6
1168110 2090.2
1168120 2084.1
1168130 2084.1
1168140 2074.5
1168150 2066.1
1168160 2066.1
1168170 2059.9
1168180 2056.6
1168190 2056.6
1168200 2056.4
1168210 2055.0
1168220 2055.0
1168230 2050.0
1168240 2041.9
1168250 2041.9
1168260 2031.4
1168270 2020.2
1168280 2011.9
1168290 2011.9
1168300 2009.0
1168310 2006.8
1168320 2006.8
1168330 2005.1
1168340 2003.3
1168350 2003.3
1168360 2001.5
1168370 1999.5
1168380 1999.5
1168390 1997.2
1168400 1993.8
1168410 1993.8
1168420 1995.0
1168430 1991.5
1168440 1991.5
1168450 1988.6
1168460 1986.1
1168470 1986.1
1168480 1984.4
1168490 1983.3
1168500 1983.3
1168510 1982.6
1168520 1979.9
1168530 1979.1
1168540 1979.1
1168550 1980.4
1168560 1981.7
1168570 1981.7
1168580 1983.1
1168590 1982.1
1168600 1982.1
1168610 1980.9
1168620 1980.0
1168630 1980.0
1168640 1978.4
1168650 1975.3
1168660 1975.3
1168670 1973.8
1168680 1971.7
1168690 1971.7
1168700 1969.6
1168710 1968.2
1168720 1968.2
1168730 1967.4
1168740 1966.5
1168750 1965.3
1168760 1965.3
1168770 1966.6
1168780 1968.6
1168790 1968.6
1168800 1970.8
1168810 1973.7
1168820 1974.9
1168830 1977.8
1168840 1981.0
1168850 1981.0
1168860 1984.3
1168870 1986.4
1168880 1986.4
1168890 1986.4
1168900 1986.6
1168910 1986.6
1168920 1989.3
1168930 1991.6
1168940 1991.6
1168950 1993.3
1168960 1993.8
1168970 1994.2
1168980 1994.2
1168990 1996.5
1169000 1999.8
1169010 1999.8
1169020 2003.4
1169030 2006.6
1169040 2006.6
1169050 2010.0
1169060 2013.8
1169070 2013.8
1169080 2017.6
1169090 2021.2
1169100 2021.2
1169110 2024.6
1169120 2027.7
1169130 2027.7
1169140 2030.9
1169150 2034.7
1169160 2034.7
1169170 2039.0
1169180 2044.0
1169190 2048.6
1169200 2048.6
1169210 2052.5
1169220 2056.5
1169230 2056.5
1169240 2060.0
1169250 2063.2
1169260 2063.2
1169270 2066.8
1169280 2070.1
1169290 2070.1
1169300 2073.7
1169310 2078.0
1169320 2078.0
1169330 2082.1
1169340 2085.1
1169350 2085.1
1169360 2087.7
1169370 2090.6
1169380 2090.6
1169390 2093.9
1169400 2096.7
1169410 2100.0
1169420 2100.0
1169430 2103.4
1169440 2107.4
1169450 2107.4
1169460 2112.1
1169470 2116.6
1169480 2116.6
1169490 2119.0
1169500 2120.7
1169510 2120.7
1169520 2121.9
1169530 2123.2
1169540 2123.2
1169550 2125.6
1169560 2129.7
1169570 2129.7
1169580 2134.4
1169590 2139.8
1169600 2139.8
1169610 2145.0
1169620 2146.4
1169630 2150.1
1169640 2150.1
1169650 2152.4
1169660 2155.6
1169670 2155.6
1169680 2159.4
1169690 2164.2
1169700 2164.2
1169710 2170.7
1169720 2176.6
1169730 2176.6
1169740 2181.0
1169750 2183.9
1169760 2183.9
1169770 2186.7
1169780 2189.8
1169790 2189.8
1169800 2192.9
1169810 2195.7
1169820 2195.7
1169830 2198.7
1169840 2202.6
1169850 2207.2
1169860 2207.2
1169870 2212.4
1169880 2217.9
1169890 2217.9
1169900 2222.9
1169910 2227.4
1169920 2227.4
1169930 2231.5
1169940 2235.3
1169950 2235.3
1169960 2239.1
1169970 2243.6
1169980 2243.6
1169990 2248.4
1170000 2253.6
1170010 2253.6
1170020 2256.0
1170030 2261.7
1170040 2261.7
1170050 2267.1
1170060 2271.7
1170070 2275.3
1170080 2275.3
1170090 2279.4
1170100 2282.8
1170110 2282.8
1170120 2286.2
1170130 2289.6
1170140 2289.6
1170150 2293.2
1170160 2296.8
1170170 2296.8
1170180 2300.1
1170190 2303.3
1170200 2303.3
1170210 2307.0
1170220 2310.4
1170230 2310.4
1170240 2313.5
1170250 2316.3
1170260 2316.3
1170270 2318.5
1170280 2320.7
1170290 2322.9
1170300 2322.9
1170310 2325.6
1170320 2328.1
1170330 2328.1
1170340 2331.1
1170350 2334.3
1170360 2334.3
1170370 2337.3
1170380 2340.9
1170390 2340.9
1170400 2344.8
1170410 2349.4
1170420 2349.4
1170430 2356.3
1170440 2363.0
1170450 2363.0
1170460 2368.5
1170470 2372.3
1170480 2372.3
1170490 2375.7
1170500 2379.2
1170510 2382.9
1170520 2382.9
1170530 2386.6
1170540 2389.3
1170550 2389.3
1170560 2392.9
1170570 2398.2
1170580 2398.2
1170590 2402.7
1170600 2407.0
1170610 2407.0
1170620 2412.6
1170630 2415.9
1170640 2415.9
1170650 2418.0
1170660 2419.5
1170670 2419.5
1170680 2420.6
1170690 2423.5
1170700 2423.5
1170710 2428.2
1170720 2434.1
1170730 2439.3
1170740 2439.3
1170750 2442.1
1170760 2444.9
1170770 2444.9
1170780 2448.5
1170790 2452.9
1170800 2452.9
1170810 2456.7
1170820 2460.1
1170830 2461.2
1170840 2465.8
1170850 2472.8
1170860 2472.8
1170870 2478.6
1170880 2483.6
1170890 2483.6
1170900 2487.7
1170910 2492.8
1170920 2492.8
1170930 2497.2
1170940 2500.1
1170950 2505.3
1170960 2505.3
1170970 2509.3
1170980 2513.1
1170990 2513.1
1171000 2517.1
1171010 2520.0
1171020 2520.0
1171030 2522.5
1171040 2524.6
1171050 2524.6
1171060 2525.8
1171070 2525.6
1171080 2525.6
1171090 2526.1
1171100 2528.5
1171110 2528.5
1171120 2532.3
1171130 2536.1
1171140 2536.1
1171150 2540.2
1171160 2545.1
1171170 2545.1
1171180 2548.5
1171190 2549.8
1171200 2550.6
1171210 2550.6
1171220 2552.3
1171230 2553.6
1171240 2556.3
1171250 2555.4
1171260 2553.8
1171270 2553.8
1171280 2549.3
1171290 2545.9
1171300 2545.9
1171310 2545.2
1171320 2544.3
1171330 2544.3
1171340 2543.3
1171350 2544.0
1171360 2544.0
1171370 2548.6
1171380 2552.3
1171390 2552.3
1171400 2550.8
1171410 2551.2
1171420 2553.3
1171430 2553.3
1171440 2555.4
1171450 2557.1
1171460 2557.1
1171470 2556.7
1171480 2555.5
1171490 2555.5
1171500 2554.2
1171510 2553.7
1171520 2553.7
1171530 2552.8
1171540 2553.5
1171550 2553.5
1171560 2555.8
1171570 2560.6
1171580 2560.6
1171590 2567.0
1171600 2572.8
1171610 2572.8
1171620 2578.0
1171630 2582.8
1171640 2592.0
1171650 2592.0
1171660 2596.1
1171670 2599.5
1171680 2599.5
1171690 2602.8
1171700 2607.6
1171710 2607.6
1171720 2611.8
1171730 2616.1
1171740 2616.1
1171750 2622.8
1171760 2628.5
1171770 2628.5
1171780 2633.3
1171790 2638.5
1171800 2638.5
1171810 2644.0
1171820 2649.3
1171830 2649.3
1171840 2654.4
1171850 2658.6
1171860 2662.7
1171870 2662.7
1171880 2668.3
1171890 2674.9
1171900 2674.9
1171910 2682.0
1171920 2686.4
1171930 2686.4
1171940 2689.3
1171950 2693.4
1171960 2693.4
1171970 2698.8
1171980 2696.6
1171990 2696.6
1172000 2685.1
1172010 2673.0
1172020 2673.0
1172030 2665.8
1172040 2662.4
1172050 2666.5
1172060 2665.5
1172070 2660.9
1172080 2654.7
1172090 2654.7
1172100 2651.0
1172110 2648.7
1172120 2648.7
1172130 2649.4
1172140 2650.8
1172150 2650.8
1172160 2651.6
1172170 2649.9
1172180 2649.9
1172190 2647.6
1172200 2644.4
1172210 2644.4
1172220 2637.9
1172230 2630.2
1172240 2630.2
1172250 2623.4
1172260 2616.2
1172270 2616.2
1172280 2608.9
1172290 2603.5
1172300 2597.2
1172310 2597.2
1172320 2590.0
1172330 2583.9
1172340 2583.9
1172350 2579.4
1172360 2574.9
1172370 2574.9
1172380 2570.0
1172390 2564.8
1172400 2564.8
1172410 2560.0
1172420 2555.9
1172430 2555.9
1172440 2552.1
1172450 2552.6
1172460 2552.6
1172470 2548.7
1172480 2545.2
1172490 2545.2
1172500 2542.1
1172510 2539.7
1172520 2538.7
1172530 2538.7
1172540 2538.6
1172550 2538.7
1172560 2538.7
1172570 2539.5
1172580 2541.8
1172590 2541.8
1172600 2543.9
1172610 2543.8
1172620 2543.8
1172630 2544.2
1172640 2546.6
1172650 2546.6
1172660 2548.7
1172670 2549.3
1172680 2549.3
1172690 2548.7
1172700 2547.0
1172710 2547.0
1172720 2544.7
1172730 2542.4
1172740 2539.6
1172750 2539.6
1172760 2537.5
1172770 2536.5
1172780 2536.5
1172790 2536.1
1172800 2535.2
1172810 2535.2
1172820 2531.5
1172830 2527.6
1172840 2527.6
1172850 2523.6
1172860 2523.0
1172870 2523.0
1172880 2519.9
1172890 2516.9
1172900 2516.9
1172910 2512.6
1172920 2508.8
1172930 2508.8
1172940 2505.8
1172950 2503.9
1172960 2502.8
1172970 2502.8
1172980 2502.3
1172990 2501.8
1173000 2501.8
1173010 2502.3
1173020 2502.1
1173030 2502.1
1173040 2500.6
1173050 2498.0
1173060 2498.0
1173070 2496.4
1173080 2495.0
1173090 2495.0
1173100 2492.4
1173110 2488.3
1173120 2488.3
1173130 2484.5
1173140 2482.0
1173150 2482.0
1173160 2480.0
1173170 2477.9
1173180 2475.6
1173190 2475.6
1173200 2473.0
1173210 2469.9
1173220 2469.9
1173230 2467.6
1173240 2466.8
1173250 2466.8
1173260 2465.1
1173270 2452.5
1173280 2452.5
1173290 2447.2
1173300 2442.0
1173310 2442.0
1173320 2436.9
1173330 2431.7
1173340 2431.7
1173350 2427.7
1173360 2424.6
1173370 2424.6
1173380 2421.6
1173390 2419.7
1173400 2418.4
1173410 2418.4
1173420 2416.3
1173430 2411.8
1173440 2411.8
1173450 2403.9
1173460 2396.3
1173470 2396.3
1173480 2390.4
1173490 2385.0
1173500 2385.0
1173510 2379.1
1173520 2373.5
1173530 2373.5
1173540 2368.4
1173550 2363.9
1173560 2363.9
1173570 2359.4
1173580 2355.8
1173590 2355.8
1173600 2352.2
1173610 2348.7
1173620 2345.6
1173630 2345.6
1173640 2342.7
1173650 2339.3
1173660 2339.3
1173670 2331.4
1173680 2322.2
1173690 2322.2
1173700 2312.2
1173710 2301.5
1173720 2301.5
1173730 2291.7
1173740 2282.7
1173750 2282.7
1173760 2275.5
1173770 2268.5
1173780 2268.5
1173790 2261.8
1173800 2254.7
1173810 2254.7
1173820 2247.5
1173830 2240.5
1173840 2240.5
1173850 2234.2
1173860 2228.1
1173870 2220.5
1173880 2220.5
1173890 2215.0
1173900 2210.1
1173910 2210.1
1173920 2205.6
1173930 2201.3
1173940 2201.3
1173950 2197.5
1173960 2194.1
1173970 2194.1
1173980 2191.4
1173990 2188.6
1174000 2188.6
1174010 2185.6
1174020 2182.8
1174030 2182.8
1174040 2180.1
1174050 2176.5
1174060 2176.5
1174070 2170.4
1174080 2163.4
1174090 2157.3
1174100 2157.3
1174110 2151.5
1174120 2146.1
1174130 2146.1
1174140 2141.1
1174150 2135.7
1174160 2135.7
1174170 2130.8
1174180 2126.8
1174190 2126.8
1174200 2122.8
1174210 2118.8
1174220 2118.8
1174230 2115.3
1174240 2112.6
1174250 2112.6
1174260 2110.1
1174270 2107.8
1174280 2107.8
1174290 2105.4
1174300 2102.4
1174310 2099.8
1174320 2099.8
1174330 2098.9
1174340 2098.8
1174350 2098.8
1174360 2099.6
1174370 2100.7
1174380 2100.7
1174390 2100.3
1174400 2099.8
1174410 2099.8
1174420 2100.7
1174430 2101.8
1174440 2101.8
1174450 2103.0
1174460 2104.8
1174470 2104.8
1174480 2108.0
1174490 2117.5
1174500 2117.5
1174510 2121.7
1174520 2124.6
1174530 2127.7
1174540 2127.7
1174550 2130.5
1174560 2132.5
1174570 2132.5
1174580 2135.4
1174590 2138.0
1174600 2138.0
1174610 2140.4
1174620 2142.8
1174630 2142.8
1174640 2143.4
1174650 2144.9
1174660 2144.9
1174670 2150.1
1174680 2156.1
1174690 2156.1
1174700 2161.1
1174710 2165.6
1174720 2165.6
1174730 2167.3
1174740 2169.4
1174750 2173.1
1174760 2173.1
1174770 2176.8
1174780 2181.4
1174790 2181.4
1174800 2186.4
1174810 2191.7
1174820 2191.7
1174830 2197.6
1174840 2203.0
1174850 2203.0
1174860 2208.0
1174870 2213.9
1174880 2213.9
1174890 2220.0
1174900 2227.7
1174910 2227.7
1174920 2233.4
1174930 2238.1
1174940 2238.1
1174950 2242.8
1174960 2248.4
1174970 2253.6
1174980 2253.6
1174990 2256.4
1175000 2260.6
1175010 2260.6
1175020 2265.1
1175030 2269.3
1175040 2269.3
1175050 2274.0
1175060 2277.7
1175070 2277.7
1175080 2280.0
1175090 2281.5
1175100 2281.5
1175110 2282.2
1175120 2281.7
1175130 2281.7
1175140 2281.1
1175150 2280.4
1175160 2280.4
1175170 2280.9
1175180 2281.3
1175190 2281.3
1175200 2281.3
1175210 2281.2
1175220 2281.2
1175230 2281.2
1175240 2281.9
1175250 2281.3
1175260 2281.3
1175270 2279.4
1175280 2276.9
1175290 2276.9
1175300 2276.3
1175310 2284.0
1175320 2284.0
1175330 2280.7
1175340 2275.3
1175350 2275.3
1175360 2270.7
1175370 2267.6
1175380 2267.6
1175390 2265.4
1175400 2265.1
1175410 2265.5
1175420 2265.5
1175430 2266.3
1175440 2266.6
1175450 2266.6
1175460 2263.1
1175470 2257.1
1175480 2257.1
1175490 2250.8
1175500 2244.5
1175510 2244.5
1175520 2239.1
1175530 2233.8
1175540 2233.8
1175550 2229.3
1175560 2225.8
1175570 2225.8
1175580 2223.4
1175590 2220.6
1175600 2220.6
1175610 2218.4
1175620 2216.9
1175630 2214.6
1175640 2214.6
1175650 2211.4
1175660 2206.1
1175670 2206.1
1175680 2201.2
1175690 2200.8
1175700 2200.8
1175710 2203.5
1175720 2210.3
1175730 2210.3
1175740 2211.1
1175750 2212.3
1175760 2212.3
1175770 2213.1
1175780 2214.4
1175790 2214.4
1175800 2214.5
1175810 2214.3
1175820 2214.3
1175830 2214.0
1175840 2213.6
1175850 2212.1
1175860 2212.1
1175870 2211.2
1175880 2210.8
1175890 2210.8
1175900 2210.6
1175910 2209.7
1175920 2209.7
1175930 2209.3
1175940 2208.7
1175950 2208.7
1175960 2206.8
1175970 2205.3
1175980 2205.3
1175990 2204.5
1176000 2203.8
1176010 2203.8
1176020 2202.0
1176030 2199.9
1176040 2199.9
1176050 2200.6
1176060 2203.0
1176070 2204.8
1176080 2204.8
1176090 2205.6
1176100 2207.3
1176110 2207.3
1176120 2210.0
1176130 2218.4
1176140 2218.4
1176150 2221.7
1176160 2226.6
1176170 2226.6
1176180 2232.5
1176190 2238.5
1176200 2238.5
1176210 2243.5
1176220 2246.7
1176230 2246.7
1176240 2247.7
1176250 2248.0
1176260 2248.0
1176270 2249.3
1176280 2252.5
1176290 2255.7
1176300 2255.7
1176310 2258.0
1176320 2261.5
1176330 2261.5
1176340 2262.4
1176350 2261.0
1176360 2261.0
1176370 2259.4
1176380 2260.4
1176390 2260.4
1176400 2263.0
1176410 2265.1
1176420 2265.1
1176430 2267.4
1176440 2271.0
1176450 2271.0
1176460 2275.3
1176470 2279.3
1176480 2279.3
1176490 2282.8
1176500 2286.6
1176510 2291.4
1176520 2291.4
1176530 2296.3
1176540 2301.8
1176550 2301.8
1176560 2301.4
1176570 2302.2
1176580 2302.2
1176590 2301.6
1176600 2303.5
1176610 2303.5
1176620 2305.7
1176630 2308.2
1176640 2308.2
1176650 2311.1
1176660 2314.1
1176670 2314.1
1176680 2317.7
1176690 2321.6
1176700 2321.6
1176710 2325.2
1176720 2328.6
1176730 2331.1
1176740 2331.1
1176750 2332.5
1176760 2333.9
1176770 2333.9
1176780 2336.7
1176790 2340.8
1176800 2340.8
1176810 2345.0
1176820 2349.9
1176830 2349.9
1176840 2356.1
1176850 2363.2
1176860 2363.2
1176870 2370.3
1176880 2376.9
1176890 2376.9
1176900 2382.1
1176910 2383.8
1176920 2383.8
1176930 2384.3
1176940 2387.1
1176950 2385.3
1176960 2389.3
1176970 2395.5
1176980 2402.3
1176990 2402.3
1177000 2409.3
1177010 2416.2
1177020 2416.2
1177030 2424.0
1177040 2431.9
1177050 2431.9
1177060 2439.6
1177070 2447.8
1177080 2447.8
1177090 2457.7
1177100 2466.0
1177110 2466.0
1177120 2473.7
1177130 2481.9
1177140 2481.9
1177150 2489.1
1177160 2494.5
1177170 2494.5
1177180 2500.1
1177190 2506.0
1177200 2511.9
1177210 2511.9
1177220 2517.4
1177230 2523.3
1177240 2523.3
1177250 2529.1
1177260 2534.7
1177270 2534.7
1177280 2539.7
1177290 2545.6
1177300 2545.6
1177310 2550.7
1177320 2554.4
1177330 2554.4
1177340 2557.4
1177350 2557.6
1177360 2557.6
1177370 2556.1
1177380 2558.0
1177390 2558.0
1177400 2557.3
1177410 2552.5
1177420 2547.1
1177430 2547.1
1177440 2541.6
1177450 2537.1
1177460 2537.1
1177470 2532.3
1177480 2528.1
1177490 2528.1
1177500 2523.9
1177510 2520.0
1177520 2520.0
1177530 2515.4
1177540 2509.5
1177550 2509.5
1177560 2503.1
1177570 2496.9
1177580 2496.9
1177590 2491.0
1177600 2484.8
1177610 2484.8
1177620 2479.3
1177630 2475.4
1177640 2472.5
1177650 2472.5
1177660 2468.9
1177670 2464.6
1177680 2464.6
1177690 2458.8
1177700 2451.6
1177710 2451.6
1177720 2445.6
1177730 2441.0
1177740 2441.0
1177750 2437.3
1177760 2433.3
1177770 2433.3
1177780 2427.4
1177790 2423.8
1177800 2423.8
1177810 2419.6
1177820 2415.9
1177830 2415.9
1177840 2412.0
1177850 2409.4
1177860 2407.2
1177870 2407.2
1177880 2404.6
1177890 2402.9
1177900 2402.9
1177910 2401.3
1177920 2399.2
1177930 2399.2
1177940 2396.9
1177950 2394.2
1177960 2394.2
1177970 2391.1
1177980 2389.2
1177990 2389.2
1178000 2388.9
1178010 2389.0
1178020 2389.0
1178030 2386.0
1178040 2383.5
1178050 2383.5
1178060 2381.4
1178070 2379.9
1178080 2379.4
1178090 2379.4
1178100 2379.1
1178110 2378.2
1178120 2378.2
1178130 2376.8
1178140 2372.9
1178150 2372.9
1178160 2367.1
1178170 2361.8
1178180 2361.8
1178190 2351.6
1178200 2347.6
1178210 2347.6
1178220 2343.2
1178230 2338.3
1178240 2338.3
1178250 2334.0
1178260 2330.6
1178270 2330.6
1178280 2327.0
1178290 2323.6
1178300 2318.7
1178310 2318.7
1178320 2311.7
1178330 2306.4
1178340 2306.4
1178350 2302.1
1178360 2297.4
1178370 2297.4
1178380 2293.6
1178390 2290.1
1178400 2290.1
1178410 2284.3
1178420 2278.6
1178430 2278.6
1178440 2274.9
1178450 2272.7
1178460 2272.7
1178470 2270.7
1178480 2267.9
1178490 2267.9
1178500 2264.8
1178510 2262.2
1178520 2259.2
1178530 2259.2
1178540 2255.4
1178550 2252.9
1178560 2252.9
1178570 2250.4
1178580 2248.7
1178590 2248.7
1178600 2247.1
1178610 2238.5
1178620 2238.5
1178630 2234.7
1178640 2231.7
1178650 2231.7
1178660 2229.4
1178670 2226.7
1178680 2226.7
1178690 2223.3
1178700 2219.1
1178710 2219.1
1178720 2215.4
1178730 2212.5
1178740 2209.8
1178750 2209.8
1178760 2207.5
1178770 2205.4
1178780 2205.4
1178790 2203.6
1178800 2203.0
1178810 2203.0
1178820 2203.5
1178830 2203.7
1178840 2203.7
1178850 2204.1
1178860 2204.8
1178870 2204.8
1178880 2205.2
1178890 2205.1
1178900 2205.1
1178910 2204.8
1178920 2204.7
1178930 2204.7
1178940 2203.8
1178950 2203.0
1178960 2203.9
1178970 2203.9
1178980 2203.7
1178990 2202.8
1179000 2202.8
1179010 2203.5
1179020 2203.2
1179030 2203.2
1179040 2203.0
1179050 2202.1
1179060 2202.1
1179070 2201.2
1179080 2196.8
1179090 2196.8
1179100 2190.4
1179110 2185.0
1179120 2185.0
1179130 2180.8
1179140 2178.4
1179150 2178.4
1179160 2174.9
1179170 2172.0
1179180 2170.0
1179190 2170.0
1179200 2168.3
1179210 2167.4
1179220 2167.4
1179230 2166.3
1179240 2165.3
1179250 2165.3
1179260 2162.5
1179270 2159.2
1179280 2159.2
1179290 2157.0
1179300 2155.3
1179310 2155.3
1179320 2152.6
1179330 2149.9
1179340 2149.9
1179350 2146.7
1179360 2144.3
1179370 2144.3
1179380 2145.4
1179390 2145.2
1179400 2143.8
1179410 2143.8
1179420 2142.2
1179430 2142.0
1179440 2137.2
1179450 2137.0
1179460 2136.6
1179470 2136.6
1179480 2136.7
1179490 2137.4
1179500 2137.4
1179510 2138.0
1179520 2140.6
1179530 2140.6
1179540 2143.5
1179550 2144.2
1179560 2144.2
1179570 2143.9
1179580 2142.7
1179590 2142.7
1179600 2141.6
1179610 2141.6
1179620 2141.9
1179630 2141.9
1179640 2140.9
1179650 2138.8
1179660 2138.8
1179670 2138.5
1179680 2140.7
1179690 2140.7
1179700 2141.2
1179710 2142.5
1179720 2142.5
1179730 2143.4
1179740 2143.6
1179750 2143.6
1179760 2146.1
1179770 2149.0
1179780 2149.0
1179790 2150.7
1179800 2150.6
1179810 2150.6
1179820 2150.6
1179830 2150.9
1179840 2151.8
1179850 2147.7
1179860 2148.6
1179870 2149.9
1179880 2149.9
1179890 2151.1
1179900 2152.3
1179910 2152.3
1179920 2152.7
1179930 2154.3
1179940 2154.3
1179950 2157.4
1179960 2160.5
1179970 2160.5
1179980 2162.6
1179990 2164.3
