1160000 1314.8
1160010 1315.0
1160020 1315.0
1160030 1313.8
1160040 1312.4
1160050 1312.4
1160060 1305.1
1160070 1301.3
1160080 1301.3
1160090 1305.5
1160100 1311.4
1160110 1311.4
1160120 1315.8
1160130 1325.9
1160140 1325.9
1160150 1329.6
1160160 1334.4
1160170 1339.0
1160180 1339.0
1160190 1342.3
1160200 1347.8
1160210 1347.8
1160220 1352.3
1160230 1355.6
1160240 1355.6
1160250 1357.1
1160260 1358.0
1160270 1358.0
1160280 1358.6
1160290 1358.5
1160300 1358.5
1160310 1360.1
1160320 1360.9
1160330 1360.9
1160340 1360.8
1160350 1360.2
1160360 1360.2
1160370 1354.7
1160380 1348.9
1160390 1355.4
1160400 1355.4
1160410 1354.6
1160420 1353.4
1160430 1353.4
1160440 1352.5
1160450 1351.9
1160460 1351.9
1160470 1350.2
1160480 1351.4
1160490 1351.4
1160500 1352.6
1160510 1348.6
1160520 1360.7
1160530 1353.6
1160540 1354.0
1160550 1354.0
1160560 1355.0
1160570 1352.9
1160580 1352.9
1160590 1351.2
1160600 1357.9
1160610 1357.9
1160620 1363.2
1160630 1364.3
1160640 1361.9
1160650 1361.9
1160660 1362.0
1160670 1362.3
1160680 1362.3
1160690 1364.4
1160700 1363.6
1160710 1363.6
1160720 1361.9
1160730 1360.9
1160740 1360.9
1160750 1360.1
1160760 1359.9
1160770 1359.9
1160780 1357.0
1160790 1353.8
1160800 1353.8
1160810 1354.8
1160820 1357.9
1160830 1357.9
1160840 1357.4
1160850 1359.7
1160860 1362.9
1160870 1362.9
1160880 1364.6
1160890 1365.3
1160900 1365.3
1160910 1371.9
1160920 1375.3
1160930 1375.3
1160940 1376.2
1160950 1376.3
1160960 1376.3
1160970 1376.5
1160980 1376.8
1160990 1376.8
1161000 1376.0
1161010 1375.6
1161020 1375.6
1161030 1375.8
1161040 1377.0
1161050 1377.0
1161060 1379.3
1161070 1382.8
1161080 1384.9
1161090 1384.9
1161100 1387.3
1161110 1389.9
1161120 1389.9
1161130 1390.6
1161140 1395.7
1161150 1395.7
1161160 1400.0
1161170 1401.3
1161180 1401.3
1161190 1401.1
1161200 1400.5
1161210 1400.5
1161220 1400.9
1161230 1402.4
1161240 1402.4
1161250 1405.0
1161260 1407.0
1161270 1407.0
1161280 1407.6
1161290 1406.9
1161300 1413.2
1161310 1413.2
1161320 1411.9
1161330 1410.8
1161340 1410.8
1161350 1411.2
1161360 1412.8
1161370 1412.8
1161380 1415.1
1161390 1416.0
1161400 1416.0
1161410 1416.0
1161420 1416.0
1161430 1416.0
1161440 1415.1
1161450 1414.3
1161460 1414.3
1161470 1413.3
1161480 1411.0
1161490 1411.0
1161500 1408.7
1161510 1409.6
1161520 1411.9
1161530 1411.9
1161540 1414.1
1161550 1417.5
1161560 1417.5
1161570 1421.2
1161580 1424.5
1161590 1424.5
1161600 1427.1
1161610 1428.9
1161620 1428.9
1161630 1430.3
1161640 1430.6
1161650 1430.6
1161660 1430.7
1161670 1430.1
1161680 1430.1
1161690 1436.3
1161700 1434.4
1161710 1434.4
1161720 1431.9
1161730 1428.9
1161740 1426.3
1161750 1426.3
1161760 1422.5
1161770 1418.5
1161780 1418.5
1161790 1415.9
1161800 1413.5
1161810 1413.5
1161820 1412.4
1161830 1412.1
1161840 1412.1
1161850 1411.9
1161860 1412.7
1161870 1412.7
1161880 1413.4
1161890 1412.8
1161900 1412.8
1161910 1412.2
1161920 1412.4
1161930 1412.4
1161940 1411.1
1161950 1408.7
1161960 1407.1
1161970 1407.1
1161980 1405.4
1161990 1402.3
1162000 1402.3
1162010 1399.4
1162020 1397.2
1162030 1397.2
1162040 1394.4
1162050 1391.2
1162060 1391.2
1162070 1388.9
1162080 1386.1
1162090 1391.9
1162100 1389.6
1162110 1386.0
1162120 1386.0
1162130 1385.6
1162140 1384.2
1162150 1384.2
1162160 1380.2
1162170 1378.3
1162180 1379.6
1162190 1379.6
1162200 1381.3
1162210 1381.3
1162220 1381.3
1162230 1378.5
1162240 1379.7
1162250 1379.7
1162260 1380.2
1162270 1377.3
1162280 1377.3
1162290 1374.8
1162300 1374.7
1162310 1374.7
1162320 1375.5
1162330 1375.9
1162340 1375.9
1162350 1377.7
1162360 1378.7
1162370 1378.7
1162380 1378.0
1162390 1374.7
1162400 1368.7
1162410 1368.7
1162420 1362.1
1162430 1356.0
1162440 1356.0
1162450 1349.4
1162460 1343.1
1162470 1343.1
1162480 1342.2
1162490 1339.0
1162500 1339.0
1162510 1337.6
1162520 1333.3
1162530 1333.3
1162540 1327.7
1162550 1322.8
1162560 1322.8
1162570 1317.0
1162580 1318.7
1162590 1318.7
1162600 1324.8
1162610 1329.4
1162620 1334.5
1162630 1334.5
1162640 1340.3
1162650 1345.2
1162660 1345.2
1162670 1349.3
1162680 1354.5
1162690 1354.5
1162700 1360.2
1162710 1365.5
1162720 1365.5
1162730 1370.2
1162740 1374.9
1162750 1374.9
1162760 1379.0
1162770 1382.5
1162780 1382.5
1162790 1386.0
1162800 1391.7
1162810 1391.7
1162820 1398.2
1162830 1403.3
1162840 1408.6
1162850 1408.6
1162860 1414.1
1162870 1421.7
1162880 1421.7
1162890 1427.2
1162900 1432.3
1162910 1432.3
1162920 1435.9
1162930 1440.3
1162940 1440.3
1162950 1446.3
1162960 1449.6
1162970 1449.6
1162980 1450.8
1162990 1452.3
1163000 1452.3
1163010 1453.0
1163020 1453.0
1163030 1453.0
1163040 1452.9
1163050 1451.6
1163060 1451.3
1163070 1451.3
1163080 1452.9
1163090 1455.4
1163100 1455.4
1163110 1458.2
1163120 1459.8
1163130 1459.8
1163140 1461.1
1163150 1462.7
1163160 1462.7
1163170 1464.2
1163180 1465.9
1163190 1465.9
1163200 1467.5
1163210 1468.6
1163220 1468.6
1163230 1469.1
1163240 1470.5
1163250 1470.5
1163260 1470.2
1163270 1472.2
1163280 1469.8
1163290 1469.8
1163300 1469.6
1163310 1470.3
1163320 1470.3
1163330 1473.3
1163340 1479.2
1163350 1479.2
1163360 1485.7
1163370 1492.3
1163380 1492.3
1163390 1497.8
1163400 1499.4
1163410 1499.4
1163420 1500.0
1163430 1501.0
1163440 1501.0
1163450 1503.7
1163460 1507.8
1163470 1507.8
1163480 1513.0
1163490 1517.8
1163500 1517.8
1163510 1519.2
1163520 1519.1
1163530 1518.3
1163540 1518.3
1163550 1518.3
1163560 1518.8
1163570 1518.8
1163580 1519.6
1163590 1519.7
1163600 1519.7
1163610 1519.1
1163620 1518.7
1163630 1518.7
1163640 1518.7
1163650 1518.4
1163660 1521.3
1163670 1520.3
1163680 1518.7
1163690 1518.7
1163700 1516.5
1163710 1514.8
1163720 1514.8
1163730 1512.1
1163740 1509.1
1163750 1506.3
1163760 1506.3
1163770 1503.2
1163780 1499.9
1163790 1499.9
1163800 1497.6
1163810 1499.1
1163820 1499.1
1163830 1503.9
1163840 1508.3
1163850 1508.3
1163860 1512.1
1163870 1516.0
1163880 1516.0
1163890 1520.1
1163900 1524.1
1163910 1524.1
1163920 1526.4
1163930 1529.6
1163940 1529.6
1163950 1533.4
1163960 1536.2
1163970 1538.3
1163980 1538.3
1163990 1539.1
1164000 1539.8
1164010 1539.8
1164020 1540.1
1164030 1540.2
1164040 1540.2
1164050 1540.0
1164060 1541.5
1164070 1541.5
1164080 1542.1
1164090 1542.4
1164100 1542.4
1164110 1541.1
1164120 1539.5
1164130 1539.5
1164140 1537.7
1164150 1535.5
1164160 1535.5
1164170 1534.5
1164180 1534.7
1164190 1536.4
1164200 1536.4
1164210 1538.8
1164220 1539.7
1164230 1539.7
1164240 1539.6
1164250 1540.0
1164260 1540.0
1164270 1540.9
1164280 1542.3
1164290 1542.3
1164300 1544.4
1164310 1546.9
1164320 1546.9
1164330 1548.5
1164340 1549.9
1164350 1549.9
1164360 1553.1
1164370 1556.0
1164380 1556.0
1164390 1559.1
1164400 1562.6
1164410 1565.6
1164420 1565.6
1164430 1568.4
1164440 1571.5
1164450 1574.3
1164460 1578.2
1164470 1582.5
1164480 1582.5
1164490 1586.3
1164500 1589.0
1164510 1589.0
1164520 1590.0
1164530 1591.3
1164540 1591.3
1164550 1592.6
1164560 1592.4
1164570 1592.4
1164580 1593.0
1164590 1594.0
1164600 1594.0
1164610 1594.9
1164620 1596.2
1164630 1598.3
1164640 1598.3
1164650 1600.7
1164660 1602.1
1164670 1602.1
1164680 1603.0
1164690 1604.0
1164700 1604.0
1164710 1604.6
1164720 1605.0
1164730 1605.0
1164740 1605.4
1164750 1605.4
1164760 1605.4
1164770 1605.2
1164780 1604.9
1164790 1604.9
1164800 1605.4
1164810 1606.7
1164820 1606.7
1164830 1607.9
1164840 1608.2
1164850 1613.1
1164860 1613.1
1164870 1612.2
1164880 1611.6
1164890 1611.6
1164900 1612.1
1164910 1612.7
1164920 1612.7
1164930 1613.3
1164940 1614.6
1164950 1614.6
1164960 1616.0
1164970 1615.4
1164980 1615.4
1164990 1614.6
1165000 1613.3
1165010 1613.3
1165020 1612.3
1165030 1612.3
1165040 1612.3
1165050 1612.0
1165060 1612.4
1165070 1613.7
1165080 1613.7
1165090 1615.5
1165100 1619.2
1165110 1619.2
1165120 1620.6
1165130 1621.3
1165140 1621.3
1165150 1621.2
1165160 1620.2
1165170 1620.2
1165180 1618.9
1165190 1616.8
1165200 1616.8
1165210 1611.9
1165220 1606.3
1165230 1606.3
1165240 1601.3
1165250 1605.2
1165260 1605.2
1165270 1603.2
1165280 1601.5
1165290 1598.4
1165300 1598.4
1165310 1592.3
1165320 1587.2
1165330 1587.2
1165340 1582.8
1165350 1579.0
1165360 1579.0
1165370 1574.8
1165380 1569.9
1165390 1569.9
1165400 1564.8
1165410 1564.0
1165420 1564.0
1165430 1565.8
1165440 1565.5
1165450 1565.5
1165460 1561.9
1165470 1556.8
1165480 1556.8
1165490 1552.3
1165500 1551.1
1165510 1554.2
1165520 1554.2
1165530 1559.8
1165540 1566.7
1165550 1566.7
1165560 1573.7
1165570 1580.6
1165580 1580.6
1165590 1586.0
1165600 1590.8
1165610 1590.8
1165620 1596.0
1165630 1602.4
1165640 1599.9
1165650 1606.8
1165660 1612.7
1165670 1612.7
1165680 1619.2
1165690 1625.4
1165700 1625.4
1165710 1629.7
1165720 1634.8
1165730 1640.0
1165740 1640.0
1165750 1645.6
1165760 1652.5
1165770 1652.5
1165780 1657.7
1165790 1663.0
1165800 1663.0
1165810 1667.5
1165820 1672.9
1165830 1672.9
1165840 1676.8
1165850 1680.1
1165860 1680.1
1165870 1682.7
1165880 1684.6
1165890 1684.6
1165900 1686.9
1165910 1688.5
1165920 1688.5
1165930 1691.9
1165940 1694.9
1165950 1697.4
1165960 1697.4
1165970 1699.4
1165980 1700.9
1165990 1700.9
1166000 1702.2
1166010 1704.0
1166020 1704.0
1166030 1705.3
1166040 1707.3
1166050 1707.3
1166060 1708.7
1166070 1710.1
1166080 1710.1
1166090 1711.3
1166100 1712.5
1166110 1712.5
1166120 1713.9
1166130 1715.4
1166140 1715.4
1166150 1716.8
1166160 1718.6
1166170 1720.4
1166180 1720.4
1166190 1722.9
1166200 1725.7
1166210 1725.7
1166220 1730.1
1166230 1732.9
1166240 1732.9
1166250 1735.6
1166260 1738.0
1166270 1738.0
1166280 1742.5
1166290 1745.4
1166300 1745.4
1166310 1748.3
1166320 1751.9
1166330 1751.9
1166340 1754.8
1166350 1757.7
1166360 1757.7
1166370 1762.5
1166380 1767.0
1166390 1767.0
1166400 1773.0
1166410 1779.4
1166420 1786.9
1166430 1786.9
1166440 1790.8
1166450 1798.7
1166460 1798.7
1166470 1806.5
1166480 1813.7
1166490 1813.7
1166500 1821.1
1166510 1827.6
1166520 1827.6
1166530 1833.2
1166540 1836.9
1166550 1836.9
1166560 1840.6
1166570 1846.4
1166580 1846.4
1166590 1851.2
1166600 1857.2
1166610 1857.2
1166620 1862.4
1166630 1865.8
1166640 1869.2
1166650 1869.2
1166660 1870.9
1166670 1875.4
1166680 1875.4
1166690 1881.8
1166700 1886.2
1166710 1886.2
1166720 1889.4
1166730 1893.8
1166740 1893.8
1166750 1897.5
1166760 1902.0
1166770 1902.0
1166780 1907.5
1166790 1911.9
1166800 1911.9
1166810 1915.3
1166820 1919.4
1166830 1919.4
1166840 1924.4
1166850 1929.0
1166860 1933.4
1166870 1933.4
1166880 1940.9
1166890 1946.5
1166900 1946.5
1166910 1949.6
1166920 1952.2
1166930 1952.2
1166940 1954.6
1166950 1957.2
1166960 1957.2
1166970 1959.0
1166980 1961.6
1166990 1961.6
1167000 1964.5
1167010 1968.1
1167020 1968.1
1167030 1971.2
1167040 1972.9
1167050 1972.9
1167060 1975.9
1167070 1980.1
1167080 1985.3
1167090 1985.3
1167100 1988.6
1167110 1992.1
1167120 1992.1
1167130 1995.3
1167140 2000.0
1167150 2000.0
1167160 2004.9
1167170 2009.9
1167180 2009.9
1167190 2014.8
1167200 2020.2
1167210 2020.2
1167220 2025.2
1167230 2029.2
1167240 2028.0
1167250 2032.3
1167260 2035.5
1167270 2035.5
1167280 2038.4
1167290 2042.2
1167300 2049.1
1167310 2049.1
1167320 2056.0
1167330 2063.1
1167340 2063.1
1167350 2071.0
1167360 2077.6
1167370 2077.6
1167380 2083.2
1167390 2088.0
1167400 2088.0
1167410 2092.3
1167420 2096.2
1167430 2096.2
1167440 2099.9
1167450 2103.5
1167460 2103.5
1167470 2107.0
1167480 2110.6
1167490 2110.6
1167500 2114.8
1167510 2118.7
1167520 2122.2
1167530 2122.2
1167540 2125.6
1167550 2129.5
1167560 2129.5
1167570 2134.0
1167580 2138.7
1167590 2138.7
1167600 2143.0
1167610 2147.2
1167620 2147.2
1167630 2151.3
1167640 2153.8
1167650 2153.8
1167660 2157.0
1167670 2160.0
1167680 2160.0
1167690 2162.7
1167700 2165.0
1167710 2165.0
1167720 2167.1
1167730 2169.5
1167740 2171.8
1167750 2171.8
1167760 2174.3
1167770 2176.6
1167780 2176.6
1167790 2178.9
1167800 2181.1
1167810 2181.1
1167820 2183.3
1167830 2185.4
1167840 2185.4
1167850 2188.1
1167860 2191.1
1167870 2191.1
1167880 2194.4
1167890 2196.9
1167900 2196.9
1167910 2199.3
1167920 2201.9
1167930 2201.9
1167940 2204.9
1167950 2208.1
1167960 2210.8
1167970 2210.8
1167980 2214.3
1167990 2217.7
1168000 2217.7
1168010 2220.0
1168020 2221.8
1168030 2221.8
1168040 2223.5
1168050 2225.1
1168060 2225.1
1168070 2228.4
1168080 2233.9
1168090 2233.9
1168100 2239.1
1168110 2242.8
1168120 2242.8
1168130 2245.1
1168140 2245.2
1168150 2245.2
1168160 2245.8
1168170 2246.7
1168180 2243.4
1168190 2243.4
1168200 2237.2
1168210 2235.3
1168220 2235.3
1168230 2234.7
1168240 2233.8
1168250 2233.8
1168260 2232.4
1168270 2230.8
1168280 2230.8
1168290 2227.1
1168300 2221.7
1168310 2221.7
1168320 2216.9
1168330 2211.8
1168340 2211.8
1168350 2206.8
1168360 2201.5
1168370 2201.5
1168380 2195.4
1168390 2188.9
1168400 2183.1
1168410 2183.1
1168420 2178.3
1168430 2174.3
1168440 2180.9
1168450 2178.2
1168460 2174.6
1168470 2174.6
1168480 2169.0
1168490 2165.1
1168500 2165.1
1168510 2160.9
1168520 2156.0
1168530 2156.0
1168540 2151.4
1168550 2145.4
1168560 2145.4
1168570 2140.1
1168580 2135.1
1168590 2135.1
1168600 2130.0
1168610 2126.5
1168620 2122.6
1168630 2122.6
1168640 2118.7
1168650 2115.6
1168660 2115.6
1168670 2112.2
1168680 2109.7
1168690 2109.7
1168700 2107.6
1168710 2105.0
1168720 2105.0
1168730 2101.6
1168740 2096.3
1168750 2096.3
1168760 2095.1
1168770 2095.4
1168780 2095.4
1168790 2093.6
1168800 2089.2
1168810 2089.2
1168820 2084.3
1168830 2079.9
1168840 2081.3
1168850 2081.3
1168860 2081.4
1168870 2081.9
1168880 2081.9
1168890 2082.6
1168900 2083.2
1168910 2083.2
1168920 2083.3
1168930 2082.8
1168940 2082.8
1168950 2081.9
1168960 2081.6
1168970 2081.6
1168980 2082.6
1168990 2084.8
1169000 2084.8
1169010 2087.1
1169020 2089.6
1169030 2089.6
1169040 2091.0
1169050 2092.8
1169060 2096.3
1169070 2096.3
1169080 2099.9
1169090 2101.9
1169100 2101.9
1169110 2104.3
1169120 2107.1
1169130 2107.1
1169140 2108.7
1169150 2112.6
1169160 2112.6
1169170 2116.5
1169180 2119.8
1169190 2119.8
1169200 2122.6
1169210 2124.8
1169220 2124.8
1169230 2126.4
1169240 2129.9
1169250 2129.9
1169260 2130.6
1169270 2134.0
1169280 2138.3
1169290 2138.3
1169300 2142.1
1169310 2145.0
1169320 2145.0
1169330 2145.2
1169340 2146.2
1169350 2146.2
1169360 2147.2
1169370 2149.1
1169380 2149.1
1169390 2150.5
1169400 2152.3
1169410 2152.3
1169420 2153.4
1169430 2153.5
1169440 2153.5
1169450 2153.7
1169460 2153.1
1169470 2153.1
1169480 2152.4
1169490 2152.6
1169500 2152.6
1169510 2154.3
1169520 2156.3
1169530 2156.8
1169540 2156.8
1169550 2157.4
1169560 2158.6
1169570 2158.6
1169580 2160.2
1169590 2163.1
1169600 2163.1
1169610 2166.8
1169620 2171.3
1169630 2171.3
1169640 2175.8
1169650 2182.5
1169660 2182.5
1169670 2187.4
1169680 2192.2
1169690 2192.2
1169700 2196.0
1169710 2198.7
1169720 2198.7
1169730 2200.0
1169740 2201.5
1169750 2202.8
1169760 2202.8
1169770 2203.9
1169780 2206.2
1169790 2206.2
1169800 2208.1
1169810 2210.1
1169820 2210.1
1169830 2211.4
1169840 2212.7
1169850 2212.7
1169860 2215.1
1169870 2218.9
1169880 2218.9
1169890 2222.9
1169900 2223.2
1169910 2223.2
1169920 2222.0
1169930 2221.1
1169940 2221.1
1169950 2221.4
1169960 2223.8
1169970 2227.0
1169980 2227.0
1169990 2229.7
1170000 2231.8
1170010 2231.8
1170020 2234.2
1170030 2236.7
1170040 2236.7
1170050 2239.9
1170060 2243.6
1170070 2243.6
1170080 2248.5
1170090 2252.3
1170100 2252.3
1170110 2256.0
1170120 2260.1
1170130 2260.1
1170140 2262.6
1170150 2264.4
1170160 2264.4
1170170 2265.9
1170180 2267.4
1170190 2269.5
1170200 2269.5
1170210 2271.9
1170220 2274.1
1170230 2274.1
1170240 2275.8
1170250 2278.0
1170260 2278.0
1170270 2280.2
1170280 2284.0
1170290 2284.0
1170300 2288.0
1170310 2291.4
1170320 2291.4
1170330 2293.8
1170340 2295.0
1170350 2295.0
1170360 2295.6
1170370 2296.2
1170380 2296.2
1170390 2297.8
1170400 2300.5
1170410 2303.2
1170420 2303.2
1170430 2305.6
1170440 2308.1
1170450 2308.5
1170460 2310.3
1170470 2311.7
1170480 2311.7
1170490 2314.1
1170500 2318.3
1170510 2318.3
1170520 2324.4
1170530 2330.9
1170540 2330.9
1170550 2337.0
1170560 2343.1
1170570 2343.1
1170580 2349.7
1170590 2356.0
1170600 2356.0
1170610 2361.4
1170620 2367.0
1170630 2372.6
1170640 2372.6
1170650 2377.6
1170660 2382.8
1170670 2382.8
1170680 2388.5
1170690 2393.8
1170700 2393.8
1170710 2399.0
1170720 2404.1
1170730 2404.1
1170740 2407.6
1170750 2410.5
1170760 2410.5
1170770 2412.8
1170780 2415.8
1170790 2415.8
1170800 2418.6
1170810 2421.4
1170820 2421.4
1170830 2424.4
1170840 2427.6
1170850 2431.2
1170860 2428.2
1170870 2431.4
1170880 2434.4
1170890 2434.4
1170900 2437.2
1170910 2439.7
1170920 2439.7
1170930 2441.8
1170940 2445.2
1170950 2445.2
1170960 2447.9
1170970 2450.4
1170980 2450.4
1170990 2453.1
1171000 2456.2
1171010 2456.2
1171020 2460.9
1171030 2465.9
1171040 2465.9
1171050 2471.3
1171060 2476.3
1171070 2481.0
1171080 2481.0
1171090 2485.9
1171100 2490.8
1171110 2490.8
1171120 2495.6
1171130 2500.5
1171140 2500.5
1171150 2505.3
1171160 2510.5
1171170 2510.5
1171180 2516.4
1171190 2521.8
1171200 2521.8
1171210 2527.5
1171220 2532.9
1171230 2532.9
1171240 2537.5
1171250 2544.8
1171260 2536.3
1171270 2543.2
1171280 2550.9
1171290 2557.1
1171300 2557.1
1171310 2565.8
1171320 2576.1
1171330 2576.1
1171340 2585.9
1171350 2595.6
1171360 2595.6
1171370 2603.5
1171380 2610.6
1171390 2610.6
1171400 2617.9
1171410 2625.1
1171420 2625.1
1171430 2631.5
1171440 2638.7
1171450 2638.7
1171460 2647.7
1171470 2656.3
1171480 2656.3
1171490 2660.4
1171500 2661.5
1171510 2661.4
1171520 2661.4
1171530 2661.5
1171540 2661.8
1171550 2661.8
1171560 2663.9
1171570 2666.7
1171580 2666.7
1171590 2668.9
1171600 2671.8
1171610 2671.8
1171620 2674.8
1171630 2678.1
1171640 2678.1
1171650 2681.7
1171660 2686.1
1171670 2689.7
1171680 2694.7
1171690 2698.7
1171700 2698.7
1171710 2701.3
1171720 2705.3
1171730 2710.7
1171740 2710.7
1171750 2716.2
1171760 2721.4
1171770 2721.4
1171780 2725.7
1171790 2731.5
1171800 2731.5
1171810 2738.4
1171820 2743.3
1171830 2743.3
1171840 2748.7
1171850 2755.9
1171860 2755.9
1171870 2762.8
1171880 2769.7
1171890 2769.7
1171900 2777.1
1171910 2785.3
1171920 2785.3
1171930 2793.7
1171940 2804.7
1171950 2817.7
1171960 2817.7
1171970 2827.5
1171980 2836.8
1171990 2836.8
1172000 2847.6
1172010 2856.3
1172020 2856.3
1172030 2862.1
1172040 2857.8
1172050 2857.8
1172060 2852.5
1172070 2850.4
1172080 2850.4
1172090 2840.5
1172100 2828.4
1172110 2828.4
1172120 2814.3
1172130 2804.5
1172140 2804.5
1172150 2796.4
1172160 2788.9
1172170 2780.9
1172180 2780.9
1172190 2765.2
1172200 2754.2
1172210 2754.2
1172220 2744.9
1172230 2734.7
1172240 2734.7
1172250 2726.8
1172260 2719.0
1172270 2719.0
1172280 2710.8
1172290 2703.7
1172300 2703.7
1172310 2696.8
1172320 2690.0
1172330 2690.0
1172340 2683.0
1172350 2676.2
1172360 2676.2
1172370 2669.3
1172380 2662.1
1172390 2654.8
1172400 2654.8
1172410 2647.7
1172420 2640.8
1172430 2640.8
1172440 2634.1
1172450 2627.4
1172460 2627.4
1172470 2620.9
1172480 2614.8
1172490 2614.8
1172500 2608.6
1172510 2602.4
1172520 2602.4
1172530 2596.4
1172540 2590.4
1172550 2590.4
1172560 2584.5
1172570 2579.0
1172580 2579.0
1172590 2573.7
1172600 2568.1
1172610 2562.0
1172620 2562.0
1172630 2556.4
1172640 2551.0
1172650 2551.0
1172660 2545.4
1172670 2539.9
1172680 2539.9
1172690 2534.8
1172700 2529.6
1172710 2529.6
1172720 2523.5
1172730 2516.9
1172740 2516.9
1172750 2509.7
1172760 2502.5
1172770 2502.5
1172780 2495.9
1172790 2489.7
1172800 2489.7
1172810 2484.2
1172820 2479.9
1172830 2479.9
1172840 2477.2
1172850 2475.9
1172860 2475.3
1172870 2475.3
1172880 2472.0
1172890 2472.9
1172900 2472.9
1172910 2471.7
1172920 2468.7
1172930 2468.7
1172940 2467.0
1172950 2465.7
1172960 2465.7
1172970 2464.9
1172980 2464.8
1172990 2464.8
1173000 2464.9
1173010 2465.1
1173020 2465.1
1173030 2465.6
1173040 2468.0
1173050 2468.0
1173060 2471.2
1173070 2475.6
1173080 2482.2
1173090 2482.2
1173100 2488.7
1173110 2495.7
1173120 2495.7
1173130 2499.8
1173140 2497.5
1173150 2497.5
1173160 2493.4
1173170 2488.3
1173180 2488.3
1173190 2480.4
1173200 2466.6
1173210 2466.6
1173220 2450.3
1173230 2444.2
1173240 2444.2
1173250 2438.5
1173260 2430.1
1173270 2430.1
1173280 2421.7
1173290 2412.1
1173300 2409.5
1173310 2409.5
1173320 2409.3
1173330 2408.8
1173340 2408.8
1173350 2408.5
1173360 2408.2
1173370 2408.2
1173380 2407.1
1173390 2406.5
1173400 2406.5
1173410 2405.9
1173420 2405.2
1173430 2405.2
1173440 2404.7
1173450 2405.4
1173460 2405.4
1173470 2407.3
1173480 2407.3
1173490 2407.3
1173500 2400.9
1173510 2391.7
1173520 2383.8
1173530 2383.8
1173540 2373.1
1173550 2359.5
1173560 2359.5
1173570 2351.5
1173580 2340.3
1173590 2340.3
1173600 2332.3
1173610 2324.3
1173620 2324.3
1173630 2316.6
1173640 2308.8
1173650 2308.8
1173660 2300.6
1173670 2293.5
1173680 2293.5
1173690 2286.6
1173700 2278.9
1173710 2278.9
1173720 2272.0
1173730 2265.6
1173740 2258.6
1173750 2258.6
1173760 2251.5
1173770 2244.3
1173780 2244.3
1173790 2237.2
1173800 2229.8
1173810 2229.8
1173820 2222.3
1173830 2215.6
1173840 2215.6
1173850 2209.3
1173860 2203.9
1173870 2203.9
1173880 2198.3
1173890 2192.5
1173900 2192.5
1173910 2186.9
1173920 2181.3
1173930 2181.3
1173940 2176.0
1173950 2170.8
1173960 2165.8
1173970 2165.8
1173980 2161.2
1173990 2157.1
1174000 2157.1
1174010 2153.6
1174020 2151.2
1174030 2151.2
1174040 2149.4
1174050 2145.7
1174060 2145.7
1174070 2142.3
1174080 2140.8
1174090 2140.8
1174100 2140.9
1174110 2143.1
1174120 2143.1
1174130 2144.6
1174140 2144.4
1174150 2144.4
1174160 2144.6
1174170 2146.1
1174180 2148.3
1174190 2148.3
1174200 2150.0
1174210 2151.5
1174220 2151.5
1174230 2149.8
1174240 2149.5
1174250 2149.5
1174260 2152.1
1174270 2153.8
1174280 2153.8
1174290 2157.6
1174300 2163.1
1174310 2163.1
1174320 2167.0
1174330 2172.2
1174340 2172.2
1174350 2177.7
1174360 2183.5
1174370 2183.5
1174380 2188.4
1174390 2192.4
1174400 2195.3
1174410 2195.3
1174420 2196.3
1174430 2197.9
1174440 2197.9
1174450 2199.3
1174460 2201.1
1174470 2201.1
1174480 2204.5
1174490 2203.8
1174500 2203.8
1174510 2201.2
1174520 2202.4
1174530 2202.4
1174540 2207.0
1174550 2210.7
1174560 2210.7
1174570 2212.1
1174580 2209.2
1174590 2209.2
1174600 2208.3
1174610 2209.3
1174620 2211.0
1174630 2211.0
1174640 2213.8
1174650 2216.2
1174660 2216.2
1174670 2219.7
1174680 2223.3
1174690 2223.3
1174700 2226.6
1174710 2230.5
1174720 2230.5
1174730 2235.5
1174740 2240.2
1174750 2240.2
1174760 2243.6
1174770 2247.6
1174780 2247.6
1174790 2254.0
1174800 2259.2
1174810 2259.2
1174820 2262.9
1174830 2266.8
1174840 2271.4
1174850 2271.4
1174860 2275.5
1174870 2279.6
1174880 2279.6
1174890 2284.6
1174900 2290.3
1174910 2290.3
1174920 2294.1
1174930 2300.0
1174940 2300.0
1174950 2306.9
1174960 2316.2
1174970 2316.2
1174980 2322.3
1174990 2327.7
1175000 2327.7
1175010 2333.4
1175020 2339.8
1175030 2339.8
1175040 2346.8
1175050 2354.7
1175060 2361.8
1175070 2361.8
1175080 2366.8
1175090 2370.8
1175100 2370.8
1175110 2373.9
1175120 2376.2
1175130 2376.2
1175140 2378.3
1175150 2381.7
1175160 2381.7
1175170 2385.6
1175180 2388.9
1175190 2388.9
1175200 2390.4
1175210 2392.3
1175220 2392.3
1175230 2394.5
1175240 2396.5
1175250 2396.5
1175260 2397.9
1175270 2399.9
1175280 2402.3
1175290 2402.3
1175300 2404.6
1175310 2407.2
1175320 2407.2
1175330 2407.1
1175340 2409.9
1175350 2409.9
1175360 2413.1
1175370 2416.4
1175380 2416.4
1175390 2419.5
1175400 2420.6
1175410 2420.6
1175420 2416.4
1175430 2411.0
1175440 2411.0
1175450 2405.8
1175460 2402.5
1175470 2402.5
1175480 2399.4
1175490 2396.9
1175500 2394.5
1175510 2394.5
1175520 2391.2
1175530 2388.7
1175540 2388.7
1175550 2385.2
1175560 2382.4
1175570 2382.4
1175580 2381.2
1175590 2380.2
1175600 2380.2
1175610 2379.5
1175620 2377.8
1175630 2377.8
1175640 2373.6
1175650 2368.9
1175660 2368.9
1175670 2363.0
1175680 2358.2
1175690 2358.2
1175700 2353.9
1175710 2350.2
1175720 2347.2
1175730 2347.2
1175740 2351.2
1175750 2352.1
1175760 2352.1
1175770 2352.8
1175780 2353.1
1175790 2353.1
1175800 2353.7
1175810 2357.9
1175820 2357.9
1175830 2362.4
1175840 2364.8
1175850 2364.8
1175860 2364.7
1175870 2364.1
1175880 2364.1
1175890 2364.2
1175900 2364.9
1175910 2364.9
1175920 2366.1
1175930 2368.4
1175940 2371.0
1175950 2371.0
1175960 2374.7
1175970 2378.1
1175980 2378.1
1175990 2380.8
1176000 2383.0
1176010 2383.0
1176020 2386.5
1176030 2389.5
1176040 2389.5
1176050 2391.5
1176060 2394.0
1176070 2394.0
1176080 2396.2
1176090 2397.3
1176100 2397.3
1176110 2399.3
1176120 2402.3
1176130 2402.3
1176140 2404.4
1176150 2406.3
1176160 2414.4
1176170 2414.4
1176180 2414.8
1176190 2415.8
1176200 2415.8
1176210 2416.9
1176220 2416.9
1176230 2416.9
1176240 2413.9
1176250 2411.4
1176260 2411.4
1176270 2410.7
1176280 2409.8
1176290 2409.8
1176300 2407.1
1176310 2402.8
1176320 2402.8
1176330 2400.7
1176340 2398.7
1176350 2398.7
1176360 2396.7
1176370 2393.8
1176380 2392.9
1176390 2392.9
1176400 2391.6
1176410 2389.2
1176420 2389.2
1176430 2388.0
1176440 2388.9
1176450 2388.9
1176460 2389.6
1176470 2390.3
1176480 2390.3
1176490 2392.1
1176500 2395.7
1176510 2395.7
1176520 2398.1
1176530 2398.4
1176540 2398.4
1176550 2397.2
1176560 2396.1
1176570 2401.1
1176580 2402.0
1176590 2401.7
1176600 2405.2
1176610 2405.2
1176620 2406.7
1176630 2409.2
1176640 2409.2
1176650 2410.1
1176660 2409.5
1176670 2409.5
1176680 2408.5
1176690 2406.5
1176700 2406.5
1176710 2405.5
1176720 2408.3
1176730 2408.3
1176740 2411.6
1176750 2413.9
1176760 2413.9
1176770 2414.2
1176780 2414.9
1176790 2414.9
1176800 2417.5
1176810 2419.5
1176820 2419.5
1176830 2421.2
1176840 2423.5
1176850 2426.0
1176860 2426.0
1176870 2427.7
1176880 2427.0
1176890 2427.0
1176900 2425.6
1176910 2424.5
1176920 2424.5
1176930 2424.0
1176940 2424.1
1176950 2424.1
1176960 2426.0
1176970 2428.3
1176980 2431.5
1176990 2434.1
1177000 2435.5
1177010 2435.5
1177020 2437.1
1177030 2439.7
1177040 2439.7
1177050 2441.9
1177060 2444.9
1177070 2449.4
1177080 2449.4
1177090 2455.4
1177100 2461.9
1177110 2461.9
1177120 2467.1
1177130 2472.5
1177140 2472.5
1177150 2478.6
1177160 2483.8
1177170 2483.8
1177180 2488.3
1177190 2491.8
1177200 2491.8
1177210 2497.1
1177220 2503.1
1177230 2503.1
1177240 2509.3
1177250 2508.5
1177260 2508.5
1177270 2503.1
1177280 2497.3
1177290 2491.6
1177300 2491.6
1177310 2484.9
1177320 2478.3
1177330 2478.3
1177340 2471.9
1177350 2465.6
1177360 2465.6
1177370 2458.8
1177380 2451.6
1177390 2448.4
1177400 2441.7
1177410 2434.9
1177420 2434.9
1177430 2428.4
1177440 2421.2
1177450 2421.2
1177460 2414.3
1177470 2408.0
1177480 2408.0
1177490 2401.6
1177500 2395.1
1177510 2388.4
1177520 2388.4
1177530 2382.4
1177540 2376.8
1177550 2376.8
1177560 2371.0
1177570 2364.7
1177580 2364.7
1177590 2359.1
1177600 2353.8
1177610 2353.8
1177620 2349.2
1177630 2345.0
1177640 2345.0
1177650 2340.6
1177660 2336.6
1177670 2336.6
1177680 2332.8
1177690 2330.4
1177700 2330.4
1177710 2327.7
1177720 2323.9
1177730 2320.0
1177740 2320.0
1177750 2316.2
1177760 2312.5
1177770 2312.5
1177780 2308.9
1177790 2304.6
1177800 2301.2
1177810 2296.8
1177820 2292.3
1177830 2292.3
1177840 2288.5
1177850 2284.2
1177860 2284.2
1177870 2279.5
1177880 2276.3
1177890 2276.3
1177900 2273.9
1177910 2271.0
1177920 2271.0
1177930 2268.4
1177940 2265.6
1177950 2263.9
1177960 2263.9
1177970 2259.4
1177980 2254.6
1177990 2254.6
1178000 2252.0
1178010 2249.8
1178020 2249.8
1178030 2248.2
1178040 2247.5
1178050 2247.5
1178060 2247.0
1178070 2246.5
1178080 2246.5
1178090 2243.8
1178100 2239.4
1178110 2239.4
1178120 2234.9
1178130 2230.9
1178140 2230.9
1178150 2227.3
1178160 2223.3
1178170 2218.8
1178180 2218.8
1178190 2213.6
1178200 2207.8
1178210 2207.8
1178220 2197.8
1178230 2194.4
1178240 2194.4
1178250 2191.8
1178260 2187.9
1178270 2187.9
1178280 2184.8
1178290 2182.3
1178300 2182.3
1178310 2179.8
1178320 2176.8
1178330 2176.8
1178340 2173.1
1178350 2170.3
1178360 2170.3
1178370 2166.9
1178380 2165.7
1178390 2163.6
1178400 2163.6
1178410 2162.5
1178420 2163.3
1178430 2163.3
1178440 2164.0
1178450 2162.7
1178460 2162.7
1178470 2160.9
1178480 2156.7
1178490 2156.7
1178500 2151.8
1178510 2151.0
1178520 2151.0
1178530 2151.8
1178540 2151.7
1178550 2151.7
1178560 2150.2
1178570 2147.6
1178580 2147.6
1178590 2145.5
1178600 2143.0
1178610 2139.2
1178620 2139.2
1178630 2131.7
1178640 2129.4
1178650 2129.4
1178660 2127.9
1178670 2125.5
1178680 2125.5
1178690 2122.3
1178700 2119.1
1178710 2119.1
1178720 2116.2
1178730 2114.3
1178740 2114.3
1178750 2113.9
1178760 2112.9
1178770 2112.9
1178780 2110.9
1178790 2109.3
1178800 2109.3
1178810 2108.0
1178820 2106.1
1178830 2103.7
1178840 2103.7
1178850 2099.5
1178860 2095.7
1178870 2095.7
1178880 2093.3
1178890 2091.7
1178900 2091.7
1178910 2089.6
1178920 2086.9
1178930 2086.9
1178940 2085.1
1178950 2083.4
1178960 2083.4
1178970 2083.1
1178980 2082.6
1178990 2082.6
1179000 2080.5
1179010 2077.8
1179020 2077.8
1179030 2075.2
1179040 2073.1
1179050 2068.1
1179060 2068.1
1179070 2063.8
1179080 2060.0
1179090 2060.0
1179100 2056.3
1179110 2051.5
1179120 2051.5
1179130 2046.7
1179140 2043.8
1179150 2043.8
1179160 2041.1
1179170 2039.5
1179180 2039.5
1179190 2038.1
1179200 2036.6
1179210 2036.6
1179220 2035.5
1179230 2035.4
1179240 2035.4
1179250 2035.7
1179260 2036.2
1179270 2035.9
1179280 2035.9
1179290 2035.0
1179300 2033.6
1179310 2033.6
1179320 2030.4
1179330 2028.5
1179340 2028.5
1179350 2028.6
1179360 2028.2
1179370 2028.2
1179380 2026.6
1179390 2024.3
1179400 2024.3
1179410 2022.8
1179420 2021.1
1179430 2021.1
1179440 2019.7
1179450 2017.9
1179460 2013.3
1179470 2010.7
1179480 2007.3
1179490 2005.0
1179500 2005.0
1179510 2002.8
1179520 2000.5
1179530 2000.5
1179540 1997.4
1179550 1994.9
1179560 1994.9
1179570 1993.3
1179580 1992.2
1179590 1992.2
1179600 1991.2
1179610 1990.5
1179620 1990.5
1179630 1990.2
1179640 1988.8
1179650 1988.8
1179660 1988.6
1179670 1989.8
1179680 1989.8
1179690 1991.3
1179700 1993.8
1179710 1996.1
1179720 1996.1
1179730 1998.1
1179740 1999.7
1179750 1999.7
1179760 2001.7
1179770 2004.1
1179780 2004.1
1179790 2006.1
1179800 2007.3
1179810 2007.3
1179820 2008.5
1179830 2011.7
1179840 2011.7
1179850 2015.5
1179860 2019.0
1179870 2019.0
1179880 2018.9
1179890 2022.9
1179900 2022.9
1179910 2026.6
1179920 2030.2
1179930 2034.6
1179940 2034.6
1179950 2040.0
1179960 2044.7
1179970 2044.7
1179980 2047.2
1179990 2047.9
