1160000 1643.9
1160010 1638.5
1160020 1631.8
1160030 1631.8
1160040 1629.7
1160050 1631.3
1160060 1630.6
1160070 1630.6
1160080 1627.1
1160090 1623.3
1160100 1623.3
1160110 1619.9
1160120 1616.4
1160130 1616.4
1160140 1612.2
1160150 1608.2
1160160 1608.2
1160170 1604.9
1160180 1602.3
1160190 1602.3
1160200 1599.1
1160210 1594.5
1160220 1594.5
1160230 1589.1
1160240 1582.9
1160250 1582.9
1160260 1575.0
1160270 1565.5
1160280 1558.9
1160290 1558.9
1160300 1549.3
1160310 1543.8
1160320 1543.8
1160330 1537.0
1160340 1529.2
1160350 1529.2
1160360 1524.6
1160370 1520.8
1160380 1520.8
1160390 1516.5
1160400 1512.4
1160410 1512.4
1160420 1510.0
1160430 1506.8
1160440 1506.8
1160450 1504.5
1160460 1503.3
1160470 1503.3
1160480 1500.9
1160490 1499.6
1160500 1498.1
1160510 1498.1
1160520 1496.5
1160530 1493.6
1160540 1493.6
1160550 1489.1
1160560 1486.1
1160570 1486.1
1160580 1486.2
1160590 1485.9
1160600 1485.9
1160610 1486.6
1160620 1488.2
1160630 1488.2
1160640 1486.9
1160650 1480.2
1160660 1480.2
1160670 1476.0
1160680 1480.8
1160690 1478.8
1160700 1486.1
1160710 1490.2
1160720 1493.4
1160730 1493.4
1160740 1497.4
1160750 1502.1
1160760 1502.1
1160770 1505.8
1160780 1508.3
1160790 1508.3
1160800 1511.3
1160810 1514.5
1160820 1514.5
1160830 1518.1
1160840 1520.7
1160850 1520.7
1160860 1523.1
1160870 1525.7
1160880 1525.7
1160890 1528.6
1160900 1532.3
1160910 1532.3
1160920 1536.8
1160930 1540.1
1160940 1539.9
1160950 1539.9
1160960 1537.3
1160970 1534.9
1160980 1534.9
1160990 1535.0
1161000 1536.0
1161010 1536.0
1161020 1536.8
1161030 1539.9
1161040 1539.9
1161050 1545.6
1161060 1551.0
1161070 1551.0
1161080 1547.6
1161090 1547.2
1161100 1547.2
1161110 1547.0
1161120 1546.9
1161130 1546.9
1161140 1544.4
1161150 1542.2
1161160 1543.7
1161170 1543.7
1161180 1545.7
1161190 1544.9
1161200 1544.9
1161210 1542.2
1161220 1539.2
1161230 1539.2
1161240 1535.6
1161250 1533.1
1161260 1533.1
1161270 1533.2
1161280 1534.6
1161290 1534.6
1161300 1531.4
1161310 1527.2
1161320 1527.2
1161330 1522.5
1161340 1517.0
1161350 1517.0
1161360 1515.3
1161370 1519.2
1161380 1519.2
1161390 1522.1
1161400 1523.9
1161410 1523.3
1161420 1523.3
1161430 1522.2
1161440 1521.6
1161450 1521.6
1161460 1521.7
1161470 1521.4
1161480 1513.6
1161490 1511.4
1161500 1509.9
1161510 1509.9
1161520 1510.2
1161530 1508.8
1161540 1508.8
1161550 1506.3
1161560 1503.4
1161570 1503.4
1161580 1499.9
1161590 1496.6
1161600 1496.6
1161610 1495.1
1161620 1494.0
1161630 1490.8
1161640 1490.8
1161650 1477.4
1161660 1470.0
1161670 1470.0
1161680 1468.1
1161690 1467.2
1161700 1467.2
1161710 1466.1
1161720 1464.1
1161730 1464.1
1161740 1463.0
1161750 1463.1
1161760 1463.1
1161770 1462.8
1161780 1462.8
1161790 1462.8
1161800 1463.2
1161810 1465.0
1161820 1465.0
1161830 1466.8
1161840 1467.2
1161850 1465.4
1161860 1465.4
1161870 1458.5
1161880 1457.3
1161890 1457.3
1161900 1455.9
1161910 1451.7
1161920 1451.7
1161930 1447.7
1161940 1444.3
1161950 1444.3
1161960 1440.4
1161970 1436.0
1161980 1436.0
1161990 1430.6
1162000 1429.0
1162010 1429.0
1162020 1431.4
1162030 1432.9
1162040 1432.9
1162050 1434.0
1162060 1434.5
1162070 1434.2
1162080 1434.2
1162090 1434.1
1162100 1435.5
1162110 1435.5
1162120 1438.2
1162130 1442.0
1162140 1442.0
1162150 1446.7
1162160 1449.3
1162170 1449.3
1162180 1448.5
1162190 1450.8
1162200 1450.8
1162210 1457.2
1162220 1460.9
1162230 1460.9
1162240 1462.7
1162250 1464.2
1162260 1460.1
1162270 1461.7
1162280 1462.7
1162290 1461.8
1162300 1461.8
1162310 1463.7
1162320 1466.8
1162330 1466.8
1162340 1469.7
1162350 1472.3
1162360 1472.3
1162370 1474.9
1162380 1479.3
1162390 1479.3
1162400 1484.2
1162410 1486.0
1162420 1486.0
1162430 1485.5
1162440 1484.8
1162450 1484.8
1162460 1484.1
1162470 1483.7
1162480 1483.7
1162490 1483.3
1162500 1482.2
1162510 1481.0
1162520 1481.0
1162530 1479.8
1162540 1478.2
1162550 1478.2
1162560 1476.5
1162570 1474.9
1162580 1474.9
1162590 1472.7
1162600 1468.9
1162610 1468.9
1162620 1463.3
1162630 1457.9
1162640 1457.9
1162650 1455.4
1162660 1449.3
1162670 1449.3
1162680 1448.3
1162690 1447.4
1162700 1447.4
1162710 1445.8
1162720 1443.5
1162730 1443.5
1162740 1441.6
1162750 1441.0
1162760 1442.2
1162770 1442.2
1162780 1443.5
1162790 1442.6
1162800 1442.6
1162810 1439.5
1162820 1437.8
1162830 1437.8
1162840 1437.1
1162850 1435.7
1162860 1435.7
1162870 1433.2
1162880 1430.9
1162890 1430.9
1162900 1429.1
1162910 1427.8
1162920 1427.8
1162930 1429.3
1162940 1428.5
1162950 1428.5
1162960 1422.7
1162970 1418.3
1162980 1415.1
1162990 1415.1
1163000 1413.5
1163010 1416.0
1163020 1416.0
1163030 1416.8
1163040 1411.4
1163050 1408.0
1163060 1402.5
1163070 1399.4
1163080 1399.4
1163090 1400.9
1163100 1400.7
1163110 1400.7
1163120 1399.1
1163130 1401.5
1163140 1401.5
1163150 1405.8
1163160 1406.8
1163170 1406.8
1163180 1406.5
1163190 1406.3
1163200 1405.7
1163210 1405.7
1163220 1403.3
1163230 1399.2
1163240 1399.2
1163250 1394.4
1163260 1387.8
1163270 1387.8
1163280 1382.1
1163290 1376.7
1163300 1376.7
1163310 1373.2
1163320 1369.3
1163330 1369.3
1163340 1366.4
1163350 1365.1
1163360 1365.1
1163370 1364.1
1163380 1359.6
1163390 1359.6
1163400 1356.1
1163410 1352.4
1163420 1345.4
1163430 1345.4
1163440 1332.0
1163450 1327.9
1163460 1327.9
1163470 1326.3
1163480 1314.2
1163490 1314.2
1163500 1303.8
1163510 1288.0
1163520 1288.0
1163530 1265.9
1163540 1251.1
1163550 1251.1
1163560 1249.2
1163570 1254.3
1163580 1254.3
1163590 1263.7
1163600 1272.7
1163610 1272.7
1163620 1280.5
1163630 1288.5
1163640 1297.9
1163650 1297.9
1163660 1304.4
1163670 1296.9
1163680 1296.9
1163690 1295.4
1163700 1299.8
1163710 1299.8
1163720 1307.5
1163730 1314.1
1163740 1314.1
1163750 1312.7
1163760 1308.5
1163770 1308.5
1163780 1303.7
1163790 1292.8
1163800 1292.8
1163810 1278.0
1163820 1263.6
1163830 1263.6
1163840 1248.0
1163850 1245.4
1163860 1252.5
1163870 1252.5
1163880 1258.4
1163890 1256.7
1163900 1256.7
1163910 1254.9
1163920 1252.1
1163930 1252.1
1163940 1247.4
1163950 1240.8
1163960 1240.8
1163970 1233.3
1163980 1230.4
1163990 1230.4
1164000 1225.6
1164010 1220.6
1164020 1220.6
1164030 1217.6
1164040 1211.6
1164050 1211.6
1164060 1201.4
1164070 1191.0
1164080 1191.0
1164090 1182.2
1164100 1173.7
1164110 1173.9
1164120 1173.9
1164130 1178.2
1164140 1179.9
1164150 1179.9
1164160 1173.2
1164170 1163.9
1164180 1163.9
1164190 1163.8
1164200 1174.1
1164210 1174.1
1164220 1167.0
1164230 1142.1
1164240 1142.1
1164250 1143.1
1164260 1139.6
1164270 1139.6
1164280 1135.7
1164290 1135.7
1164300 1135.7
1164310 1131.4
1164320 1122.2
1164330 1110.4
1164340 1110.4
1164350 1112.1
1164360 1115.1
1164370 1115.1
1164380 1109.3
1164390 1101.5
1164400 1101.5
1164410 1093.7
1164420 1085.9
1164430 1085.9
1164440 1078.6
1164450 1072.7
1164460 1072.7
1164470 1067.0
1164480 1058.5
1164490 1058.5
1164500 1048.6
1164510 1041.1
1164520 1041.1
1164530 1039.7
1164540 1041.2
1164550 1044.1
1164560 1044.1
1164570 1044.1
1164580 1044.0
1164590 1044.0
1164600 1044.4
1164610 1043.7
1164620 1043.7
1164630 1042.4
1164640 1042.3
1164650 1042.3
1164660 1041.9
1164670 1041.6
1164680 1041.6
1164690 1041.5
1164700 1041.3
1164710 1041.3
1164720 1041.0
1164730 1040.7
1164740 1040.7
1164750 1040.4
1164760 1040.3
1164770 1040.2
1164780 1040.2
1164790 1040.0
1164800 1039.6
1164810 1039.6
1164820 1039.3
1164830 1039.2
1164840 1039.2
1164850 1039.3
1164860 1039.4
1164870 1039.4
1164880 1039.4
1164890 1039.1
1164900 1039.1
1164910 1038.6
1164920 1038.2
1164930 1038.2
1164940 1037.9
1164950 1037.8
1164960 1037.8
1164970 1039.1
1164980 1041.2
1164990 1043.9
1165000 1043.9
1165010 1048.7
1165020 1054.3
1165030 1059.9
1165040 1063.5
1165050 1068.0
1165060 1068.0
1165070 1073.2
1165080 1074.5
1165090 1074.5
1165100 1075.3
1165110 1074.7
1165120 1074.7
1165130 1075.5
1165140 1076.3
1165150 1076.3
1165160 1076.7
1165170 1078.6
1165180 1078.6
1165190 1081.5
1165200 1084.7
1165210 1087.3
1165220 1087.3
1165230 1090.5
1165240 1095.3
1165250 1095.3
1165260 1101.3
1165270 1107.4
1165280 1107.4
1165290 1113.8
1165300 1119.8
1165310 1119.8
1165320 1125.5
1165330 1130.8
1165340 1130.8
1165350 1135.5
1165360 1139.1
1165370 1139.1
1165380 1142.4
1165390 1146.0
1165400 1146.0
1165410 1150.2
1165420 1160.9
1165430 1171.1
1165440 1171.1
1165450 1204.8
1165460 1234.4
1165470 1234.4
1165480 1241.3
1165490 1239.5
1165500 1239.5
1165510 1243.1
1165520 1231.3
1165530 1231.3
1165540 1229.0
1165550 1234.2
1165560 1234.2
1165570 1246.8
1165580 1261.3
1165590 1261.3
1165600 1266.1
1165610 1262.8
1165620 1262.8
1165630 1254.8
1165640 1260.3
1165650 1260.3
1165660 1266.9
1165670 1270.0
1165680 1270.9
1165690 1270.9
1165700 1275.4
1165710 1286.4
1165720 1286.4
1165730 1298.2
1165740 1306.5
1165750 1306.5
1165760 1312.2
1165770 1317.4
1165780 1317.4
1165790 1322.6
1165800 1326.5
1165810 1326.5
1165820 1334.2
1165830 1336.7
1165840 1336.7
1165850 1339.1
1165860 1340.1
1165870 1340.1
1165880 1341.4
1165890 1342.3
1165900 1341.8
1165910 1341.8
1165920 1341.9
1165930 1342.5
1165940 1342.5
1165950 1343.5
1165960 1344.3
1165970 1344.3
1165980 1347.7
1165990 1356.2
1166000 1356.2
1166010 1363.2
1166020 1368.0
1166030 1368.0
1166040 1372.0
1166050 1376.3
1166060 1376.3
1166070 1381.7
1166080 1384.5
1166090 1384.5
1166100 1388.0
1166110 1392.1
1166120 1395.6
1166130 1395.6
1166140 1399.1
1166150 1401.9
1166160 1401.9
1166170 1403.8
1166180 1405.6
1166190 1405.6
1166200 1407.6
1166210 1408.3
1166220 1414.3
1166230 1416.9
1166240 1420.7
1166250 1420.7
1166260 1423.3
1166270 1426.0
1166280 1426.0
1166290 1428.5
1166300 1431.8
1166310 1431.8
1166320 1435.6
1166330 1439.3
1166340 1443.4
1166350 1443.4
1166360 1446.9
1166370 1450.8
1166380 1450.8
1166390 1454.7
1166400 1457.7
1166410 1457.7
1166420 1459.3
1166430 1460.5
1166440 1460.5
1166450 1463.3
1166460 1468.0
1166470 1468.0
1166480 1472.9
1166490 1478.6
1166500 1478.6
1166510 1484.0
1166520 1489.1
1166530 1489.1
1166540 1493.9
1166550 1498.6
1166560 1503.0
1166570 1503.0
1166580 1506.9
1166590 1511.0
1166600 1511.0
1166610 1514.4
1166620 1522.8
1166630 1522.8
1166640 1526.4
1166650 1528.8
1166660 1528.8
1166670 1530.8
1166680 1531.7
1166690 1531.7
1166700 1533.0
1166710 1536.2
1166720 1536.2
1166730 1539.4
1166740 1541.8
1166750 1541.8
1166760 1544.3
1166770 1547.1
1166780 1550.3
1166790 1550.3
1166800 1548.7
1166810 1545.0
1166820 1545.0
1166830 1541.4
1166840 1542.6
1166850 1542.6
1166860 1539.8
1166870 1534.8
1166880 1534.8
1166890 1532.2
1166900 1528.9
1166910 1528.9
1166920 1526.2
1166930 1526.5
1166940 1526.5
1166950 1525.8
1166960 1525.4
1166970 1525.4
1166980 1523.3
1166990 1522.0
1167000 1522.0
1167010 1525.0
1167020 1533.3
1167030 1534.5
1167040 1534.5
1167050 1532.1
1167060 1532.5
1167070 1532.5
1167080 1538.0
1167090 1539.4
1167100 1539.4
1167110 1539.8
1167120 1542.0
1167130 1542.0
1167140 1542.8
1167150 1542.7
1167160 1542.7
1167170 1542.1
1167180 1541.3
1167190 1541.3
1167200 1538.9
1167210 1537.9
1167220 1537.9
1167230 1540.2
1167240 1542.8
1167250 1545.4
1167260 1545.4
1167270 1551.6
1167280 1558.4
1167290 1558.4
1167300 1564.5
1167310 1570.4
1167320 1570.4
1167330 1575.8
1167340 1581.3
1167350 1581.3
1167360 1586.2
1167370 1591.8
1167380 1591.8
1167390 1598.5
1167400 1606.2
1167410 1606.2
1167420 1615.9
1167430 1623.4
1167440 1623.4
1167450 1631.2
1167460 1639.9
1167470 1648.8
1167480 1648.8
1167490 1656.7
1167500 1663.7
1167510 1663.7
1167520 1670.1
1167530 1675.8
1167540 1675.8
1167550 1681.1
1167560 1686.5
1167570 1686.5
1167580 1693.2
1167590 1700.2
1167600 1700.2
1167610 1705.0
1167620 1708.6
1167630 1708.6
1167640 1713.2
1167650 1718.9
1167660 1718.9
1167670 1724.0
1167680 1727.2
1167690 1730.6
1167700 1730.6
1167710 1735.6
1167720 1739.3
1167730 1739.3
1167740 1743.0
1167750 1746.9
1167760 1746.9
1167770 1751.2
1167780 1755.7
1167790 1755.7
1167800 1759.7
1167810 1764.8
1167820 1760.7
1167830 1766.3
1167840 1772.7
1167850 1772.7
1167860 1778.6
1167870 1783.6
1167880 1783.6
1167890 1789.1
1167900 1794.5
1167910 1798.0
1167920 1798.0
1167930 1801.2
1167940 1807.2
1167950 1807.2
1167960 1814.0
1167970 1821.6
1167980 1821.6
1167990 1828.6
1168000 1834.1
1168010 1834.1
1168020 1838.9
1168030 1843.6
1168040 1843.6
1168050 1847.8
1168060 1852.9
1168070 1852.9
1168080 1857.8
1168090 1860.5
1168100 1860.5
1168110 1862.9
1168120 1865.3
1168130 1867.9
1168140 1867.9
1168150 1873.5
1168160 1881.3
1168170 1881.3
1168180 1887.8
1168190 1892.0
1168200 1892.0
1168210 1895.2
1168220 1898.2
1168230 1898.2
1168240 1904.1
1168250 1909.0
1168260 1909.0
1168270 1912.6
1168280 1914.8
1168290 1914.8
1168300 1918.2
1168310 1923.3
1168320 1923.3
1168330 1926.9
1168340 1929.8
1168350 1929.8
1168360 1933.1
1168370 1937.6
1168380 1943.0
1168390 1943.0
1168400 1949.3
1168410 1955.7
1168420 1955.7
1168430 1962.1
1168440 1968.4
1168450 1968.4
1168460 1973.3
1168470 1978.3
1168480 1978.3
1168490 1984.5
1168500 1990.9
1168510 1990.9
1168520 1995.9
1168530 2000.4
1168540 2000.4
1168550 2004.4
1168560 2009.1
1168570 2009.1
1168580 2014.8
1168590 2021.2
1168600 2028.6
1168610 2028.6
1168620 2033.3
1168630 2038.5
1168640 2038.5
1168650 2043.7
1168660 2049.2
1168670 2049.2
1168680 2053.0
1168690 2057.2
1168700 2057.2
1168710 2062.3
1168720 2067.5
1168730 2067.5
1168740 2072.9
1168750 2078.9
1168760 2078.9
1168770 2085.8
1168780 2092.1
1168790 2092.1
1168800 2097.9
1168810 2103.1
1168820 2108.5
1168830 2108.5
1168840 2114.4
1168850 2119.5
1168860 2119.5
1168870 2124.2
1168880 2128.1
1168890 2128.1
1168900 2132.4
1168910 2137.4
1168920 2137.4
1168930 2142.3
1168940 2148.2
1168950 2148.2
1168960 2155.3
1168970 2162.7
1168980 2162.7
1168990 2168.9
1169000 2174.4
1169010 2174.4
1169020 2179.1
1169030 2184.3
1169040 2189.0
1169050 2189.0
1169060 2192.3
1169070 2195.1
1169080 2195.1
1169090 2198.2
1169100 2201.2
1169110 2201.2
1169120 2205.7
1169130 2210.5
1169140 2210.5
1169150 2213.8
1169160 2216.7
1169170 2216.7
1169180 2220.5
1169190 2224.2
1169200 2224.2
1169210 2226.8
1169220 2228.7
1169230 2228.7
1169240 2230.8
1169250 2234.1
1169260 2237.4
1169270 2237.4
1169280 2241.1
1169290 2244.9
1169300 2244.9
1169310 2249.8
1169320 2257.9
1169330 2257.9
1169340 2266.1
1169350 2272.6
1169360 2272.6
1169370 2280.2
1169380 2286.6
1169390 2286.6
1169400 2289.4
1169410 2293.9
1169420 2296.2
1169430 2301.2
1169440 2305.2
1169450 2305.2
1169460 2308.8
1169470 2312.9
1169480 2316.5
1169490 2316.5
1169500 2319.6
1169510 2322.7
1169520 2322.7
1169530 2325.7
1169540 2327.9
1169550 2327.9
1169560 2329.7
1169570 2331.7
1169580 2331.7
1169590 2332.7
1169600 2333.6
1169610 2333.6
1169620 2335.1
1169630 2336.4
1169640 2336.4
1169650 2332.1
1169660 2322.2
1169670 2322.2
1169680 2317.2
1169690 2315.1
1169700 2316.3
1169710 2316.3
1169720 2321.5
1169730 2327.6
1169740 2327.6
1169750 2330.5
1169760 2328.6
1169770 2328.6
1169780 2326.1
1169790 2323.9
1169800 2323.9
1169810 2319.7
1169820 2315.1
1169830 2323.0
1169840 2317.0
1169850 2314.0
1169860 2314.0
1169870 2309.8
1169880 2303.4
1169890 2303.4
1169900 2300.7
1169910 2293.4
1169920 2293.4
1169930 2288.5
1169940 2288.6
1169950 2290.1
1169960 2290.1
1169970 2291.0
1169980 2291.4
1169990 2291.4
1170000 2292.4
1170010 2294.4
1170020 2294.4
1170030 2296.8
1170040 2299.2
1170050 2299.2
1170060 2302.2
1170070 2305.1
1170080 2305.1
1170090 2307.6
1170100 2309.4
1170110 2309.4
1170120 2311.1
1170130 2314.8
1170140 2314.8
1170150 2320.4
1170160 2326.1
1170170 2329.0
1170180 2329.0
1170190 2329.3
1170200 2327.8
1170210 2327.8
1170220 2325.6
1170230 2326.4
1170240 2326.4
1170250 2326.1
1170260 2327.3
1170270 2327.3
1170280 2326.4
1170290 2323.6
1170300 2323.6
1170310 2323.0
1170320 2325.5
1170330 2325.5
1170340 2328.2
1170350 2329.2
1170360 2329.2
1170370 2328.6
1170380 2325.5
1170390 2324.8
1170400 2324.8
1170410 2326.0
1170420 2326.4
1170430 2326.4
1170440 2324.7
1170450 2323.3
1170460 2323.3
1170470 2322.6
1170480 2322.4
1170490 2322.4
1170500 2322.6
1170510 2322.9
1170520 2322.9
1170530 2323.8
1170540 2325.9
1170550 2325.9
1170560 2329.9
1170570 2335.6
1170580 2335.6
1170590 2338.5
1170600 2339.6
1170610 2340.0
1170620 2340.0
1170630 2341.0
1170640 2341.6
1170650 2341.6
1170660 2342.5
1170670 2343.4
1170680 2343.4
1170690 2344.8
1170700 2346.4
1170710 2346.4
1170720 2349.3
1170730 2352.6
1170740 2352.6
1170750 2355.7
1170760 2361.5
1170770 2361.5
1170780 2365.7
1170790 2368.1
1170800 2368.1
1170810 2370.0
1170820 2372.1
1170830 2372.6
1170840 2372.6
1170850 2372.8
1170860 2372.8
1170870 2372.8
1170880 2372.6
1170890 2372.4
1170900 2372.4
1170910 2372.5
1170920 2373.7
1170930 2373.7
1170940 2374.1
1170950 2375.5
1170960 2375.5
1170970 2376.6
1170980 2376.7
1170990 2376.7
1171000 2377.6
1171010 2379.8
1171020 2379.8
1171030 2382.5
1171040 2390.5
1171050 2392.1
1171060 2392.1
1171070 2392.2
1171080 2391.4
1171090 2391.4
1171100 2391.6
1171110 2394.2
1171120 2394.2
1171130 2398.2
1171140 2402.0
1171150 2402.0
1171160 2406.8
1171170 2410.8
1171180 2410.8
1171190 2414.0
1171200 2416.2
1171210 2416.2
1171220 2417.3
1171230 2417.7
1171240 2417.7
1171250 2419.7
1171260 2422.4
1171270 2422.4
1171280 2426.7
1171290 2432.0
1171300 2437.7
1171310 2437.7
1171320 2443.9
1171330 2449.5
1171340 2449.5
1171350 2453.4
1171360 2458.3
1171370 2458.3
1171380 2464.2
1171390 2471.6
1171400 2471.6
1171410 2478.9
1171420 2485.8
1171430 2485.8
1171440 2490.7
1171450 2496.9
1171460 2496.9
1171470 2503.2
1171480 2509.4
1171490 2509.4
1171500 2515.6
1171510 2520.8
1171520 2525.6
1171530 2525.6
1171540 2531.8
1171550 2539.4
1171560 2539.4
1171570 2545.6
1171580 2551.8
1171590 2551.8
1171600 2557.4
1171610 2562.5
1171620 2562.5
1171630 2567.5
1171640 2572.7
1171650 2572.7
1171660 2578.6
1171670 2585.5
1171680 2585.5
1171690 2593.8
1171700 2601.2
1171710 2601.2
1171720 2608.5
1171730 2615.1
1171740 2622.6
1171750 2622.6
1171760 2630.9
1171770 2637.7
1171780 2637.7
1171790 2645.0
1171800 2652.8
1171810 2652.8
1171820 2660.2
1171830 2666.4
1171840 2666.4
1171850 2671.2
1171860 2678.1
1171870 2678.1
1171880 2684.7
1171890 2691.3
1171900 2691.3
1171910 2697.3
1171920 2702.3
1171930 2702.3
1171940 2707.0
1171950 2709.5
1171960 2709.1
1171970 2709.1
1171980 2705.8
1171990 2700.4
1172000 2700.4
1172010 2693.7
1172020 2691.6
1172030 2691.6
1172040 2685.8
1172050 2678.3
1172060 2678.3
1172070 2674.5
1172080 2670.2
1172090 2670.2
1172100 2665.0
1172110 2658.5
1172120 2658.5
1172130 2654.3
1172140 2648.6
1172150 2648.6
1172160 2640.9
1172170 2633.9
1172180 2626.1
1172190 2626.1
1172200 2617.5
1172210 2608.7
1172220 2608.7
1172230 2599.6
1172240 2589.8
1172250 2595.7
1172260 2581.3
1172270 2559.5
1172280 2559.5
1172290 2542.5
1172300 2532.0
1172310 2532.0
1172320 2525.5
1172330 2519.9
1172340 2519.9
1172350 2514.2
1172360 2509.0
1172370 2509.0
1172380 2505.4
1172390 2500.8
1172400 2497.8
1172410 2497.8
1172420 2495.5
1172430 2493.9
1172440 2493.9
1172450 2492.1
1172460 2489.5
1172470 2489.5
1172480 2486.3
1172490 2482.4
1172500 2482.4
1172510 2477.9
1172520 2474.0
1172530 2474.0
1172540 2469.5
1172550 2464.3
1172560 2464.3
1172570 2459.1
1172580 2454.0
1172590 2454.0
1172600 2449.0
1172610 2444.1
1172620 2439.8
1172630 2439.8
1172640 2436.4
1172650 2435.2
1172660 2435.0
1172670 2435.5
1172680 2435.2
1172690 2435.2
1172700 2435.6
1172710 2437.2
1172720 2437.2
1172730 2438.7
1172740 2439.7
1172750 2439.7
1172760 2439.7
1172770 2439.2
1172780 2439.2
1172790 2437.0
1172800 2432.6
1172810 2432.6
1172820 2428.1
1172830 2424.1
1172840 2424.1
1172850 2420.1
1172860 2415.8
1172870 2412.1
1172880 2412.1
1172890 2409.1
1172900 2406.4
1172910 2406.4
1172920 2401.9
1172930 2396.2
1172940 2396.2
1172950 2391.9
1172960 2387.9
1172970 2387.9
1172980 2384.6
1172990 2384.4
1173000 2384.4
1173010 2384.0
1173020 2380.3
1173030 2380.3
1173040 2377.2
1173050 2374.5
1173060 2375.2
1173070 2373.8
1173080 2372.9
1173090 2371.8
1173100 2371.8
1173110 2371.4
1173120 2370.4
1173130 2370.4
1173140 2369.4
1173150 2368.8
1173160 2368.8
1173170 2368.5
1173180 2368.2
1173190 2368.2
1173200 2367.2
1173210 2365.5
1173220 2365.5
1173230 2363.5
1173240 2362.0
1173250 2362.0
1173260 2360.6
1173270 2359.5
1173280 2359.5
1173290 2358.2
1173300 2356.5
1173310 2354.8
1173320 2354.8
1173330 2353.2
1173340 2351.9
1173350 2351.9
1173360 2350.3
1173370 2349.0
1173380 2349.0
1173390 2348.2
1173400 2348.2
1173410 2348.2
1173420 2347.2
1173430 2345.6
1173440 2345.6
1173450 2344.5
1173460 2343.0
1173470 2341.9
1173480 2340.9
1173490 2339.7
1173500 2339.7
1173510 2338.3
1173520 2336.9
1173530 2335.8
1173540 2335.8
1173550 2335.1
1173560 2335.5
1173570 2335.5
1173580 2334.9
1173590 2333.6
1173600 2333.6
1173610 2333.1
1173620 2334.1
1173630 2334.1
1173640 2334.5
1173650 2332.3
1173660 2332.3
1173670 2326.1
1173680 2320.1
1173690 2320.1
1173700 2315.4
1173710 2310.8
1173720 2310.8
1173730 2305.7
1173740 2299.9
1173750 2294.4
1173760 2294.4
1173770 2289.0
1173780 2283.8
1173790 2283.8
1173800 2280.7
1173810 2282.2
1173820 2282.2
1173830 2281.6
1173840 2277.4
1173850 2277.4
1173860 2277.3
1173870 2277.3
1173880 2274.6
1173890 2274.8
1173900 2273.9
1173910 2273.9
1173920 2273.8
1173930 2274.5
1173940 2274.5
1173950 2275.0
1173960 2274.1
1173970 2273.2
1173980 2273.2
1173990 2271.8
1174000 2270.1
1174010 2270.1
1174020 2268.5
1174030 2266.9
1174040 2266.9
1174050 2267.1
1174060 2268.1
1174070 2268.1
1174080 2269.5
1174090 2269.8
1174100 2269.8
1174110 2268.9
1174120 2267.7
1174130 2267.7
1174140 2265.5
1174150 2262.5
1174160 2262.5
1174170 2259.0
1174180 2256.6
1174190 2255.5
1174200 2255.5
1174210 2254.7
1174220 2255.8
1174230 2255.8
1174240 2259.4
1174250 2261.0
1174260 2261.0
1174270 2262.1
1174280 2260.7
1174290 2259.1
1174300 2255.8
1174310 2253.1
1174320 2253.1
1174330 2250.1
1174340 2249.0
1174350 2249.0
1174360 2248.8
1174370 2247.6
1174380 2247.6
1174390 2246.0
1174400 2242.8
1174410 2242.8
1174420 2240.7
1174430 2236.7
1174440 2232.4
1174450 2232.4
1174460 2230.2
1174470 2227.7
1174480 2227.7
1174490 2225.2
1174500 2221.8
1174510 2221.8
1174520 2218.8
1174530 2220.8
1174540 2220.8
1174550 2223.0
1174560 2225.0
1174570 2225.0
1174580 2227.3
1174590 2231.9
1174600 2231.9
1174610 2235.5
1174620 2237.0
1174630 2237.0
1174640 2239.0
1174650 2239.3
1174660 2236.9
1174670 2236.9
1174680 2237.4
1174690 2236.9
1174700 2227.6
1174710 2226.4
1174720 2226.5
1174730 2226.5
1174740 2227.6
1174750 2227.9
1174760 2227.9
1174770 2228.5
1174780 2230.5
1174790 2230.5
1174800 2233.8
1174810 2235.0
1174820 2235.0
1174830 2234.1
1174840 2232.5
1174850 2232.5
1174860 2232.3
1174870 2233.5
1174880 2234.5
1174890 2234.5
1174900 2231.6
1174910 2230.3
1174920 2230.3
1174930 2231.7
1174940 2231.6
1174950 2231.6
1174960 2230.7
1174970 2230.3
1174980 2230.3
1174990 2231.2
1175000 2232.3
1175010 2232.3
1175020 2231.2
1175030 2229.1
1175040 2229.1
1175050 2228.9
1175060 2234.5
1175070 2234.5
1175080 2244.3
1175090 2254.5
1175100 2263.4
1175110 2255.8
1175120 2259.9
1175130 2263.8
1175140 2263.8
1175150 2266.9
1175160 2265.5
1175170 2265.5
1175180 2264.0
1175190 2258.1
1175200 2258.1
1175210 2253.6
1175220 2244.5
1175230 2244.5
1175240 2238.1
1175250 2231.5
1175260 2231.5
1175270 2239.2
1175280 2253.1
1175290 2253.1
1175300 2262.9
1175310 2266.5
1175320 2260.6
1175330 2260.6
1175340 2248.7
1175350 2237.2
1175360 2237.2
1175370 2228.4
1175380 2220.4
1175390 2220.4
1175400 2210.2
1175410 2193.2
1175420 2193.2
1175430 2176.4
1175440 2165.2
1175450 2165.2
1175460 2153.3
1175470 2143.5
1175480 2143.5
1175490 2131.2
1175500 2116.2
1175510 2116.2
1175520 2104.4
1175530 2095.6
1175540 2088.3
1175550 2088.3
1175560 2080.4
1175570 2070.0
1175580 2070.0
1175590 2060.4
1175600 2051.7
1175610 2051.7
1175620 2041.0
1175630 2028.0
1175640 2028.0
1175650 2009.1
1175660 1995.0
1175670 1995.0
1175680 1985.1
1175690 1972.9
1175700 1972.9
1175710 1958.8
1175720 1944.1
1175730 1944.1
1175740 1932.1
1175750 1925.2
1175760 1919.1
1175770 1919.1
1175780 1913.3
1175790 1907.2
1175800 1907.2
1175810 1902.1
1175820 1897.1
1175830 1897.1
1175840 1892.8
1175850 1888.3
1175860 1888.3
1175870 1884.0
1175880 1880.3
1175890 1880.3
1175900 1875.5
1175910 1871.0
1175920 1871.0
1175930 1862.5
1175940 1858.4
1175950 1858.4
1175960 1854.9
1175970 1851.8
1175980 1851.8
1175990 1849.5
1176000 1848.3
1176010 1847.9
1176020 1847.9
1176030 1847.7
1176040 1847.8
1176050 1847.8
1176060 1848.2
1176070 1848.5
1176080 1848.5
1176090 1848.4
1176100 1848.4
1176110 1848.4
1176120 1848.9
1176130 1850.9
1176140 1850.9
1176150 1855.9
1176160 1862.0
1176170 1862.0
1176180 1868.9
1176190 1874.9
1176200 1874.9
1176210 1880.7
1176220 1885.5
1176230 1888.8
1176240 1888.8
1176250 1893.0
1176260 1899.6
1176270 1899.6
1176280 1907.8
1176290 1916.4
1176300 1916.4
1176310 1923.0
1176320 1926.5
1176330 1926.5
1176340 1935.1
1176350 1941.2
1176360 1941.2
1176370 1948.2
1176380 1955.2
1176390 1955.2
1176400 1961.8
1176410 1967.2
1176420 1967.2
1176430 1971.5
1176440 1974.3
1176450 1976.4
1176460 1976.4
1176470 1978.8
1176480 1981.4
1176490 1981.4
1176500 1985.3
1176510 1989.7
1176520 1989.7
1176530 1995.3
1176540 2001.1
1176550 2001.1
1176560 2007.5
1176570 2014.0
1176580 2014.0
1176590 2019.2
1176600 2024.6
1176610 2024.6
1176620 2029.8
1176630 2034.3
1176640 2034.3
1176650 2038.6
1176660 2042.9
1176670 2047.0
1176680 2047.0
1176690 2050.9
1176700 2053.7
1176710 2053.7
1176720 2055.5
1176730 2057.9
1176740 2057.9
1176750 2066.1
1176760 2069.7
1176770 2069.7
1176780 2073.8
1176790 2077.7
1176800 2077.7
1176810 2081.1
1176820 2085.4
1176830 2085.4
1176840 2090.0
1176850 2094.0
1176860 2094.0
1176870 2097.2
1176880 2099.4
1176890 2102.1
1176900 2102.1
1176910 2106.7
1176920 2111.1
1176930 2111.1
1176940 2114.7
1176950 2118.6
1176960 2118.6
1176970 2121.9
1176980 2124.2
1176990 2124.2
1177000 2126.2
1177010 2127.9
1177020 2127.9
1177030 2130.8
1177040 2133.5
1177050 2133.5
1177060 2135.3
1177070 2137.2
1177080 2137.2
1177090 2139.5
1177100 2142.2
1177110 2144.6
1177120 2144.6
1177130 2146.4
1177140 2148.5
1177150 2148.5
1177160 2154.7
1177170 2157.3
1177180 2157.3
1177190 2159.1
1177200 2160.6
1177210 2160.6
1177220 2161.8
1177230 2162.8
1177240 2162.8
1177250 2162.1
1177260 2162.5
1177270 2162.5
1177280 2163.6
1177290 2163.9
1177300 2163.9
1177310 2163.6
1177320 2162.8
1177330 2162.6
1177340 2162.6
1177350 2162.5
1177360 2162.7
1177370 2162.7
1177380 2162.6
1177390 2161.0
1177400 2161.0
1177410 2160.6
1177420 2161.5
1177430 2161.5
1177440 2163.6
1177450 2166.1
1177460 2166.1
1177470 2168.2
1177480 2169.2
1177490 2169.2
1177500 2170.1
1177510 2170.6
1177520 2170.6
1177530 2170.3
1177540 2168.6
1177550 2168.6
1177560 2163.1
1177570 2157.4
1177580 2157.4
1177590 2157.4
1177600 2153.4
1177610 2150.5
1177620 2150.5
1177630 2148.2
1177640 2147.6
1177650 2147.6
1177660 2146.3
1177670 2144.7
1177680 2144.7
1177690 2143.4
1177700 2143.1
1177710 2143.1
1177720 2144.4
1177730 2146.5
1177740 2146.5
1177750 2149.1
1177760 2152.0
1177770 2152.0
1177780 2154.8
1177790 2156.5
1177800 2156.8
1177810 2156.8
1177820 2157.1
1177830 2157.8
1177840 2157.8
1177850 2158.8
1177860 2159.3
1177870 2159.3
1177880 2159.8
1177890 2160.7
1177900 2160.7
1177910 2162.7
1177920 2163.9
1177930 2163.9
1177940 2164.8
1177950 2165.6
1177960 2165.6
1177970 2166.3
1177980 2166.1
1177990 2170.0
1178000 2169.1
1178010 2168.5
1178020 2168.7
1178030 2168.7
1178040 2169.1
1178050 2170.1
1178060 2170.1
1178070 2170.9
1178080 2172.0
1178090 2172.0
1178100 2173.2
1178110 2174.5
1178120 2174.5
1178130 2175.7
1178140 2177.2
1178150 2177.2
1178160 2178.6
1178170 2180.1
1178180 2180.1
1178190 2181.7
1178200 2183.4
1178210 2183.4
1178220 2185.9
1178230 2189.3
1178240 2192.0
1178250 2192.0
1178260 2195.1
1178270 2198.8
1178280 2198.8
1178290 2202.8
1178300 2206.2
1178310 2206.2
1178320 2208.8
1178330 2210.8
1178340 2210.8
1178350 2212.5
1178360 2214.4
1178370 2214.4
1178380 2215.8
1178390 2216.9
1178400 2219.8
1178410 2221.0
1178420 2222.4
1178430 2222.4
1178440 2224.0
1178450 2225.2
1178460 2225.4
1178470 2225.4
1178480 2224.8
1178490 2224.4
1178500 2224.4
1178510 2224.3
1178520 2224.3
1178530 2224.3
1178540 2223.8
1178550 2223.4
1178560 2223.4
1178570 2223.7
1178580 2223.7
1178590 2223.7
1178600 2223.7
1178610 2223.0
1178620 2223.0
1178630 2220.5
1178640 2218.1
1178650 2218.1
1178660 2216.5
1178670 2214.7
1178680 2213.0
1178690 2213.0
1178700 2212.6
1178710 2213.4
1178720 2213.4
1178730 2214.3
1178740 2215.0
1178750 2215.0
1178760 2215.5
1178770 2215.8
1178780 2215.8
1178790 2216.0
1178800 2217.9
1178810 2217.9
1178820 2222.5
1178830 2224.8
1178840 2224.8
1178850 2228.5
1178860 2232.9
1178870 2232.9
1178880 2236.9
1178890 2240.2
1178900 2242.8
1178910 2242.8
1178920 2245.0
1178930 2245.9
1178940 2245.9
1178950 2246.5
1178960 2247.4
1178970 2247.4
1178980 2249.0
1178990 2250.5
1179000 2250.5
1179010 2252.1
1179020 2254.2
1179030 2254.2
1179040 2256.8
1179050 2258.7
1179060 2258.7
1179070 2260.3
1179080 2262.0
1179090 2262.0
1179100 2263.0
1179110 2264.1
1179120 2264.9
1179130 2264.9
1179140 2265.8
1179150 2268.1
1179160 2268.1
1179170 2270.2
1179180 2271.7
1179190 2271.7
1179200 2272.5
1179210 2273.6
1179220 2273.6
1179230 2279.2
1179240 2281.9
1179250 2281.9
1179260 2284.7
1179270 2287.7
1179280 2287.7
1179290 2291.7
1179300 2295.5
1179310 2295.5
1179320 2299.4
1179330 2304.6
1179340 2304.6
1179350 2309.2
1179360 2313.2
1179370 2317.3
1179380 2317.3
1179390 2321.5
1179400 2325.8
1179410 2325.8
1179420 2329.8
1179430 2334.0
1179440 2334.0
1179450 2338.2
1179460 2342.3
1179470 2342.3
1179480 2346.1
1179490 2349.6
1179500 2349.6
1179510 2352.7
1179520 2355.8
1179530 2355.8
1179540 2358.8
1179550 2361.7
1179560 2361.7
1179570 2364.3
1179580 2366.6
1179590 2368.5
1179600 2368.5
1179610 2370.5
1179620 2372.8
1179630 2372.8
1179640 2374.8
1179650 2379.1
1179660 2379.1
1179670 2380.7
1179680 2382.6
1179690 2382.6
1179700 2384.3
1179710 2385.7
1179720 2385.7
1179730 2387.0
1179740 2388.3
1179750 2388.3
1179760 2389.6
1179770 2390.9
1179780 2390.9
1179790 2392.0
1179800 2393.3
1179810 2394.4
1179820 2394.4
1179830 2395.8
1179840 2397.1
1179850 2397.1
1179860 2398.6
1179870 2400.5
1179880 2400.5
1179890 2402.4
1179900 2403.8
1179910 2403.8
1179920 2405.6
1179930 2408.4
1179940 2408.4
1179950 2410.4
1179960 2411.3
1179970 2411.3
1179980 2410.7
1179990 2402.3
