1160000 1607.1
1160010 1601.4
1160020 1601.4
1160030 1594.4
1160040 1587.7
1160050 1587.7
1160060 1583.6
1160070 1579.6
1160080 1579.6
1160090 1572.5
1160100 1567.0
1160110 1567.0
1160120 1563.6
1160130 1561.8
1160140 1562.2
1160150 1562.2
1160160 1559.9
1160170 1555.6
1160180 1555.6
1160190 1551.4
1160200 1547.3
1160210 1543.0
1160220 1538.0
1160230 1532.9
1160240 1532.9
1160250 1526.2
1160260 1517.5
1160270 1517.5
1160280 1510.0
1160290 1503.1
1160300 1503.1
1160310 1497.3
1160320 1494.2
1160330 1494.2
1160340 1491.5
1160350 1487.8
1160360 1481.9
1160370 1481.9
1160380 1474.9
1160390 1470.2
1160400 1470.2
1160410 1465.5
1160420 1461.2
1160430 1461.2
1160440 1458.3
1160450 1455.9
1160460 1455.9
1160470 1450.8
1160480 1444.5
1160490 1444.5
1160500 1439.5
1160510 1434.5
1160520 1434.5
1160530 1430.9
1160540 1427.1
1160550 1427.1
1160560 1421.7
1160570 1423.5
1160580 1430.0
1160590 1430.0
1160600 1431.0
1160610 1437.2
1160620 1437.2
1160630 1442.4
1160640 1445.9
1160650 1445.9
1160660 1449.1
1160670 1452.7
1160680 1452.7
1160690 1456.2
1160700 1458.3
1160710 1458.3
1160720 1460.6
1160730 1462.8
1160740 1462.8
1160750 1466.2
1160760 1470.1
1160770 1470.1
1160780 1473.9
1160790 1477.9
1160800 1481.6
1160810 1481.6
1160820 1483.9
1160830 1484.1
1160840 1484.1
1160850 1484.3
1160860 1482.5
1160870 1482.5
1160880 1478.5
1160890 1477.6
1160900 1477.6
1160910 1478.4
1160920 1480.3
1160930 1480.3
1160940 1483.7
1160950 1487.4
1160960 1487.4
1160970 1489.9
1160980 1491.4
1160990 1486.9
1161000 1487.5
1161010 1487.1
1161020 1485.2
1161030 1485.2
1161040 1482.2
1161050 1479.3
1161060 1479.3
1161070 1475.9
1161080 1474.3
1161090 1474.3
1161100 1472.7
1161110 1470.2
1161120 1470.2
1161130 1470.9
1161140 1474.1
1161150 1474.1
1161160 1478.7
1161170 1479.2
1161180 1479.2
1161190 1477.4
1161200 1474.2
1161210 1474.2
1161220 1469.0
1161230 1464.8
1161240 1464.8
1161250 1463.1
1161260 1463.0
1161270 1464.8
1161280 1464.8
1161290 1467.8
1161300 1470.5
1161310 1470.5
1161320 1472.2
1161330 1472.9
1161340 1472.9
1161350 1473.2
1161360 1472.0
1161370 1472.0
1161380 1467.2
1161390 1459.8
1161400 1459.8
1161410 1452.8
1161420 1447.0
1161430 1447.0
1161440 1443.8
1161450 1442.3
1161460 1442.3
1161470 1440.2
1161480 1438.2
1161490 1436.8
1161500 1436.8
1161510 1436.8
1161520 1437.2
1161530 1437.2
1161540 1437.2
1161550 1436.2
1161560 1436.2
1161570 1433.2
1161580 1429.5
1161590 1429.5
1161600 1427.9
1161610 1427.5
1161620 1427.5
1161630 1427.7
1161640 1426.8
1161650 1426.8
1161660 1424.8
1161670 1423.1
1161680 1423.1
1161690 1422.3
1161700 1422.4
1161710 1422.5
1161720 1422.5
1161730 1422.1
1161740 1421.1
1161750 1421.1
1161760 1420.5
1161770 1420.6
1161780 1418.3
1161790 1418.8
1161800 1421.2
1161810 1421.2
1161820 1423.2
1161830 1421.5
1161840 1421.5
1161850 1418.9
1161860 1417.2
1161870 1417.2
1161880 1414.5
1161890 1411.4
1161900 1411.4
1161910 1406.3
1161920 1397.8
1161930 1390.6
1161940 1390.6
1161950 1386.4
1161960 1383.6
1161970 1383.6
1161980 1380.2
1161990 1376.4
1162000 1376.4
1162010 1376.0
1162020 1377.1
1162030 1377.1
1162040 1378.0
1162050 1379.4
1162060 1379.4
1162070 1380.9
1162080 1381.8
1162090 1381.8
1162100 1381.3
1162110 1381.9
1162120 1381.9
1162130 1383.0
1162140 1384.1
1162150 1387.2
1162160 1387.2
1162170 1385.0
1162180 1388.2
1162190 1388.2
1162200 1390.3
1162210 1390.8
1162220 1390.8
1162230 1390.4
1162240 1392.0
1162250 1392.0
1162260 1394.7
1162270 1397.1
1162280 1397.1
1162290 1398.9
1162300 1402.5
1162310 1402.5
1162320 1406.6
1162330 1407.0
1162340 1407.0
1162350 1406.4
1162360 1406.1
1162370 1406.9
1162380 1406.9
1162390 1408.8
1162400 1408.1
1162410 1408.1
1162420 1406.7
1162430 1405.0
1162440 1405.0
1162450 1402.4
1162460 1400.2
1162470 1400.2
1162480 1400.0
1162490 1400.6
1162500 1400.6
1162510 1401.5
1162520 1402.5
1162530 1402.5
1162540 1400.5
1162550 1396.0
1162560 1389.0
1162570 1385.9
1162580 1382.8
1162590 1379.8
1162600 1379.8
1162610 1378.4
1162620 1380.2
1162630 1380.2
1162640 1380.6
1162650 1375.8
1162660 1375.8
1162670 1370.0
1162680 1367.0
1162690 1367.0
1162700 1365.8
1162710 1364.3
1162720 1364.3
1162730 1359.7
1162740 1359.3
1162750 1359.3
1162760 1361.1
1162770 1363.3
1162780 1363.3
1162790 1362.3
1162800 1358.5
1162810 1358.5
1162820 1354.8
1162830 1353.2
1162840 1353.8
1162850 1353.8
1162860 1351.6
1162870 1348.8
1162880 1348.8
1162890 1346.0
1162900 1342.1
1162910 1342.1
1162920 1340.5
1162930 1341.2
1162940 1341.2
1162950 1339.7
1162960 1332.2
1162970 1332.2
1162980 1331.8
1162990 1330.1
1163000 1330.1
1163010 1325.2
1163020 1321.1
1163030 1321.1
1163040 1326.6
1163050 1330.5
1163060 1330.5
1163070 1330.5
1163080 1331.5
1163090 1325.9
1163100 1325.9
1163110 1304.6
1163120 1292.3
1163130 1292.3
1163140 1299.5
1163150 1306.9
1163160 1306.9
1163170 1311.5
1163180 1316.0
1163190 1316.0
1163200 1317.4
1163210 1317.3
1163220 1317.3
1163230 1320.4
1163240 1320.3
1163250 1320.3
1163260 1317.7
1163270 1306.0
1163280 1298.2
1163290 1298.2
1163300 1296.8
1163310 1291.2
1163320 1291.2
1163330 1277.0
1163340 1264.6
1163350 1256.3
1163360 1249.4
1163370 1250.7
1163380 1250.7
1163390 1252.1
1163400 1251.3
1163410 1251.3
1163420 1248.2
1163430 1244.8
1163440 1244.8
1163450 1241.1
1163460 1235.8
1163470 1235.8
1163480 1225.2
1163490 1223.4
1163500 1224.0
1163510 1224.0
1163520 1209.2
1163530 1195.2
1163540 1195.2
1163550 1172.7
1163560 1166.1
1163570 1166.1
1163580 1175.7
1163590 1187.1
1163600 1187.1
1163610 1197.8
1163620 1206.3
1163630 1206.3
1163640 1207.8
1163650 1202.0
1163660 1202.0
1163670 1194.4
1163680 1188.6
1163690 1188.6
1163700 1184.8
1163710 1181.1
1163720 1178.4
1163730 1178.4
1163740 1175.7
1163750 1164.7
1163760 1164.7
1163770 1163.2
1163780 1161.2
1163790 1161.2
1163800 1158.0
1163810 1155.2
1163820 1155.2
1163830 1152.9
1163840 1150.9
1163850 1150.9
1163860 1149.4
1163870 1146.2
1163880 1146.2
1163890 1143.5
1163900 1140.6
1163910 1140.6
1163920 1137.9
1163930 1134.1
1163940 1129.2
1163950 1129.2
1163960 1123.3
1163970 1118.1
1163980 1118.1
1163990 1113.7
1164000 1109.7
1164010 1109.7
1164020 1106.4
1164030 1104.6
1164040 1104.6
1164050 1101.3
1164060 1097.2
1164070 1097.2
1164080 1093.3
1164090 1087.7
1164100 1087.7
1164110 1084.2
1164120 1081.9
1164130 1081.9
1164140 1070.7
1164150 1067.3
1164160 1067.3
1164170 1063.9
1164180 1063.2
1164190 1062.8
1164200 1062.8
1164210 1059.4
1164220 1055.0
1164230 1055.0
1164240 1051.2
1164250 1048.8
1164260 1048.8
1164270 1048.0
1164280 1048.0
1164290 1048.0
1164300 1048.1
1164310 1048.7
1164320 1048.7
1164330 1050.2
1164340 1052.4
1164350 1052.4
1164360 1053.7
1164370 1054.2
1164380 1054.2
1164390 1054.2
1164400 1054.9
1164410 1056.1
1164420 1056.1
1164430 1056.3
1164440 1056.0
1164450 1056.0
1164460 1059.8
1164470 1062.7
1164480 1062.7
1164490 1064.7
1164500 1065.3
1164510 1065.3
1164520 1065.1
1164530 1064.7
1164540 1066.8
1164550 1065.7
1164560 1064.5
1164570 1064.5
1164580 1063.4
1164590 1063.4
1164600 1063.4
1164610 1063.2
1164620 1061.3
1164630 1060.2
1164640 1060.2
1164650 1058.8
1164660 1057.8
1164670 1057.8
1164680 1057.2
1164690 1056.3
1164700 1056.3
1164710 1055.3
1164720 1054.4
1164730 1054.4
1164740 1053.4
1164750 1052.7
1164760 1052.7
1164770 1051.6
1164780 1050.7
1164790 1050.7
1164800 1050.6
1164810 1050.5
1164820 1050.5
1164830 1050.1
1164840 1050.3
1164850 1051.7
1164860 1051.7
1164870 1055.6
1164880 1061.2
1164890 1061.2
1164900 1067.1
1164910 1070.6
1164920 1070.6
1164930 1072.6
1164940 1082.5
1164950 1082.5
1164960 1086.0
1164970 1089.6
1164980 1089.6
1164990 1092.1
1165000 1093.3
1165010 1093.3
1165020 1094.4
1165030 1095.6
1165040 1095.6
1165050 1097.6
1165060 1101.5
1165070 1105.9
1165080 1105.9
1165090 1109.3
1165100 1112.3
1165110 1112.3
1165120 1114.4
1165130 1117.0
1165140 1117.0
1165150 1120.3
1165160 1124.6
1165170 1124.6
1165180 1128.4
1165190 1133.2
1165200 1133.2
1165210 1139.2
1165220 1147.1
1165230 1147.1
1165240 1155.6
1165250 1164.5
1165260 1164.5
1165270 1174.5
1165280 1187.7
1165290 1197.4
1165300 1197.4
1165310 1203.5
1165320 1212.6
1165330 1218.8
1165340 1226.6
1165350 1232.8
1165360 1232.8
1165370 1238.2
1165380 1246.1
1165390 1246.1
1165400 1252.9
1165410 1259.3
1165420 1259.3
1165430 1265.2
1165440 1271.7
1165450 1271.7
1165460 1278.8
1165470 1285.0
1165480 1285.0
1165490 1289.9
1165500 1294.6
1165510 1299.9
1165520 1299.9
1165530 1306.2
1165540 1312.7
1165550 1312.7
1165560 1317.7
1165570 1323.1
1165580 1323.1
1165590 1328.2
1165600 1334.3
1165610 1334.3
1165620 1339.4
1165630 1344.0
1165640 1344.0
1165650 1348.9
1165660 1353.6
1165670 1353.6
1165680 1358.2
1165690 1362.2
1165700 1362.2
1165710 1366.8
1165720 1371.1
1165730 1378.5
1165740 1383.0
1165750 1389.2
1165760 1393.9
1165770 1393.9
1165780 1394.4
1165790 1390.7
1165800 1390.7
1165810 1390.3
1165820 1396.9
1165830 1396.9
1165840 1402.3
1165850 1408.5
1165860 1408.5
1165870 1413.4
1165880 1415.7
1165890 1415.7
1165900 1418.1
1165910 1421.1
1165920 1421.1
1165930 1424.2
1165940 1427.8
1165950 1427.8
1165960 1431.1
1165970 1433.1
1165980 1434.9
1165990 1434.9
1166000 1436.1
1166010 1436.8
1166020 1436.8
1166030 1438.3
1166040 1441.5
1166050 1441.5
1166060 1443.7
1166070 1446.0
1166080 1446.0
1166090 1447.8
1166100 1450.7
1166110 1450.7
1166120 1454.3
1166130 1462.6
1166140 1462.6
1166150 1465.5
1166160 1469.2
1166170 1469.2
1166180 1472.6
1166190 1475.1
1166200 1477.5
1166210 1477.5
1166220 1479.9
1166230 1483.0
1166240 1483.0
1166250 1486.8
1166260 1491.2
1166270 1491.2
1166280 1495.0
1166290 1498.0
1166300 1498.0
1166310 1500.9
1166320 1503.9
1166330 1503.9
1166340 1507.2
1166350 1510.7
1166360 1510.7
1166370 1514.2
1166380 1517.5
1166390 1517.5
1166400 1520.5
1166410 1522.4
1166420 1524.7
1166430 1524.7
1166440 1528.3
1166450 1531.5
1166460 1531.5
1166470 1533.6
1166480 1534.9
1166490 1534.9
1166500 1538.2
1166510 1540.8
1166520 1540.8
1166530 1549.1
1166540 1552.4
1166550 1552.4
1166560 1556.3
1166570 1560.5
1166580 1560.5
1166590 1564.0
1166600 1567.8
1166610 1567.8
1166620 1571.9
1166630 1575.9
1166640 1579.5
1166650 1579.5
1166660 1583.3
1166670 1586.9
1166680 1586.9
1166690 1591.2
1166700 1595.3
1166710 1595.3
1166720 1598.5
1166730 1601.7
1166740 1601.7
1166750 1604.8
1166760 1605.6
1166770 1605.6
1166780 1604.5
1166790 1604.9
1166800 1604.9
1166810 1606.6
1166820 1608.8
1166830 1608.8
1166840 1612.5
1166850 1614.4
1166860 1609.8
1166870 1609.8
1166880 1603.5
1166890 1599.4
1166900 1599.4
1166910 1595.9
1166920 1591.9
1166930 1598.5
1166940 1594.8
1166950 1593.4
1166960 1593.4
1166970 1594.0
1166980 1595.1
1166990 1595.1
1167000 1595.5
1167010 1596.3
1167020 1596.3
1167030 1598.3
1167040 1601.7
1167050 1601.7
1167060 1605.0
1167070 1605.4
1167080 1605.4
1167090 1605.7
1167100 1604.7
1167110 1601.8
1167120 1601.8
1167130 1600.1
1167140 1599.2
1167150 1599.2
1167160 1599.4
1167170 1600.1
1167180 1600.1
1167190 1600.2
1167200 1597.3
1167210 1597.3
1167220 1594.5
1167230 1592.7
1167240 1592.7
1167250 1595.7
1167260 1601.1
1167270 1601.1
1167280 1603.8
1167290 1601.6
1167300 1601.6
1167310 1600.9
1167320 1598.8
1167330 1603.8
1167340 1603.8
1167350 1604.5
1167360 1601.7
1167370 1601.7
1167380 1596.7
1167390 1593.3
1167400 1593.3
1167410 1592.4
1167420 1593.3
1167430 1593.3
1167440 1595.5
1167450 1599.1
1167460 1599.1
1167470 1602.5
1167480 1607.7
1167490 1607.7
1167500 1615.1
1167510 1622.5
1167520 1622.5
1167530 1629.8
1167540 1637.7
1167550 1645.3
1167560 1645.3
1167570 1652.0
1167580 1658.4
1167590 1658.4
1167600 1664.3
1167610 1669.9
1167620 1669.9
1167630 1675.4
1167640 1681.3
1167650 1681.3
1167660 1687.1
1167670 1693.2
1167680 1693.2
1167690 1698.7
1167700 1704.4
1167710 1704.4
1167720 1709.9
1167730 1714.8
1167740 1714.8
1167750 1720.5
1167760 1726.4
1167770 1731.8
1167780 1731.8
1167790 1735.6
1167800 1737.1
1167810 1737.1
1167820 1739.2
1167830 1742.6
1167840 1742.6
1167850 1747.7
1167860 1752.4
1167870 1752.4
1167880 1755.2
1167890 1756.1
1167900 1756.1
1167910 1760.7
1167920 1768.0
1167930 1768.0
1167940 1774.5
1167950 1779.2
1167960 1779.2
1167970 1785.1
1167980 1791.3
1167990 1797.3
1168000 1797.3
1168010 1803.3
1168020 1810.0
1168030 1810.0
1168040 1816.6
1168050 1822.6
1168060 1822.6
1168070 1827.5
1168080 1832.2
1168090 1832.2
1168100 1837.8
1168110 1843.3
1168120 1843.3
1168130 1847.3
1168140 1851.0
1168150 1851.0
1168160 1856.1
1168170 1862.6
1168180 1862.6
1168190 1867.9
1168200 1872.4
1168210 1878.6
1168220 1878.6
1168230 1885.8
1168240 1891.5
1168250 1891.5
1168260 1896.6
1168270 1901.5
1168280 1901.5
1168290 1906.6
1168300 1913.2
1168310 1913.2
1168320 1920.1
1168330 1926.7
1168340 1926.7
1168350 1933.0
1168360 1939.6
1168370 1939.6
1168380 1946.0
1168390 1952.2
1168400 1952.2
1168410 1956.5
1168420 1959.2
1168430 1965.8
1168440 1965.8
1168450 1972.4
1168460 1976.9
1168470 1976.9
1168480 1980.0
1168490 1983.3
1168500 1983.3
1168510 1987.8
1168520 1991.8
1168530 1992.0
1168540 1996.7
1168550 2002.3
1168560 2002.3
1168570 2008.1
1168580 2012.1
1168590 2012.1
1168600 2015.9
1168610 2020.8
1168620 2020.8
1168630 2026.2
1168640 2030.0
1168650 2030.0
1168660 2034.9
1168670 2040.0
1168680 2044.8
1168690 2044.8
1168700 2052.1
1168710 2057.1
1168720 2057.1
1168730 2060.1
1168740 2063.7
1168750 2063.7
1168760 2068.5
1168770 2072.6
1168780 2072.6
1168790 2078.6
1168800 2085.9
1168810 2085.9
1168820 2091.1
1168830 2095.5
1168840 2095.5
1168850 2099.3
1168860 2103.5
1168870 2103.5
1168880 2109.0
1168890 2113.9
1168900 2120.2
1168910 2120.2
1168920 2126.4
1168930 2128.5
1168940 2128.5
1168950 2132.8
1168960 2138.7
1168970 2138.7
1168980 2145.1
1168990 2149.1
1169000 2149.1
1169010 2153.1
1169020 2157.4
1169030 2157.4
1169040 2161.3
1169050 2164.6
1169060 2164.6
1169070 2167.5
1169080 2170.4
1169090 2170.4
1169100 2173.7
1169110 2179.0
1169120 2184.3
1169130 2184.3
1169140 2188.3
1169150 2191.5
1169160 2191.5
1169170 2194.1
1169180 2198.6
1169190 2198.6
1169200 2202.5
1169210 2206.3
1169220 2206.3
1169230 2210.6
1169240 2214.8
1169250 2214.8
1169260 2218.6
1169270 2222.4
1169280 2222.4
1169290 2226.6
1169300 2231.6
1169310 2231.6
1169320 2237.7
1169330 2242.9
1169340 2250.7
1169350 2250.7
1169360 2260.9
1169370 2271.6
1169380 2271.6
1169390 2278.7
1169400 2285.6
1169410 2285.6
1169420 2292.9
1169430 2297.9
1169440 2297.9
1169450 2304.7
1169460 2310.7
1169470 2310.7
1169480 2315.9
1169490 2320.0
1169500 2320.0
1169510 2324.1
1169520 2327.7
1169530 2327.7
1169540 2331.1
1169550 2334.5
1169560 2337.5
1169570 2337.5
1169580 2340.3
1169590 2343.8
1169600 2343.8
1169610 2348.0
1169620 2351.7
1169630 2351.7
1169640 2355.0
1169650 2357.1
1169660 2357.1
1169670 2359.0
1169680 2360.2
1169690 2360.2
1169700 2361.3
1169710 2362.2
1169720 2362.2
1169730 2362.4
1169740 2363.6
1169750 2363.6
1169760 2364.0
1169770 2364.7
1169780 2366.2
1169790 2366.2
1169800 2367.7
1169810 2368.9
1169820 2368.9
1169830 2370.6
1169840 2371.9
1169850 2371.9
1169860 2372.0
1169870 2372.0
1169880 2372.0
1169890 2370.2
1169900 2368.6
1169910 2368.6
1169920 2368.4
1169930 2370.4
1169940 2370.4
1169950 2375.4
1169960 2381.5
1169970 2381.5
1169980 2387.5
1169990 2392.0
1170000 2395.5
1170010 2395.5
1170020 2394.5
1170030 2394.6
1170040 2394.6
1170050 2392.5
1170060 2392.6
1170070 2392.6
1170080 2393.5
1170090 2394.3
1170100 2394.3
1170110 2397.0
1170120 2400.5
1170130 2400.5
1170140 2410.4
1170150 2413.5
1170160 2413.5
1170170 2415.2
1170180 2411.8
1170190 2411.8
1170200 2410.3
1170210 2408.4
1170220 2408.4
1170230 2404.6
1170240 2401.5
1170250 2401.1
1170260 2401.1
1170270 2398.6
1170280 2392.0
1170290 2392.0
1170300 2386.7
1170310 2380.6
1170320 2380.6
1170330 2375.4
1170340 2370.0
1170350 2370.0
1170360 2367.0
1170370 2366.4
1170380 2366.4
1170390 2365.9
1170400 2364.9
1170410 2364.9
1170420 2363.3
1170430 2361.9
1170440 2361.9
1170450 2361.0
1170460 2360.7
1170470 2360.7
1170480 2360.7
1170490 2362.2
1170500 2363.4
1170510 2363.4
1170520 2363.8
1170530 2365.1
1170540 2370.3
1170550 2374.4
1170560 2378.9
1170570 2378.9
1170580 2382.4
1170590 2385.4
1170600 2385.4
1170610 2387.8
1170620 2388.7
1170630 2388.7
1170640 2389.6
1170650 2390.3
1170660 2390.3
1170670 2391.2
1170680 2392.1
1170690 2395.9
1170700 2395.9
1170710 2401.5
1170720 2406.7
1170730 2406.7
1170740 2409.8
1170750 2411.6
1170760 2411.6
1170770 2411.9
1170780 2411.0
1170790 2411.0
1170800 2410.5
1170810 2410.5
1170820 2410.5
1170830 2411.2
1170840 2412.4
1170850 2412.4
1170860 2413.6
1170870 2414.4
1170880 2414.4
1170890 2414.4
1170900 2413.1
1170910 2410.3
1170920 2410.3
1170930 2409.2
1170940 2425.5
1170950 2425.5
1170960 2425.5
1170970 2424.3
1170980 2424.3
1170990 2423.4
1171000 2426.8
1171010 2426.8
1171020 2427.8
1171030 2428.3
1171040 2428.3
1171050 2432.4
1171060 2433.1
1171070 2433.1
1171080 2429.5
1171090 2425.9
1171100 2425.9
1171110 2425.3
1171120 2426.2
1171130 2426.9
1171140 2426.9
1171150 2426.4
1171160 2425.9
1171170 2425.9
1171180 2426.5
1171190 2427.3
1171200 2427.3
1171210 2427.3
1171220 2426.7
1171230 2426.7
1171240 2426.2
1171250 2425.6
1171260 2425.6
1171270 2425.4
1171280 2429.4
1171290 2429.4
1171300 2433.0
1171310 2435.9
1171320 2435.9
1171330 2438.4
1171340 2440.9
1171350 2444.6
1171360 2444.6
1171370 2446.2
1171380 2449.9
1171390 2449.9
1171400 2454.9
1171410 2460.4
1171420 2460.4
1171430 2465.7
1171440 2470.5
1171450 2470.5
1171460 2475.5
1171470 2481.5
1171480 2481.5
1171490 2488.9
1171500 2498.6
1171510 2498.6
1171520 2509.5
1171530 2519.0
1171540 2519.0
1171550 2526.7
1171560 2535.2
1171570 2540.8
1171580 2540.8
1171590 2545.3
1171600 2550.4
1171610 2550.4
1171620 2556.5
1171630 2563.4
1171640 2563.4
1171650 2570.2
1171660 2577.3
1171670 2577.3
1171680 2584.5
1171690 2592.0
1171700 2592.0
1171710 2599.7
1171720 2607.5
1171730 2607.5
1171740 2615.4
1171750 2623.5
1171760 2623.5
1171770 2633.1
1171780 2642.1
1171790 2642.1
1171800 2651.1
1171810 2659.5
1171820 2667.2
1171830 2667.2
1171840 2674.6
1171850 2681.7
1171860 2681.7
1171870 2688.0
1171880 2691.7
1171890 2691.7
1171900 2689.1
1171910 2682.9
1171920 2682.9
1171930 2677.0
1171940 2674.8
1171950 2674.8
1171960 2673.9
1171970 2675.8
1171980 2675.8
1171990 2680.5
1172000 2686.3
1172010 2686.3
1172020 2689.3
1172030 2683.5
1172040 2678.3
1172050 2678.3
1172060 2673.7
1172070 2670.7
1172080 2670.7
1172090 2668.2
1172100 2662.7
1172110 2662.7
1172120 2655.5
1172130 2643.6
1172140 2643.6
1172150 2629.2
1172160 2622.5
1172170 2622.5
1172180 2617.2
1172190 2613.8
1172200 2613.8
1172210 2611.7
1172220 2609.8
1172230 2609.8
1172240 2608.0
1172250 2605.9
1172260 2603.9
1172270 2603.9
1172280 2601.6
1172290 2598.8
1172300 2598.8
1172310 2596.0
1172320 2593.1
1172330 2593.1
1172340 2589.4
1172350 2585.2
1172360 2585.2
1172370 2581.1
1172380 2578.3
1172390 2578.3
1172400 2576.7
1172410 2574.7
1172420 2574.7
1172430 2573.8
1172440 2573.2
1172450 2573.2
1172460 2575.1
1172470 2577.1
1172480 2575.4
1172490 2575.4
1172500 2568.4
1172510 2560.1
1172520 2560.1
1172530 2549.8
1172540 2538.6
1172550 2538.6
1172560 2528.3
1172570 2502.4
1172580 2502.4
1172590 2486.9
1172600 2476.7
1172610 2476.7
1172620 2469.1
1172630 2462.4
1172640 2462.4
1172650 2455.8
1172660 2450.3
1172670 2450.3
1172680 2446.4
1172690 2442.9
1172700 2439.5
1172710 2439.5
1172720 2436.6
1172730 2433.9
1172740 2433.9
1172750 2431.4
1172760 2428.8
1172770 2428.8
1172780 2426.8
1172790 2425.0
1172800 2425.0
1172810 2423.6
1172820 2422.6
1172830 2422.6
1172840 2420.7
1172850 2421.1
1172860 2421.1
1172870 2423.6
1172880 2424.2
1172890 2424.2
1172900 2418.8
1172910 2407.6
1172920 2399.8
1172930 2399.8
1172940 2393.6
1172950 2388.8
1172960 2388.8
1172970 2383.5
1172980 2380.3
1172990 2380.3
1173000 2378.2
1173010 2376.5
1173020 2376.5
1173030 2375.1
1173040 2373.5
1173050 2373.5
1173060 2371.4
1173070 2369.3
1173080 2369.3
1173090 2367.3
1173100 2365.5
1173110 2365.5
1173120 2363.7
1173130 2362.2
1173140 2360.5
1173150 2360.5
1173160 2358.9
1173170 2357.0
1173180 2357.0
1173190 2355.6
1173200 2354.0
1173210 2354.0
1173220 2352.5
1173230 2351.2
1173240 2351.2
1173250 2349.6
1173260 2348.3
1173270 2348.3
1173280 2346.7
1173290 2345.2
1173300 2345.2
1173310 2344.0
1173320 2343.3
1173330 2343.3
1173340 2342.6
1173350 2341.7
1173360 2341.7
1173370 2341.0
1173380 2338.4
1173390 2337.2
1173400 2337.2
1173410 2336.0
1173420 2334.7
1173430 2334.7
1173440 2333.7
1173450 2332.7
1173460 2332.7
1173470 2331.3
1173480 2329.8
1173490 2329.8
1173500 2328.4
1173510 2327.4
1173520 2327.4
1173530 2326.3
1173540 2324.8
1173550 2324.8
1173560 2323.7
1173570 2322.6
1173580 2322.6
1173590 2321.7
1173600 2320.9
1173610 2320.3
1173620 2320.3
1173630 2319.4
1173640 2318.5
1173650 2318.5
1173660 2317.3
1173670 2314.8
1173680 2314.8
1173690 2311.9
1173700 2308.9
1173710 2308.9
1173720 2304.7
1173730 2299.8
1173740 2299.8
1173750 2294.2
1173760 2288.4
1173770 2288.4
1173780 2283.4
1173790 2280.2
1173800 2280.2
1173810 2275.9
1173820 2271.2
1173830 2266.2
1173840 2266.2
1173850 2262.9
1173860 2260.8
1173870 2260.8
1173880 2259.7
1173890 2258.9
1173900 2258.9
1173910 2258.1
1173920 2257.6
1173930 2257.6
1173940 2257.2
1173950 2256.7
1173960 2256.7
1173970 2256.7
1173980 2257.4
1173990 2257.4
1174000 2259.4
1174010 2260.9
1174020 2260.9
1174030 2261.1
1174040 2260.4
1174050 2259.8
1174060 2259.8
1174070 2259.1
1174080 2258.1
1174090 2258.1
1174100 2256.9
1174110 2254.3
1174120 2254.3
1174130 2252.3
1174140 2251.7
1174150 2251.7
1174160 2251.0
1174170 2251.1
1174180 2251.1
1174190 2250.5
1174200 2242.0
1174210 2242.0
1174220 2239.9
1174230 2239.1
1174240 2239.1
1174250 2239.0
1174260 2238.7
1174270 2238.3
1174280 2238.3
1174290 2237.0
1174300 2234.4
1174310 2234.4
1174320 2231.5
1174330 2228.5
1174340 2228.5
1174350 2225.7
1174360 2223.3
1174370 2223.3
1174380 2219.3
1174390 2212.5
1174400 2212.5
1174410 2204.4
1174420 2197.2
1174430 2197.2
1174440 2191.8
1174450 2188.2
1174460 2188.2
1174470 2185.0
1174480 2181.2
1174490 2176.6
1174500 2176.6
1174510 2171.4
1174520 2166.2
1174530 2166.2
1174540 2160.8
1174550 2156.2
1174560 2156.2
1174570 2152.7
1174580 2150.0
1174590 2150.0
1174600 2143.3
1174610 2141.7
1174620 2141.7
1174630 2138.8
1174640 2137.2
1174650 2137.2
1174660 2138.3
1174670 2139.6
1174680 2139.6
1174690 2139.9
1174700 2138.6
1174710 2137.1
1174720 2137.1
1174730 2137.3
1174740 2136.8
1174750 2136.8
1174760 2136.4
1174770 2136.5
1174780 2136.5
1174790 2134.7
1174800 2134.0
1174810 2134.0
1174820 2134.3
1174830 2134.3
1174840 2134.3
1174850 2134.3
1174860 2134.1
1174870 2134.1
1174880 2133.2
1174890 2131.7
1174900 2131.7
1174910 2131.7
1174920 2131.6
1174930 2131.6
1174940 2131.4
1174950 2131.4
1174960 2130.9
1174970 2130.9
1174980 2130.0
1174990 2128.6
1175000 2128.6
1175010 2120.8
1175020 2121.2
1175030 2121.2
1175040 2121.0
1175050 2120.3
1175060 2120.3
1175070 2119.0
1175080 2117.1
1175090 2117.1
1175100 2114.9
1175110 2113.0
1175120 2113.0
1175130 2113.1
1175140 2116.4
1175150 2116.4
1175160 2122.4
1175170 2119.7
1175180 2119.8
1175190 2119.8
1175200 2121.3
1175210 2124.6
1175220 2124.6
1175230 2128.3
1175240 2131.9
1175250 2131.9
1175260 2135.0
1175270 2135.6
1175280 2135.6
1175290 2136.8
1175300 2134.6
1175310 2134.6
1175320 2128.4
1175330 2125.2
1175340 2125.2
1175350 2125.6
1175360 2124.8
1175370 2124.8
1175380 2122.7
1175390 2117.3
1175400 2112.0
1175410 2112.0
1175420 2097.8
1175430 2090.8
1175440 2090.8
1175450 2082.4
1175460 2073.6
1175470 2073.6
1175480 2066.4
1175490 2058.5
1175500 2058.5
1175510 2053.1
1175520 2051.7
1175530 2051.7
1175540 2049.2
1175550 2041.4
1175560 2041.4
1175570 2021.2
1175580 2004.7
1175590 2004.7
1175600 1984.5
1175610 1964.9
1175620 1954.9
1175630 1954.9
1175640 1947.8
1175650 1940.7
1175660 1940.7
1175670 1933.1
1175680 1924.7
1175690 1924.7
1175700 1916.8
1175710 1909.3
1175720 1909.3
1175730 1902.0
1175740 1894.7
1175750 1894.7
1175760 1887.6
1175770 1881.1
1175780 1881.1
1175790 1874.6
1175800 1867.9
1175810 1867.9
1175820 1862.0
1175830 1856.8
1175840 1855.3
1175850 1855.3
1175860 1855.1
1175870 1855.2
1175880 1855.2
1175890 1856.0
1175900 1857.4
1175910 1857.4
1175920 1858.9
1175930 1860.3
1175940 1860.3
1175950 1861.7
1175960 1863.3
1175970 1863.3
1175980 1864.7
1175990 1866.1
1176000 1866.1
1176010 1867.8
1176020 1869.6
1176030 1869.6
1176040 1871.1
1176050 1871.8
1176060 1873.1
1176070 1873.1
1176080 1876.9
1176090 1884.1
1176100 1884.1
1176110 1891.1
1176120 1896.9
1176130 1896.9
1176140 1902.5
1176150 1906.9
1176160 1906.9
1176170 1911.1
1176180 1915.3
1176190 1915.3
1176200 1920.5
1176210 1926.0
1176220 1926.0
1176230 1931.5
1176240 1940.2
1176250 1940.2
1176260 1945.0
1176270 1950.0
1176280 1955.7
1176290 1955.7
1176300 1960.4
1176310 1965.0
1176320 1965.0
1176330 1972.0
1176340 1979.8
1176350 1979.8
1176360 1987.7
1176370 1994.5
1176380 1994.5
1176390 2000.4
1176400 2005.8
1176410 2005.8
1176420 2011.7
1176430 2017.5
1176440 2017.5
1176450 2022.0
1176460 2025.7
1176470 2025.7
1176480 2029.8
1176490 2034.7
1176500 2040.0
1176510 2040.0
1176520 2044.3
1176530 2048.0
1176540 2048.0
1176550 2051.9
1176560 2055.6
1176570 2055.6
1176580 2058.2
1176590 2060.2
1176600 2060.2
1176610 2061.8
1176620 2064.5
1176630 2064.5
1176640 2067.8
1176650 2071.2
1176660 2074.6
1176670 2077.9
1176680 2081.8
1176690 2081.8
1176700 2085.6
1176710 2089.2
1176720 2089.2
1176730 2092.7
1176740 2096.2
1176750 2100.2
1176760 2100.2
1176770 2104.5
1176780 2108.9
1176790 2108.9
1176800 2114.0
1176810 2119.8
1176820 2119.8
1176830 2126.3
1176840 2131.8
1176850 2131.8
1176860 2136.6
1176870 2139.9
1176880 2139.9
1176890 2142.2
1176900 2145.6
1176910 2145.6
1176920 2149.7
1176930 2154.4
1176940 2154.4
1176950 2159.9
1176960 2164.5
1176970 2168.5
1176980 2168.5
1176990 2172.1
1177000 2176.4
1177010 2176.4
1177020 2181.4
1177030 2186.3
1177040 2186.3
1177050 2189.2
1177060 2191.2
1177070 2195.1
1177080 2197.4
1177090 2199.5
1177100 2199.5
1177110 2202.3
1177120 2205.1
1177130 2205.1
1177140 2207.3
1177150 2209.5
1177160 2209.5
1177170 2211.4
1177180 2213.0
1177190 2214.3
1177200 2214.3
1177210 2215.2
1177220 2215.6
1177230 2215.6
1177240 2214.8
1177250 2212.9
1177260 2212.9
1177270 2212.3
1177280 2215.2
1177290 2215.2
1177300 2218.9
1177310 2221.8
1177320 2221.8
1177330 2223.9
1177340 2224.7
1177350 2224.7
1177360 2223.0
1177370 2221.1
1177380 2221.1
1177390 2220.6
1177400 2221.0
1177410 2221.4
1177420 2221.4
1177430 2223.0
1177440 2224.9
1177450 2224.9
1177460 2226.2
1177470 2227.3
1177480 2232.3
1177490 2232.2
1177500 2233.8
1177510 2233.8
1177520 2235.6
1177530 2236.6
1177540 2236.6
1177550 2236.8
1177560 2234.6
1177570 2234.6
1177580 2229.9
1177590 2225.6
1177600 2225.6
1177610 2222.4
1177620 2220.2
1177630 2217.7
1177640 2217.7
1177650 2216.0
1177660 2214.1
1177670 2214.1
1177680 2211.2
1177690 2209.2
1177700 2209.2
1177710 2207.5
1177720 2205.2
1177730 2205.2
1177740 2202.2
1177750 2199.0
1177760 2199.0
1177770 2194.0
1177780 2191.0
1177790 2191.0
1177800 2191.0
1177810 2192.2
1177820 2192.2
1177830 2195.3
1177840 2198.8
1177850 2201.4
1177860 2201.4
1177870 2202.0
1177880 2202.3
1177890 2204.9
1177900 2204.4
1177910 2203.8
1177920 2203.8
1177930 2202.9
1177940 2200.8
1177950 2200.8
1177960 2199.8
1177970 2201.3
1177980 2201.3
1177990 2205.0
1178000 2209.2
1178010 2209.2
1178020 2212.0
1178030 2213.4
1178040 2213.4
1178050 2213.9
1178060 2212.7
1178070 2210.7
1178080 2210.7
1178090 2209.6
1178100 2208.5
1178110 2208.5
1178120 2207.6
1178130 2207.2
1178140 2207.2
1178150 2208.3
1178160 2208.9
1178170 2208.9
1178180 2209.8
1178190 2211.1
1178200 2211.1
1178210 2212.6
1178220 2214.1
1178230 2214.1
1178240 2215.7
1178250 2216.9
1178260 2216.9
1178270 2218.7
1178280 2222.5
1178290 2224.7
1178300 2224.7
1178310 2228.2
1178320 2229.2
1178330 2229.2
1178340 2232.2
1178350 2236.6
1178360 2236.6
1178370 2240.4
1178380 2242.7
1178390 2242.7
1178400 2243.8
1178410 2244.5
1178420 2244.5
1178430 2245.2
1178440 2245.6
1178450 2245.6
1178460 2245.7
1178470 2246.2
1178480 2246.2
1178490 2247.4
1178500 2248.5
1178510 2248.5
1178520 2249.0
1178530 2248.5
1178540 2247.0
1178550 2247.0
1178560 2246.3
1178570 2245.4
1178580 2245.4
1178590 2245.1
1178600 2245.9
1178610 2245.9
1178620 2246.6
1178630 2246.7
1178640 2246.7
1178650 2246.2
1178660 2245.5
1178670 2245.5
1178680 2244.7
1178690 2243.4
1178700 2243.4
1178710 2242.3
1178720 2243.2
1178730 2243.2
1178740 2241.6
1178750 2240.3
1178760 2239.9
1178770 2239.9
1178780 2240.8
1178790 2243.6
1178800 2243.6
1178810 2247.3
1178820 2250.6
1178830 2250.6
1178840 2252.0
1178850 2253.1
1178860 2253.1
1178870 2255.8
1178880 2259.7
1178890 2259.7
1178900 2265.0
1178910 2270.7
1178920 2270.7
1178930 2277.1
1178940 2284.1
1178950 2284.1
1178960 2289.5
1178970 2292.0
1178980 2293.2
1178990 2293.2
1179000 2293.1
1179010 2292.9
1179020 2292.9
1179030 2293.3
1179040 2293.3
1179050 2293.3
1179060 2293.6
1179070 2293.9
1179080 2293.9
1179090 2293.9
1179100 2293.9
1179110 2293.9
1179120 2293.5
1179130 2293.7
1179140 2297.0
1179150 2297.7
1179160 2298.4
1179170 2298.4
1179180 2299.5
1179190 2300.6
1179200 2302.4
1179210 2302.4
1179220 2305.6
1179230 2308.6
1179240 2308.6
1179250 2312.3
1179260 2315.9
1179270 2315.9
1179280 2320.0
1179290 2324.9
1179300 2324.9
1179310 2329.6
1179320 2334.2
1179330 2334.2
1179340 2338.6
1179350 2342.6
1179360 2342.6
1179370 2346.1
1179380 2349.8
1179390 2349.8
1179400 2354.2
1179410 2357.4
1179420 2359.7
1179430 2359.7
1179440 2362.4
1179450 2365.6
1179460 2365.6
1179470 2368.9
1179480 2372.1
1179490 2372.1
1179500 2375.2
1179510 2378.1
1179520 2378.1
1179530 2380.9
1179540 2383.2
1179550 2384.9
1179560 2387.0
1179570 2388.6
1179580 2388.6
1179590 2390.8
1179600 2392.7
1179610 2392.7
1179620 2394.4
1179630 2396.1
1179640 2397.7
1179650 2397.7
1179660 2399.3
1179670 2400.7
1179680 2400.7
1179690 2402.5
1179700 2404.1
1179710 2404.1
1179720 2405.8
1179730 2407.6
1179740 2407.6
1179750 2410.0
1179760 2412.1
1179770 2412.1
1179780 2413.6
1179790 2415.9
1179800 2415.9
1179810 2418.3
1179820 2420.4
1179830 2420.4
1179840 2422.7
1179850 2425.9
1179860 2429.3
1179870 2429.3
1179880 2432.0
1179890 2434.0
1179900 2434.0
1179910 2435.9
1179920 2437.3
1179930 2437.3
1179940 2438.4
1179950 2436.2
1179960 2436.2
1179970 2428.2
1179980 2423.9
1179990 2423.9
