1160000 1913.4
1160010 1909.6
1160020 1909.6
1160030 1909.6
1160040 1909.5
1160050 1909.5
1160060 1908.9
1160070 1908.1
1160080 1908.1
1160090 1907.3
1160100 1906.3
1160110 1906.3
1160120 1905.5
1160130 1904.8
1160140 1903.7
1160150 1903.7
1160160 1902.2
1160170 1903.0
1160180 1903.0
1160190 1903.5
1160200 1901.9
1160210 1901.9
1160220 1899.7
1160230 1897.1
1160240 1897.1
1160250 1894.9
1160260 1892.0
1160270 1892.0
1160280 1886.6
1160290 1879.9
1160300 1879.9
1160310 1873.4
1160320 1865.1
1160330 1865.1
1160340 1855.0
1160350 1849.7
1160360 1845.2
1160370 1845.2
1160380 1837.9
1160390 1832.3
1160400 1827.6
1160410 1822.3
1160420 1817.4
1160430 1817.4
1160440 1813.7
1160450 1810.6
1160460 1810.6
1160470 1807.8
1160480 1804.6
1160490 1804.6
1160500 1801.2
1160510 1797.5
1160520 1797.5
1160530 1792.6
1160540 1788.4
1160550 1788.4
1160560 1784.3
1160570 1779.3
1160580 1779.3
1160590 1774.6
1160600 1771.0
1160610 1767.8
1160620 1767.8
1160630 1764.3
1160640 1761.3
1160650 1761.3
1160660 1758.8
1160670 1758.0
1160680 1758.0
1160690 1758.7
1160700 1760.0
1160710 1760.0
1160720 1760.7
1160730 1760.4
1160740 1760.4
1160750 1758.3
1160760 1751.6
1160770 1751.6
1160780 1746.2
1160790 1742.3
1160800 1742.3
1160810 1749.6
1160820 1753.2
1160830 1751.1
1160840 1751.1
1160850 1748.6
1160860 1746.7
1160870 1746.7
1160880 1745.7
1160890 1746.1
1160900 1746.1
1160910 1745.9
1160920 1744.7
1160930 1744.7
1160940 1744.7
1160950 1745.6
1160960 1745.6
1160970 1747.3
1160980 1749.8
1160990 1749.8
1161000 1752.0
1161010 1756.2
1161020 1756.2
1161030 1760.2
1161040 1760.8
1161050 1758.9
1161060 1758.9
1161070 1754.9
1161080 1752.6
1161090 1752.6
1161100 1752.6
1161110 1753.6
1161120 1753.6
1161130 1755.6
1161140 1757.4
1161150 1757.4
1161160 1762.4
1161170 1767.1
1161180 1760.9
1161190 1763.7
1161200 1765.2
1161210 1765.2
1161220 1768.2
1161230 1770.5
1161240 1770.5
1161250 1774.9
1161260 1776.7
1161270 1779.0
1161280 1779.0
1161290 1782.5
1161300 1784.6
1161310 1784.6
1161320 1786.7
1161330 1789.0
1161340 1789.0
1161350 1792.0
1161360 1795.3
1161370 1795.3
1161380 1797.7
1161390 1801.0
1161400 1801.0
1161410 1803.9
1161420 1806.0
1161430 1806.0
1161440 1808.2
1161450 1811.1
1161460 1811.1
1161470 1811.8
1161480 1813.7
1161490 1814.8
1161500 1814.8
1161510 1815.5
1161520 1817.8
1161530 1817.8
1161540 1819.6
1161550 1819.7
1161560 1819.7
1161570 1819.9
1161580 1815.4
1161590 1815.4
1161600 1815.1
1161610 1812.8
1161620 1812.8
1161630 1810.5
1161640 1809.0
1161650 1809.0
1161660 1810.1
1161670 1812.8
1161680 1812.8
1161690 1813.1
1161700 1810.8
1161710 1810.8
1161720 1807.4
1161730 1803.5
1161740 1800.7
1161750 1800.7
1161760 1801.2
1161770 1799.0
1161780 1799.0
1161790 1794.6
1161800 1786.0
1161810 1786.0
1161820 1776.3
1161830 1769.6
1161840 1769.6
1161850 1762.5
1161860 1759.1
1161870 1759.1
1161880 1758.0
1161890 1756.5
1161900 1756.5
1161910 1755.0
1161920 1755.1
1161930 1755.1
1161940 1755.2
1161950 1754.0
1161960 1749.9
1161970 1743.5
1161980 1741.6
1161990 1741.7
1162000 1741.7
1162010 1740.4
1162020 1738.5
1162030 1738.5
1162040 1735.3
1162050 1730.6
1162060 1730.6
1162070 1726.8
1162080 1723.5
1162090 1723.5
1162100 1718.8
1162110 1712.2
1162120 1712.2
1162130 1707.8
1162140 1704.7
1162150 1704.7
1162160 1703.3
1162170 1703.5
1162180 1703.5
1162190 1703.5
1162200 1703.6
1162210 1702.9
1162220 1702.9
1162230 1702.8
1162240 1701.8
1162250 1701.8
1162260 1698.4
1162270 1696.1
1162280 1696.1
1162290 1695.3
1162300 1695.7
1162310 1695.7
1162320 1697.2
1162330 1698.5
1162340 1698.5
1162350 1700.2
1162360 1700.2
1162370 1700.2
1162380 1701.9
1162390 1703.2
1162400 1704.3
1162410 1704.3
1162420 1704.7
1162430 1706.5
1162440 1706.5
1162450 1709.6
1162460 1712.1
1162470 1712.1
1162480 1713.5
1162490 1714.2
1162500 1714.2
1162510 1714.6
1162520 1715.4
1162530 1715.4
1162540 1716.7
1162550 1718.9
1162560 1718.9
1162570 1723.2
1162580 1727.1
1162590 1727.1
1162600 1728.3
1162610 1732.1
1162620 1734.3
1162630 1734.3
1162640 1735.3
1162650 1736.0
1162660 1736.0
1162670 1736.2
1162680 1736.9
1162690 1736.9
1162700 1737.6
1162710 1738.4
1162720 1738.4
1162730 1738.7
1162740 1738.4
1162750 1738.4
1162760 1736.4
1162770 1735.6
1162780 1735.6
1162790 1735.4
1162800 1736.3
1162810 1736.3
1162820 1737.3
1162830 1737.0
1162840 1737.0
1162850 1735.6
1162860 1734.6
1162870 1734.5
1162880 1734.5
1162890 1732.3
1162900 1727.6
1162910 1727.6
1162920 1724.5
1162930 1721.8
1162940 1721.8
1162950 1718.5
1162960 1718.8
1162970 1718.8
1162980 1720.8
1162990 1722.5
1163000 1722.5
1163010 1723.4
1163020 1719.8
1163030 1719.8
1163040 1715.6
1163050 1712.2
1163060 1712.2
1163070 1709.8
1163080 1706.4
1163090 1701.5
1163100 1701.5
1163110 1694.5
1163120 1687.0
1163130 1687.0
1163140 1679.9
1163150 1672.4
1163160 1672.4
1163170 1664.1
1163180 1655.7
1163190 1655.7
1163200 1649.2
1163210 1645.1
1163220 1645.1
1163230 1646.4
1163240 1651.8
1163250 1651.8
1163260 1656.6
1163270 1660.0
1163280 1660.0
1163290 1664.5
1163300 1669.1
1163310 1673.5
1163320 1673.5
1163330 1677.4
1163340 1682.7
1163350 1682.7
1163360 1687.7
1163370 1692.6
1163380 1692.6
1163390 1696.6
1163400 1700.4
1163410 1700.4
1163420 1704.1
1163430 1707.4
1163440 1707.4
1163450 1711.1
1163460 1715.0
1163470 1715.0
1163480 1718.5
1163490 1721.8
1163500 1721.8
1163510 1724.8
1163520 1727.6
1163530 1728.8
1163540 1728.8
1163550 1723.3
1163560 1722.8
1163570 1722.8
1163580 1721.0
1163590 1719.7
1163600 1719.7
1163610 1717.5
1163620 1714.0
1163630 1714.0
1163640 1710.4
1163650 1706.5
1163660 1706.5
1163670 1699.7
1163680 1694.3
1163690 1694.3
1163700 1689.1
1163710 1683.7
1163720 1683.7
1163730 1678.3
1163740 1673.2
1163750 1668.9
1163760 1668.9
1163770 1665.2
1163780 1659.5
1163790 1659.5
1163800 1653.4
1163810 1646.6
1163820 1646.6
1163830 1639.0
1163840 1633.2
1163850 1633.2
1163860 1628.8
1163870 1624.1
1163880 1624.1
1163890 1617.3
1163900 1609.0
1163910 1609.0
1163920 1601.4
1163930 1594.8
1163940 1593.0
1163950 1586.2
1163960 1578.7
1163970 1578.7
1163980 1571.5
1163990 1564.3
1164000 1557.3
1164010 1557.3
1164020 1550.8
1164030 1544.3
1164040 1544.3
1164050 1538.3
1164060 1532.9
1164070 1532.9
1164080 1528.3
1164090 1524.2
1164100 1524.2
1164110 1520.2
1164120 1514.2
1164130 1514.2
1164140 1509.4
1164150 1506.0
1164160 1506.0
1164170 1503.1
1164180 1499.7
1164190 1499.7
1164200 1495.3
1164210 1490.4
1164220 1482.6
1164230 1482.6
1164240 1473.3
1164250 1465.4
1164260 1465.4
1164270 1458.8
1164280 1452.6
1164290 1452.6
1164300 1446.0
1164310 1438.0
1164320 1438.0
1164330 1429.8
1164340 1415.2
1164350 1415.2
1164360 1407.7
1164370 1401.1
1164380 1401.1
1164390 1394.3
1164400 1388.5
1164410 1388.5
1164420 1383.3
1164430 1376.7
1164440 1365.0
1164450 1365.0
1164460 1357.4
1164470 1353.1
1164480 1353.1
1164490 1349.7
1164500 1345.2
1164510 1345.2
1164520 1339.4
1164530 1333.0
1164540 1333.0
1164550 1326.4
1164560 1319.7
1164570 1319.7
1164580 1313.4
1164590 1306.4
1164600 1306.4
1164610 1299.0
1164620 1291.0
1164630 1291.0
1164640 1283.4
1164650 1275.6
1164660 1267.1
1164670 1267.1
1164680 1259.3
1164690 1253.4
1164700 1253.4
1164710 1247.8
1164720 1242.7
1164730 1237.4
1164740 1232.8
1164750 1229.4
1164760 1229.4
1164770 1227.0
1164780 1226.2
1164790 1226.2
1164800 1224.5
1164810 1221.6
1164820 1221.6
1164830 1217.7
1164840 1213.0
1164850 1213.0
1164860 1207.2
1164870 1201.3
1164880 1195.3
1164890 1195.3
1164900 1188.8
1164910 1183.2
1164920 1183.2
1164930 1178.0
1164940 1172.2
1164950 1172.2
1164960 1165.0
1164970 1157.8
1164980 1157.8
1164990 1150.8
1165000 1144.1
1165010 1144.1
1165020 1136.9
1165030 1130.7
1165040 1130.7
1165050 1127.5
1165060 1124.9
1165070 1124.9
1165080 1122.9
1165090 1121.0
1165100 1121.0
1165110 1117.9
1165120 1113.5
1165130 1102.3
1165140 1102.3
1165150 1097.6
1165160 1093.5
1165170 1093.5
1165180 1090.7
1165190 1087.3
1165200 1087.3
1165210 1083.3
1165220 1077.8
1165230 1077.8
1165240 1073.3
1165250 1071.4
1165260 1071.4
1165270 1070.4
1165280 1070.2
1165290 1070.2
1165300 1069.5
1165310 1066.9
1165320 1066.9
1165330 1064.0
1165340 1061.4
1165350 1058.4
1165360 1058.4
1165370 1055.4
1165380 1054.3
1165390 1054.3
1165400 1052.3
1165410 1050.1
1165420 1050.1
1165430 1048.7
1165440 1047.6
1165450 1047.6
1165460 1045.5
1165470 1043.4
1165480 1043.4
1165490 1041.7
1165500 1038.6
1165510 1038.6
1165520 1032.7
1165530 1026.4
1165540 1026.4
1165550 1025.3
1165560 1025.1
1165570 1023.8
1165580 1023.8
1165590 1020.8
1165600 1020.1
1165610 1020.1
1165620 1022.3
1165630 1024.9
1165640 1024.9
1165650 1025.1
1165660 1025.4
1165670 1025.4
1165680 1028.0
1165690 1032.2
1165700 1032.2
1165710 1037.6
1165720 1043.1
1165730 1043.1
1165740 1045.6
1165750 1046.6
1165760 1046.6
1165770 1047.5
1165780 1048.4
1165790 1049.1
1165800 1049.1
1165810 1049.9
1165820 1050.9
1165830 1050.9
1165840 1052.0
1165850 1053.2
1165860 1053.2
1165870 1054.3
1165880 1055.4
1165890 1055.4
1165900 1056.8
1165910 1057.6
1165920 1058.2
1165930 1059.2
1165940 1060.3
1165950 1060.3
1165960 1061.6
1165970 1062.9
1165980 1062.9
1165990 1064.2
1166000 1065.5
1166010 1066.6
1166020 1066.6
1166030 1067.4
1166040 1068.2
1166050 1068.2
1166060 1069.6
1166070 1070.8
1166080 1070.8
1166090 1071.1
1166100 1071.5
1166110 1071.5
1166120 1072.2
1166130 1071.8
1166140 1071.8
1166150 1073.1
1166160 1074.3
1166170 1074.3
1166180 1074.7
1166190 1077.6
1166200 1077.6
1166210 1081.6
1166220 1083.5
1166230 1083.5
1166240 1084.9
1166250 1085.9
1166260 1086.4
1166270 1086.4
1166280 1089.2
1166290 1096.9
1166300 1096.9
1166310 1104.8
1166320 1112.9
1166330 1112.9
1166340 1117.2
1166350 1121.8
1166360 1121.8
1166370 1126.8
1166380 1131.7
1166390 1131.7
1166400 1136.8
1166410 1140.6
1166420 1140.6
1166430 1145.4
1166440 1150.4
1166450 1150.4
1166460 1155.3
1166470 1160.6
1166480 1165.9
1166490 1165.9
1166500 1171.5
1166510 1176.8
1166520 1176.8
1166530 1182.2
1166540 1187.2
1166550 1187.2
1166560 1192.4
1166570 1196.0
1166580 1196.0
1166590 1199.3
1166600 1202.9
1166610 1202.9
1166620 1207.4
1166630 1212.1
1166640 1212.1
1166650 1217.1
1166660 1223.9
1166670 1223.9
1166680 1229.1
1166690 1234.4
1166700 1241.1
1166710 1241.1
1166720 1253.8
1166730 1260.1
1166740 1260.1
1166750 1266.0
1166760 1271.6
1166770 1271.6
1166780 1277.6
1166790 1284.1
1166800 1284.1
1166810 1289.8
1166820 1295.2
1166830 1295.2
1166840 1300.5
1166850 1305.3
1166860 1305.3
1166870 1309.8
1166880 1314.4
1166890 1314.4
1166900 1316.9
1166910 1318.4
1166920 1318.6
1166930 1318.6
1166940 1320.1
1166950 1321.9
1166960 1321.9
1166970 1323.2
1166980 1326.4
1166990 1326.4
1167000 1330.2
1167010 1334.4
1167020 1334.4
1167030 1340.1
1167040 1345.1
1167050 1345.1
1167060 1349.5
1167070 1354.5
1167080 1354.5
1167090 1360.0
1167100 1365.4
1167110 1365.4
1167120 1373.9
1167130 1379.1
1167140 1386.2
1167150 1386.2
1167160 1393.1
1167170 1398.7
1167180 1398.7
1167190 1403.4
1167200 1408.2
1167210 1408.2
1167220 1413.2
1167230 1419.3
1167240 1419.3
1167250 1428.4
1167260 1433.4
1167270 1433.4
1167280 1437.4
1167290 1439.9
1167300 1439.9
1167310 1441.0
1167320 1444.0
1167330 1444.0
1167340 1447.3
1167350 1450.5
1167360 1450.5
1167370 1457.7
1167380 1464.2
1167390 1468.6
1167400 1468.6
1167410 1475.2
1167420 1483.5
1167430 1483.5
1167440 1488.8
1167450 1493.0
1167460 1493.0
1167470 1498.6
1167480 1503.8
1167490 1503.8
1167500 1509.0
1167510 1513.8
1167520 1520.1
1167530 1525.6
1167540 1529.7
1167550 1529.7
1167560 1532.9
1167570 1537.3
1167580 1537.3
1167590 1542.2
1167600 1546.6
1167610 1551.2
1167620 1551.2
1167630 1555.9
1167640 1560.6
1167650 1560.6
1167660 1565.1
1167670 1569.2
1167680 1569.2
1167690 1572.6
1167700 1574.9
1167710 1574.9
1167720 1576.0
1167730 1576.8
1167740 1576.8
1167750 1578.9
1167760 1580.1
1167770 1580.1
1167780 1581.2
1167790 1583.5
1167800 1583.5
1167810 1584.9
1167820 1584.6
1167830 1585.4
1167840 1585.4
1167850 1587.4
1167860 1590.0
1167870 1590.0
1167880 1592.6
1167890 1597.4
1167900 1597.4
1167910 1603.9
1167920 1611.5
1167930 1611.5
1167940 1615.1
1167950 1617.8
1167960 1617.8
1167970 1620.3
1167980 1623.1
1167990 1623.1
1168000 1625.5
1168010 1627.4
1168020 1627.4
1168030 1629.5
1168040 1631.1
1168050 1633.0
1168060 1633.0
1168070 1634.3
1168080 1637.2
1168090 1637.2
1168100 1642.1
1168110 1648.7
1168120 1648.7
1168130 1655.3
1168140 1661.1
1168150 1661.1
1168160 1666.6
1168170 1672.5
1168180 1672.5
1168190 1679.8
1168200 1688.6
1168210 1688.6
1168220 1697.6
1168230 1705.9
1168240 1705.9
1168250 1714.0
1168260 1722.4
1168270 1729.8
1168280 1729.8
1168290 1736.6
1168300 1741.9
1168310 1741.9
1168320 1748.5
1168330 1754.2
1168340 1754.2
1168350 1760.7
1168360 1767.3
1168370 1767.3
1168380 1772.7
1168390 1780.3
1168400 1780.3
1168410 1784.8
1168420 1788.2
1168430 1788.2
1168440 1791.6
1168450 1795.7
1168460 1795.7
1168470 1798.6
1168480 1801.4
1168490 1801.4
1168500 1804.7
1168510 1808.2
1168520 1811.7
1168530 1811.7
1168540 1815.0
1168550 1820.2
1168560 1820.2
1168570 1826.7
1168580 1833.7
1168590 1833.7
1168600 1840.8
1168610 1848.0
1168620 1848.0
1168630 1855.5
1168640 1863.2
1168650 1863.2
1168660 1871.5
1168670 1880.9
1168680 1880.9
1168690 1891.0
1168700 1899.2
1168710 1899.2
1168720 1911.6
1168730 1914.1
1168740 1917.0
1168750 1917.0
1168760 1919.7
1168770 1923.5
1168780 1923.5
1168790 1926.7
1168800 1929.7
1168810 1929.7
1168820 1932.6
1168830 1935.0
1168840 1935.0
1168850 1937.5
1168860 1939.9
1168870 1939.9
1168880 1945.1
1168890 1955.3
1168900 1955.3
1168910 1965.2
1168920 1969.5
1168930 1969.5
1168940 1972.7
1168950 1975.0
1168960 1975.4
1168970 1975.4
1168980 1977.0
1168990 1979.0
1169000 1979.0
1169010 1982.2
1169020 1984.4
1169030 1984.4
1169040 1987.1
1169050 1990.8
1169060 1990.8
1169070 1993.7
1169080 1994.5
1169090 1994.5
1169100 1994.9
1169110 1995.5
1169120 2001.1
1169130 2001.7
1169140 2001.7
1169150 2001.7
1169160 2001.0
1169170 1999.6
1169180 1998.2
1169190 1998.2
1169200 1996.5
1169210 1996.1
1169220 1996.1
1169230 1995.5
1169240 1994.2
1169250 1994.2
1169260 1993.1
1169270 1992.9
1169280 1992.9
1169290 1993.6
1169300 1992.3
1169310 1992.3
1169320 1992.2
1169330 1992.4
1169340 1992.4
1169350 1993.8
1169360 1996.8
1169370 1996.8
1169380 1996.8
1169390 1991.4
1169400 1984.2
1169410 1984.2
1169420 1982.6
1169430 1981.3
1169440 1981.3
1169450 1979.6
1169460 1980.5
1169470 1980.5
1169480 1981.4
1169490 1981.4
1169500 1981.4
1169510 1981.0
1169520 1980.0
1169530 1987.2
1169540 1984.5
1169550 1980.9
1169560 1980.9
1169570 1978.6
1169580 1977.7
1169590 1977.7
1169600 1976.4
1169610 1974.5
1169620 1974.5
1169630 1972.3
1169640 1971.2
1169650 1969.3
1169660 1969.3
1169670 1965.9
1169680 1962.0
1169690 1962.0
1169700 1958.3
1169710 1954.8
1169720 1954.8
1169730 1953.2
1169740 1952.7
1169750 1952.7
1169760 1955.8
1169770 1958.5
1169780 1958.5
1169790 1959.6
1169800 1960.3
1169810 1960.3
1169820 1961.9
1169830 1966.7
1169840 1966.7
1169850 1971.7
1169860 1974.4
1169870 1976.4
1169880 1976.4
1169890 1977.7
1169900 1977.1
1169910 1977.1
1169920 1975.9
1169930 1983.9
1169940 1983.9
1169950 1986.2
1169960 1986.0
1169970 1986.0
1169980 1985.6
1169990 1983.5
1170000 1983.5
1170010 1985.7
1170020 1987.4
1170030 1987.4
1170040 1987.0
1170050 1986.5
1170060 1986.5
1170070 1989.3
1170080 1996.3
1170090 2005.2
1170100 2005.2
1170110 2014.8
1170120 2023.3
1170130 2023.3
1170140 2029.9
1170150 2037.3
1170160 2037.3
1170170 2043.8
1170180 2050.3
1170190 2050.3
1170200 2057.2
1170210 2064.5
1170220 2064.5
1170230 2071.8
1170240 2079.8
1170250 2079.8
1170260 2089.5
1170270 2099.2
1170280 2099.2
1170290 2110.5
1170300 2121.9
1170310 2132.1
1170320 2132.1
1170330 2135.9
1170340 2142.6
1170350 2142.6
1170360 2147.4
1170370 2151.7
1170380 2151.7
1170390 2158.3
1170400 2166.4
1170410 2166.4
1170420 2173.1
1170430 2179.1
1170440 2179.1
1170450 2184.8
1170460 2191.1
1170470 2191.1
1170480 2197.9
1170490 2204.3
1170500 2204.3
1170510 2210.6
1170520 2217.5
1170530 2223.4
1170540 2223.4
1170550 2228.2
1170560 2232.6
1170570 2232.6
1170580 2237.7
1170590 2243.3
1170600 2243.3
1170610 2249.3
1170620 2256.2
1170630 2256.2
1170640 2264.9
1170650 2275.3
1170660 2275.3
1170670 2281.4
1170680 2286.0
1170690 2286.0
1170700 2290.4
1170710 2294.1
1170720 2294.1
1170730 2299.5
1170740 2310.3
1170750 2319.0
1170760 2319.0
1170770 2327.0
1170780 2334.9
1170790 2334.9
1170800 2342.6
1170810 2350.6
1170820 2350.6
1170830 2359.8
1170840 2368.7
1170850 2368.7
1170860 2376.1
1170870 2382.9
1170880 2382.9
1170890 2390.5
1170900 2398.3
1170910 2398.3
1170920 2406.3
1170930 2414.1
1170940 2414.1
1170950 2422.7
1170960 2430.6
1170970 2430.6
1170980 2439.2
1170990 2447.6
1171000 2455.8
1171010 2455.8
1171020 2464.5
1171030 2472.7
1171040 2472.7
1171050 2482.2
1171060 2491.1
1171070 2491.1
1171080 2495.7
1171090 2502.9
1171100 2502.9
1171110 2512.5
1171120 2517.1
1171130 2517.1
1171140 2529.4
1171150 2535.4
1171160 2535.4
1171170 2543.0
1171180 2549.2
1171190 2549.2
1171200 2555.7
1171210 2561.8
1171220 2569.6
1171230 2569.6
1171240 2578.2
1171250 2585.7
1171260 2585.7
1171270 2591.6
1171280 2598.8
1171290 2598.8
1171300 2605.5
1171310 2608.9
1171320 2608.9
1171330 2609.9
1171340 2608.1
1171350 2608.1
1171360 2605.6
1171370 2603.3
1171380 2603.3
1171390 2603.6
1171400 2598.4
1171410 2598.4
1171420 2594.9
1171430 2594.1
1171440 2594.0
1171450 2594.0
1171460 2594.6
1171470 2595.1
1171480 2595.1
1171490 2595.8
1171500 2597.3
1171510 2597.3
1171520 2598.8
1171530 2600.7
1171540 2595.6
1171550 2597.2
1171560 2597.9
1171570 2597.9
1171580 2599.1
1171590 2601.3
1171600 2601.3
1171610 2604.9
1171620 2609.5
1171630 2609.5
1171640 2615.0
1171650 2620.5
1171660 2625.0
1171670 2625.0
1171680 2629.8
1171690 2635.0
1171700 2635.0
1171710 2641.0
1171720 2647.5
1171730 2647.5
1171740 2655.4
1171750 2662.1
1171760 2662.1
1171770 2668.8
1171780 2675.2
1171790 2675.2
1171800 2681.5
1171810 2687.8
1171820 2687.8
1171830 2693.1
1171840 2697.5
1171850 2697.5
1171860 2701.9
1171870 2706.1
1171880 2710.7
1171890 2710.7
1171900 2715.4
1171910 2720.4
1171920 2720.4
1171930 2725.7
1171940 2730.9
1171950 2726.5
1171960 2731.5
1171970 2737.1
1171980 2737.1
1171990 2742.5
1172000 2747.8
1172010 2747.8
1172020 2753.0
1172030 2758.3
1172040 2758.3
1172050 2763.5
1172060 2769.0
1172070 2769.0
1172080 2774.5
1172090 2780.0
1172100 2780.0
1172110 2785.8
1172120 2791.2
1172130 2796.4
1172140 2796.4
1172150 2801.9
1172160 2807.7
1172170 2807.7
1172180 2813.4
1172190 2818.1
1172200 2818.1
1172210 2818.4
1172220 2815.6
1172230 2815.6
1172240 2811.3
1172250 2808.6
1172260 2808.6
1172270 2804.6
1172280 2798.8
1172290 2798.8
1172300 2793.8
1172310 2791.0
1172320 2791.0
1172330 2787.1
1172340 2780.7
1172350 2772.7
1172360 2761.6
1172370 2754.2
1172380 2743.6
1172390 2743.6
1172400 2731.3
1172410 2720.0
1172420 2720.0
1172430 2708.6
1172440 2696.3
1172450 2696.3
1172460 2687.0
1172470 2678.2
1172480 2678.2
1172490 2670.0
1172500 2662.5
1172510 2662.5
1172520 2654.8
1172530 2647.5
1172540 2647.5
1172550 2640.8
1172560 2634.3
1172570 2627.1
1172580 2627.1
1172590 2619.8
1172600 2613.5
1172610 2613.5
1172620 2608.2
1172630 2604.3
1172640 2604.3
1172650 2601.3
1172660 2599.1
1172670 2599.1
1172680 2598.0
1172690 2595.8
1172700 2595.8
1172710 2593.0
1172720 2587.5
1172730 2587.5
1172740 2581.5
1172750 2576.2
1172760 2577.1
1172770 2570.6
1172780 2563.9
1172790 2557.3
1172800 2557.3
1172810 2550.9
1172820 2544.5
1172830 2544.5
1172840 2538.2
1172850 2532.2
1172860 2532.2
1172870 2526.5
1172880 2521.6
1172890 2521.6
1172900 2518.1
1172910 2516.0
1172920 2516.0
1172930 2513.5
1172940 2510.8
1172950 2510.8
1172960 2507.6
1172970 2503.8
1172980 2503.8
1172990 2498.0
1173000 2491.7
1173010 2488.0
1173020 2488.0
1173030 2485.1
1173040 2482.3
1173050 2482.3
1173060 2479.8
1173070 2475.6
1173080 2475.6
1173090 2472.4
1173100 2469.2
1173110 2469.2
1173120 2466.8
1173130 2465.5
1173140 2465.5
1173150 2463.0
1173160 2458.2
1173170 2456.4
1173180 2450.9
1173190 2447.3
1173200 2447.3
1173210 2444.9
1173220 2444.1
1173230 2444.1
1173240 2443.7
1173250 2442.0
1173260 2439.8
1173270 2439.8
1173280 2435.2
1173290 2431.9
1173300 2431.9
1173310 2431.2
1173320 2431.9
1173330 2431.9
1173340 2433.3
1173350 2435.8
1173360 2435.8
1173370 2439.0
1173380 2442.4
1173390 2442.4
1173400 2446.2
1173410 2449.8
1173420 2449.8
1173430 2452.9
1173440 2455.7
1173450 2455.7
1173460 2457.6
1173470 2459.2
1173480 2462.2
1173490 2462.2
1173500 2464.9
1173510 2467.2
1173520 2467.2
1173530 2469.9
1173540 2472.0
1173550 2472.0
1173560 2472.8
1173570 2474.2
1173580 2468.5
1173590 2472.8
1173600 2482.7
1173610 2482.7
1173620 2493.9
1173630 2501.6
1173640 2501.6
1173650 2506.3
1173660 2519.4
1173670 2519.4
1173680 2531.3
1173690 2537.9
1173700 2541.8
1173710 2541.8
1173720 2544.0
1173730 2548.2
1173740 2548.2
1173750 2551.1
1173760 2554.7
1173770 2554.7
1173780 2559.1
1173790 2564.6
1173800 2564.6
1173810 2570.6
1173820 2576.7
1173830 2576.7
1173840 2583.5
1173850 2589.9
1173860 2589.9
1173870 2595.5
1173880 2601.2
1173890 2601.2
1173900 2607.4
1173910 2611.4
1173920 2612.1
1173930 2612.1
1173940 2607.8
1173950 2597.3
1173960 2597.3
1173970 2587.4
1173980 2578.1
1173990 2583.1
1174000 2572.7
1174010 2559.4
1174020 2559.4
1174030 2549.1
1174040 2540.6
1174050 2540.6
1174060 2533.6
1174070 2526.9
1174080 2526.9
1174090 2520.2
1174100 2513.4
1174110 2513.4
1174120 2507.0
1174130 2501.2
1174140 2496.0
1174150 2496.0
1174160 2490.8
1174170 2485.3
1174180 2485.3
1174190 2480.3
1174200 2475.8
1174210 2475.8
1174220 2471.3
1174230 2467.2
1174240 2467.2
1174250 2463.9
1174260 2461.1
1174270 2461.1
1174280 2458.6
1174290 2456.8
1174300 2456.8
1174310 2455.3
1174320 2452.9
1174330 2452.9
1174340 2450.6
1174350 2450.9
1174360 2451.0
1174370 2451.0
1174380 2449.3
1174390 2450.8
1174400 2450.8
1174410 2451.3
1174420 2449.7
1174430 2449.7
1174440 2447.7
1174450 2444.7
1174460 2444.7
1174470 2440.4
1174480 2437.5
1174490 2437.5
1174500 2437.0
1174510 2437.6
1174520 2437.6
1174530 2438.1
1174540 2438.2
1174550 2438.2
1174560 2437.3
1174570 2435.8
1174580 2435.8
1174590 2433.7
1174600 2435.3
1174610 2436.5
1174620 2436.5
1174630 2436.6
1174640 2436.7
1174650 2436.7
1174660 2437.2
1174670 2437.4
1174680 2437.4
1174690 2437.1
1174700 2434.6
1174710 2434.6
1174720 2429.3
1174730 2425.7
1174740 2425.7
1174750 2424.0
1174760 2421.9
1174770 2421.9
1174780 2419.5
1174790 2417.4
1174800 2419.4
1174810 2418.7
1174820 2417.4
1174830 2415.7
1174840 2415.7
1174850 2413.6
1174860 2411.3
1174870 2411.3
1174880 2408.4
1174890 2404.6
1174900 2404.6
1174910 2401.2
1174920 2398.9
1174930 2398.9
1174940 2397.1
1174950 2394.8
1174960 2394.8
1174970 2391.4
1174980 2390.3
1174990 2390.3
1175000 2389.2
1175010 2388.1
1175020 2388.1
1175030 2387.4
1175040 2386.2
1175050 2384.0
1175060 2384.0
1175070 2381.2
1175080 2378.5
1175090 2378.5
1175100 2376.7
1175110 2376.7
1175120 2376.7
1175130 2376.1
1175140 2376.6
1175150 2376.6
1175160 2377.4
1175170 2375.8
1175180 2375.8
1175190 2373.4
1175200 2370.7
1175210 2370.7
1175220 2366.7
1175230 2363.0
1175240 2363.0
1175250 2359.4
1175260 2355.3
1175270 2351.4
1175280 2351.4
1175290 2347.7
1175300 2345.4
1175310 2345.4
1175320 2343.3
1175330 2340.3
1175340 2340.3
1175350 2336.0
1175360 2333.0
1175370 2333.0
1175380 2331.9
1175390 2330.4
1175400 2330.4
1175410 2326.4
1175420 2321.3
1175430 2321.3
1175440 2315.9
1175450 2304.6
1175460 2304.6
1175470 2292.7
1175480 2284.9
1175490 2279.1
1175500 2279.1
1175510 2273.5
1175520 2268.5
1175530 2268.5
1175540 2265.6
1175550 2260.6
1175560 2260.6
1175570 2255.0
1175580 2248.9
1175590 2248.9
1175600 2242.6
1175610 2236.5
1175620 2235.6
1175630 2230.0
1175640 2223.8
1175650 2223.8
1175660 2218.2
1175670 2212.7
1175680 2212.7
1175690 2207.2
1175700 2200.9
1175710 2200.9
1175720 2193.5
1175730 2186.7
1175740 2180.5
1175750 2180.5
1175760 2175.6
1175770 2170.8
1175780 2170.8
1175790 2166.8
1175800 2164.0
1175810 2164.0
1175820 2160.9
1175830 2154.7
1175840 2154.7
1175850 2144.7
1175860 2132.4
1175870 2132.4
1175880 2124.4
1175890 2118.0
1175900 2118.0
1175910 2111.8
1175920 2103.4
1175930 2103.4
1175940 2090.9
1175950 2078.5
1175960 2068.1
1175970 2068.1
1175980 2058.0
1175990 2050.6
1176000 2050.6
1176010 2042.2
1176020 2033.4
1176030 2028.8
1176040 2021.2
1176050 2014.9
1176060 2014.9
1176070 2008.7
1176080 2003.4
1176090 2003.4
1176100 1995.6
1176110 1986.0
1176120 1986.0
1176130 1976.9
1176140 1967.2
1176150 1967.2
1176160 1957.7
1176170 1947.5
1176180 1938.3
1176190 1938.3
1176200 1930.2
1176210 1919.5
1176220 1919.5
1176230 1909.1
1176240 1901.4
1176250 1901.4
1176260 1896.1
1176270 1891.2
1176280 1891.2
1176290 1885.8
1176300 1880.7
1176310 1880.7
1176320 1876.5
1176330 1871.9
1176340 1871.9
1176350 1866.6
1176360 1860.7
1176370 1860.7
1176380 1855.2
1176390 1849.8
1176400 1844.6
1176410 1844.6
1176420 1839.3
1176430 1834.7
1176440 1834.3
1176450 1829.6
1176460 1825.0
1176470 1825.0
1176480 1820.6
1176490 1816.5
1176500 1816.5
1176510 1812.5
1176520 1808.8
1176530 1808.8
1176540 1805.2
1176550 1801.7
1176560 1801.7
1176570 1798.6
1176580 1796.0
1176590 1796.0
1176600 1793.1
1176610 1790.7
1176620 1789.6
1176630 1789.6
1176640 1789.9
1176650 1792.8
1176660 1792.8
1176670 1797.8
1176680 1803.4
1176690 1803.4
1176700 1808.6
1176710 1812.7
1176720 1812.7
1176730 1816.6
1176740 1820.0
1176750 1820.0
1176760 1823.2
1176770 1825.1
1176780 1825.1
1176790 1826.1
1176800 1827.3
1176810 1827.3
1176820 1830.2
1176830 1834.7
1176840 1839.2
1176850 1839.2
1176860 1847.4
1176870 1851.5
1176880 1851.5
1176890 1854.0
1176900 1855.9
1176910 1855.9
1176920 1857.1
1176930 1857.8
1176940 1857.8
1176950 1857.8
1176960 1857.6
1176970 1857.6
1176980 1857.3
1176990 1857.0
1177000 1857.0
1177010 1857.1
1177020 1856.3
1177030 1856.3
1177040 1855.6
1177050 1855.1
1177060 1855.1
1177070 1856.3
1177080 1858.7
1177090 1861.7
1177100 1861.7
1177110 1865.6
1177120 1869.3
1177130 1869.3
1177140 1872.7
1177150 1876.8
1177160 1876.8
1177170 1880.5
1177180 1883.2
1177190 1883.2
1177200 1885.8
1177210 1888.5
1177220 1888.5
1177230 1891.5
1177240 1894.2
1177250 1894.2
1177260 1898.0
1177270 1906.7
1177280 1906.7
1177290 1908.9
1177300 1908.8
1177310 1907.7
1177320 1907.7
1177330 1907.7
1177340 1906.9
1177350 1906.9
1177360 1906.1
1177370 1906.7
1177380 1906.7
1177390 1907.5
1177400 1907.4
1177410 1907.4
1177420 1907.4
1177430 1906.8
1177440 1906.8
1177450 1907.0
1177460 1907.6
1177470 1907.6
1177480 1907.5
1177490 1907.5
1177500 1907.5
1177510 1908.0
1177520 1908.8
1177530 1910.0
1177540 1910.0
1177550 1912.7
1177560 1914.2
1177570 1914.2
1177580 1915.6
1177590 1918.1
1177600 1918.1
1177610 1921.5
1177620 1923.1
1177630 1923.1
1177640 1924.5
1177650 1926.6
1177660 1926.6
1177670 1928.5
1177680 1934.6
1177690 1934.6
1177700 1935.7
1177710 1936.6
1177720 1936.6
1177730 1938.0
1177740 1938.7
1177750 1938.1
1177760 1938.1
1177770 1936.4
1177780 1934.2
1177790 1934.2
1177800 1933.1
1177810 1934.5
1177820 1934.5
1177830 1938.2
1177840 1942.9
1177850 1942.9
1177860 1945.4
1177870 1947.1
1177880 1947.1
1177890 1948.8
1177900 1950.7
1177910 1950.7
1177920 1952.4
1177930 1954.7
1177940 1954.7
1177950 1957.6
1177960 1960.9
1177970 1963.5
1177980 1963.5
1177990 1965.9
1178000 1968.3
1178010 1968.3
1178020 1970.5
1178030 1972.9
1178040 1972.9
1178050 1974.3
1178060 1975.4
1178070 1975.4
1178080 1975.9
1178090 1976.4
1178100 1978.9
1178110 1979.3
1178120 1979.6
1178130 1979.6
1178140 1980.3
1178150 1981.0
1178160 1981.0
1178170 1981.4
1178180 1981.4
1178190 1980.9
1178200 1980.9
1178210 1981.1
1178220 1981.7
1178230 1981.7
1178240 1981.8
1178250 1982.1
1178260 1982.1
1178270 1982.7
1178280 1985.0
1178290 1985.0
1178300 1988.4
1178310 1991.4
1178320 1991.4
1178330 1995.2
1178340 1999.3
1178350 1999.3
1178360 2002.0
1178370 2003.8
1178380 2003.8
1178390 2004.8
1178400 2004.8
1178410 2004.8
1178420 2005.5
1178430 2007.5
1178440 2009.2
1178450 2009.2
1178460 2011.0
1178470 2013.8
1178480 2013.8
1178490 2019.0
1178500 2024.1
1178510 2030.4
1178520 2036.5
1178530 2041.5
1178540 2041.5
1178550 2044.6
1178560 2048.5
1178570 2048.5
1178580 2052.3
1178590 2056.0
1178600 2056.0
1178610 2059.3
1178620 2064.1
1178630 2064.1
1178640 2067.7
1178650 2070.2
1178660 2072.2
1178670 2072.2
1178680 2074.7
1178690 2076.8
1178700 2076.8
1178710 2078.0
1178720 2078.0
1178730 2078.0
1178740 2079.6
1178750 2079.8
1178760 2079.8
1178770 2078.7
1178780 2080.8
1178790 2080.8
1178800 2082.9
1178810 2083.9
1178820 2083.9
1178830 2084.1
1178840 2083.6
1178850 2083.6
1178860 2082.9
1178870 2082.5
1178880 2082.5
1178890 2082.5
1178900 2082.3
1178910 2080.9
1178920 2084.2
1178930 2083.5
1178940 2084.3
1178950 2084.3
1178960 2085.7
1178970 2087.3
1178980 2087.3
1178990 2088.9
1179000 2090.3
1179010 2090.3
1179020 2091.8
1179030 2094.0
1179040 2094.0
1179050 2096.1
1179060 2097.8
1179070 2097.8
1179080 2100.3
1179090 2102.5
1179100 2104.1
1179110 2104.1
1179120 2105.9
1179130 2108.1
1179140 2108.1
1179150 2110.3
1179160 2112.7
1179170 2112.7
1179180 2115.5
1179190 2118.8
1179200 2118.8
1179210 2121.9
1179220 2124.3
1179230 2124.3
1179240 2127.8
1179250 2131.2
1179260 2131.2
1179270 2132.8
1179280 2134.7
1179290 2134.7
1179300 2139.1
1179310 2142.8
1179320 2145.9
1179330 2145.9
1179340 2149.3
1179350 2151.8
1179360 2151.8
1179370 2155.4
1179380 2158.4
1179390 2158.4
1179400 2161.1
1179410 2163.4
1179420 2163.4
1179430 2164.7
1179440 2166.4
1179450 2166.4
1179460 2169.4
1179470 2170.9
1179480 2170.9
1179490 2171.2
1179500 2171.5
1179510 2171.5
1179520 2171.7
1179530 2172.1
1179540 2172.1
1179550 2171.1
1179560 2170.1
1179570 2170.6
1179580 2170.6
1179590 2171.4
1179600 2171.7
1179610 2171.7
1179620 2172.0
1179630 2172.2
1179640 2172.2
1179650 2172.2
1179660 2172.7
1179670 2172.7
1179680 2173.5
1179690 2173.5
1179700 2173.5
1179710 2173.5
1179720 2173.5
1179730 2173.5
1179740 2173.5
1179750 2174.2
1179760 2178.0
1179770 2177.8
1179780 2176.8
1179790 2176.2
1179800 2176.2
1179810 2175.7
1179820 2174.7
1179830 2174.7
1179840 2173.4
1179850 2172.6
1179860 2172.6
1179870 2171.1
1179880 2168.9
1179890 2168.9
1179900 2166.3
1179910 2161.8
1179920 2161.8
1179930 2156.0
1179940 2150.6
1179950 2150.6
1179960 2145.8
1179970 2140.7
1179980 2140.7
1179990 2135.9
