1160000 1993.1
1160010 1993.0
1160020 1991.7
1160030 1991.7
1160040 1990.3
1160050 1988.7
1160060 1988.7
1160070 1986.8
1160080 1986.3
1160090 1986.3
1160100 1988.0
1160110 1988.2
1160120 1988.2
1160130 1988.1
1160140 1986.9
1160150 1986.9
1160160 1984.8
1160170 1983.0
1160180 1983.0
1160190 1980.4
1160200 1977.7
1160210 1977.7
1160220 1975.2
1160230 1976.3
1160240 1976.1
1160250 1976.1
1160260 1972.3
1160270 1968.5
1160280 1968.5
1160290 1963.4
1160300 1957.4
1160310 1957.4
1160320 1952.0
1160330 1948.4
1160340 1948.4
1160350 1946.7
1160360 1946.0
1160370 1942.9
1160380 1942.2
1160390 1941.4
1160400 1941.4
1160410 1941.5
1160420 1942.4
1160430 1942.4
1160440 1942.0
1160450 1938.4
1160460 1934.6
1160470 1934.6
1160480 1930.3
1160490 1925.0
1160500 1925.0
1160510 1921.0
1160520 1918.5
1160530 1918.5
1160540 1914.4
1160550 1908.9
1160560 1908.9
1160570 1903.0
1160580 1897.9
1160590 1897.9
1160600 1895.0
1160610 1893.4
1160620 1893.4
1160630 1890.6
1160640 1887.4
1160650 1887.4
1160660 1883.5
1160670 1880.6
1160680 1877.5
1160690 1877.5
1160700 1875.3
1160710 1871.9
1160720 1871.9
1160730 1866.3
1160740 1861.9
1160750 1861.9
1160760 1856.4
1160770 1856.8
1160780 1856.8
1160790 1859.2
1160800 1861.1
1160810 1861.1
1160820 1861.2
1160830 1861.7
1160840 1861.7
1160850 1861.6
1160860 1861.6
1160870 1861.6
1160880 1862.0
1160890 1862.3
1160900 1862.3
1160910 1861.8
1160920 1860.4
1160930 1860.0
1160940 1860.0
1160950 1863.0
1160960 1861.6
1160970 1861.6
1160980 1861.4
1160990 1862.4
1161000 1862.4
1161010 1866.1
1161020 1869.7
1161030 1869.7
1161040 1870.0
1161050 1870.0
1161060 1870.0
1161070 1869.9
1161080 1867.8
1161090 1867.8
1161100 1866.6
1161110 1866.5
1161120 1866.5
1161130 1869.4
1161140 1873.6
1161150 1877.0
1161160 1873.8
1161170 1876.6
1161180 1879.9
1161190 1879.9
1161200 1881.7
1161210 1881.7
1161220 1881.7
1161230 1881.7
1161240 1881.9
1161250 1881.9
1161260 1883.6
1161270 1887.1
1161280 1887.1
1161290 1891.0
1161300 1895.6
1161310 1895.6
1161320 1898.8
1161330 1901.6
1161340 1901.6
1161350 1903.5
1161360 1905.8
1161370 1907.2
1161380 1907.2
1161390 1908.2
1161400 1909.3
1161410 1909.3
1161420 1911.3
1161430 1915.1
1161440 1915.1
1161450 1920.0
1161460 1923.2
1161470 1923.2
1161480 1924.9
1161490 1925.3
1161500 1925.3
1161510 1926.4
1161520 1927.6
1161530 1927.6
1161540 1928.0
1161550 1924.4
1161560 1924.4
1161570 1925.9
1161580 1927.5
1161590 1928.3
1161600 1928.3
1161610 1930.3
1161620 1933.5
1161630 1933.5
1161640 1938.0
1161650 1938.5
1161660 1938.5
1161670 1940.5
1161680 1943.6
1161690 1943.6
1161700 1945.5
1161710 1947.4
1161720 1947.4
1161730 1949.2
1161740 1951.0
1161750 1951.0
1161760 1952.5
1161770 1953.5
1161780 1953.5
1161790 1953.8
1161800 1952.5
1161810 1948.9
1161820 1948.9
1161830 1946.3
1161840 1946.2
1161850 1946.2
1161860 1946.1
1161870 1945.3
1161880 1945.3
1161890 1944.2
1161900 1941.8
1161910 1941.8
1161920 1939.3
1161930 1937.5
1161940 1932.3
1161950 1930.9
1161960 1930.9
1161970 1930.9
1161980 1930.6
1161990 1930.3
1162000 1930.3
1162010 1929.3
1162020 1930.4
1162030 1930.4
1162040 1932.3
1162050 1934.9
1162060 1934.2
1162070 1934.2
1162080 1932.4
1162090 1930.5
1162100 1930.5
1162110 1928.3
1162120 1927.0
1162130 1927.0
1162140 1925.8
1162150 1925.0
1162160 1925.0
1162170 1924.5
1162180 1924.2
1162190 1924.2
1162200 1924.2
1162210 1924.5
1162220 1924.5
1162230 1924.5
1162240 1924.5
1162250 1924.5
1162260 1923.9
1162270 1922.0
1162280 1920.7
1162290 1920.7
1162300 1919.8
1162310 1918.3
1162320 1918.3
1162330 1909.5
1162340 1907.4
1162350 1907.4
1162360 1905.5
1162370 1903.3
1162380 1903.3
1162390 1899.1
1162400 1893.8
1162410 1893.8
1162420 1888.1
1162430 1884.4
1162440 1884.4
1162450 1884.6
1162460 1885.7
1162470 1885.7
1162480 1884.3
1162490 1880.1
1162500 1875.4
1162510 1875.4
1162520 1870.2
1162530 1866.6
1162540 1866.6
1162550 1862.9
1162560 1860.0
1162570 1860.0
1162580 1857.8
1162590 1856.3
1162600 1856.3
1162610 1856.1
1162620 1856.0
1162630 1856.0
1162640 1856.2
1162650 1855.4
1162660 1855.4
1162670 1853.3
1162680 1849.8
1162690 1849.8
1162700 1845.6
1162710 1843.7
1162720 1842.2
1162730 1838.2
1162740 1836.3
1162750 1834.9
1162760 1834.9
1162770 1834.5
1162780 1834.2
1162790 1834.2
1162800 1832.9
1162810 1830.2
1162820 1830.2
1162830 1826.3
1162840 1822.8
1162850 1822.8
1162860 1818.7
1162870 1814.5
1162880 1814.5
1162890 1816.5
1162900 1819.3
1162910 1819.3
1162920 1821.9
1162930 1824.7
1162940 1824.7
1162950 1827.0
1162960 1828.0
1162970 1828.7
1162980 1828.7
1162990 1828.4
1163000 1827.0
1163010 1827.0
1163020 1826.0
1163030 1825.3
1163040 1825.3
1163050 1822.5
1163060 1817.2
1163070 1817.2
1163080 1817.6
1163090 1815.5
1163100 1815.5
1163110 1815.0
1163120 1818.8
1163130 1818.8
1163140 1822.5
1163150 1826.4
1163160 1826.4
1163170 1832.2
1163180 1836.8
1163190 1841.8
1163200 1841.8
1163210 1846.7
1163220 1851.0
1163230 1851.0
1163240 1854.9
1163250 1858.8
1163260 1858.8
1163270 1862.4
1163280 1865.5
1163290 1865.5
1163300 1868.7
1163310 1871.8
1163320 1871.8
1163330 1874.5
1163340 1877.2
1163350 1877.2
1163360 1879.0
1163370 1879.8
1163380 1879.8
1163390 1881.3
1163400 1882.8
1163410 1883.4
1163420 1883.4
1163430 1883.6
1163440 1883.8
1163450 1883.8
1163460 1883.9
1163470 1883.4
1163480 1883.4
1163490 1882.5
1163500 1881.6
1163510 1881.6
1163520 1876.7
1163530 1875.3
1163540 1875.3
1163550 1873.2
1163560 1869.9
1163570 1869.9
1163580 1867.4
1163590 1865.5
1163600 1865.5
1163610 1863.6
1163620 1861.1
1163630 1856.2
1163640 1856.2
1163650 1845.6
1163660 1837.0
1163670 1837.0
1163680 1828.4
1163690 1819.7
1163700 1819.7
1163710 1812.2
1163720 1806.4
1163730 1806.4
1163740 1802.0
1163750 1797.9
1163760 1797.9
1163770 1793.9
1163780 1790.6
1163790 1790.6
1163800 1783.6
1163810 1778.1
1163820 1778.1
1163830 1772.1
1163840 1764.7
1163850 1760.7
1163860 1760.7
1163870 1755.5
1163880 1749.6
1163890 1749.6
1163900 1743.2
1163910 1733.1
1163920 1733.1
1163930 1727.7
1163940 1723.3
1163950 1723.3
1163960 1718.6
1163970 1713.4
1163980 1713.4
1163990 1707.6
1164000 1704.6
1164010 1704.6
1164020 1698.6
1164030 1693.0
1164040 1693.0
1164050 1687.8
1164060 1682.3
1164070 1682.3
1164080 1677.8
1164090 1671.4
1164100 1665.4
1164110 1665.4
1164120 1662.6
1164130 1659.6
1164140 1659.6
1164150 1652.5
1164160 1644.9
1164170 1644.9
1164180 1636.9
1164190 1629.3
1164200 1629.3
1164210 1622.0
1164220 1614.7
1164230 1614.7
1164240 1607.8
1164250 1600.2
1164260 1600.2
1164270 1591.7
1164280 1583.5
1164290 1583.5
1164300 1576.8
1164310 1569.0
1164320 1562.6
1164330 1562.6
1164340 1557.5
1164350 1553.0
1164360 1553.0
1164370 1544.7
1164380 1533.1
1164390 1533.1
1164400 1525.6
1164410 1516.0
1164420 1516.0
1164430 1503.1
1164440 1494.5
1164450 1494.5
1164460 1486.8
1164470 1476.9
1164480 1476.9
1164490 1469.6
1164500 1464.9
1164510 1464.9
1164520 1461.7
1164530 1462.8
1164540 1465.2
1164550 1465.2
1164560 1464.1
1164570 1462.0
1164580 1462.0
1164590 1462.4
1164600 1464.4
1164610 1464.4
1164620 1461.5
1164630 1457.8
1164640 1457.8
1164650 1454.9
1164660 1450.9
1164670 1450.9
1164680 1443.4
1164690 1435.5
1164700 1431.4
1164710 1424.6
1164720 1417.0
1164730 1417.0
1164740 1410.2
1164750 1404.5
1164760 1398.1
1164770 1398.1
1164780 1391.4
1164790 1385.6
1164800 1385.6
1164810 1380.5
1164820 1375.9
1164830 1375.9
1164840 1370.7
1164850 1365.4
1164860 1365.4
1164870 1359.5
1164880 1353.0
1164890 1353.0
1164900 1346.5
1164910 1340.9
1164920 1340.9
1164930 1339.5
1164940 1337.6
1164950 1337.6
1164960 1333.6
1164970 1328.5
1164980 1328.5
1164990 1320.9
1165000 1312.8
1165010 1305.0
1165020 1305.0
1165030 1296.3
1165040 1284.9
1165050 1284.9
1165060 1273.3
1165070 1271.7
1165080 1271.7
1165090 1272.0
1165100 1264.1
1165110 1264.1
1165120 1266.9
1165130 1269.6
1165140 1269.6
1165150 1270.8
1165160 1268.7
1165170 1268.7
1165180 1265.5
1165190 1262.1
1165200 1262.1
1165210 1258.9
1165220 1255.6
1165230 1251.9
1165240 1251.9
1165250 1248.3
1165260 1244.2
1165270 1244.2
1165280 1240.0
1165290 1235.1
1165300 1235.1
1165310 1229.1
1165320 1223.0
1165330 1223.0
1165340 1217.3
1165350 1210.8
1165360 1210.8
1165370 1204.2
1165380 1197.6
1165390 1197.6
1165400 1191.8
1165410 1187.2
1165420 1187.2
1165430 1182.2
1165440 1175.9
1165450 1169.8
1165460 1169.8
1165470 1164.7
1165480 1160.3
1165490 1160.3
1165500 1152.1
1165510 1147.7
1165520 1147.7
1165530 1142.8
1165540 1137.8
1165550 1137.8
1165560 1133.3
1165570 1126.9
1165580 1126.9
1165590 1120.5
1165600 1115.2
1165610 1115.2
1165620 1110.4
1165630 1105.7
1165640 1105.7
1165650 1100.9
1165660 1095.3
1165670 1089.6
1165680 1089.6
1165690 1084.3
1165700 1079.4
1165710 1079.4
1165720 1074.5
1165730 1068.5
1165740 1068.5
1165750 1063.5
1165760 1060.4
1165770 1060.4
1165780 1056.8
1165790 1053.0
1165800 1053.0
1165810 1050.8
1165820 1046.5
1165830 1046.5
1165840 1040.0
1165850 1033.7
1165860 1033.7
1165870 1026.8
1165880 1021.0
1165890 1019.8
1165900 1019.8
1165910 1019.4
1165920 1016.6
1165930 1016.6
1165940 1011.2
1165950 1010.0
1165960 1010.0
1165970 1011.5
1165980 1015.6
1165990 1015.6
1166000 1021.5
1166010 1028.0
1166020 1028.0
1166030 1032.2
1166040 1032.4
1166050 1032.4
1166060 1032.5
1166070 1033.2
1166080 1033.2
1166090 1033.0
1166100 1032.2
1166110 1032.2
1166120 1031.1
1166130 1031.4
1166140 1030.6
1166150 1030.6
1166160 1030.4
1166170 1031.2
1166180 1031.2
1166190 1032.3
1166200 1034.5
1166210 1034.5
1166220 1035.8
1166230 1035.8
1166240 1035.8
1166250 1036.0
1166260 1036.4
1166270 1036.4
1166280 1036.2
1166290 1035.9
1166300 1035.9
1166310 1035.3
1166320 1034.7
1166330 1034.7
1166340 1034.2
1166350 1034.0
1166360 1033.5
1166370 1033.5
1166380 1033.0
1166390 1032.7
1166400 1032.7
1166410 1032.7
1166420 1032.5
1166430 1032.5
1166440 1032.3
1166450 1032.3
1166460 1032.3
1166470 1033.5
1166480 1037.8
1166490 1037.8
1166500 1044.3
1166510 1048.9
1166520 1048.9
1166530 1053.3
1166540 1057.8
1166550 1057.8
1166560 1064.8
1166570 1073.1
1166580 1080.1
1166590 1080.1
1166600 1083.6
1166610 1085.7
1166620 1085.7
1166630 1087.6
1166640 1088.8
1166650 1088.8
1166660 1089.2
1166670 1090.8
1166680 1090.8
1166690 1093.2
1166700 1096.3
1166710 1096.3
1166720 1101.0
1166730 1106.2
1166740 1106.2
1166750 1110.9
1166760 1115.1
1166770 1115.1
1166780 1119.2
1166790 1123.8
1166800 1128.8
1166810 1128.8
1166820 1134.1
1166830 1140.3
1166840 1140.3
1166850 1146.2
1166860 1152.3
1166870 1152.3
1166880 1158.7
1166890 1165.1
1166900 1165.1
1166910 1171.2
1166920 1176.9
1166930 1176.9
1166940 1182.0
1166950 1186.3
1166960 1186.3
1166970 1191.5
1166980 1197.7
1166990 1197.7
1167000 1201.8
1167010 1203.3
1167020 1205.5
1167030 1205.5
1167040 1208.6
1167050 1212.2
1167060 1212.2
1167070 1215.7
1167080 1219.8
1167090 1224.3
1167100 1229.3
1167110 1235.0
1167120 1235.0
1167130 1239.8
1167140 1245.0
1167150 1245.0
1167160 1250.1
1167170 1255.1
1167180 1255.1
1167190 1260.5
1167200 1265.6
1167210 1265.6
1167220 1270.4
1167230 1274.5
1167240 1274.5
1167250 1278.0
1167260 1282.0
1167270 1286.0
1167280 1286.0
1167290 1289.7
1167300 1292.3
1167310 1292.3
1167320 1293.5
1167330 1299.0
1167340 1299.0
1167350 1307.2
1167360 1314.2
1167370 1314.2
1167380 1321.0
1167390 1327.8
1167400 1327.8
1167410 1334.1
1167420 1339.4
1167430 1339.4
1167440 1343.1
1167450 1348.2
1167460 1348.2
1167470 1353.5
1167480 1359.8
1167490 1367.5
1167500 1367.5
1167510 1374.5
1167520 1381.9
1167530 1381.9
1167540 1389.2
1167550 1396.3
1167560 1396.3
1167570 1403.3
1167580 1409.5
1167590 1409.5
1167600 1414.9
1167610 1420.3
1167620 1420.3
1167630 1425.8
1167640 1431.0
1167650 1431.0
1167660 1436.6
1167670 1442.0
1167680 1442.0
1167690 1446.6
1167700 1450.6
1167710 1455.8
1167720 1455.8
1167730 1461.8
1167740 1468.4
1167750 1468.4
1167760 1474.4
1167770 1480.7
1167780 1480.7
1167790 1486.6
1167800 1491.4
1167810 1491.4
1167820 1496.3
1167830 1498.1
1167840 1498.1
1167850 1500.4
1167860 1509.4
1167870 1509.4
1167880 1518.6
1167890 1527.2
1167900 1527.2
1167910 1534.6
1167920 1542.2
1167930 1548.7
1167940 1548.7
1167950 1555.0
1167960 1561.9
1167970 1561.9
1167980 1567.7
1167990 1571.2
1168000 1571.2
1168010 1571.6
1168020 1573.9
1168030 1573.9
1168040 1579.0
1168050 1585.2
1168060 1585.2
1168070 1591.0
1168080 1596.6
1168090 1596.6
1168100 1602.4
1168110 1608.8
1168120 1608.8
1168130 1614.0
1168140 1619.1
1168150 1619.1
1168160 1626.5
1168170 1635.5
1168180 1643.2
1168190 1643.2
1168200 1652.2
1168210 1661.4
1168220 1661.4
1168230 1670.1
1168240 1677.3
1168250 1677.3
1168260 1683.4
1168270 1688.0
1168280 1688.0
1168290 1697.5
1168300 1701.7
1168310 1701.7
1168320 1705.1
1168330 1709.8
1168340 1709.8
1168350 1716.0
1168360 1720.7
1168370 1720.7
1168380 1724.4
1168390 1727.2
1168400 1732.5
1168410 1732.5
1168420 1736.8
1168430 1741.6
1168440 1741.6
1168450 1746.4
1168460 1750.8
1168470 1750.8
1168480 1754.2
1168490 1758.4
1168500 1758.4
1168510 1764.0
1168520 1769.1
1168530 1769.1
1168540 1774.0
1168550 1779.0
1168560 1779.0
1168570 1783.2
1168580 1788.0
1168590 1788.0
1168600 1793.0
1168610 1797.4
1168620 1801.5
1168630 1801.5
1168640 1805.0
1168650 1808.2
1168660 1808.2
1168670 1811.7
1168680 1815.0
1168690 1819.1
1168700 1822.1
1168710 1823.7
1168720 1823.7
1168730 1823.8
1168740 1822.6
1168750 1822.6
1168760 1821.3
1168770 1821.3
1168780 1821.3
1168790 1823.3
1168800 1825.2
1168810 1825.2
1168820 1826.5
1168830 1827.0
1168840 1825.8
1168850 1825.8
1168860 1823.3
1168870 1820.0
1168880 1820.0
1168890 1819.1
1168900 1819.4
1168910 1819.4
1168920 1819.5
1168930 1819.0
1168940 1819.0
1168950 1817.0
1168960 1814.2
1168970 1814.2
1168980 1809.7
1168990 1804.9
1169000 1804.9
1169010 1800.1
1169020 1796.4
1169030 1796.4
1169040 1792.4
1169050 1788.4
1169060 1783.1
1169070 1783.1
1169080 1777.5
1169090 1777.9
1169100 1777.9
1169110 1773.8
1169120 1770.2
1169130 1770.2
1169140 1766.9
1169150 1764.1
1169160 1764.1
1169170 1759.7
1169180 1752.6
1169190 1752.6
1169200 1747.3
1169210 1742.3
1169220 1742.3
1169230 1736.6
1169240 1737.3
1169250 1737.3
1169260 1739.6
1169270 1737.9
1169280 1737.9
1169290 1735.9
1169300 1732.7
1169310 1732.2
1169320 1732.2
1169330 1731.3
1169340 1729.6
1169350 1729.6
1169360 1730.6
1169370 1730.7
1169380 1730.7
1169390 1727.0
1169400 1723.9
1169410 1723.9
1169420 1725.3
1169430 1731.6
1169440 1731.6
1169450 1741.6
1169460 1748.5
1169470 1748.5
1169480 1755.6
1169490 1763.1
1169500 1762.0
1169510 1769.1
1169520 1775.3
1169530 1782.1
1169540 1782.1
1169550 1788.6
1169560 1794.8
1169570 1794.8
1169580 1801.4
1169590 1809.0
1169600 1809.0
1169610 1816.3
1169620 1823.5
1169630 1823.5
1169640 1830.5
1169650 1835.4
1169660 1835.4
1169670 1836.9
1169680 1838.8
1169690 1838.8
1169700 1841.0
1169710 1844.6
1169720 1844.6
1169730 1849.4
1169740 1854.8
1169750 1861.1
1169760 1861.1
1169770 1868.3
1169780 1874.9
1169790 1874.9
1169800 1881.8
1169810 1889.2
1169820 1889.2
1169830 1897.6
1169840 1906.6
1169850 1906.6
1169860 1915.3
1169870 1922.8
1169880 1922.8
1169890 1929.3
1169900 1934.8
1169910 1934.8
1169920 1940.5
1169930 1946.0
1169940 1946.0
1169950 1951.8
1169960 1958.7
1169970 1965.9
1169980 1965.9
1169990 1974.8
1170000 1983.5
1170010 1983.5
1170020 1992.2
1170030 2001.0
1170040 2001.0
1170050 2009.7
1170060 2018.4
1170070 2018.4
1170080 2028.2
1170090 2040.2
1170100 2040.2
1170110 2052.3
1170120 2063.5
1170130 2063.5
1170140 2071.6
1170150 2080.3
1170160 2080.3
1170170 2087.1
1170180 2091.4
1170190 2096.2
1170200 2096.2
1170210 2106.0
1170220 2116.5
1170230 2116.5
1170240 2122.5
1170250 2131.7
1170260 2131.7
1170270 2146.4
1170280 2162.5
1170290 2162.5
1170300 2188.2
1170310 2193.6
1170320 2193.6
1170330 2194.0
1170340 2199.2
1170350 2199.2
1170360 2207.5
1170370 2212.1
1170380 2212.1
1170390 2214.1
1170400 2219.5
1170410 2219.5
1170420 2227.9
1170430 2237.0
1170440 2243.5
1170450 2243.5
1170460 2247.5
1170470 2251.7
1170480 2251.7
1170490 2256.0
1170500 2259.6
1170510 2259.6
1170520 2265.0
1170530 2271.9
1170540 2271.9
1170550 2280.1
1170560 2287.8
1170570 2287.8
1170580 2294.3
1170590 2301.1
1170600 2301.1
1170610 2310.1
1170620 2318.1
1170630 2318.1
1170640 2325.2
1170650 2333.7
1170660 2342.5
1170670 2342.5
1170680 2349.4
1170690 2360.1
1170700 2360.1
1170710 2378.8
1170720 2388.0
1170730 2388.0
1170740 2392.0
1170750 2396.9
1170760 2396.9
1170770 2406.1
1170780 2415.8
1170790 2415.8
1170800 2427.1
1170810 2436.7
1170820 2436.7
1170830 2445.7
1170840 2455.4
1170850 2455.4
1170860 2464.3
1170870 2472.5
1170880 2476.9
1170890 2476.9
1170900 2479.2
1170910 2484.4
1170920 2484.4
1170930 2489.0
1170940 2486.9
1170950 2486.9
1170960 2483.2
1170970 2479.5
1170980 2479.5
1170990 2478.6
1171000 2479.0
1171010 2479.0
1171020 2480.7
1171030 2482.7
1171040 2482.7
1171050 2486.2
1171060 2494.5
1171070 2494.5
1171080 2506.6
1171090 2517.0
1171100 2526.5
1171110 2538.1
1171120 2548.6
1171130 2559.1
1171140 2559.1
1171150 2563.5
1171160 2563.8
1171170 2563.8
1171180 2568.2
1171190 2568.9
1171200 2568.9
1171210 2566.4
1171220 2571.6
1171230 2571.6
1171240 2572.3
1171250 2575.0
1171260 2575.0
1171270 2583.3
1171280 2589.0
1171290 2589.0
1171300 2589.1
1171310 2595.8
1171320 2600.5
1171330 2600.5
1171340 2600.0
1171350 2598.2
1171360 2598.2
1171370 2592.2
1171380 2583.9
1171390 2583.9
1171400 2576.5
1171410 2574.5
1171420 2574.5
1171430 2573.5
1171440 2570.9
1171450 2570.9
1171460 2566.3
1171470 2560.7
1171480 2560.7
1171490 2558.5
1171500 2560.1
1171510 2567.5
1171520 2566.6
1171530 2562.9
1171540 2562.9
1171550 2560.3
1171560 2559.9
1171570 2559.5
1171580 2559.5
1171590 2560.7
1171600 2561.4
1171610 2561.4
1171620 2563.1
1171630 2565.1
1171640 2565.1
1171650 2568.4
1171660 2570.5
1171670 2570.5
1171680 2571.5
1171690 2575.8
1171700 2575.8
1171710 2581.4
1171720 2587.4
1171730 2587.4
1171740 2593.4
1171750 2600.1
1171760 2600.1
1171770 2607.1
1171780 2614.9
1171790 2620.9
1171800 2620.9
1171810 2622.7
1171820 2625.5
1171830 2625.5
1171840 2631.5
1171850 2638.1
1171860 2638.1
1171870 2637.7
1171880 2632.4
1171890 2632.4
1171900 2623.9
1171910 2617.3
1171920 2624.5
1171930 2619.6
1171940 2618.5
1171950 2618.5
1171960 2618.7
1171970 2616.8
1171980 2616.8
1171990 2615.5
1172000 2620.2
1172010 2624.6
1172020 2624.6
1172030 2624.8
1172040 2626.2
1172050 2626.2
1172060 2627.9
1172070 2630.3
1172080 2630.3
1172090 2632.4
1172100 2632.8
1172110 2632.8
1172120 2631.1
1172130 2627.0
1172140 2627.0
1172150 2623.2
1172160 2620.7
1172170 2620.7
1172180 2620.1
1172190 2620.3
1172200 2620.3
1172210 2617.9
1172220 2618.9
1172230 2618.3
1172240 2618.3
1172250 2616.5
1172260 2616.6
1172270 2616.6
1172280 2616.4
1172290 2618.7
1172300 2618.7
1172310 2622.5
1172320 2627.3
1172330 2633.4
1172340 2640.1
1172350 2666.7
1172360 2666.7
1172370 2695.7
1172380 2705.0
1172390 2705.0
1172400 2714.5
1172410 2723.5
1172420 2723.5
1172430 2733.5
1172440 2744.9
1172450 2744.9
1172460 2755.4
1172470 2765.7
1172480 2774.6
1172490 2774.6
1172500 2782.1
1172510 2789.0
1172520 2789.0
1172530 2796.3
1172540 2802.6
1172550 2802.6
1172560 2803.6
1172570 2803.2
1172580 2803.2
1172590 2800.4
1172600 2795.1
1172610 2795.1
1172620 2784.7
1172630 2769.9
1172640 2769.9
1172650 2760.3
1172660 2759.9
1172670 2759.9
1172680 2762.3
1172690 2762.0
1172700 2760.3
1172710 2760.3
1172720 2758.6
1172730 2738.6
1172740 2738.6
1172750 2734.5
1172760 2736.0
1172770 2736.0
1172780 2733.4
1172790 2732.7
1172800 2732.7
1172810 2721.7
1172820 2702.8
1172830 2702.8
1172840 2687.3
1172850 2676.3
1172860 2676.3
1172870 2668.5
1172880 2661.5
1172890 2661.5
1172900 2654.4
1172910 2648.3
1172920 2641.6
1172930 2641.6
1172940 2635.7
1172950 2630.3
1172960 2630.3
1172970 2625.2
1172980 2620.1
1172990 2620.1
1173000 2614.9
1173010 2609.8
1173020 2609.8
1173030 2604.6
1173040 2599.7
1173050 2599.7
1173060 2595.6
1173070 2592.0
1173080 2592.0
1173090 2588.5
1173100 2585.8
1173110 2585.8
1173120 2584.8
1173130 2585.5
1173140 2581.3
1173150 2581.3
1173160 2582.5
1173170 2585.3
1173180 2585.3
1173190 2590.3
1173200 2594.9
1173210 2594.9
1173220 2598.4
1173230 2601.7
1173240 2601.7
1173250 2605.6
1173260 2609.5
1173270 2609.5
1173280 2613.5
1173290 2618.0
1173300 2618.0
1173310 2622.3
1173320 2629.0
1173330 2629.0
1173340 2637.2
1173350 2646.4
1173360 2653.5
1173370 2653.5
1173380 2660.6
1173390 2670.7
1173400 2670.7
1173410 2680.6
1173420 2690.8
1173430 2690.8
1173440 2698.4
1173450 2705.4
1173460 2705.4
1173470 2710.7
1173480 2705.9
1173490 2705.9
1173500 2705.9
1173510 2712.3
1173520 2712.3
1173530 2725.3
1173540 2732.5
1173550 2721.3
1173560 2722.6
1173570 2718.3
1173580 2718.3
1173590 2718.3
1173600 2722.0
1173610 2722.4
1173620 2722.4
1173630 2720.8
1173640 2712.2
1173650 2712.2
1173660 2702.7
1173670 2696.0
1173680 2696.0
1173690 2688.7
1173700 2676.8
1173710 2676.8
1173720 2664.7
1173730 2656.6
1173740 2656.6
1173750 2649.1
1173760 2641.3
1173770 2641.3
1173780 2633.7
1173790 2626.3
1173800 2626.3
1173810 2619.2
1173820 2612.5
1173830 2606.5
1173840 2606.5
1173850 2600.6
1173860 2595.0
1173870 2595.0
1173880 2589.2
1173890 2584.7
1173900 2584.7
1173910 2579.9
1173920 2574.3
1173930 2574.3
1173940 2569.4
1173950 2565.5
1173960 2564.9
1173970 2561.4
1173980 2557.4
1173990 2557.4
1174000 2554.4
1174010 2553.2
1174020 2553.2
1174030 2552.2
1174040 2550.7
1174050 2550.7
1174060 2550.7
1174070 2550.8
1174080 2550.8
1174090 2550.8
1174100 2549.1
1174110 2547.1
1174120 2547.1
1174130 2547.8
1174140 2549.2
1174150 2549.2
1174160 2548.1
1174170 2543.7
1174180 2543.7
1174190 2538.8
1174200 2531.6
1174210 2531.6
1174220 2524.2
1174230 2518.9
1174240 2518.9
1174250 2514.0
1174260 2509.3
1174270 2504.5
1174280 2504.5
1174290 2498.6
1174300 2490.0
1174310 2490.0
1174320 2486.7
1174330 2485.2
1174340 2485.2
1174350 2483.8
1174360 2479.7
1174370 2479.7
1174380 2477.0
1174390 2475.9
1174400 2475.9
1174410 2475.9
1174420 2475.6
1174430 2475.6
1174440 2475.1
1174450 2475.3
1174460 2475.3
1174470 2476.0
1174480 2474.1
1174490 2470.0
1174500 2470.0
1174510 2464.7
1174520 2460.0
1174530 2460.0
1174540 2454.6
1174550 2449.5
1174560 2449.5
1174570 2446.3
1174580 2444.4
1174590 2444.4
1174600 2444.4
1174610 2445.4
1174620 2445.4
1174630 2447.2
1174640 2449.3
1174650 2449.3
1174660 2450.9
1174670 2451.6
1174680 2451.6
1174690 2451.6
1174700 2450.9
1174710 2450.9
1174720 2449.6
1174730 2448.4
1174740 2448.4
1174750 2448.4
1174760 2448.4
1174770 2448.3
1174780 2448.3
1174790 2448.4
1174800 2447.5
1174810 2447.5
1174820 2445.8
1174830 2443.5
1174840 2443.5
1174850 2439.2
1174860 2434.5
1174870 2434.5
1174880 2430.3
1174890 2425.4
1174900 2425.4
1174910 2421.0
1174920 2417.5
1174930 2417.5
1174940 2414.6
1174950 2411.6
1174960 2408.8
1174970 2408.8
1174980 2406.6
1174990 2405.0
1175000 2405.0
1175010 2404.2
1175020 2404.1
1175030 2404.1
1175040 2403.7
1175050 2401.9
1175060 2401.9
1175070 2397.9
1175080 2393.6
1175090 2393.6
1175100 2389.4
1175110 2386.5
1175120 2386.5
1175130 2384.3
1175140 2383.7
1175150 2383.7
1175160 2383.4
1175170 2383.0
1175180 2378.7
1175190 2378.7
1175200 2378.8
1175210 2381.2
1175220 2381.2
1175230 2384.5
1175240 2387.1
1175250 2387.1
1175260 2392.7
1175270 2397.8
1175280 2397.8
1175290 2400.4
1175300 2399.2
1175310 2399.2
1175320 2393.4
1175330 2388.3
1175340 2388.3
1175350 2386.5
1175360 2379.7
1175370 2379.7
1175380 2369.4
1175390 2360.6
1175400 2351.6
1175410 2351.6
1175420 2342.9
1175430 2335.9
1175440 2335.9
1175450 2329.3
1175460 2321.6
1175470 2321.6
1175480 2316.1
1175490 2311.2
1175500 2311.2
1175510 2303.6
1175520 2294.2
1175530 2294.2
1175540 2286.8
1175550 2280.7
1175560 2280.7
1175570 2275.3
1175580 2270.4
1175590 2270.8
1175600 2265.2
1175610 2259.5
1175620 2253.6
1175630 2253.6
1175640 2248.0
1175650 2243.6
1175660 2243.6
1175670 2234.5
1175680 2223.7
1175690 2223.7
1175700 2213.6
1175710 2205.3
1175720 2205.3
1175730 2197.5
1175740 2188.8
1175750 2188.8
1175760 2180.4
1175770 2171.5
1175780 2171.5
1175790 2163.5
1175800 2155.0
1175810 2155.0
1175820 2146.3
1175830 2138.5
1175840 2138.5
1175850 2130.4
1175860 2123.1
1175870 2115.4
1175880 2115.4
1175890 2108.0
1175900 2099.9
1175910 2099.9
1175920 2092.6
1175930 2085.4
1175940 2085.4
1175950 2078.3
1175960 2071.5
1175970 2071.5
1175980 2064.0
1175990 2056.9
1176000 2063.2
1176010 2055.3
1176020 2048.9
1176030 2048.9
1176040 2041.8
1176050 2031.6
1176060 2031.6
1176070 2020.7
1176080 2012.7
1176090 2006.0
1176100 2006.0
1176110 1998.4
1176120 1992.5
1176130 1992.5
1176140 1986.4
1176150 1979.7
1176160 1979.7
1176170 1974.2
1176180 1968.2
1176190 1968.2
1176200 1962.2
1176210 1956.2
1176220 1956.2
1176230 1950.9
1176240 1946.1
1176250 1946.1
1176260 1941.3
1176270 1936.5
1176280 1936.5
1176290 1931.7
1176300 1926.3
1176310 1920.8
1176320 1920.8
1176330 1915.1
1176340 1909.9
1176350 1909.9
1176360 1905.1
1176370 1901.0
1176380 1901.0
1176390 1896.2
1176400 1890.7
1176410 1889.5
1176420 1884.0
1176430 1878.2
1176440 1878.2
1176450 1872.4
1176460 1867.1
1176470 1867.1
1176480 1862.3
1176490 1857.9
1176500 1857.9
1176510 1853.8
1176520 1850.3
1176530 1846.7
1176540 1846.7
1176550 1843.5
1176560 1840.6
1176570 1840.6
1176580 1838.4
1176590 1836.2
1176600 1836.2
1176610 1833.9
1176620 1831.7
1176630 1831.7
1176640 1829.4
1176650 1826.8
1176660 1826.8
1176670 1824.1
1176680 1820.3
1176690 1820.3
1176700 1816.8
1176710 1813.7
1176720 1813.7
1176730 1810.1
1176740 1803.8
1176750 1796.7
1176760 1796.7
1176770 1790.5
1176780 1784.3
1176790 1784.3
1176800 1778.1
1176810 1772.3
1176820 1772.3
1176830 1769.0
1176840 1761.3
1176850 1761.3
1176860 1756.8
1176870 1752.7
1176880 1752.7
1176890 1753.5
1176900 1755.0
1176910 1755.0
1176920 1760.3
1176930 1763.6
1176940 1763.6
1176950 1763.3
1176960 1764.6
1176970 1764.6
1176980 1765.6
1176990 1765.0
1177000 1763.9
1177010 1763.9
1177020 1763.2
1177030 1762.6
1177040 1762.6
1177050 1761.5
1177060 1759.4
1177070 1759.4
1177080 1757.1
1177090 1755.8
1177100 1755.8
1177110 1756.9
1177120 1759.6
1177130 1759.6
1177140 1762.6
1177150 1766.0
1177160 1766.0
1177170 1769.1
1177180 1772.5
1177190 1772.5
1177200 1775.3
1177210 1777.0
1177220 1776.6
1177230 1776.6
1177240 1784.3
1177250 1785.4
1177260 1785.4
1177270 1786.7
1177280 1788.5
1177290 1788.5
1177300 1791.1
1177310 1793.6
1177320 1793.6
1177330 1794.7
1177340 1795.6
1177350 1795.6
1177360 1796.2
1177370 1796.9
1177380 1796.9
1177390 1798.4
1177400 1800.2
1177410 1800.2
1177420 1801.8
1177430 1803.1
1177440 1804.5
1177450 1804.5
1177460 1806.2
1177470 1808.4
1177480 1808.4
1177490 1809.5
1177500 1810.4
1177510 1810.4
1177520 1810.8
1177530 1810.2
1177540 1810.2
1177550 1807.8
1177560 1805.6
1177570 1805.6
1177580 1806.2
1177590 1809.7
1177600 1809.7
1177610 1811.4
1177620 1813.5
1177630 1813.5
1177640 1817.3
1177650 1821.5
1177660 1823.4
1177670 1823.4
1177680 1824.7
1177690 1826.0
1177700 1826.0
1177710 1828.9
1177720 1831.6
1177730 1831.6
1177740 1834.1
1177750 1834.2
1177760 1834.2
1177770 1833.5
1177780 1833.6
1177790 1833.6
1177800 1833.2
1177810 1835.5
1177820 1835.5
1177830 1837.8
1177840 1838.2
1177850 1838.2
1177860 1838.8
1177870 1838.9
1177880 1838.7
1177890 1838.7
1177900 1839.2
1177910 1838.4
1177920 1838.4
1177930 1838.5
1177940 1838.8
1177950 1838.8
1177960 1838.4
1177970 1837.0
1177980 1837.0
1177990 1835.6
1178000 1834.9
1178010 1834.9
1178020 1835.7
1178030 1836.5
1178040 1836.5
1178050 1836.6
1178060 1835.6
1178070 1840.2
1178080 1838.9
1178090 1838.2
1178100 1838.8
1178110 1838.8
1178120 1838.5
1178130 1838.4
1178140 1838.4
1178150 1840.1
1178160 1842.3
1178170 1842.3
1178180 1842.5
1178190 1842.1
1178200 1842.1
1178210 1841.2
1178220 1840.5
1178230 1840.5
1178240 1842.8
1178250 1845.6
1178260 1845.6
1178270 1848.7
1178280 1850.4
1178290 1850.4
1178300 1849.5
1178310 1851.0
1178320 1851.0
1178330 1854.1
1178340 1857.6
1178350 1860.8
1178360 1860.8
1178370 1863.1
1178380 1866.2
1178390 1866.2
1178400 1869.2
1178410 1872.6
1178420 1872.6
1178430 1876.6
1178440 1881.2
1178450 1881.2
1178460 1885.7
1178470 1888.7
1178480 1893.5
1178490 1896.3
1178500 1900.8
1178510 1900.8
1178520 1905.6
1178530 1909.4
1178540 1909.4
1178550 1912.1
1178560 1915.3
1178570 1918.7
1178580 1918.7
1178590 1924.2
1178600 1930.0
1178610 1930.0
1178620 1936.6
1178630 1944.8
1178640 1944.8
1178650 1947.7
1178660 1948.5
1178670 1948.5
1178680 1951.0
1178690 1954.1
1178700 1954.1
1178710 1955.6
1178720 1955.9
1178730 1955.9
1178740 1956.1
1178750 1958.8
1178760 1958.8
1178770 1961.3
1178780 1962.3
1178790 1962.0
1178800 1962.0
1178810 1962.0
1178820 1962.0
1178830 1962.0
1178840 1961.5
1178850 1961.0
1178860 1961.0
1178870 1962.3
1178880 1963.9
1178890 1963.9
1178900 1967.8
1178910 1969.8
1178920 1969.8
1178930 1972.9
1178940 1976.3
1178950 1976.3
1178960 1979.5
1178970 1982.8
1178980 1982.8
1178990 1987.3
1179000 1992.0
1179010 1993.7
1179020 1993.7
1179030 1994.2
1179040 1994.3
1179050 1994.3
1179060 1994.8
1179070 1995.5
1179080 1995.5
1179090 1995.8
1179100 1997.7
1179110 1997.7
1179120 2000.6
1179130 2002.9
1179140 2002.9
1179150 2004.7
1179160 2006.2
1179170 2006.2
1179180 2007.5
1179190 2008.3
1179200 2008.3
1179210 2008.4
1179220 2009.6
1179230 2012.6
1179240 2012.6
1179250 2015.8
1179260 2019.2
1179270 2019.2
1179280 2021.9
1179290 2023.8
1179300 2023.8
1179310 2027.4
1179320 2028.8
1179330 2028.8
1179340 2031.7
1179350 2035.1
1179360 2035.1
1179370 2037.8
1179380 2040.3
1179390 2040.3
1179400 2042.6
1179410 2044.4
1179420 2044.4
1179430 2045.9
1179440 2047.5
1179450 2047.5
1179460 2050.5
1179470 2051.1
1179480 2051.9
1179490 2051.9
1179500 2053.6
1179510 2055.6
1179520 2055.6
1179530 2056.1
1179540 2057.0
1179550 2057.0
1179560 2058.7
1179570 2061.3
1179580 2061.3
1179590 2062.1
1179600 2063.5
1179610 2063.5
1179620 2064.6
1179630 2064.9
1179640 2064.9
1179650 2064.0
1179660 2061.5
1179670 2061.5
1179680 2058.4
1179690 2052.9
1179700 2047.4
1179710 2047.4
1179720 2045.9
1179730 2049.9
1179740 2049.9
1179750 2050.0
1179760 2049.2
1179770 2049.2
1179780 2047.9
1179790 2045.7
1179800 2045.7
1179810 2042.4
1179820 2039.6
1179830 2039.6
1179840 2036.9
1179850 2033.5
1179860 2033.5
1179870 2030.2
1179880 2027.1
1179890 2027.1
1179900 2024.2
1179910 2022.6
1179920 2021.6
1179930 2021.6
1179940 2019.3
1179950 2016.4
1179960 2016.4
1179970 2012.6
1179980 2008.6
1179990 2008.6
