1160000 2103.4
1160010 2103.4
1160020 2101.5
1160030 2100.4
1160040 2100.4
1160050 2099.3
1160060 2098.7
1160070 2098.7
1160080 2099.6
1160090 2099.7
1160100 2099.7
1160110 2095.6
1160120 2089.7
1160130 2089.7
1160140 2085.3
1160150 2083.0
1160160 2083.0
1160170 2081.3
1160180 2079.8
1160190 2079.8
1160200 2078.5
1160210 2077.7
1160220 2077.5
1160230 2077.5
1160240 2077.5
1160250 2077.2
1160260 2077.2
1160270 2079.2
1160280 2077.6
1160290 2077.6
1160300 2075.8
1160310 2074.8
1160320 2074.8
1160330 2073.3
1160340 2070.1
1160350 2070.1
1160360 2064.6
1160370 2051.8
1160380 2051.8
1160390 2032.3
1160400 2020.4
1160410 2020.4
1160420 2010.8
1160430 2001.3
1160440 1994.2
1160450 1994.2
1160460 1987.5
1160470 1978.8
1160480 1978.8
1160490 1968.6
1160500 1960.8
1160510 1960.8
1160520 1955.1
1160530 1949.2
1160540 1949.2
1160550 1942.8
1160560 1938.1
1160570 1938.1
1160580 1933.1
1160590 1929.5
1160600 1929.5
1160610 1932.3
1160620 1936.7
1160630 1936.7
1160640 1943.9
1160650 1951.7
1160660 1952.1
1160670 1959.0
1160680 1963.4
1160690 1965.6
1160700 1965.6
1160710 1968.5
1160720 1971.7
1160730 1971.7
1160740 1974.5
1160750 1976.2
1160760 1976.2
1160770 1978.0
1160780 1980.2
1160790 1980.2
1160800 1983.3
1160810 1987.9
1160820 1987.9
1160830 1992.6
1160840 1997.1
1160850 1997.1
1160860 2000.3
1160870 2003.6
1160880 2003.6
1160890 2006.1
1160900 2008.1
1160910 2012.6
1160920 2012.6
1160930 2016.6
1160940 2019.2
1160950 2019.2
1160960 2022.6
1160970 2026.8
1160980 2026.8
1160990 2030.1
1161000 2032.7
1161010 2032.7
1161020 2034.6
1161030 2036.4
1161040 2036.4
1161050 2040.1
1161060 2047.2
1161070 2047.2
1161080 2050.5
1161090 2053.6
1161100 2053.6
1161110 2055.6
1161120 2057.3
1161130 2059.2
1161140 2059.2
1161150 2061.2
1161160 2063.1
1161170 2063.1
1161180 2064.6
1161190 2065.9
1161200 2065.9
1161210 2068.2
1161220 2070.3
1161230 2070.3
1161240 2071.9
1161250 2072.3
1161260 2072.3
1161270 2072.7
1161280 2073.8
1161290 2073.8
1161300 2075.5
1161310 2078.1
1161320 2078.1
1161330 2080.3
1161340 2081.8
1161350 2081.8
1161360 2083.7
1161370 2085.0
1161380 2086.8
1161390 2086.8
1161400 2089.3
1161410 2091.9
1161420 2091.9
1161430 2092.7
1161440 2093.3
1161450 2096.4
1161460 2098.5
1161470 2100.0
1161480 2100.0
1161490 2101.6
1161500 2104.7
1161510 2104.7
1161520 2106.2
1161530 2107.8
1161540 2107.8
1161550 2109.8
1161560 2111.9
1161570 2111.9
1161580 2114.4
1161590 2116.1
1161600 2117.4
1161610 2117.4
1161620 2121.7
1161630 2124.3
1161640 2124.3
1161650 2125.0
1161660 2125.8
1161670 2125.8
1161680 2126.0
1161690 2126.2
1161700 2126.2
1161710 2126.1
1161720 2127.6
1161730 2127.6
1161740 2128.6
1161750 2129.4
1161760 2129.4
1161770 2129.3
1161780 2132.3
1161790 2132.3
1161800 2136.6
1161810 2139.1
1161820 2138.7
1161830 2138.7
1161840 2144.3
1161850 2145.1
1161860 2145.1
1161870 2146.1
1161880 2145.0
1161890 2145.0
1161900 2144.1
1161910 2142.9
1161920 2142.9
1161930 2140.7
1161940 2137.4
1161950 2137.4
1161960 2133.5
1161970 2130.6
1161980 2130.6
1161990 2129.2
1162000 2127.8
1162010 2127.8
1162020 2125.7
1162030 2123.0
1162040 2123.0
1162050 2120.4
1162060 2117.7
1162070 2114.7
1162080 2114.7
1162090 2111.5
1162100 2108.1
1162110 2108.1
1162120 2105.1
1162130 2102.6
1162140 2102.6
1162150 2100.1
1162160 2098.2
1162170 2098.2
1162180 2097.6
1162190 2097.8
1162200 2097.8
1162210 2098.7
1162220 2101.0
1162230 2101.0
1162240 2106.9
1162250 2109.7
1162260 2109.7
1162270 2112.6
1162280 2118.1
1162290 2124.6
1162300 2124.6
1162310 2131.1
1162320 2137.5
1162330 2137.5
1162340 2141.7
1162350 2145.7
1162360 2145.7
1162370 2149.6
1162380 2152.0
1162390 2152.0
1162400 2154.1
1162410 2156.3
1162420 2156.3
1162430 2157.6
1162440 2158.6
1162450 2158.6
1162460 2160.8
1162470 2161.7
1162480 2161.7
1162490 2158.8
1162500 2157.9
1162510 2159.5
1162520 2159.5
1162530 2161.3
1162540 2163.1
1162550 2163.1
1162560 2163.4
1162570 2161.9
1162580 2161.9
1162590 2162.0
1162600 2163.0
1162610 2163.0
1162620 2164.7
1162630 2172.6
1162640 2172.6
1162650 2173.1
1162660 2173.7
1162670 2173.7
1162680 2172.7
1162690 2171.4
1162700 2171.4
1162710 2170.8
1162720 2169.9
1162730 2169.9
1162740 2168.4
1162750 2166.4
1162760 2164.1
1162770 2164.1
1162780 2161.2
1162790 2157.9
1162800 2157.9
1162810 2154.8
1162820 2151.6
1162830 2151.6
1162840 2148.6
1162850 2145.6
1162860 2145.6
1162870 2142.8
1162880 2140.0
1162890 2140.0
1162900 2137.2
1162910 2133.9
1162920 2133.9
1162930 2129.2
1162940 2126.9
1162950 2126.9
1162960 2124.4
1162970 2121.5
1162980 2119.6
1162990 2119.6
1163000 2116.9
1163010 2113.9
1163020 2119.1
1163030 2116.6
1163040 2115.8
1163050 2115.8
1163060 2114.8
1163070 2113.9
1163080 2113.9
1163090 2111.7
1163100 2106.3
1163110 2106.3
1163120 2100.4
1163130 2094.9
1163140 2094.9
1163150 2087.8
1163160 2080.9
1163170 2080.9
1163180 2073.9
1163190 2068.0
1163200 2068.0
1163210 2062.3
1163220 2055.3
1163230 2046.8
1163240 2046.8
1163250 2039.6
1163260 2033.3
1163270 2033.3
1163280 2028.7
1163290 2025.2
1163300 2025.2
1163310 2020.6
1163320 2016.5
1163330 2016.5
1163340 2012.9
1163350 2009.5
1163360 2009.5
1163370 2006.0
1163380 2001.8
1163390 2001.8
1163400 1997.6
1163410 1993.4
1163420 1996.1
1163430 1994.2
1163440 1991.1
1163450 1988.2
1163460 1988.2
1163470 1985.5
1163480 1982.6
1163490 1982.6
1163500 1978.6
1163510 1974.1
1163520 1974.1
1163530 1972.5
1163540 1971.9
1163550 1971.9
1163560 1970.9
1163570 1969.3
1163580 1969.3
1163590 1967.9
1163600 1966.9
1163610 1966.9
1163620 1965.8
1163630 1964.7
1163640 1964.7
1163650 1962.8
1163660 1958.1
1163670 1954.0
1163680 1954.0
1163690 1950.0
1163700 1951.2
1163710 1951.2
1163720 1953.8
1163730 1955.2
1163740 1955.2
1163750 1956.9
1163760 1958.8
1163770 1958.8
1163780 1960.0
1163790 1959.8
1163800 1959.8
1163810 1956.2
1163820 1959.0
1163830 1959.0
1163840 1960.2
1163850 1963.5
1163860 1963.5
1163870 1961.4
1163880 1959.7
1163890 1959.7
1163900 1959.9
1163910 1959.4
1163920 1957.6
1163930 1957.6
1163940 1955.9
1163950 1956.9
1163960 1956.9
1163970 1955.6
1163980 1955.5
1163990 1955.5
1164000 1953.9
1164010 1952.3
1164020 1952.3
1164030 1951.7
1164040 1952.8
1164050 1952.8
1164060 1952.0
1164070 1950.4
1164080 1950.4
1164090 1947.2
1164100 1943.2
1164110 1943.2
1164120 1938.4
1164130 1933.4
1164140 1930.1
1164150 1930.1
1164160 1929.3
1164170 1926.5
1164180 1926.5
1164190 1920.8
1164200 1917.4
1164210 1923.8
1164220 1922.1
1164230 1920.0
1164240 1920.0
1164250 1917.6
1164260 1915.1
1164270 1915.1
1164280 1913.9
1164290 1913.9
1164300 1913.9
1164310 1915.6
1164320 1917.1
1164330 1917.1
1164340 1917.7
1164350 1918.1
1164360 1918.0
1164370 1918.0
1164380 1917.0
1164390 1916.1
1164400 1916.1
1164410 1914.5
1164420 1912.3
1164430 1912.3
1164440 1910.1
1164450 1907.4
1164460 1907.4
1164470 1904.7
1164480 1902.1
1164490 1902.1
1164500 1900.2
1164510 1898.1
1164520 1898.1
1164530 1896.7
1164540 1894.2
1164550 1894.2
1164560 1892.1
1164570 1889.9
1164580 1889.9
1164590 1888.0
1164600 1886.4
1164610 1891.0
1164620 1891.0
1164630 1889.4
1164640 1887.5
1164650 1887.5
1164660 1887.1
1164670 1886.8
1164680 1886.8
1164690 1886.1
1164700 1883.6
1164710 1883.6
1164720 1880.0
1164730 1877.5
1164740 1877.5
1164750 1875.7
1164760 1875.4
1164770 1875.4
1164780 1876.0
1164790 1876.6
1164800 1876.6
1164810 1877.8
1164820 1879.0
1164830 1879.7
1164840 1879.7
1164850 1879.7
1164860 1879.0
1164870 1879.0
1164880 1878.8
1164890 1878.6
1164900 1878.6
1164910 1878.1
1164920 1878.3
1164930 1878.3
1164940 1877.0
1164950 1874.9
1164960 1874.9
1164970 1871.9
1164980 1869.0
1164990 1869.0
1165000 1873.2
1165010 1871.9
1165020 1871.9
1165030 1872.4
1165040 1873.9
1165050 1874.8
1165060 1874.8
1165070 1875.8
1165080 1877.2
1165090 1877.2
1165100 1878.4
1165110 1879.6
1165120 1879.6
1165130 1881.3
1165140 1883.1
1165150 1883.1
1165160 1885.3
1165170 1888.1
1165180 1888.1
1165190 1891.5
1165200 1896.0
1165210 1896.0
1165220 1900.3
1165230 1902.1
1165240 1902.1
1165250 1902.7
1165260 1902.4
1165270 1902.4
1165280 1901.6
1165290 1898.7
1165300 1894.7
1165310 1894.7
1165320 1891.5
1165330 1887.9
1165340 1887.9
1165350 1884.1
1165360 1878.9
1165370 1878.9
1165380 1872.9
1165390 1868.2
1165400 1873.0
1165410 1868.9
1165420 1865.6
1165430 1865.6
1165440 1862.6
1165450 1860.6
1165460 1860.6
1165470 1860.6
1165480 1860.4
1165490 1860.4
1165500 1858.2
1165510 1856.1
1165520 1853.7
1165530 1853.7
1165540 1851.1
1165550 1850.0
1165560 1850.0
1165570 1848.7
1165580 1847.8
1165590 1847.8
1165600 1844.8
1165610 1842.9
1165620 1842.9
1165630 1841.7
1165640 1838.9
1165650 1838.9
1165660 1835.8
1165670 1833.9
1165680 1833.9
1165690 1832.4
1165700 1830.7
1165710 1830.7
1165720 1828.3
1165730 1826.2
1165740 1822.6
1165750 1822.6
1165760 1819.2
1165770 1815.7
1165780 1815.7
1165790 1811.9
1165800 1813.2
1165810 1813.2
1165820 1809.1
1165830 1803.8
1165840 1803.8
1165850 1797.6
1165860 1791.7
1165870 1791.7
1165880 1784.4
1165890 1778.7
1165900 1778.7
1165910 1774.7
1165920 1769.1
1165930 1769.1
1165940 1763.0
1165950 1757.1
1165960 1757.1
1165970 1750.7
1165980 1744.5
1165990 1738.6
1166000 1738.6
1166010 1734.7
1166020 1732.7
1166030 1732.7
1166040 1730.7
1166050 1728.4
1166060 1728.4
1166070 1725.5
1166080 1722.2
1166090 1722.2
1166100 1718.1
1166110 1712.6
1166120 1712.6
1166130 1707.4
1166140 1702.3
1166150 1702.3
1166160 1697.0
1166170 1691.4
1166180 1691.4
1166190 1685.3
1166200 1678.5
1166210 1671.0
1166220 1671.0
1166230 1663.9
1166240 1655.9
1166250 1655.9
1166260 1646.8
1166270 1637.9
1166280 1637.9
1166290 1631.0
1166300 1624.6
1166310 1624.6
1166320 1617.8
1166330 1610.6
1166340 1610.6
1166350 1603.4
1166360 1596.5
1166370 1596.5
1166380 1590.4
1166390 1584.4
1166400 1584.4
1166410 1577.8
1166420 1571.7
1166430 1565.1
1166440 1565.1
1166450 1557.5
1166460 1550.7
1166470 1550.7
1166480 1544.4
1166490 1537.2
1166500 1537.2
1166510 1529.9
1166520 1523.5
1166530 1523.5
1166540 1517.5
1166550 1511.2
1166560 1511.2
1166570 1504.8
1166580 1497.5
1166590 1496.7
1166600 1489.8
1166610 1482.9
1166620 1482.9
1166630 1477.0
1166640 1470.8
1166650 1470.8
1166660 1464.9
1166670 1459.3
1166680 1453.5
1166690 1453.5
1166700 1447.2
1166710 1441.2
1166720 1441.2
1166730 1434.7
1166740 1428.0
1166750 1428.0
1166760 1420.6
1166770 1412.8
1166780 1412.8
1166790 1404.9
1166800 1397.6
1166810 1397.6
1166820 1391.9
1166830 1387.8
1166840 1387.8
1166850 1383.6
1166860 1379.0
1166870 1379.0
1166880 1374.5
1166890 1370.6
1166900 1367.0
1166910 1367.0
1166920 1363.7
1166930 1360.9
1166940 1360.9
1166950 1357.9
1166960 1355.1
1166970 1355.1
1166980 1352.6
1166990 1348.6
1167000 1348.6
1167010 1345.7
1167020 1341.4
1167030 1341.4
1167040 1335.9
1167050 1330.1
1167060 1330.1
1167070 1325.1
1167080 1318.6
1167090 1318.6
1167100 1312.0
1167110 1304.4
1167120 1304.4
1167130 1296.1
1167140 1289.4
1167150 1282.5
1167160 1282.5
1167170 1276.8
1167180 1270.3
1167190 1270.3
1167200 1264.0
1167210 1257.2
1167220 1257.2
1167230 1244.9
1167240 1225.2
1167250 1225.2
1167260 1209.6
1167270 1200.1
1167280 1200.1
1167290 1185.9
1167300 1166.6
1167310 1166.6
1167320 1152.4
1167330 1138.1
1167340 1138.1
1167350 1121.9
1167360 1109.7
1167370 1100.0
1167380 1100.0
1167390 1109.0
1167400 1110.9
1167410 1110.9
1167420 1115.1
1167430 1112.3
1167440 1112.3
1167450 1109.6
1167460 1100.0
1167470 1100.0
1167480 1086.4
1167490 1073.4
1167500 1073.4
1167510 1048.8
1167520 1026.5
1167530 1026.5
1167540 1009.9
1167550 996.5
1167560 996.5
1167570 986.3
1167580 974.2
1167590 958.3
1167600 958.3
1167610 942.3
1167620 920.1
1167630 920.1
1167640 909.3
1167650 910.4
1167660 910.4
1167670 916.5
1167680 923.7
1167690 923.7
1167700 930.5
1167710 937.0
1167720 937.0
1167730 945.3
1167740 956.1
1167750 956.1
1167760 965.4
1167770 974.4
1167780 974.4
1167790 984.7
1167800 994.1
1167810 994.1
1167820 1003.6
1167830 1013.3
1167840 1023.6
1167850 1023.6
1167860 1027.3
1167870 1028.5
1167880 1028.5
1167890 1031.6
1167900 1035.8
1167910 1035.8
1167920 1040.5
1167930 1042.9
1167940 1042.9
1167950 1046.7
1167960 1051.6
1167970 1051.6
1167980 1054.6
1167990 1059.6
1168000 1059.6
1168010 1065.4
1168020 1068.9
1168030 1068.9
1168040 1074.8
1168050 1083.0
1168060 1090.2
1168070 1090.2
1168080 1097.4
1168090 1104.7
1168100 1104.7
1168110 1112.7
1168120 1121.1
1168130 1121.1
1168140 1129.1
1168150 1137.6
1168160 1137.6
1168170 1146.0
1168180 1153.5
1168190 1153.5
1168200 1161.3
1168210 1171.1
1168220 1171.1
1168230 1183.0
1168240 1196.1
1168250 1196.1
1168260 1203.3
1168270 1209.4
1168280 1216.4
1168290 1216.4
1168300 1224.0
1168310 1229.6
1168320 1229.6
1168330 1234.3
1168340 1240.9
1168350 1240.9
1168360 1246.8
1168370 1253.8
1168380 1253.8
1168390 1262.6
1168400 1271.1
1168410 1271.1
1168420 1275.1
1168430 1278.2
1168440 1278.2
1168450 1281.2
1168460 1283.1
1168470 1283.1
1168480 1286.9
1168490 1293.7
1168500 1293.7
1168510 1297.7
1168520 1302.4
1168530 1307.3
1168540 1307.3
1168550 1312.2
1168560 1317.3
1168570 1317.3
1168580 1323.0
1168590 1330.4
1168600 1330.4
1168610 1335.3
1168620 1338.6
1168630 1338.6
1168640 1341.4
1168650 1344.5
1168660 1344.5
1168670 1348.1
1168680 1352.7
1168690 1352.7
1168700 1358.1
1168710 1362.1
1168720 1362.1
1168730 1365.0
1168740 1368.1
1168750 1371.8
1168760 1371.8
1168770 1375.7
1168780 1378.5
1168790 1378.5
1168800 1381.8
1168810 1385.3
1168820 1385.3
1168830 1388.4
1168840 1392.5
1168850 1392.5
1168860 1398.2
1168870 1404.7
1168880 1404.7
1168890 1411.6
1168900 1417.0
1168910 1417.0
1168920 1419.4
1168930 1423.0
1168940 1423.0
1168950 1426.1
1168960 1428.3
1168970 1430.2
1168980 1430.2
1168990 1432.8
1169000 1439.3
1169010 1439.3
1169020 1441.6
1169030 1444.9
1169040 1444.9
1169050 1449.0
1169060 1453.4
1169070 1453.4
1169080 1458.6
1169090 1461.7
1169100 1461.7
1169110 1463.8
1169120 1468.4
1169130 1468.4
1169140 1474.6
1169150 1481.1
1169160 1481.1
1169170 1486.7
1169180 1491.4
1169190 1491.4
1169200 1496.0
1169210 1500.9
1169220 1505.0
1169230 1505.0
1169240 1508.6
1169250 1512.4
1169260 1512.4
1169270 1515.5
1169280 1517.8
1169290 1517.8
1169300 1519.3
1169310 1521.7
1169320 1521.7
1169330 1524.8
1169340 1528.0
1169350 1528.0
1169360 1531.2
1169370 1535.2
1169380 1535.2
1169390 1538.5
1169400 1542.8
1169410 1542.8
1169420 1548.6
1169430 1555.1
1169440 1559.9
1169450 1559.9
1169460 1562.5
1169470 1564.8
1169480 1564.8
1169490 1567.1
1169500 1569.5
1169510 1569.5
1169520 1572.3
1169530 1575.0
1169540 1575.0
1169550 1577.4
1169560 1577.4
1169570 1577.4
1169580 1577.1
1169590 1577.6
1169600 1577.6
1169610 1578.5
1169620 1577.9
1169630 1577.9
1169640 1577.7
1169650 1579.0
1169660 1579.3
1169670 1579.3
1169680 1579.7
1169690 1580.3
1169700 1580.3
1169710 1580.2
1169720 1579.1
1169730 1579.1
1169740 1578.7
1169750 1577.6
1169760 1577.6
1169770 1575.6
1169780 1573.9
1169790 1573.9
1169800 1579.2
1169810 1578.1
1169820 1578.1
1169830 1576.6
1169840 1575.8
1169850 1575.8
1169860 1576.5
1169870 1577.1
1169880 1577.1
1169890 1577.3
1169900 1575.6
1169910 1574.6
1169920 1574.6
1169930 1576.2
1169940 1578.6
1169950 1578.6
1169960 1581.6
1169970 1584.6
1169980 1584.6
1169990 1586.5
1170000 1587.7
1170010 1587.7
1170020 1588.1
1170030 1589.4
1170040 1589.4
1170050 1591.7
1170060 1593.7
1170070 1593.7
1170080 1594.9
1170090 1596.3
1170100 1596.3
1170110 1598.7
1170120 1601.2
1170130 1603.3
1170140 1603.3
1170150 1604.3
1170160 1606.5
1170170 1606.5
1170180 1608.6
1170190 1610.0
1170200 1613.9
1170210 1615.3
1170220 1616.7
1170230 1616.7
1170240 1618.0
1170250 1619.3
1170260 1619.3
1170270 1620.7
1170280 1623.7
1170290 1623.7
1170300 1626.0
1170310 1628.3
1170320 1628.3
1170330 1631.0
1170340 1633.7
1170350 1636.3
1170360 1636.3
1170370 1637.4
1170380 1638.8
1170390 1638.8
1170400 1640.5
1170410 1642.1
1170420 1642.1
1170430 1643.4
1170440 1643.8
1170450 1643.8
1170460 1646.5
1170470 1650.6
1170480 1650.6
1170490 1653.6
1170500 1654.0
1170510 1654.0
1170520 1653.5
1170530 1653.0
1170540 1653.0
1170550 1658.7
1170560 1663.9
1170570 1663.9
1170580 1667.6
1170590 1671.5
1170600 1675.0
1170610 1679.5
1170620 1682.0
1170630 1684.3
1170640 1684.3
1170650 1687.3
1170660 1690.5
1170670 1690.5
1170680 1693.0
1170690 1695.2
1170700 1695.2
1170710 1697.4
1170720 1699.5
1170730 1699.5
1170740 1702.4
1170750 1705.1
1170760 1705.1
1170770 1708.0
1170780 1711.3
1170790 1711.3
1170800 1714.5
1170810 1718.6
1170820 1722.1
1170830 1722.1
1170840 1725.1
1170850 1728.8
1170860 1728.8
1170870 1732.4
1170880 1736.3
1170890 1736.3
1170900 1740.5
1170910 1744.1
1170920 1744.1
1170930 1747.3
1170940 1750.5
1170950 1750.5
1170960 1753.7
1170970 1756.7
1170980 1756.7
1170990 1759.6
1171000 1762.4
1171010 1767.7
1171020 1770.3
1171030 1772.3
1171040 1774.2
1171050 1774.2
1171060 1776.3
1171070 1778.6
1171080 1778.6
1171090 1780.9
1171100 1784.5
1171110 1784.5
1171120 1787.4
1171130 1789.6
1171140 1789.6
1171150 1791.9
1171160 1794.6
1171170 1794.6
1171180 1797.1
1171190 1799.4
1171200 1799.4
1171210 1800.7
1171220 1804.6
1171230 1804.6
1171240 1809.3
1171250 1813.5
1171260 1813.5
1171270 1817.8
1171280 1821.4
1171290 1825.3
1171300 1825.3
1171310 1829.8
1171320 1834.4
1171330 1834.4
1171340 1838.7
1171350 1843.3
1171360 1843.3
1171370 1847.2
1171380 1850.6
1171390 1850.6
1171400 1853.5
1171410 1856.3
1171420 1862.3
1171430 1865.3
1171440 1869.3
1171450 1869.3
1171460 1872.9
1171470 1876.8
1171480 1876.8
1171490 1880.6
1171500 1884.2
1171510 1888.0
1171520 1888.0
1171530 1890.9
1171540 1892.2
1171550 1892.2
1171560 1892.8
1171570 1896.6
1171580 1896.6
1171590 1901.2
1171600 1906.0
1171610 1906.0
1171620 1911.2
1171630 1916.0
1171640 1916.0
1171650 1919.6
1171660 1922.5
1171670 1922.5
1171680 1924.8
1171690 1926.7
1171700 1926.7
1171710 1928.5
1171720 1930.7
1171730 1932.9
1171740 1932.9
1171750 1934.6
1171760 1936.6
1171770 1936.6
1171780 1939.4
1171790 1941.5
1171800 1941.5
1171810 1943.3
1171820 1951.0
1171830 1951.0
1171840 1953.9
1171850 1957.1
1171860 1957.1
1171870 1960.9
1171880 1965.2
1171890 1965.2
1171900 1968.8
1171910 1971.8
1171920 1971.8
1171930 1974.6
1171940 1977.3
1171950 1977.3
1171960 1979.9
1171970 1982.4
1171980 1984.3
1171990 1984.3
1172000 1985.8
1172010 1986.6
1172020 1986.6
1172030 1986.1
1172040 1984.5
1172050 1984.5
1172060 1981.0
1172070 1976.2
1172080 1976.2
1172090 1972.0
1172100 1967.6
1172110 1967.6
1172120 1962.8
1172130 1956.4
1172140 1956.4
1172150 1946.9
1172160 1936.9
1172170 1936.9
1172180 1931.3
1172190 1923.4
1172200 1914.9
1172210 1914.9
1172220 1905.5
1172230 1897.7
1172240 1897.7
1172250 1886.2
1172260 1876.6
1172270 1876.6
1172280 1869.2
1172290 1861.5
1172300 1861.5
1172310 1851.7
1172320 1840.3
1172330 1840.3
1172340 1830.2
1172350 1822.1
1172360 1822.1
1172370 1814.7
1172380 1807.1
1172390 1807.1
1172400 1800.2
1172410 1793.6
1172420 1793.6
1172430 1787.1
1172440 1780.6
1172450 1775.1
1172460 1775.1
1172470 1773.0
1172480 1772.3
1172490 1772.3
1172500 1771.7
1172510 1770.8
1172520 1770.8
1172530 1769.5
1172540 1768.2
1172550 1768.2
1172560 1767.5
1172570 1766.4
1172580 1766.4
1172590 1764.9
1172600 1762.9
1172610 1762.9
1172620 1761.7
1172630 1759.6
1172640 1760.8
1172650 1758.2
1172660 1756.5
1172670 1755.2
1172680 1755.2
1172690 1753.6
1172700 1752.3
1172710 1752.3
1172720 1753.0
1172730 1753.5
1172740 1753.5
1172750 1754.6
1172760 1754.3
1172770 1754.3
1172780 1754.5
1172790 1754.6
1172800 1754.6
1172810 1754.6
1172820 1754.9
1172830 1754.9
1172840 1755.2
1172850 1756.2
1172860 1756.2
1172870 1756.6
1172880 1757.2
1172890 1757.5
1172900 1757.5
1172910 1758.1
1172920 1759.1
1172930 1759.1
1172940 1761.9
1172950 1765.4
1172960 1765.4
1172970 1769.8
1172980 1774.8
1172990 1774.8
1173000 1779.5
1173010 1785.0
1173020 1785.0
1173030 1791.5
1173040 1799.9
1173050 1799.9
1173060 1806.2
1173070 1812.7
1173080 1812.7
1173090 1819.4
1173100 1826.4
1173110 1826.4
1173120 1832.5
1173130 1838.3
1173140 1844.1
1173150 1844.1
1173160 1850.2
1173170 1855.9
1173180 1855.9
1173190 1861.9
1173200 1868.3
1173210 1868.3
1173220 1875.8
1173230 1883.0
1173240 1883.0
1173250 1889.2
1173260 1895.1
1173270 1895.1
1173280 1900.5
1173290 1905.8
1173300 1905.8
1173310 1911.1
1173320 1916.5
1173330 1916.5
1173340 1922.5
1173350 1928.9
1173360 1935.1
1173370 1935.1
1173380 1941.4
1173390 1947.9
1173400 1947.9
1173410 1954.3
1173420 1960.7
1173430 1960.7
1173440 1966.9
1173450 1971.4
1173460 1971.4
1173470 1977.5
1173480 1984.0
1173490 1984.0
1173500 1990.1
1173510 1996.3
1173520 1996.3
1173530 2002.8
1173540 2008.6
1173550 2008.6
1173560 2013.5
1173570 2018.2
1173580 2022.7
1173590 2022.7
1173600 2027.0
1173610 2031.7
1173620 2031.7
1173630 2036.5
1173640 2040.9
1173650 2040.9
1173660 2045.1
1173670 2049.4
1173680 2049.4
1173690 2053.5
1173700 2057.6
1173710 2057.6
1173720 2061.7
1173730 2065.9
1173740 2065.9
1173750 2070.2
1173760 2075.3
1173770 2075.3
1173780 2079.9
1173790 2083.6
1173800 2083.6
1173810 2086.2
1173820 2088.2
1173830 2089.5
1173840 2089.5
1173850 2092.8
1173860 2096.0
1173870 2096.0
1173880 2100.4
1173890 2103.2
1173900 2103.2
1173910 2105.0
1173920 2106.3
1173930 2106.3
1173940 2109.0
1173950 2113.5
1173960 2113.5
1173970 2117.0
1173980 2120.1
1173990 2120.1
1174000 2122.4
1174010 2122.6
1174020 2122.6
1174030 2116.0
1174040 2107.4
1174050 2096.5
1174060 2096.5
1174070 2087.9
1174080 2080.7
1174090 2080.7
1174100 2075.4
1174110 2070.6
1174120 2070.6
1174130 2068.3
1174140 2066.0
1174150 2066.0
1174160 2064.0
1174170 2063.2
1174180 2063.2
1174190 2061.2
1174200 2058.9
1174210 2058.9
1174220 2058.9
1174230 2057.8
1174240 2057.8
1174250 2048.2
1174260 2037.8
1174270 2036.5
1174280 2036.5
1174290 2027.3
1174300 2021.0
1174310 2021.0
1174320 2016.1
1174330 2015.1
1174340 2015.1
1174350 2014.0
1174360 2011.3
1174370 2011.3
1174380 2008.1
1174390 2005.8
1174400 2005.8
1174410 2001.9
1174420 1997.5
1174430 1997.5
1174440 1991.2
1174450 1987.2
1174460 1987.2
1174470 1984.8
1174480 1981.9
1174490 1981.9
1174500 1978.6
1174510 1969.5
1174520 1961.8
1174530 1961.8
1174540 1957.8
1174550 1954.9
1174560 1954.9
1174570 1951.7
1174580 1948.0
1174590 1948.0
1174600 1945.9
1174610 1943.8
1174620 1943.8
1174630 1940.2
1174640 1935.7
1174650 1935.7
1174660 1930.9
1174670 1925.6
1174680 1928.6
1174690 1921.9
1174700 1919.5
1174710 1919.5
1174720 1919.6
1174730 1919.2
1174740 1919.3
1174750 1919.3
1174760 1917.6
1174770 1916.8
1174780 1916.8
1174790 1917.5
1174800 1917.1
1174810 1917.1
1174820 1913.5
1174830 1906.0
1174840 1906.0
1174850 1895.6
1174860 1887.5
1174870 1887.5
1174880 1889.8
1174890 1894.7
1174900 1894.7
1174910 1895.6
1174920 1893.4
1174930 1893.4
1174940 1887.4
1174950 1878.4
1174960 1869.0
1174970 1869.0
1174980 1863.1
1174990 1869.9
1175000 1869.9
1175010 1877.5
1175020 1878.9
1175030 1878.9
1175040 1881.0
1175050 1881.6
1175060 1881.6
1175070 1883.6
1175080 1884.8
1175090 1892.5
1175100 1892.0
1175110 1892.2
1175120 1892.2
1175130 1893.7
1175140 1895.3
1175150 1895.3
1175160 1895.0
1175170 1894.2
1175180 1894.2
1175190 1893.3
1175200 1897.0
1175210 1902.0
1175220 1902.0
1175230 1906.2
1175240 1909.9
1175250 1909.9
1175260 1913.1
1175270 1916.6
1175280 1916.6
1175290 1919.5
1175300 1922.0
1175310 1922.0
1175320 1924.1
1175330 1925.5
1175340 1925.5
1175350 1925.5
1175360 1925.0
1175370 1925.0
1175380 1922.7
1175390 1921.7
1175400 1921.7
1175410 1923.3
1175420 1925.3
1175430 1928.9
1175440 1928.9
1175450 1932.6
1175460 1936.6
1175470 1936.6
1175480 1941.6
1175490 1946.5
1175500 1952.0
1175510 1954.2
1175520 1957.0
1175530 1957.0
1175540 1960.8
1175550 1964.7
1175560 1964.7
1175570 1969.2
1175580 1973.5
1175590 1973.5
1175600 1978.2
1175610 1983.0
1175620 1983.0
1175630 1987.1
1175640 1989.3
1175650 1989.9
1175660 1989.9
1175670 1989.4
1175680 1991.0
1175690 1991.0
1175700 1993.9
1175710 1995.8
1175720 1995.8
1175730 1995.6
1175740 1994.1
1175750 1994.1
1175760 1992.4
1175770 1991.4
1175780 1991.4
1175790 1990.5
1175800 1987.6
1175810 1987.6
1175820 1985.1
1175830 1984.0
1175840 1984.0
1175850 1983.5
1175860 1982.8
1175870 1982.8
1175880 1982.1
1175890 1982.5
1175900 1980.3
1175910 1983.9
1175920 1978.5
1175930 1973.0
1175940 1973.0
1175950 1968.8
1175960 1964.3
1175970 1964.3
1175980 1957.7
1175990 1950.4
1176000 1950.4
1176010 1942.9
1176020 1935.9
1176030 1935.9
1176040 1931.0
1176050 1925.1
1176060 1925.1
1176070 1920.4
1176080 1915.8
1176090 1915.8
1176100 1908.8
1176110 1901.2
1176120 1893.7
1176130 1893.7
1176140 1886.6
1176150 1879.7
1176160 1879.7
1176170 1873.2
1176180 1867.2
1176190 1867.2
1176200 1861.8
1176210 1856.8
1176220 1856.8
1176230 1852.4
1176240 1847.6
1176250 1847.6
1176260 1842.6
1176270 1838.3
1176280 1838.3
1176290 1833.7
1176300 1829.5
1176310 1829.5
1176320 1825.4
1176330 1821.8
1176340 1819.0
1176350 1819.0
1176360 1816.0
1176370 1812.9
1176380 1812.9
1176390 1809.6
1176400 1806.3
1176410 1806.3
1176420 1802.9
1176430 1799.6
1176440 1799.6
1176450 1797.1
1176460 1795.0
1176470 1795.0
1176480 1792.0
1176490 1788.6
1176500 1788.6
1176510 1783.5
1176520 1777.1
1176530 1777.1
1176540 1770.3
1176550 1764.4
1176560 1764.4
1176570 1761.4
1176580 1760.4
1176590 1760.0
1176600 1760.0
1176610 1759.8
1176620 1758.3
1176630 1758.3
1176640 1755.7
1176650 1754.4
1176660 1754.4
1176670 1751.8
1176680 1750.6
1176690 1750.6
1176700 1749.3
1176710 1747.3
1176720 1747.3
1176730 1748.7
1176740 1747.0
1176750 1747.0
1176760 1746.7
1176770 1748.1
1176780 1748.1
1176790 1751.7
1176800 1754.5
1176810 1754.9
1176820 1754.9
1176830 1754.5
1176840 1752.3
1176850 1752.3
1176860 1749.8
1176870 1748.1
1176880 1748.1
1176890 1747.9
1176900 1746.4
1176910 1746.4
1176920 1742.5
1176930 1739.5
1176940 1739.5
1176950 1735.3
1176960 1731.2
1176970 1731.2
1176980 1728.4
1176990 1725.8
1177000 1725.8
1177010 1722.5
1177020 1719.2
1177030 1716.4
1177040 1716.4
1177050 1714.5
1177060 1714.0
1177070 1714.0
1177080 1714.4
1177090 1715.3
1177100 1715.3
1177110 1716.1
1177120 1715.0
1177130 1715.0
1177140 1717.5
1177150 1717.4
1177160 1717.4
1177170 1716.8
1177180 1715.1
1177190 1715.1
1177200 1711.7
1177210 1708.3
1177220 1708.3
1177230 1705.1
1177240 1702.2
1177250 1702.2
1177260 1699.5
1177270 1696.7
1177280 1694.3
1177290 1694.3
1177300 1692.0
1177310 1689.2
1177320 1689.2
1177330 1686.3
1177340 1684.2
1177350 1684.2
1177360 1682.9
1177370 1681.7
1177380 1681.7
1177390 1679.9
1177400 1678.2
1177410 1678.2
1177420 1678.2
1177430 1677.4
1177440 1677.4
1177450 1675.3
1177460 1672.9
1177470 1672.9
1177480 1671.6
1177490 1670.9
1177500 1670.6
1177510 1670.6
1177520 1669.5
1177530 1668.0
1177540 1668.0
1177550 1667.1
1177560 1668.2
1177570 1668.2
1177580 1666.9
1177590 1665.6
1177600 1665.6
1177610 1664.1
1177620 1662.4
1177630 1662.4
1177640 1660.3
1177650 1657.5
1177660 1657.5
1177670 1654.7
1177680 1651.7
1177690 1651.7
1177700 1649.1
1177710 1647.2
1177720 1645.2
1177730 1645.2
1177740 1643.5
1177750 1641.0
1177760 1641.0
1177770 1638.5
1177780 1636.8
1177790 1636.8
1177800 1634.9
1177810 1632.8
1177820 1632.8
1177830 1631.1
1177840 1629.2
1177850 1629.2
1177860 1627.3
1177870 1625.8
1177880 1625.8
1177890 1624.5
1177900 1623.4
1177910 1623.4
1177920 1622.1
1177930 1620.9
1177940 1620.9
1177950 1620.1
1177960 1619.0
1177970 1618.1
1177980 1618.1
1177990 1615.4
1178000 1613.0
1178010 1613.0
1178020 1611.3
1178030 1609.3
1178040 1609.3
1178050 1606.4
1178060 1602.3
1178070 1602.3
1178080 1597.9
1178090 1594.0
1178100 1594.0
1178110 1589.9
1178120 1586.2
1178130 1586.2
1178140 1581.4
1178150 1575.9
1178160 1575.9
1178170 1570.1
1178180 1565.2
1178190 1563.1
1178200 1563.1
1178210 1560.3
1178220 1556.7
1178230 1556.7
1178240 1552.2
1178250 1547.8
1178260 1547.8
1178270 1545.3
1178280 1542.8
1178290 1542.8
1178300 1539.8
1178310 1536.1
1178320 1536.1
1178330 1532.6
1178340 1529.1
1178350 1529.1
1178360 1525.3
1178370 1521.4
1178380 1523.0
1178390 1519.9
1178400 1516.7
1178410 1512.8
1178420 1512.8
1178430 1509.4
1178440 1507.3
1178450 1507.3
1178460 1505.7
1178470 1502.6
1178480 1502.6
1178490 1499.1
1178500 1495.9
1178510 1495.9
1178520 1495.0
1178530 1493.9
1178540 1493.9
1178550 1493.9
1178560 1492.5
1178570 1492.5
1178580 1491.3
1178590 1491.6
1178600 1491.6
1178610 1491.0
1178620 1489.5
1178630 1489.5
1178640 1487.5
1178650 1485.4
1178660 1483.2
1178670 1483.2
1178680 1480.6
1178690 1477.5
1178700 1477.5
1178710 1474.0
1178720 1470.5
1178730 1470.5
1178740 1467.3
1178750 1464.2
1178760 1464.2
1178770 1460.4
1178780 1455.6
1178790 1455.6
1178800 1445.4
1178810 1441.3
1178820 1441.3
1178830 1438.0
1178840 1434.3
1178850 1434.3
1178860 1429.3
1178870 1424.6
1178880 1421.0
1178890 1421.0
1178900 1417.2
1178910 1412.9
1178920 1412.9
1178930 1408.2
1178940 1402.9
1178950 1402.9
1178960 1398.0
1178970 1394.0
1178980 1394.0
1178990 1390.6
1179000 1386.9
1179010 1386.9
1179020 1382.1
1179030 1376.9
1179040 1376.9
1179050 1371.2
1179060 1364.8
1179070 1364.8
1179080 1358.9
1179090 1352.9
1179100 1347.8
1179110 1347.8
1179120 1342.7
1179130 1337.6
1179140 1337.6
1179150 1331.8
1179160 1325.9
1179170 1325.9
1179180 1320.4
1179190 1314.9
1179200 1314.9
1179210 1304.9
1179220 1299.8
1179230 1299.8
1179240 1294.5
1179250 1289.7
1179260 1289.7
1179270 1284.4
1179280 1277.7
1179290 1277.7
1179300 1271.2
1179310 1263.4
1179320 1263.4
1179330 1254.8
1179340 1246.2
1179350 1236.5
1179360 1236.5
1179370 1227.3
1179380 1218.7
1179390 1218.7
1179400 1209.7
1179410 1200.1
1179420 1200.1
1179430 1190.6
1179440 1181.7
1179450 1181.7
1179460 1173.3
1179470 1165.4
1179480 1165.4
1179490 1158.9
1179500 1152.3
1179510 1152.3
1179520 1144.2
1179530 1136.5
1179540 1136.5
1179550 1128.9
1179560 1122.7
1179570 1119.3
1179580 1119.3
1179590 1116.5
1179600 1115.6
1179610 1115.6
1179620 1117.6
1179630 1122.9
1179640 1122.9
1179650 1125.3
1179660 1130.6
1179670 1130.6
1179680 1137.3
1179690 1144.4
1179700 1144.4
1179710 1149.3
1179720 1153.7
1179730 1153.7
1179740 1160.2
1179750 1168.1
1179760 1168.1
1179770 1174.3
1179780 1178.8
1179790 1180.8
1179800 1180.8
1179810 1183.1
1179820 1184.6
1179830 1184.6
1179840 1184.6
1179850 1183.5
1179860 1183.5
1179870 1181.4
1179880 1179.7
1179890 1179.7
1179900 1179.3
1179910 1179.2
1179920 1179.2
1179930 1179.5
1179940 1180.8
1179950 1180.8
1179960 1182.4
1179970 1183.8
1179980 1183.8
1179990 1185.8
