1160000 1799.8
1160010 1801.1
1160020 1801.1
1160030 1801.7
1160040 1802.2
1160050 1802.2
1160060 1803.1
1160070 1802.0
1160080 1802.0
1160090 1800.7
1160100 1800.3
1160110 1800.3
1160120 1800.3
1160130 1800.0
1160140 1800.0
1160150 1799.2
1160160 1799.0
1160170 1798.3
1160180 1802.4
1160190 1801.9
1160200 1801.3
1160210 1801.3
1160220 1800.6
1160230 1800.0
1160240 1800.0
1160250 1799.5
1160260 1799.0
1160270 1799.0
1160280 1798.8
1160290 1799.0
1160300 1799.0
1160310 1799.1
1160320 1798.9
1160330 1798.9
1160340 1799.0
1160350 1799.7
1160360 1799.7
1160370 1800.4
1160380 1800.4
1160390 1800.4
1160400 1800.0
1160410 1799.3
1160420 1798.0
1160430 1798.0
1160440 1796.7
1160450 1795.4
1160460 1795.4
1160470 1794.4
1160480 1793.3
1160490 1793.3
1160500 1792.2
1160510 1791.4
1160520 1791.4
1160530 1790.8
1160540 1788.9
1160550 1788.9
1160560 1784.5
1160570 1778.8
1160580 1783.0
1160590 1778.3
1160600 1773.3
1160610 1773.3
1160620 1768.0
1160630 1762.9
1160640 1758.4
1160650 1758.4
1160660 1753.4
1160670 1749.2
1160680 1749.2
1160690 1744.7
1160700 1740.1
1160710 1740.1
1160720 1734.0
1160730 1725.8
1160740 1725.8
1160750 1714.4
1160760 1699.5
1160770 1699.5
1160780 1688.1
1160790 1677.8
1160800 1677.8
1160810 1668.2
1160820 1659.7
1160830 1659.7
1160840 1650.6
1160850 1636.7
1160860 1636.7
1160870 1625.9
1160880 1618.6
1160890 1611.5
1160900 1611.5
1160910 1604.8
1160920 1599.2
1160930 1599.2
1160940 1594.1
1160950 1589.6
1160960 1589.6
1160970 1590.7
1160980 1587.0
1160990 1587.0
1161000 1583.2
1161010 1579.1
1161020 1579.1
1161030 1576.5
1161040 1574.4
1161050 1574.4
1161060 1571.3
1161070 1568.3
1161080 1568.3
1161090 1564.7
1161100 1562.5
1161110 1560.0
1161120 1560.0
1161130 1557.6
1161140 1555.6
1161150 1555.6
1161160 1553.5
1161170 1551.8
1161180 1551.8
1161190 1550.7
1161200 1550.4
1161210 1550.4
1161220 1548.9
1161230 1546.5
1161240 1546.5
1161250 1540.6
1161260 1533.1
1161270 1533.1
1161280 1534.6
1161290 1541.0
1161300 1541.0
1161310 1547.3
1161320 1553.5
1161330 1553.5
1161340 1559.9
1161350 1565.7
1161360 1574.1
1161370 1574.1
1161380 1578.2
1161390 1581.5
1161400 1581.5
1161410 1584.9
1161420 1588.7
1161430 1588.7
1161440 1592.9
1161450 1597.7
1161460 1597.7
1161470 1604.3
1161480 1610.1
1161490 1610.1
1161500 1610.8
1161510 1608.1
1161520 1608.1
1161530 1599.0
1161540 1593.3
1161550 1593.3
1161560 1589.5
1161570 1586.4
1161580 1582.8
1161590 1582.8
1161600 1579.7
1161610 1576.4
1161620 1576.4
1161630 1572.5
1161640 1569.9
1161650 1569.9
1161660 1567.3
1161670 1564.6
1161680 1564.6
1161690 1562.5
1161700 1560.9
1161710 1560.9
1161720 1558.5
1161730 1554.7
1161740 1554.7
1161750 1554.7
1161760 1554.1
1161770 1554.1
1161780 1555.5
1161790 1552.8
1161800 1550.5
1161810 1550.5
1161820 1550.0
1161830 1549.1
1161840 1549.1
1161850 1547.8
1161860 1548.1
1161870 1548.1
1161880 1548.6
1161890 1549.6
1161900 1549.6
1161910 1549.6
1161920 1547.9
1161930 1547.9
1161940 1547.6
1161950 1548.3
1161960 1548.3
1161970 1548.3
1161980 1547.6
1161990 1547.6
1162000 1545.8
1162010 1545.2
1162020 1545.2
1162030 1545.4
1162040 1545.0
1162050 1543.0
1162060 1543.0
1162070 1540.6
1162080 1539.2
1162090 1539.2
1162100 1537.4
1162110 1534.5
1162120 1534.5
1162130 1532.7
1162140 1532.0
1162150 1540.4
1162160 1542.3
1162170 1542.9
1162180 1542.9
1162190 1542.5
1162200 1541.5
1162210 1541.5
1162220 1540.1
1162230 1538.4
1162240 1538.4
1162250 1539.6
1162260 1542.2
1162270 1544.5
1162280 1544.5
1162290 1544.5
1162300 1542.1
1162310 1542.1
1162320 1537.9
1162330 1539.3
1162340 1539.3
1162350 1541.6
1162360 1542.3
1162370 1542.3
1162380 1542.1
1162390 1540.6
1162400 1540.6
1162410 1537.2
1162420 1532.9
1162430 1532.9
1162440 1527.8
1162450 1523.7
1162460 1523.7
1162470 1522.2
1162480 1521.4
1162490 1521.4
1162500 1523.0
1162510 1523.0
1162520 1517.4
1162530 1517.4
1162540 1511.9
1162550 1508.9
1162560 1508.9
1162570 1510.2
1162580 1512.0
1162590 1512.0
1162600 1514.2
1162610 1516.5
1162620 1516.5
1162630 1518.9
1162640 1521.3
1162650 1521.3
1162660 1524.5
1162670 1527.1
1162680 1527.1
1162690 1527.7
1162700 1525.9
1162710 1525.9
1162720 1522.5
1162730 1518.0
1162740 1515.3
1162750 1515.3
1162760 1513.5
1162770 1511.4
1162780 1511.4
1162790 1508.7
1162800 1506.7
1162810 1506.7
1162820 1506.3
1162830 1506.9
1162840 1506.9
1162850 1506.0
1162860 1503.7
1162870 1503.7
1162880 1500.2
1162890 1495.7
1162900 1495.7
1162910 1492.1
1162920 1492.0
1162930 1492.0
1162940 1492.1
1162950 1487.9
1162960 1487.9
1162970 1482.8
1162980 1479.0
1162990 1476.2
1163000 1476.2
1163010 1473.7
1163020 1471.5
1163030 1471.5
1163040 1469.4
1163050 1466.5
1163060 1466.5
1163070 1462.8
1163080 1459.0
1163090 1459.0
1163100 1455.7
1163110 1450.4
1163120 1450.4
1163130 1445.6
1163140 1443.9
1163150 1443.9
1163160 1446.0
1163170 1447.6
1163180 1447.6
1163190 1447.2
1163200 1446.5
1163210 1444.9
1163220 1444.9
1163230 1443.6
1163240 1444.4
1163250 1444.4
1163260 1443.8
1163270 1443.7
1163280 1443.7
1163290 1443.6
1163300 1443.6
1163310 1443.6
1163320 1443.6
1163330 1447.9
1163340 1447.9
1163350 1443.2
1163360 1437.4
1163370 1437.4
1163380 1433.1
1163390 1429.5
1163400 1429.5
1163410 1425.5
1163420 1422.0
1163430 1419.3
1163440 1419.3
1163450 1414.4
1163460 1408.9
1163470 1408.9
1163480 1403.8
1163490 1401.0
1163500 1401.0
1163510 1398.8
1163520 1396.4
1163530 1396.4
1163540 1394.1
1163550 1391.7
1163560 1391.7
1163570 1388.6
1163580 1384.1
1163590 1384.1
1163600 1380.7
1163610 1378.6
1163620 1378.6
1163630 1375.6
1163640 1372.1
1163650 1372.1
1163660 1369.5
1163670 1364.2
1163680 1355.9
1163690 1355.9
1163700 1353.6
1163710 1354.1
1163720 1354.1
1163730 1362.4
1163740 1364.5
1163750 1364.5
1163760 1362.9
1163770 1362.6
1163780 1362.6
1163790 1361.9
1163800 1360.3
1163810 1360.3
1163820 1357.7
1163830 1355.3
1163840 1355.3
1163850 1353.3
1163860 1351.6
1163870 1351.6
1163880 1349.4
1163890 1347.9
1163900 1347.3
1163910 1347.3
1163920 1346.2
1163930 1344.6
1163940 1344.6
1163950 1343.2
1163960 1339.7
1163970 1339.7
1163980 1336.0
1163990 1333.6
1164000 1333.6
1164010 1332.1
1164020 1330.7
1164030 1330.7
1164040 1328.2
1164050 1325.0
1164060 1325.0
1164070 1321.7
1164080 1319.7
1164090 1319.7
1164100 1318.3
1164110 1317.3
1164120 1324.0
1164130 1321.9
1164140 1320.3
1164150 1317.4
1164160 1317.4
1164170 1310.1
1164180 1302.2
1164190 1302.2
1164200 1292.4
1164210 1277.5
1164220 1277.5
1164230 1262.9
1164240 1254.0
1164250 1254.0
1164260 1260.6
1164270 1267.3
1164280 1267.3
1164290 1275.1
1164300 1280.5
1164310 1280.5
1164320 1285.4
1164330 1289.2
1164340 1289.2
1164350 1289.1
1164360 1286.7
1164370 1283.9
1164380 1283.9
1164390 1281.2
1164400 1278.5
1164410 1278.5
1164420 1275.3
1164430 1272.7
1164440 1272.7
1164450 1269.9
1164460 1267.1
1164470 1267.1
1164480 1264.5
1164490 1261.9
1164500 1261.9
1164510 1258.6
1164520 1264.3
1164530 1264.3
1164540 1261.1
1164550 1257.9
1164560 1257.9
1164570 1255.5
1164580 1252.0
1164590 1246.9
1164600 1246.9
1164610 1245.2
1164620 1243.2
1164630 1243.2
1164640 1239.4
1164650 1235.8
1164660 1235.8
1164670 1231.7
1164680 1227.5
1164690 1227.5
1164700 1222.5
1164710 1217.2
1164720 1217.2
1164730 1212.9
1164740 1208.5
1164750 1208.5
1164760 1203.1
1164770 1197.2
1164780 1197.2
1164790 1191.4
1164800 1184.6
1164810 1184.6
1164820 1176.6
1164830 1169.3
1164840 1163.8
1164850 1163.8
1164860 1161.7
1164870 1160.5
1164880 1160.5
1164890 1158.3
1164900 1152.8
1164910 1158.6
1164920 1159.5
1164930 1157.5
1164940 1157.5
1164950 1155.6
1164960 1154.6
1164970 1154.6
1164980 1153.0
1164990 1150.7
1165000 1150.7
1165010 1147.6
1165020 1144.6
1165030 1144.6
1165040 1142.3
1165050 1140.0
1165060 1137.9
1165070 1137.9
1165080 1135.1
1165090 1129.0
1165100 1129.0
1165110 1118.3
1165120 1109.6
1165130 1109.6
1165140 1101.5
1165150 1091.2
1165160 1091.2
1165170 1079.6
1165180 1069.0
1165190 1069.0
1165200 1070.5
1165210 1072.6
1165220 1072.6
1165230 1069.0
1165240 1064.5
1165250 1064.5
1165260 1063.1
1165270 1061.9
1165280 1061.9
1165290 1060.6
1165300 1058.5
1165310 1063.9
1165320 1063.9
1165330 1062.0
1165340 1060.8
1165350 1060.8
1165360 1058.4
1165370 1054.5
1165380 1054.5
1165390 1049.9
1165400 1045.1
1165410 1045.1
1165420 1040.4
1165430 1036.3
1165440 1036.3
1165450 1032.7
1165460 1029.0
1165470 1029.0
1165480 1026.0
1165490 1021.2
1165500 1021.2
1165510 1014.0
1165520 1009.4
1165530 1009.1
1165540 1009.1
1165550 1009.1
1165560 1008.1
1165570 1008.1
1165580 1006.8
1165590 1004.4
1165600 1004.4
1165610 1001.3
1165620 997.3
1165630 997.3
1165640 993.6
1165650 991.1
1165660 991.1
1165670 987.7
1165680 984.1
1165690 984.1
1165700 980.9
1165710 985.7
1165720 985.7
1165730 982.7
1165740 980.0
1165750 980.0
1165760 977.1
1165770 974.5
1165780 971.8
1165790 971.8
1165800 969.2
1165810 967.1
1165820 967.1
1165830 965.6
1165840 964.2
1165850 964.2
1165860 963.0
1165870 962.5
1165880 962.5
1165890 962.5
1165900 962.6
1165910 962.6
1165920 962.9
1165930 963.2
1165940 963.2
1165950 963.4
1165960 963.6
1165970 963.6
1165980 963.6
1165990 963.2
1166000 963.1
1166010 963.1
1166020 963.7
1166030 964.0
1166040 964.0
1166050 964.3
1166060 965.2
1166070 965.2
1166080 966.0
1166090 968.5
1166100 968.5
1166110 965.1
1166120 968.0
1166130 968.0
1166140 972.2
1166150 978.1
1166160 978.1
1166170 983.6
1166180 987.7
1166190 987.7
1166200 990.0
1166210 990.8
1166220 991.4
1166230 991.4
1166240 994.0
1166250 998.9
1166260 998.9
1166270 1001.4
1166280 1005.5
1166290 1005.5
1166300 1009.7
1166310 1013.5
1166320 1013.5
1166330 1018.0
1166340 1021.3
1166350 1021.3
1166360 1024.1
1166370 1027.0
1166380 1027.0
1166390 1031.4
1166400 1036.3
1166410 1036.3
1166420 1041.3
1166430 1045.3
1166440 1045.3
1166450 1049.3
1166460 1052.6
1166470 1055.5
1166480 1055.5
1166490 1058.9
1166500 1062.6
1166510 1057.5
1166520 1062.0
1166530 1066.1
1166540 1066.1
1166550 1067.3
1166560 1066.8
1166570 1066.8
1166580 1067.1
1166590 1068.4
1166600 1068.4
1166610 1070.2
1166620 1071.9
1166630 1071.9
1166640 1074.2
1166650 1076.4
1166660 1076.4
1166670 1078.3
1166680 1081.1
1166690 1084.9
1166700 1084.9
1166710 1086.0
1166720 1086.2
1166730 1086.2
1166740 1086.3
1166750 1086.3
1166760 1086.3
1166770 1086.3
1166780 1086.4
1166790 1086.4
1166800 1086.4
1166810 1086.4
1166820 1086.4
1166830 1086.4
1166840 1086.3
1166850 1086.3
1166860 1088.2
1166870 1093.8
1166880 1093.8
1166890 1097.0
1166900 1099.8
1166910 1099.8
1166920 1104.2
1166930 1109.1
1166940 1113.3
1166950 1113.3
1166960 1109.8
1166970 1099.6
1166980 1099.6
1166990 1093.9
1167000 1091.4
1167010 1091.4
1167020 1092.0
1167030 1092.5
1167040 1092.5
1167050 1094.3
1167060 1097.2
1167070 1097.2
1167080 1099.4
1167090 1101.7
1167100 1101.7
1167110 1103.8
1167120 1107.4
1167130 1107.4
1167140 1111.1
1167150 1111.7
1167160 1113.1
1167170 1113.1
1167180 1113.9
1167190 1111.6
1167200 1111.6
1167210 1107.8
1167220 1106.3
1167230 1106.3
1167240 1107.5
1167250 1108.9
1167260 1108.9
1167270 1110.6
1167280 1111.8
1167290 1111.8
1167300 1108.3
1167310 1107.7
1167320 1107.7
1167330 1105.3
1167340 1103.5
1167350 1103.5
1167360 1103.0
1167370 1102.2
1167380 1102.2
1167390 1101.4
1167400 1100.6
1167410 1099.5
1167420 1099.5
1167430 1098.3
1167440 1096.7
1167450 1096.7
1167460 1096.7
1167470 1099.0
1167480 1099.0
1167490 1103.2
1167500 1106.3
1167510 1106.3
1167520 1106.8
1167530 1107.2
1167540 1107.2
1167550 1108.2
1167560 1109.6
1167570 1109.6
1167580 1110.6
1167590 1110.6
1167600 1110.6
1167610 1109.7
1167620 1108.6
1167630 1107.7
1167640 1107.7
1167650 1107.3
1167660 1106.8
1167670 1106.8
1167680 1106.8
1167690 1106.7
1167700 1103.7
1167710 1102.5
1167720 1101.6
1167730 1101.6
1167740 1100.9
1167750 1099.9
1167760 1099.9
1167770 1098.7
1167780 1097.5
1167790 1097.5
1167800 1093.0
1167810 1085.1
1167820 1085.1
1167830 1079.7
1167840 1076.2
1167850 1073.8
1167860 1073.8
1167870 1069.4
1167880 1063.2
1167890 1063.2
1167900 1056.9
1167910 1050.1
1167920 1050.1
1167930 1043.2
1167940 1035.8
1167950 1035.8
1167960 1030.3
1167970 1025.3
1167980 1025.3
1167990 1020.5
1168000 1017.1
1168010 1017.1
1168020 1014.4
1168030 1012.1
1168040 1012.1
1168050 1010.1
1168060 1007.3
1168070 1007.3
1168080 1005.2
1168090 1002.7
1168100 995.5
1168110 995.5
1168120 991.1
1168130 985.3
1168140 985.3
1168150 978.9
1168160 971.6
1168170 971.6
1168180 962.6
1168190 958.0
1168200 958.0
1168210 954.1
1168220 944.4
1168230 944.4
1168240 932.9
1168250 922.1
1168260 922.1
1168270 915.0
1168280 908.4
1168290 908.4
1168300 902.2
1168310 896.9
1168320 894.6
1168330 894.6
1168340 890.8
1168350 871.4
1168360 871.4
1168370 864.9
1168380 864.2
1168390 864.2
1168400 861.5
1168410 860.1
1168420 860.1
1168430 861.6
1168440 865.6
1168450 865.6
1168460 872.9
1168470 879.7
1168480 879.7
1168490 886.9
1168500 894.4
1168510 894.4
1168520 899.4
1168530 904.8
1168540 904.8
1168550 910.6
1168560 916.8
1168570 923.4
1168580 923.4
1168590 929.9
1168600 934.7
1168610 934.7
1168620 941.8
1168630 953.3
1168640 953.3
1168650 967.3
1168660 975.8
1168670 975.8
1168680 981.9
1168690 987.7
1168700 987.7
1168710 993.7
1168720 999.6
1168730 999.6
1168740 1005.3
1168750 1010.6
1168760 1010.6
1168770 1015.8
1168780 1021.2
1168790 1025.6
1168800 1025.6
1168810 1029.9
1168820 1033.6
1168830 1033.6
1168840 1038.6
1168850 1045.3
1168860 1045.3
1168870 1052.7
1168880 1057.8
1168890 1057.8
1168900 1059.9
1168910 1061.4
1168920 1061.4
1168930 1062.4
1168940 1062.8
1168950 1062.8
1168960 1063.1
1168970 1063.2
1168980 1063.2
1168990 1063.1
1169000 1064.1
1169010 1064.1
1169020 1067.0
1169030 1072.9
1169040 1078.4
1169050 1078.4
1169060 1081.5
1169070 1083.9
1169080 1083.9
1169090 1085.8
1169100 1086.8
1169110 1086.8
1169120 1087.8
1169130 1089.0
1169140 1089.0
1169150 1090.2
1169160 1091.9
1169170 1091.9
1169180 1093.4
1169190 1095.9
1169200 1095.9
1169210 1097.7
1169220 1100.5
1169230 1100.5
1169240 1102.0
1169250 1103.6
1169260 1105.8
1169270 1105.8
1169280 1108.1
1169290 1109.7
1169300 1109.7
1169310 1112.1
1169320 1114.9
1169330 1114.9
1169340 1117.9
1169350 1121.0
1169360 1121.0
1169370 1124.3
1169380 1127.6
1169390 1127.6
1169400 1131.4
1169410 1134.8
1169420 1134.8
1169430 1138.9
1169440 1142.7
1169450 1142.7
1169460 1145.1
1169470 1146.7
1169480 1150.0
1169490 1150.0
1169500 1153.4
1169510 1155.7
1169520 1155.7
1169530 1157.1
1169540 1159.5
1169550 1159.5
1169560 1162.6
1169570 1166.8
1169580 1166.8
1169590 1170.7
1169600 1174.4
1169610 1174.4
1169620 1176.7
1169630 1178.9
1169640 1178.9
1169650 1180.6
1169660 1182.3
1169670 1182.3
1169680 1184.3
1169690 1186.0
1169700 1186.0
1169710 1194.3
1169720 1194.4
1169730 1194.7
1169740 1194.7
1169750 1194.4
1169760 1193.1
1169770 1193.1
1169780 1193.0
1169790 1194.1
1169800 1194.1
1169810 1194.6
1169820 1196.6
1169830 1196.6
1169840 1199.0
1169850 1201.8
1169860 1201.8
1169870 1204.5
1169880 1207.4
1169890 1207.4
1169900 1211.0
1169910 1214.8
1169920 1214.8
1169930 1218.5
1169940 1221.0
1169950 1223.6
1169960 1223.6
1169970 1225.0
1169980 1226.4
1169990 1226.4
1170000 1228.2
1170010 1229.4
1170020 1229.4
1170030 1229.4
1170040 1228.7
1170050 1228.7
1170060 1227.8
1170070 1227.2
1170080 1227.2
1170090 1227.0
1170100 1226.5
1170110 1227.9
1170120 1226.4
1170130 1225.3
1170140 1225.3
1170150 1225.1
1170160 1224.5
1170170 1224.5
1170180 1224.3
1170190 1224.5
1170200 1224.3
1170210 1224.3
1170220 1223.8
1170230 1223.7
1170240 1223.7
1170250 1223.7
1170260 1224.5
1170270 1224.5
1170280 1225.1
1170290 1225.4
1170300 1225.4
1170310 1225.5
1170320 1225.1
1170330 1225.1
1170340 1223.1
1170350 1220.9
1170360 1220.9
1170370 1222.2
1170380 1226.0
1170390 1226.0
1170400 1229.1
1170410 1231.0
1170420 1233.6
1170430 1233.6
1170440 1235.4
1170450 1236.4
1170460 1236.4
1170470 1237.5
1170480 1239.2
1170490 1239.2
1170500 1241.6
1170510 1244.5
1170520 1248.5
1170530 1251.6
1170540 1254.5
1170550 1254.5
1170560 1256.7
1170570 1258.6
1170580 1258.6
1170590 1260.6
1170600 1262.8
1170610 1262.8
1170620 1264.2
1170630 1265.5
1170640 1265.5
1170650 1266.3
1170660 1267.1
1170670 1269.8
1170680 1269.8
1170690 1271.0
1170700 1271.4
1170710 1271.4
1170720 1271.9
1170730 1272.7
1170740 1272.7
1170750 1272.9
1170760 1272.9
1170770 1272.9
1170780 1273.5
1170790 1273.4
1170800 1273.4
1170810 1274.0
1170820 1274.8
1170830 1274.8
1170840 1275.7
1170850 1276.5
1170860 1276.5
1170870 1277.4
1170880 1278.3
1170890 1278.8
1170900 1278.8
1170910 1279.7
1170920 1285.9
1170930 1285.9
1170940 1288.3
1170950 1290.7
1170960 1290.7
1170970 1290.7
1170980 1288.9
1170990 1288.9
1171000 1289.9
1171010 1290.5
1171020 1290.5
1171030 1291.0
1171040 1296.2
1171050 1296.2
1171060 1300.3
1171070 1302.1
1171080 1302.1
1171090 1304.7
1171100 1308.0
1171110 1310.8
1171120 1310.8
1171130 1314.0
1171140 1318.0
1171150 1318.0
1171160 1321.6
1171170 1324.2
1171180 1324.2
1171190 1326.4
1171200 1329.1
1171210 1329.1
1171220 1331.3
1171230 1332.7
1171240 1332.7
1171250 1334.4
1171260 1336.8
1171270 1336.8
1171280 1338.8
1171290 1341.8
1171300 1341.8
1171310 1345.1
1171320 1347.2
1171330 1352.3
1171340 1354.0
1171350 1354.8
1171360 1357.7
1171370 1357.7
1171380 1362.7
1171390 1366.4
1171400 1366.4
1171410 1366.8
1171420 1367.4
1171430 1367.4
1171440 1369.1
1171450 1370.3
1171460 1370.3
1171470 1371.9
1171480 1374.1
1171490 1374.1
1171500 1377.7
1171510 1381.5
1171520 1381.5
1171530 1385.0
1171540 1388.0
1171550 1388.0
1171560 1390.5
1171570 1392.8
1171580 1394.7
1171590 1394.7
1171600 1394.9
1171610 1393.3
1171620 1393.3
1171630 1396.7
1171640 1399.3
1171650 1399.3
1171660 1402.1
1171670 1405.4
1171680 1405.4
1171690 1407.4
1171700 1408.7
1171710 1408.7
1171720 1408.4
1171730 1413.5
1171740 1413.5
1171750 1415.0
1171760 1415.8
1171770 1415.8
1171780 1414.6
1171790 1414.5
1171800 1414.5
1171810 1412.7
1171820 1409.4
1171830 1405.7
1171840 1405.7
1171850 1405.3
1171860 1401.5
1171870 1401.5
1171880 1397.4
1171890 1391.6
1171900 1391.6
1171910 1383.6
1171920 1378.6
1171930 1378.6
1171940 1382.0
1171950 1389.3
1171960 1389.3
1171970 1397.0
1171980 1404.9
1171990 1404.9
1172000 1413.2
1172010 1421.5
1172020 1421.5
1172030 1430.2
1172040 1436.7
1172050 1436.9
1172060 1436.9
1172070 1434.7
1172080 1434.3
1172090 1434.3
1172100 1436.7
1172110 1440.8
1172120 1440.8
1172130 1445.7
1172140 1449.4
1172150 1449.4
1172160 1453.4
1172170 1457.1
1172180 1457.1
1172190 1461.4
1172200 1466.4
1172210 1466.4
1172220 1472.2
1172230 1477.3
1172240 1477.3
1172250 1484.4
1172260 1491.3
1172270 1497.8
1172280 1497.8
1172290 1504.4
1172300 1509.8
1172310 1509.8
1172320 1514.2
1172330 1517.2
1172340 1517.2
1172350 1520.4
1172360 1524.1
1172370 1524.1
1172380 1527.2
1172390 1530.7
1172400 1530.7
1172410 1534.3
1172420 1537.7
1172430 1537.7
1172440 1541.3
1172450 1544.8
1172460 1544.8
1172470 1548.1
1172480 1550.7
1172490 1550.7
1172500 1553.4
1172510 1555.8
1172520 1557.9
1172530 1557.9
1172540 1559.9
1172550 1561.4
1172560 1561.4
1172570 1563.7
1172580 1566.2
1172590 1566.2
1172600 1568.1
1172610 1570.9
1172620 1570.9
1172630 1573.7
1172640 1576.4
1172650 1576.4
1172660 1579.0
1172670 1581.5
1172680 1581.5
1172690 1583.8
1172700 1587.4
1172710 1587.4
1172720 1591.2
1172730 1593.9
1172740 1596.4
1172750 1596.4
1172760 1597.2
1172770 1599.9
1172780 1599.9
1172790 1604.0
1172800 1606.9
1172810 1606.9
1172820 1610.2
1172830 1612.6
1172840 1612.6
1172850 1614.7
1172860 1617.5
1172870 1617.5
1172880 1620.8
1172890 1623.5
1172900 1623.5
1172910 1626.1
1172920 1628.9
1172930 1628.9
1172940 1631.6
1172950 1640.4
1172960 1640.4
1172970 1643.2
1172980 1646.2
1172990 1649.5
1173000 1649.5
1173010 1652.6
1173020 1655.1
1173030 1655.1
1173040 1658.1
1173050 1659.8
1173060 1659.8
1173070 1662.0
1173080 1665.2
1173090 1665.2
1173100 1667.1
1173110 1667.8
1173120 1667.8
1173130 1667.4
1173140 1666.4
1173150 1666.4
1173160 1665.4
1173170 1664.6
1173180 1664.6
1173190 1663.9
1173200 1663.9
1173210 1664.2
1173220 1664.2
1173230 1663.9
1173240 1664.4
1173250 1664.4
1173260 1664.8
1173270 1665.7
1173280 1665.7
1173290 1667.2
1173300 1668.5
1173310 1668.5
1173320 1670.2
1173330 1671.9
1173340 1671.9
1173350 1674.1
1173360 1678.2
1173370 1678.2
1173380 1671.5
1173390 1665.1
1173400 1665.1
1173410 1658.8
1173420 1651.7
1173430 1651.7
1173440 1644.4
1173450 1638.7
1173460 1631.6
1173470 1631.6
1173480 1625.5
1173490 1621.2
1173500 1621.2
1173510 1617.7
1173520 1614.0
1173530 1614.0
1173540 1611.7
1173550 1611.2
1173560 1611.2
1173570 1610.5
1173580 1609.4
1173590 1609.4
1173600 1608.0
1173610 1604.8
1173620 1604.8
1173630 1599.9
1173640 1595.6
1173650 1595.6
1173660 1590.2
1173670 1584.3
1173680 1579.9
1173690 1579.9
1173700 1576.4
1173710 1573.9
1173720 1573.9
1173730 1572.4
1173740 1571.4
1173750 1571.4
1173760 1570.4
1173770 1573.2
1173780 1573.2
1173790 1573.5
1173800 1574.7
1173810 1574.7
1173820 1575.7
1173830 1576.4
1173840 1576.4
1173850 1576.4
1173860 1575.4
1173870 1575.4
1173880 1574.5
1173890 1573.9
1173900 1572.9
1173910 1572.9
1173920 1571.7
1173930 1570.5
1173940 1570.5
1173950 1567.9
1173960 1565.5
1173970 1565.5
1173980 1563.2
1173990 1561.1
1174000 1561.1
1174010 1558.7
1174020 1555.5
1174030 1555.5
1174040 1552.4
1174050 1549.5
1174060 1549.5
1174070 1546.5
1174080 1544.3
1174090 1544.3
1174100 1542.4
1174110 1541.2
1174120 1541.2
1174130 1539.8
1174140 1538.1
1174150 1536.0
1174160 1536.0
1174170 1534.8
1174180 1533.8
1174190 1533.8
1174200 1532.0
1174210 1532.6
1174220 1532.6
1174230 1532.8
1174240 1531.1
1174250 1531.1
1174260 1526.3
1174270 1523.9
1174280 1523.9
1174290 1523.2
1174300 1521.5
1174310 1521.5
1174320 1519.4
1174330 1518.1
1174340 1518.1
1174350 1517.3
1174360 1515.9
1174370 1514.3
1174380 1514.3
1174390 1511.2
1174400 1507.5
1174410 1507.5
1174420 1504.5
1174430 1502.4
1174440 1502.4
1174450 1501.4
1174460 1500.2
1174470 1500.2
1174480 1499.1
1174490 1498.1
1174500 1498.1
1174510 1496.7
1174520 1496.3
1174530 1496.3
1174540 1495.7
1174550 1494.0
1174560 1494.0
1174570 1491.9
1174580 1489.3
1174590 1493.1
1174600 1490.1
1174610 1487.4
1174620 1484.0
1174630 1484.0
1174640 1481.4
1174650 1478.8
1174660 1478.8
1174670 1475.7
1174680 1473.3
1174690 1473.3
1174700 1472.7
1174710 1472.3
1174720 1472.3
1174730 1473.3
1174740 1474.4
1174750 1474.4
1174760 1475.1
1174770 1476.3
1174780 1476.3
1174790 1477.5
1174800 1476.3
1174810 1476.3
1174820 1475.0
1174830 1473.9
1174840 1474.2
1174850 1474.2
1174860 1475.4
1174870 1476.2
1174880 1476.2
1174890 1476.6
1174900 1477.2
1174910 1477.2
1174920 1476.1
1174930 1468.7
1174940 1468.7
1174950 1460.8
1174960 1453.0
1174970 1453.0
1174980 1444.4
1174990 1436.5
1175000 1438.6
1175010 1432.3
1175020 1425.9
1175030 1425.9
1175040 1418.4
1175050 1412.8
1175060 1406.6
1175070 1406.6
1175080 1400.6
1175090 1394.1
1175100 1394.1
1175110 1387.1
1175120 1380.2
1175130 1380.2
1175140 1372.5
1175150 1367.0
1175160 1367.0
1175170 1363.7
1175180 1359.6
1175190 1359.6
1175200 1355.4
1175210 1351.7
1175220 1351.7
1175230 1347.8
1175240 1342.7
1175250 1342.7
1175260 1337.2
1175270 1334.3
1175280 1334.3
1175290 1331.0
1175300 1330.0
1175310 1329.5
1175320 1329.5
1175330 1325.1
1175340 1316.8
1175350 1316.8
1175360 1308.8
1175370 1297.5
1175380 1297.5
1175390 1280.4
1175400 1266.9
1175410 1272.2
1175420 1268.6
1175430 1264.3
1175440 1264.3
1175450 1251.9
1175460 1246.2
1175470 1246.2
1175480 1248.2
1175490 1256.5
1175500 1256.5
1175510 1263.2
1175520 1268.1
1175530 1268.2
1175540 1268.2
1175550 1264.7
1175560 1261.0
1175570 1261.0
1175580 1257.6
1175590 1255.7
1175600 1255.7
1175610 1256.8
1175620 1261.7
1175630 1261.7
1175640 1263.3
1175650 1265.2
1175660 1265.2
1175670 1269.2
1175680 1272.8
1175690 1272.8
1175700 1275.9
1175710 1279.0
1175720 1279.0
1175730 1280.2
1175740 1281.2
1175750 1281.2
1175760 1284.6
1175770 1290.8
1175780 1299.2
1175790 1299.2
1175800 1305.9
1175810 1313.1
1175820 1319.5
1175830 1325.2
1175840 1329.6
1175850 1329.6
1175860 1335.2
1175870 1341.8
1175880 1341.8
1175890 1350.6
1175900 1356.2
1175910 1356.2
1175920 1355.4
1175930 1351.9
1175940 1351.9
1175950 1349.0
1175960 1348.0
1175970 1348.0
1175980 1349.4
1175990 1350.4
1176000 1351.8
1176010 1351.8
1176020 1354.6
1176030 1357.1
1176040 1357.1
1176050 1356.9
1176060 1356.1
1176070 1356.1
1176080 1356.5
1176090 1360.0
1176100 1360.0
1176110 1361.5
1176120 1360.1
1176130 1360.1
1176140 1357.9
1176150 1357.3
1176160 1357.3
1176170 1357.7
1176180 1360.5
1176190 1360.5
1176200 1366.1
1176210 1374.0
1176220 1381.3
1176230 1388.7
1176240 1392.8
1176250 1393.3
1176260 1393.3
1176270 1391.0
1176280 1388.3
1176290 1388.3
1176300 1383.8
1176310 1379.5
1176320 1379.5
1176330 1375.3
1176340 1369.4
1176350 1369.4
1176360 1364.3
1176370 1358.5
1176380 1358.5
1176390 1352.6
1176400 1346.8
1176410 1346.8
1176420 1340.9
1176430 1336.1
1176440 1336.1
1176450 1332.5
1176460 1329.2
1176470 1327.1
1176480 1327.1
1176490 1323.3
1176500 1318.8
1176510 1318.8
1176520 1315.1
1176530 1309.7
1176540 1309.7
1176550 1305.1
1176560 1300.2
1176570 1300.2
1176580 1294.7
1176590 1290.4
1176600 1290.4
1176610 1287.2
1176620 1283.9
1176630 1283.9
1176640 1288.3
1176650 1285.5
1176660 1285.5
1176670 1284.3
1176680 1283.4
1176690 1282.9
1176700 1282.9
1176710 1284.1
1176720 1284.8
1176730 1284.8
1176740 1285.1
1176750 1285.2
1176760 1285.2
1176770 1284.3
1176780 1283.9
1176790 1283.9
1176800 1284.5
1176810 1284.5
1176820 1284.5
1176830 1285.0
1176840 1284.8
1176850 1284.8
1176860 1284.1
1176870 1282.6
1176880 1282.6
1176890 1279.8
1176900 1276.5
1176910 1276.5
1176920 1273.4
1176930 1269.1
1176940 1265.8
1176950 1265.8
1176960 1265.4
1176970 1263.5
1176980 1263.5
1176990 1260.2
1177000 1256.2
1177010 1256.2
1177020 1252.1
1177030 1248.4
1177040 1248.4
1177050 1250.7
1177060 1245.6
1177070 1245.6
1177080 1240.2
1177090 1235.3
1177100 1235.3
1177110 1229.1
1177120 1221.4
1177130 1221.4
1177140 1213.4
1177150 1207.4
1177160 1203.4
1177170 1203.4
1177180 1200.6
1177190 1199.3
1177200 1199.3
1177210 1197.7
1177220 1194.8
1177230 1194.8
1177240 1192.5
1177250 1190.6
1177260 1190.6
1177270 1187.0
1177280 1182.3
1177290 1182.3
1177300 1178.0
1177310 1173.3
1177320 1173.3
1177330 1167.5
1177340 1161.5
1177350 1161.5
1177360 1156.4
1177370 1152.5
1177380 1149.0
1177390 1149.0
1177400 1144.7
1177410 1139.3
1177420 1139.3
1177430 1133.8
1177440 1128.6
1177450 1128.6
1177460 1123.4
1177470 1125.1
1177480 1125.1
1177490 1120.7
1177500 1116.6
1177510 1116.6
1177520 1113.5
1177530 1111.8
1177540 1111.8
1177550 1111.1
1177560 1108.3
1177570 1108.3
1177580 1103.4
1177590 1100.6
1177600 1100.6
1177610 1098.8
1177620 1095.7
1177630 1091.5
1177640 1091.5
1177650 1086.7
1177660 1083.3
1177670 1083.3
1177680 1081.0
1177690 1078.8
1177700 1078.8
1177710 1074.9
1177720 1070.0
1177730 1070.0
1177740 1066.1
1177750 1063.9
1177760 1063.9
1177770 1061.2
1177780 1057.0
1177790 1057.0
1177800 1053.3
1177810 1051.8
1177820 1051.8
1177830 1048.9
1177840 1042.3
1177850 1038.7
1177860 1038.7
1177870 1038.7
1177880 1045.7
1177890 1045.7
1177900 1043.1
1177910 1037.8
1177920 1037.8
1177930 1032.0
1177940 1027.0
1177950 1027.0
1177960 1023.0
1177970 1019.0
1177980 1019.0
1177990 1015.4
1178000 1013.7
1178010 1013.7
1178020 1013.4
1178030 1012.7
1178040 1012.7
1178050 1013.5
1178060 1014.8
1178070 1014.8
1178080 1018.9
1178090 1018.9
1178100 1017.0
1178110 1017.0
1178120 1014.1
1178130 1010.3
1178140 1010.3
1178150 1004.4
1178160 998.0
1178170 998.0
1178180 990.9
1178190 982.9
1178200 982.9
1178210 975.3
1178220 977.5
1178230 977.5
1178240 985.6
1178250 985.8
1178260 985.8
1178270 982.7
1178280 980.2
1178290 988.9
1178300 986.6
1178310 985.0
1178320 982.9
1178330 982.9
1178340 981.8
1178350 979.9
1178360 979.9
1178370 976.9
1178380 975.5
1178390 975.5
1178400 975.3
1178410 974.4
1178420 974.4
1178430 973.4
1178440 971.7
1178450 971.7
1178460 970.3
1178470 969.6
1178480 969.6
1178490 969.6
1178500 968.6
1178510 968.6
1178520 967.6
1178530 966.6
1178540 965.5
1178550 965.5
1178560 964.8
1178570 961.8
1178580 961.8
1178590 960.2
1178600 960.5
1178610 960.5
1178620 960.9
1178630 961.5
1178640 961.5
1178650 961.2
1178660 960.2
1178670 960.2
1178680 959.7
1178690 959.6
1178700 959.6
1178710 961.9
1178720 959.4
1178730 959.4
1178740 956.8
1178750 954.2
1178760 954.2
1178770 952.0
1178780 949.2
1178790 944.7
1178800 944.7
1178810 940.3
1178820 936.0
1178830 936.0
1178840 932.5
1178850 927.9
1178860 927.9
1178870 924.0
1178880 923.8
1178890 923.8
1178900 922.6
1178910 920.9
1178920 920.9
1178930 923.7
1178940 927.0
1178950 927.0
1178960 928.9
1178970 929.8
1178980 929.8
1178990 931.0
1179000 931.2
1179010 930.5
1179020 930.5
1179030 929.5
1179040 927.6
1179050 927.6
1179060 925.4
1179070 923.3
1179080 923.3
1179090 921.1
1179100 918.5
1179110 918.5
1179120 916.4
1179130 917.4
1179140 917.4
1179150 916.5
1179160 915.5
1179170 915.5
1179180 914.5
1179190 913.3
1179200 913.3
1179210 912.1
1179220 910.9
1179230 910.9
1179240 910.0
1179250 908.5
1179260 906.3
1179270 906.3
1179280 903.6
1179290 900.5
1179300 900.5
1179310 897.3
1179320 892.7
1179330 892.7
1179340 888.2
1179350 884.0
1179360 884.0
1179370 880.0
1179380 876.7
1179390 876.7
1179400 874.9
1179410 873.0
1179420 873.0
1179430 869.9
1179440 866.5
1179450 866.5
1179460 863.6
1179470 861.4
1179480 859.3
1179490 859.3
1179500 856.7
1179510 853.3
1179520 853.3
1179530 848.5
1179540 847.6
1179550 847.6
1179560 841.6
1179570 836.0
1179580 836.0
1179590 831.9
1179600 827.8
1179610 827.8
1179620 823.4
1179630 818.6
1179640 818.6
1179650 813.6
1179660 810.3
1179670 810.3
1179680 809.7
1179690 810.1
1179700 810.1
1179710 810.6
1179720 811.1
1179730 811.4
1179740 811.4
1179750 811.5
1179760 811.7
1179770 811.7
1179780 812.2
1179790 812.5
1179800 812.5
1179810 812.6
1179820 812.7
1179830 812.7
1179840 812.8
1179850 812.9
1179860 812.9
1179870 813.2
1179880 813.5
1179890 813.5
1179900 813.7
1179910 813.9
1179920 813.9
1179930 813.9
1179940 814.0
1179950 814.1
1179960 814.1
1179970 814.0
1179980 813.8
1179990 813.8
