1160000 1356.3
1160010 1351.2
1160020 1344.1
1160030 1344.1
1160040 1337.1
1160050 1329.8
1160060 1329.8
1160070 1321.2
1160080 1311.5
1160090 1304.9
1160100 1304.9
1160110 1303.3
1160120 1301.6
1160130 1301.6
1160140 1300.6
1160150 1303.3
1160160 1303.3
1160170 1303.7
1160180 1301.2
1160190 1301.2
1160200 1297.3
1160210 1292.4
1160220 1292.4
1160230 1288.7
1160240 1284.1
1160250 1284.1
1160260 1276.2
1160270 1267.2
1160280 1267.2
1160290 1259.1
1160300 1247.8
1160310 1249.3
1160320 1236.3
1160330 1226.7
1160340 1217.1
1160350 1217.1
1160360 1205.7
1160370 1195.3
1160380 1195.3
1160390 1193.1
1160400 1196.4
1160410 1196.4
1160420 1203.2
1160430 1211.3
1160440 1211.3
1160450 1218.7
1160460 1226.7
1160470 1226.7
1160480 1235.8
1160490 1244.4
1160500 1244.4
1160510 1249.0
1160520 1249.7
1160530 1249.7
1160540 1249.5
1160550 1247.8
1160560 1246.5
1160570 1246.5
1160580 1244.6
1160590 1243.6
1160600 1243.6
1160610 1244.2
1160620 1243.5
1160630 1243.5
1160640 1243.3
1160650 1245.6
1160660 1245.6
1160670 1248.1
1160680 1247.9
1160690 1247.9
1160700 1252.5
1160710 1250.1
1160720 1250.1
1160730 1246.6
1160740 1242.0
1160750 1242.0
1160760 1236.2
1160770 1230.6
1160780 1225.9
1160790 1225.9
1160800 1219.6
1160810 1213.4
1160820 1213.4
1160830 1207.5
1160840 1203.2
1160850 1203.2
1160860 1198.6
1160870 1194.5
1160880 1194.5
1160890 1191.2
1160900 1186.5
1160910 1186.5
1160920 1182.5
1160930 1178.5
1160940 1178.5
1160950 1174.9
1160960 1171.0
1160970 1171.0
1160980 1166.4
1160990 1160.5
1161000 1160.5
1161010 1154.7
1161020 1152.3
1161030 1155.4
1161040 1155.4
1161050 1155.2
1161060 1149.0
1161070 1149.0
1161080 1143.8
1161090 1143.2
1161100 1143.2
1161110 1139.5
1161120 1138.2
1161130 1138.2
1161140 1139.3
1161150 1138.6
1161160 1138.6
1161170 1137.8
1161180 1138.2
1161190 1138.2
1161200 1138.0
1161210 1137.5
1161220 1137.5
1161230 1134.4
1161240 1131.7
1161250 1127.7
1161260 1127.7
1161270 1120.5
1161280 1115.6
1161290 1115.6
1161300 1114.5
1161310 1112.0
1161320 1112.0
1161330 1106.6
1161340 1099.9
1161350 1099.9
1161360 1095.0
1161370 1094.7
1161380 1094.7
1161390 1095.9
1161400 1097.2
1161410 1097.2
1161420 1099.1
1161430 1101.0
1161440 1101.0
1161450 1102.0
1161460 1103.7
1161470 1103.7
1161480 1111.2
1161490 1111.1
1161500 1108.7
1161510 1108.7
1161520 1105.1
1161530 1100.9
1161540 1100.9
1161550 1098.2
1161560 1096.2
1161570 1096.2
1161580 1094.2
1161590 1091.8
1161600 1091.8
1161610 1087.4
1161620 1083.4
1161630 1083.4
1161640 1078.5
1161650 1071.1
1161660 1071.1
1161670 1076.2
1161680 1079.3
1161690 1079.3
1161700 1077.1
1161710 1073.2
1161720 1066.0
1161730 1066.0
1161740 1060.7
1161750 1061.5
1161760 1061.5
1161770 1063.2
1161780 1063.3
1161790 1063.3
1161800 1062.4
1161810 1060.4
1161820 1060.4
1161830 1059.0
1161840 1059.4
1161850 1059.4
1161860 1060.0
1161870 1061.2
1161880 1063.3
1161890 1063.0
1161900 1062.7
1161910 1062.7
1161920 1062.2
1161930 1061.8
1161940 1061.8
1161950 1061.3
1161960 1060.8
1161970 1060.5
1161980 1060.5
1161990 1059.8
1162000 1059.0
1162010 1059.0
1162020 1057.7
1162030 1059.8
1162040 1059.8
1162050 1060.0
1162060 1059.7
1162070 1059.7
1162080 1059.0
1162090 1058.3
1162100 1058.3
1162110 1057.8
1162120 1057.7
1162130 1057.7
1162140 1057.5
1162150 1056.3
1162160 1056.3
1162170 1054.2
1162180 1053.5
1162190 1052.5
1162200 1052.5
1162210 1051.4
1162220 1048.8
1162230 1048.8
1162240 1046.7
1162250 1046.0
1162260 1046.0
1162270 1046.8
1162280 1045.8
1162290 1045.8
1162300 1042.7
1162310 1040.4
1162320 1040.4
1162330 1038.8
1162340 1037.6
1162350 1037.6
1162360 1036.3
1162370 1035.0
1162380 1035.0
1162390 1033.3
1162400 1031.4
1162410 1031.4
1162420 1029.9
1162430 1029.4
1162440 1030.9
1162450 1030.9
1162460 1032.5
1162470 1032.8
1162480 1032.8
1162490 1032.8
1162500 1032.8
1162510 1032.8
1162520 1032.7
1162530 1032.6
1162540 1032.6
1162550 1032.5
1162560 1032.4
1162570 1032.4
1162580 1032.2
1162590 1031.9
1162600 1031.9
1162610 1031.6
1162620 1031.4
1162630 1031.4
1162640 1031.4
1162650 1031.4
1162660 1031.3
1162670 1031.4
1162680 1031.2
1162690 1031.3
1162700 1031.3
1162710 1032.3
1162720 1035.2
1162730 1035.2
1162740 1040.1
1162750 1046.2
1162760 1046.2
1162770 1052.6
1162780 1056.8
1162790 1056.8
1162800 1061.5
1162810 1066.2
1162820 1066.2
1162830 1069.2
1162840 1070.9
1162850 1070.9
1162860 1072.2
1162870 1073.4
1162880 1073.4
1162890 1077.3
1162900 1081.7
1162910 1083.3
1162920 1083.3
1162930 1086.4
1162940 1088.4
1162950 1088.4
1162960 1088.2
1162970 1087.4
1162980 1087.4
1162990 1086.4
1163000 1085.9
1163010 1085.9
1163020 1086.0
1163030 1087.4
1163040 1087.4
1163050 1089.1
1163060 1085.9
1163070 1085.9
1163080 1088.5
1163090 1088.9
1163100 1088.9
1163110 1088.7
1163120 1088.5
1163130 1088.5
1163140 1088.5
1163150 1088.2
1163160 1089.4
1163170 1089.4
1163180 1093.3
1163190 1095.7
1163200 1095.7
1163210 1097.1
1163220 1098.6
1163230 1098.6
1163240 1099.3
1163250 1102.7
1163260 1102.7
1163270 1102.8
1163280 1101.6
1163290 1101.6
1163300 1100.1
1163310 1098.9
1163320 1098.9
1163330 1098.6
1163340 1098.5
1163350 1098.5
1163360 1097.9
1163370 1100.7
1163380 1103.4
1163390 1103.4
1163400 1101.4
1163410 1098.1
1163420 1098.1
1163430 1096.6
1163440 1096.7
1163450 1096.7
1163460 1085.0
1163470 1088.5
1163480 1088.5
1163490 1090.7
1163500 1093.8
1163510 1093.8
1163520 1099.5
1163530 1102.7
1163540 1102.7
1163550 1108.1
1163560 1108.1
1163570 1108.1
1163580 1098.9
1163590 1093.0
1163600 1088.2
1163610 1088.2
1163620 1082.6
1163630 1076.8
1163640 1076.8
1163650 1070.6
1163660 1065.1
1163670 1065.1
1163680 1059.0
1163690 1051.9
1163700 1051.9
1163710 1050.7
1163720 1058.0
1163730 1058.0
1163740 1067.0
1163750 1074.8
1163760 1074.8
1163770 1080.4
1163780 1083.4
1163790 1083.4
1163800 1088.5
1163810 1094.1
1163820 1094.1
1163830 1099.6
1163840 1106.1
1163850 1110.6
1163860 1110.6
1163870 1118.5
1163880 1127.9
1163890 1127.9
1163900 1135.5
1163910 1139.4
1163920 1139.4
1163930 1139.3
1163940 1137.8
1163950 1137.8
1163960 1135.3
1163970 1135.1
1163980 1135.1
1163990 1135.6
1164000 1136.8
1164010 1136.8
1164020 1136.4
1164030 1136.0
1164040 1136.0
1164050 1137.2
1164060 1138.5
1164070 1138.7
1164080 1138.7
1164090 1138.4
1164100 1138.1
1164110 1138.1
1164120 1138.7
1164130 1139.8
1164140 1139.8
1164150 1141.4
1164160 1146.4
1164170 1146.4
1164180 1151.6
1164190 1155.3
1164200 1155.3
1164210 1157.5
1164220 1159.4
1164230 1159.4
1164240 1161.4
1164250 1158.6
1164260 1158.6
1164270 1158.6
1164280 1159.6
1164290 1159.6
1164300 1161.8
1164310 1164.4
1164320 1163.0
1164330 1163.0
1164340 1161.9
1164350 1162.4
1164360 1162.4
1164370 1163.5
1164380 1165.0
1164390 1165.0
1164400 1166.8
1164410 1168.6
1164420 1168.6
1164430 1170.6
1164440 1172.3
1164450 1172.3
1164460 1174.5
1164470 1175.5
1164480 1175.5
1164490 1175.8
1164500 1175.8
1164510 1175.8
1164520 1175.6
1164530 1175.3
1164540 1175.0
1164550 1175.0
1164560 1174.7
1164570 1174.5
1164580 1174.5
1164590 1174.3
1164600 1174.4
1164610 1174.4
1164620 1174.9
1164630 1176.1
1164640 1171.9
1164650 1173.4
1164660 1175.4
1164670 1175.4
1164680 1177.9
1164690 1181.1
1164700 1181.1
1164710 1184.4
1164720 1188.6
1164730 1188.6
1164740 1192.1
1164750 1195.2
1164760 1195.2
1164770 1198.8
1164780 1203.6
1164790 1207.9
1164800 1207.9
1164810 1210.7
1164820 1213.5
1164830 1213.5
1164840 1216.0
1164850 1218.2
1164860 1218.2
1164870 1220.7
1164880 1222.8
1164890 1222.8
1164900 1225.7
1164910 1230.0
1164920 1230.0
1164930 1234.0
1164940 1237.3
1164950 1237.3
1164960 1238.9
1164970 1239.7
1164980 1239.7
1164990 1241.4
1165000 1242.8
1165010 1244.6
1165020 1244.6
1165030 1246.5
1165040 1245.0
1165050 1245.0
1165060 1248.6
1165070 1251.9
1165080 1251.9
1165090 1254.8
1165100 1256.8
1165110 1256.8
1165120 1258.1
1165130 1259.1
1165140 1259.1
1165150 1260.0
1165160 1261.3
1165170 1261.3
1165180 1262.6
1165190 1263.6
1165200 1263.6
1165210 1264.2
1165220 1265.1
1165230 1265.1
1165240 1266.5
1165250 1267.2
1165260 1267.5
1165270 1267.5
1165280 1267.3
1165290 1267.4
1165300 1267.4
1165310 1269.0
1165320 1271.5
1165330 1271.5
1165340 1273.5
1165350 1274.2
1165360 1274.2
1165370 1274.6
1165380 1275.2
1165390 1275.2
1165400 1275.2
1165410 1275.2
1165420 1275.2
1165430 1275.6
1165440 1274.2
1165450 1274.2
1165460 1274.6
1165470 1275.3
1165480 1275.7
1165490 1275.7
1165500 1275.4
1165510 1276.0
1165520 1276.0
1165530 1278.3
1165540 1280.0
1165550 1280.0
1165560 1281.2
1165570 1283.2
1165580 1283.2
1165590 1284.8
1165600 1286.6
1165610 1286.6
1165620 1288.6
1165630 1290.4
1165640 1290.4
1165650 1293.1
1165660 1295.0
1165670 1295.0
1165680 1296.1
1165690 1298.2
1165700 1298.2
1165710 1300.6
1165720 1304.2
1165730 1308.4
1165740 1308.4
1165750 1310.7
1165760 1312.5
1165770 1312.5
1165780 1315.0
1165790 1318.2
1165800 1318.2
1165810 1321.6
1165820 1324.8
1165830 1324.8
1165840 1321.4
1165850 1324.1
1165860 1324.1
1165870 1326.3
1165880 1328.4
1165890 1328.4
1165900 1330.7
1165910 1333.6
1165920 1333.6
1165930 1336.7
1165940 1338.4
1165950 1342.3
1165960 1342.3
1165970 1346.6
1165980 1347.9
1165990 1347.9
1166000 1347.5
1166010 1347.2
1166020 1347.2
1166030 1347.3
1166040 1347.9
1166050 1347.9
1166060 1350.0
1166070 1351.9
1166080 1351.9
1166090 1353.3
1166100 1355.0
1166110 1355.0
1166120 1357.4
1166130 1359.6
1166140 1359.6
1166150 1361.8
1166160 1363.7
1166170 1363.7
1166180 1365.6
1166190 1367.2
1166200 1369.4
1166210 1369.4
1166220 1372.2
1166230 1376.3
1166240 1376.3
1166250 1377.4
1166260 1378.5
1166270 1378.5
1166280 1379.8
1166290 1380.9
1166300 1380.9
1166310 1382.0
1166320 1384.1
1166330 1384.1
1166340 1386.5
1166350 1387.9
1166360 1387.9
1166370 1390.5
1166380 1394.3
1166390 1394.3
1166400 1397.8
1166410 1400.4
1166420 1402.7
1166430 1402.7
1166440 1405.5
1166450 1408.3
1166460 1408.3
1166470 1410.8
1166480 1413.3
1166490 1413.3
1166500 1415.7
1166510 1417.9
1166520 1417.9
1166530 1420.6
1166540 1423.6
1166550 1423.6
1166560 1427.3
1166570 1430.4
1166580 1430.4
1166590 1432.1
1166600 1434.7
1166610 1434.7
1166620 1437.8
1166630 1438.1
1166640 1439.7
1166650 1439.7
1166660 1441.2
1166670 1443.1
1166680 1443.1
1166690 1444.0
1166700 1443.7
1166710 1443.7
1166720 1444.9
1166730 1448.5
1166740 1448.5
1166750 1451.2
1166760 1454.2
1166770 1454.2
1166780 1459.4
1166790 1465.4
1166800 1465.4
1166810 1470.9
1166820 1476.9
1166830 1476.9
1166840 1482.5
1166850 1488.9
1166860 1488.9
1166870 1495.9
1166880 1501.2
1166890 1503.6
1166900 1503.6
1166910 1506.6
1166920 1510.0
1166930 1510.0
1166940 1512.8
1166950 1514.1
1166960 1514.1
1166970 1514.2
1166980 1513.6
1166990 1513.6
1167000 1511.8
1167010 1509.3
1167020 1509.3
1167030 1508.4
1167040 1504.5
1167050 1504.5
1167060 1500.6
1167070 1497.8
1167080 1497.8
1167090 1494.0
1167100 1490.2
1167110 1486.7
1167120 1486.7
1167130 1482.2
1167140 1476.7
1167150 1476.7
1167160 1471.1
1167170 1465.5
1167180 1465.5
1167190 1459.4
1167200 1450.8
1167210 1450.8
1167220 1438.6
1167230 1428.7
1167240 1428.7
1167250 1420.6
1167260 1414.8
1167270 1414.8
1167280 1409.9
1167290 1404.0
1167300 1404.0
1167310 1398.7
1167320 1392.2
1167330 1392.2
1167340 1383.4
1167350 1376.9
1167360 1367.6
1167370 1367.6
1167380 1358.7
1167390 1351.1
1167400 1351.1
1167410 1345.9
1167420 1340.8
1167430 1341.2
1167440 1335.3
1167450 1328.6
1167460 1328.6
1167470 1320.8
1167480 1310.6
1167490 1310.6
1167500 1299.1
1167510 1290.0
1167520 1290.0
1167530 1284.5
1167540 1280.6
1167550 1280.6
1167560 1276.1
1167570 1267.4
1167580 1253.3
1167590 1253.3
1167600 1241.0
1167610 1227.3
1167620 1227.3
1167630 1215.9
1167640 1206.9
1167650 1206.9
1167660 1198.6
1167670 1191.2
1167680 1191.2
1167690 1184.6
1167700 1177.4
1167710 1177.4
1167720 1169.1
1167730 1160.0
1167740 1160.0
1167750 1151.8
1167760 1144.8
1167770 1144.8
1167780 1137.5
1167790 1130.4
1167800 1130.4
1167810 1124.8
1167820 1120.0
1167830 1116.8
1167840 1116.8
1167850 1110.9
1167860 1105.1
1167870 1105.1
1167880 1099.7
1167890 1094.6
1167900 1094.6
1167910 1089.2
1167920 1083.5
1167930 1083.5
1167940 1077.5
1167950 1071.9
1167960 1071.9
1167970 1066.5
1167980 1061.7
1167990 1061.7
1168000 1058.0
1168010 1053.8
1168020 1053.8
1168030 1049.6
1168040 1044.5
1168050 1039.8
1168060 1039.8
1168070 1035.5
1168080 1031.2
1168090 1031.2
1168100 1027.3
1168110 1023.8
1168120 1023.8
1168130 1021.1
1168140 1017.4
1168150 1017.4
1168160 1014.0
1168170 1010.5
1168180 1010.5
1168190 1006.8
1168200 1003.7
1168210 1003.7
1168220 1001.0
1168230 1000.2
1168240 1000.2
1168250 997.6
1168260 995.5
1168270 995.5
1168280 992.3
1168290 987.7
1168300 983.4
1168310 983.4
1168320 979.9
1168330 976.2
1168340 976.2
1168350 972.4
1168360 968.8
1168370 968.8
1168380 965.2
1168390 959.6
1168400 959.6
1168410 953.1
1168420 947.4
1168430 947.4
1168440 942.8
1168450 938.7
1168460 938.7
1168470 934.3
1168480 929.4
1168490 929.4
1168500 925.3
1168510 924.1
1168520 923.9
1168530 923.9
1168540 923.6
1168550 923.3
1168560 923.3
1168570 922.7
1168580 921.7
1168590 921.7
1168600 919.5
1168610 916.2
1168620 916.2
1168630 912.0
1168640 910.2
1168650 910.2
1168660 908.3
1168670 906.4
1168680 906.4
1168690 905.0
1168700 903.0
1168710 903.0
1168720 901.7
1168730 902.5
1168740 902.5
1168750 902.9
1168760 903.3
1168770 902.1
1168780 902.1
1168790 900.3
1168800 898.4
1168810 898.4
1168820 895.9
1168830 893.3
1168840 893.3
1168850 890.4
1168860 888.0
1168870 888.0
1168880 886.9
1168890 885.7
1168900 885.7
1168910 883.7
1168920 880.8
1168930 880.8
1168940 878.4
1168950 881.7
1168960 881.7
1168970 885.9
1168980 885.9
1168990 885.4
1169000 885.4
1169010 884.4
1169020 882.7
1169030 882.7
1169040 874.5
1169050 871.1
1169060 871.1
1169070 868.2
1169080 865.4
1169090 865.4
1169100 862.4
1169110 859.8
1169120 859.8
1169130 857.7
1169140 855.6
1169150 855.6
1169160 852.9
1169170 850.2
1169180 850.2
1169190 847.7
1169200 846.0
1169210 846.0
1169220 845.1
1169230 844.1
1169240 843.4
1169250 843.4
1169260 842.9
1169270 842.8
1169280 842.8
1169290 842.7
1169300 842.7
1169310 842.7
1169320 843.1
1169330 844.0
1169340 844.0
1169350 844.8
1169360 845.2
1169370 845.2
1169380 845.5
1169390 845.7
1169400 845.7
1169410 846.0
1169420 846.4
1169430 846.4
1169440 849.1
1169450 852.4
1169460 855.9
1169470 855.9
1169480 859.4
1169490 862.8
1169500 862.8
1169510 865.8
1169520 869.1
1169530 869.1
1169540 871.3
1169550 873.0
1169560 873.0
1169570 874.6
1169580 875.7
1169590 875.7
1169600 877.7
1169610 879.4
1169620 879.4
1169630 879.1
1169640 880.4
1169650 880.4
1169660 884.0
1169670 888.7
1169680 888.7
1169690 893.4
1169700 897.4
1169710 902.3
1169720 902.3
1169730 906.7
1169740 908.9
1169750 908.9
1169760 910.1
1169770 910.6
1169780 910.6
1169790 910.7
1169800 911.1
1169810 911.1
1169820 911.0
1169830 911.1
1169840 912.1
1169850 914.8
1169860 918.3
1169870 918.3
1169880 922.0
1169890 925.2
1169900 925.2
1169910 928.1
1169920 930.4
1169930 932.8
1169940 932.8
1169950 934.5
1169960 936.1
1169970 936.1
1169980 938.4
1169990 940.5
1170000 940.5
1170010 944.4
1170020 946.7
1170030 946.7
1170040 947.7
1170050 948.9
1170060 948.9
1170070 949.9
1170080 952.1
1170090 952.1
1170100 954.1
1170110 955.6
1170120 955.6
1170130 955.9
1170140 956.0
1170150 956.0
1170160 956.7
1170170 957.9
1170180 959.5
1170190 959.5
1170200 960.8
1170210 962.3
1170220 962.3
1170230 964.5
1170240 975.5
1170250 975.5
1170260 978.6
1170270 981.2
1170280 981.2
1170290 983.7
1170300 985.6
1170310 985.6
1170320 987.9
1170330 991.1
1170340 991.1
1170350 994.4
1170360 995.5
1170370 995.5
1170380 997.0
1170390 999.0
1170400 1000.9
1170410 1000.9
1170420 1003.4
1170430 1006.1
1170440 1006.1
1170450 1009.8
1170460 1012.5
1170470 1012.5
1170480 1015.1
1170490 1016.2
1170500 1016.2
1170510 1016.9
1170520 1014.7
1170530 1014.7
1170540 1012.8
1170550 1012.8
1170560 1012.8
1170570 1012.6
1170580 1012.9
1170590 1012.9
1170600 1013.2
1170610 1013.1
1170620 1013.1
1170630 1013.6
1170640 1015.3
1170650 1023.5
1170660 1023.5
1170670 1024.9
1170680 1026.1
1170690 1026.1
1170700 1029.5
1170710 1034.6
1170720 1034.6
1170730 1038.3
1170740 1040.0
1170750 1040.0
1170760 1040.6
1170770 1044.7
1170780 1044.7
1170790 1049.7
1170800 1054.0
1170810 1054.0
1170820 1056.0
1170830 1058.1
1170840 1058.1
1170850 1061.6
1170860 1065.3
1170870 1069.7
1170880 1069.7
1170890 1074.0
1170900 1077.7
1170910 1077.7
1170920 1079.8
1170930 1082.3
1170940 1082.3
1170950 1084.0
1170960 1085.0
1170970 1085.0
1170980 1085.6
1170990 1085.6
1171000 1085.6
1171010 1078.9
1171020 1072.9
1171030 1072.9
1171040 1071.9
1171050 1081.9
1171060 1081.9
1171070 1078.0
1171080 1073.8
1171090 1073.8
1171100 1067.9
1171110 1065.7
1171120 1068.4
1171130 1068.4
1171140 1074.0
1171150 1084.4
1171160 1084.4
1171170 1095.3
1171180 1098.8
1171190 1098.8
1171200 1098.4
1171210 1098.2
1171220 1098.2
1171230 1098.5
1171240 1098.9
1171250 1098.9
1171260 1099.7
1171270 1099.6
1171280 1099.6
1171290 1099.1
1171300 1098.0
1171310 1098.0
1171320 1096.9
1171330 1096.8
1171340 1098.6
1171350 1098.6
1171360 1101.3
1171370 1103.7
1171380 1103.7
1171390 1102.4
1171400 1097.3
1171410 1097.3
1171420 1094.8
1171430 1093.6
1171440 1093.6
1171450 1093.4
1171460 1108.2
1171470 1108.2
1171480 1110.5
1171490 1112.3
1171500 1112.3
1171510 1116.0
1171520 1120.0
1171530 1120.0
1171540 1117.6
1171550 1117.8
1171560 1117.8
1171570 1117.5
1171580 1113.0
1171590 1113.1
1171600 1113.1
1171610 1115.5
1171620 1117.4
1171630 1117.4
1171640 1122.9
1171650 1127.9
1171660 1127.9
1171670 1128.5
1171680 1129.7
1171690 1129.7
1171700 1132.5
1171710 1130.5
1171720 1130.5
1171730 1127.9
1171740 1134.0
1171750 1134.0
1171760 1143.3
1171770 1146.5
1171780 1146.5
1171790 1153.5
1171800 1161.0
1171810 1165.6
1171820 1165.6
1171830 1168.6
1171840 1171.8
1171850 1171.8
1171860 1178.3
1171870 1179.4
1171880 1179.4
1171890 1179.7
1171900 1180.8
1171910 1180.8
1171920 1181.8
1171930 1180.8
1171940 1180.8
1171950 1179.0
1171960 1179.6
1171970 1179.6
1171980 1180.5
1171990 1180.0
1172000 1180.0
1172010 1178.6
1172020 1178.6
1172030 1178.6
1172040 1177.2
1172050 1175.7
1172060 1173.8
1172070 1173.8
1172080 1171.9
1172090 1173.4
1172100 1173.4
1172110 1174.1
1172120 1173.8
1172130 1173.8
1172140 1173.8
1172150 1175.6
1172160 1175.6
1172170 1179.0
1172180 1180.9
1172190 1180.9
1172200 1181.5
1172210 1181.6
1172220 1181.6
1172230 1182.2
1172240 1182.5
1172250 1182.5
1172260 1183.9
1172270 1190.3
1172280 1193.3
1172290 1193.3
1172300 1192.7
1172310 1190.2
1172320 1190.2
1172330 1189.7
1172340 1190.5
1172350 1190.5
1172360 1186.5
1172370 1180.8
1172380 1180.8
1172390 1178.8
1172400 1179.5
1172410 1179.5
1172420 1177.7
1172430 1175.4
1172440 1175.4
1172450 1169.9
1172460 1164.3
1172470 1164.3
1172480 1159.4
1172490 1155.8
1172500 1155.8
1172510 1154.2
1172520 1149.8
1172530 1148.0
1172540 1148.0
1172550 1147.6
1172560 1145.5
1172570 1145.5
1172580 1145.6
1172590 1147.1
1172600 1147.1
1172610 1148.0
1172620 1147.2
1172630 1147.2
1172640 1145.2
1172650 1143.9
1172660 1143.9
1172670 1144.2
1172680 1149.2
1172690 1149.2
1172700 1148.4
1172710 1147.9
1172720 1147.9
1172730 1150.5
1172740 1152.4
1172750 1155.2
1172760 1155.2
1172770 1159.3
1172780 1162.8
1172790 1162.8
1172800 1165.8
1172810 1167.7
1172820 1167.7
1172830 1167.5
1172840 1166.8
1172850 1166.8
1172860 1170.2
1172870 1174.7
1172880 1174.7
1172890 1177.4
1172900 1179.6
1172910 1179.6
1172920 1182.2
1172930 1184.4
1172940 1184.4
1172950 1186.7
1172960 1188.5
1172970 1188.5
1172980 1190.3
1172990 1191.2
1173000 1191.9
1173010 1191.9
1173020 1191.8
1173030 1193.2
1173040 1193.2
1173050 1196.6
1173060 1200.7
1173070 1200.7
1173080 1208.5
1173090 1209.7
1173100 1209.7
1173110 1210.1
1173120 1210.5
1173130 1210.5
1173140 1210.5
1173150 1211.1
1173160 1211.1
1173170 1211.7
1173180 1211.7
1173190 1211.7
1173200 1211.5
1173210 1211.2
1173220 1210.0
1173230 1210.0
1173240 1210.6
1173250 1212.9
1173260 1212.9
1173270 1215.0
1173280 1216.2
1173290 1216.2
1173300 1216.9
1173310 1217.1
1173320 1217.1
1173330 1217.0
1173340 1217.7
1173350 1217.7
1173360 1219.0
1173370 1220.4
1173380 1220.4
1173390 1222.0
1173400 1223.9
1173410 1223.9
1173420 1225.4
1173430 1226.5
1173440 1227.2
1173450 1227.2
1173460 1228.2
1173470 1229.6
1173480 1229.6
1173490 1234.3
1173500 1234.6
1173510 1234.6
1173520 1234.3
1173530 1233.5
1173540 1233.5
1173550 1233.3
1173560 1233.2
1173570 1233.2
1173580 1232.8
1173590 1232.0
1173600 1232.0
1173610 1230.5
1173620 1229.0
1173630 1229.0
1173640 1229.3
1173650 1229.1
1173660 1229.1
1173670 1228.7
1173680 1227.9
1173690 1226.9
1173700 1226.9
1173710 1227.1
1173720 1228.5
1173730 1228.5
1173740 1230.5
1173750 1232.4
1173760 1232.4
1173770 1234.2
1173780 1235.8
1173790 1235.8
1173800 1237.8
1173810 1239.5
1173820 1239.5
1173830 1241.0
1173840 1242.5
1173850 1242.5
1173860 1243.8
1173870 1245.6
1173880 1245.6
1173890 1247.1
1173900 1252.9
1173910 1253.0
1173920 1253.0
1173930 1252.4
1173940 1251.4
1173950 1251.4
1173960 1250.5
1173970 1249.5
1173980 1249.5
1173990 1248.8
1174000 1248.5
1174010 1248.5
1174020 1248.0
1174030 1247.3
1174040 1247.3
1174050 1246.5
1174060 1245.9
1174070 1245.9
1174080 1245.8
1174090 1245.6
1174100 1245.6
1174110 1245.0
1174120 1244.1
1174130 1244.1
1174140 1243.3
1174150 1242.0
1174160 1240.7
1174170 1240.7
1174180 1240.1
1174190 1239.6
1174200 1239.6
1174210 1239.1
1174220 1238.9
1174230 1238.9
1174240 1239.1
1174250 1239.8
1174260 1239.8
1174270 1240.8
1174280 1241.2
1174290 1241.2
1174300 1240.9
1174310 1246.7
1174320 1246.7
1174330 1246.9
1174340 1247.4
1174350 1247.4
1174360 1247.7
1174370 1247.3
1174380 1246.5
1174390 1246.5
1174400 1245.7
1174410 1245.4
1174420 1245.4
1174430 1245.5
1174440 1246.5
1174450 1246.5
1174460 1247.0
1174470 1248.1
1174480 1248.1
1174490 1249.8
1174500 1250.1
1174510 1250.1
1174520 1249.4
1174530 1248.4
1174540 1248.4
1174550 1248.4
1174560 1249.6
1174570 1249.6
1174580 1249.1
1174590 1249.1
1174600 1249.1
1174610 1248.9
1174620 1249.3
1174630 1249.8
1174640 1249.8
1174650 1249.4
1174660 1248.4
1174670 1248.4
1174680 1247.5
1174690 1246.9
1174700 1246.9
1174710 1246.1
1174720 1252.8
1174730 1252.8
1174740 1252.9
1174750 1254.2
1174760 1254.2
1174770 1256.0
1174780 1257.8
1174790 1257.8
1174800 1257.7
1174810 1254.3
1174820 1254.3
1174830 1250.7
1174840 1249.6
1174850 1248.4
1174860 1248.4
1174870 1247.6
1174880 1247.0
1174890 1247.0
1174900 1247.2
1174910 1248.1
1174920 1248.1
1174930 1249.6
1174940 1250.9
1174950 1250.9
1174960 1252.1
1174970 1252.8
1174980 1252.8
1174990 1253.0
1175000 1250.9
1175010 1250.9
1175020 1243.1
1175030 1232.7
1175040 1232.7
1175050 1222.1
1175060 1212.2
1175070 1212.2
1175080 1205.9
1175090 1200.5
1175100 1196.7
1175110 1196.7
1175120 1194.1
1175130 1192.6
1175140 1192.6
1175150 1190.1
1175160 1188.4
1175170 1188.4
1175180 1187.1
1175190 1184.8
1175200 1184.8
1175210 1181.7
1175220 1175.7
1175230 1175.7
1175240 1168.3
1175250 1159.6
1175260 1159.6
1175270 1151.3
1175280 1143.7
1175290 1143.7
1175300 1137.0
1175310 1132.2
1175320 1128.0
1175330 1128.0
1175340 1123.6
1175350 1120.2
1175360 1120.2
1175370 1114.6
1175380 1110.2
1175390 1110.2
1175400 1107.4
1175410 1105.2
1175420 1105.2
1175430 1103.2
1175440 1100.7
1175450 1100.7
1175460 1098.3
1175470 1096.5
1175480 1096.5
1175490 1095.9
1175500 1095.8
1175510 1095.8
1175520 1096.4
1175530 1098.4
1175540 1105.7
1175550 1107.7
1175560 1108.8
1175570 1109.2
1175580 1109.2
1175590 1108.8
1175600 1107.3
1175610 1107.3
1175620 1106.1
1175630 1105.5
1175640 1105.5
1175650 1104.2
1175660 1102.3
1175670 1102.3
1175680 1100.5
1175690 1098.8
1175700 1098.8
1175710 1098.5
1175720 1098.0
1175730 1098.0
1175740 1095.4
1175750 1089.7
1175760 1089.7
1175770 1083.8
1175780 1078.7
1175790 1074.4
1175800 1074.4
1175810 1069.1
1175820 1061.9
1175830 1061.9
1175840 1055.1
1175850 1049.0
1175860 1049.0
1175870 1043.6
1175880 1037.9
1175890 1037.9
1175900 1031.7
1175910 1025.8
1175920 1025.8
1175930 1019.7
1175940 1013.2
1175950 1012.2
1175960 1005.9
1175970 1000.3
1175980 1000.3
1175990 995.2
1176000 990.5
1176010 990.5
1176020 987.4
1176030 984.9
1176040 981.6
1176050 981.6
1176060 978.2
1176070 974.4
1176080 974.4
1176090 970.1
1176100 965.1
1176110 965.1
1176120 959.8
1176130 954.7
1176140 954.7
1176150 948.9
1176160 942.7
1176170 942.7
1176180 937.3
1176190 933.5
1176200 933.5
1176210 928.9
1176220 924.1
1176230 924.1
1176240 919.7
1176250 914.2
1176260 908.6
1176270 908.6
1176280 903.7
1176290 900.5
1176300 900.5
1176310 898.6
1176320 893.1
1176330 893.1
1176340 882.1
1176350 861.7
1176360 864.5
1176370 877.7
1176380 881.9
1176390 881.9
1176400 881.3
1176410 879.5
1176420 879.5
1176430 879.7
1176440 881.5
1176450 881.5
1176460 881.7
1176470 880.4
1176480 880.4
1176490 877.9
1176500 875.4
1176510 873.6
1176520 873.6
1176530 872.2
1176540 872.4
1176550 872.4
1176560 872.7
1176570 874.2
1176580 874.2
1176590 876.6
1176600 879.4
1176610 879.4
1176620 882.6
1176630 886.2
1176640 886.2
1176650 890.7
1176660 896.0
1176670 896.0
1176680 901.6
1176690 904.7
1176700 904.7
1176710 900.6
1176720 896.2
1176730 893.4
1176740 893.4
1176750 891.8
1176760 890.2
1176770 895.3
1176780 892.6
1176790 888.2
1176800 888.2
1176810 882.7
1176820 877.3
1176830 877.3
1176840 872.8
1176850 868.5
1176860 868.5
1176870 865.1
1176880 862.7
1176890 862.7
1176900 860.7
1176910 858.4
1176920 858.4
1176930 855.5
1176940 852.4
1176950 848.8
1176960 848.8
1176970 844.6
1176980 839.4
1176990 839.4
1177000 833.0
1177010 827.4
1177020 827.4
1177030 823.7
1177040 822.2
1177050 822.2
1177060 820.0
1177070 814.0
1177080 814.0
1177090 808.1
1177100 801.6
1177110 801.6
1177120 795.1
1177130 789.7
1177140 789.7
1177150 787.9
1177160 788.6
1177170 788.6
1177180 793.4
1177190 799.5
1177200 805.9
1177210 805.9
1177220 813.5
1177230 819.9
1177240 819.9
1177250 821.1
1177260 821.4
1177270 821.4
1177280 823.5
1177290 829.6
1177300 829.6
1177310 834.3
1177320 838.9
1177330 838.9
1177340 844.0
1177350 848.8
1177360 848.8
1177370 854.9
1177380 860.4
1177390 860.4
1177400 865.7
1177410 870.7
1177420 873.8
1177430 873.8
1177440 874.4
1177450 875.1
1177460 875.1
1177470 876.1
1177480 877.7
1177490 877.7
1177500 879.6
1177510 882.6
1177520 882.6
1177530 884.6
1177540 887.2
1177550 887.2
1177560 889.9
1177570 894.1
1177580 894.1
1177590 900.6
1177600 908.6
1177610 908.6
1177620 919.9
1177630 927.8
1177640 927.8
1177650 933.8
1177660 939.8
1177670 945.1
1177680 945.1
1177690 949.1
1177700 952.8
1177710 952.8
1177720 955.5
1177730 959.7
1177740 959.7
1177750 963.7
1177760 967.1
1177770 967.1
1177780 971.5
1177790 972.8
1177800 972.8
1177810 972.3
1177820 972.4
1177830 972.4
1177840 972.7
1177850 972.8
1177860 972.8
1177870 973.4
1177880 974.6
1177890 975.0
1177900 975.0
1177910 975.4
1177920 975.4
1177930 975.4
1177940 975.5
1177950 976.8
1177960 976.8
1177970 978.9
1177980 982.5
1177990 982.5
1178000 985.8
1178010 983.9
1178020 983.9
1178030 985.8
1178040 988.0
1178050 988.0
1178060 990.7
1178070 993.9
1178080 993.9
1178090 996.0
1178100 998.5
1178110 998.5
1178120 1001.4
1178130 1004.1
1178140 1006.6
1178150 1006.6
1178160 1008.5
1178170 1010.2
1178180 1010.2
1178190 1012.5
1178200 1014.7
1178210 1014.7
1178220 1016.2
1178230 1017.7
1178240 1017.7
1178250 1019.2
1178260 1020.3
1178270 1020.3
1178280 1021.5
1178290 1022.4
1178300 1022.4
1178310 1024.4
1178320 1027.1
1178330 1027.1
1178340 1030.1
1178350 1032.6
1178360 1034.9
1178370 1034.9
1178380 1035.7
1178390 1039.4
1178400 1039.4
1178410 1042.6
1178420 1044.6
1178430 1042.1
1178440 1044.1
1178450 1045.9
1178460 1045.9
1178470 1047.1
1178480 1048.1
1178490 1048.1
1178500 1049.0
1178510 1050.8
1178520 1050.8
1178530 1053.1
1178540 1055.5
1178550 1055.5
1178560 1057.7
1178570 1059.8
1178580 1059.8
1178590 1061.9
1178600 1064.4
1178610 1066.2
1178620 1066.2
1178630 1067.6
1178640 1069.2
1178650 1069.2
1178660 1070.8
1178670 1073.0
1178680 1073.0
1178690 1076.1
1178700 1079.2
1178710 1079.2
1178720 1081.8
1178730 1084.2
1178740 1084.2
1178750 1086.9
1178760 1089.9
1178770 1089.9
1178780 1093.2
1178790 1096.7
1178800 1096.7
1178810 1099.2
1178820 1101.0
1178830 1103.3
1178840 1101.9
1178850 1103.7
1178860 1105.9
1178870 1105.9
1178880 1107.9
1178890 1109.1
1178900 1109.1
1178910 1110.4
1178920 1112.1
1178930 1112.1
1178940 1113.6
1178950 1114.5
1178960 1114.5
1178970 1114.7
1178980 1114.5
1178990 1114.5
1179000 1114.4
1179010 1114.8
1179020 1114.8
1179030 1115.2
1179040 1114.8
1179050 1114.8
1179060 1112.8
1179070 1110.9
1179080 1110.6
1179090 1110.6
1179100 1108.6
1179110 1106.3
1179120 1106.3
1179130 1106.1
1179140 1104.7
1179150 1104.7
1179160 1100.7
1179170 1097.5
1179180 1097.5
1179190 1095.8
1179200 1095.0
1179210 1095.0
1179220 1094.3
1179230 1093.2
1179240 1093.2
1179250 1092.1
1179260 1083.9
1179270 1083.9
1179280 1084.9
1179290 1087.8
1179300 1090.9
1179310 1090.9
1179320 1094.0
1179330 1094.9
1179340 1094.9
1179350 1095.6
1179360 1096.8
1179370 1096.8
1179380 1099.0
1179390 1101.8
1179400 1101.8
1179410 1104.2
1179420 1105.7
1179430 1105.7
1179440 1106.8
1179450 1108.0
1179460 1108.0
1179470 1109.0
1179480 1110.3
1179490 1110.3
1179500 1114.4
1179510 1118.6
1179520 1118.6
1179530 1120.9
1179540 1124.2
1179550 1127.4
1179560 1127.4
1179570 1129.9
1179580 1132.2
1179590 1132.2
1179600 1133.8
1179610 1137.5
1179620 1137.5
1179630 1139.9
1179640 1141.2
1179650 1141.2
1179660 1143.4
1179670 1145.3
1179680 1142.3
1179690 1143.9
1179700 1144.9
1179710 1144.9
1179720 1146.3
1179730 1148.6
1179740 1148.6
1179750 1151.6
1179760 1154.6
1179770 1156.6
1179780 1156.6
1179790 1157.7
1179800 1157.6
1179810 1157.6
1179820 1158.2
1179830 1159.2
1179840 1159.2
1179850 1159.9
1179860 1160.7
1179870 1160.7
1179880 1161.7
1179890 1163.0
1179900 1163.0
1179910 1165.4
1179920 1167.4
1179930 1167.4
1179940 1167.7
1179950 1168.4
1179960 1168.4
1179970 1170.0
1179980 1172.3
1179990 1174.6
