1160000 1135.8
1160010 1132.0
1160020 1127.9
1160030 1127.9
1160040 1124.4
1160050 1121.4
1160060 1121.4
1160070 1117.9
1160080 1113.0
1160090 1113.0
1160100 1108.2
1160110 1102.8
1160120 1102.8
1160130 1098.2
1160140 1095.8
1160150 1095.8
1160160 1095.5
1160170 1095.4
1160180 1095.4
1160190 1095.3
1160200 1095.3
1160210 1095.3
1160220 1095.5
1160230 1095.8
1160240 1096.1
1160250 1096.7
1160260 1097.3
1160270 1097.8
1160280 1097.8
1160290 1098.0
1160300 1098.1
1160310 1098.1
1160320 1098.0
1160330 1097.5
1160340 1097.5
1160350 1097.1
1160360 1097.3
1160370 1097.3
1160380 1098.1
1160390 1100.8
1160400 1100.8
1160410 1104.6
1160420 1107.0
1160430 1107.0
1160440 1103.7
1160450 1099.3
1160460 1099.3
1160470 1095.9
1160480 1093.7
1160490 1091.6
1160500 1091.6
1160510 1090.4
1160520 1087.5
1160530 1087.5
1160540 1086.5
1160550 1087.7
1160560 1087.7
1160570 1091.1
1160580 1094.2
1160590 1094.2
1160600 1099.4
1160610 1104.6
1160620 1104.6
1160630 1103.5
1160640 1107.9
1160650 1107.9
1160660 1112.5
1160670 1114.7
1160680 1114.7
1160690 1113.6
1160700 1113.4
1160710 1113.4
1160720 1114.4
1160730 1117.8
1160740 1123.8
1160750 1123.8
1160760 1132.8
1160770 1143.3
1160780 1143.3
1160790 1148.3
1160800 1148.1
1160810 1148.1
1160820 1148.9
1160830 1149.6
1160840 1149.6
1160850 1150.5
1160860 1151.2
1160870 1151.2
1160880 1152.8
1160890 1155.5
1160900 1155.5
1160910 1159.9
1160920 1164.2
1160930 1164.2
1160940 1167.7
1160950 1172.5
1160960 1176.8
1160970 1176.8
1160980 1181.6
1160990 1185.6
1161000 1185.6
1161010 1189.4
1161020 1192.4
1161030 1188.7
1161040 1190.8
1161050 1193.7
1161060 1193.7
1161070 1198.7
1161080 1203.0
1161090 1203.0
1161100 1205.4
1161110 1207.1
1161120 1207.1
1161130 1209.3
1161140 1213.1
1161150 1213.1
1161160 1216.9
1161170 1219.6
1161180 1219.6
1161190 1221.7
1161200 1222.2
1161210 1220.8
1161220 1220.8
1161230 1218.6
1161240 1217.5
1161250 1217.5
1161260 1216.8
1161270 1218.1
1161280 1218.1
1161290 1220.2
1161300 1222.2
1161310 1222.2
1161320 1224.6
1161330 1227.5
1161340 1227.5
1161350 1231.3
1161360 1234.6
1161370 1234.6
1161380 1237.4
1161390 1239.5
1161400 1239.5
1161410 1240.8
1161420 1238.0
1161430 1240.1
1161440 1240.1
1161450 1242.6
1161460 1241.2
1161470 1241.2
1161480 1239.8
1161490 1239.2
1161500 1239.2
1161510 1238.8
1161520 1238.5
1161530 1238.5
1161540 1238.3
1161550 1237.9
1161560 1237.9
1161570 1237.4
1161580 1237.2
1161590 1237.2
1161600 1237.6
1161610 1238.6
1161620 1238.6
1161630 1240.0
1161640 1240.9
1161650 1240.9
1161660 1240.7
1161670 1240.9
1161680 1241.4
1161690 1241.4
1161700 1241.7
1161710 1243.2
1161720 1243.2
1161730 1245.6
1161740 1248.9
1161750 1248.9
1161760 1253.5
1161770 1259.0
1161780 1259.0
1161790 1262.1
1161800 1264.1
1161810 1259.2
1161820 1262.0
1161830 1263.2
1161840 1263.2
1161850 1263.1
1161860 1262.5
1161870 1262.5
1161880 1260.6
1161890 1255.9
1161900 1251.3
1161910 1251.3
1161920 1248.5
1161930 1244.3
1161940 1244.3
1161950 1239.1
1161960 1234.6
1161970 1234.6
1161980 1232.6
1161990 1231.5
1162000 1231.5
1162010 1227.8
1162020 1222.0
1162030 1222.0
1162040 1215.5
1162050 1212.8
1162060 1212.8
1162070 1212.5
1162080 1213.1
1162090 1213.1
1162100 1214.7
1162110 1216.4
1162120 1216.4
1162130 1218.8
1162140 1220.0
1162150 1219.3
1162160 1219.3
1162170 1218.6
1162180 1219.5
1162190 1219.5
1162200 1221.2
1162210 1214.8
1162220 1214.8
1162230 1216.0
1162240 1217.0
1162250 1217.0
1162260 1218.9
1162270 1220.1
1162280 1220.1
1162290 1220.0
1162300 1222.0
1162310 1222.0
1162320 1225.1
1162330 1227.8
1162340 1227.8
1162350 1229.9
1162360 1232.0
1162370 1233.9
1162380 1233.9
1162390 1235.7
1162400 1236.1
1162410 1236.1
1162420 1236.5
1162430 1237.9
1162440 1237.9
1162450 1239.9
1162460 1241.1
1162470 1241.1
1162480 1241.4
1162490 1240.9
1162500 1240.9
1162510 1241.7
1162520 1243.8
1162530 1243.8
1162540 1247.7
1162550 1251.7
1162560 1251.7
1162570 1253.8
1162580 1255.2
1162590 1255.2
1162600 1251.0
1162610 1250.1
1162620 1249.8
1162630 1249.8
1162640 1251.8
1162650 1254.6
1162660 1254.6
1162670 1257.9
1162680 1261.4
1162690 1261.4
1162700 1264.5
1162710 1266.3
1162720 1266.3
1162730 1268.9
1162740 1272.9
1162750 1272.9
1162760 1277.6
1162770 1281.6
1162780 1281.6
1162790 1286.0
1162800 1290.5
1162810 1290.5
1162820 1294.9
1162830 1299.8
1162840 1305.0
1162850 1305.0
1162860 1311.8
1162870 1319.1
1162880 1319.1
1162890 1323.2
1162900 1320.9
1162910 1320.9
1162920 1316.6
1162930 1314.6
1162940 1314.6
1162950 1319.4
1162960 1322.4
1162970 1322.4
1162980 1322.8
1162990 1322.0
1163000 1322.0
1163010 1321.6
1163020 1318.2
1163030 1318.2
1163040 1315.4
1163050 1313.0
1163060 1313.0
1163070 1310.5
1163080 1308.4
1163090 1308.3
1163100 1308.3
1163110 1309.6
1163120 1310.6
1163130 1310.6
1163140 1310.8
1163150 1309.9
1163160 1309.9
1163170 1308.8
1163180 1307.5
1163190 1307.5
1163200 1306.6
1163210 1307.6
1163220 1307.6
1163230 1307.1
1163240 1304.8
1163250 1304.8
1163260 1302.7
1163270 1301.2
1163280 1301.2
1163290 1301.3
1163300 1299.4
1163310 1297.3
1163320 1297.3
1163330 1295.8
1163340 1294.7
1163350 1294.7
1163360 1293.8
1163370 1292.8
1163380 1292.8
1163390 1286.2
1163400 1285.3
1163410 1285.3
1163420 1284.5
1163430 1284.2
1163440 1284.2
1163450 1284.6
1163460 1285.0
1163470 1285.0
1163480 1284.5
1163490 1285.4
1163500 1285.4
1163510 1286.8
1163520 1288.2
1163530 1288.2
1163540 1288.2
1163550 1287.7
1163560 1286.7
1163570 1286.7
1163580 1285.9
1163590 1286.4
1163600 1286.4
1163610 1287.8
1163620 1287.7
1163630 1287.7
1163640 1288.1
1163650 1289.8
1163660 1289.8
1163670 1292.0
1163680 1289.5
1163690 1289.5
1163700 1284.0
1163710 1279.4
1163720 1279.4
1163730 1275.4
1163740 1268.4
1163750 1268.4
1163760 1259.4
1163770 1255.8
1163780 1241.6
1163790 1241.6
1163800 1233.8
1163810 1230.9
1163820 1230.9
1163830 1230.1
1163840 1229.9
1163850 1229.9
1163860 1232.1
1163870 1233.6
1163880 1233.6
1163890 1233.8
1163900 1240.9
1163910 1240.9
1163920 1246.6
1163930 1253.9
1163940 1253.9
1163950 1261.5
1163960 1270.2
1163970 1270.2
1163980 1280.1
1163990 1291.9
1164000 1291.9
1164010 1303.0
1164020 1313.4
1164030 1320.2
1164040 1320.2
1164050 1323.4
1164060 1326.2
1164070 1326.2
1164080 1327.5
1164090 1328.3
1164100 1328.3
1164110 1331.3
1164120 1334.6
1164130 1334.6
1164140 1335.1
1164150 1335.5
1164160 1335.5
1164170 1334.7
1164180 1332.7
1164190 1332.7
1164200 1330.4
1164210 1329.0
1164220 1329.0
1164230 1329.3
1164240 1331.8
1164250 1334.4
1164260 1334.4
1164270 1337.0
1164280 1339.4
1164290 1339.4
1164300 1341.5
1164310 1343.5
1164320 1343.5
1164330 1345.3
1164340 1347.3
1164350 1347.3
1164360 1350.2
1164370 1352.8
1164380 1352.8
1164390 1353.2
1164400 1353.7
1164410 1353.7
1164420 1354.7
1164430 1356.3
1164440 1356.3
1164450 1358.0
1164460 1360.0
1164470 1360.0
1164480 1361.4
1164490 1361.1
1164500 1360.5
1164510 1360.5
1164520 1359.7
1164530 1359.4
1164540 1359.4
1164550 1359.4
1164560 1358.9
1164570 1358.9
1164580 1356.0
1164590 1355.1
1164600 1355.1
1164610 1354.7
1164620 1355.2
1164630 1355.2
1164640 1356.3
1164650 1357.8
1164660 1357.8
1164670 1359.5
1164680 1362.5
1164690 1362.5
1164700 1365.5
1164710 1367.7
1164720 1370.0
1164730 1370.0
1164740 1372.3
1164750 1374.5
1164760 1374.5
1164770 1376.6
1164780 1378.5
1164790 1378.5
1164800 1380.3
1164810 1382.6
1164820 1382.6
1164830 1385.2
1164840 1389.2
1164850 1389.2
1164860 1393.7
1164870 1397.5
1164880 1397.5
1164890 1400.4
1164900 1404.3
1164910 1404.3
1164920 1406.8
1164930 1409.7
1164940 1409.7
1164950 1411.8
1164960 1414.4
1164970 1413.4
1164980 1413.4
1164990 1416.5
1165000 1419.1
1165010 1419.1
1165020 1422.7
1165030 1426.3
1165040 1426.3
1165050 1427.9
1165060 1428.2
1165070 1428.2
1165080 1429.1
1165090 1431.4
1165100 1431.4
1165110 1433.5
1165120 1435.4
1165130 1435.4
1165140 1437.7
1165150 1440.8
1165160 1440.8
1165170 1444.1
1165180 1446.8
1165190 1449.8
1165200 1449.8
1165210 1452.4
1165220 1455.0
1165230 1455.0
1165240 1457.3
1165250 1459.6
1165260 1459.6
1165270 1462.0
1165280 1464.5
1165290 1464.5
1165300 1466.2
1165310 1466.7
1165320 1466.7
1165330 1466.9
1165340 1467.3
1165350 1467.3
1165360 1468.4
1165370 1465.7
1165380 1465.7
1165390 1466.7
1165400 1466.9
1165410 1466.9
1165420 1468.0
1165430 1469.9
1165440 1473.2
1165450 1473.2
1165460 1475.5
1165470 1477.6
1165480 1477.6
1165490 1479.1
1165500 1480.4
1165510 1480.4
1165520 1482.3
1165530 1484.1
1165540 1484.1
1165550 1486.2
1165560 1489.1
1165570 1489.1
1165580 1492.2
1165590 1493.9
1165600 1493.9
1165610 1495.4
1165620 1497.0
1165630 1497.0
1165640 1498.8
1165650 1500.3
1165660 1503.1
1165670 1503.1
1165680 1506.1
1165690 1509.6
1165700 1509.6
1165710 1514.4
1165720 1519.8
1165730 1519.8
1165740 1523.1
1165750 1523.3
1165760 1523.3
1165770 1523.1
1165780 1524.8
1165790 1524.8
1165800 1527.7
1165810 1530.6
1165820 1530.6
1165830 1533.3
1165840 1537.0
1165850 1537.0
1165860 1541.6
1165870 1545.9
1165880 1545.9
1165890 1549.9
1165900 1552.8
1165910 1553.6
1165920 1553.6
1165930 1553.9
1165940 1554.9
1165950 1554.9
1165960 1556.0
1165970 1556.6
1165980 1556.6
1165990 1557.3
1166000 1557.5
1166010 1557.5
1166020 1557.2
1166030 1557.5
1166040 1557.5
1166050 1557.7
1166060 1557.8
1166070 1557.8
1166080 1557.9
1166090 1557.7
1166100 1557.7
1166110 1557.8
1166120 1558.5
1166130 1558.5
1166140 1559.5
1166150 1560.8
1166160 1562.0
1166170 1559.0
1166180 1559.6
1166190 1561.5
1166200 1561.5
1166210 1563.3
1166220 1565.5
1166230 1565.5
1166240 1567.7
1166250 1568.4
1166260 1568.4
1166270 1567.9
1166280 1567.2
1166290 1567.2
1166300 1567.7
1166310 1567.7
1166320 1567.7
1166330 1566.8
1166340 1566.1
1166350 1566.1
1166360 1566.0
1166370 1566.0
1166380 1565.9
1166390 1565.9
1166400 1565.7
1166410 1565.6
1166420 1565.6
1166430 1565.3
1166440 1564.8
1166450 1564.8
1166460 1564.6
1166470 1564.6
1166480 1564.6
1166490 1564.6
1166500 1564.5
1166510 1564.5
1166520 1564.5
1166530 1564.1
1166540 1564.1
1166550 1563.4
1166560 1562.1
1166570 1564.1
1166580 1562.6
1166590 1561.0
1166600 1561.0
1166610 1559.1
1166620 1557.0
1166630 1554.5
1166640 1554.5
1166650 1551.9
1166660 1549.6
1166670 1549.6
1166680 1547.0
1166690 1544.3
1166700 1544.3
1166710 1541.1
1166720 1538.2
1166730 1538.2
1166740 1535.1
1166750 1532.2
1166760 1532.2
1166770 1529.4
1166780 1526.5
1166790 1526.5
1166800 1523.5
1166810 1520.5
1166820 1520.5
1166830 1517.4
1166840 1514.1
1166850 1511.3
1166860 1511.3
1166870 1509.0
1166880 1506.8
1166890 1506.8
1166900 1504.8
1166910 1502.9
1166920 1502.9
1166930 1500.8
1166940 1498.6
1166950 1498.6
1166960 1496.3
1166970 1493.2
1166980 1493.2
1166990 1490.2
1167000 1486.4
1167010 1486.4
1167020 1480.3
1167030 1475.6
1167040 1475.6
1167050 1471.8
1167060 1467.6
1167070 1467.6
1167080 1462.9
1167090 1459.4
1167100 1455.3
1167110 1455.3
1167120 1451.2
1167130 1446.7
1167140 1446.7
1167150 1442.0
1167160 1435.1
1167170 1435.1
1167180 1427.4
1167190 1419.4
1167200 1419.4
1167210 1413.3
1167220 1407.2
1167230 1407.2
1167240 1402.5
1167250 1399.7
1167260 1399.7
1167270 1398.2
1167280 1397.4
1167290 1397.4
1167300 1394.6
1167310 1390.8
1167320 1387.0
1167330 1387.0
1167340 1380.1
1167350 1371.5
1167360 1363.9
1167370 1355.5
1167380 1348.5
1167390 1348.5
1167400 1344.0
1167410 1338.1
1167420 1338.1
1167430 1328.4
1167440 1320.2
1167450 1320.2
1167460 1312.9
1167470 1304.5
1167480 1304.5
1167490 1294.9
1167500 1285.2
1167510 1285.2
1167520 1276.4
1167530 1271.4
1167540 1271.4
1167550 1268.1
1167560 1264.6
1167570 1261.6
1167580 1261.6
1167590 1257.6
1167600 1253.4
1167610 1253.4
1167620 1248.4
1167630 1242.0
1167640 1242.0
1167650 1235.3
1167660 1229.6
1167670 1229.6
1167680 1224.6
1167690 1219.2
1167700 1219.2
1167710 1215.5
1167720 1213.7
1167730 1213.7
1167740 1211.6
1167750 1206.9
1167760 1201.6
1167770 1197.7
1167780 1194.0
1167790 1192.2
1167800 1192.2
1167810 1189.8
1167820 1185.3
1167830 1185.3
1167840 1181.9
1167850 1180.5
1167860 1180.5
1167870 1179.9
1167880 1176.3
1167890 1176.3
1167900 1170.3
1167910 1163.3
1167920 1163.3
1167930 1159.3
1167940 1155.1
1167950 1155.1
1167960 1151.5
1167970 1147.0
1167980 1147.0
1167990 1142.4
1168000 1139.6
1168010 1139.6
1168020 1138.0
1168030 1136.6
1168040 1134.7
1168050 1134.7
1168060 1130.8
1168070 1126.8
1168080 1126.8
1168090 1121.9
1168100 1116.0
1168110 1116.0
1168120 1111.7
1168130 1109.8
1168140 1109.8
1168150 1109.5
1168160 1105.5
1168170 1105.5
1168180 1105.1
1168190 1103.6
1168200 1103.6
1168210 1101.2
1168220 1098.8
1168230 1098.8
1168240 1098.0
1168250 1096.8
1168260 1096.3
1168270 1096.3
1168280 1095.8
1168290 1096.1
1168300 1096.1
1168310 1096.6
1168320 1097.4
1168330 1097.4
1168340 1098.7
1168350 1099.2
1168360 1099.2
1168370 1098.8
1168380 1097.7
1168390 1097.7
1168400 1095.6
1168410 1092.7
1168420 1092.7
1168430 1090.7
1168440 1090.0
1168450 1090.0
1168460 1089.0
1168470 1089.0
1168480 1089.0
1168490 1088.3
1168500 1085.9
1168510 1082.9
1168520 1082.9
1168530 1079.6
1168540 1076.4
1168550 1076.4
1168560 1072.6
1168570 1066.5
1168580 1066.5
1168590 1062.2
1168600 1057.4
1168610 1057.4
1168620 1052.5
1168630 1048.7
1168640 1048.7
1168650 1046.8
1168660 1046.7
1168670 1046.7
1168680 1048.4
1168690 1049.5
1168700 1049.5
1168710 1049.4
1168720 1049.5
1168730 1049.8
1168740 1049.8
1168750 1050.2
1168760 1050.8
1168770 1050.8
1168780 1051.1
1168790 1050.1
1168800 1050.1
1168810 1048.9
1168820 1048.1
1168830 1048.1
1168840 1047.0
1168850 1045.3
1168860 1045.3
1168870 1043.0
1168880 1040.2
1168890 1040.2
1168900 1036.5
1168910 1033.8
1168920 1033.8
1168930 1032.1
1168940 1028.9
1168950 1028.9
1168960 1026.6
1168970 1023.9
1168980 1021.1
1168990 1021.1
1169000 1018.2
1169010 1016.1
1169020 1016.1
1169030 1014.5
1169040 1012.4
1169050 1012.4
1169060 1010.7
1169070 1010.3
1169080 1010.3
1169090 1010.3
1169100 1008.1
1169110 1008.1
1169120 1005.3
1169130 1002.6
1169140 1002.6
1169150 999.8
1169160 996.8
1169170 996.8
1169180 994.0
1169190 991.2
1169200 987.7
1169210 987.7
1169220 982.9
1169230 978.1
1169240 978.1
1169250 972.4
1169260 965.6
1169270 965.6
1169280 959.7
1169290 956.4
1169300 956.4
1169310 954.3
1169320 952.7
1169330 952.7
1169340 951.2
1169350 950.0
1169360 950.0
1169370 948.7
1169380 947.1
1169390 947.1
1169400 945.8
1169410 944.2
1169420 944.2
1169430 943.2
1169440 941.8
1169450 940.7
1169460 940.7
1169470 939.5
1169480 937.9
1169490 937.9
1169500 936.1
1169510 934.3
1169520 934.3
1169530 932.6
1169540 930.9
1169550 930.9
1169560 929.0
1169570 926.1
1169580 926.1
1169590 921.1
1169600 914.7
1169610 914.7
1169620 909.4
1169630 907.6
1169640 907.6
1169650 906.9
1169660 906.6
1169670 907.5
1169680 907.5
1169690 909.7
1169700 908.4
1169710 908.4
1169720 906.3
1169730 902.2
1169740 902.2
1169750 899.1
1169760 896.8
1169770 895.1
1169780 893.5
1169790 892.1
1169800 892.1
1169810 889.7
1169820 885.7
1169830 885.7
1169840 881.7
1169850 878.9
1169860 878.9
1169870 873.8
1169880 869.9
1169890 869.9
1169900 868.0
1169910 863.9
1169920 858.5
1169930 858.5
1169940 854.9
1169950 853.7
1169960 853.7
1169970 852.2
1169980 850.2
1169990 850.2
1170000 848.5
1170010 846.7
1170020 846.7
1170030 845.4
1170040 843.0
1170050 843.0
1170060 837.5
1170070 832.6
1170080 832.6
1170090 831.6
1170100 832.2
1170110 832.2
1170120 834.6
1170130 837.0
1170140 842.0
1170150 842.0
1170160 846.6
1170170 846.9
1170180 847.0
1170190 846.4
1170200 846.0
1170210 846.0
1170220 845.1
1170230 841.8
1170240 841.8
1170250 838.0
1170260 836.8
1170270 836.8
1170280 835.6
1170290 835.0
1170300 835.0
1170310 833.9
1170320 832.6
1170330 832.6
1170340 830.9
1170350 827.8
1170360 827.8
1170370 826.2
1170380 825.8
1170390 825.7
1170400 825.7
1170410 826.7
1170420 828.9
1170430 828.9
1170440 831.0
1170450 832.8
1170460 832.8
1170470 833.7
1170480 835.1
1170490 835.1
1170500 838.2
1170510 842.5
1170520 842.5
1170530 845.1
1170540 844.8
1170550 844.8
1170560 844.1
1170570 844.3
1170580 841.8
1170590 843.4
1170600 844.4
1170610 844.5
1170620 844.5
1170630 844.3
1170640 842.9
1170650 842.9
1170660 839.8
1170670 835.5
1170680 835.5
1170690 831.7
1170700 828.7
1170710 828.7
1170720 826.8
1170730 825.8
1170740 825.8
1170750 824.9
1170760 823.7
1170770 823.7
1170780 822.2
1170790 820.8
1170800 820.8
1170810 819.9
1170820 819.5
1170830 819.5
1170840 819.3
1170850 819.6
1170860 821.3
1170870 821.3
1170880 824.2
1170890 827.3
1170900 827.3
1170910 830.5
1170920 835.7
1170930 835.7
1170940 841.0
1170950 846.1
1170960 846.1
1170970 848.7
1170980 849.5
1170990 850.8
1171000 851.5
1171010 852.8
1171020 852.8
1171030 853.7
1171040 854.4
1171050 854.4
1171060 855.9
1171070 858.7
1171080 862.3
1171090 862.3
1171100 867.9
1171110 874.3
1171120 874.3
1171130 877.8
1171140 881.0
1171150 881.0
1171160 884.5
1171170 887.2
1171180 887.2
1171190 889.2
1171200 890.0
1171210 890.0
1171220 891.9
1171230 895.4
1171240 895.4
1171250 897.8
1171260 900.7
1171270 900.7
1171280 904.5
1171290 906.3
1171300 906.3
1171310 907.7
1171320 910.0
1171330 911.7
1171340 911.7
1171350 910.6
1171360 909.8
1171370 909.8
1171380 909.4
1171390 916.7
1171400 916.7
1171410 915.7
1171420 914.5
1171430 914.5
1171440 912.8
1171450 912.7
1171460 912.7
1171470 913.4
1171480 913.5
1171490 913.5
1171500 912.0
1171510 909.8
1171520 909.8
1171530 908.3
1171540 908.5
1171550 910.1
1171560 910.1
1171570 912.3
1171580 914.4
1171590 914.4
1171600 915.5
1171610 917.2
1171620 917.2
1171630 918.6
1171640 919.0
1171650 919.0
1171660 918.9
1171670 918.7
1171680 918.7
1171690 918.3
1171700 917.9
1171710 917.9
1171720 917.1
1171730 916.3
1171740 916.3
1171750 915.9
1171760 915.2
1171770 915.2
1171780 913.3
1171790 912.4
1171800 916.7
1171810 916.7
1171820 916.9
1171830 915.3
1171840 915.3
1171850 912.3
1171860 909.6
1171870 909.6
1171880 907.3
1171890 906.1
1171900 906.1
1171910 905.6
1171920 905.6
1171930 905.6
1171940 906.4
1171950 907.6
1171960 907.6
1171970 909.2
1171980 911.6
1171990 911.6
1172000 915.7
1172010 921.7
1172020 930.6
1172030 930.6
1172040 931.7
1172050 932.7
1172060 932.7
1172070 932.6
1172080 932.0
1172090 932.0
1172100 936.0
1172110 940.1
1172120 940.1
1172130 941.6
1172140 943.5
1172150 943.5
1172160 946.2
1172170 946.3
1172180 946.3
1172190 944.3
1172200 954.6
1172210 954.6
1172220 958.1
1172230 955.4
1172240 955.4
1172250 956.0
1172260 958.2
1172270 958.5
1172280 958.5
1172290 960.1
1172300 959.5
1172310 959.5
1172320 959.3
1172330 959.3
1172340 959.3
1172350 959.8
1172360 961.9
1172370 961.9
1172380 961.9
1172390 961.4
1172400 961.4
1172410 963.5
1172420 966.3
1172430 966.3
1172440 969.5
1172450 969.1
1172460 969.1
1172470 967.8
1172480 966.7
1172490 966.0
1172500 966.0
1172510 965.7
1172520 966.4
1172530 966.4
1172540 967.3
1172550 970.3
1172560 970.3
1172570 974.4
1172580 977.7
1172590 977.7
1172600 980.5
1172610 989.7
1172620 989.7
1172630 991.3
1172640 991.2
1172650 991.2
1172660 991.6
1172670 992.5
1172680 992.5
1172690 993.0
1172700 992.7
1172710 992.7
1172720 992.1
1172730 991.2
1172740 990.7
1172750 990.7
1172760 991.0
1172770 991.5
1172780 991.5
1172790 992.7
1172800 994.4
1172810 994.4
1172820 996.5
1172830 998.0
1172840 998.0
1172850 998.6
1172860 999.3
1172870 999.3
1172880 1000.1
1172890 1000.1
1172900 1000.1
1172910 999.1
1172920 998.3
1172930 998.3
1172940 998.1
1172950 998.4
1172960 999.6
1172970 999.6
1172980 1001.9
1172990 1004.2
1173000 1004.2
1173010 1005.9
1173020 1010.7
1173030 1010.7
1173040 1011.6
1173050 1012.3
1173060 1012.3
1173070 1012.8
1173080 1012.9
1173090 1012.9
1173100 1012.5
1173110 1012.0
1173120 1012.0
1173130 1011.1
1173140 1010.2
1173150 1010.2
1173160 1009.1
1173170 1009.4
1173180 1009.4
1173190 1010.8
1173200 1012.1
1173210 1014.9
1173220 1014.9
1173230 1017.3
1173240 1018.9
1173250 1018.9
1173260 1020.0
1173270 1019.7
1173280 1019.7
1173290 1019.8
1173300 1021.4
1173310 1021.4
1173320 1025.4
1173330 1028.7
1173340 1028.7
1173350 1031.8
1173360 1035.4
1173370 1035.4
1173380 1039.1
1173390 1042.1
1173400 1042.1
1173410 1045.1
1173420 1049.6
1173430 1052.2
1173440 1052.2
1173450 1054.1
1173460 1056.0
1173470 1056.0
1173480 1058.4
1173490 1060.6
1173500 1060.6
1173510 1064.0
1173520 1067.2
1173530 1067.2
1173540 1067.4
1173550 1068.9
1173560 1068.9
1173570 1070.5
1173580 1071.5
1173590 1071.5
1173600 1072.3
1173610 1072.5
1173620 1072.5
1173630 1071.6
1173640 1070.9
1173650 1070.9
1173660 1070.7
1173670 1071.6
1173680 1073.5
1173690 1073.5
1173700 1076.1
1173710 1078.8
1173720 1078.8
1173730 1081.3
1173740 1084.4
1173750 1084.4
1173760 1086.8
1173770 1085.6
1173780 1085.6
1173790 1083.0
1173800 1081.1
1173810 1081.1
1173820 1079.6
1173830 1081.4
1173840 1081.4
1173850 1080.5
1173860 1079.6
1173870 1079.6
1173880 1079.1
1173890 1078.9
1173900 1079.6
1173910 1079.6
1173920 1080.4
1173930 1081.8
1173940 1081.8
1173950 1083.8
1173960 1084.7
1173970 1084.7
1173980 1084.8
1173990 1084.4
1174000 1084.4
1174010 1084.1
1174020 1083.7
1174030 1083.7
1174040 1082.5
1174050 1081.2
1174060 1081.2
1174070 1081.0
1174080 1080.8
1174090 1080.8
1174100 1079.8
1174110 1078.1
1174120 1078.1
1174130 1075.5
1174140 1074.1
1174150 1073.6
1174160 1073.6
1174170 1074.2
1174180 1074.6
1174190 1074.6
1174200 1074.8
1174210 1074.9
1174220 1074.9
1174230 1074.8
1174240 1079.9
1174250 1079.9
1174260 1080.6
1174270 1081.2
1174280 1081.2
1174290 1081.8
1174300 1081.6
1174310 1081.6
1174320 1080.9
1174330 1078.7
1174340 1078.7
1174350 1075.7
1174360 1074.3
1174370 1073.4
1174380 1073.4
1174390 1072.7
1174400 1072.1
1174410 1072.1
1174420 1070.8
1174430 1069.5
1174440 1069.5
1174450 1068.2
1174460 1067.4
1174470 1067.4
1174480 1065.7
1174490 1063.7
1174500 1063.7
1174510 1063.9
1174520 1063.8
1174530 1063.8
1174540 1064.7
1174550 1065.0
1174560 1065.0
1174570 1064.8
1174580 1063.5
1174590 1063.5
1174600 1062.3
1174610 1061.9
1174620 1062.4
1174630 1062.4
1174640 1063.8
1174650 1073.5
1174660 1073.5
1174670 1075.7
1174680 1077.6
1174690 1077.6
1174700 1080.9
1174710 1082.1
1174720 1082.1
1174730 1081.8
1174740 1081.8
1174750 1081.8
1174760 1083.2
1174770 1084.8
1174780 1084.8
1174790 1086.1
1174800 1087.8
1174810 1087.8
1174820 1092.2
1174830 1097.4
1174840 1102.2
1174850 1102.2
1174860 1103.0
1174870 1103.5
1174880 1103.5
1174890 1105.5
1174900 1108.3
1174910 1108.3
1174920 1110.4
1174930 1110.1
1174940 1110.1
1174950 1109.2
1174960 1108.4
1174970 1108.4
1174980 1107.9
1174990 1106.7
1175000 1106.7
1175010 1105.4
1175020 1104.7
1175030 1104.7
1175040 1104.7
1175050 1104.4
1175060 1107.7
1175070 1106.0
1175080 1105.9
1175090 1106.0
1175100 1106.0
1175110 1105.2
1175120 1104.2
1175130 1104.2
1175140 1103.9
1175150 1104.0
1175160 1104.0
1175170 1104.2
1175180 1103.9
1175190 1103.9
1175200 1103.1
1175210 1101.8
1175220 1101.8
1175230 1100.0
1175240 1098.2
1175250 1098.2
1175260 1097.2
1175270 1097.2
1175280 1097.2
1175290 1097.2
1175300 1096.5
1175310 1095.4
1175320 1095.4
1175330 1094.6
1175340 1092.6
1175350 1092.6
1175360 1090.2
1175370 1086.6
1175380 1086.6
1175390 1083.3
1175400 1081.6
1175410 1081.6
1175420 1076.7
1175430 1068.2
1175440 1068.2
1175450 1061.2
1175460 1056.3
1175470 1056.9
1175480 1053.5
1175490 1051.9
1175500 1051.9
1175510 1050.4
1175520 1048.3
1175530 1048.3
1175540 1045.5
1175550 1043.0
1175560 1041.1
1175570 1041.1
1175580 1039.4
1175590 1036.8
1175600 1036.8
1175610 1033.9
1175620 1032.6
1175630 1032.6
1175640 1030.6
1175650 1026.3
1175660 1026.3
1175670 1021.0
1175680 1014.5
1175690 1014.5
1175700 1006.5
1175710 997.1
1175720 997.1
1175730 988.0
1175740 979.0
1175750 979.0
1175760 971.3
1175770 964.8
1175780 959.4
1175790 959.4
1175800 955.7
1175810 952.6
1175820 952.6
1175830 948.5
1175840 942.9
1175850 942.9
1175860 936.5
1175870 930.7
1175880 924.6
1175890 917.8
1175900 912.3
1175910 912.3
1175920 907.7
1175930 903.4
1175940 903.4
1175950 899.1
1175960 894.7
1175970 894.7
1175980 891.5
1175990 889.5
1176000 889.5
1176010 887.3
1176020 885.2
1176030 883.0
1176040 883.0
1176050 881.3
1176060 880.5
1176070 880.5
1176080 879.8
1176090 878.9
1176100 878.9
1176110 877.8
1176120 875.8
1176130 875.8
1176140 873.4
1176150 871.3
1176160 871.3
1176170 870.3
1176180 870.0
1176190 870.0
1176200 871.1
1176210 871.3
1176220 871.3
1176230 871.9
1176240 872.0
1176250 871.5
1176260 871.5
1176270 869.9
1176280 862.4
1176290 865.4
1176300 856.0
1176310 846.7
1176320 846.7
1176330 839.3
1176340 832.0
1176350 832.0
1176360 824.5
1176370 819.1
1176380 819.1
1176390 815.3
1176400 812.5
1176410 812.5
1176420 808.9
1176430 803.5
1176440 803.5
1176450 795.5
1176460 788.3
1176470 788.3
1176480 783.2
1176490 782.7
1176500 783.6
1176510 783.6
1176520 789.3
1176530 796.0
1176540 796.0
1176550 804.0
1176560 814.9
1176570 814.9
1176580 827.6
1176590 844.6
1176600 844.6
1176610 857.3
1176620 863.5
1176630 863.5
1176640 865.8
1176650 867.1
1176660 867.1
1176670 869.3
1176680 874.4
1176690 874.4
1176700 880.2
1176710 883.9
1176720 887.6
1176730 887.6
1176740 892.1
1176750 897.0
1176760 897.0
1176770 904.0
1176780 911.8
1176790 911.8
1176800 918.5
1176810 924.7
1176820 924.7
1176830 930.8
1176840 936.8
1176850 936.8
1176860 943.1
1176870 950.4
1176880 950.4
1176890 957.4
1176900 964.9
1176910 964.9
1176920 972.7
1176930 977.4
1176940 977.4
1176950 982.2
1176960 988.7
1176970 995.2
1176980 995.2
1176990 999.8
1177000 1005.0
1177010 1005.0
1177020 1010.8
1177030 1016.8
1177040 1016.8
1177050 1023.1
1177060 1030.1
1177070 1030.1
1177080 1036.0
1177090 1040.8
1177100 1040.8
1177110 1045.7
1177120 1046.3
1177130 1046.3
1177140 1051.1
1177150 1055.7
1177160 1055.7
1177170 1060.2
1177180 1064.6
1177190 1067.4
1177200 1067.4
1177210 1069.1
1177220 1069.5
1177230 1069.5
1177240 1070.4
1177250 1075.7
1177260 1075.7
1177270 1083.3
1177280 1092.4
1177290 1092.4
1177300 1101.3
1177310 1108.6
1177320 1108.6
1177330 1114.6
1177340 1119.8
1177350 1119.8
1177360 1124.5
1177370 1128.8
1177380 1128.8
1177390 1133.6
1177400 1138.6
1177410 1138.6
1177420 1143.4
1177430 1146.3
1177440 1148.0
1177450 1148.0
1177460 1150.5
1177470 1153.7
1177480 1153.7
1177490 1157.2
1177500 1160.3
1177510 1160.3
1177520 1163.0
1177530 1163.6
1177540 1163.6
1177550 1166.9
1177560 1170.6
1177570 1170.6
1177580 1173.1
1177590 1175.6
1177600 1175.6
1177610 1178.6
1177620 1182.1
1177630 1182.1
1177640 1185.3
1177650 1188.4
1177660 1190.8
1177670 1190.8
1177680 1191.7
1177690 1192.7
1177700 1192.7
1177710 1193.4
1177720 1194.2
1177730 1194.2
1177740 1195.2
1177750 1196.1
1177760 1196.1
1177770 1196.9
1177780 1197.7
1177790 1197.7
1177800 1199.4
1177810 1203.5
1177820 1203.5
1177830 1209.5
1177840 1214.4
1177850 1214.4
1177860 1217.3
1177870 1219.0
1177880 1219.0
1177890 1219.7
1177900 1220.3
1177910 1221.8
1177920 1221.8
1177930 1223.0
1177940 1223.1
1177950 1215.7
1177960 1211.4
1177970 1199.9
1177980 1199.9
1177990 1192.1
1178000 1189.5
1178010 1189.5
1178020 1190.8
1178030 1192.0
1178040 1192.0
1178050 1192.0
1178060 1192.3
1178070 1192.3
1178080 1193.3
1178090 1194.2
1178100 1194.2
1178110 1195.5
1178120 1196.7
1178130 1197.5
1178140 1197.5
1178150 1197.9
1178160 1198.2
1178170 1198.2
1178180 1198.6
1178190 1199.8
1178200 1199.8
1178210 1201.7
1178220 1203.0
1178230 1203.0
1178240 1203.9
1178250 1204.2
1178260 1204.2
1178270 1203.6
1178280 1203.0
1178290 1203.0
1178300 1203.1
1178310 1203.9
1178320 1203.9
1178330 1205.2
1178340 1207.6
1178350 1207.6
1178360 1207.2
1178370 1209.3
1178380 1211.2
1178390 1211.2
1178400 1212.9
1178410 1214.8
1178420 1214.8
1178430 1216.8
1178440 1218.9
1178450 1218.9
1178460 1220.9
1178470 1222.9
1178480 1222.9
1178490 1224.5
1178500 1225.5
1178510 1225.5
1178520 1226.8
1178530 1228.0
1178540 1228.0
1178550 1229.4
1178560 1230.9
1178570 1230.9
1178580 1232.8
1178590 1235.3
1178600 1237.5
1178610 1237.5
1178620 1238.8
1178630 1240.1
1178640 1240.1
1178650 1241.9
1178660 1244.3
1178670 1244.3
1178680 1247.4
1178690 1250.6
1178700 1250.6
1178710 1254.2
1178720 1257.8
1178730 1257.8
1178740 1261.0
1178750 1264.1
1178760 1264.1
1178770 1266.3
1178780 1267.2
1178790 1267.2
1178800 1269.0
1178810 1270.6
1178820 1270.6
1178830 1272.5
1178840 1274.0
1178850 1274.7
1178860 1274.7
1178870 1276.3
1178880 1278.1
1178890 1278.1
1178900 1279.8
1178910 1281.3
1178920 1281.3
1178930 1282.6
1178940 1283.1
1178950 1283.1
1178960 1282.7
1178970 1282.5
1178980 1282.5
1178990 1283.4
1179000 1285.0
1179010 1285.0
1179020 1286.7
1179030 1288.2
1179040 1288.2
1179050 1289.2
1179060 1290.3
1179070 1291.1
1179080 1291.1
1179090 1291.5
1179100 1292.1
1179110 1292.1
1179120 1293.1
1179130 1293.6
1179140 1293.6
1179150 1293.9
1179160 1294.2
1179170 1294.2
1179180 1294.7
1179190 1297.4
1179200 1297.4
1179210 1298.3
1179220 1299.1
1179230 1299.1
1179240 1299.9
1179250 1301.0
1179260 1301.0
1179270 1302.1
1179280 1302.8
1179290 1302.8
1179300 1303.7
1179310 1304.8
1179320 1306.2
1179330 1306.2
1179340 1307.5
1179350 1308.3
1179360 1308.3
1179370 1309.1
1179380 1309.8
1179390 1309.8
1179400 1310.3
1179410 1310.8
1179420 1310.8
1179430 1311.3
1179440 1311.7
1179450 1311.7
1179460 1312.3
1179470 1312.7
1179480 1312.7
1179490 1313.1
1179500 1313.2
1179510 1313.2
1179520 1312.6
1179530 1311.6
1179540 1312.4
1179550 1312.4
1179560 1312.9
1179570 1313.4
1179580 1313.4
1179590 1313.4
1179600 1314.0
1179610 1308.4
1179620 1310.1
1179630 1311.1
1179640 1311.1
1179650 1312.2
1179660 1313.9
1179670 1313.9
1179680 1315.7
1179690 1317.9
1179700 1317.9
1179710 1320.4
1179720 1323.0
1179730 1323.0
1179740 1326.1
1179750 1328.6
1179760 1328.6
1179770 1331.4
1179780 1335.9
1179790 1339.2
1179800 1339.2
1179810 1341.2
1179820 1343.3
1179830 1343.3
1179840 1344.7
1179850 1345.3
1179860 1345.3
1179870 1344.5
1179880 1344.6
1179890 1344.6
1179900 1345.3
1179910 1346.0
1179920 1346.0
1179930 1347.8
1179940 1350.9
1179950 1350.9
1179960 1351.9
1179970 1353.3
1179980 1353.3
1179990 1355.2
