1160000 1176.1
1160010 1176.9
1160020 1178.7
1160030 1178.7
1160040 1181.5
1160050 1183.9
1160060 1183.9
1160070 1186.0
1160080 1188.3
1160090 1188.3
1160100 1191.2
1160110 1195.5
1160120 1195.5
1160130 1201.5
1160140 1206.7
1160150 1204.2
1160160 1209.1
1160170 1214.6
1160180 1214.6
1160190 1222.6
1160200 1229.7
1160210 1229.7
1160220 1235.5
1160230 1239.9
1160240 1244.4
1160250 1244.4
1160260 1248.4
1160270 1251.7
1160280 1251.7
1160290 1254.2
1160300 1257.0
1160310 1257.0
1160320 1260.7
1160330 1264.3
1160340 1264.3
1160350 1266.3
1160360 1268.4
1160370 1268.4
1160380 1270.8
1160390 1273.6
1160400 1273.6
1160410 1277.3
1160420 1280.7
1160430 1280.7
1160440 1281.2
1160450 1281.1
1160460 1281.1
1160470 1282.2
1160480 1283.8
1160490 1286.0
1160500 1286.0
1160510 1289.1
1160520 1290.7
1160530 1290.7
1160540 1290.5
1160550 1293.2
1160560 1293.2
1160570 1296.3
1160580 1299.4
1160590 1299.4
1160600 1302.9
1160610 1306.5
1160620 1306.5
1160630 1308.9
1160640 1310.9
1160650 1310.9
1160660 1312.7
1160670 1315.2
1160680 1315.2
1160690 1318.7
1160700 1323.5
1160710 1329.5
1160720 1329.5
1160730 1335.4
1160740 1341.1
1160750 1341.1
1160760 1346.0
1160770 1349.3
1160780 1349.3
1160790 1351.7
1160800 1354.1
1160810 1354.1
1160820 1357.1
1160830 1359.7
1160840 1359.7
1160850 1362.3
1160860 1365.0
1160870 1365.0
1160880 1366.0
1160890 1369.8
1160900 1369.8
1160910 1374.8
1160920 1379.2
1160930 1375.8
1160940 1379.5
1160950 1382.8
1160960 1385.8
1160970 1385.8
1160980 1388.9
1160990 1391.5
1161000 1391.5
1161010 1393.4
1161020 1394.4
1161030 1394.4
1161040 1395.4
1161050 1397.6
1161060 1397.6
1161070 1403.2
1161080 1410.4
1161090 1410.4
1161100 1418.0
1161110 1425.6
1161120 1425.6
1161130 1435.6
1161140 1444.6
1161150 1444.6
1161160 1449.1
1161170 1455.9
1161180 1462.8
1161190 1462.8
1161200 1467.8
1161210 1472.3
1161220 1472.3
1161230 1477.3
1161240 1479.8
1161250 1479.8
1161260 1482.2
1161270 1486.5
1161280 1486.5
1161290 1490.7
1161300 1492.7
1161310 1492.7
1161320 1495.4
1161330 1500.2
1161340 1500.2
1161350 1504.5
1161360 1507.0
1161370 1507.0
1161380 1509.0
1161390 1510.8
1161400 1510.8
1161410 1512.1
1161420 1514.0
1161430 1516.7
1161440 1516.7
1161450 1519.6
1161460 1521.4
1161470 1521.4
1161480 1522.7
1161490 1524.3
1161500 1524.3
1161510 1525.2
1161520 1525.8
1161530 1525.8
1161540 1525.6
1161550 1525.4
1161560 1525.4
1161570 1526.3
1161580 1527.9
1161590 1527.9
1161600 1530.1
1161610 1533.8
1161620 1533.8
1161630 1540.3
1161640 1547.5
1161650 1550.5
1161660 1550.5
1161670 1551.8
1161680 1552.4
1161690 1552.4
1161700 1549.7
1161710 1545.5
1161720 1541.0
1161730 1540.7
1161740 1541.7
1161750 1541.7
1161760 1543.3
1161770 1544.7
1161780 1544.7
1161790 1546.3
1161800 1548.5
1161810 1548.5
1161820 1549.2
1161830 1549.1
1161840 1549.1
1161850 1550.0
1161860 1549.9
1161870 1549.9
1161880 1548.1
1161890 1549.1
1161900 1550.3
1161910 1550.3
1161920 1552.0
1161930 1555.0
1161940 1555.0
1161950 1555.4
1161960 1556.5
1161970 1556.5
1161980 1558.8
1161990 1558.7
1162000 1558.7
1162010 1556.7
1162020 1556.6
1162030 1556.6
1162040 1556.4
1162050 1556.6
1162060 1556.6
1162070 1558.1
1162080 1560.3
1162090 1560.3
1162100 1563.4
1162110 1561.1
1162120 1561.1
1162130 1564.7
1162140 1568.2
1162150 1571.8
1162160 1571.8
1162170 1574.2
1162180 1575.7
1162190 1575.7
1162200 1573.4
1162210 1569.7
1162220 1569.7
1162230 1566.6
1162240 1564.2
1162250 1564.2
1162260 1564.7
1162270 1565.8
1162280 1565.8
1162290 1566.5
1162300 1568.1
1162310 1568.1
1162320 1569.8
1162330 1571.3
1162340 1571.3
1162350 1574.0
1162360 1576.7
1162370 1579.2
1162380 1579.2
1162390 1582.1
1162400 1583.5
1162410 1583.5
1162420 1584.1
1162430 1585.0
1162440 1585.0
1162450 1586.2
1162460 1588.2
1162470 1588.2
1162480 1591.2
1162490 1590.6
1162500 1580.2
1162510 1572.4
1162520 1566.3
1162530 1566.3
1162540 1563.3
1162550 1562.2
1162560 1562.2
1162570 1561.5
1162580 1563.7
1162590 1563.7
1162600 1564.8
1162610 1566.6
1162620 1570.1
1162630 1570.1
1162640 1573.2
1162650 1575.5
1162660 1575.5
1162670 1577.5
1162680 1579.0
1162690 1579.0
1162700 1581.3
1162710 1583.5
1162720 1583.5
1162730 1585.4
1162740 1586.7
1162750 1586.7
1162760 1588.0
1162770 1589.6
1162780 1589.6
1162790 1591.1
1162800 1591.1
1162810 1591.1
1162820 1592.1
1162830 1593.2
1162840 1593.2
1162850 1593.2
1162860 1593.4
1162870 1592.9
1162880 1592.9
1162890 1592.6
1162900 1591.6
1162910 1591.6
1162920 1591.4
1162930 1591.5
1162940 1591.5
1162950 1590.5
1162960 1588.1
1162970 1588.1
1162980 1587.4
1162990 1587.5
1163000 1587.5
1163010 1588.1
1163020 1591.8
1163030 1591.8
1163040 1593.7
1163050 1590.5
1163060 1590.5
1163070 1589.2
1163080 1588.5
1163090 1588.5
1163100 1588.5
1163110 1588.5
1163120 1589.4
1163130 1589.4
1163140 1590.2
1163150 1590.0
1163160 1590.0
1163170 1590.6
1163180 1589.5
1163190 1589.5
1163200 1588.6
1163210 1587.0
1163220 1587.0
1163230 1584.9
1163240 1583.7
1163250 1583.7
1163260 1583.2
1163270 1584.1
1163280 1584.1
1163290 1583.1
1163300 1584.9
1163310 1583.7
1163320 1583.7
1163330 1581.3
1163340 1581.5
1163350 1581.5
1163360 1584.2
1163370 1586.3
1163380 1586.3
1163390 1586.3
1163400 1584.7
1163410 1584.7
1163420 1584.1
1163430 1583.6
1163440 1583.6
1163450 1582.4
1163460 1582.0
1163470 1582.0
1163480 1581.8
1163490 1584.6
1163500 1584.6
1163510 1586.3
1163520 1586.5
1163530 1586.5
1163540 1585.0
1163550 1584.2
1163560 1583.9
1163570 1583.9
1163580 1580.2
1163590 1575.7
1163600 1575.7
1163610 1574.1
1163620 1572.5
1163630 1572.5
1163640 1570.3
1163650 1567.7
1163660 1567.7
1163670 1566.0
1163680 1564.8
1163690 1560.3
1163700 1556.1
1163710 1551.2
1163720 1551.2
1163730 1549.2
1163740 1550.6
1163750 1550.6
1163760 1553.6
1163770 1557.7
1163780 1557.7
1163790 1561.3
1163800 1563.5
1163810 1560.3
1163820 1560.3
1163830 1554.0
1163840 1548.0
1163850 1548.0
1163860 1543.7
1163870 1540.6
1163880 1540.6
1163890 1539.7
1163900 1541.4
1163910 1541.4
1163920 1542.9
1163930 1542.9
1163940 1542.9
1163950 1539.3
1163960 1532.7
1163970 1532.7
1163980 1528.9
1163990 1526.0
1164000 1526.0
1164010 1524.4
1164020 1524.5
1164030 1524.4
1164040 1524.4
1164050 1524.6
1164060 1521.5
1164070 1521.5
1164080 1512.7
1164090 1517.4
1164100 1517.4
1164110 1520.4
1164120 1523.0
1164130 1523.0
1164140 1526.4
1164150 1529.6
1164160 1529.6
1164170 1525.4
1164180 1517.7
1164190 1517.7
1164200 1511.5
1164210 1506.7
1164220 1506.7
1164230 1501.2
1164240 1495.4
1164250 1495.4
1164260 1489.8
1164270 1485.5
1164280 1482.0
1164290 1482.0
1164300 1474.1
1164310 1473.5
1164320 1473.5
1164330 1481.5
1164340 1489.5
1164350 1489.5
1164360 1497.2
1164370 1505.8
1164380 1505.8
1164390 1517.0
1164400 1527.7
1164410 1527.7
1164420 1535.7
1164430 1544.1
1164440 1544.1
1164450 1551.5
1164460 1559.0
1164470 1559.0
1164480 1557.9
1164490 1562.1
1164500 1567.1
1164510 1567.1
1164520 1572.3
1164530 1578.1
1164540 1578.1
1164550 1583.1
1164560 1586.2
1164570 1586.2
1164580 1586.0
1164590 1585.3
1164600 1585.3
1164610 1586.0
1164620 1588.8
1164630 1588.8
1164640 1591.9
1164650 1594.6
1164660 1594.6
1164670 1596.9
1164680 1599.3
1164690 1599.3
1164700 1602.3
1164710 1605.2
1164720 1605.2
1164730 1608.1
1164740 1611.6
1164750 1615.0
1164760 1615.0
1164770 1618.1
1164780 1619.8
1164790 1619.8
1164800 1620.7
1164810 1621.5
1164820 1621.5
1164830 1622.6
1164840 1623.9
1164850 1623.9
1164860 1625.0
1164870 1626.6
1164880 1625.6
1164890 1626.8
1164900 1627.9
1164910 1627.9
1164920 1628.9
1164930 1629.7
1164940 1629.7
1164950 1630.9
1164960 1632.5
1164970 1634.9
1164980 1634.9
1164990 1637.8
1165000 1640.7
1165010 1640.7
1165020 1643.9
1165030 1647.1
1165040 1647.1
1165050 1650.1
1165060 1653.3
1165070 1653.3
1165080 1657.4
1165090 1661.7
1165100 1661.7
1165110 1665.7
1165120 1669.2
1165130 1669.2
1165140 1672.2
1165150 1674.5
1165160 1674.5
1165170 1677.2
1165180 1679.3
1165190 1679.3
1165200 1680.8
1165210 1682.3
1165220 1684.3
1165230 1684.3
1165240 1686.9
1165250 1689.7
1165260 1689.7
1165270 1689.8
1165280 1692.6
1165290 1692.6
1165300 1694.8
1165310 1696.6
1165320 1696.6
1165330 1698.1
1165340 1699.8
1165350 1699.8
1165360 1702.0
1165370 1704.2
1165380 1704.2
1165390 1706.0
1165400 1707.3
1165410 1707.3
1165420 1708.9
1165430 1711.2
1165440 1713.5
1165450 1713.5
1165460 1715.4
1165470 1716.2
1165480 1716.2
1165490 1717.2
1165500 1718.5
1165510 1718.5
1165520 1720.0
1165530 1721.0
1165540 1721.0
1165550 1722.2
1165560 1723.7
1165570 1723.7
1165580 1724.7
1165590 1725.9
1165600 1725.9
1165610 1727.0
1165620 1728.4
1165630 1728.4
1165640 1731.8
1165650 1734.6
1165660 1734.6
1165670 1732.8
1165680 1734.5
1165690 1735.6
1165700 1735.6
1165710 1736.0
1165720 1736.0
1165730 1736.0
1165740 1735.6
1165750 1735.0
1165760 1735.0
1165770 1734.6
1165780 1733.9
1165790 1733.9
1165800 1732.7
1165810 1731.2
1165820 1731.2
1165830 1729.0
1165840 1726.0
1165850 1726.0
1165860 1723.1
1165870 1721.8
1165880 1721.8
1165890 1722.4
1165900 1722.7
1165910 1722.7
1165920 1722.6
1165930 1723.4
1165940 1724.2
1165950 1724.2
1165960 1724.4
1165970 1724.1
1165980 1724.1
1165990 1723.8
1166000 1723.2
1166010 1723.2
1166020 1722.8
1166030 1722.0
1166040 1722.0
1166050 1721.1
1166060 1720.4
1166070 1716.7
1166080 1716.6
1166090 1715.6
1166100 1715.6
1166110 1714.2
1166120 1713.1
1166130 1713.1
1166140 1711.8
1166150 1710.4
1166160 1708.7
1166170 1708.7
1166180 1707.4
1166190 1708.4
1166200 1708.4
1166210 1707.6
1166220 1707.1
1166230 1707.1
1166240 1705.4
1166250 1705.2
1166260 1705.2
1166270 1706.0
1166280 1706.5
1166290 1706.5
1166300 1706.9
1166310 1706.8
1166320 1706.8
1166330 1705.9
1166340 1704.5
1166350 1704.5
1166360 1702.9
1166370 1701.0
1166380 1701.0
1166390 1698.5
1166400 1695.9
1166410 1693.7
1166420 1693.7
1166430 1691.9
1166440 1690.1
1166450 1690.1
1166460 1688.2
1166470 1684.4
1166480 1684.4
1166490 1683.6
1166500 1682.8
1166510 1682.8
1166520 1682.1
1166530 1681.3
1166540 1681.3
1166550 1680.2
1166560 1678.7
1166570 1678.7
1166580 1676.6
1166590 1674.3
1166600 1674.3
1166610 1672.8
1166620 1671.6
1166630 1669.1
1166640 1669.1
1166650 1666.0
1166660 1661.5
1166670 1661.5
1166680 1657.3
1166690 1654.0
1166700 1654.0
1166710 1652.6
1166720 1651.6
1166730 1651.6
1166740 1650.0
1166750 1646.2
1166760 1646.2
1166770 1643.3
1166780 1641.6
1166790 1641.6
1166800 1640.6
1166810 1638.4
1166820 1638.4
1166830 1637.4
1166840 1635.6
1166850 1635.6
1166860 1633.9
1166870 1628.6
1166880 1626.6
1166890 1626.6
1166900 1624.3
1166910 1622.1
1166920 1622.1
1166930 1619.5
1166940 1615.6
1166950 1615.6
1166960 1611.8
1166970 1608.5
1166980 1608.5
1166990 1601.4
1167000 1593.7
1167010 1593.7
1167020 1587.5
1167030 1580.9
1167040 1580.9
1167050 1575.4
1167060 1568.8
1167070 1568.8
1167080 1561.0
1167090 1555.3
1167100 1550.7
1167110 1550.7
1167120 1546.2
1167130 1542.2
1167140 1542.2
1167150 1538.4
1167160 1535.1
1167170 1535.1
1167180 1531.0
1167190 1527.4
1167200 1527.4
1167210 1524.0
1167220 1521.0
1167230 1521.0
1167240 1518.2
1167250 1515.4
1167260 1515.4
1167270 1510.8
1167280 1507.2
1167290 1507.2
1167300 1504.7
1167310 1501.4
1167320 1501.4
1167330 1498.7
1167340 1496.5
1167350 1495.5
1167360 1495.5
1167370 1494.2
1167380 1492.2
1167390 1492.2
1167400 1490.1
1167410 1488.5
1167420 1488.5
1167430 1487.0
1167440 1484.9
1167450 1484.9
1167460 1482.1
1167470 1477.7
1167480 1477.7
1167490 1470.8
1167500 1464.1
1167510 1464.1
1167520 1459.4
1167530 1455.2
1167540 1455.2
1167550 1451.2
1167560 1448.4
1167570 1448.4
1167580 1444.9
1167590 1440.9
1167600 1437.1
1167610 1437.1
1167620 1433.3
1167630 1429.7
1167640 1429.7
1167650 1426.0
1167660 1422.6
1167670 1419.1
1167680 1416.1
1167690 1411.6
1167700 1411.6
1167710 1406.5
1167720 1401.5
1167730 1401.5
1167740 1396.6
1167750 1391.1
1167760 1391.1
1167770 1387.4
1167780 1385.2
1167790 1385.2
1167800 1382.2
1167810 1379.1
1167820 1377.6
1167830 1377.6
1167840 1375.9
1167850 1374.2
1167860 1374.2
1167870 1372.7
1167880 1372.4
1167890 1372.4
1167900 1372.2
1167910 1371.4
1167920 1371.4
1167930 1369.6
1167940 1366.5
1167950 1366.5
1167960 1363.7
1167970 1360.2
1167980 1360.2
1167990 1355.3
1168000 1348.7
1168010 1348.7
1168020 1346.1
1168030 1345.2
1168040 1345.2
1168050 1345.0
1168060 1344.3
1168070 1339.4
1168080 1339.4
1168090 1339.2
1168100 1339.0
1168110 1339.0
1168120 1338.7
1168130 1339.5
1168140 1339.5
1168150 1338.0
1168160 1335.4
1168170 1335.4
1168180 1333.3
1168190 1330.3
1168200 1330.3
1168210 1325.7
1168220 1320.9
1168230 1320.9
1168240 1316.4
1168250 1313.3
1168260 1313.3
1168270 1312.2
1168280 1311.2
1168290 1310.0
1168300 1310.0
1168310 1308.8
1168320 1307.2
1168330 1307.2
1168340 1304.9
1168350 1302.9
1168360 1302.9
1168370 1302.4
1168380 1301.8
1168390 1301.8
1168400 1299.7
1168410 1298.8
1168420 1298.8
1168430 1299.9
1168440 1301.2
1168450 1301.2
1168460 1301.8
1168470 1295.5
1168480 1295.5
1168490 1295.8
1168500 1296.3
1168510 1296.3
1168520 1297.2
1168530 1297.3
1168540 1297.1
1168550 1297.1
1168560 1297.8
1168570 1299.7
1168580 1299.7
1168590 1302.8
1168600 1304.9
1168610 1304.9
1168620 1305.8
1168630 1305.7
1168640 1305.7
1168650 1305.1
1168660 1304.7
1168670 1304.7
1168680 1304.9
1168690 1305.6
1168700 1305.6
1168710 1306.4
1168720 1307.4
1168730 1307.4
1168740 1308.2
1168750 1305.6
1168760 1301.4
1168770 1301.4
1168780 1296.7
1168790 1293.3
1168800 1293.3
1168810 1290.1
1168820 1285.4
1168830 1285.4
1168840 1279.4
1168850 1274.0
1168860 1274.0
1168870 1266.2
1168880 1262.0
1168890 1262.0
1168900 1257.5
1168910 1252.9
1168920 1252.9
1168930 1248.2
1168940 1243.6
1168950 1243.6
1168960 1240.6
1168970 1237.1
1168980 1237.1
1168990 1233.0
1169000 1228.2
1169010 1223.7
1169020 1223.7
1169030 1219.6
1169040 1215.2
1169050 1215.2
1169060 1210.8
1169070 1206.2
1169080 1206.2
1169090 1201.2
1169100 1197.2
1169110 1197.2
1169120 1193.8
1169130 1191.2
1169140 1191.2
1169150 1190.5
1169160 1191.5
1169170 1191.5
1169180 1190.8
1169190 1186.7
1169200 1186.7
1169210 1182.4
1169220 1178.2
1169230 1178.2
1169240 1169.0
1169250 1158.7
1169260 1152.3
1169270 1156.5
1169280 1147.5
1169290 1138.9
1169300 1138.9
1169310 1132.6
1169320 1126.9
1169330 1126.9
1169340 1121.6
1169350 1118.7
1169360 1118.7
1169370 1115.2
1169380 1111.0
1169390 1111.0
1169400 1107.8
1169410 1102.3
1169420 1102.3
1169430 1097.9
1169440 1096.0
1169450 1096.0
1169460 1095.2
1169470 1094.9
1169480 1094.9
1169490 1094.9
1169500 1094.6
1169510 1094.4
1169520 1094.4
1169530 1093.2
1169540 1089.2
1169550 1089.2
1169560 1086.2
1169570 1082.0
1169580 1082.0
1169590 1079.3
1169600 1076.4
1169610 1076.4
1169620 1073.7
1169630 1072.3
1169640 1072.3
1169650 1072.5
1169660 1073.0
1169670 1073.0
1169680 1071.2
1169690 1070.3
1169700 1070.3
1169710 1069.3
1169720 1067.2
1169730 1064.7
1169740 1064.7
1169750 1062.4
1169760 1060.0
1169770 1060.0
1169780 1056.0
1169790 1051.4
1169800 1051.4
1169810 1047.8
1169820 1045.1
1169830 1045.1
1169840 1043.3
1169850 1042.0
1169860 1042.0
1169870 1040.5
1169880 1038.9
1169890 1038.9
1169900 1037.6
1169910 1036.0
1169920 1036.0
1169930 1034.3
1169940 1033.0
1169950 1032.0
1169960 1032.0
1169970 1031.1
1169980 1030.4
1169990 1030.4
1170000 1029.5
1170010 1027.8
1170020 1027.8
1170030 1024.3
1170040 1019.0
1170050 1019.0
1170060 1012.6
1170070 1004.6
1170080 1011.3
1170090 1003.5
1170100 995.7
1170110 995.7
1170120 990.5
1170130 982.3
1170140 982.3
1170150 975.3
1170160 970.4
1170170 970.4
1170180 969.0
1170190 969.0
1170200 969.9
1170210 969.9
1170220 971.3
1170230 977.6
1170240 977.6
1170250 987.0
1170260 995.9
1170270 995.9
1170280 1001.8
1170290 1005.9
1170300 1005.9
1170310 1006.4
1170320 1006.2
1170330 1006.2
1170340 1005.7
1170350 1004.1
1170360 1004.1
1170370 1002.6
1170380 1001.8
1170390 1001.8
1170400 1001.0
1170410 1000.5
1170420 1000.1
1170430 1000.1
1170440 999.9
1170450 999.7
1170460 999.7
1170470 999.6
1170480 998.8
1170490 997.7
1170500 997.6
1170510 997.1
1170520 997.1
1170530 996.7
1170540 996.4
1170550 996.4
1170560 996.0
1170570 995.7
1170580 995.7
1170590 995.0
1170600 994.4
1170610 994.4
1170620 993.9
1170630 993.0
1170640 993.0
1170650 991.0
1170660 990.1
1170670 989.1
1170680 989.1
1170690 988.0
1170700 986.5
1170710 986.5
1170720 985.7
1170730 984.9
1170740 984.9
1170750 984.3
1170760 984.0
1170770 984.0
1170780 983.7
1170790 982.7
1170800 982.7
1170810 981.4
1170820 978.1
1170830 978.1
1170840 964.9
1170850 952.6
1170860 952.6
1170870 944.3
1170880 942.4
1170890 942.4
1170900 942.4
1170910 939.2
1170920 937.8
1170930 937.8
1170940 939.9
1170950 944.5
1170960 944.5
1170970 952.5
1170980 963.2
1170990 963.2
1171000 964.4
1171010 963.6
1171020 963.6
1171030 962.5
1171040 961.5
1171050 961.5
1171060 961.1
1171070 960.1
1171080 960.1
1171090 960.3
1171100 960.6
1171110 960.6
1171120 959.9
1171130 958.8
1171140 955.9
1171150 955.9
1171160 952.8
1171170 952.4
1171180 952.4
1171190 954.2
1171200 954.7
1171210 954.7
1171220 954.8
1171230 954.7
1171240 954.7
1171250 954.0
1171260 952.4
1171270 952.4
1171280 950.7
1171290 950.2
1171300 948.0
1171310 947.8
1171320 948.4
1171330 948.4
1171340 949.0
1171350 948.9
1171360 947.5
1171370 947.5
1171380 945.2
1171390 942.8
1171400 942.8
1171410 940.2
1171420 938.5
1171430 938.5
1171440 937.6
1171450 937.6
1171460 937.6
1171470 938.0
1171480 938.3
1171490 938.3
1171500 938.0
1171510 937.2
1171520 937.2
1171530 936.5
1171540 935.8
1171550 935.8
1171560 935.0
1171570 934.4
1171580 934.4
1171590 933.8
1171600 933.3
1171610 932.7
1171620 932.7
1171630 931.8
1171640 930.7
1171650 930.7
1171660 930.0
1171670 929.2
1171680 929.2
1171690 928.4
1171700 927.1
1171710 927.1
1171720 926.4
1171730 925.8
1171740 925.8
1171750 925.1
1171760 924.6
1171770 924.6
1171780 924.1
1171790 923.7
1171800 923.7
1171810 923.1
1171820 922.4
1171830 922.4
1171840 921.5
1171850 920.7
1171860 920.1
1171870 920.1
1171880 919.5
1171890 919.2
1171900 919.2
1171910 918.7
1171920 918.0
1171930 918.0
1171940 917.4
1171950 917.0
1171960 917.0
1171970 916.4
1171980 916.0
1171990 916.0
1172000 915.7
1172010 915.3
1172020 915.3
1172030 914.0
1172040 910.1
1172050 910.1
1172060 906.0
1172070 899.3
1172080 880.7
1172090 880.7
1172100 865.8
1172110 862.2
1172120 862.2
1172130 857.3
1172140 858.3
1172150 858.3
1172160 861.8
1172170 865.4
1172180 865.4
1172190 872.6
1172200 878.6
1172210 878.6
1172220 882.2
1172230 885.5
1172240 885.5
1172250 890.3
1172260 894.2
1172270 894.2
1172280 896.2
1172290 895.6
1172300 895.6
1172310 893.9
1172320 892.8
1172330 892.3
1172340 892.3
1172350 891.3
1172360 892.1
1172370 892.1
1172380 892.8
1172390 893.1
1172400 893.1
1172410 893.7
1172420 894.1
1172430 894.1
1172440 893.5
1172450 890.5
1172460 890.5
1172470 885.2
1172480 882.1
1172490 882.1
1172500 881.7
1172510 873.0
1172520 873.0
1172530 872.4
1172540 871.2
1172550 869.9
1172560 869.9
1172570 872.1
1172580 875.9
1172590 875.9
1172600 877.5
1172610 876.8
1172620 876.8
1172630 877.4
1172640 879.1
1172650 879.1
1172660 876.8
1172670 872.8
1172680 872.8
1172690 871.6
1172700 871.5
1172710 871.5
1172720 872.0
1172730 873.1
1172740 873.1
1172750 871.7
1172760 869.4
1172770 869.4
1172780 868.4
1172790 866.6
1172800 863.4
1172810 863.4
1172820 860.3
1172830 858.0
1172840 858.0
1172850 855.4
1172860 850.9
1172870 850.9
1172880 848.3
1172890 846.5
1172900 846.5
1172910 847.5
1172920 840.9
1172930 840.9
1172940 839.9
1172950 839.0
1172960 839.0
1172970 837.8
1172980 837.2
1172990 837.2
1173000 836.9
1173010 836.4
1173020 836.3
1173030 836.3
1173040 836.1
1173050 835.5
1173060 835.5
1173070 834.9
1173080 832.9
1173090 832.9
1173100 829.8
1173110 828.1
1173120 828.1
1173130 825.0
1173140 821.4
1173150 821.4
1173160 819.5
1173170 814.5
1173180 814.5
1173190 808.2
1173200 806.4
1173210 806.4
1173220 806.5
1173230 805.7
1173240 805.7
1173250 804.7
1173260 803.5
1173270 802.6
1173280 802.6
1173290 801.6
1173300 801.0
1173310 801.0
1173320 799.9
1173330 797.6
1173340 797.6
1173350 797.3
1173360 797.1
1173370 797.1
1173380 796.8
1173390 796.7
1173400 796.7
1173410 796.4
1173420 796.1
1173430 796.1
1173440 795.8
1173450 795.6
1173460 795.6
1173470 795.4
1173480 794.9
1173490 794.9
1173500 794.4
1173510 793.8
1173520 793.5
1173530 793.5
1173540 793.2
1173550 792.5
1173560 792.5
1173570 792.2
1173580 792.1
1173590 792.1
1173600 792.0
1173610 791.9
1173620 791.9
1173630 791.8
1173640 791.6
1173650 791.6
1173660 791.5
1173670 791.5
1173680 791.5
1173690 791.4
1173700 791.4
1173710 791.4
1173720 791.6
1173730 792.3
1173740 790.9
1173750 790.9
1173760 791.4
1173770 792.6
1173780 792.6
1173790 794.2
1173800 794.9
1173810 794.9
1173820 795.2
1173830 795.1
1173840 795.1
1173850 795.2
1173860 795.3
1173870 795.3
1173880 795.4
1173890 795.5
1173900 795.5
1173910 795.6
1173920 795.7
1173930 795.7
1173940 795.7
1173950 795.7
1173960 795.7
1173970 795.7
1173980 795.5
1173990 795.4
1174000 795.4
1174010 796.0
1174020 797.3
1174030 797.3
1174040 800.1
1174050 801.3
1174060 801.3
1174070 800.5
1174080 798.8
1174090 798.8
1174100 797.2
1174110 795.8
1174120 795.8
1174130 795.1
1174140 794.3
1174150 794.2
1174160 794.0
1174170 793.8
1174180 793.8
1174190 793.5
1174200 793.3
1174210 793.2
1174220 793.2
1174230 792.9
1174240 792.8
1174250 792.8
1174260 792.6
1174270 792.5
1174280 792.5
1174290 792.3
1174300 792.2
1174310 792.2
1174320 792.1
1174330 791.9
1174340 791.9
1174350 791.8
1174360 791.6
1174370 791.6
1174380 791.4
1174390 791.2
1174400 791.2
1174410 790.9
1174420 790.8
1174430 790.8
1174440 790.8
1174450 790.8
1174460 790.5
1174470 790.5
1174480 789.3
1174490 789.1
1174500 789.1
1174510 789.2
1174520 788.9
1174530 788.9
1174540 789.3
1174550 788.8
1174560 788.8
1174570 788.9
1174580 788.5
1174590 788.5
1174600 787.9
1174610 787.8
1174620 787.8
1174630 787.6
1174640 787.5
1174650 787.5
1174660 787.5
1174670 787.5
1174680 787.3
1174690 787.3
1174700 787.1
1174710 787.3
1174720 787.3
1174730 788.0
1174740 788.4
1174750 788.4
1174760 788.4
1174770 788.4
1174780 788.4
1174790 788.3
1174800 788.3
1174810 788.3
1174820 788.5
1174830 788.7
1174840 788.7
1174850 788.4
1174860 786.4
1174870 786.4
1174880 785.9
1174890 785.8
1174900 785.8
1174910 786.0
1174920 785.8
1174930 785.0
1174940 785.0
1174950 784.3
1174960 783.6
1174970 782.3
1174980 782.2
1174990 782.2
1175000 782.2
1175010 782.5
1175020 783.1
1175030 783.1
1175040 784.2
1175050 784.9
1175060 784.9
1175070 785.3
1175080 785.7
1175090 785.7
1175100 786.0
1175110 786.3
1175120 786.3
1175130 786.3
1175140 786.1
1175150 785.7
1175160 785.7
1175170 785.6
1175180 785.5
1175190 785.5
1175200 785.5
1175210 785.8
1175220 785.8
1175230 785.4
1175240 784.7
1175250 784.7
1175260 784.3
1175270 784.4
1175280 784.4
1175290 785.0
1175300 785.0
1175310 785.0
1175320 785.0
1175330 784.8
1175340 784.8
1175350 784.3
1175360 783.9
1175370 783.9
1175380 783.9
1175390 783.9
1175400 783.9
1175410 783.9
1175420 784.1
1175430 784.3
1175440 784.3
1175450 784.4
1175460 784.6
1175470 784.6
1175480 784.4
1175490 784.3
1175500 784.3
1175510 784.3
1175520 784.4
1175530 784.4
1175540 784.5
1175550 785.2
1175560 785.2
1175570 785.4
1175580 785.1
1175590 785.1
1175600 785.0
1175610 785.0
1175620 785.0
1175630 784.9
1175640 785.0
1175650 785.2
1175660 785.2
1175670 784.8
1175680 784.7
1175690 784.7
1175700 789.4
1175710 795.4
1175720 795.4
1175730 800.8
1175740 807.1
1175750 807.1
1175760 810.1
1175770 810.3
1175780 810.3
1175790 811.0
1175800 811.0
1175810 811.0
1175820 810.2
1175830 808.5
1175840 808.5
1175850 807.8
1175860 804.2
1175870 797.6
1175880 797.6
1175890 792.8
1175900 791.0
1175910 791.0
1175920 791.4
1175930 791.4
1175940 791.4
1175950 787.9
1175960 786.2
1175970 786.2
1175980 785.3
1175990 785.4
1176000 785.4
1176010 785.2
1176020 785.0
1176030 785.0
1176040 784.8
1176050 784.6
1176060 784.6
1176070 784.3
1176080 783.1
1176090 783.1
1176100 777.5
1176110 775.6
1176120 775.6
1176130 775.6
1176140 777.4
1176150 783.8
1176160 783.8
1176170 789.5
1176180 790.6
1176190 790.6
1176200 790.9
1176210 791.1
1176220 791.1
1176230 790.9
1176240 791.2
1176250 791.2
1176260 791.7
1176270 792.1
1176280 792.1
1176290 792.2
1176300 792.3
1176310 792.3
1176320 792.2
1176330 792.2
1176340 793.7
1176350 793.7
1176360 799.9
1176370 805.6
1176380 805.6
1176390 806.2
1176400 806.2
1176410 806.2
1176420 805.9
1176430 805.3
1176440 805.3
1176450 804.8
1176460 804.2
1176470 804.2
1176480 804.0
1176490 803.9
1176500 803.9
1176510 805.6
1176520 807.4
1176530 807.4
1176540 807.7
1176550 808.0
1176560 808.0
1176570 808.1
1176580 807.8
1176590 807.6
1176600 807.6
1176610 809.2
1176620 809.8
1176630 809.8
1176640 809.7
1176650 809.6
1176660 809.6
1176670 809.4
1176680 809.2
1176690 809.2
1176700 808.7
1176710 808.3
1176720 808.3
1176730 808.3
1176740 808.2
1176750 808.2
1176760 808.1
1176770 808.0
1176780 808.0
1176790 808.0
1176800 808.2
1176810 808.4
1176820 808.4
1176830 808.5
1176840 808.8
1176850 808.8
1176860 809.0
1176870 808.9
1176880 808.9
1176890 808.9
1176900 809.1
1176910 809.1
1176920 809.1
1176930 809.3
1176940 809.3
1176950 809.7
1176960 810.2
1176970 810.2
1176980 810.3
1176990 809.9
1177000 809.9
1177010 809.9
1177020 809.9
1177030 809.9
1177040 810.0
1177050 811.2
1177060 813.3
1177070 813.3
1177080 816.9
1177090 822.7
1177100 822.7
1177110 829.1
1177120 836.3
1177130 836.3
1177140 843.3
1177150 847.8
1177160 847.8
1177170 851.7
1177180 856.5
1177190 856.5
1177200 860.5
1177210 863.8
1177220 863.8
1177230 868.3
1177240 873.2
1177250 873.2
1177260 875.0
1177270 877.1
1177280 878.9
1177290 878.9
1177300 880.1
1177310 883.0
1177320 883.0
1177330 888.1
1177340 891.1
1177350 891.1
1177360 892.6
1177370 894.4
1177380 894.4
1177390 896.4
1177400 898.6
1177410 898.6
1177420 901.7
1177430 905.1
1177440 907.0
1177450 909.6
1177460 911.3
1177470 911.3
1177480 911.8
1177490 912.9
1177500 912.9
1177510 914.2
1177520 915.8
1177530 917.9
1177540 917.9
1177550 920.4
1177560 922.9
1177570 922.9
1177580 925.0
1177590 926.7
1177600 926.7
1177610 928.4
1177620 930.3
1177630 930.3
1177640 931.6
1177650 932.8
1177660 932.8
1177670 934.1
1177680 935.2
1177690 935.2
1177700 936.3
1177710 937.7
1177720 937.7
1177730 939.3
1177740 940.8
1177750 942.9
1177760 942.9
1177770 945.4
1177780 948.0
1177790 948.0
1177800 951.2
1177810 954.1
1177820 954.1
1177830 957.2
1177840 960.7
1177850 962.4
1177860 965.4
1177870 969.1
1177880 969.1
1177890 972.1
1177900 974.5
1177910 974.5
1177920 976.9
1177930 979.6
1177940 979.6
1177950 982.2
1177960 984.5
1177970 984.5
1177980 986.7
1177990 989.0
1178000 991.0
1178010 991.0
1178020 993.3
1178030 996.2
1178040 996.2
1178050 999.6
1178060 1002.7
1178070 1002.7
1178080 1006.0
1178090 1009.7
1178100 1009.7
1178110 1013.0
1178120 1015.3
1178130 1015.3
1178140 1018.1
1178150 1022.7
1178160 1022.7
1178170 1027.3
1178180 1031.5
1178190 1031.5
1178200 1035.0
1178210 1038.8
1178220 1038.8
1178230 1043.3
1178240 1047.5
1178250 1051.1
1178260 1052.9
1178270 1056.7
1178280 1060.2
1178290 1060.2
1178300 1063.1
1178310 1065.6
1178320 1065.6
1178330 1068.2
1178340 1070.9
1178350 1070.9
1178360 1073.7
1178370 1076.2
1178380 1076.2
1178390 1079.0
1178400 1080.7
1178410 1080.7
1178420 1083.2
1178430 1085.2
1178440 1085.2
1178450 1086.9
1178460 1089.3
1178470 1091.5
1178480 1091.5
1178490 1094.1
1178500 1096.1
1178510 1096.1
1178520 1098.2
1178530 1100.7
1178540 1100.7
1178550 1104.0
1178560 1108.2
1178570 1108.2
1178580 1112.3
1178590 1116.4
1178600 1116.4
1178610 1120.1
1178620 1123.8
1178630 1123.8
1178640 1128.7
1178650 1133.9
1178660 1133.9
1178670 1138.4
1178680 1145.1
1178690 1145.1
1178700 1148.9
1178710 1152.7
1178720 1155.9
1178730 1155.9
1178740 1159.3
1178750 1162.7
1178760 1162.7
1178770 1167.6
1178780 1172.7
1178790 1172.7
1178800 1177.3
1178810 1182.5
1178820 1182.5
1178830 1188.4
1178840 1195.1
1178850 1195.1
1178860 1202.3
1178870 1208.3
1178880 1208.3
1178890 1214.9
1178900 1221.7
1178910 1221.7
1178920 1227.9
1178930 1233.7
1178940 1238.2
1178950 1238.2
1178960 1243.2
1178970 1247.3
1178980 1247.3
1178990 1250.9
1179000 1255.3
1179010 1255.3
1179020 1260.1
1179030 1264.4
1179040 1264.4
1179050 1267.9
1179060 1272.1
1179070 1272.1
1179080 1277.5
1179090 1290.7
1179100 1290.7
1179110 1294.9
1179120 1297.4
1179130 1297.4
1179140 1299.9
1179150 1302.5
1179160 1302.5
1179170 1305.7
1179180 1308.6
1179190 1312.1
1179200 1312.1
1179210 1315.1
1179220 1317.6
1179230 1317.6
1179240 1319.5
1179250 1321.4
1179260 1321.4
1179270 1323.6
1179280 1326.0
1179290 1326.0
1179300 1329.4
1179310 1332.4
1179320 1332.4
1179330 1334.1
1179340 1336.2
1179350 1336.2
1179360 1338.3
1179370 1341.5
1179380 1341.5
1179390 1346.2
1179400 1349.9
1179410 1353.5
1179420 1353.5
1179430 1357.7
1179440 1364.2
1179450 1364.2
1179460 1371.0
1179470 1376.1
1179480 1376.1
1179490 1380.8
1179500 1385.5
1179510 1394.1
1179520 1396.6
1179530 1400.0
1179540 1400.0
1179550 1402.6
1179560 1406.3
1179570 1406.3
1179580 1411.0
1179590 1415.5
1179600 1415.5
1179610 1419.8
1179620 1423.4
1179630 1423.4
1179640 1427.2
1179650 1431.6
1179660 1436.4
1179670 1436.4
1179680 1441.3
1179690 1445.8
1179700 1445.8
1179710 1449.2
1179720 1452.6
1179730 1452.6
1179740 1455.4
1179750 1459.9
1179760 1459.9
1179770 1465.4
1179780 1471.0
1179790 1471.0
1179800 1477.3
1179810 1484.9
1179820 1484.9
1179830 1489.0
1179840 1491.7
1179850 1491.7
1179860 1494.4
1179870 1496.5
1179880 1497.0
1179890 1497.0
1179900 1496.0
1179910 1495.5
1179920 1495.5
1179930 1501.5
1179940 1502.1
1179950 1502.1
1179960 1505.0
1179970 1507.5
1179980 1507.5
1179990 1509.9
