1160000 1182.3
1160010 1184.5
1160020 1188.5
1160030 1188.5
1160040 1191.2
1160050 1193.0
1160060 1193.0
1160070 1195.2
1160080 1198.0
1160090 1198.0
1160100 1202.2
1160110 1205.3
1160120 1208.8
1160130 1208.8
1160140 1213.4
1160150 1217.4
1160160 1217.4
1160170 1220.1
1160180 1225.6
1160190 1225.6
1160200 1232.3
1160210 1238.5
1160220 1238.5
1160230 1243.4
1160240 1247.5
1160250 1247.5
1160260 1251.3
1160270 1254.5
1160280 1254.5
1160290 1258.0
1160300 1261.8
1160310 1261.8
1160320 1265.7
1160330 1268.8
1160340 1268.8
1160350 1271.9
1160360 1275.2
1160370 1277.9
1160380 1277.9
1160390 1279.6
1160400 1281.0
1160410 1281.0
1160420 1282.0
1160430 1282.1
1160440 1282.1
1160450 1282.0
1160460 1282.7
1160470 1282.7
1160480 1283.8
1160490 1285.5
1160500 1285.5
1160510 1287.6
1160520 1291.4
1160530 1291.4
1160540 1295.3
1160550 1297.4
1160560 1297.4
1160570 1299.5
1160580 1301.7
1160590 1301.7
1160600 1303.9
1160610 1307.3
1160620 1310.2
1160630 1310.2
1160640 1311.6
1160650 1314.2
1160660 1314.2
1160670 1318.8
1160680 1324.2
1160690 1324.2
1160700 1329.5
1160710 1334.6
1160720 1334.6
1160730 1339.7
1160740 1344.1
1160750 1344.1
1160760 1347.5
1160770 1351.2
1160780 1351.2
1160790 1355.1
1160800 1358.7
1160810 1358.7
1160820 1359.9
1160830 1360.5
1160840 1363.9
1160850 1363.9
1160860 1368.4
1160870 1372.2
1160880 1372.2
1160890 1375.2
1160900 1379.8
1160910 1379.8
1160920 1384.7
1160930 1389.9
1160940 1389.9
1160950 1395.5
1160960 1397.6
1160970 1397.6
1160980 1400.6
1160990 1402.9
1161000 1402.9
1161010 1405.1
1161020 1407.0
1161030 1407.0
1161040 1409.1
1161050 1412.4
1161060 1412.4
1161070 1416.8
1161080 1420.9
1161090 1425.9
1161100 1425.9
1161110 1432.0
1161120 1437.7
1161130 1437.7
1161140 1442.1
1161150 1446.2
1161160 1446.2
1161170 1451.8
1161180 1458.6
1161190 1458.6
1161200 1466.5
1161210 1472.7
1161220 1472.7
1161230 1475.1
1161240 1479.1
1161250 1479.1
1161260 1484.4
1161270 1490.4
1161280 1490.4
1161290 1495.1
1161300 1499.3
1161310 1502.7
1161320 1502.7
1161330 1506.0
1161340 1509.0
1161350 1507.2
1161360 1510.5
1161370 1513.9
1161380 1513.9
1161390 1515.7
1161400 1517.0
1161410 1517.0
1161420 1518.6
1161430 1520.3
1161440 1520.3
1161450 1522.6
1161460 1525.0
1161470 1525.0
1161480 1527.9
1161490 1529.9
1161500 1529.9
1161510 1530.5
1161520 1531.0
1161530 1531.0
1161540 1532.0
1161550 1532.4
1161560 1532.8
1161570 1532.8
1161580 1533.2
1161590 1533.1
1161600 1533.1
1161610 1533.3
1161620 1535.3
1161630 1535.3
1161640 1539.1
1161650 1546.1
1161660 1546.1
1161670 1551.5
1161680 1553.7
1161690 1553.7
1161700 1558.2
1161710 1563.8
1161720 1563.8
1161730 1563.7
1161740 1555.8
1161750 1555.8
1161760 1555.4
1161770 1554.8
1161780 1556.6
1161790 1556.6
1161800 1557.7
1161810 1558.6
1161820 1558.6
1161830 1560.6
1161840 1560.0
1161850 1560.0
1161860 1557.0
1161870 1555.6
1161880 1555.6
1161890 1556.4
1161900 1558.3
1161910 1558.3
1161920 1561.4
1161930 1564.9
1161940 1564.9
1161950 1567.5
1161960 1569.1
1161970 1569.1
1161980 1570.8
1161990 1571.8
1162000 1571.8
1162010 1572.6
1162020 1574.1
1162030 1575.9
1162040 1575.9
1162050 1577.1
1162060 1577.7
1162070 1577.7
1162080 1581.2
1162090 1588.2
1162100 1588.2
1162110 1596.0
1162120 1600.1
1162130 1600.1
1162140 1601.9
1162150 1604.4
1162160 1604.4
1162170 1604.0
1162180 1601.8
1162190 1601.8
1162200 1599.0
1162210 1594.6
1162220 1594.6
1162230 1591.0
1162240 1589.0
1162250 1589.0
1162260 1588.1
1162270 1587.5
1162280 1588.5
1162290 1588.5
1162300 1589.1
1162310 1590.0
1162320 1590.0
1162330 1592.7
1162340 1595.9
1162350 1595.9
1162360 1601.3
1162370 1605.6
1162380 1605.6
1162390 1607.7
1162400 1607.3
1162410 1607.3
1162420 1605.5
1162430 1604.0
1162440 1604.0
1162450 1602.5
1162460 1600.5
1162470 1600.5
1162480 1599.9
1162490 1599.2
1162500 1597.3
1162510 1597.3
1162520 1595.4
1162530 1594.6
1162540 1594.6
1162550 1594.6
1162560 1594.5
1162570 1594.5
1162580 1591.3
1162590 1588.1
1162600 1588.1
1162610 1585.6
1162620 1584.1
1162630 1584.1
1162640 1583.3
1162650 1586.6
1162660 1586.6
1162670 1590.3
1162680 1593.7
1162690 1593.7
1162700 1595.2
1162710 1595.4
1162720 1595.4
1162730 1597.0
1162740 1598.2
1162750 1598.1
1162760 1598.1
1162770 1598.6
1162780 1599.6
1162790 1599.6
1162800 1599.3
1162810 1599.5
1162820 1599.5
1162830 1600.5
1162840 1601.2
1162850 1601.2
1162860 1601.3
1162870 1600.7
1162880 1600.7
1162890 1600.6
1162900 1601.2
1162910 1601.2
1162920 1601.8
1162930 1598.8
1162940 1598.8
1162950 1598.1
1162960 1597.4
1162970 1598.0
1162980 1598.0
1162990 1600.3
1163000 1601.4
1163010 1601.4
1163020 1603.7
1163030 1604.0
1163040 1604.0
1163050 1602.7
1163060 1601.5
1163070 1601.5
1163080 1600.6
1163090 1600.3
1163100 1600.3
1163110 1599.5
1163120 1599.0
1163130 1599.0
1163140 1599.7
1163150 1600.3
1163160 1600.3
1163170 1600.3
1163180 1599.9
1163190 1599.9
1163200 1599.1
1163210 1598.5
1163220 1600.2
1163230 1600.2
1163240 1601.9
1163250 1602.8
1163260 1602.8
1163270 1602.5
1163280 1602.3
1163290 1602.3
1163300 1602.0
1163310 1601.7
1163320 1598.3
1163330 1597.7
1163340 1598.8
1163350 1598.8
1163360 1600.6
1163370 1600.9
1163380 1600.9
1163390 1600.5
1163400 1598.7
1163410 1598.7
1163420 1596.9
1163430 1596.7
1163440 1595.9
1163450 1595.9
1163460 1594.7
1163470 1597.0
1163480 1597.0
1163490 1597.3
1163500 1597.8
1163510 1597.8
1163520 1598.9
1163530 1598.5
1163540 1598.5
1163550 1598.2
1163560 1596.3
1163570 1596.3
1163580 1593.3
1163590 1591.3
1163600 1591.3
1163610 1589.6
1163620 1589.1
1163630 1589.1
1163640 1588.2
1163650 1585.7
1163660 1585.7
1163670 1582.7
1163680 1577.0
1163690 1571.6
1163700 1571.6
1163710 1568.3
1163720 1565.7
1163730 1565.7
1163740 1569.8
1163750 1573.8
1163760 1573.8
1163770 1577.6
1163780 1580.9
1163790 1580.9
1163800 1580.6
1163810 1576.6
1163820 1576.6
1163830 1570.4
1163840 1564.9
1163850 1564.9
1163860 1559.3
1163870 1553.5
1163880 1553.5
1163890 1549.6
1163900 1549.3
1163910 1549.3
1163920 1549.5
1163930 1548.8
1163940 1547.6
1163950 1547.6
1163960 1545.6
1163970 1543.6
1163980 1543.6
1163990 1541.5
1164000 1540.1
1164010 1540.1
1164020 1539.6
1164030 1539.1
1164040 1539.1
1164050 1538.1
1164060 1536.9
1164070 1536.9
1164080 1536.8
1164090 1537.7
1164100 1537.7
1164110 1535.0
1164120 1535.1
1164130 1535.1
1164140 1536.3
1164150 1537.9
1164160 1537.2
1164170 1537.2
1164180 1530.7
1164190 1524.5
1164200 1524.5
1164210 1519.2
1164220 1514.1
1164230 1514.1
1164240 1510.1
1164250 1507.5
1164260 1507.5
1164270 1502.3
1164280 1497.4
1164290 1497.4
1164300 1494.0
1164310 1489.4
1164320 1489.4
1164330 1486.5
1164340 1491.7
1164350 1491.7
1164360 1500.1
1164370 1508.6
1164380 1508.6
1164390 1517.9
1164400 1525.7
1164410 1532.1
1164420 1532.1
1164430 1538.7
1164440 1544.1
1164450 1544.1
1164460 1549.1
1164470 1555.8
1164480 1555.8
1164490 1561.8
1164500 1566.3
1164510 1567.6
1164520 1573.3
1164530 1577.8
1164540 1577.8
1164550 1583.3
1164560 1590.1
1164570 1590.1
1164580 1593.8
1164590 1594.3
1164600 1594.3
1164610 1593.8
1164620 1594.0
1164630 1594.4
1164640 1594.4
1164650 1595.0
1164660 1597.0
1164670 1597.0
1164680 1600.3
1164690 1603.4
1164700 1603.4
1164710 1606.6
1164720 1610.0
1164730 1610.0
1164740 1613.1
1164750 1616.3
1164760 1616.3
1164770 1620.0
1164780 1623.9
1164790 1623.9
1164800 1626.9
1164810 1628.7
1164820 1628.7
1164830 1630.0
1164840 1630.9
1164850 1630.9
1164860 1632.4
1164870 1633.6
1164880 1635.7
1164890 1635.7
1164900 1638.3
1164910 1636.9
1164920 1636.9
1164930 1637.9
1164940 1639.0
1164950 1639.0
1164960 1640.2
1164970 1641.7
1164980 1641.7
1164990 1644.1
1165000 1646.6
1165010 1646.6
1165020 1649.4
1165030 1653.0
1165040 1653.0
1165050 1657.0
1165060 1660.8
1165070 1660.8
1165080 1664.4
1165090 1668.1
1165100 1671.7
1165110 1671.7
1165120 1675.2
1165130 1678.6
1165140 1678.6
1165150 1681.5
1165160 1684.3
1165170 1684.3
1165180 1687.1
1165190 1689.9
1165200 1689.9
1165210 1692.3
1165220 1694.1
1165230 1694.1
1165240 1696.8
1165250 1699.8
1165260 1699.8
1165270 1702.2
1165280 1704.3
1165290 1704.3
1165300 1703.5
1165310 1705.5
1165320 1705.5
1165330 1707.7
1165340 1709.4
1165350 1710.8
1165360 1710.8
1165370 1712.2
1165380 1713.6
1165390 1713.6
1165400 1715.0
1165410 1716.0
1165420 1716.0
1165430 1717.2
1165440 1718.6
1165450 1718.6
1165460 1720.5
1165470 1722.5
1165480 1722.5
1165490 1724.5
1165500 1727.0
1165510 1727.0
1165520 1729.6
1165530 1732.2
1165540 1732.2
1165550 1734.5
1165560 1736.4
1165570 1738.0
1165580 1738.0
1165590 1740.1
1165600 1742.3
1165610 1742.3
1165620 1744.4
1165630 1746.3
1165640 1746.3
1165650 1748.0
1165660 1749.3
1165670 1749.3
1165680 1749.8
1165690 1749.2
1165700 1749.2
1165710 1748.5
1165720 1747.2
1165730 1747.2
1165740 1745.6
1165750 1744.2
1165760 1744.2
1165770 1742.8
1165780 1741.1
1165790 1741.1
1165800 1738.5
1165810 1735.9
1165820 1733.6
1165830 1733.6
1165840 1733.3
1165850 1734.0
1165860 1734.0
1165870 1734.4
1165880 1734.4
1165890 1734.4
1165900 1734.4
1165910 1734.7
1165920 1734.7
1165930 1735.9
1165940 1736.9
1165950 1736.9
1165960 1737.4
1165970 1737.5
1165980 1737.5
1165990 1737.8
1166000 1738.2
1166010 1738.2
1166020 1737.7
1166030 1736.7
1166040 1736.7
1166050 1735.5
1166060 1733.8
1166070 1731.9
1166080 1731.9
1166090 1731.0
1166100 1727.8
1166110 1727.8
1166120 1726.3
1166130 1724.7
1166140 1724.7
1166150 1723.3
1166160 1722.5
1166170 1722.5
1166180 1722.1
1166190 1722.7
1166200 1722.7
1166210 1723.4
1166220 1723.3
1166230 1723.3
1166240 1723.3
1166250 1723.5
1166260 1723.5
1166270 1723.2
1166280 1722.6
1166290 1722.7
1166300 1722.7
1166310 1721.7
1166320 1719.7
1166330 1719.7
1166340 1716.9
1166350 1714.8
1166360 1714.8
1166370 1713.1
1166380 1711.8
1166390 1711.8
1166400 1710.1
1166410 1708.2
1166420 1708.2
1166430 1706.5
1166440 1704.9
1166450 1704.9
1166460 1703.2
1166470 1701.3
1166480 1701.3
1166490 1699.6
1166500 1695.1
1166510 1695.1
1166520 1693.2
1166530 1691.5
1166540 1690.7
1166550 1690.7
1166560 1689.5
1166570 1687.1
1166580 1687.1
1166590 1685.4
1166600 1684.4
1166610 1684.4
1166620 1683.4
1166630 1681.3
1166640 1681.3
1166650 1677.4
1166660 1674.3
1166670 1674.3
1166680 1673.7
1166690 1671.4
1166700 1671.4
1166710 1667.6
1166720 1664.6
1166730 1664.6
1166740 1662.4
1166750 1659.8
1166760 1657.5
1166770 1657.5
1166780 1655.7
1166790 1652.5
1166800 1652.5
1166810 1649.3
1166820 1646.6
1166830 1646.6
1166840 1645.0
1166850 1643.3
1166860 1643.3
1166870 1640.8
1166880 1639.1
1166890 1639.1
1166900 1635.1
1166910 1632.5
1166920 1632.5
1166930 1627.9
1166940 1621.9
1166950 1621.9
1166960 1614.0
1166970 1608.2
1166980 1608.2
1166990 1603.1
1167000 1596.8
1167010 1589.3
1167020 1589.3
1167030 1583.0
1167040 1577.3
1167050 1577.3
1167060 1571.5
1167070 1567.1
1167080 1567.1
1167090 1562.8
1167100 1559.2
1167110 1559.2
1167120 1555.8
1167130 1552.3
1167140 1552.3
1167150 1548.9
1167160 1546.3
1167170 1546.3
1167180 1543.6
1167190 1539.5
1167200 1539.5
1167210 1534.2
1167220 1529.6
1167230 1524.8
1167240 1524.8
1167250 1521.1
1167260 1519.0
1167270 1519.0
1167280 1516.6
1167290 1514.7
1167300 1512.1
1167310 1510.3
1167320 1508.6
1167330 1508.6
1167340 1507.4
1167350 1506.6
1167360 1506.6
1167370 1505.7
1167380 1504.3
1167390 1504.3
1167400 1501.5
1167410 1499.0
1167420 1499.0
1167430 1495.8
1167440 1492.3
1167450 1492.3
1167460 1487.0
1167470 1481.2
1167480 1475.3
1167490 1475.3
1167500 1470.1
1167510 1466.6
1167520 1466.6
1167530 1464.3
1167540 1461.6
1167550 1461.6
1167560 1459.9
1167570 1458.8
1167580 1458.8
1167590 1456.7
1167600 1454.1
1167610 1454.1
1167620 1450.8
1167630 1446.7
1167640 1446.7
1167650 1441.8
1167660 1436.7
1167670 1436.7
1167680 1431.5
1167690 1425.6
1167700 1424.0
1167710 1419.0
1167720 1413.8
1167730 1407.8
1167740 1407.8
1167750 1401.0
1167760 1394.9
1167770 1394.9
1167780 1390.9
1167790 1387.1
1167800 1387.1
1167810 1384.3
1167820 1382.6
1167830 1382.6
1167840 1381.5
1167850 1380.8
1167860 1380.8
1167870 1380.9
1167880 1379.3
1167890 1379.3
1167900 1377.2
1167910 1375.1
1167920 1375.1
1167930 1372.5
1167940 1369.8
1167950 1366.2
1167960 1366.2
1167970 1362.5
1167980 1359.4
1167990 1359.4
1168000 1358.1
1168010 1358.2
1168020 1358.2
1168030 1358.4
1168040 1357.6
1168050 1357.6
1168060 1355.5
1168070 1354.1
1168080 1354.1
1168090 1353.5
1168100 1351.8
1168110 1351.8
1168120 1351.6
1168130 1349.5
1168140 1349.5
1168150 1346.8
1168160 1344.8
1168170 1344.8
1168180 1344.5
1168190 1343.5
1168200 1341.2
1168210 1341.2
1168220 1337.5
1168230 1332.2
1168240 1332.2
1168250 1327.4
1168260 1325.0
1168270 1325.0
1168280 1323.9
1168290 1322.3
1168300 1322.3
1168310 1322.2
1168320 1321.3
1168330 1321.3
1168340 1319.7
1168350 1317.7
1168360 1317.7
1168370 1316.6
1168380 1317.7
1168390 1317.7
1168400 1319.0
1168410 1321.4
1168420 1323.5
1168430 1323.5
1168440 1325.6
1168450 1325.9
1168460 1325.9
1168470 1324.6
1168480 1323.7
1168490 1323.7
1168500 1319.5
1168510 1319.7
1168520 1319.7
1168530 1320.0
1168540 1320.2
1168550 1320.2
1168560 1321.0
1168570 1321.9
1168580 1321.9
1168590 1323.9
1168600 1325.0
1168610 1325.0
1168620 1326.1
1168630 1326.2
1168640 1326.2
1168650 1326.1
1168660 1325.6
1168670 1322.8
1168680 1322.8
1168690 1318.7
1168700 1316.9
1168710 1316.9
1168720 1318.8
1168730 1320.0
1168740 1320.0
1168750 1317.1
1168760 1312.2
1168770 1312.2
1168780 1306.9
1168790 1302.4
1168800 1302.4
1168810 1299.6
1168820 1296.0
1168830 1296.0
1168840 1290.2
1168850 1284.7
1168860 1284.7
1168870 1280.1
1168880 1275.1
1168890 1270.1
1168900 1267.1
1168910 1260.8
1168920 1254.8
1168930 1254.8
1168940 1250.2
1168950 1245.7
1168960 1245.7
1168970 1242.3
1168980 1240.9
1168990 1240.9
1169000 1240.7
1169010 1239.6
1169020 1239.6
1169030 1235.1
1169040 1229.7
1169050 1229.7
1169060 1224.2
1169070 1219.9
1169080 1219.9
1169090 1216.7
1169100 1214.9
1169110 1214.9
1169120 1212.1
1169130 1209.4
1169140 1207.0
1169150 1207.0
1169160 1204.0
1169170 1200.5
1169180 1200.5
1169190 1196.1
1169200 1190.4
1169210 1190.4
1169220 1180.0
1169230 1168.5
1169240 1168.5
1169250 1159.5
1169260 1150.8
1169270 1150.8
1169280 1143.4
1169290 1137.4
1169300 1136.0
1169310 1130.0
1169320 1125.4
1169330 1125.4
1169340 1121.2
1169350 1118.4
1169360 1118.4
1169370 1115.8
1169380 1112.9
1169390 1110.4
1169400 1110.4
1169410 1107.7
1169420 1105.2
1169430 1105.2
1169440 1104.3
1169450 1104.9
1169460 1104.9
1169470 1106.0
1169480 1106.5
1169490 1106.5
1169500 1106.3
1169510 1107.4
1169520 1107.4
1169530 1107.8
1169540 1106.4
1169550 1106.4
1169560 1103.1
1169570 1100.2
1169580 1100.2
1169590 1099.2
1169600 1097.9
1169610 1097.3
1169620 1097.3
1169630 1096.1
1169640 1094.9
1169650 1094.9
1169660 1097.7
1169670 1098.1
1169680 1098.1
1169690 1094.8
1169700 1091.0
1169710 1085.7
1169720 1082.8
1169730 1080.4
1169740 1080.4
1169750 1078.5
1169760 1077.8
1169770 1077.8
1169780 1078.5
1169790 1078.5
1169800 1078.5
1169810 1078.1
1169820 1076.3
1169830 1076.3
1169840 1071.9
1169850 1067.9
1169860 1065.7
1169870 1065.7
1169880 1064.0
1169890 1063.3
1169900 1063.3
1169910 1062.4
1169920 1059.4
1169930 1059.4
1169940 1057.0
1169950 1055.2
1169960 1055.2
1169970 1051.9
1169980 1044.6
1169990 1044.6
1170000 1034.0
1170010 1017.0
1170020 1017.0
1170030 1003.7
1170040 993.3
1170050 993.3
1170060 987.3
1170070 982.4
1170080 977.0
1170090 977.0
1170100 974.9
1170110 974.1
1170120 974.1
1170130 974.9
1170140 976.1
1170150 976.1
1170160 977.7
1170170 979.2
1170180 979.2
1170190 980.5
1170200 981.8
1170210 981.8
1170220 984.4
1170230 988.1
1170240 988.1
1170250 992.9
1170260 997.6
1170270 997.6
1170280 1001.0
1170290 1003.6
1170300 1003.6
1170310 1005.6
1170320 1006.1
1170330 1005.6
1170340 1005.6
1170350 1005.2
1170360 1005.0
1170370 1005.0
1170380 1004.3
1170390 1004.1
1170400 1004.1
1170410 1003.6
1170420 1003.4
1170430 1003.4
1170440 1004.2
1170450 1004.5
1170460 1004.5
1170470 1004.5
1170480 1004.5
1170490 1004.5
1170500 1004.1
1170510 1002.3
1170520 1002.3
1170530 1002.0
1170540 1001.8
1170550 1001.9
1170560 1001.9
1170570 1001.4
1170580 1000.2
1170590 1000.2
1170600 999.2
1170610 998.2
1170620 998.2
1170630 997.3
1170640 996.7
1170650 996.7
1170660 995.4
1170670 993.8
1170680 993.8
1170690 991.4
1170700 986.6
1170710 986.6
1170720 985.3
1170730 986.5
1170740 986.5
1170750 987.4
1170760 986.6
1170770 986.6
1170780 985.4
1170790 983.5
1170800 976.0
1170810 976.0
1170820 961.4
1170830 950.2
1170840 950.2
1170850 958.0
1170860 963.5
1170870 963.5
1170880 971.1
1170890 975.7
1170900 975.7
1170910 975.0
1170920 973.5
1170930 973.5
1170940 973.2
1170950 972.7
1170960 972.7
1170970 972.1
1170980 971.5
1170990 971.5
1171000 970.9
1171010 970.3
1171020 970.1
1171030 970.1
1171040 969.5
1171050 968.2
1171060 968.2
1171070 965.8
1171080 964.2
1171090 964.2
1171100 963.0
1171110 961.9
1171120 961.9
1171130 960.7
1171140 959.2
1171150 959.2
1171160 958.3
1171170 957.7
1171180 957.7
1171190 957.2
1171200 956.7
1171210 956.7
1171220 955.9
1171230 955.2
1171240 955.2
1171250 954.5
1171260 953.8
1171270 953.3
1171280 953.3
1171290 952.8
1171300 952.3
1171310 952.3
1171320 950.7
1171330 949.4
1171340 949.4
1171350 948.2
1171360 947.4
1171370 947.4
1171380 946.6
1171390 946.0
1171400 946.0
1171410 945.4
1171420 944.8
1171430 944.8
1171440 944.2
1171450 943.6
1171460 943.6
1171470 943.2
1171480 942.8
1171490 942.8
1171500 941.3
1171510 940.2
1171520 939.5
1171530 939.5
1171540 938.7
1171550 937.8
1171560 937.8
1171570 937.1
1171580 936.5
1171590 936.5
1171600 935.8
1171610 935.0
1171620 935.0
1171630 934.0
1171640 933.0
1171650 933.0
1171660 932.2
1171670 931.4
1171680 931.4
1171690 930.7
1171700 930.0
1171710 930.0
1171720 929.4
1171730 928.4
1171740 927.8
1171750 927.8
1171760 927.4
1171770 927.1
1171780 927.1
1171790 926.5
1171800 926.0
1171810 926.0
1171820 925.4
1171830 925.1
1171840 925.1
1171850 925.4
1171860 926.2
1171870 926.2
1171880 927.2
1171890 928.5
1171900 928.5
1171910 929.8
1171920 930.2
1171930 930.2
1171940 929.1
1171950 926.8
1171960 926.8
1171970 924.9
1171980 923.4
1171990 922.4
1172000 922.4
1172010 921.9
1172020 920.0
1172030 920.0
1172040 912.0
1172050 903.5
1172060 903.5
1172070 899.1
1172080 885.5
1172090 885.5
1172100 875.4
1172110 882.9
1172120 882.9
1172130 890.4
1172140 888.9
1172150 888.9
1172160 891.4
1172170 897.1
1172180 897.1
1172190 905.0
1172200 910.2
1172210 910.0
1172220 910.0
1172230 909.6
1172240 911.3
1172250 911.3
1172260 913.8
1172270 915.2
1172280 915.2
1172290 915.1
1172300 914.6
1172310 914.6
1172320 914.1
1172330 913.1
1172340 913.1
1172350 912.9
1172360 913.9
1172370 913.9
1172380 914.6
1172390 914.1
1172400 914.1
1172410 912.6
1172420 911.3
1172430 911.3
1172440 910.7
1172450 910.6
1172460 910.1
1172470 910.1
1172480 910.1
1172490 909.7
1172500 909.7
1172510 909.0
1172520 909.0
1172530 909.0
1172540 900.4
1172550 897.8
1172560 897.8
1172570 895.6
1172580 897.8
1172590 897.8
1172600 901.9
1172610 903.5
1172620 903.5
1172630 903.0
1172640 900.9
1172650 900.9
1172660 898.3
1172670 897.4
1172680 900.6
1172690 900.6
1172700 904.1
1172710 904.7
1172720 904.7
1172730 902.9
1172740 900.1
1172750 900.1
1172760 897.1
1172770 895.7
1172780 895.7
1172790 896.2
1172800 895.2
1172810 895.2
1172820 891.2
1172830 888.7
1172840 888.7
1172850 885.4
1172860 881.3
1172870 881.3
1172880 877.0
1172890 875.1
1172900 875.1
1172910 873.9
1172920 875.7
1172930 874.7
1172940 874.7
1172950 866.1
1172960 865.6
1172970 865.6
1172980 865.8
1172990 864.8
1173000 864.8
1173010 864.4
1173020 864.4
1173030 864.4
1173040 861.9
1173050 860.4
1173060 860.4
1173070 860.3
1173080 857.1
1173090 857.1
1173100 858.5
1173110 861.4
1173120 861.4
1173130 861.4
1173140 858.9
1173150 856.5
1173160 856.5
1173170 852.7
1173180 840.7
1173190 840.7
1173200 833.1
1173210 829.3
1173220 829.3
1173230 828.3
1173240 828.0
1173250 828.0
1173260 827.9
1173270 827.1
1173280 827.1
1173290 824.4
1173300 820.6
1173310 820.6
1173320 823.0
1173330 825.7
1173340 825.7
1173350 825.6
1173360 817.5
1173370 817.5
1173380 813.0
1173390 808.6
1173400 807.8
1173410 807.8
1173420 806.4
1173430 805.1
1173440 805.1
1173450 804.6
1173460 804.0
1173470 804.0
1173480 804.3
1173490 804.0
1173500 804.0
1173510 803.1
1173520 803.4
1173530 803.4
1173540 803.1
1173550 802.4
1173560 802.4
1173570 801.7
1173580 800.9
1173590 800.9
1173600 800.2
1173610 798.9
1173620 798.9
1173630 797.9
1173640 797.4
1173650 796.3
1173660 796.3
1173670 795.4
1173680 795.3
1173690 795.3
1173700 795.3
1173710 795.4
1173720 795.4
1173730 795.5
1173740 795.6
1173750 795.6
1173760 795.9
1173770 796.0
1173780 796.0
1173790 795.9
1173800 795.7
1173810 795.7
1173820 795.7
1173830 795.7
1173840 795.7
1173850 795.9
1173860 796.8
1173870 797.8
1173880 797.8
1173890 800.7
1173900 803.0
1173910 803.0
1173920 804.1
1173930 802.3
1173940 802.3
1173950 803.9
1173960 807.1
1173970 807.1
1173980 808.0
1173990 812.6
1174000 812.6
1174010 817.7
1174020 820.4
1174030 820.4
1174040 821.1
1174050 820.5
1174060 820.5
1174070 820.8
1174080 820.6
1174090 820.6
1174100 819.8
1174110 817.7
1174120 815.1
1174130 815.1
1174140 812.4
1174150 809.5
1174160 809.5
1174170 808.5
1174180 802.5
1174190 802.5
1174200 800.8
1174210 798.5
1174220 798.5
1174230 796.3
1174240 794.9
1174250 794.9
1174260 793.4
1174270 793.3
1174280 793.3
1174290 793.5
1174300 793.0
1174310 793.0
1174320 792.7
1174330 792.5
1174340 792.3
1174350 792.3
1174360 792.3
1174370 792.0
1174380 792.0
1174390 791.8
1174400 791.3
1174410 791.3
1174420 790.9
1174430 790.5
1174440 790.5
1174450 790.4
1174460 790.1
1174470 790.1
1174480 789.7
1174490 789.6
1174500 789.6
1174510 789.6
1174520 789.5
1174530 789.5
1174540 789.2
1174550 789.1
1174560 789.1
1174570 789.1
1174580 788.6
1174590 788.4
1174600 788.4
1174610 788.4
1174620 788.2
1174630 788.2
1174640 788.2
1174650 788.2
1174660 788.2
1174670 788.0
1174680 787.9
1174690 787.9
1174700 787.8
1174710 787.8
1174720 787.8
1174730 787.6
1174740 787.0
1174750 787.0
1174760 786.7
1174770 786.7
1174780 786.7
1174790 786.9
1174800 786.9
1174810 786.8
1174820 786.8
1174830 786.7
1174840 786.8
1174850 786.8
1174860 786.5
1174870 786.3
1174880 786.3
1174890 785.9
1174900 785.9
1174910 785.9
1174920 785.9
1174930 785.8
1174940 785.8
1174950 785.6
1174960 785.5
1174970 785.5
1174980 785.4
1174990 785.2
1175000 785.2
1175010 785.1
1175020 785.1
1175030 785.1
1175040 785.1
1175050 785.0
1175060 784.2
1175070 784.2
1175080 783.0
1175090 782.0
1175100 782.0
1175110 781.7
1175120 781.6
1175130 781.6
1175140 781.8
1175150 783.1
1175160 783.1
1175170 784.6
1175180 785.3
1175190 785.3
1175200 784.7
1175210 784.2
1175220 784.2
1175230 785.0
1175240 785.4
1175250 785.4
1175260 785.4
1175270 785.3
1175280 785.3
1175290 785.2
1175300 785.1
1175310 785.0
1175320 785.0
1175330 785.0
1175340 784.6
1175350 784.6
1175360 784.5
1175370 784.4
1175380 784.4
1175390 784.4
1175400 784.4
1175410 784.5
1175420 784.3
1175430 784.4
1175440 784.4
1175450 784.5
1175460 784.6
1175470 784.6
1175480 784.7
1175490 784.7
1175500 784.7
1175510 784.4
1175520 784.7
1175530 785.0
1175540 785.0
1175550 785.1
1175560 785.1
1175570 785.1
1175580 784.6
1175590 784.3
1175600 784.3
1175610 784.6
1175620 785.0
1175630 785.0
1175640 785.1
1175650 785.3
1175660 785.3
1175670 785.2
1175680 786.8
1175690 786.8
1175700 790.6
1175710 795.6
1175720 795.6
1175730 801.5
1175740 808.4
1175750 808.4
1175760 809.5
1175770 809.6
1175780 809.4
1175790 809.4
1175800 808.3
1175810 807.7
1175820 808.0
1175830 807.7
1175840 807.7
1175850 807.7
1175860 806.4
1175870 800.4
1175880 800.4
1175890 794.3
1175900 790.5
1175910 790.5
1175920 787.0
1175930 785.6
1175940 785.6
1175950 785.3
1175960 785.0
1175970 785.0
1175980 784.5
1175990 783.9
1176000 782.2
1176010 782.2
1176020 781.7
1176030 783.2
1176040 783.2
1176050 784.4
1176060 784.9
1176070 784.9
1176080 784.0
1176090 779.1
1176100 779.1
1176110 775.8
1176120 775.7
1176130 775.7
1176140 775.9
1176150 779.3
1176160 779.3
1176170 786.7
1176180 790.4
1176190 790.4
1176200 794.0
1176210 796.5
1176220 796.5
1176230 791.8
1176240 791.3
1176250 791.0
1176260 791.0
1176270 790.8
1176280 791.1
1176290 791.1
1176300 791.3
1176310 791.3
1176320 791.3
1176330 791.3
1176340 790.8
1176350 790.8
1176360 790.0
1176370 791.4
1176380 791.4
1176390 803.4
1176400 805.7
1176410 805.7
1176420 805.6
1176430 805.4
1176440 805.4
1176450 805.1
1176460 804.3
1176470 804.0
1176480 804.0
1176490 803.6
1176500 803.4
1176510 803.4
1176520 804.8
1176530 807.3
1176540 807.3
1176550 807.7
1176560 807.5
1176570 807.5
1176580 807.4
1176590 807.4
1176600 807.4
1176610 808.7
1176620 809.2
1176630 809.2
1176640 809.1
1176650 809.1
1176660 809.1
1176670 809.1
1176680 808.8
1176690 808.8
1176700 808.7
1176710 807.9
1176720 806.7
1176730 806.7
1176740 807.2
1176750 807.7
1176760 807.7
1176770 807.9
1176780 807.9
1176790 807.9
1176800 807.9
1176810 808.2
1176820 808.2
1176830 808.5
1176840 808.6
1176850 808.6
1176860 808.6
1176870 808.6
1176880 808.6
1176890 808.4
1176900 808.5
1176910 808.5
1176920 808.6
1176930 808.7
1176940 808.8
1176950 808.8
1176960 808.9
1176970 809.2
1176980 809.2
1176990 809.5
1177000 809.0
1177010 809.0
1177020 808.6
1177030 808.9
1177040 808.9
1177050 809.0
1177060 809.2
1177070 809.2
1177080 810.5
1177090 813.1
1177100 813.1
1177110 817.7
1177120 823.9
1177130 823.9
1177140 830.3
1177150 837.3
1177160 837.3
1177170 843.5
1177180 848.7
1177190 854.4
1177200 854.4
1177210 859.4
1177220 864.1
1177230 864.1
1177240 868.3
1177250 872.9
1177260 872.9
1177270 877.5
1177280 881.5
1177290 881.5
1177300 884.8
1177310 887.7
1177320 887.7
1177330 889.7
1177340 891.2
1177350 891.2
1177360 892.6
1177370 894.4
1177380 894.4
1177390 897.0
1177400 900.0
1177410 902.8
1177420 902.8
1177430 904.5
1177440 905.3
1177450 905.3
1177460 906.5
1177470 909.6
1177480 909.6
1177490 911.1
1177500 912.2
1177510 912.2
1177520 913.5
1177530 915.1
1177540 915.1
1177550 917.0
1177560 919.0
1177570 919.0
1177580 920.9
1177590 921.5
1177600 921.5
1177610 923.5
1177620 925.9
1177630 925.9
1177640 928.0
1177650 930.0
1177660 932.3
1177670 932.3
1177680 934.3
1177690 935.8
1177700 935.8
1177710 937.4
1177720 939.1
1177730 939.1
1177740 941.0
1177750 942.9
1177760 942.9
1177770 945.0
1177780 947.3
1177790 947.3
1177800 949.5
1177810 951.5
1177820 951.5
1177830 953.4
1177840 955.6
1177850 955.6
1177860 958.6
1177870 962.1
1177880 961.0
1177890 963.4
1177900 966.0
1177910 968.8
1177920 968.8
1177930 971.9
1177940 974.3
1177950 974.3
1177960 976.5
1177970 979.3
1177980 979.3
1177990 981.8
1178000 984.6
1178010 984.6
1178020 987.8
1178030 991.3
1178040 991.3
1178050 995.3
1178060 998.9
1178070 998.9
1178080 1002.2
1178090 1005.5
1178100 1005.5
1178110 1008.6
1178120 1012.1
1178130 1015.7
1178140 1015.7
1178150 1019.5
1178160 1022.3
1178170 1022.3
1178180 1025.7
1178190 1030.3
1178200 1030.3
1178210 1034.2
1178220 1038.3
1178230 1038.3
1178240 1042.4
1178250 1045.9
1178260 1045.9
1178270 1049.0
1178280 1052.2
1178290 1053.7
1178300 1058.2
1178310 1062.3
1178320 1062.3
1178330 1065.8
1178340 1068.6
1178350 1068.6
1178360 1070.8
1178370 1072.7
1178380 1074.6
1178390 1074.6
1178400 1076.1
1178410 1078.1
1178420 1078.1
1178430 1080.6
1178440 1082.9
1178450 1082.9
1178460 1085.0
1178470 1086.9
1178480 1086.9
1178490 1088.9
1178500 1090.8
1178510 1090.8
1178520 1092.6
1178530 1094.4
1178540 1094.4
1178550 1096.4
1178560 1098.6
1178570 1098.6
1178580 1100.6
1178590 1102.7
1178600 1105.5
1178610 1105.5
1178620 1109.4
1178630 1113.7
1178640 1113.7
1178650 1117.8
1178660 1122.1
1178670 1122.1
1178680 1126.0
1178690 1130.6
1178700 1130.6
1178710 1137.9
1178720 1143.0
1178730 1143.0
1178740 1147.3
1178750 1151.4
1178760 1151.4
1178770 1156.0
1178780 1160.3
1178790 1160.3
1178800 1165.6
1178810 1171.1
1178820 1171.1
1178830 1176.7
1178840 1182.4
1178850 1188.4
1178860 1188.4
1178870 1194.9
1178880 1201.0
1178890 1201.0
1178900 1206.5
1178910 1211.6
1178920 1211.6
1178930 1217.0
1178940 1224.2
1178950 1224.2
1178960 1231.9
1178970 1239.3
1178980 1239.3
1178990 1246.0
1179000 1251.5
1179010 1251.5
1179020 1256.1
1179030 1260.6
1179040 1260.6
1179050 1265.0
1179060 1268.4
1179070 1271.6
1179080 1271.6
1179090 1274.3
1179100 1275.6
1179110 1275.6
1179120 1279.8
1179130 1281.0
1179140 1281.0
1179150 1282.1
1179160 1284.2
1179170 1284.2
1179180 1285.9
1179190 1287.8
1179200 1287.8
1179210 1290.4
1179220 1294.1
1179230 1294.1
1179240 1297.8
1179250 1300.3
1179260 1300.3
1179270 1302.0
1179280 1304.1
1179290 1304.1
1179300 1306.6
1179310 1307.8
1179320 1308.8
1179330 1308.8
1179340 1311.1
1179350 1315.1
1179360 1315.1
1179370 1318.7
1179380 1322.2
1179390 1322.2
1179400 1326.3
1179410 1330.7
1179420 1330.7
1179430 1334.2
1179440 1338.4
1179450 1338.4
1179460 1343.2
1179470 1347.8
1179480 1347.8
1179490 1351.9
1179500 1356.0
1179510 1356.0
1179520 1360.0
1179530 1364.2
1179540 1374.2
1179550 1374.2
1179560 1378.1
1179570 1381.8
1179580 1381.8
1179590 1385.8
1179600 1389.6
1179610 1389.6
1179620 1394.1
1179630 1398.8
1179640 1398.8
1179650 1403.4
1179660 1408.6
1179670 1408.6
1179680 1412.1
1179690 1414.6
1179700 1414.6
1179710 1418.2
1179720 1422.2
1179730 1422.2
1179740 1426.8
1179750 1430.6
1179760 1430.6
1179770 1433.6
1179780 1436.9
1179790 1440.2
1179800 1440.2
1179810 1443.2
1179820 1447.2
1179830 1447.2
1179840 1451.4
1179850 1455.6
1179860 1455.6
1179870 1459.0
1179880 1463.7
1179890 1463.7
1179900 1468.3
1179910 1471.9
1179920 1471.9
1179930 1474.0
1179940 1476.3
1179950 1476.3
1179960 1488.0
1179970 1490.9
1179980 1490.9
1179990 1493.3
