1160000 1214.7
1160010 1214.7
1160020 1203.7
1160030 1202.6
1160040 1202.6
1160050 1203.2
1160060 1203.5
1160070 1203.5
1160080 1203.1
1160090 1202.2
1160100 1202.2
1160110 1202.0
1160120 1203.0
1160130 1203.0
1160140 1204.2
1160150 1205.9
1160160 1207.8
1160170 1207.8
1160180 1209.7
1160190 1208.8
1160200 1208.8
1160210 1208.7
1160220 1215.2
1160230 1215.2
1160240 1222.8
1160250 1227.9
1160260 1227.9
1160270 1231.8
1160280 1237.4
1160290 1237.4
1160300 1243.4
1160310 1248.8
1160320 1248.8
1160330 1254.6
1160340 1261.1
1160350 1261.1
1160360 1269.1
1160370 1276.4
1160380 1282.3
1160390 1282.3
1160400 1289.8
1160410 1310.4
1160420 1310.4
1160430 1319.7
1160440 1325.4
1160450 1325.4
1160460 1332.0
1160470 1338.6
1160480 1338.6
1160490 1343.4
1160500 1347.2
1160510 1347.2
1160520 1350.4
1160530 1352.6
1160540 1352.6
1160550 1353.6
1160560 1355.5
1160570 1355.5
1160580 1360.1
1160590 1366.8
1160600 1366.8
1160610 1373.5
1160620 1379.5
1160630 1385.3
1160640 1385.3
1160650 1390.7
1160660 1394.5
1160670 1394.5
1160680 1396.0
1160690 1398.1
1160700 1398.1
1160710 1401.2
1160720 1405.0
1160730 1405.0
1160740 1409.0
1160750 1412.7
1160760 1412.7
1160770 1416.4
1160780 1420.8
1160790 1420.8
1160800 1422.8
1160810 1427.0
1160820 1427.0
1160830 1431.5
1160840 1435.4
1160850 1435.4
1160860 1438.1
1160870 1442.0
1160880 1446.6
1160890 1446.6
1160900 1450.8
1160910 1454.3
1160920 1454.3
1160930 1457.5
1160940 1459.7
1160950 1459.7
1160960 1461.1
1160970 1462.5
1160980 1462.5
1160990 1463.8
1161000 1465.1
1161010 1465.1
1161020 1468.1
1161030 1471.5
1161040 1471.5
1161050 1475.7
1161060 1480.5
1161070 1480.5
1161080 1485.4
1161090 1490.3
1161100 1495.2
1161110 1495.2
1161120 1497.2
1161130 1498.6
1161140 1498.6
1161150 1501.8
1161160 1506.4
1161170 1506.4
1161180 1510.6
1161190 1515.1
1161200 1517.0
1161210 1520.2
1161220 1522.3
1161230 1522.3
1161240 1524.6
1161250 1526.5
1161260 1526.5
1161270 1527.9
1161280 1529.7
1161290 1529.7
1161300 1532.0
1161310 1534.3
1161320 1534.3
1161330 1536.6
1161340 1539.3
1161350 1542.1
1161360 1542.1
1161370 1544.8
1161380 1547.3
1161390 1547.3
1161400 1550.1
1161410 1552.7
1161420 1552.7
1161430 1555.5
1161440 1558.2
1161450 1558.2
1161460 1561.4
1161470 1564.8
1161480 1564.8
1161490 1568.6
1161500 1571.8
1161510 1571.8
1161520 1575.2
1161530 1578.9
1161540 1578.9
1161550 1582.8
1161560 1587.0
1161570 1591.0
1161580 1591.0
1161590 1595.5
1161600 1601.4
1161610 1601.4
1161620 1606.7
1161630 1611.3
1161640 1611.3
1161650 1614.1
1161660 1616.7
1161670 1616.7
1161680 1619.4
1161690 1621.3
1161700 1621.3
1161710 1623.8
1161720 1625.8
1161730 1625.8
1161740 1627.7
1161750 1629.0
1161760 1629.0
1161770 1631.2
1161780 1633.0
1161790 1633.0
1161800 1634.9
1161810 1638.4
1161820 1642.7
1161830 1642.7
1161840 1646.7
1161850 1650.5
1161860 1650.5
1161870 1655.0
1161880 1659.4
1161890 1659.4
1161900 1661.9
1161910 1662.9
1161920 1662.9
1161930 1664.9
1161940 1667.5
1161950 1667.5
1161960 1671.0
1161970 1677.1
1161980 1679.7
1161990 1687.2
1162000 1695.8
1162010 1695.8
1162020 1705.8
1162030 1716.0
1162040 1716.0
1162050 1721.5
1162060 1718.9
1162070 1710.2
1162080 1710.2
1162090 1701.6
1162100 1696.4
1162110 1696.4
1162120 1693.7
1162130 1694.7
1162140 1694.7
1162150 1694.4
1162160 1693.7
1162170 1693.7
1162180 1691.5
1162190 1692.2
1162200 1692.2
1162210 1694.4
1162220 1696.2
1162230 1696.2
1162240 1698.2
1162250 1700.5
1162260 1700.5
1162270 1701.1
1162280 1700.4
1162290 1697.6
1162300 1697.6
1162310 1696.2
1162320 1697.5
1162330 1697.5
1162340 1699.6
1162350 1701.3
1162360 1701.3
1162370 1705.2
1162380 1706.4
1162390 1706.4
1162400 1709.2
1162410 1712.3
1162420 1712.3
1162430 1712.8
1162440 1711.5
1162450 1711.5
1162460 1712.0
1162470 1715.3
1162480 1715.3
1162490 1718.6
1162500 1718.2
1162510 1718.2
1162520 1716.9
1162530 1716.5
1162540 1715.5
1162550 1715.5
1162560 1717.9
1162570 1718.7
1162580 1718.7
1162590 1718.3
1162600 1718.9
1162610 1718.9
1162620 1720.4
1162630 1722.0
1162640 1722.0
1162650 1724.4
1162660 1727.4
1162670 1727.4
1162680 1728.1
1162690 1726.8
1162700 1726.8
1162710 1728.6
1162720 1728.4
1162730 1728.4
1162740 1726.4
1162750 1725.7
1162760 1724.5
1162770 1719.4
1162780 1721.0
1162790 1722.7
1162800 1722.7
1162810 1722.9
1162820 1722.1
1162830 1722.1
1162840 1723.2
1162850 1726.6
1162860 1726.6
1162870 1729.8
1162880 1733.1
1162890 1733.1
1162900 1736.0
1162910 1738.6
1162920 1738.6
1162930 1740.3
1162940 1742.7
1162950 1742.7
1162960 1743.2
1162970 1742.3
1162980 1742.3
1162990 1739.9
1163000 1737.0
1163010 1737.2
1163020 1737.2
1163030 1737.2
1163040 1736.0
1163050 1736.0
1163060 1735.6
1163070 1735.6
1163080 1735.6
1163090 1736.6
1163100 1738.0
1163110 1738.0
1163120 1739.8
1163130 1738.7
1163140 1738.7
1163150 1738.5
1163160 1739.2
1163170 1736.0
1163180 1737.2
1163190 1739.4
1163200 1739.4
1163210 1740.1
1163220 1738.1
1163230 1738.1
1163240 1736.5
1163250 1734.4
1163260 1731.1
1163270 1731.1
1163280 1729.2
1163290 1730.7
1163300 1730.7
1163310 1731.8
1163320 1730.3
1163330 1730.3
1163340 1727.6
1163350 1726.0
1163360 1726.0
1163370 1722.6
1163380 1718.4
1163390 1718.4
1163400 1715.6
1163410 1712.7
1163420 1712.7
1163430 1712.4
1163440 1713.1
1163450 1713.1
1163460 1711.5
1163470 1713.1
1163480 1710.2
1163490 1710.2
1163500 1706.5
1163510 1705.8
1163520 1705.8
1163530 1704.9
1163540 1703.6
1163550 1703.6
1163560 1699.1
1163570 1698.6
1163580 1698.6
1163590 1698.3
1163600 1696.2
1163610 1696.2
1163620 1692.6
1163630 1687.7
1163640 1687.7
1163650 1683.6
1163660 1682.3
1163670 1682.3
1163680 1681.6
1163690 1681.2
1163700 1681.2
1163710 1682.3
1163720 1684.2
1163730 1686.2
1163740 1686.2
1163750 1687.8
1163760 1689.6
1163770 1689.6
1163780 1690.3
1163790 1689.1
1163800 1689.1
1163810 1689.7
1163820 1688.1
1163830 1688.1
1163840 1683.1
1163850 1677.4
1163860 1677.4
1163870 1676.7
1163880 1678.3
1163890 1678.3
1163900 1679.6
1163910 1680.5
1163920 1680.5
1163930 1681.4
1163940 1682.6
1163950 1684.1
1163960 1678.1
1163970 1679.7
1163980 1681.6
1163990 1681.6
1164000 1684.4
1164010 1687.0
1164020 1687.0
1164030 1680.6
1164040 1672.3
1164050 1672.3
1164060 1664.6
1164070 1657.1
1164080 1657.1
1164090 1650.2
1164100 1643.6
1164110 1643.6
1164120 1637.3
1164130 1631.5
1164140 1631.5
1164150 1625.7
1164160 1620.1
1164170 1620.1
1164180 1615.9
1164190 1611.7
1164200 1607.8
1164210 1607.8
1164220 1602.5
1164230 1595.4
1164240 1595.4
1164250 1594.3
1164260 1602.8
1164270 1602.8
1164280 1611.6
1164290 1620.9
1164300 1620.9
1164310 1630.3
1164320 1637.2
1164330 1637.2
1164340 1636.5
1164350 1629.9
1164360 1629.9
1164370 1630.0
1164380 1634.3
1164390 1634.3
1164400 1640.2
1164410 1646.2
1164420 1646.2
1164430 1650.6
1164440 1654.7
1164450 1660.1
1164460 1660.1
1164470 1665.7
1164480 1666.5
1164490 1666.5
1164500 1663.3
1164510 1660.4
1164520 1660.4
1164530 1659.7
1164540 1661.6
1164550 1661.6
1164560 1664.9
1164570 1671.2
1164580 1671.2
1164590 1678.4
1164600 1682.1
1164610 1682.1
1164620 1680.9
1164630 1678.3
1164640 1678.3
1164650 1676.2
1164660 1676.6
1164670 1676.5
1164680 1676.5
1164690 1673.1
1164700 1670.5
1164710 1670.5
1164720 1673.7
1164730 1681.9
1164740 1681.9
1164750 1686.7
1164760 1690.7
1164770 1690.7
1164780 1694.5
1164790 1698.8
1164800 1698.8
1164810 1704.6
1164820 1710.7
1164830 1710.7
1164840 1715.6
1164850 1718.0
1164860 1718.0
1164870 1719.7
1164880 1722.5
1164890 1722.5
1164900 1726.1
1164910 1730.3
1164920 1734.4
1164930 1734.4
1164940 1736.7
1164950 1738.1
1164960 1738.1
1164970 1737.7
1164980 1739.1
1164990 1739.1
1165000 1742.8
1165010 1744.2
1165020 1744.2
1165030 1745.6
1165040 1747.1
1165050 1747.1
1165060 1748.0
1165070 1748.7
1165080 1748.7
1165090 1749.4
1165100 1750.7
1165110 1750.7
1165120 1752.4
1165130 1754.3
1165140 1756.0
1165150 1751.6
1165160 1753.5
1165170 1755.2
1165180 1755.2
1165190 1758.3
1165200 1761.6
1165210 1761.6
1165220 1763.6
1165230 1765.3
1165240 1765.3
1165250 1769.0
1165260 1773.6
1165270 1773.6
1165280 1777.0
1165290 1779.9
1165300 1779.9
1165310 1782.2
1165320 1784.5
1165330 1784.5
1165340 1787.0
1165350 1790.0
1165360 1790.0
1165370 1793.1
1165380 1796.0
1165390 1799.2
1165400 1799.2
1165410 1801.8
1165420 1804.0
1165430 1804.0
1165440 1806.2
1165450 1809.1
1165460 1809.1
1165470 1812.1
1165480 1815.9
1165490 1815.9
1165500 1819.5
1165510 1823.1
1165520 1823.1
1165530 1827.3
1165540 1827.2
1165550 1827.2
1165560 1830.3
1165570 1832.7
1165580 1832.7
1165590 1834.4
1165600 1834.6
1165610 1834.6
1165620 1834.3
1165630 1834.8
1165640 1835.5
1165650 1835.5
1165660 1836.0
1165670 1836.3
1165680 1836.3
1165690 1835.8
1165700 1833.3
1165710 1833.3
1165720 1832.8
1165730 1833.1
1165740 1833.1
1165750 1833.0
1165760 1832.6
1165770 1832.6
1165780 1832.6
1165790 1832.7
1165800 1832.7
1165810 1832.9
1165820 1833.1
1165830 1833.1
1165840 1833.2
1165850 1833.3
1165860 1832.6
1165870 1832.6
1165880 1832.9
1165890 1832.9
1165900 1832.9
1165910 1831.9
1165920 1829.4
1165930 1829.4
1165940 1827.8
1165950 1827.8
1165960 1827.8
1165970 1828.1
1165980 1826.7
1165990 1826.7
1166000 1825.1
1166010 1824.7
1166020 1824.7
1166030 1826.4
1166040 1830.0
1166050 1830.0
1166060 1831.9
1166070 1832.2
1166080 1832.2
1166090 1833.6
1166100 1834.1
1166110 1834.0
1166120 1834.0
1166130 1833.1
1166140 1831.8
1166150 1831.8
1166160 1830.8
1166170 1829.9
1166180 1829.9
1166190 1828.9
1166200 1828.7
1166210 1828.7
1166220 1828.6
1166230 1828.7
1166240 1828.7
1166250 1828.8
1166260 1828.0
1166270 1828.0
1166280 1825.4
1166290 1821.7
1166300 1821.7
1166310 1819.2
1166320 1817.3
1166330 1815.4
1166340 1812.9
1166350 1811.4
1166360 1808.9
1166370 1808.9
1166380 1806.0
1166390 1804.3
1166400 1804.3
1166410 1802.9
1166420 1800.8
1166430 1800.8
1166440 1798.2
1166450 1794.0
1166460 1794.0
1166470 1791.2
1166480 1790.4
1166490 1790.4
1166500 1788.5
1166510 1786.2
1166520 1786.2
1166530 1782.8
1166540 1778.7
1166550 1778.7
1166560 1773.6
1166570 1769.2
1166580 1765.6
1166590 1765.6
1166600 1762.0
1166610 1758.6
1166620 1758.6
1166630 1755.3
1166640 1753.8
1166650 1753.8
1166660 1751.5
1166670 1748.3
1166680 1748.3
1166690 1744.0
1166700 1741.4
1166710 1741.4
1166720 1740.1
1166730 1738.1
1166740 1735.4
1166750 1733.6
1166760 1731.9
1166770 1731.9
1166780 1728.5
1166790 1724.4
1166800 1720.7
1166810 1720.7
1166820 1716.9
1166830 1713.9
1166840 1713.9
1166850 1711.0
1166860 1706.9
1166870 1706.9
1166880 1703.4
1166890 1697.9
1166900 1697.9
1166910 1693.8
1166920 1690.5
1166930 1690.5
1166940 1688.9
1166950 1686.8
1166960 1686.8
1166970 1684.7
1166980 1684.2
1166990 1684.2
1167000 1683.8
1167010 1682.3
1167020 1682.3
1167030 1681.2
1167040 1680.1
1167050 1679.5
1167060 1679.5
1167070 1678.7
1167080 1677.7
1167090 1677.7
1167100 1676.5
1167110 1674.6
1167120 1674.6
1167130 1670.6
1167140 1661.2
1167150 1661.2
1167160 1655.9
1167170 1655.0
1167180 1655.0
1167190 1653.8
1167200 1652.0
1167210 1652.0
1167220 1649.0
1167230 1645.1
1167240 1645.1
1167250 1641.3
1167260 1637.3
1167270 1637.3
1167280 1635.0
1167290 1634.9
1167300 1637.0
1167310 1637.0
1167320 1639.1
1167330 1638.8
1167340 1638.8
1167350 1638.6
1167360 1637.9
1167370 1637.9
1167380 1636.1
1167390 1633.3
1167400 1633.3
1167410 1630.1
1167420 1628.1
1167430 1628.1
1167440 1624.8
1167450 1622.9
1167460 1622.9
1167470 1622.3
1167480 1620.4
1167490 1620.4
1167500 1617.5
1167510 1614.1
1167520 1610.2
1167530 1610.2
1167540 1602.4
1167550 1598.0
1167560 1598.0
1167570 1591.3
1167580 1585.2
1167590 1585.2
1167600 1580.7
1167610 1575.6
1167620 1575.6
1167630 1572.2
1167640 1569.4
1167650 1569.4
1167660 1564.2
1167670 1558.2
1167680 1558.2
1167690 1554.8
1167700 1551.3
1167710 1551.3
1167720 1545.2
1167730 1538.8
1167740 1538.8
1167750 1533.3
1167760 1526.8
1167770 1520.7
1167780 1520.7
1167790 1514.3
1167800 1506.7
1167810 1506.7
1167820 1498.4
1167830 1492.5
1167840 1492.5
1167850 1491.7
1167860 1491.0
1167870 1491.0
1167880 1487.9
1167890 1485.1
1167900 1485.1
1167910 1481.5
1167920 1478.9
1167930 1478.9
1167940 1471.4
1167950 1466.9
1167960 1466.9
1167970 1464.4
1167980 1464.4
1167990 1462.5
1168000 1462.5
1168010 1460.9
1168020 1460.9
1168030 1460.9
1168040 1461.3
1168050 1464.7
1168060 1464.7
1168070 1470.8
1168080 1474.4
1168090 1474.4
1168100 1476.2
1168110 1477.5
1168120 1477.5
1168130 1476.9
1168140 1474.9
1168150 1474.9
1168160 1470.9
1168170 1464.7
1168180 1464.7
1168190 1458.1
1168200 1452.0
1168210 1452.0
1168220 1445.8
1168230 1442.5
1168240 1440.2
1168250 1440.2
1168260 1436.7
1168270 1429.8
1168280 1429.8
1168290 1422.2
1168300 1415.1
1168310 1415.1
1168320 1407.2
1168330 1399.2
1168340 1405.2
1168350 1400.9
1168360 1397.7
1168370 1397.7
1168380 1393.2
1168390 1388.5
1168400 1388.5
1168410 1383.5
1168420 1378.8
1168430 1378.8
1168440 1373.6
1168450 1368.1
1168460 1368.1
1168470 1362.1
1168480 1354.9
1168490 1348.2
1168500 1348.2
1168510 1343.1
1168520 1339.6
1168530 1339.6
1168540 1337.1
1168550 1334.2
1168560 1334.2
1168570 1331.0
1168580 1327.8
1168590 1327.8
1168600 1324.3
1168610 1322.1
1168620 1322.1
1168630 1320.0
1168640 1317.4
1168650 1317.4
1168660 1314.6
1168670 1310.5
1168680 1310.5
1168690 1306.4
1168700 1302.3
1168710 1298.8
1168720 1298.8
1168730 1295.8
1168740 1294.1
1168750 1294.1
1168760 1290.7
1168770 1287.7
1168780 1287.7
1168790 1285.0
1168800 1283.0
1168810 1283.0
1168820 1280.1
1168830 1274.6
1168840 1274.6
1168850 1269.0
1168860 1263.3
1168870 1263.3
1168880 1257.0
1168890 1247.3
1168900 1247.3
1168910 1236.9
1168920 1226.4
1168930 1226.4
1168940 1218.3
1168950 1210.9
1168960 1206.0
1168970 1206.0
1168980 1202.4
1168990 1201.2
1169000 1201.2
1169010 1200.4
1169020 1199.3
1169030 1199.3
1169040 1196.0
1169050 1191.0
1169060 1191.0
1169070 1186.7
1169080 1183.4
1169090 1183.4
1169100 1179.8
1169110 1176.7
1169120 1176.7
1169130 1174.4
1169140 1171.3
1169150 1172.5
1169160 1168.2
1169170 1164.0
1169180 1159.4
1169190 1159.4
1169200 1155.1
1169210 1151.6
1169220 1151.6
1169230 1148.1
1169240 1145.4
1169250 1145.4
1169260 1143.1
1169270 1140.9
1169280 1140.9
1169290 1139.7
1169300 1137.9
1169310 1137.9
1169320 1133.4
1169330 1128.6
1169340 1128.6
1169350 1124.8
1169360 1119.1
1169370 1119.1
1169380 1111.4
1169390 1106.4
1169400 1106.4
1169410 1101.9
1169420 1096.3
1169430 1090.1
1169440 1090.1
1169450 1084.8
1169460 1080.8
1169470 1080.8
1169480 1076.9
1169490 1074.5
1169500 1074.5
1169510 1072.0
1169520 1069.5
1169530 1069.5
1169540 1067.1
1169550 1063.5
1169560 1063.5
1169570 1060.9
1169580 1058.6
1169590 1058.6
1169600 1057.1
1169610 1054.2
1169620 1054.2
1169630 1050.2
1169640 1046.6
1169650 1046.6
1169660 1043.5
1169670 1040.5
1169680 1037.0
1169690 1037.0
1169700 1032.9
1169710 1031.2
1169720 1031.2
1169730 1035.0
1169740 1039.5
1169750 1039.5
1169760 1043.5
1169770 1048.6
1169780 1048.6
1169790 1053.7
1169800 1057.9
1169810 1057.9
1169820 1060.9
1169830 1066.0
1169840 1066.0
1169850 1071.1
1169860 1075.5
1169870 1075.5
1169880 1077.9
1169890 1078.3
1169900 1079.9
1169910 1079.9
1169920 1080.3
1169930 1079.9
1169940 1079.9
1169950 1077.1
1169960 1078.5
1169970 1078.5
1169980 1080.0
1169990 1080.2
1170000 1080.2
1170010 1080.0
1170020 1081.8
1170030 1081.8
1170040 1083.5
1170050 1085.4
1170060 1085.4
1170070 1087.3
1170080 1088.3
1170090 1088.3
1170100 1087.9
1170110 1087.1
1170120 1087.1
1170130 1087.8
1170140 1092.3
1170150 1096.0
1170160 1096.0
1170170 1093.1
1170180 1087.3
1170190 1087.3
1170200 1081.9
1170210 1077.4
1170220 1077.4
1170230 1071.6
1170240 1062.6
1170250 1062.6
1170260 1055.6
1170270 1050.4
1170280 1050.4
1170290 1046.8
1170300 1044.2
1170310 1044.2
1170320 1038.6
1170330 1033.5
1170340 1033.5
1170350 1037.0
1170360 1034.9
1170370 1033.7
1170380 1033.7
1170390 1033.1
1170400 1034.2
1170410 1034.2
1170420 1040.1
1170430 1047.4
1170440 1047.4
1170450 1056.0
1170460 1059.6
1170470 1059.6
1170480 1060.5
1170490 1061.1
1170500 1061.1
1170510 1061.3
1170520 1061.1
1170530 1061.1
1170540 1061.1
1170550 1061.7
1170560 1061.7
1170570 1062.5
1170580 1063.5
1170590 1063.5
1170600 1063.8
1170610 1064.3
1170620 1064.7
1170630 1064.7
1170640 1064.8
1170650 1065.5
1170660 1065.5
1170670 1065.9
1170680 1065.7
1170690 1065.7
1170700 1065.8
1170710 1065.6
1170720 1065.6
1170730 1064.5
1170740 1062.7
1170750 1062.7
1170760 1058.6
1170770 1055.0
1170780 1055.0
1170790 1050.5
1170800 1047.3
1170810 1047.3
1170820 1043.6
1170830 1039.9
1170840 1039.3
1170850 1039.3
1170860 1039.2
1170870 1039.2
1170880 1039.2
1170890 1037.8
1170900 1037.2
1170910 1037.2
1170920 1036.6
1170930 1035.8
1170940 1035.8
1170950 1035.0
1170960 1034.5
1170970 1034.5
1170980 1034.1
1170990 1033.2
1171000 1033.2
1171010 1032.1
1171020 1031.4
1171030 1031.4
1171040 1031.0
1171050 1030.5
1171060 1030.5
1171070 1029.8
1171080 1028.9
1171090 1027.5
1171100 1027.5
1171110 1026.3
1171120 1025.4
1171130 1025.4
1171140 1024.5
1171150 1024.0
1171160 1024.0
1171170 1021.8
1171180 1021.6
1171190 1021.6
1171200 1022.2
1171210 1023.9
1171220 1023.9
1171230 1025.3
1171240 1025.7
1171250 1025.7
1171260 1025.8
1171270 1027.5
1171280 1027.5
1171290 1028.3
1171300 1027.3
1171310 1027.3
1171320 1027.0
1171330 1027.9
1171340 1028.1
1171350 1028.1
1171360 1027.5
1171370 1027.6
1171380 1027.6
1171390 1029.0
1171400 1029.6
1171410 1029.6
1171420 1028.6
1171430 1026.0
1171440 1026.0
1171450 1023.2
1171460 1020.8
1171470 1020.8
1171480 1016.2
1171490 1010.1
1171500 1010.1
1171510 1006.6
1171520 1003.4
1171530 1003.4
1171540 1001.3
1171550 1000.8
1171560 1000.4
1171570 999.4
1171580 999.4
1171590 999.5
1171600 999.5
1171610 999.5
1171620 998.4
1171630 998.4
1171640 997.9
1171650 997.8
1171660 997.8
1171670 997.6
1171680 997.4
1171690 997.4
1171700 997.0
1171710 996.0
1171720 996.0
1171730 995.2
1171740 994.8
1171750 994.8
1171760 994.5
1171770 994.2
1171780 994.2
1171790 993.5
1171800 992.9
1171810 991.8
1171820 991.8
1171830 990.3
1171840 988.8
1171850 988.8
1171860 987.3
1171870 986.0
1171880 986.0
1171890 985.0
1171900 984.3
1171910 984.3
1171920 983.8
1171930 983.1
1171940 983.1
1171950 981.7
1171960 980.2
1171970 980.2
1171980 980.2
1171990 978.3
1172000 978.3
1172010 976.2
1172020 973.7
1172030 971.0
1172040 971.0
1172050 968.7
1172060 966.6
1172070 966.6
1172080 963.1
1172090 958.4
1172100 958.4
1172110 959.5
1172120 962.5
1172130 962.5
1172140 966.8
1172150 970.1
1172160 970.1
1172170 971.1
1172180 971.4
1172190 971.4
1172200 971.3
1172210 971.2
1172220 971.2
1172230 970.9
1172240 970.1
1172250 970.1
1172260 969.1
1172270 969.0
1172280 969.0
1172290 969.0
1172300 968.9
1172310 968.7
1172320 968.7
1172330 968.7
1172340 968.8
1172350 968.8
1172360 969.1
1172370 969.5
1172380 968.0
1172390 968.5
1172400 968.7
1172410 968.7
1172420 968.9
1172430 969.1
1172440 969.1
1172450 969.2
1172460 969.2
1172470 969.2
1172480 969.3
1172490 969.4
1172500 969.5
1172510 969.5
1172520 969.6
1172530 969.6
1172540 969.6
1172550 969.6
1172560 969.6
1172570 969.6
1172580 969.6
1172590 969.6
1172600 969.6
1172610 969.6
1172620 969.6
1172630 969.6
1172640 969.5
1172650 969.5
1172660 969.5
1172670 969.3
1172680 968.9
1172690 968.9
1172700 968.4
1172710 967.8
1172720 967.8
1172730 967.1
1172740 966.2
1172750 965.5
1172760 965.5
1172770 964.9
1172780 964.4
1172790 963.1
1172800 962.8
1172810 962.6
1172820 962.6
1172830 962.6
1172840 962.7
1172850 962.7
1172860 962.8
1172870 962.7
1172880 962.7
1172890 962.7
1172900 962.5
1172910 962.5
1172920 962.2
1172930 961.9
1172940 961.9
1172950 961.7
1172960 961.4
1172970 961.4
1172980 961.4
1172990 961.8
1173000 962.6
1173010 962.6
1173020 964.2
1173030 965.6
1173040 965.6
1173050 966.5
1173060 966.8
1173070 966.8
1173080 965.8
1173090 963.3
1173100 963.3
1173110 960.6
1173120 958.3
1173130 958.3
1173140 958.9
1173150 959.3
1173160 959.3
1173170 958.1
1173180 957.8
1173190 957.8
1173200 958.4
1173210 956.6
1173220 955.0
1173230 955.0
1173240 953.9
1173250 952.9
1173260 952.9
1173270 951.8
1173280 950.2
1173290 950.2
1173300 949.3
1173310 949.1
1173320 949.1
1173330 949.0
1173340 947.9
1173350 947.9
1173360 945.6
1173370 944.0
1173380 944.0
1173390 944.8
1173400 945.2
1173410 945.2
1173420 943.6
1173430 942.0
1173440 942.0
1173450 942.4
1173460 943.1
1173470 943.1
1173480 943.1
1173490 942.8
1173500 942.4
1173510 942.4
1173520 941.9
1173530 941.3
1173540 941.3
1173550 940.6
1173560 939.7
1173570 939.7
1173580 939.0
1173590 938.3
1173600 938.3
1173610 935.5
1173620 935.3
1173630 935.3
1173640 935.6
1173650 936.2
1173660 936.2
1173670 936.5
1173680 936.3
1173690 935.9
1173700 935.9
1173710 935.4
1173720 935.3
1173730 935.3
1173740 935.7
1173750 936.3
1173760 936.3
1173770 936.9
1173780 937.2
1173790 937.2
1173800 936.8
1173810 935.2
1173820 935.2
1173830 933.4
1173840 933.3
1173850 933.3
1173860 935.0
1173870 936.3
1173880 936.3
1173890 933.8
1173900 928.7
1173910 928.7
1173920 921.6
1173930 913.6
1173940 905.4
1173950 905.4
1173960 896.0
1173970 890.1
1173980 890.1
1173990 884.1
1174000 875.3
1174010 875.3
1174020 877.4
1174030 887.4
1174040 887.4
1174050 897.6
1174060 906.8
1174070 906.8
1174080 918.2
1174090 923.1
1174100 923.1
1174110 927.4
1174120 932.8
1174130 932.8
1174140 935.1
1174150 936.8
1174160 936.8
1174170 937.9
1174180 939.2
1174190 939.6
1174200 939.6
1174210 939.8
1174220 940.4
1174230 940.4
1174240 941.6
1174250 942.7
1174260 942.7
1174270 944.0
1174280 945.5
1174290 945.5
1174300 947.0
1174310 948.7
1174320 948.7
1174330 950.5
1174340 952.0
1174350 952.0
1174360 952.6
1174370 952.1
1174380 952.1
1174390 950.0
1174400 946.1
1174410 942.4
1174420 938.2
1174430 936.4
1174440 936.2
1174450 936.2
1174460 936.8
1174470 937.4
1174480 937.4
1174490 938.2
1174500 939.2
1174510 939.2
1174520 939.2
1174530 937.5
1174540 937.5
1174550 935.2
1174560 932.4
1174570 932.4
1174580 929.9
1174590 927.9
1174600 927.9
1174610 926.3
1174620 924.7
1174630 924.7
1174640 923.5
1174650 921.7
1174660 920.6
1174670 920.6
1174680 919.8
1174690 919.0
1174700 919.0
1174710 918.4
1174720 917.9
1174730 917.9
1174740 917.5
1174750 917.2
1174760 917.2
1174770 917.2
1174780 917.4
1174790 917.4
1174800 917.8
1174810 918.1
1174820 918.1
1174830 917.7
1174840 918.0
1174850 918.0
1174860 918.4
1174870 918.8
1174880 919.2
1174890 919.2
1174900 919.0
1174910 918.6
1174920 918.6
1174930 918.3
1174940 917.8
1174950 917.8
1174960 917.1
1174970 916.5
1174980 916.5
1174990 916.2
1175000 916.1
1175010 916.1
1175020 916.3
1175030 916.4
1175040 916.4
1175050 916.7
1175060 917.0
1175070 917.0
1175080 917.0
1175090 916.9
1175100 916.9
1175110 917.2
1175120 917.1
1175130 916.7
1175140 916.7
1175150 916.4
1175160 916.7
1175170 916.7
1175180 916.9
1175190 916.6
1175200 916.6
1175210 916.2
1175220 915.5
1175230 915.5
1175240 910.6
1175250 909.8
1175260 909.8
1175270 909.0
1175280 906.0
1175290 906.0
1175300 904.4
1175310 902.1
1175320 902.1
1175330 899.6
1175340 895.7
1175350 894.1
1175360 894.1
1175370 895.7
1175380 897.3
1175390 897.3
1175400 899.2
1175410 900.4
1175420 900.4
1175430 900.5
1175440 900.2
1175450 900.2
1175460 898.9
1175470 896.7
1175480 896.7
1175490 894.7
1175500 893.0
1175510 893.0
1175520 892.5
1175530 892.4
1175540 892.4
1175550 890.8
1175560 889.1
1175570 889.1
1175580 887.8
1175590 885.4
1175600 882.6
1175610 882.6
1175620 878.9
1175630 875.6
1175640 875.6
1175650 872.4
1175660 864.1
1175670 864.1
1175680 861.2
1175690 858.7
1175700 858.7
1175710 854.9
1175720 852.0
1175730 852.0
1175740 849.5
1175750 847.0
1175760 847.0
1175770 844.4
1175780 841.0
1175790 841.0
1175800 837.3
1175810 834.6
1175820 834.6
1175830 832.4
1175840 828.7
1175850 825.2
1175860 825.2
1175870 821.8
1175880 818.4
1175890 818.4
1175900 815.3
1175910 812.9
1175920 812.9
1175930 810.3
1175940 808.7
1175950 808.7
1175960 805.4
1175970 802.0
1175980 802.0
1175990 799.8
1176000 796.6
1176010 796.6
1176020 792.8
1176030 787.1
1176040 787.1
1176050 777.6
1176060 774.7
1176070 774.2
1176080 774.2
1176090 774.2
1176100 774.4
1176110 774.4
1176120 774.4
1176130 776.2
1176140 776.2
1176150 779.6
1176160 780.8
1176170 780.8
1176180 779.8
1176190 779.2
1176200 779.2
1176210 780.6
1176220 781.9
1176230 781.9
1176240 780.6
1176250 780.3
1176260 780.3
1176270 783.0
1176280 786.7
1176290 786.7
1176300 787.6
1176310 787.7
1176320 787.6
1176330 787.6
1176340 787.5
1176350 787.4
1176360 787.4
1176370 786.9
1176380 785.9
1176390 785.9
1176400 786.7
1176410 787.1
1176420 787.1
1176430 787.3
1176440 787.4
1176450 787.4
1176460 785.9
1176470 785.1
1176480 785.2
1176490 785.0
1176500 784.9
1176510 784.9
1176520 785.0
1176530 785.7
1176540 787.1
1176550 787.1
1176560 787.0
1176570 786.4
1176580 786.4
1176590 787.7
1176600 794.5
1176610 794.5
1176620 800.4
1176630 802.6
1176640 802.6
1176650 803.1
1176660 803.1
1176670 803.1
1176680 802.6
1176690 802.4
1176700 802.4
1176710 802.3
1176720 802.2
1176730 802.2
1176740 802.5
1176750 802.4
1176760 802.4
1176770 802.3
1176780 802.2
1176790 802.1
1176800 802.1
1176810 802.2
1176820 802.4
1176830 802.4
1176840 802.6
1176850 802.7
1176860 802.7
1176870 802.7
1176880 802.7
1176890 802.7
1176900 802.7
1176910 802.8
1176920 802.8
1176930 802.9
1176940 802.8
1176950 802.8
1176960 802.9
1176970 802.8
1176980 802.8
1176990 802.3
1177000 802.5
1177010 802.5
1177020 802.5
1177030 802.3
1177040 802.3
1177050 802.3
1177060 802.8
1177070 802.7
1177080 802.7
1177090 802.5
1177100 802.2
1177110 802.2
1177120 802.2
1177130 802.3
1177140 802.3
1177150 802.3
1177160 802.2
1177170 802.2
1177180 802.1
1177190 802.1
1177200 802.1
1177210 802.0
1177220 802.0
1177230 802.0
1177240 802.1
1177250 802.2
1177260 802.3
1177270 802.3
1177280 802.4
1177290 805.3
1177300 806.9
1177310 812.3
1177320 816.6
1177330 816.6
1177340 819.6
1177350 822.5
1177360 822.5
1177370 827.2
1177380 831.9
1177390 831.9
1177400 838.4
1177410 845.4
1177420 845.4
1177430 852.7
1177440 858.9
1177450 858.9
1177460 863.7
1177470 867.5
1177480 867.5
1177490 871.9
1177500 875.3
1177510 878.9
1177520 878.9
1177530 882.8
1177540 886.4
1177550 886.4
1177560 890.1
1177570 893.8
1177580 893.8
1177590 897.9
1177600 901.9
1177610 901.9
1177620 905.6
1177630 909.0
1177640 909.0
1177650 912.3
1177660 915.8
1177670 915.8
1177680 917.9
1177690 919.3
1177700 919.3
1177710 920.2
1177720 921.5
1177730 923.4
1177740 923.4
1177750 926.6
1177760 929.6
1177770 929.6
1177780 931.9
1177790 934.3
1177800 934.3
1177810 939.9
1177820 945.3
1177830 945.3
1177840 947.8
1177850 952.0
1177860 952.0
1177870 954.9
1177880 956.8
1177890 956.8
1177900 958.6
1177910 960.2
1177920 960.2
1177930 960.7
1177940 959.8
1177950 959.8
1177960 958.4
1177970 957.1
1177980 955.5
1177990 955.5
1178000 953.7
1178010 950.8
1178020 950.8
1178030 950.0
1178040 950.8
1178050 950.8
1178060 952.1
1178070 953.2
1178080 953.2
1178090 953.8
1178100 954.3
1178110 954.3
1178120 954.7
1178130 956.7
1178140 956.7
1178150 957.8
1178160 959.4
1178170 959.4
1178180 962.0
1178190 965.6
1178200 968.7
1178210 968.7
1178220 972.2
1178230 975.5
1178240 975.5
1178250 979.4
1178260 985.0
1178270 985.0
1178280 990.1
1178290 993.8
1178300 993.8
1178310 996.2
1178320 998.8
1178330 998.8
1178340 1003.0
1178350 1006.3
1178360 1006.3
1178370 1008.4
1178380 1011.0
1178390 1011.0
1178400 1013.8
1178410 1016.6
1178420 1016.6
1178430 1018.5
1178440 1020.2
1178450 1021.8
1178460 1021.8
1178470 1022.9
1178480 1023.5
1178490 1023.5
1178500 1023.7
1178510 1024.7
1178520 1024.7
1178530 1025.4
1178540 1025.8
1178550 1028.0
1178560 1028.9
1178570 1029.7
1178580 1029.7
1178590 1030.2
1178600 1030.8
1178610 1030.8
1178620 1031.3
1178630 1031.4
1178640 1031.4
1178650 1031.4
1178660 1031.1
1178670 1030.8
1178680 1030.8
1178690 1030.9
1178700 1032.1
1178710 1032.1
1178720 1033.5
1178730 1035.4
1178740 1035.4
1178750 1037.5
1178760 1039.3
1178770 1039.3
1178780 1042.6
1178790 1046.7
1178800 1046.7
1178810 1050.2
1178820 1052.7
1178830 1052.7
1178840 1053.3
1178850 1054.3
1178860 1054.3
1178870 1056.2
1178880 1059.3
1178890 1059.3
1178900 1062.4
1178910 1065.7
1178920 1069.0
1178930 1069.0
1178940 1072.8
1178950 1076.7
1178960 1078.6
1178970 1081.9
1178980 1086.2
1178990 1086.2
1179000 1092.1
1179010 1098.6
1179020 1098.6
1179030 1104.6
1179040 1110.0
1179050 1110.0
1179060 1114.6
1179070 1119.3
1179080 1119.3
1179090 1124.8
1179100 1128.4
1179110 1128.4
1179120 1131.7
1179130 1135.2
1179140 1135.2
1179150 1139.2
1179160 1142.9
1179170 1146.7
1179180 1146.7
1179190 1149.9
1179200 1152.8
1179210 1152.8
1179220 1157.2
1179230 1163.2
1179240 1163.2
1179250 1169.0
1179260 1174.8
1179270 1174.8
1179280 1180.0
1179290 1186.0
1179300 1186.0
1179310 1193.2
1179320 1200.5
1179330 1200.5
1179340 1206.7
1179350 1210.8
1179360 1210.8
1179370 1214.0
1179380 1222.3
1179390 1225.6
1179400 1225.6
1179410 1227.8
1179420 1230.1
1179430 1230.1
1179440 1233.7
1179450 1236.9
1179460 1236.9
1179470 1241.1
1179480 1245.7
1179490 1245.7
1179500 1249.3
1179510 1251.6
1179520 1251.6
1179530 1254.1
1179540 1257.4
1179550 1257.4
1179560 1261.3
1179570 1265.1
1179580 1265.1
1179590 1269.2
1179600 1273.0
1179610 1273.0
1179620 1276.5
1179630 1280.1
1179640 1283.4
1179650 1283.4
1179660 1286.7
1179670 1289.7
1179680 1289.7
1179690 1293.6
1179700 1298.0
1179710 1298.0
1179720 1301.2
1179730 1303.9
1179740 1303.9
1179750 1305.9
1179760 1307.9
1179770 1307.9
1179780 1308.8
1179790 1315.8
1179800 1315.8
1179810 1318.3
1179820 1323.4
1179830 1323.4
1179840 1327.1
1179850 1329.2
1179860 1331.0
1179870 1331.0
1179880 1332.3
1179890 1333.5
1179900 1333.5
1179910 1334.5
1179920 1335.8
1179930 1335.8
1179940 1338.0
1179950 1341.7
1179960 1341.7
1179970 1345.9
1179980 1350.0
1179990 1350.0
