1160000 1299.2
1160010 1301.9
1160020 1303.3
1160030 1303.3
1160040 1302.2
1160050 1302.4
1160060 1302.4
1160070 1302.5
1160080 1301.6
1160090 1301.6
1160100 1300.5
1160110 1299.7
1160120 1300.5
1160130 1300.5
1160140 1302.5
1160150 1304.1
1160160 1304.1
1160170 1304.6
1160180 1305.2
1160190 1305.2
1160200 1305.8
1160210 1306.1
1160220 1306.1
1160230 1304.2
1160240 1297.7
1160250 1297.7
1160260 1294.8
1160270 1293.8
1160280 1293.8
1160290 1285.5
1160300 1285.0
1160310 1285.0
1160320 1284.7
1160330 1284.3
1160340 1281.6
1160350 1281.6
1160360 1278.5
1160370 1276.9
1160380 1276.9
1160390 1276.9
1160400 1273.2
1160410 1273.2
1160420 1268.5
1160430 1270.6
1160440 1270.6
1160450 1275.7
1160460 1280.4
1160470 1280.4
1160480 1286.7
1160490 1291.2
1160500 1291.2
1160510 1295.4
1160520 1300.6
1160530 1300.6
1160540 1306.2
1160550 1311.5
1160560 1311.5
1160570 1316.1
1160580 1321.4
1160590 1326.7
1160600 1326.7
1160610 1332.3
1160620 1339.8
1160630 1339.8
1160640 1349.8
1160650 1357.8
1160660 1357.8
1160670 1362.4
1160680 1367.8
1160690 1367.8
1160700 1374.1
1160710 1381.9
1160720 1381.9
1160730 1391.0
1160740 1399.6
1160750 1399.6
1160760 1408.4
1160770 1417.7
1160780 1417.7
1160790 1428.2
1160800 1438.5
1160810 1445.8
1160820 1445.8
1160830 1452.3
1160840 1458.0
1160850 1458.0
1160860 1465.2
1160870 1470.6
1160880 1470.6
1160890 1475.6
1160900 1478.2
1160910 1478.2
1160920 1480.8
1160930 1484.8
1160940 1484.8
1160950 1488.8
1160960 1493.1
1160970 1493.1
1160980 1497.5
1160990 1501.9
1161000 1501.9
1161010 1503.3
1161020 1504.4
1161030 1504.4
1161040 1507.5
1161050 1509.9
1161060 1512.1
1161070 1512.5
1161080 1513.3
1161090 1516.0
1161100 1516.0
1161110 1519.1
1161120 1521.8
1161130 1521.8
1161140 1523.7
1161150 1526.3
1161160 1526.3
1161170 1530.2
1161180 1534.6
1161190 1534.6
1161200 1538.4
1161210 1542.0
1161220 1542.0
1161230 1544.0
1161240 1545.4
1161250 1545.4
1161260 1548.4
1161270 1551.8
1161280 1551.8
1161290 1553.8
1161300 1555.7
1161310 1558.0
1161320 1558.0
1161330 1561.8
1161340 1566.1
1161350 1566.1
1161360 1569.4
1161370 1571.9
1161380 1571.9
1161390 1574.1
1161400 1576.7
1161410 1576.7
1161420 1579.8
1161430 1583.6
1161440 1583.6
1161450 1587.7
1161460 1590.7
1161470 1590.7
1161480 1593.5
1161490 1596.2
1161500 1596.2
1161510 1597.5
1161520 1599.9
1161530 1603.1
1161540 1603.1
1161550 1605.8
1161560 1608.8
1161570 1608.8
1161580 1613.4
1161590 1616.9
1161600 1616.9
1161610 1618.6
1161620 1620.3
1161630 1620.3
1161640 1622.8
1161650 1626.7
1161660 1626.7
1161670 1630.4
1161680 1632.0
1161690 1632.0
1161700 1635.2
1161710 1639.1
1161720 1639.1
1161730 1641.6
1161740 1643.5
1161750 1643.5
1161760 1644.9
1161770 1648.3
1161780 1652.5
1161790 1652.5
1161800 1657.3
1161810 1662.9
1161820 1662.9
1161830 1667.2
1161840 1670.5
1161850 1670.5
1161860 1672.2
1161870 1675.6
1161880 1675.6
1161890 1678.4
1161900 1680.8
1161910 1680.8
1161920 1684.1
1161930 1688.7
1161940 1688.7
1161950 1695.8
1161960 1702.6
1161970 1702.6
1161980 1709.8
1161990 1716.8
1162000 1723.3
1162010 1723.3
1162020 1730.1
1162030 1734.2
1162040 1734.2
1162050 1737.8
1162060 1741.2
1162070 1741.2
1162080 1744.2
1162090 1746.4
1162100 1746.4
1162110 1749.2
1162120 1751.3
1162130 1751.3
1162140 1753.4
1162150 1755.3
1162160 1755.3
1162170 1758.5
1162180 1762.2
1162190 1762.2
1162200 1765.9
1162210 1768.5
1162220 1768.5
1162230 1769.3
1162240 1772.2
1162250 1770.4
1162260 1770.4
1162270 1770.0
1162280 1771.1
1162290 1771.1
1162300 1774.1
1162310 1775.8
1162320 1775.8
1162330 1776.2
1162340 1774.3
1162350 1774.3
1162360 1771.0
1162370 1768.6
1162380 1768.6
1162390 1769.9
1162400 1772.0
1162410 1772.0
1162420 1770.9
1162430 1770.7
1162440 1770.7
1162450 1773.4
1162460 1773.8
1162470 1773.8
1162480 1776.1
1162490 1777.2
1162500 1779.5
1162510 1779.5
1162520 1784.3
1162530 1791.8
1162540 1791.8
1162550 1795.4
1162560 1799.2
1162570 1799.2
1162580 1804.0
1162590 1807.6
1162600 1807.6
1162610 1809.6
1162620 1810.8
1162630 1810.8
1162640 1808.1
1162650 1809.4
1162660 1809.4
1162670 1810.6
1162680 1810.5
1162690 1810.5
1162700 1810.2
1162710 1809.9
1162720 1809.4
1162730 1809.4
1162740 1808.1
1162750 1807.1
1162760 1807.1
1162770 1806.9
1162780 1806.9
1162790 1806.9
1162800 1807.5
1162810 1808.1
1162820 1808.1
1162830 1808.9
1162840 1810.4
1162850 1810.4
1162860 1810.3
1162870 1809.7
1162880 1809.7
1162890 1808.8
1162900 1806.8
1162910 1806.8
1162920 1805.3
1162930 1803.5
1162940 1803.5
1162950 1802.6
1162960 1803.2
1162970 1803.9
1162980 1803.9
1162990 1803.9
1163000 1804.0
1163010 1804.0
1163020 1804.6
1163030 1804.3
1163040 1802.5
1163050 1801.7
1163060 1800.4
1163070 1800.4
1163080 1799.4
1163090 1798.4
1163100 1798.4
1163110 1797.7
1163120 1796.5
1163130 1796.5
1163140 1796.4
1163150 1797.5
1163160 1797.5
1163170 1799.1
1163180 1801.1
1163190 1802.5
1163200 1802.5
1163210 1802.9
1163220 1803.9
1163230 1803.9
1163240 1803.9
1163250 1802.2
1163260 1802.2
1163270 1801.8
1163280 1801.9
1163290 1801.9
1163300 1803.1
1163310 1805.4
1163320 1805.4
1163330 1804.9
1163340 1804.0
1163350 1804.0
1163360 1802.9
1163370 1802.1
1163380 1802.1
1163390 1802.3
1163400 1801.6
1163410 1801.6
1163420 1799.2
1163430 1791.7
1163440 1789.6
1163450 1789.6
1163460 1788.8
1163470 1789.1
1163480 1789.1
1163490 1791.6
1163500 1793.8
1163510 1793.8
1163520 1793.8
1163530 1794.3
1163540 1794.3
1163550 1794.4
1163560 1793.5
1163570 1793.5
1163580 1792.7
1163590 1792.1
1163600 1792.1
1163610 1789.4
1163620 1785.3
1163630 1785.3
1163640 1783.8
1163650 1784.5
1163660 1784.5
1163670 1783.6
1163680 1780.9
1163690 1778.4
1163700 1778.4
1163710 1776.7
1163720 1775.8
1163730 1775.8
1163740 1774.8
1163750 1773.7
1163760 1773.7
1163770 1770.4
1163780 1765.9
1163790 1765.9
1163800 1761.5
1163810 1756.5
1163820 1756.5
1163830 1751.2
1163840 1754.1
1163850 1754.1
1163860 1757.4
1163870 1760.9
1163880 1760.9
1163890 1764.4
1163900 1766.8
1163910 1769.0
1163920 1769.0
1163930 1771.0
1163940 1772.5
1163950 1772.5
1163960 1774.4
1163970 1773.4
1163980 1773.4
1163990 1766.2
1164000 1758.0
1164010 1758.0
1164020 1750.4
1164030 1743.6
1164040 1743.6
1164050 1737.6
1164060 1732.3
1164070 1732.3
1164080 1727.6
1164090 1723.5
1164100 1723.5
1164110 1718.6
1164120 1710.9
1164130 1710.9
1164140 1702.6
1164150 1695.2
1164160 1690.2
1164170 1690.2
1164180 1685.7
1164190 1681.4
1164200 1681.4
1164210 1677.8
1164220 1671.9
1164230 1668.4
1164240 1665.3
1164250 1672.2
1164260 1672.2
1164270 1681.8
1164280 1688.8
1164290 1688.8
1164300 1695.5
1164310 1702.5
1164320 1702.5
1164330 1708.5
1164340 1711.8
1164350 1711.8
1164360 1714.8
1164370 1717.9
1164380 1719.4
1164390 1719.4
1164400 1720.1
1164410 1723.3
1164420 1723.3
1164430 1727.9
1164440 1733.3
1164450 1733.3
1164460 1739.5
1164470 1745.1
1164480 1745.1
1164490 1750.8
1164500 1756.6
1164510 1756.6
1164520 1761.4
1164530 1766.9
1164540 1766.9
1164550 1773.4
1164560 1779.4
1164570 1779.4
1164580 1784.4
1164590 1788.9
1164600 1788.9
1164610 1793.2
1164620 1792.6
1164630 1793.9
1164640 1793.9
1164650 1795.3
1164660 1796.4
1164670 1796.4
1164680 1796.8
1164690 1797.9
1164700 1797.9
1164710 1798.9
1164720 1799.0
1164730 1799.0
1164740 1799.8
1164750 1800.8
1164760 1800.8
1164770 1799.3
1164780 1797.7
1164790 1797.7
1164800 1798.6
1164810 1799.9
1164820 1799.9
1164830 1800.9
1164840 1800.4
1164850 1800.4
1164860 1797.1
1164870 1800.8
1164880 1806.0
1164890 1806.0
1164900 1809.7
1164910 1811.5
1164920 1811.5
1164930 1812.6
1164940 1813.9
1164950 1813.9
1164960 1815.1
1164970 1816.8
1164980 1816.8
1164990 1819.6
1165000 1822.6
1165010 1822.6
1165020 1822.2
1165030 1825.6
1165040 1825.6
1165050 1828.9
1165060 1831.9
1165070 1831.9
1165080 1833.4
1165090 1834.9
1165100 1837.1
1165110 1837.1
1165120 1839.1
1165130 1841.0
1165140 1841.0
1165150 1843.2
1165160 1843.8
1165170 1843.8
1165180 1844.3
1165190 1845.6
1165200 1845.6
1165210 1846.8
1165220 1847.8
1165230 1847.8
1165240 1848.2
1165250 1848.7
1165260 1848.7
1165270 1849.3
1165280 1850.2
1165290 1850.2
1165300 1851.8
1165310 1854.3
1165320 1854.3
1165330 1857.6
1165340 1860.7
1165350 1863.9
1165360 1863.9
1165370 1867.0
1165380 1870.3
1165390 1870.3
1165400 1873.4
1165410 1876.5
1165420 1872.0
1165430 1875.8
1165440 1879.1
1165450 1879.1
1165460 1882.1
1165470 1884.7
1165480 1884.7
1165490 1885.8
1165500 1886.3
1165510 1886.3
1165520 1888.3
1165530 1890.3
1165540 1890.3
1165550 1892.6
1165560 1894.7
1165570 1896.7
1165580 1896.7
1165590 1898.3
1165600 1899.9
1165610 1899.9
1165620 1901.3
1165630 1903.2
1165640 1903.2
1165650 1905.7
1165660 1907.4
1165670 1907.4
1165680 1908.2
1165690 1908.8
1165700 1908.8
1165710 1908.7
1165720 1908.0
1165730 1908.0
1165740 1907.7
1165750 1907.2
1165760 1907.2
1165770 1906.2
1165780 1905.5
1165790 1905.5
1165800 1903.8
1165810 1897.8
1165820 1896.8
1165830 1896.8
1165840 1897.2
1165850 1898.7
1165860 1898.7
1165870 1900.7
1165880 1902.7
1165890 1902.7
1165900 1904.5
1165910 1906.3
1165920 1906.3
1165930 1908.1
1165940 1909.8
1165950 1909.8
1165960 1911.4
1165970 1911.9
1165980 1911.9
1165990 1911.3
1166000 1910.0
1166010 1910.0
1166020 1907.7
1166030 1905.9
1166040 1905.9
1166050 1905.2
1166060 1903.6
1166070 1901.5
1166080 1901.5
1166090 1899.8
1166100 1898.6
1166110 1898.6
1166120 1896.9
1166130 1895.5
1166140 1895.5
1166150 1895.2
1166160 1894.0
1166170 1894.0
1166180 1893.3
1166190 1891.7
1166200 1891.7
1166210 1887.4
1166220 1886.3
1166230 1886.3
1166240 1884.6
1166250 1882.4
1166260 1882.4
1166270 1880.1
1166280 1878.5
1166290 1877.4
1166300 1877.4
1166310 1875.5
1166320 1871.7
1166330 1871.7
1166340 1868.8
1166350 1866.3
1166360 1866.3
1166370 1863.6
1166380 1860.9
1166390 1860.9
1166400 1858.5
1166410 1856.4
1166420 1856.4
1166430 1854.0
1166440 1851.4
1166450 1851.4
1166460 1847.9
1166470 1841.7
1166480 1841.7
1166490 1836.7
1166500 1835.2
1166510 1835.2
1166520 1832.7
1166530 1824.8
1166540 1817.6
1166550 1817.6
1166560 1811.4
1166570 1805.5
1166580 1805.5
1166590 1801.4
1166600 1798.4
1166610 1796.3
1166620 1795.5
1166630 1793.9
1166640 1793.9
1166650 1791.5
1166660 1788.4
1166670 1788.4
1166680 1786.4
1166690 1784.6
1166700 1784.6
1166710 1781.6
1166720 1778.6
1166730 1778.6
1166740 1775.2
1166750 1773.0
1166760 1771.5
1166770 1771.5
1166780 1770.8
1166790 1770.7
1166800 1770.7
1166810 1769.8
1166820 1766.8
1166830 1766.8
1166840 1765.0
1166850 1765.3
1166860 1765.3
1166870 1764.9
1166880 1764.3
1166890 1764.3
1166900 1763.2
1166910 1761.3
1166920 1761.3
1166930 1760.1
1166940 1758.4
1166950 1758.4
1166960 1757.4
1166970 1755.8
1166980 1755.8
1166990 1754.7
1167000 1753.7
1167010 1748.6
1167020 1748.6
1167030 1749.6
1167040 1749.5
1167050 1749.5
1167060 1748.6
1167070 1746.5
1167080 1746.5
1167090 1743.2
1167100 1740.5
1167110 1740.5
1167120 1738.5
1167130 1736.2
1167140 1736.2
1167150 1734.2
1167160 1732.2
1167170 1732.2
1167180 1730.2
1167190 1727.6
1167200 1727.6
1167210 1723.5
1167220 1720.4
1167230 1720.4
1167240 1719.6
1167250 1719.1
1167260 1719.0
1167270 1719.0
1167280 1718.1
1167290 1716.3
1167300 1716.3
1167310 1715.5
1167320 1714.4
1167330 1714.4
1167340 1710.6
1167350 1706.5
1167360 1706.5
1167370 1702.6
1167380 1697.9
1167390 1697.9
1167400 1692.3
1167410 1685.1
1167420 1685.1
1167430 1679.6
1167440 1674.7
1167450 1674.7
1167460 1669.4
1167470 1664.3
1167480 1659.7
1167490 1659.7
1167500 1656.6
1167510 1652.4
1167520 1652.4
1167530 1647.1
1167540 1643.3
1167550 1643.3
1167560 1638.1
1167570 1632.3
1167580 1632.3
1167590 1625.9
1167600 1619.6
1167610 1619.6
1167620 1613.8
1167630 1609.4
1167640 1609.4
1167650 1604.1
1167660 1598.0
1167670 1598.0
1167680 1592.2
1167690 1586.8
1167700 1586.8
1167710 1581.8
1167720 1576.6
1167730 1571.0
1167740 1571.0
1167750 1565.5
1167760 1560.1
1167770 1560.1
1167780 1554.0
1167790 1548.1
1167800 1548.1
1167810 1543.0
1167820 1536.3
1167830 1536.3
1167840 1530.4
1167850 1525.6
1167860 1525.6
1167870 1520.2
1167880 1516.3
1167890 1516.3
1167900 1513.4
1167910 1511.4
1167920 1511.4
1167930 1508.9
1167940 1505.4
1167950 1503.7
1167960 1503.7
1167970 1500.4
1167980 1496.4
1167990 1496.4
1168000 1493.2
1168010 1489.5
1168020 1489.5
1168030 1483.0
1168040 1476.3
1168050 1476.3
1168060 1469.0
1168070 1459.2
1168080 1459.2
1168090 1451.0
1168100 1445.2
1168110 1445.2
1168120 1440.7
1168130 1437.0
1168140 1437.0
1168150 1433.5
1168160 1430.7
1168170 1430.7
1168180 1428.2
1168190 1424.6
1168200 1420.1
1168210 1418.1
1168220 1408.7
1168230 1400.8
1168240 1400.8
1168250 1393.1
1168260 1387.6
1168270 1387.6
1168280 1384.8
1168290 1382.9
1168300 1382.9
1168310 1381.1
1168320 1377.2
1168330 1377.2
1168340 1370.5
1168350 1363.2
1168360 1363.2
1168370 1356.6
1168380 1347.6
1168390 1347.6
1168400 1338.6
1168410 1332.6
1168420 1332.6
1168430 1326.6
1168440 1320.5
1168450 1314.4
1168460 1314.4
1168470 1310.9
1168480 1308.0
1168490 1308.0
1168500 1306.0
1168510 1303.7
1168520 1303.7
1168530 1303.0
1168540 1302.6
1168550 1302.6
1168560 1301.3
1168570 1299.4
1168580 1299.4
1168590 1296.6
1168600 1293.3
1168610 1298.3
1168620 1295.2
1168630 1291.8
1168640 1291.8
1168650 1288.4
1168660 1284.2
1168670 1280.7
1168680 1280.7
1168690 1278.1
1168700 1274.7
1168710 1274.7
1168720 1269.4
1168730 1263.1
1168740 1263.1
1168750 1257.7
1168760 1253.4
1168770 1253.4
1168780 1248.8
1168790 1243.2
1168800 1243.2
1168810 1238.1
1168820 1234.4
1168830 1234.4
1168840 1230.9
1168850 1226.6
1168860 1226.6
1168870 1222.4
1168880 1218.8
1168890 1218.8
1168900 1215.7
1168910 1212.1
1168920 1208.4
1168930 1208.4
1168940 1204.8
1168950 1201.2
1168960 1201.2
1168970 1196.4
1168980 1192.1
1168990 1192.1
1169000 1187.1
1169010 1181.7
1169020 1179.8
1169030 1175.3
1169040 1171.4
1169050 1171.4
1169060 1166.4
1169070 1161.6
1169080 1161.6
1169090 1158.0
1169100 1155.0
1169110 1155.0
1169120 1150.3
1169130 1146.8
1169140 1143.0
1169150 1143.0
1169160 1139.3
1169170 1135.8
1169180 1135.8
1169190 1131.6
1169200 1127.3
1169210 1127.3
1169220 1123.6
1169230 1121.2
1169240 1121.2
1169250 1118.5
1169260 1115.3
1169270 1115.3
1169280 1111.3
1169290 1108.0
1169300 1108.0
1169310 1105.4
1169320 1102.8
1169330 1102.8
1169340 1100.4
1169350 1096.9
1169360 1096.9
1169370 1091.5
1169380 1087.0
1169390 1082.2
1169400 1082.2
1169410 1078.1
1169420 1077.9
1169430 1077.9
1169440 1073.6
1169450 1069.8
1169460 1069.8
1169470 1066.0
1169480 1064.7
1169490 1064.7
1169500 1064.7
1169510 1065.2
1169520 1065.2
1169530 1066.3
1169540 1067.8
1169550 1067.8
1169560 1068.6
1169570 1070.4
1169580 1070.4
1169590 1074.2
1169600 1075.4
1169610 1075.4
1169620 1075.5
1169630 1076.3
1169640 1078.3
1169650 1078.3
1169660 1082.2
1169670 1086.7
1169680 1086.7
1169690 1091.7
1169700 1097.6
1169710 1097.6
1169720 1102.9
1169730 1107.4
1169740 1107.4
1169750 1109.8
1169760 1111.4
1169770 1111.4
1169780 1114.4
1169790 1118.5
1169800 1118.5
1169810 1126.5
1169820 1134.3
1169830 1134.3
1169840 1136.2
1169850 1138.0
1169860 1137.9
1169870 1137.9
1169880 1136.9
1169890 1137.1
1169900 1137.1
1169910 1138.5
1169920 1140.3
1169930 1140.3
1169940 1141.5
1169950 1139.3
1169960 1139.3
1169970 1130.7
1169980 1120.4
1169990 1120.4
1170000 1112.2
1170010 1105.2
1170020 1105.2
1170030 1097.5
1170040 1090.7
1170050 1090.7
1170060 1085.3
1170070 1088.4
1170080 1088.4
1170090 1096.3
1170100 1099.3
1170110 1096.9
1170120 1096.9
1170130 1095.6
1170140 1096.6
1170150 1096.6
1170160 1098.7
1170170 1099.5
1170180 1099.5
1170190 1102.2
1170200 1106.5
1170210 1106.5
1170220 1111.7
1170230 1112.8
1170240 1112.8
1170250 1117.4
1170260 1122.7
1170270 1122.7
1170280 1125.9
1170290 1128.7
1170300 1128.7
1170310 1129.4
1170320 1129.1
1170330 1128.4
1170340 1128.4
1170350 1129.0
1170360 1128.3
1170370 1128.3
1170380 1125.6
1170390 1123.5
1170400 1123.5
1170410 1122.4
1170420 1123.5
1170430 1123.5
1170440 1124.9
1170450 1128.5
1170460 1128.5
1170470 1132.2
1170480 1135.1
1170490 1135.1
1170500 1137.8
1170510 1139.7
1170520 1139.7
1170530 1140.0
1170540 1137.1
1170550 1137.1
1170560 1135.5
1170570 1133.1
1170580 1130.5
1170590 1130.5
1170600 1128.2
1170610 1125.6
1170620 1125.6
1170630 1121.2
1170640 1118.6
1170650 1118.6
1170660 1115.0
1170670 1111.2
1170680 1111.2
1170690 1106.2
1170700 1100.9
1170710 1100.9
1170720 1096.4
1170730 1093.8
1170740 1093.8
1170750 1091.9
1170760 1090.0
1170770 1090.0
1170780 1088.6
1170790 1087.3
1170800 1087.3
1170810 1085.8
1170820 1084.1
1170830 1081.8
1170840 1081.8
1170850 1079.3
1170860 1077.5
1170870 1077.5
1170880 1076.3
1170890 1073.5
1170900 1073.5
1170910 1072.9
1170920 1072.1
1170930 1072.1
1170940 1069.9
1170950 1068.4
1170960 1068.4
1170970 1068.0
1170980 1066.9
1170990 1066.9
1171000 1065.3
1171010 1063.7
1171020 1063.7
1171030 1061.1
1171040 1057.0
1171050 1056.5
1171060 1056.5
1171070 1055.0
1171080 1053.8
1171090 1053.8
1171100 1052.8
1171110 1051.9
1171120 1051.9
1171130 1050.9
1171140 1050.0
1171150 1050.0
1171160 1049.6
1171170 1049.5
1171180 1049.5
1171190 1049.3
1171200 1049.2
1171210 1049.2
1171220 1049.0
1171230 1048.5
1171240 1048.5
1171250 1048.1
1171260 1048.5
1171270 1048.5
1171280 1049.0
1171290 1048.5
1171300 1047.4
1171310 1047.4
1171320 1045.6
1171330 1043.3
1171340 1043.3
1171350 1041.0
1171360 1040.2
1171370 1040.2
1171380 1039.9
1171390 1038.7
1171400 1038.7
1171410 1036.8
1171420 1034.9
1171430 1034.9
1171440 1029.9
1171450 1028.2
1171460 1028.2
1171470 1027.0
1171480 1026.4
1171490 1026.4
1171500 1025.9
1171510 1025.2
1171520 1024.2
1171530 1024.2
1171540 1022.2
1171550 1019.9
1171560 1019.9
1171570 1019.2
1171580 1018.1
1171590 1018.1
1171600 1017.0
1171610 1015.8
1171620 1015.8
1171630 1014.7
1171640 1013.8
1171650 1013.8
1171660 1013.1
1171670 1012.7
1171680 1012.7
1171690 1012.1
1171700 1011.9
1171710 1011.9
1171720 1012.2
1171730 1012.6
1171740 1012.6
1171750 1013.0
1171760 1013.5
1171770 1014.0
1171780 1014.0
1171790 1014.8
1171800 1015.4
1171810 1015.4
1171820 1015.4
1171830 1014.3
1171840 1014.3
1171850 1011.2
1171860 1010.3
1171870 1010.3
1171880 1009.6
1171890 1009.3
1171900 1009.3
1171910 1009.4
1171920 1007.3
1171930 1007.3
1171940 1004.7
1171950 1001.6
1171960 1001.6
1171970 999.5
1171980 996.4
1171990 996.4
1172000 992.7
1172010 994.1
1172020 998.6
1172030 998.6
1172040 1004.2
1172050 1009.8
1172060 1009.8
1172070 1012.1
1172080 1012.2
1172090 1012.2
1172100 1013.0
1172110 1013.3
1172120 1013.3
1172130 1012.5
1172140 1011.8
1172150 1011.8
1172160 1011.3
1172170 1010.7
1172180 1010.7
1172190 1010.1
1172200 1009.1
1172210 1009.1
1172220 1007.9
1172230 1006.7
1172240 1006.0
1172250 1004.5
1172260 1004.1
1172270 1004.0
1172280 1004.0
1172290 1004.3
1172300 1004.9
1172310 1004.9
1172320 1005.4
1172330 1006.2
1172340 1006.2
1172350 1006.4
1172360 1006.4
1172370 1006.4
1172380 1006.8
1172390 1007.3
1172400 1007.3
1172410 1007.6
1172420 1008.1
1172430 1008.1
1172440 1008.8
1172450 1009.4
1172460 1009.4
1172470 1009.4
1172480 1009.3
1172490 1009.0
1172500 1009.0
1172510 1008.4
1172520 1008.0
1172530 1008.0
1172540 1007.8
1172550 1007.8
1172560 1007.8
1172570 1008.0
1172580 1008.5
1172590 1008.5
1172600 1009.1
1172610 1009.8
1172620 1009.8
1172630 1010.2
1172640 1010.3
1172650 1010.3
1172660 1008.2
1172670 1007.6
1172680 1007.6
1172690 1006.8
1172700 1006.0
1172710 1005.3
1172720 1005.3
1172730 1004.9
1172740 1004.6
1172750 1004.6
1172760 1004.1
1172770 1003.1
1172780 1003.1
1172790 1001.6
1172800 1000.4
1172810 1000.4
1172820 999.7
1172830 999.2
1172840 999.2
1172850 998.8
1172860 998.4
1172870 998.4
1172880 998.1
1172890 997.8
1172900 997.8
1172910 997.8
1172920 997.9
1172930 997.9
1172940 998.2
1172950 998.4
1172960 998.6
1172970 998.6
1172980 998.9
1172990 999.1
1173000 999.1
1173010 999.2
1173020 999.3
1173030 999.3
1173040 999.2
1173050 998.8
1173060 998.8
1173070 996.6
1173080 996.4
1173090 996.4
1173100 996.3
1173110 996.1
1173120 996.1
1173130 995.8
1173140 995.8
1173150 995.8
1173160 995.9
1173170 996.3
1173180 996.3
1173190 996.8
1173200 997.9
1173210 998.7
1173220 998.7
1173230 998.7
1173240 998.3
1173250 998.3
1173260 997.4
1173270 996.5
1173280 996.5
1173290 996.2
1173300 995.5
1173310 995.5
1173320 994.9
1173330 994.2
1173340 994.2
1173350 993.6
1173360 993.4
1173370 993.4
1173380 993.2
1173390 992.9
1173400 992.9
1173410 992.8
1173420 992.6
1173430 992.7
1173440 992.7
1173450 993.2
1173460 993.9
1173470 993.9
1173480 992.6
1173490 993.2
1173500 993.2
1173510 993.6
1173520 994.2
1173530 994.2
1173540 994.7
1173550 995.2
1173560 995.2
1173570 995.6
1173580 996.0
1173590 996.0
1173600 996.5
1173610 996.8
1173620 996.8
1173630 997.0
1173640 997.0
1173650 997.0
1173660 996.6
1173670 996.3
1173680 995.9
1173690 995.9
1173700 995.7
1173710 995.5
1173720 995.5
1173730 995.7
1173740 996.0
1173750 996.0
1173760 995.8
1173770 995.5
1173780 995.5
1173790 995.3
1173800 995.4
1173810 995.4
1173820 995.5
1173830 995.5
1173840 995.5
1173850 995.6
1173860 995.8
1173870 995.8
1173880 994.2
1173890 995.1
1173900 994.3
1173910 994.3
1173920 988.5
1173930 983.7
1173940 983.7
1173950 980.5
1173960 978.6
1173970 978.6
1173980 977.6
1173990 976.5
1174000 976.5
1174010 975.2
1174020 974.9
1174030 974.9
1174040 975.8
1174050 977.1
1174060 977.1
1174070 976.5
1174080 967.9
1174090 967.9
1174100 955.4
1174110 941.8
1174120 941.8
1174130 943.1
1174140 953.4
1174150 966.6
1174160 966.6
1174170 975.5
1174180 985.8
1174190 985.8
1174200 994.2
1174210 1000.9
1174220 1000.9
1174230 1008.8
1174240 1012.1
1174250 1012.1
1174260 1013.2
1174270 1011.9
1174280 1011.9
1174290 1006.1
1174300 1006.0
1174310 1006.0
1174320 1006.8
1174330 1007.2
1174340 1007.2
1174350 1006.7
1174360 1007.2
1174370 1007.2
1174380 1006.3
1174390 1004.5
1174400 1002.9
1174410 1002.9
1174420 1000.9
1174430 999.8
1174440 999.8
1174450 999.1
1174460 998.9
1174470 998.9
1174480 998.8
1174490 998.5
1174500 998.5
1174510 998.7
1174520 1001.4
1174530 1001.4
1174540 1003.0
1174550 1002.8
1174560 1002.8
1174570 1002.5
1174580 1001.8
1174590 1001.8
1174600 1001.0
1174610 1000.2
1174620 999.4
1174630 999.4
1174640 998.6
1174650 997.6
1174660 997.6
1174670 996.7
1174680 995.9
1174690 995.9
1174700 993.8
1174710 993.9
1174720 993.9
1174730 994.3
1174740 994.2
1174750 994.2
1174760 994.4
1174770 994.5
1174780 994.5
1174790 994.6
1174800 994.7
1174810 994.7
1174820 994.7
1174830 994.7
1174840 994.7
1174850 994.3
1174860 993.6
1174870 992.9
1174880 992.9
1174890 992.2
1174900 991.8
1174910 991.8
1174920 991.4
1174930 990.7
1174940 990.7
1174950 990.0
1174960 989.5
1174970 989.5
1174980 989.1
1174990 988.6
1175000 988.6
1175010 988.3
1175020 987.8
1175030 987.8
1175040 987.4
1175050 987.0
1175060 987.0
1175070 986.5
1175080 985.9
1175090 985.3
1175100 985.3
1175110 981.2
1175120 981.6
1175130 981.6
1175140 981.0
1175150 980.9
1175160 980.9
1175170 980.9
1175180 980.9
1175190 980.9
1175200 980.5
1175210 980.0
1175220 980.0
1175230 979.5
1175240 978.1
1175250 978.1
1175260 973.8
1175270 971.3
1175280 971.3
1175290 970.0
1175300 968.6
1175310 968.6
1175320 967.3
1175330 966.1
1175340 964.8
1175350 964.8
1175360 963.3
1175370 962.0
1175380 962.0
1175390 961.0
1175400 960.4
1175410 960.4
1175420 959.6
1175430 958.0
1175440 958.0
1175450 956.5
1175460 955.2
1175470 955.2
1175480 953.8
1175490 951.9
1175500 951.9
1175510 949.1
1175520 946.0
1175530 946.0
1175540 944.4
1175550 942.3
1175560 939.5
1175570 939.5
1175580 937.1
1175590 934.3
1175600 934.3
1175610 930.9
1175620 927.9
1175630 927.9
1175640 925.5
1175650 923.3
1175660 923.3
1175670 921.5
1175680 920.4
1175690 920.4
1175700 918.7
1175710 915.7
1175720 915.7
1175730 912.7
1175740 908.8
1175750 908.8
1175760 905.2
1175770 902.0
1175780 902.0
1175790 899.5
1175800 897.0
1175810 893.7
1175820 893.7
1175830 891.0
1175840 888.6
1175850 888.6
1175860 886.9
1175870 884.8
1175880 884.8
1175890 881.9
1175900 878.0
1175910 878.0
1175920 872.5
1175930 866.5
1175940 867.8
1175950 864.3
1175960 860.8
1175970 860.8
1175980 855.8
1175990 850.2
1176000 850.2
1176010 844.5
1176020 838.6
1176030 838.6
1176040 832.7
1176050 827.4
1176060 822.7
1176070 822.7
1176080 819.1
1176090 814.4
1176100 814.4
1176110 809.1
1176120 804.7
1176130 804.7
1176140 800.9
1176150 797.3
1176160 797.3
1176170 792.7
1176180 788.9
1176190 788.9
1176200 787.4
1176210 786.7
1176220 786.7
1176230 785.9
1176240 784.2
1176250 784.2
1176260 784.6
1176270 784.4
1176280 784.2
1176290 784.2
1176300 783.9
1176310 783.3
1176320 783.3
1176330 782.3
1176340 780.0
1176350 777.7
1176360 776.5
1176370 776.4
1176380 776.4
1176390 776.4
1176400 776.4
1176410 776.4
1176420 776.5
1176430 776.7
1176440 776.7
1176450 776.7
1176460 776.6
1176470 776.6
1176480 776.6
1176490 776.6
1176500 776.6
1176510 776.5
1176520 776.2
1176530 775.5
1176540 775.5
1176550 774.4
1176560 773.5
1176570 773.5
1176580 772.7
1176590 772.3
1176600 772.3
1176610 772.2
1176620 772.0
1176630 772.0
1176640 771.9
1176650 771.8
1176660 771.8
1176670 771.8
1176680 772.2
1176690 772.2
1176700 773.8
1176710 777.1
1176720 777.1
1176730 780.1
1176740 781.6
1176750 781.7
1176760 782.0
1176770 782.6
1176780 784.6
1176790 784.6
1176800 787.1
1176810 790.2
1176820 790.2
1176830 793.3
1176840 795.9
1176850 795.9
1176860 797.7
1176870 798.8
1176880 798.8
1176890 799.2
1176900 799.2
1176910 799.2
1176920 799.2
1176930 799.3
1176940 799.3
1176950 799.2
1176960 799.3
1176970 799.3
1176980 799.6
1176990 799.8
1177000 799.9
1177010 799.9
1177020 799.9
1177030 799.6
1177040 799.6
1177050 799.3
1177060 799.6
1177070 799.6
1177080 799.4
1177090 797.9
1177100 797.9
1177110 793.0
1177120 787.6
1177130 787.6
1177140 783.7
1177150 783.0
1177160 783.0
1177170 792.3
1177180 794.7
1177190 794.7
1177200 798.0
1177210 799.1
1177220 799.1
1177230 799.1
1177240 799.0
1177250 799.0
1177260 799.0
1177270 799.2
1177280 799.3
1177290 799.3
1177300 799.4
1177310 799.5
1177320 799.5
1177330 799.9
1177340 800.8
1177350 800.8
1177360 801.2
1177370 800.3
1177380 800.3
1177390 798.6
1177400 798.4
1177410 798.4
1177420 798.4
1177430 798.3
1177440 798.3
1177450 798.4
1177460 798.4
1177470 798.4
1177480 798.4
1177490 798.4
1177500 798.4
1177510 798.4
1177520 798.4
1177530 799.2
1177540 799.2
1177550 800.9
1177560 803.3
1177570 803.3
1177580 809.7
1177590 813.8
1177600 813.8
1177610 817.4
1177620 820.8
1177630 820.8
1177640 825.9
1177650 831.4
1177660 831.4
1177670 837.3
1177680 844.1
1177690 844.1
1177700 851.9
1177710 859.3
1177720 865.6
1177730 865.6
1177740 869.6
1177750 874.1
1177760 874.1
1177770 880.9
1177780 885.6
1177790 885.6
1177800 890.4
1177810 898.4
1177820 898.4
1177830 901.4
1177840 903.9
1177850 903.9
1177860 907.0
1177870 910.2
1177880 910.2
1177890 914.2
1177900 918.3
1177910 918.3
1177920 922.4
1177930 926.4
1177940 929.8
1177950 929.8
1177960 931.6
1177970 932.1
1177980 932.1
1177990 933.8
1178000 937.3
1178010 937.3
1178020 939.2
1178030 941.0
1178040 941.0
1178050 943.0
1178060 944.7
1178070 944.7
1178080 946.1
1178090 947.3
1178100 947.3
1178110 948.5
1178120 950.0
1178130 950.0
1178140 950.7
1178150 950.5
1178160 950.5
1178170 950.5
1178180 950.5
1178190 950.1
1178200 950.1
1178210 949.8
1178220 949.6
1178230 949.6
1178240 949.9
1178250 951.0
1178260 951.0
1178270 952.3
1178280 953.0
1178290 953.0
1178300 953.5
1178310 953.7
1178320 953.7
1178330 952.3
1178340 949.5
1178350 949.5
1178360 948.8
1178370 950.2
1178380 950.2
1178390 952.8
1178400 955.2
1178410 964.5
1178420 964.5
1178430 970.8
1178440 975.5
1178450 975.5
1178460 977.2
1178470 978.4
1178480 978.4
1178490 979.5
1178500 981.6
1178510 981.6
1178520 983.7
1178530 985.1
1178540 985.1
1178550 986.3
1178560 987.1
1178570 987.1
1178580 987.5
1178590 987.5
1178600 987.5
1178610 987.8
1178620 988.9
1178630 988.9
1178640 990.3
1178650 992.0
1178660 993.8
1178670 993.8
1178680 995.3
1178690 996.5
1178700 996.5
1178710 997.6
1178720 999.1
1178730 999.1
1178740 1001.2
1178750 1002.9
1178760 1002.9
1178770 1004.1
1178780 1005.9
1178790 1005.9
1178800 1008.3
1178810 1010.0
1178820 1010.0
1178830 1015.3
1178840 1016.4
1178850 1016.4
1178860 1017.2
1178870 1018.2
1178880 1018.2
1178890 1019.2
1178900 1020.4
1178910 1022.4
1178920 1022.4
1178930 1024.6
1178940 1026.3
1178950 1026.3
1178960 1027.5
1178970 1029.8
1178980 1029.8
1178990 1032.3
1179000 1034.4
1179010 1034.4
1179020 1036.8
1179030 1040.4
1179040 1040.4
1179050 1044.9
1179060 1050.2
1179070 1050.2
1179080 1054.6
1179090 1059.0
1179100 1059.0
1179110 1063.9
1179120 1069.9
1179130 1077.5
1179140 1077.5
1179150 1085.6
1179160 1094.2
1179170 1094.2
1179180 1100.5
1179190 1103.7
1179200 1103.7
1179210 1106.3
1179220 1108.3
1179230 1108.3
1179240 1114.9
1179250 1121.6
1179260 1121.6
1179270 1125.7
1179280 1129.4
1179290 1129.4
1179300 1133.9
1179310 1138.2
1179320 1138.2
1179330 1140.7
1179340 1142.6
1179350 1142.6
1179360 1146.3
1179370 1149.6
1179380 1151.8
1179390 1151.8
1179400 1151.0
1179410 1152.8
1179420 1152.8
1179430 1155.8
1179440 1158.1
1179450 1158.1
1179460 1162.4
1179470 1167.8
1179480 1167.8
1179490 1174.0
1179500 1180.4
1179510 1180.4
1179520 1185.5
1179530 1187.3
1179540 1187.3
1179550 1188.7
1179560 1192.8
1179570 1192.8
1179580 1197.7
1179590 1201.9
1179600 1206.2
1179610 1206.2
1179620 1212.3
1179630 1218.7
1179640 1218.7
1179650 1222.5
1179660 1230.2
1179670 1230.2
1179680 1234.1
1179690 1237.5
1179700 1237.5
1179710 1242.3
1179720 1248.0
1179730 1248.0
1179740 1254.0
1179750 1259.2
1179760 1259.2
1179770 1264.7
1179780 1270.5
1179790 1270.5
1179800 1275.5
1179810 1280.3
1179820 1280.3
1179830 1286.0
1179840 1293.4
1179850 1300.4
1179860 1300.4
1179870 1304.1
1179880 1306.3
1179890 1306.3
1179900 1307.8
1179910 1309.7
1179920 1309.7
1179930 1311.6
1179940 1313.1
1179950 1313.1
1179960 1314.6
1179970 1316.6
1179980 1316.6
1179990 1318.7
