1160000 1467.7
1160010 1478.2
1160020 1478.2
1160030 1490.0
1160040 1504.6
1160050 1504.6
1160060 1515.8
1160070 1517.8
1160080 1522.8
1160090 1522.8
1160100 1524.8
1160110 1527.3
1160120 1527.3
1160130 1529.9
1160140 1532.6
1160150 1532.6
1160160 1535.2
1160170 1538.1
1160180 1538.1
1160190 1541.4
1160200 1544.6
1160210 1544.6
1160220 1547.4
1160230 1550.8
1160240 1550.8
1160250 1554.5
1160260 1558.2
1160270 1558.2
1160280 1561.8
1160290 1564.2
1160300 1564.2
1160310 1562.0
1160320 1557.1
1160330 1553.3
1160340 1553.3
1160350 1549.6
1160360 1546.8
1160370 1546.8
1160380 1546.1
1160390 1544.4
1160400 1544.4
1160410 1543.4
1160420 1540.9
1160430 1540.9
1160440 1538.0
1160450 1535.4
1160460 1535.4
1160470 1524.0
1160480 1522.8
1160490 1522.8
1160500 1523.0
1160510 1524.4
1160520 1524.4
1160530 1526.1
1160540 1526.9
1160550 1526.8
1160560 1526.8
1160570 1527.3
1160580 1531.0
1160590 1531.0
1160600 1534.4
1160610 1540.6
1160620 1540.6
1160630 1544.8
1160640 1544.2
1160650 1544.2
1160660 1541.9
1160670 1537.1
1160680 1537.1
1160690 1531.8
1160700 1526.3
1160710 1526.3
1160720 1521.5
1160730 1517.7
1160740 1517.7
1160750 1514.8
1160760 1513.4
1160770 1513.4
1160780 1510.7
1160790 1505.4
1160800 1501.2
1160810 1501.2
1160820 1499.4
1160830 1497.8
1160840 1497.8
1160850 1496.0
1160860 1490.1
1160870 1490.1
1160880 1487.1
1160890 1483.8
1160900 1483.8
1160910 1480.3
1160920 1484.2
1160930 1484.2
1160940 1491.6
1160950 1497.8
1160960 1497.8
1160970 1503.0
1160980 1508.8
1160990 1508.8
1161000 1516.9
1161010 1526.9
1161020 1537.3
1161030 1537.3
1161040 1541.9
1161050 1544.4
1161060 1544.4
1161070 1549.7
1161080 1555.9
1161090 1555.9
1161100 1562.2
1161110 1569.1
1161120 1569.1
1161130 1576.2
1161140 1582.1
1161150 1582.1
1161160 1586.4
1161170 1590.3
1161180 1590.3
1161190 1596.4
1161200 1597.2
1161210 1597.2
1161220 1595.6
1161230 1597.3
1161240 1597.3
1161250 1590.3
1161260 1590.5
1161270 1590.2
1161280 1590.2
1161290 1589.2
1161300 1584.9
1161310 1584.9
1161320 1578.9
1161330 1575.3
1161340 1575.3
1161350 1572.9
1161360 1573.3
1161370 1573.3
1161380 1577.0
1161390 1583.8
1161400 1583.8
1161410 1589.5
1161420 1595.2
1161430 1595.2
1161440 1600.0
1161450 1607.0
1161460 1607.0
1161470 1613.5
1161480 1618.0
1161490 1618.0
1161500 1620.8
1161510 1626.6
1161520 1632.2
1161530 1632.2
1161540 1638.3
1161550 1644.2
1161560 1644.2
1161570 1651.8
1161580 1660.2
1161590 1660.2
1161600 1667.6
1161610 1674.7
1161620 1674.7
1161630 1685.5
1161640 1695.3
1161650 1695.3
1161660 1700.6
1161670 1703.4
1161680 1703.4
1161690 1706.7
1161700 1711.6
1161710 1711.6
1161720 1718.6
1161730 1725.6
1161740 1729.0
1161750 1729.0
1161760 1731.3
1161770 1731.1
1161780 1731.1
1161790 1732.9
1161800 1736.8
1161810 1736.8
1161820 1741.4
1161830 1743.2
1161840 1743.2
1161850 1743.0
1161860 1744.6
1161870 1744.6
1161880 1749.2
1161890 1755.2
1161900 1755.2
1161910 1760.3
1161920 1765.0
1161930 1765.0
1161940 1768.6
1161950 1771.2
1161960 1771.2
1161970 1776.2
1161980 1783.0
1161990 1788.8
1162000 1788.8
1162010 1794.2
1162020 1799.1
1162030 1799.1
1162040 1797.1
1162050 1801.1
1162060 1801.1
1162070 1805.6
1162080 1811.1
1162090 1811.1
1162100 1816.6
1162110 1821.0
1162120 1821.0
1162130 1824.6
1162140 1826.3
1162150 1826.3
1162160 1830.1
1162170 1833.4
1162180 1833.4
1162190 1835.7
1162200 1836.8
1162210 1836.8
1162220 1839.1
1162230 1842.6
1162240 1846.7
1162250 1846.7
1162260 1851.4
1162270 1857.1
1162280 1857.1
1162290 1863.0
1162300 1868.3
1162310 1868.3
1162320 1873.0
1162330 1877.2
1162340 1877.2
1162350 1880.8
1162360 1883.2
1162370 1883.2
1162380 1885.9
1162390 1890.5
1162400 1890.5
1162410 1894.7
1162420 1898.9
1162430 1898.0
1162440 1902.0
1162450 1905.7
1162460 1907.9
1162470 1907.9
1162480 1908.2
1162490 1907.0
1162500 1907.0
1162510 1906.9
1162520 1908.4
1162530 1908.4
1162540 1909.8
1162550 1910.2
1162560 1910.2
1162570 1911.9
1162580 1913.8
1162590 1913.8
1162600 1916.3
1162610 1919.2
1162620 1919.2
1162630 1922.3
1162640 1925.3
1162650 1925.3
1162660 1927.8
1162670 1930.6
1162680 1930.6
1162690 1933.5
1162700 1936.5
1162710 1939.7
1162720 1939.7
1162730 1942.2
1162740 1944.6
1162750 1944.6
1162760 1946.7
1162770 1948.4
1162780 1948.4
1162790 1949.5
1162800 1949.9
1162810 1949.9
1162820 1951.0
1162830 1948.6
1162840 1948.6
1162850 1949.7
1162860 1950.9
1162870 1950.9
1162880 1951.8
1162890 1952.8
1162900 1952.8
1162910 1953.8
1162920 1954.2
1162930 1954.2
1162940 1953.3
1162950 1951.6
1162960 1951.1
1162970 1951.1
1162980 1951.8
1162990 1952.5
1163000 1952.5
1163010 1953.0
1163020 1953.2
1163030 1953.2
1163040 1952.7
1163050 1952.1
1163060 1952.1
1163070 1951.9
1163080 1950.9
1163090 1950.9
1163100 1949.3
1163110 1947.4
1163120 1947.4
1163130 1945.5
1163140 1944.9
1163150 1944.9
1163160 1944.3
1163170 1942.7
1163180 1940.2
1163190 1940.2
1163200 1938.4
1163210 1937.5
1163220 1934.9
1163230 1933.9
1163240 1932.8
1163250 1932.8
1163260 1932.3
1163270 1931.3
1163280 1931.3
1163290 1929.6
1163300 1927.0
1163310 1927.0
1163320 1923.6
1163330 1922.2
1163340 1922.2
1163350 1921.3
1163360 1921.1
1163370 1921.1
1163380 1921.4
1163390 1921.1
1163400 1921.1
1163410 1920.3
1163420 1919.7
1163430 1920.8
1163440 1920.8
1163450 1920.6
1163460 1919.0
1163470 1919.0
1163480 1916.7
1163490 1915.4
1163500 1915.4
1163510 1915.4
1163520 1915.1
1163530 1915.1
1163540 1915.0
1163550 1915.8
1163560 1915.8
1163570 1917.2
1163580 1918.1
1163590 1918.1
1163600 1918.6
1163610 1919.4
1163620 1916.0
1163630 1916.6
1163640 1916.5
1163650 1915.7
1163660 1915.7
1163670 1914.8
1163680 1914.5
1163690 1914.5
1163700 1914.0
1163710 1914.7
1163720 1914.7
1163730 1916.4
1163740 1916.3
1163750 1916.3
1163760 1915.2
1163770 1915.0
1163780 1915.0
1163790 1917.5
1163800 1919.6
1163810 1919.6
1163820 1920.9
1163830 1922.0
1163840 1922.0
1163850 1922.2
1163860 1922.7
1163870 1922.7
1163880 1922.3
1163890 1921.1
1163900 1920.8
1163910 1920.8
1163920 1920.3
1163930 1919.0
1163940 1919.0
1163950 1915.6
1163960 1912.9
1163970 1912.9
1163980 1911.9
1163990 1913.1
1164000 1913.1
1164010 1910.5
1164020 1909.3
1164030 1909.3
1164040 1908.4
1164050 1909.4
1164060 1909.4
1164070 1910.0
1164080 1910.0
1164090 1910.0
1164100 1909.2
1164110 1907.9
1164120 1907.9
1164130 1906.1
1164140 1903.6
1164150 1901.2
1164160 1901.2
1164170 1897.9
1164180 1894.1
1164190 1894.1
1164200 1891.6
1164210 1885.0
1164220 1885.0
1164230 1877.5
1164240 1872.0
1164250 1872.0
1164260 1865.6
1164270 1859.4
1164280 1859.4
1164290 1855.8
1164300 1861.2
1164310 1861.2
1164320 1867.4
1164330 1873.6
1164340 1873.6
1164350 1881.5
1164360 1890.2
1164370 1897.1
1164380 1897.1
1164390 1901.1
1164400 1905.6
1164410 1898.9
1164420 1902.4
1164430 1906.8
1164440 1906.8
1164450 1910.8
1164460 1916.1
1164470 1916.1
1164480 1919.9
1164490 1922.1
1164500 1922.1
1164510 1923.7
1164520 1923.9
1164530 1923.9
1164540 1921.8
1164550 1917.7
1164560 1917.7
1164570 1915.3
1164580 1916.1
1164590 1916.1
1164600 1917.7
1164610 1919.0
1164620 1917.5
1164630 1917.5
1164640 1914.2
1164650 1913.0
1164660 1913.0
1164670 1912.8
1164680 1912.9
1164690 1912.9
1164700 1913.2
1164710 1913.5
1164720 1913.5
1164730 1913.9
1164740 1914.5
1164750 1914.5
1164760 1915.2
1164770 1916.5
1164780 1916.5
1164790 1917.7
1164800 1919.1
1164810 1919.1
1164820 1921.1
1164830 1923.2
1164840 1923.2
1164850 1925.7
1164860 1928.4
1164870 1931.0
1164880 1931.0
1164890 1933.2
1164900 1935.3
1164910 1935.3
1164920 1937.3
1164930 1939.5
1164940 1939.5
1164950 1941.6
1164960 1943.7
1164970 1943.7
1164980 1946.0
1164990 1949.3
1165000 1949.3
1165010 1951.3
1165020 1952.8
1165030 1952.8
1165040 1955.4
1165050 1957.5
1165060 1957.5
1165070 1959.9
1165080 1961.8
1165090 1963.2
1165100 1963.2
1165110 1964.5
1165120 1966.3
1165130 1966.3
1165140 1968.2
1165150 1970.1
1165160 1970.1
1165170 1972.2
1165180 1974.6
1165190 1974.6
1165200 1974.7
1165210 1977.9
1165220 1977.9
1165230 1980.9
1165240 1982.8
1165250 1982.8
1165260 1985.0
1165270 1987.2
1165280 1987.2
1165290 1988.8
1165300 1989.8
1165310 1989.8
1165320 1990.0
1165330 1989.9
1165340 1990.0
1165350 1990.0
1165360 1989.5
1165370 1988.7
1165380 1988.7
1165390 1988.4
1165400 1988.4
1165410 1988.4
1165420 1991.5
1165430 1992.8
1165440 1992.8
1165450 1993.4
1165460 1993.1
1165470 1993.1
1165480 1993.2
1165490 1993.5
1165500 1993.5
1165510 1993.3
1165520 1994.2
1165530 1994.2
1165540 1994.7
1165550 1994.8
1165560 1994.8
1165570 1994.5
1165580 1994.1
1165590 1993.7
1165600 1993.1
1165610 1993.1
1165620 1993.0
1165630 1993.0
1165640 1992.8
1165650 1992.4
1165660 1992.4
1165670 1992.0
1165680 1992.1
1165690 1992.1
1165700 1992.2
1165710 1991.7
1165720 1991.7
1165730 1991.4
1165740 1990.7
1165750 1990.7
1165760 1989.6
1165770 1988.5
1165780 1988.5
1165790 1987.9
1165800 1985.3
1165810 1982.2
1165820 1982.2
1165830 1978.0
1165840 1972.7
1165850 1972.7
1165860 1966.8
1165870 1961.2
1165880 1961.2
1165890 1956.3
1165900 1951.4
1165910 1951.4
1165920 1945.8
1165930 1942.1
1165940 1942.1
1165950 1938.5
1165960 1933.8
1165970 1933.8
1165980 1928.7
1165990 1918.8
1166000 1920.3
1166010 1910.2
1166020 1901.1
1166030 1901.1
1166040 1891.1
1166050 1880.3
1166060 1871.2
1166070 1871.2
1166080 1865.0
1166090 1859.4
1166100 1859.4
1166110 1853.7
1166120 1848.1
1166130 1848.1
1166140 1843.0
1166150 1837.5
1166160 1837.5
1166170 1831.6
1166180 1825.8
1166190 1825.8
1166200 1820.6
1166210 1815.9
1166220 1815.9
1166230 1812.4
1166240 1808.9
1166250 1808.9
1166260 1804.7
1166270 1801.5
1166280 1799.5
1166290 1799.5
1166300 1795.1
1166310 1790.0
1166320 1790.0
1166330 1785.1
1166340 1780.9
1166350 1780.9
1166360 1777.6
1166370 1774.4
1166380 1774.4
1166390 1770.5
1166400 1771.7
1166410 1771.7
1166420 1767.5
1166430 1764.0
1166440 1764.0
1166450 1759.5
1166460 1754.5
1166470 1754.5
1166480 1749.7
1166490 1744.0
1166500 1744.0
1166510 1739.2
1166520 1734.9
1166530 1731.6
1166540 1731.6
1166550 1730.4
1166560 1728.3
1166570 1728.3
1166580 1723.2
1166590 1719.6
1166600 1719.6
1166610 1717.4
1166620 1716.0
1166630 1716.0
1166640 1715.3
1166650 1711.9
1166660 1711.9
1166670 1706.6
1166680 1703.5
1166690 1703.5
1166700 1699.4
1166710 1695.5
1166720 1695.5
1166730 1692.0
1166740 1687.6
1166750 1687.6
1166760 1682.0
1166770 1676.7
1166780 1670.7
1166790 1670.7
1166800 1669.7
1166810 1665.4
1166820 1665.4
1166830 1662.0
1166840 1657.0
1166850 1657.0
1166860 1651.4
1166870 1646.1
1166880 1646.1
1166890 1641.4
1166900 1636.5
1166910 1636.5
1166920 1631.2
1166930 1626.0
1166940 1626.0
1166950 1623.8
1166960 1620.9
1166970 1620.9
1166980 1617.3
1166990 1615.9
1167000 1614.4
1167010 1614.4
1167020 1613.6
1167030 1612.6
1167040 1612.6
1167050 1610.7
1167060 1608.1
1167070 1608.1
1167080 1605.3
1167090 1602.5
1167100 1602.5
1167110 1599.5
1167120 1596.6
1167130 1596.6
1167140 1594.2
1167150 1591.8
1167160 1591.8
1167170 1590.0
1167180 1588.2
1167190 1590.1
1167200 1587.4
1167210 1584.9
1167220 1584.9
1167230 1581.8
1167240 1577.4
1167250 1573.9
1167260 1573.9
1167270 1571.3
1167280 1568.2
1167290 1568.2
1167300 1564.8
1167310 1561.5
1167320 1561.5
1167330 1557.3
1167340 1552.1
1167350 1552.1
1167360 1547.1
1167370 1542.4
1167380 1542.4
1167390 1536.6
1167400 1531.3
1167410 1531.3
1167420 1527.7
1167430 1524.7
1167440 1524.7
1167450 1521.9
1167460 1519.7
1167470 1519.7
1167480 1519.0
1167490 1517.6
1167500 1515.3
1167510 1515.3
1167520 1514.4
1167530 1512.0
1167540 1512.0
1167550 1507.9
1167560 1505.6
1167570 1505.6
1167580 1504.6
1167590 1497.7
1167600 1497.7
1167610 1497.4
1167620 1496.1
1167630 1496.1
1167640 1493.9
1167650 1492.0
1167660 1492.0
1167670 1489.9
1167680 1486.7
1167690 1486.7
1167700 1483.4
1167710 1480.9
1167720 1479.8
1167730 1479.8
1167740 1479.7
1167750 1477.8
1167760 1477.8
1167770 1474.7
1167780 1470.6
1167790 1470.6
1167800 1465.8
1167810 1461.6
1167820 1461.6
1167830 1458.2
1167840 1453.4
1167850 1453.4
1167860 1448.1
1167870 1443.8
1167880 1443.8
1167890 1441.2
1167900 1438.7
1167910 1438.7
1167920 1434.4
1167930 1430.2
1167940 1430.2
1167950 1428.4
1167960 1428.2
1167970 1425.7
1167980 1425.7
1167990 1420.7
1168000 1413.7
1168010 1413.7
1168020 1410.1
1168030 1405.4
1168040 1405.4
1168050 1399.7
1168060 1394.1
1168070 1394.1
1168080 1387.2
1168090 1382.9
1168100 1382.9
1168110 1380.9
1168120 1379.9
1168130 1379.9
1168140 1378.6
1168150 1377.2
1168160 1377.2
1168170 1375.2
1168180 1371.5
1168190 1367.7
1168200 1367.7
1168210 1364.2
1168220 1359.7
1168230 1359.7
1168240 1355.8
1168250 1355.0
1168260 1355.0
1168270 1353.7
1168280 1351.5
1168290 1351.5
1168300 1349.4
1168310 1347.8
1168320 1347.8
1168330 1345.9
1168340 1344.2
1168350 1344.2
1168360 1342.5
1168370 1340.8
1168380 1340.8
1168390 1338.8
1168400 1332.8
1168410 1332.8
1168420 1330.0
1168430 1328.4
1168440 1326.8
1168450 1326.8
1168460 1325.8
1168470 1323.6
1168480 1323.6
1168490 1321.4
1168500 1317.3
1168510 1317.3
1168520 1313.0
1168530 1308.9
1168540 1308.9
1168550 1303.7
1168560 1300.4
1168570 1300.4
1168580 1297.8
1168590 1294.9
1168600 1294.9
1168610 1291.8
1168620 1290.1
1168630 1290.1
1168640 1288.2
1168650 1285.1
1168660 1285.1
1168670 1281.7
1168680 1277.5
1168690 1273.3
1168700 1273.3
1168710 1269.6
1168720 1265.4
1168730 1265.4
1168740 1261.8
1168750 1258.1
1168760 1258.1
1168770 1255.3
1168780 1254.5
1168790 1254.5
1168800 1249.8
1168810 1247.1
1168820 1247.1
1168830 1243.5
1168840 1249.7
1168850 1249.7
1168860 1257.6
1168870 1259.5
1168880 1259.5
1168890 1259.3
1168900 1259.7
1168910 1260.0
1168920 1260.0
1168930 1260.5
1168940 1261.9
1168950 1261.9
1168960 1264.0
1168970 1267.3
1168980 1267.3
1168990 1269.4
1169000 1269.8
1169010 1269.8
1169020 1271.4
1169030 1272.4
1169040 1272.4
1169050 1273.1
1169060 1273.5
1169070 1273.5
1169080 1273.9
1169090 1274.1
1169100 1274.1
1169110 1273.4
1169120 1272.2
1169130 1272.2
1169140 1271.7
1169150 1271.1
1169160 1271.6
1169170 1271.6
1169180 1272.3
1169190 1272.0
1169200 1266.1
1169210 1264.4
1169220 1262.6
1169230 1262.6
1169240 1260.8
1169250 1260.6
1169260 1260.6
1169270 1261.4
1169280 1263.2
1169290 1263.2
1169300 1265.0
1169310 1265.4
1169320 1265.4
1169330 1265.8
1169340 1265.4
1169350 1265.4
1169360 1262.6
1169370 1258.3
1169380 1258.3
1169390 1256.2
1169400 1255.8
1169410 1255.0
1169420 1255.0
1169430 1253.5
1169440 1250.1
1169450 1250.1
1169460 1245.1
1169470 1241.6
1169480 1241.6
1169490 1238.5
1169500 1234.5
1169510 1234.5
1169520 1234.0
1169530 1237.5
1169540 1237.5
1169550 1243.2
1169560 1249.6
1169570 1249.6
1169580 1255.7
1169590 1261.5
1169600 1261.5
1169610 1262.6
1169620 1258.4
1169630 1250.6
1169640 1250.6
1169650 1240.8
1169660 1231.2
1169670 1231.2
1169680 1226.3
1169690 1222.0
1169700 1222.0
1169710 1217.5
1169720 1217.1
1169730 1217.1
1169740 1224.4
1169750 1232.9
1169760 1232.9
1169770 1238.6
1169780 1239.6
1169790 1239.6
1169800 1236.4
1169810 1240.9
1169820 1240.9
1169830 1249.2
1169840 1255.1
1169850 1255.1
1169860 1259.6
1169870 1264.6
1169880 1270.2
1169890 1270.2
1169900 1276.8
1169910 1284.2
1169920 1284.2
1169930 1292.1
1169940 1300.3
1169950 1300.3
1169960 1298.8
1169970 1292.1
1169980 1292.1
1169990 1286.7
1170000 1283.7
1170010 1279.8
1170020 1277.7
1170030 1277.6
1170040 1277.6
1170050 1278.4
1170060 1279.1
1170070 1279.1
1170080 1281.0
1170090 1285.7
1170100 1292.2
1170110 1292.2
1170120 1298.3
1170130 1304.4
1170140 1304.4
1170150 1310.5
1170160 1316.6
1170170 1316.6
1170180 1323.2
1170190 1330.7
1170200 1330.7
1170210 1338.2
1170220 1342.3
1170230 1342.3
1170240 1342.2
1170250 1341.6
1170260 1341.6
1170270 1341.3
1170280 1341.4
1170290 1341.4
1170300 1341.1
1170310 1337.4
1170320 1337.4
1170330 1335.0
1170340 1336.2
1170350 1338.6
1170360 1338.6
1170370 1339.4
1170380 1340.1
1170390 1340.1
1170400 1340.1
1170410 1334.9
1170420 1334.9
1170430 1333.8
1170440 1334.3
1170450 1334.3
1170460 1334.8
1170470 1335.9
1170480 1335.9
1170490 1337.9
1170500 1339.2
1170510 1339.2
1170520 1337.9
1170530 1339.0
1170540 1339.0
1170550 1337.6
1170560 1336.8
1170570 1336.8
1170580 1341.5
1170590 1345.6
1170600 1348.5
1170610 1348.5
1170620 1351.2
1170630 1354.2
1170640 1354.2
1170650 1355.6
1170660 1355.3
1170670 1355.3
1170680 1355.4
1170690 1355.3
1170700 1355.3
1170710 1354.7
1170720 1352.9
1170730 1352.9
1170740 1350.5
1170750 1349.5
1170760 1349.5
1170770 1349.6
1170780 1349.4
1170790 1349.4
1170800 1348.8
1170810 1349.5
1170820 1341.9
1170830 1341.9
1170840 1341.0
1170850 1340.6
1170860 1340.6
1170870 1339.8
1170880 1338.2
1170890 1338.2
1170900 1336.0
1170910 1332.5
1170920 1332.5
1170930 1334.0
1170940 1335.2
1170950 1335.2
1170960 1335.0
1170970 1333.8
1170980 1333.8
1170990 1331.1
1171000 1328.9
1171010 1328.9
1171020 1332.8
1171030 1335.2
1171040 1335.2
1171050 1335.9
1171060 1335.9
1171070 1335.5
1171080 1335.5
1171090 1335.1
1171100 1334.4
1171110 1334.4
1171120 1333.4
1171130 1331.2
1171140 1331.2
1171150 1328.9
1171160 1325.9
1171170 1325.9
1171180 1326.4
1171190 1328.0
1171200 1328.0
1171210 1327.9
1171220 1320.2
1171230 1320.2
1171240 1319.5
1171250 1318.7
1171260 1318.7
1171270 1318.4
1171280 1317.4
1171290 1317.4
1171300 1316.0
1171310 1315.6
1171320 1315.0
1171330 1315.0
1171340 1313.6
1171350 1311.5
1171360 1311.5
1171370 1310.8
1171380 1310.3
1171390 1310.3
1171400 1307.4
1171410 1306.5
1171420 1306.5
1171430 1312.6
1171440 1313.5
1171450 1313.5
1171460 1311.8
1171470 1309.0
1171480 1309.0
1171490 1306.7
1171500 1304.6
1171510 1304.6
1171520 1303.3
1171530 1301.4
1171540 1299.0
1171550 1299.0
1171560 1296.1
1171570 1292.4
1171580 1292.4
1171590 1288.6
1171600 1286.3
1171610 1286.3
1171620 1285.6
1171630 1278.6
1171640 1278.6
1171650 1278.8
1171660 1278.4
1171670 1278.4
1171680 1276.9
1171690 1275.1
1171700 1275.1
1171710 1273.0
1171720 1272.1
1171730 1272.1
1171740 1271.8
1171750 1270.6
1171760 1270.6
1171770 1267.4
1171780 1265.3
1171790 1264.2
1171800 1264.2
1171810 1261.8
1171820 1258.6
1171830 1258.6
1171840 1255.7
1171850 1252.8
1171860 1252.8
1171870 1248.7
1171880 1243.6
1171890 1243.6
1171900 1241.0
1171910 1239.2
1171920 1239.2
1171930 1239.9
1171940 1240.0
1171950 1240.0
1171960 1239.7
1171970 1238.9
1171980 1238.9
1171990 1236.8
1172000 1233.0
1172010 1234.8
1172020 1234.8
1172030 1221.9
1172040 1220.8
1172050 1220.8
1172060 1218.1
1172070 1217.2
1172080 1217.2
1172090 1212.2
1172100 1198.2
1172110 1198.2
1172120 1186.6
1172130 1178.1
1172140 1178.1
1172150 1171.3
1172160 1172.6
1172170 1172.6
1172180 1178.4
1172190 1185.5
1172200 1185.5
1172210 1197.0
1172220 1207.0
1172230 1207.0
1172240 1208.2
1172250 1207.9
1172260 1208.0
1172270 1208.0
1172280 1208.7
1172290 1211.5
1172300 1211.5
1172310 1212.2
1172320 1212.1
1172330 1212.1
1172340 1213.0
1172350 1215.4
1172360 1215.4
1172370 1216.9
1172380 1213.5
1172390 1213.5
1172400 1212.4
1172410 1212.3
1172420 1212.3
1172430 1213.1
1172440 1205.9
1172450 1205.9
1172460 1206.1
1172470 1206.7
1172480 1206.7
1172490 1209.5
1172500 1211.1
1172510 1210.3
1172520 1210.3
1172530 1210.2
1172540 1209.5
1172550 1209.5
1172560 1205.8
1172570 1202.5
1172580 1202.5
1172590 1202.5
1172600 1203.0
1172610 1203.0
1172620 1203.2
1172630 1203.3
1172640 1203.3
1172650 1202.3
1172660 1200.6
1172670 1200.6
1172680 1199.1
1172690 1196.7
1172700 1196.7
1172710 1194.3
1172720 1194.0
1172730 1196.1
1172740 1196.1
1172750 1200.6
1172760 1209.1
1172770 1209.1
1172780 1216.4
1172790 1219.5
1172800 1219.5
1172810 1218.1
1172820 1216.4
1172830 1216.4
1172840 1216.4
1172850 1210.7
1172860 1210.7
1172870 1210.9
1172880 1210.3
1172890 1210.3
1172900 1208.3
1172910 1206.2
1172920 1206.2
1172930 1203.8
1172940 1200.3
1172950 1200.3
1172960 1197.4
1172970 1197.5
1172980 1196.0
1172990 1196.0
1173000 1197.8
1173010 1199.0
1173020 1199.0
1173030 1199.2
1173040 1197.9
1173050 1197.9
1173060 1199.4
1173070 1201.0
1173080 1201.0
1173090 1201.8
1173100 1202.1
1173110 1202.1
1173120 1202.5
1173130 1202.7
1173140 1202.7
1173150 1202.5
1173160 1204.1
1173170 1204.1
1173180 1204.9
1173190 1202.4
1173200 1202.4
1173210 1199.2
1173220 1199.2
1173230 1200.1
1173240 1200.1
1173250 1199.0
1173260 1191.2
1173270 1191.2
1173280 1187.5
1173290 1182.3
1173300 1182.3
1173310 1176.3
1173320 1169.7
1173330 1169.7
1173340 1164.0
1173350 1158.9
1173360 1158.9
1173370 1155.9
1173380 1156.6
1173390 1156.6
1173400 1158.0
1173410 1153.3
1173420 1153.3
1173430 1146.1
1173440 1140.0
1173450 1137.4
1173460 1137.4
1173470 1135.8
1173480 1136.6
1173490 1136.6
1173500 1138.8
1173510 1139.1
1173520 1139.1
1173530 1140.7
1173540 1146.4
1173550 1146.4
1173560 1152.9
1173570 1158.0
1173580 1158.0
1173590 1156.6
1173600 1150.7
1173610 1150.7
1173620 1144.9
1173630 1140.9
1173640 1140.9
1173650 1139.7
1173660 1136.4
1173670 1136.4
1173680 1137.4
1173690 1140.3
1173700 1145.1
1173710 1145.1
1173720 1150.7
1173730 1156.6
1173740 1156.6
1173750 1160.7
1173760 1161.4
1173770 1161.4
1173780 1159.8
1173790 1157.7
1173800 1157.7
1173810 1157.2
1173820 1157.6
1173830 1157.6
1173840 1156.8
1173850 1152.0
1173860 1152.0
1173870 1145.4
1173880 1137.7
1173890 1137.7
1173900 1128.7
1173910 1119.7
1173920 1111.4
1173930 1111.4
1173940 1103.9
1173950 1097.9
1173960 1097.9
1173970 1092.3
1173980 1089.1
1173990 1089.1
1174000 1091.0
1174010 1092.3
1174020 1092.3
1174030 1092.9
1174040 1095.6
1174050 1095.6
1174060 1099.3
1174070 1098.3
1174080 1098.3
1174090 1101.4
1174100 1104.5
1174110 1104.5
1174120 1109.6
1174130 1116.2
1174140 1116.2
1174150 1122.6
1174160 1125.2
1174170 1121.7
1174180 1121.7
1174190 1117.5
1174200 1115.8
1174210 1115.8
1174220 1115.2
1174230 1116.0
1174240 1116.0
1174250 1118.2
1174260 1120.8
1174270 1120.8
1174280 1124.6
1174290 1129.0
1174300 1129.0
1174310 1132.6
1174320 1133.1
1174330 1133.1
1174340 1132.8
1174350 1131.9
1174360 1131.9
1174370 1130.8
1174380 1129.8
1174390 1129.8
1174400 1128.3
1174410 1126.3
1174420 1124.2
1174430 1124.2
1174440 1121.8
1174450 1120.0
1174460 1120.0
1174470 1119.2
1174480 1115.1
1174490 1115.1
1174500 1114.6
1174510 1113.5
1174520 1113.5
1174530 1112.1
1174540 1110.8
1174550 1110.8
1174560 1109.7
1174570 1108.0
1174580 1108.0
1174590 1106.8
1174600 1105.3
1174610 1105.3
1174620 1103.6
1174630 1102.0
1174640 1100.2
1174650 1100.2
1174660 1097.5
1174670 1094.9
1174680 1094.9
1174690 1093.8
1174700 1093.1
1174710 1093.1
1174720 1092.4
1174730 1091.6
1174740 1091.6
1174750 1090.9
1174760 1090.5
1174770 1090.5
1174780 1090.6
1174790 1090.1
1174800 1090.1
1174810 1088.8
1174820 1086.4
1174830 1086.4
1174840 1084.9
1174850 1083.7
1174860 1083.7
1174870 1082.8
1174880 1081.9
1174890 1078.4
1174900 1078.4
1174910 1077.4
1174920 1076.3
1174930 1076.3
1174940 1075.1
1174950 1073.1
1174960 1073.1
1174970 1070.9
1174980 1069.4
1174990 1069.4
1175000 1068.0
1175010 1066.6
1175020 1066.6
1175030 1065.2
1175040 1063.9
1175050 1063.9
1175060 1063.3
1175070 1061.9
1175080 1061.9
1175090 1059.8
1175100 1057.9
1175110 1057.9
1175120 1056.4
1175130 1055.5
1175140 1054.7
1175150 1054.7
1175160 1053.4
1175170 1051.3
1175180 1051.3
1175190 1049.4
1175200 1046.6
1175210 1046.6
1175220 1043.9
1175230 1041.8
1175240 1041.8
1175250 1039.7
1175260 1037.9
1175270 1037.9
1175280 1036.5
1175290 1034.3
1175300 1031.7
1175310 1029.8
1175320 1028.4
1175330 1028.4
1175340 1027.0
1175350 1025.6
1175360 1025.0
1175370 1025.0
1175380 1024.4
1175390 1022.7
1175400 1022.7
1175410 1020.8
1175420 1019.0
1175430 1019.0
1175440 1017.0
1175450 1014.8
1175460 1014.8
1175470 1012.2
1175480 1009.5
1175490 1009.5
1175500 1007.1
1175510 1004.5
1175520 1004.5
1175530 1002.3
1175540 1001.0
1175550 1001.0
1175560 1000.1
1175570 998.0
1175580 998.0
1175590 994.8
1175600 991.1
1175610 987.9
1175620 987.9
1175630 985.4
1175640 983.3
1175650 983.3
1175660 981.1
1175670 978.8
1175680 978.8
1175690 976.5
1175700 974.1
1175710 970.3
1175720 967.0
1175730 963.9
1175740 963.9
1175750 962.3
1175760 960.8
1175770 960.8
1175780 959.4
1175790 958.2
1175800 958.2
1175810 956.8
1175820 955.4
1175830 953.6
1175840 953.6
1175850 951.3
1175860 948.7
1175870 948.7
1175880 946.2
1175890 943.7
1175900 943.7
1175910 940.6
1175920 937.0
1175930 937.0
1175940 932.6
1175950 927.0
1175960 927.0
1175970 922.5
1175980 917.8
1175990 917.8
1176000 913.8
1176010 910.7
1176020 910.7
1176030 907.3
1176040 903.9
1176050 903.9
1176060 901.0
1176070 898.2
1176080 894.0
1176090 894.0
1176100 888.9
1176110 884.7
1176120 884.7
1176130 876.1
1176140 872.8
1176150 872.8
1176160 869.2
1176170 865.3
1176180 865.3
1176190 860.8
1176200 856.4
1176210 856.4
1176220 852.2
1176230 847.6
1176240 847.6
1176250 843.1
1176260 841.0
1176270 841.0
1176280 838.2
1176290 834.9
1176300 834.9
1176310 831.3
1176320 825.6
1176330 821.1
1176340 821.1
1176350 816.4
1176360 809.6
1176370 809.6
1176380 802.5
1176390 797.1
1176400 797.1
1176410 793.2
1176420 788.6
1176430 788.6
1176440 785.4
1176450 784.2
1176460 784.2
1176470 783.7
1176480 783.2
1176490 783.2
1176500 782.8
1176510 781.7
1176520 781.7
1176530 781.2
1176540 779.7
1176550 779.4
1176560 779.4
1176570 779.1
1176580 779.0
1176590 779.0
1176600 779.0
1176610 778.9
1176620 778.9
1176630 778.9
1176640 778.9
1176650 778.9
1176660 779.2
1176670 779.2
1176680 779.2
1176690 779.0
1176700 778.7
1176710 778.7
1176720 778.7
1176730 778.8
1176740 778.8
1176750 778.8
1176760 778.7
1176770 778.7
1176780 778.7
1176790 778.7
1176800 778.8
1176810 778.8
1176820 778.6
1176830 778.4
1176840 778.4
1176850 778.5
1176860 778.5
1176870 778.5
1176880 778.5
1176890 778.4
1176900 778.4
1176910 778.0
1176920 777.9
1176930 777.9
1176940 778.2
1176950 778.5
1176960 778.5
1176970 778.6
1176980 778.5
1176990 778.5
1177000 778.5
1177010 774.6
1177020 772.5
1177030 772.5
1177040 772.5
1177050 772.5
1177060 772.5
1177070 772.7
1177080 772.9
1177090 772.9
1177100 773.0
1177110 772.9
1177120 772.9
1177130 772.8
1177140 772.6
1177150 772.6
1177160 772.7
1177170 773.0
1177180 773.0
1177190 773.0
1177200 772.8
1177210 772.8
1177220 772.6
1177230 772.4
1177240 772.4
1177250 772.3
1177260 772.4
1177270 772.5
1177280 772.5
1177290 772.6
1177300 772.7
1177310 772.7
1177320 772.7
1177330 772.5
1177340 772.5
1177350 772.5
1177360 772.5
1177370 772.5
1177380 772.6
1177390 772.7
1177400 772.7
1177410 772.8
1177420 772.8
1177430 772.8
1177440 772.9
1177450 773.0
1177460 773.0
1177470 773.1
1177480 773.4
1177490 773.4
1177500 773.4
1177510 773.0
1177520 772.9
1177530 772.9
1177540 773.0
1177550 773.0
1177560 773.0
1177570 772.9
1177580 773.0
1177590 773.0
1177600 773.2
1177610 773.3
1177620 773.3
1177630 773.3
1177640 773.2
1177650 773.2
1177660 773.2
1177670 772.9
1177680 772.9
1177690 772.5
1177700 772.2
1177710 772.2
1177720 772.1
1177730 771.8
1177740 770.0
1177750 770.0
1177760 768.6
1177770 768.1
1177780 768.1
1177790 768.1
1177800 768.1
1177810 768.1
1177820 768.9
1177830 771.9
1177840 771.9
1177850 773.7
1177860 774.3
1177870 774.3
1177880 774.5
1177890 774.8
1177900 774.8
1177910 774.9
1177920 775.0
1177930 775.0
1177940 775.1
1177950 775.6
1177960 775.6
1177970 776.0
1177980 776.7
1177990 777.0
1178000 777.0
1178010 776.9
1178020 776.9
1178030 776.9
1178040 776.8
1178050 776.7
1178060 776.7
1178070 776.7
1178080 776.6
1178090 776.6
1178100 776.5
1178110 776.5
1178120 776.5
1178130 776.5
1178140 776.5
1178150 776.5
1178160 776.5
1178170 776.6
1178180 776.6
1178190 776.6
1178200 776.6
1178210 776.6
1178220 776.7
1178230 776.1
1178240 774.7
1178250 774.7
1178260 781.9
1178270 786.7
1178280 786.7
1178290 789.3
1178300 789.9
1178310 789.9
1178320 790.0
1178330 789.9
1178340 789.9
1178350 790.1
1178360 790.5
1178370 790.5
1178380 791.1
1178390 791.8
1178400 791.8
1178410 792.5
1178420 793.2
1178430 793.2
1178440 793.9
1178450 794.7
1178460 795.4
1178470 795.4
1178480 796.3
1178490 797.5
1178500 797.5
1178510 798.8
1178520 800.6
1178530 800.6
1178540 803.1
1178550 805.4
1178560 805.4
1178570 807.8
1178580 810.8
1178590 810.8
1178600 815.0
1178610 821.6
1178620 821.6
1178630 829.2
1178640 836.3
1178650 836.3
1178660 842.7
1178670 848.7
1178680 848.7
1178690 853.9
1178700 858.5
1178710 861.1
1178720 861.1
1178730 864.4
1178740 867.1
1178750 867.1
1178760 868.5
1178770 869.3
1178780 869.3
1178790 873.2
1178800 877.0
1178810 877.0
1178820 879.5
1178830 882.6
1178840 882.6
1178850 886.1
1178860 888.8
1178870 888.8
1178880 892.2
1178890 896.8
1178900 896.8
1178910 900.3
1178920 903.0
1178930 905.7
1178940 905.7
1178950 908.4
1178960 912.4
1178970 912.4
1178980 918.7
1178990 921.8
1179000 921.8
1179010 927.2
1179020 936.0
1179030 936.0
1179040 940.6
1179050 944.4
1179060 944.4
1179070 948.0
1179080 950.2
1179090 950.2
1179100 951.4
1179110 951.6
1179120 951.6
1179130 951.4
1179140 951.0
1179150 951.0
1179160 951.4
1179170 952.6
1179180 954.5
1179190 954.5
1179200 957.3
1179210 960.4
1179220 960.4
1179230 965.0
1179240 967.1
1179250 967.1
1179260 972.5
1179270 978.2
1179280 978.2
1179290 983.9
1179300 989.7
1179310 989.7
1179320 993.1
1179330 996.7
1179340 996.7
1179350 999.5
1179360 1002.6
1179370 1002.6
1179380 1006.9
1179390 1010.9
1179400 1010.9
1179410 1013.9
1179420 1017.3
1179430 1020.8
1179440 1025.1
1179450 1027.7
1179460 1031.0
1179470 1031.0
1179480 1035.8
1179490 1041.0
1179500 1041.0
1179510 1045.9
1179520 1048.9
1179530 1048.9
1179540 1051.1
1179550 1054.3
1179560 1054.3
1179570 1058.9
1179580 1063.4
1179590 1063.4
1179600 1067.5
1179610 1071.4
1179620 1071.4
1179630 1075.1
1179640 1078.1
1179650 1080.8
1179660 1080.8
1179670 1084.0
1179680 1087.7
1179690 1087.7
1179700 1096.5
1179710 1104.5
1179720 1104.5
1179730 1110.7
1179740 1115.0
1179750 1115.0
1179760 1117.0
1179770 1119.1
1179780 1119.1
1179790 1124.5
1179800 1131.9
1179810 1131.9
1179820 1138.6
1179830 1144.5
1179840 1144.5
1179850 1151.8
1179860 1155.1
1179870 1155.1
1179880 1161.1
1179890 1165.6
1179900 1168.6
1179910 1168.6
1179920 1171.7
1179930 1175.2
1179940 1175.2
1179950 1179.7
1179960 1187.0
1179970 1187.0
1179980 1194.1
1179990 1199.7
