1160000 1364.1
1160010 1367.8
1160020 1367.8
1160030 1372.9
1160040 1378.8
1160050 1378.8
1160060 1387.0
1160070 1395.8
1160080 1395.8
1160090 1402.4
1160100 1407.4
1160110 1407.4
1160120 1410.4
1160130 1411.2
1160140 1412.0
1160150 1412.0
1160160 1412.0
1160170 1412.1
1160180 1412.1
1160190 1412.4
1160200 1412.3
1160210 1412.3
1160220 1412.1
1160230 1411.7
1160240 1411.7
1160250 1411.0
1160260 1409.8
1160270 1401.8
1160280 1400.1
1160290 1397.9
1160300 1397.9
1160310 1396.0
1160320 1394.3
1160330 1394.3
1160340 1393.0
1160350 1391.7
1160360 1388.9
1160370 1388.9
1160380 1383.8
1160390 1379.2
1160400 1379.2
1160410 1375.0
1160420 1371.8
1160430 1371.8
1160440 1369.4
1160450 1367.7
1160460 1367.7
1160470 1366.0
1160480 1363.7
1160490 1363.7
1160500 1359.7
1160510 1357.0
1160520 1357.0
1160530 1358.2
1160540 1352.9
1160550 1352.9
1160560 1346.0
1160570 1343.2
1160580 1343.2
1160590 1341.9
1160600 1346.4
1160610 1353.3
1160620 1353.3
1160630 1362.0
1160640 1367.5
1160650 1367.5
1160660 1379.0
1160670 1385.3
1160680 1385.3
1160690 1393.8
1160700 1399.9
1160710 1399.9
1160720 1404.9
1160730 1410.3
1160740 1410.3
1160750 1415.9
1160760 1422.6
1160770 1422.6
1160780 1428.2
1160790 1434.3
1160800 1434.3
1160810 1438.2
1160820 1436.5
1160830 1433.5
1160840 1433.5
1160850 1430.5
1160860 1426.2
1160870 1426.2
1160880 1429.0
1160890 1435.2
1160900 1435.2
1160910 1441.9
1160920 1448.1
1160930 1448.1
1160940 1453.9
1160950 1459.1
1160960 1459.1
1160970 1464.6
1160980 1468.1
1160990 1468.1
1161000 1471.6
1161010 1477.1
1161020 1477.1
1161030 1484.4
1161040 1491.4
1161050 1491.4
1161060 1500.2
1161070 1506.9
1161080 1513.6
1161090 1513.6
1161100 1519.7
1161110 1525.2
1161120 1525.2
1161130 1529.8
1161140 1532.8
1161150 1532.8
1161160 1536.5
1161170 1540.3
1161180 1540.3
1161190 1543.6
1161200 1546.9
1161210 1546.9
1161220 1550.8
1161230 1554.9
1161240 1554.9
1161250 1559.0
1161260 1563.3
1161270 1563.3
1161280 1568.1
1161290 1571.9
1161300 1571.9
1161310 1574.8
1161320 1577.6
1161330 1580.1
1161340 1580.1
1161350 1582.2
1161360 1584.4
1161370 1584.4
1161380 1587.0
1161390 1589.0
1161400 1589.0
1161410 1592.3
1161420 1596.2
1161430 1596.2
1161440 1600.7
1161450 1605.2
1161460 1605.2
1161470 1608.7
1161480 1611.4
1161490 1611.4
1161500 1614.1
1161510 1617.3
1161520 1617.3
1161530 1621.0
1161540 1624.1
1161550 1627.0
1161560 1627.0
1161570 1629.3
1161580 1630.9
1161590 1630.9
1161600 1632.8
1161610 1635.9
1161620 1635.9
1161630 1639.6
1161640 1643.0
1161650 1643.0
1161660 1645.5
1161670 1647.8
1161680 1647.8
1161690 1651.9
1161700 1654.5
1161710 1654.5
1161720 1655.7
1161730 1659.7
1161740 1659.7
1161750 1663.7
1161760 1667.2
1161770 1667.2
1161780 1670.1
1161790 1672.6
1161800 1675.5
1161810 1675.5
1161820 1679.1
1161830 1683.2
1161840 1684.6
1161850 1687.8
1161860 1690.9
1161870 1690.9
1161880 1694.0
1161890 1697.9
1161900 1697.9
1161910 1701.8
1161920 1706.0
1161930 1706.0
1161940 1711.2
1161950 1716.7
1161960 1716.7
1161970 1723.0
1161980 1727.6
1161990 1727.6
1162000 1731.3
1162010 1736.3
1162020 1740.8
1162030 1740.8
1162040 1745.4
1162050 1750.0
1162060 1750.0
1162070 1755.3
1162080 1760.2
1162090 1760.2
1162100 1763.3
1162110 1765.6
1162120 1765.6
1162130 1768.8
1162140 1772.1
1162150 1772.1
1162160 1775.2
1162170 1778.9
1162180 1778.9
1162190 1783.3
1162200 1788.3
1162210 1788.3
1162220 1793.3
1162230 1797.0
1162240 1792.4
1162250 1795.6
1162260 1799.4
1162270 1803.3
1162280 1803.3
1162290 1806.8
1162300 1811.0
1162310 1811.0
1162320 1815.1
1162330 1818.9
1162340 1818.9
1162350 1822.8
1162360 1827.1
1162370 1827.1
1162380 1831.2
1162390 1834.9
1162400 1834.9
1162410 1839.2
1162420 1843.8
1162430 1843.8
1162440 1848.0
1162450 1851.2
1162460 1851.2
1162470 1850.8
1162480 1850.1
1162490 1850.1
1162500 1852.3
1162510 1852.9
1162520 1853.0
1162530 1853.0
1162540 1852.6
1162550 1852.0
1162560 1852.0
1162570 1852.2
1162580 1851.5
1162590 1851.5
1162600 1849.9
1162610 1849.8
1162620 1849.8
1162630 1847.9
1162640 1847.8
1162650 1847.8
1162660 1847.4
1162670 1847.1
1162680 1847.1
1162690 1847.3
1162700 1848.1
1162710 1848.1
1162720 1848.4
1162730 1848.8
1162740 1848.5
1162750 1848.5
1162760 1848.0
1162770 1848.5
1162780 1848.5
1162790 1849.9
1162800 1853.0
1162810 1853.0
1162820 1856.6
1162830 1857.9
1162840 1857.9
1162850 1858.8
1162860 1857.6
1162870 1857.6
1162880 1858.1
1162890 1860.2
1162900 1860.2
1162910 1861.7
1162920 1861.6
1162930 1861.6
1162940 1859.1
1162950 1855.4
1162960 1855.4
1162970 1854.6
1162980 1858.0
1162990 1860.8
1163000 1860.8
1163010 1863.3
1163020 1860.1
1163030 1860.1
1163040 1860.0
1163050 1858.9
1163060 1858.9
1163070 1860.0
1163080 1860.9
1163090 1860.9
1163100 1861.7
1163110 1863.1
1163120 1863.1
1163130 1866.9
1163140 1872.6
1163150 1872.6
1163160 1875.0
1163170 1879.1
1163180 1879.1
1163190 1883.4
1163200 1887.8
1163210 1887.8
1163220 1892.6
1163230 1894.9
1163240 1895.1
1163250 1895.1
1163260 1894.5
1163270 1893.7
1163280 1893.7
1163290 1892.2
1163300 1890.6
1163310 1890.6
1163320 1887.2
1163330 1882.6
1163340 1882.6
1163350 1878.6
1163360 1875.8
1163370 1875.8
1163380 1874.0
1163390 1873.4
1163400 1873.4
1163410 1871.6
1163420 1867.7
1163430 1867.7
1163440 1865.9
1163450 1862.9
1163460 1860.8
1163470 1860.8
1163480 1858.9
1163490 1855.8
1163500 1855.8
1163510 1852.8
1163520 1850.2
1163530 1850.2
1163540 1847.4
1163550 1844.6
1163560 1844.6
1163570 1841.8
1163580 1841.1
1163590 1841.1
1163600 1840.7
1163610 1839.8
1163620 1839.8
1163630 1839.8
1163640 1839.9
1163650 1839.9
1163660 1838.8
1163670 1838.9
1163680 1838.9
1163690 1839.2
1163700 1837.9
1163710 1834.6
1163720 1834.6
1163730 1831.3
1163740 1828.9
1163750 1828.9
1163760 1827.3
1163770 1825.8
1163780 1825.8
1163790 1824.2
1163800 1823.9
1163810 1823.9
1163820 1824.3
1163830 1826.5
1163840 1826.5
1163850 1830.6
1163860 1834.4
1163870 1834.4
1163880 1835.7
1163890 1835.2
1163900 1835.2
1163910 1836.0
1163920 1836.6
1163930 1837.3
1163940 1837.3
1163950 1837.7
1163960 1831.4
1163970 1831.4
1163980 1822.4
1163990 1814.7
1164000 1814.7
1164010 1808.3
1164020 1804.2
1164030 1804.2
1164040 1801.9
1164050 1798.6
1164060 1798.6
1164070 1793.5
1164080 1789.3
1164090 1789.3
1164100 1785.6
1164110 1781.7
1164120 1781.7
1164130 1777.1
1164140 1770.1
1164150 1770.1
1164160 1761.2
1164170 1754.7
1164180 1751.8
1164190 1751.8
1164200 1748.4
1164210 1739.0
1164220 1739.0
1164230 1731.8
1164240 1731.5
1164250 1731.5
1164260 1738.5
1164270 1744.2
1164280 1744.2
1164290 1749.7
1164300 1755.1
1164310 1755.1
1164320 1760.3
1164330 1765.4
1164340 1765.4
1164350 1770.6
1164360 1775.5
1164370 1775.5
1164380 1780.5
1164390 1785.6
1164400 1785.6
1164410 1791.6
1164420 1798.7
1164430 1806.4
1164440 1806.4
1164450 1814.3
1164460 1820.1
1164470 1820.1
1164480 1822.9
1164490 1826.2
1164500 1826.2
1164510 1830.9
1164520 1836.1
1164530 1836.1
1164540 1842.8
1164550 1848.5
1164560 1848.5
1164570 1850.4
1164580 1849.7
1164590 1849.7
1164600 1848.1
1164610 1843.8
1164620 1843.8
1164630 1842.5
1164640 1841.2
1164650 1841.7
1164660 1841.7
1164670 1841.3
1164680 1840.8
1164690 1840.8
1164700 1841.2
1164710 1842.0
1164720 1842.0
1164730 1842.5
1164740 1842.6
1164750 1842.6
1164760 1841.8
1164770 1840.1
1164780 1840.1
1164790 1839.2
1164800 1839.3
1164810 1839.3
1164820 1839.5
1164830 1839.4
1164840 1839.4
1164850 1839.8
1164860 1841.0
1164870 1841.0
1164880 1842.4
1164890 1843.8
1164900 1844.7
1164910 1844.7
1164920 1846.7
1164930 1848.3
1164940 1848.3
1164950 1850.1
1164960 1851.9
1164970 1851.9
1164980 1853.6
1164990 1856.3
1165000 1855.2
1165010 1856.9
1165020 1858.3
1165030 1858.3
1165040 1860.3
1165050 1862.3
1165060 1862.3
1165070 1864.5
1165080 1867.5
1165090 1867.5
1165100 1871.1
1165110 1874.4
1165120 1877.5
1165130 1877.5
1165140 1881.7
1165150 1885.7
1165160 1885.7
1165170 1889.0
1165180 1891.3
1165190 1891.3
1165200 1894.2
1165210 1897.6
1165220 1897.6
1165230 1900.4
1165240 1902.8
1165250 1902.8
1165260 1905.4
1165270 1908.9
1165280 1908.9
1165290 1912.0
1165300 1914.9
1165310 1914.9
1165320 1918.0
1165330 1921.2
1165340 1921.2
1165350 1924.6
1165360 1928.2
1165370 1931.7
1165380 1931.7
1165390 1934.5
1165400 1936.2
1165410 1936.2
1165420 1938.8
1165430 1941.4
1165440 1941.4
1165450 1943.7
1165460 1946.4
1165470 1946.4
1165480 1949.0
1165490 1951.2
1165500 1951.2
1165510 1952.7
1165520 1953.7
1165530 1953.7
1165540 1954.8
1165550 1956.2
1165560 1956.2
1165570 1957.3
1165580 1958.9
1165590 1958.9
1165600 1960.7
1165610 1962.3
1165620 1963.0
1165630 1963.0
1165640 1964.0
1165650 1964.6
1165660 1964.6
1165670 1965.4
1165680 1966.8
1165690 1966.8
1165700 1967.8
1165710 1968.8
1165720 1968.8
1165730 1969.6
1165740 1970.0
1165750 1970.0
1165760 1970.5
1165770 1970.1
1165780 1970.1
1165790 1969.6
1165800 1966.5
1165810 1966.5
1165820 1966.0
1165830 1965.3
1165840 1964.8
1165850 1964.8
1165860 1964.4
1165870 1964.7
1165880 1964.7
1165890 1967.3
1165900 1967.6
1165910 1967.6
1165920 1966.4
1165930 1964.7
1165940 1964.7
1165950 1963.3
1165960 1962.3
1165970 1962.3
1165980 1961.5
1165990 1960.4
1166000 1960.4
1166010 1959.8
1166020 1958.3
1166030 1958.3
1166040 1956.2
1166050 1953.9
1166060 1953.9
1166070 1951.2
1166080 1949.0
1166090 1947.9
1166100 1947.9
1166110 1947.5
1166120 1944.1
1166130 1944.1
1166140 1940.8
1166150 1937.3
1166160 1937.3
1166170 1933.9
1166180 1930.6
1166190 1930.6
1166200 1927.7
1166210 1924.3
1166220 1924.3
1166230 1921.5
1166240 1918.0
1166250 1918.0
1166260 1914.3
1166270 1910.4
1166280 1910.4
1166290 1906.3
1166300 1902.6
1166310 1902.6
1166320 1899.2
1166330 1896.2
1166340 1893.5
1166350 1893.5
1166360 1890.2
1166370 1886.7
1166380 1886.7
1166390 1883.2
1166400 1880.3
1166410 1880.3
1166420 1877.6
1166430 1875.2
1166440 1875.2
1166450 1872.7
1166460 1869.9
1166470 1869.9
1166480 1867.3
1166490 1864.5
1166500 1864.5
1166510 1861.7
1166520 1858.3
1166530 1858.3
1166540 1854.8
1166550 1851.1
1166560 1848.3
1166570 1848.3
1166580 1845.7
1166590 1841.6
1166600 1841.8
1166610 1838.3
1166620 1835.2
1166630 1835.2
1166640 1830.5
1166650 1823.5
1166660 1823.5
1166670 1817.7
1166680 1812.5
1166690 1812.5
1166700 1805.5
1166710 1797.0
1166720 1797.0
1166730 1790.4
1166740 1785.6
1166750 1785.6
1166760 1781.1
1166770 1774.6
1166780 1774.6
1166790 1766.2
1166800 1759.3
1166810 1754.9
1166820 1754.9
1166830 1749.5
1166840 1744.9
1166850 1744.9
1166860 1742.8
1166870 1742.3
1166880 1742.3
1166890 1741.4
1166900 1741.2
1166910 1741.2
1166920 1738.5
1166930 1732.6
1166940 1732.6
1166950 1728.9
1166960 1725.9
1166970 1725.9
1166980 1723.4
1166990 1722.2
1167000 1722.6
1167010 1721.5
1167020 1719.4
1167030 1717.2
1167040 1717.2
1167050 1715.0
1167060 1713.5
1167070 1713.5
1167080 1712.3
1167090 1710.8
1167100 1710.8
1167110 1709.1
1167120 1706.5
1167130 1706.5
1167140 1702.3
1167150 1697.8
1167160 1697.8
1167170 1693.3
1167180 1689.4
1167190 1689.4
1167200 1683.9
1167210 1678.5
1167220 1678.5
1167230 1675.3
1167240 1673.8
1167250 1673.8
1167260 1673.0
1167270 1673.4
1167280 1672.8
1167290 1672.8
1167300 1669.6
1167310 1667.0
1167320 1667.0
1167330 1664.9
1167340 1662.0
1167350 1662.0
1167360 1658.7
1167370 1654.1
1167380 1654.1
1167390 1649.2
1167400 1647.3
1167410 1647.3
1167420 1641.4
1167430 1634.0
1167440 1634.0
1167450 1626.4
1167460 1618.6
1167470 1618.6
1167480 1612.2
1167490 1606.6
1167500 1606.6
1167510 1600.1
1167520 1594.5
1167530 1590.2
1167540 1590.2
1167550 1585.4
1167560 1580.9
1167570 1580.9
1167580 1576.4
1167590 1572.5
1167600 1572.5
1167610 1569.2
1167620 1566.3
1167630 1566.3
1167640 1562.8
1167650 1559.0
1167660 1559.0
1167670 1554.7
1167680 1549.1
1167690 1549.1
1167700 1542.0
1167710 1533.9
1167720 1533.9
1167730 1526.9
1167740 1519.8
1167750 1514.0
1167760 1514.0
1167770 1508.7
1167780 1503.2
1167790 1503.2
1167800 1496.0
1167810 1490.5
1167820 1490.5
1167830 1485.7
1167840 1481.1
1167850 1481.1
1167860 1476.0
1167870 1470.7
1167880 1470.7
1167890 1464.8
1167900 1458.7
1167910 1458.7
1167920 1451.1
1167930 1443.9
1167940 1443.9
1167950 1437.4
1167960 1432.5
1167970 1432.5
1167980 1428.9
1167990 1424.1
1168000 1418.3
1168010 1418.3
1168020 1413.0
1168030 1407.9
1168040 1407.9
1168050 1402.8
1168060 1398.3
1168070 1398.3
1168080 1395.0
1168090 1393.1
1168100 1393.1
1168110 1392.0
1168120 1390.9
1168130 1390.9
1168140 1389.6
1168150 1387.4
1168160 1387.4
1168170 1382.0
1168180 1375.9
1168190 1375.9
1168200 1375.5
1168210 1371.5
1168220 1371.5
1168230 1366.7
1168240 1362.5
1168250 1358.8
1168260 1358.8
1168270 1354.9
1168280 1350.0
1168290 1350.0
1168300 1343.6
1168310 1336.5
1168320 1336.5
1168330 1331.7
1168340 1326.6
1168350 1326.6
1168360 1322.2
1168370 1319.4
1168380 1319.4
1168390 1315.0
1168400 1310.0
1168410 1310.0
1168420 1304.0
1168430 1298.0
1168440 1298.0
1168450 1293.0
1168460 1289.7
1168470 1287.2
1168480 1287.2
1168490 1284.2
1168500 1280.4
1168510 1280.4
1168520 1278.8
1168530 1275.6
1168540 1275.6
1168550 1272.3
1168560 1270.2
1168570 1270.2
1168580 1266.0
1168590 1258.9
1168600 1264.3
1168610 1256.0
1168620 1250.5
1168630 1250.5
1168640 1249.0
1168650 1249.3
1168660 1249.3
1168670 1245.9
1168680 1242.6
1168690 1242.6
1168700 1238.6
1168710 1234.4
1168720 1229.3
1168730 1229.3
1168740 1223.5
1168750 1217.3
1168760 1217.3
1168770 1212.4
1168780 1207.6
1168790 1207.6
1168800 1202.8
1168810 1199.5
1168820 1199.5
1168830 1199.2
1168840 1197.2
1168850 1197.2
1168860 1194.9
1168870 1191.1
1168880 1191.1
1168890 1188.0
1168900 1185.0
1168910 1185.0
1168920 1181.4
1168930 1177.7
1168940 1173.7
1168950 1173.7
1168960 1170.5
1168970 1168.0
1168980 1168.0
1168990 1165.1
1169000 1164.7
1169010 1164.7
1169020 1160.6
1169030 1156.5
1169040 1156.5
1169050 1152.3
1169060 1148.6
1169070 1148.6
1169080 1145.3
1169090 1141.8
1169100 1141.8
1169110 1137.5
1169120 1133.1
1169130 1133.1
1169140 1129.3
1169150 1125.0
1169160 1125.0
1169170 1119.8
1169180 1119.5
1169190 1123.1
1169200 1123.1
1169210 1125.2
1169220 1126.5
1169230 1126.5
1169240 1128.2
1169250 1132.5
1169260 1132.5
1169270 1138.1
1169280 1142.6
1169290 1142.6
1169300 1143.4
1169310 1143.0
1169320 1143.0
1169330 1144.7
1169340 1148.2
1169350 1148.2
1169360 1151.3
1169370 1153.6
1169380 1153.6
1169390 1155.1
1169400 1150.2
1169410 1150.2
1169420 1150.7
1169430 1155.2
1169440 1159.8
1169450 1159.8
1169460 1164.9
1169470 1168.5
1169480 1168.5
1169490 1170.0
1169500 1170.6
1169510 1170.6
1169520 1170.6
1169530 1170.4
1169540 1170.4
1169550 1169.2
1169560 1167.5
1169570 1167.5
1169580 1166.1
1169590 1164.9
1169600 1164.9
1169610 1164.2
1169620 1163.5
1169630 1163.5
1169640 1162.1
1169650 1161.3
1169660 1161.9
1169670 1161.9
1169680 1161.7
1169690 1162.5
1169700 1162.5
1169710 1164.0
1169720 1166.2
1169730 1166.2
1169740 1168.0
1169750 1169.1
1169760 1169.1
1169770 1170.4
1169780 1172.0
1169790 1172.0
1169800 1175.2
1169810 1174.6
1169820 1174.6
1169830 1179.3
1169840 1182.2
1169850 1182.2
1169860 1184.3
1169870 1185.9
1169880 1185.9
1169890 1185.9
1169900 1181.0
1169910 1169.6
1169920 1169.6
1169930 1152.0
1169940 1138.5
1169950 1138.5
1169960 1138.6
1169970 1146.2
1169980 1146.2
1169990 1153.6
1170000 1159.8
1170010 1159.8
1170020 1166.4
1170030 1172.0
1170040 1172.0
1170050 1176.2
1170060 1180.0
1170070 1180.0
1170080 1185.6
1170090 1191.4
1170100 1191.4
1170110 1194.0
1170120 1192.2
1170130 1192.1
1170140 1192.1
1170150 1195.0
1170160 1200.8
1170170 1200.8
1170180 1205.3
1170190 1207.2
1170200 1207.2
1170210 1199.5
1170220 1201.5
1170230 1201.5
1170240 1204.6
1170250 1204.8
1170260 1204.8
1170270 1203.8
1170280 1204.2
1170290 1204.2
1170300 1205.4
1170310 1204.6
1170320 1204.6
1170330 1203.4
1170340 1200.0
1170350 1200.0
1170360 1195.8
1170370 1197.2
1170380 1203.0
1170390 1203.0
1170400 1207.4
1170410 1212.6
1170420 1212.6
1170430 1215.5
1170440 1216.7
1170450 1216.7
1170460 1215.9
1170470 1211.7
1170480 1211.7
1170490 1206.2
1170500 1199.7
1170510 1199.7
1170520 1194.1
1170530 1190.8
1170540 1190.8
1170550 1188.4
1170560 1185.1
1170570 1185.1
1170580 1185.3
1170590 1182.0
1170600 1182.0
1170610 1175.7
1170620 1168.4
1170630 1164.9
1170640 1164.9
1170650 1164.6
1170660 1167.0
1170670 1167.0
1170680 1168.5
1170690 1167.1
1170700 1167.1
1170710 1163.3
1170720 1160.7
1170730 1160.7
1170740 1159.5
1170750 1158.2
1170760 1158.2
1170770 1158.3
1170780 1157.5
1170790 1157.5
1170800 1157.3
1170810 1157.3
1170820 1157.3
1170830 1156.5
1170840 1155.8
1170850 1155.6
1170860 1155.6
1170870 1154.1
1170880 1151.1
1170890 1151.1
1170900 1151.8
1170910 1152.1
1170920 1152.1
1170930 1150.9
1170940 1150.7
1170950 1150.7
1170960 1150.0
1170970 1147.1
1170980 1147.1
1170990 1148.2
1171000 1147.7
1171010 1147.7
1171020 1139.2
1171030 1137.6
1171040 1137.6
1171050 1136.8
1171060 1136.7
1171070 1136.7
1171080 1135.9
1171090 1133.8
1171100 1130.4
1171110 1130.4
1171120 1129.1
1171130 1128.0
1171140 1128.0
1171150 1126.1
1171160 1123.2
1171170 1123.2
1171180 1123.2
1171190 1123.3
1171200 1123.3
1171210 1122.0
1171220 1120.7
1171230 1120.7
1171240 1119.2
1171250 1117.1
1171260 1117.1
1171270 1116.3
1171280 1116.3
1171290 1116.3
1171300 1115.7
1171310 1114.8
1171320 1114.0
1171330 1114.0
1171340 1114.3
1171350 1115.3
1171360 1115.3
1171370 1115.5
1171380 1115.6
1171390 1115.6
1171400 1115.7
1171410 1114.7
1171420 1114.7
1171430 1107.9
1171440 1108.8
1171450 1108.8
1171460 1110.3
1171470 1109.5
1171480 1109.5
1171490 1107.9
1171500 1105.8
1171510 1105.8
1171520 1103.0
1171530 1100.5
1171540 1100.5
1171550 1097.9
1171560 1095.5
1171570 1092.9
1171580 1092.9
1171590 1090.4
1171600 1087.6
1171610 1087.6
1171620 1084.4
1171630 1081.4
1171640 1081.4
1171650 1078.5
1171660 1076.3
1171670 1076.3
1171680 1074.8
1171690 1072.1
1171700 1072.1
1171710 1069.7
1171720 1068.3
1171730 1068.3
1171740 1068.1
1171750 1067.0
1171760 1067.0
1171770 1065.6
1171780 1066.4
1171790 1066.4
1171800 1068.4
1171810 1067.8
1171820 1066.5
1171830 1061.8
1171840 1060.7
1171850 1058.8
1171860 1058.8
1171870 1056.6
1171880 1055.0
1171890 1055.0
1171900 1053.9
1171910 1052.8
1171920 1052.8
1171930 1051.8
1171940 1049.1
1171950 1049.1
1171960 1046.3
1171970 1045.2
1171980 1045.2
1171990 1043.1
1172000 1039.6
1172010 1039.6
1172020 1036.5
1172030 1035.6
1172040 1036.4
1172050 1036.4
1172060 1041.6
1172070 1046.9
1172080 1046.9
1172090 1052.9
1172100 1054.2
1172110 1054.2
1172120 1054.5
1172130 1054.6
1172140 1054.6
1172150 1055.8
1172160 1057.3
1172170 1057.3
1172180 1059.0
1172190 1061.7
1172200 1061.7
1172210 1065.0
1172220 1068.5
1172230 1068.5
1172240 1066.3
1172250 1069.2
1172260 1069.2
1172270 1069.8
1172280 1068.3
1172290 1067.6
1172300 1067.6
1172310 1067.6
1172320 1069.1
1172330 1069.1
1172340 1070.3
1172350 1069.9
1172360 1069.9
1172370 1068.4
1172380 1066.2
1172390 1066.2
1172400 1063.4
1172410 1060.7
1172420 1060.7
1172430 1059.9
1172440 1060.9
1172450 1060.9
1172460 1062.0
1172470 1062.0
1172480 1062.0
1172490 1061.1
1172500 1060.2
1172510 1059.5
1172520 1059.5
1172530 1059.5
1172540 1059.6
1172550 1059.6
1172560 1060.8
1172570 1063.7
1172580 1063.7
1172590 1065.1
1172600 1060.6
1172610 1060.6
1172620 1056.4
1172630 1055.2
1172640 1055.2
1172650 1051.6
1172660 1051.1
1172670 1051.1
1172680 1050.0
1172690 1048.1
1172700 1048.1
1172710 1046.0
1172720 1043.9
1172730 1043.9
1172740 1042.0
1172750 1040.5
1172760 1039.2
1172770 1039.2
1172780 1038.1
1172790 1037.6
1172800 1037.6
1172810 1036.7
1172820 1036.5
1172830 1036.5
1172840 1037.3
1172850 1038.9
1172860 1038.9
1172870 1040.0
1172880 1041.8
1172890 1041.8
1172900 1043.1
1172910 1042.9
1172920 1042.9
1172930 1041.7
1172940 1041.1
1172950 1041.1
1172960 1041.7
1172970 1043.7
1172980 1043.7
1172990 1045.3
1173000 1044.5
1173010 1042.8
1173020 1042.8
1173030 1041.2
1173040 1040.1
1173050 1035.1
1173060 1034.0
1173070 1033.3
1173080 1033.3
1173090 1033.0
1173100 1032.9
1173110 1032.9
1173120 1032.4
1173130 1032.5
1173140 1032.5
1173150 1033.0
1173160 1033.5
1173170 1033.5
1173180 1033.0
1173190 1032.9
1173200 1032.9
1173210 1033.3
1173220 1033.8
1173230 1034.3
1173240 1034.3
1173250 1034.9
1173260 1035.1
1173270 1035.1
1173280 1035.7
1173290 1036.6
1173300 1036.6
1173310 1037.2
1173320 1037.9
1173330 1037.9
1173340 1038.7
1173350 1039.5
1173360 1039.5
1173370 1040.2
1173380 1040.5
1173390 1040.5
1173400 1040.1
1173410 1038.8
1173420 1038.8
1173430 1037.7
1173440 1038.2
1173450 1038.2
1173460 1037.9
1173470 1039.5
1173480 1040.8
1173490 1040.8
1173500 1041.9
1173510 1043.1
1173520 1043.1
1173530 1044.0
1173540 1044.6
1173550 1044.6
1173560 1045.2
1173570 1045.5
1173580 1045.5
1173590 1045.8
1173600 1046.0
1173610 1046.0
1173620 1046.1
1173630 1046.0
1173640 1046.0
1173650 1046.0
1173660 1046.1
1173670 1046.1
1173680 1045.8
1173690 1045.0
1173700 1045.0
1173710 1045.0
1173720 1045.5
1173730 1045.5
1173740 1045.5
1173750 1045.1
1173760 1044.9
1173770 1044.9
1173780 1044.6
1173790 1044.2
1173800 1044.2
1173810 1043.8
1173820 1043.7
1173830 1043.7
1173840 1043.6
1173850 1043.4
1173860 1043.4
1173870 1040.4
1173880 1040.2
1173890 1040.2
1173900 1040.5
1173910 1040.8
1173920 1040.8
1173930 1040.9
1173940 1041.4
1173950 1041.6
1173960 1041.6
1173970 1040.9
1173980 1040.2
1173990 1040.2
1174000 1039.5
1174010 1039.0
1174020 1039.0
1174030 1038.9
1174040 1037.6
1174050 1037.6
1174060 1030.6
1174070 1020.9
1174080 1020.9
1174090 1018.9
1174100 1027.8
1174110 1027.8
1174120 1037.4
1174130 1040.7
1174140 1040.7
1174150 1040.6
1174160 1040.5
1174170 1040.5
1174180 1041.1
1174190 1042.2
1174200 1042.4
1174210 1042.4
1174220 1042.1
1174230 1041.8
1174240 1041.8
1174250 1042.4
1174260 1043.2
1174270 1043.2
1174280 1041.1
1174290 1041.5
1174300 1041.5
1174310 1042.1
1174320 1042.6
1174330 1042.6
1174340 1043.5
1174350 1044.9
1174360 1044.9
1174370 1045.7
1174380 1045.9
1174390 1045.9
1174400 1045.2
1174410 1044.0
1174420 1043.1
1174430 1043.1
1174440 1042.3
1174450 1041.7
1174460 1041.7
1174470 1041.6
1174480 1041.7
1174490 1041.7
1174500 1042.1
1174510 1042.5
1174520 1042.5
1174530 1042.9
1174540 1043.0
1174550 1043.0
1174560 1042.9
1174570 1042.5
1174580 1042.5
1174590 1042.3
1174600 1042.7
1174610 1042.7
1174620 1042.7
1174630 1042.4
1174640 1042.4
1174650 1042.7
1174660 1043.2
1174670 1043.4
1174680 1043.4
1174690 1042.2
1174700 1041.4
1174710 1041.4
1174720 1040.2
1174730 1038.2
1174740 1038.2
1174750 1035.4
1174760 1031.9
1174770 1031.9
1174780 1030.1
1174790 1029.3
1174800 1029.3
1174810 1028.1
1174820 1026.4
1174830 1026.4
1174840 1026.1
1174850 1025.1
1174860 1025.1
1174870 1023.5
1174880 1022.6
1174890 1021.1
1174900 1021.1
1174910 1019.3
1174920 1018.3
1174930 1018.3
1174940 1017.6
1174950 1016.8
1174960 1016.8
1174970 1016.0
1174980 1015.0
1174990 1015.0
1175000 1013.7
1175010 1012.4
1175020 1012.4
1175030 1011.2
1175040 1009.9
1175050 1009.9
1175060 1008.7
1175070 1007.6
1175080 1007.6
1175090 1006.5
1175100 1004.0
1175110 1004.0
1175120 1002.5
1175130 1001.1
1175140 999.8
1175150 999.8
1175160 998.6
1175170 997.3
1175180 997.3
1175190 996.0
1175200 994.9
1175210 994.9
1175220 993.8
1175230 992.9
1175240 992.9
1175250 992.0
1175260 990.9
1175270 990.9
1175280 989.9
1175290 988.9
1175300 988.9
1175310 987.9
1175320 986.8
1175330 986.8
1175340 985.7
1175350 984.5
1175360 984.5
1175370 983.1
1175380 981.9
1175390 980.7
1175400 980.7
1175410 979.6
1175420 978.7
1175430 978.7
1175440 977.7
1175450 976.7
1175460 976.7
1175470 975.7
1175480 974.9
1175490 974.9
1175500 972.4
1175510 965.6
1175520 965.6
1175530 964.1
1175540 961.9
1175550 961.9
1175560 959.2
1175570 956.1
1175580 956.1
1175590 952.8
1175600 949.6
1175610 946.7
1175620 946.7
1175630 943.9
1175640 940.7
1175650 940.7
1175660 937.8
1175670 935.1
1175680 935.1
1175690 932.2
1175700 928.6
1175710 928.6
1175720 924.8
1175730 921.2
1175740 921.2
1175750 917.2
1175760 913.5
1175770 913.5
1175780 909.6
1175790 904.3
1175800 904.3
1175810 899.4
1175820 895.7
1175830 895.7
1175840 892.7
1175850 890.4
1175860 888.1
1175870 888.1
1175880 884.6
1175890 880.6
1175900 880.6
1175910 876.3
1175920 869.0
1175930 869.0
1175940 865.5
1175950 862.6
1175960 862.6
1175970 860.6
1175980 857.5
1175990 857.5
1176000 852.7
1176010 846.9
1176020 846.9
1176030 841.4
1176040 836.3
1176050 836.3
1176060 830.9
1176070 828.2
1176080 823.8
1176090 823.8
1176100 819.1
1176110 817.1
1176120 817.1
1176130 815.6
1176140 812.5
1176150 812.5
1176160 808.4
1176170 803.3
1176180 803.3
1176190 799.6
1176200 795.4
1176210 795.4
1176220 791.9
1176230 787.3
1176240 787.3
1176250 783.8
1176260 783.5
1176270 783.5
1176280 783.4
1176290 783.0
1176300 783.0
1176310 782.7
1176320 782.7
1176330 782.5
1176340 782.5
1176350 782.7
1176360 782.5
1176370 782.5
1176380 782.3
1176390 782.1
1176400 782.1
1176410 782.2
1176420 782.1
1176430 782.1
1176440 781.8
1176450 782.2
1176460 782.2
1176470 782.3
1176480 782.2
1176490 782.2
1176500 782.0
1176510 782.0
1176520 782.0
1176530 782.1
1176540 782.3
1176550 782.3
1176560 782.3
1176570 782.4
1176580 782.0
1176590 782.0
1176600 781.7
1176610 781.6
1176620 781.6
1176630 781.9
1176640 782.0
1176650 782.0
1176660 781.9
1176670 781.9
1176680 781.9
1176690 781.9
1176700 781.8
1176710 781.8
1176720 781.6
1176730 781.5
1176740 781.4
1176750 781.4
1176760 781.2
1176770 781.2
1176780 781.2
1176790 781.0
1176800 781.0
1176810 781.0
1176820 780.8
1176830 780.4
1176840 780.4
1176850 780.7
1176860 781.0
1176870 781.0
1176880 780.2
1176890 779.2
1176900 779.2
1176910 776.9
1176920 775.1
1176930 775.1
1176940 774.8
1176950 774.9
1176960 774.9
1176970 775.0
1176980 774.9
1176990 774.9
1177000 774.7
1177010 774.3
1177020 774.3
1177030 773.9
1177040 773.5
1177050 772.7
1177060 772.7
1177070 771.9
1177080 771.2
1177090 771.2
1177100 770.9
1177110 770.8
1177120 770.8
1177130 770.7
1177140 770.7
1177150 770.7
1177160 770.7
1177170 770.6
1177180 770.6
1177190 770.6
1177200 770.8
1177210 770.8
1177220 771.4
1177230 773.0
1177240 773.0
1177250 775.2
1177260 776.5
1177270 776.7
1177280 776.7
1177290 776.8
1177300 776.9
1177310 776.9
1177320 777.0
1177330 776.9
1177340 776.9
1177350 776.9
1177360 777.0
1177370 777.0
1177380 777.0
1177390 777.0
1177400 777.0
1177410 776.9
1177420 776.7
1177430 776.7
1177440 776.8
1177450 776.9
1177460 776.9
1177470 776.8
1177480 776.6
1177490 776.6
1177500 776.5
1177510 776.5
1177520 776.5
1177530 776.5
1177540 776.5
1177550 776.5
1177560 776.5
1177570 779.8
1177580 784.0
1177590 784.0
1177600 788.4
1177610 792.8
1177620 792.8
1177630 795.1
1177640 795.3
1177650 795.3
1177660 795.3
1177670 795.2
1177680 795.2
1177690 795.1
1177700 795.0
1177710 795.0
1177720 795.3
1177730 795.4
1177740 795.4
1177750 795.7
1177760 796.0
1177770 795.8
1177780 795.8
1177790 796.8
1177800 800.6
1177810 800.6
1177820 806.2
1177830 810.9
1177840 810.9
1177850 814.9
1177860 818.1
1177870 818.1
1177880 822.5
1177890 827.3
1177900 827.3
1177910 833.6
1177920 839.2
1177930 839.2
1177940 845.0
1177950 849.9
1177960 849.9
1177970 854.4
1177980 863.5
1177990 867.5
1178000 867.5
1178010 870.7
1178020 873.1
1178030 873.1
1178040 875.6
1178050 878.8
1178060 878.8
1178070 881.1
1178080 882.9
1178090 882.9
1178100 884.7
1178110 886.5
1178120 886.5
1178130 888.7
1178140 891.7
1178150 891.7
1178160 894.7
1178170 898.0
1178180 898.0
1178190 900.3
1178200 901.3
1178210 901.3
1178220 901.2
1178230 900.3
1178240 899.9
1178250 899.9
1178260 900.4
1178270 901.8
1178280 901.8
1178290 902.9
1178300 903.6
1178310 903.6
1178320 904.0
1178330 904.2
1178340 904.2
1178350 904.2
1178360 904.5
1178370 904.5
1178380 905.1
1178390 906.1
1178400 910.0
1178410 910.8
1178420 910.4
1178430 910.4
1178440 907.4
1178450 911.9
1178460 915.8
1178470 915.8
1178480 918.7
1178490 920.7
1178500 920.7
1178510 923.8
1178520 928.2
1178530 928.2
1178540 932.7
1178550 936.5
1178560 936.5
1178570 940.5
1178580 943.0
1178590 943.0
1178600 944.2
1178610 944.7
1178620 944.7
1178630 944.7
1178640 944.9
1178650 944.9
1178660 946.7
1178670 948.7
1178680 948.7
1178690 950.6
1178700 952.5
1178710 955.8
1178720 955.8
1178730 959.9
1178740 962.8
1178750 962.8
1178760 965.3
1178770 967.9
1178780 967.9
1178790 971.1
1178800 972.8
1178810 975.9
1178820 975.2
1178830 976.2
1178840 976.2
1178850 978.4
1178860 980.2
1178870 980.2
1178880 981.1
1178890 982.8
1178900 982.8
1178910 984.0
1178920 985.2
1178930 985.2
1178940 986.0
1178950 986.4
1178960 987.7
1178970 987.7
1178980 990.1
1178990 994.1
1179000 994.1
1179010 999.5
1179020 1005.4
1179030 1005.4
1179040 1009.0
1179050 1012.3
1179060 1012.3
1179070 1017.8
1179080 1023.1
1179090 1023.1
1179100 1025.6
1179110 1028.6
1179120 1028.6
1179130 1032.6
1179140 1037.0
1179150 1037.0
1179160 1041.6
1179170 1046.2
1179180 1049.2
1179190 1049.2
1179200 1051.0
1179210 1052.6
1179220 1052.6
1179230 1058.6
1179240 1062.0
1179250 1062.0
1179260 1065.5
1179270 1069.8
1179280 1069.8
1179290 1075.4
1179300 1080.6
1179310 1080.6
1179320 1082.9
1179330 1084.5
1179340 1084.5
1179350 1086.3
1179360 1089.7
1179370 1089.7
1179380 1094.6
1179390 1100.3
1179400 1100.3
1179410 1106.1
1179420 1109.5
1179430 1111.8
1179440 1111.8
1179450 1113.4
1179460 1115.8
1179470 1115.8
1179480 1118.1
1179490 1122.5
1179500 1122.5
1179510 1127.7
1179520 1133.3
1179530 1133.3
1179540 1138.3
1179550 1144.7
1179560 1144.7
1179570 1151.3
1179580 1157.2
1179590 1157.2
1179600 1163.8
1179610 1169.5
1179620 1169.5
1179630 1174.8
1179640 1180.5
1179650 1188.5
1179660 1188.5
1179670 1193.6
1179680 1199.5
1179690 1199.5
1179700 1204.9
1179710 1209.8
1179720 1209.8
1179730 1215.5
1179740 1221.4
1179750 1221.4
1179760 1227.5
1179770 1229.7
1179780 1229.7
1179790 1231.8
1179800 1234.4
1179810 1234.4
1179820 1236.7
1179830 1240.2
1179840 1240.2
1179850 1244.7
1179860 1250.3
1179870 1250.3
1179880 1256.1
1179890 1261.5
1179900 1266.7
1179910 1266.7
1179920 1269.5
1179930 1273.2
1179940 1273.2
1179950 1279.0
1179960 1285.0
1179970 1285.0
1179980 1290.1
1179990 1293.9
