1160000 1539.4
1160010 1539.4
1160020 1543.9
1160030 1548.8
1160040 1548.8
1160050 1552.8
1160060 1555.4
1160070 1555.4
1160080 1557.4
1160090 1559.9
1160100 1559.9
1160110 1562.9
1160120 1565.3
1160130 1565.3
1160140 1567.8
1160150 1570.4
1160160 1572.9
1160170 1571.4
1160180 1573.7
1160190 1575.8
1160200 1575.8
1160210 1577.3
1160220 1578.9
1160230 1578.9
1160240 1580.0
1160250 1580.8
1160260 1580.8
1160270 1581.2
1160280 1582.3
1160290 1582.3
1160300 1584.5
1160310 1587.1
1160320 1587.1
1160330 1589.7
1160340 1592.3
1160350 1592.3
1160360 1595.5
1160370 1598.3
1160380 1598.3
1160390 1600.8
1160400 1602.9
1160410 1604.2
1160420 1604.2
1160430 1605.3
1160440 1606.4
1160450 1606.4
1160460 1608.1
1160470 1609.9
1160480 1609.9
1160490 1611.6
1160500 1613.0
1160510 1613.0
1160520 1613.7
1160530 1613.3
1160540 1613.3
1160550 1612.8
1160560 1608.4
1160570 1608.4
1160580 1604.4
1160590 1598.6
1160600 1598.6
1160610 1592.6
1160620 1586.6
1160630 1586.6
1160640 1581.6
1160650 1576.1
1160660 1570.1
1160670 1570.1
1160680 1564.6
1160690 1560.7
1160700 1560.7
1160710 1559.1
1160720 1558.7
1160730 1558.7
1160740 1557.6
1160750 1555.2
1160760 1555.2
1160770 1554.2
1160780 1553.8
1160790 1553.8
1160800 1553.3
1160810 1553.2
1160820 1553.2
1160830 1553.2
1160840 1553.4
1160850 1553.4
1160860 1553.9
1160870 1553.4
1160880 1552.5
1160890 1552.5
1160900 1550.7
1160910 1543.4
1160920 1543.4
1160930 1539.9
1160940 1545.0
1160950 1545.0
1160960 1546.5
1160970 1553.7
1160980 1553.7
1160990 1559.1
1161000 1565.1
1161010 1565.1
1161020 1571.0
1161030 1578.3
1161040 1578.3
1161050 1586.6
1161060 1596.4
1161070 1596.4
1161080 1606.2
1161090 1611.0
1161100 1611.0
1161110 1608.2
1161120 1607.5
1161130 1611.4
1161140 1611.4
1161150 1618.2
1161160 1626.3
1161170 1626.3
1161180 1634.9
1161190 1643.0
1161200 1643.0
1161210 1649.6
1161220 1653.7
1161230 1653.7
1161240 1656.8
1161250 1661.9
1161260 1661.9
1161270 1667.3
1161280 1672.6
1161290 1672.6
1161300 1677.9
1161310 1683.6
1161320 1683.6
1161330 1685.1
1161340 1681.8
1161350 1676.2
1161360 1671.1
1161370 1663.9
1161380 1659.4
1161390 1659.4
1161400 1655.0
1161410 1653.4
1161420 1653.4
1161430 1653.7
1161440 1655.2
1161450 1655.2
1161460 1656.2
1161470 1659.3
1161480 1659.3
1161490 1663.7
1161500 1670.1
1161510 1670.1
1161520 1677.9
1161530 1681.8
1161540 1681.8
1161550 1684.5
1161560 1691.7
1161570 1691.7
1161580 1699.0
1161590 1703.9
1161600 1706.8
1161610 1706.8
1161620 1711.1
1161630 1716.5
1161640 1716.5
1161650 1722.0
1161660 1728.9
1161670 1728.9
1161680 1736.1
1161690 1744.0
1161700 1744.0
1161710 1752.1
1161720 1759.9
1161730 1759.9
1161740 1759.0
1161750 1760.5
1161760 1760.5
1161770 1763.8
1161780 1765.1
1161790 1765.1
1161800 1766.4
1161810 1770.3
1161820 1770.3
1161830 1774.3
1161840 1778.7
1161850 1783.9
1161860 1783.9
1161870 1787.9
1161880 1792.6
1161890 1792.6
1161900 1796.6
1161910 1801.9
1161920 1801.9
1161930 1808.3
1161940 1814.3
1161950 1814.3
1161960 1819.9
1161970 1825.4
1161980 1825.4
1161990 1830.6
1162000 1835.5
1162010 1835.5
1162020 1840.3
1162030 1844.0
1162040 1844.0
1162050 1846.4
1162060 1848.5
1162070 1848.5
1162080 1851.3
1162090 1855.7
1162100 1858.2
1162110 1858.2
1162120 1860.4
1162130 1864.0
1162140 1862.6
1162150 1865.2
1162160 1867.3
1162170 1867.3
1162180 1868.8
1162190 1871.6
1162200 1871.6
1162210 1873.3
1162220 1874.3
1162230 1874.3
1162240 1876.5
1162250 1878.6
1162260 1878.6
1162270 1881.1
1162280 1884.3
1162290 1884.3
1162300 1887.9
1162310 1891.0
1162320 1893.4
1162330 1893.4
1162340 1895.8
1162350 1898.6
1162360 1898.6
1162370 1901.8
1162380 1904.6
1162390 1904.6
1162400 1908.0
1162410 1913.2
1162420 1913.2
1162430 1917.7
1162440 1921.8
1162450 1921.8
1162460 1925.6
1162470 1929.3
1162480 1929.3
1162490 1933.1
1162500 1936.6
1162510 1936.6
1162520 1940.1
1162530 1941.2
1162540 1941.2
1162550 1944.2
1162560 1946.2
1162570 1949.1
1162580 1949.1
1162590 1952.6
1162600 1955.8
1162610 1955.8
1162620 1959.0
1162630 1962.4
1162640 1962.4
1162650 1965.1
1162660 1968.2
1162670 1968.2
1162680 1971.4
1162690 1974.3
1162700 1974.3
1162710 1977.4
1162720 1980.7
1162730 1980.7
1162740 1984.3
1162750 1987.8
1162760 1987.8
1162770 1990.3
1162780 1991.0
1162790 1993.1
1162800 1993.1
1162810 1996.8
1162820 1999.9
1162830 1999.9
1162840 2002.8
1162850 2005.7
1162860 2005.7
1162870 2008.4
1162880 2010.7
1162890 2010.7
1162900 2011.9
1162910 2012.3
1162920 2009.9
1162930 2010.4
1162940 2010.5
1162950 2010.5
1162960 2009.7
1162970 2009.5
1162980 2009.5
1162990 2008.6
1163000 2006.9
1163010 2006.9
1163020 2006.6
1163030 2005.4
1163040 2002.7
1163050 2002.7
1163060 2000.2
1163070 1997.6
1163080 1997.6
1163090 1994.6
1163100 1991.7
1163110 1991.7
1163120 1988.9
1163130 1985.5
1163140 1985.5
1163150 1981.9
1163160 1979.2
1163170 1979.2
1163180 1978.5
1163190 1976.7
1163200 1976.7
1163210 1974.5
1163220 1972.3
1163230 1972.3
1163240 1970.3
1163250 1969.0
1163260 1969.0
1163270 1968.1
1163280 1967.3
1163290 1966.5
1163300 1966.5
1163310 1965.4
1163320 1960.5
1163330 1960.5
1163340 1959.7
1163350 1958.9
1163360 1958.9
1163370 1958.3
1163380 1958.5
1163390 1958.5
1163400 1958.1
1163410 1958.4
1163420 1958.4
1163430 1959.7
1163440 1961.0
1163450 1961.0
1163460 1962.3
1163470 1963.5
1163480 1963.5
1163490 1964.7
1163500 1965.2
1163510 1965.2
1163520 1965.2
1163530 1965.4
1163540 1965.7
1163550 1965.7
1163560 1965.2
1163570 1964.1
1163580 1964.1
1163590 1961.7
1163600 1959.6
1163610 1959.6
1163620 1959.2
1163630 1958.8
1163640 1958.8
1163650 1958.3
1163660 1958.6
1163670 1958.6
1163680 1961.2
1163690 1963.4
1163700 1963.4
1163710 1960.0
1163720 1960.5
1163730 1960.5
1163740 1960.8
1163750 1961.0
1163760 1960.9
1163770 1960.9
1163780 1960.3
1163790 1959.2
1163800 1959.2
1163810 1958.7
1163820 1957.4
1163830 1957.4
1163840 1956.8
1163850 1957.4
1163860 1957.4
1163870 1957.4
1163880 1957.7
1163890 1957.7
1163900 1958.7
1163910 1960.1
1163920 1960.1
1163930 1960.6
1163940 1958.9
1163950 1958.9
1163960 1956.1
1163970 1951.8
1163980 1951.8
1163990 1947.3
1164000 1943.3
1164010 1939.9
1164020 1939.9
1164030 1937.8
1164040 1935.1
1164050 1935.1
1164060 1930.5
1164070 1925.3
1164080 1925.3
1164090 1919.6
1164100 1916.0
1164110 1915.4
1164120 1913.0
1164130 1912.0
1164140 1912.0
1164150 1911.2
1164160 1910.9
1164170 1910.9
1164180 1911.0
1164190 1910.6
1164200 1910.6
1164210 1910.1
1164220 1909.9
1164230 1909.8
1164240 1909.8
1164250 1909.5
1164260 1909.2
1164270 1909.2
1164280 1908.6
1164290 1908.2
1164300 1908.2
1164310 1908.2
1164320 1908.5
1164330 1908.5
1164340 1909.5
1164350 1910.1
1164360 1910.1
1164370 1910.7
1164380 1911.4
1164390 1911.4
1164400 1912.5
1164410 1913.5
1164420 1913.5
1164430 1914.9
1164440 1916.0
1164450 1916.0
1164460 1916.9
1164470 1917.9
1164480 1918.5
1164490 1918.5
1164500 1918.9
1164510 1918.0
1164520 1918.0
1164530 1918.7
1164540 1920.1
1164550 1920.1
1164560 1924.7
1164570 1929.4
1164580 1929.4
1164590 1933.4
1164600 1935.8
1164610 1935.8
1164620 1937.8
1164630 1937.8
1164640 1937.8
1164650 1937.8
1164660 1938.5
1164670 1938.5
1164680 1939.1
1164690 1939.6
1164700 1939.6
1164710 1939.4
1164720 1939.2
1164730 1940.0
1164740 1940.0
1164750 1941.5
1164760 1943.4
1164770 1943.4
1164780 1944.7
1164790 1946.2
1164800 1946.2
1164810 1948.3
1164820 1950.6
1164830 1950.6
1164840 1952.9
1164850 1955.5
1164860 1955.5
1164870 1958.0
1164880 1960.4
1164890 1960.4
1164900 1960.3
1164910 1963.3
1164920 1963.3
1164930 1965.7
1164940 1967.7
1164950 1969.9
1164960 1969.9
1164970 1971.8
1164980 1973.2
1164990 1973.2
1165000 1975.3
1165010 1977.8
1165020 1977.8
1165030 1981.0
1165040 1983.7
1165050 1983.7
1165060 1986.5
1165070 1988.9
1165080 1988.9
1165090 1990.4
1165100 1992.1
1165110 1992.1
1165120 1994.1
1165130 1995.7
1165140 1995.7
1165150 1997.8
1165160 1999.2
1165170 1999.2
1165180 2000.1
1165190 2001.0
1165200 2002.2
1165210 2002.2
1165220 2003.8
1165230 2005.2
1165240 2005.2
1165250 2006.7
1165260 2007.7
1165270 2007.7
1165280 2008.9
1165290 2010.5
1165300 2008.5
1165310 2009.8
1165320 2010.7
1165330 2010.7
1165340 2012.1
1165350 2013.9
1165360 2013.9
1165370 2015.0
1165380 2015.9
1165390 2015.9
1165400 2016.4
1165410 2017.0
1165420 2017.0
1165430 2017.2
1165440 2017.5
1165450 2018.2
1165460 2018.2
1165470 2018.6
1165480 2019.0
1165490 2019.0
1165500 2019.3
1165510 2019.3
1165520 2019.3
1165530 2018.7
1165540 2019.7
1165550 2019.7
1165560 2019.8
1165570 2018.7
1165580 2018.7
1165590 2014.8
1165600 2008.6
1165610 2008.6
1165620 2001.2
1165630 1994.1
1165640 1994.1
1165650 1988.5
1165660 1983.8
1165670 1977.7
1165680 1977.7
1165690 1968.1
1165700 1959.7
1165710 1959.7
1165720 1953.8
1165730 1950.1
1165740 1950.1
1165750 1947.8
1165760 1945.7
1165770 1945.7
1165780 1942.1
1165790 1938.1
1165800 1938.1
1165810 1934.2
1165820 1929.4
1165830 1929.4
1165840 1924.7
1165850 1918.5
1165860 1918.5
1165870 1911.4
1165880 1906.4
1165890 1906.4
1165900 1902.4
1165910 1898.5
1165920 1894.8
1165930 1894.8
1165940 1889.5
1165950 1883.1
1165960 1883.1
1165970 1877.1
1165980 1870.5
1165990 1870.5
1166000 1864.1
1166010 1858.1
1166020 1858.1
1166030 1852.2
1166040 1844.8
1166050 1844.8
1166060 1836.5
1166070 1830.6
1166080 1830.6
1166090 1821.9
1166100 1816.3
1166110 1816.3
1166120 1810.3
1166130 1803.4
1166140 1803.4
1166150 1796.2
1166160 1788.8
1166170 1781.3
1166180 1781.3
1166190 1776.1
1166200 1771.3
1166210 1771.3
1166220 1768.0
1166230 1764.7
1166240 1764.7
1166250 1761.5
1166260 1755.7
1166270 1755.7
1166280 1746.9
1166290 1740.5
1166300 1740.5
1166310 1739.7
1166320 1741.8
1166330 1741.8
1166340 1744.8
1166350 1748.6
1166360 1748.6
1166370 1751.2
1166380 1754.7
1166390 1757.9
1166400 1757.9
1166410 1763.3
1166420 1770.3
1166430 1770.3
1166440 1774.1
1166450 1777.7
1166460 1777.7
1166470 1779.9
1166480 1775.2
1166490 1775.2
1166500 1730.9
1166510 1724.1
1166520 1724.1
1166530 1721.7
1166540 1715.7
1166550 1715.7
1166560 1709.7
1166570 1706.4
1166580 1706.4
1166590 1702.2
1166600 1698.5
1166610 1698.5
1166620 1694.1
1166630 1689.0
1166640 1683.4
1166650 1683.4
1166660 1677.4
1166670 1671.0
1166680 1671.0
1166690 1667.5
1166700 1665.9
1166710 1665.9
1166720 1664.2
1166730 1662.3
1166740 1662.3
1166750 1661.0
1166760 1661.2
1166770 1661.2
1166780 1662.6
1166790 1663.8
1166800 1663.8
1166810 1664.4
1166820 1664.3
1166830 1664.3
1166840 1663.4
1166850 1662.2
1166860 1662.4
1166870 1662.4
1166880 1662.1
1166890 1651.1
1166900 1651.1
1166910 1650.3
1166920 1649.9
1166930 1649.9
1166940 1650.2
1166950 1651.9
1166960 1651.9
1166970 1654.3
1166980 1653.0
1166990 1653.0
1167000 1649.4
1167010 1645.6
1167020 1645.6
1167030 1642.3
1167040 1639.1
1167050 1639.1
1167060 1636.4
1167070 1632.3
1167080 1632.3
1167090 1634.4
1167100 1635.7
1167110 1635.4
1167120 1635.4
1167130 1635.4
1167140 1635.2
1167150 1635.2
1167160 1635.3
1167170 1636.2
1167180 1636.2
1167190 1636.1
1167200 1634.6
1167210 1634.6
1167220 1632.6
1167230 1630.6
1167240 1630.6
1167250 1628.0
1167260 1625.1
1167270 1625.1
1167280 1621.8
1167290 1612.7
1167300 1612.7
1167310 1611.7
1167320 1611.4
1167330 1611.4
1167340 1610.0
1167350 1607.5
1167360 1603.7
1167370 1603.7
1167380 1600.2
1167390 1597.2
1167400 1597.2
1167410 1592.4
1167420 1587.8
1167430 1587.8
1167440 1583.9
1167450 1578.9
1167460 1578.9
1167470 1573.9
1167480 1570.3
1167490 1570.3
1167500 1567.3
1167510 1565.8
1167520 1565.8
1167530 1565.0
1167540 1563.3
1167550 1563.3
1167560 1562.0
1167570 1559.5
1167580 1555.4
1167590 1555.4
1167600 1550.2
1167610 1545.3
1167620 1545.3
1167630 1540.7
1167640 1535.3
1167650 1535.3
1167660 1531.0
1167670 1527.1
1167680 1527.1
1167690 1521.0
1167700 1516.8
1167710 1516.8
1167720 1513.8
1167730 1510.6
1167740 1510.6
1167750 1507.6
1167760 1505.3
1167770 1505.3
1167780 1502.9
1167790 1499.3
1167800 1499.3
1167810 1495.3
1167820 1490.7
1167830 1485.8
1167840 1485.8
1167850 1481.4
1167860 1477.9
1167870 1477.9
1167880 1474.1
1167890 1470.9
1167900 1470.9
1167910 1467.8
1167920 1464.7
1167930 1464.7
1167940 1461.5
1167950 1457.3
1167960 1457.3
1167970 1454.1
1167980 1451.5
1167990 1451.5
1168000 1449.4
1168010 1446.6
1168020 1446.6
1168030 1442.9
1168040 1437.8
1168050 1437.8
1168060 1433.7
1168070 1432.2
1168080 1430.7
1168090 1430.7
1168100 1424.7
1168110 1423.4
1168120 1423.4
1168130 1421.3
1168140 1418.2
1168150 1418.2
1168160 1414.7
1168170 1414.5
1168180 1414.5
1168190 1415.5
1168200 1413.7
1168210 1413.7
1168220 1411.2
1168230 1408.3
1168240 1408.3
1168250 1405.3
1168260 1403.1
1168270 1403.1
1168280 1400.8
1168290 1397.9
1168300 1395.3
1168310 1395.3
1168320 1393.5
1168330 1392.3
1168340 1392.3
1168350 1391.0
1168360 1389.1
1168370 1389.1
1168380 1385.8
1168390 1381.9
1168400 1381.9
1168410 1378.5
1168420 1375.9
1168430 1375.9
1168440 1374.0
1168450 1373.3
1168460 1373.3
1168470 1371.8
1168480 1368.4
1168490 1368.4
1168500 1360.9
1168510 1358.0
1168520 1358.0
1168530 1357.4
1168540 1355.3
1168550 1352.0
1168560 1352.0
1168570 1350.1
1168580 1345.5
1168590 1345.5
1168600 1340.0
1168610 1336.0
1168620 1336.0
1168630 1332.0
1168640 1325.5
1168650 1325.5
1168660 1319.9
1168670 1316.1
1168680 1316.1
1168690 1312.2
1168700 1309.0
1168710 1309.0
1168720 1304.5
1168730 1300.7
1168740 1300.7
1168750 1299.6
1168760 1294.3
1168770 1294.3
1168780 1294.4
1168790 1300.5
1168800 1300.4
1168810 1300.4
1168820 1299.2
1168830 1298.0
1168840 1298.0
1168850 1297.1
1168860 1296.7
1168870 1296.7
1168880 1297.4
1168890 1297.1
1168900 1294.5
1168910 1293.1
1168920 1292.1
1168930 1292.1
1168940 1292.5
1168950 1293.3
1168960 1293.3
1168970 1294.7
1168980 1295.7
1168990 1295.7
1169000 1296.4
1169010 1297.7
1169020 1299.2
1169030 1299.2
1169040 1301.4
1169050 1305.2
1169060 1305.2
1169070 1307.2
1169080 1308.7
1169090 1308.7
1169100 1311.5
1169110 1314.3
1169120 1314.3
1169130 1318.0
1169140 1320.3
1169150 1320.3
1169160 1323.2
1169170 1327.2
1169180 1327.2
1169190 1328.6
1169200 1326.4
1169210 1326.4
1169220 1322.2
1169230 1316.9
1169240 1316.9
1169250 1310.7
1169260 1302.4
1169270 1292.3
1169280 1292.3
1169290 1294.1
1169300 1295.1
1169310 1295.1
1169320 1301.5
1169330 1308.7
1169340 1308.7
1169350 1315.5
1169360 1320.9
1169370 1320.9
1169380 1322.6
1169390 1323.1
1169400 1323.1
1169410 1323.6
1169420 1321.3
1169430 1321.3
1169440 1321.2
1169450 1323.0
1169460 1323.0
1169470 1324.2
1169480 1327.2
1169490 1330.5
1169500 1330.5
1169510 1332.2
1169520 1332.4
1169530 1332.4
1169540 1324.7
1169550 1317.4
1169560 1317.4
1169570 1312.9
1169580 1309.9
1169590 1309.9
1169600 1305.0
1169610 1294.9
1169620 1294.9
1169630 1286.2
1169640 1294.4
1169650 1294.4
1169660 1304.0
1169670 1315.3
1169680 1315.3
1169690 1323.3
1169700 1326.5
1169710 1319.2
1169720 1323.6
1169730 1337.9
1169740 1335.2
1169750 1335.2
1169760 1331.8
1169770 1340.6
1169780 1340.6
1169790 1341.0
1169800 1336.3
1169810 1336.3
1169820 1334.5
1169830 1337.0
1169840 1337.0
1169850 1335.5
1169860 1333.0
1169870 1333.0
1169880 1331.4
1169890 1328.9
1169900 1328.9
1169910 1328.3
1169920 1334.6
1169930 1334.6
1169940 1343.5
1169950 1349.8
1169960 1349.8
1169970 1352.5
1169980 1354.1
1169990 1351.5
1170000 1351.5
1170010 1345.2
1170020 1338.8
1170030 1338.8
1170040 1333.2
1170050 1330.6
1170060 1330.6
1170070 1329.4
1170080 1328.6
1170090 1328.6
1170100 1329.9
1170110 1331.4
1170120 1331.4
1170130 1336.7
1170140 1341.6
1170150 1341.6
1170160 1346.7
1170170 1351.6
1170180 1351.6
1170190 1356.8
1170200 1362.8
1170210 1368.5
1170220 1368.5
1170230 1376.1
1170240 1382.3
1170250 1382.3
1170260 1385.9
1170270 1386.9
1170280 1386.9
1170290 1387.6
1170300 1387.9
1170310 1387.9
1170320 1389.3
1170330 1390.8
1170340 1390.8
1170350 1391.4
1170360 1392.5
1170370 1392.5
1170380 1395.0
1170390 1397.5
1170400 1397.5
1170410 1399.3
1170420 1399.6
1170430 1399.6
1170440 1400.6
1170450 1401.7
1170460 1403.2
1170470 1403.2
1170480 1404.5
1170490 1405.4
1170500 1405.4
1170510 1400.5
1170520 1402.0
1170530 1402.0
1170540 1403.1
1170550 1403.2
1170560 1403.2
1170570 1403.2
1170580 1403.8
1170590 1403.8
1170600 1405.6
1170610 1407.8
1170620 1407.8
1170630 1409.3
1170640 1411.1
1170650 1411.1
1170660 1412.4
1170670 1413.8
1170680 1413.8
1170690 1416.6
1170700 1419.3
1170710 1421.5
1170720 1421.5
1170730 1423.3
1170740 1424.8
1170750 1424.8
1170760 1426.2
1170770 1427.7
1170780 1427.7
1170790 1428.6
1170800 1428.9
1170810 1428.9
1170820 1429.1
1170830 1429.8
1170840 1429.8
1170850 1431.3
1170860 1432.9
1170870 1432.9
1170880 1434.9
1170890 1436.1
1170900 1436.1
1170910 1436.4
1170920 1429.5
1170930 1429.8
1170940 1429.8
1170950 1429.8
1170960 1430.1
1170970 1430.1
1170980 1430.9
1170990 1432.0
1171000 1432.0
1171010 1433.2
1171020 1434.7
1171030 1434.7
1171040 1438.9
1171050 1444.9
1171060 1444.9
1171070 1448.7
1171080 1449.0
1171090 1449.0
1171100 1447.4
1171110 1443.7
1171120 1443.7
1171130 1436.2
1171140 1431.2
1171150 1431.2
1171160 1430.6
1171170 1436.7
1171180 1444.3
1171190 1444.3
1171200 1446.9
1171210 1446.8
1171220 1446.8
1171230 1445.4
1171240 1441.5
1171250 1441.5
1171260 1440.0
1171270 1435.2
1171280 1435.2
1171290 1427.4
1171300 1424.2
1171310 1424.2
1171320 1413.4
1171330 1410.8
1171340 1410.8
1171350 1409.9
1171360 1410.8
1171370 1410.8
1171380 1409.9
1171390 1405.4
1171400 1405.4
1171410 1405.3
1171420 1407.1
1171430 1404.5
1171440 1404.5
1171450 1402.7
1171460 1401.4
1171470 1401.4
1171480 1399.3
1171490 1397.5
1171500 1397.5
1171510 1395.8
1171520 1393.5
1171530 1393.5
1171540 1390.5
1171550 1387.5
1171560 1387.5
1171570 1384.8
1171580 1383.4
1171590 1383.4
1171600 1382.4
1171610 1381.7
1171620 1381.7
1171630 1380.6
1171640 1378.5
1171650 1376.1
1171660 1376.1
1171670 1373.8
1171680 1370.5
1171690 1370.5
1171700 1367.4
1171710 1364.3
1171720 1364.3
1171730 1355.5
1171740 1352.6
1171750 1352.6
1171760 1348.9
1171770 1345.0
1171780 1345.0
1171790 1342.4
1171800 1339.2
1171810 1339.2
1171820 1335.0
1171830 1331.2
1171840 1331.2
1171850 1326.0
1171860 1322.9
1171870 1322.9
1171880 1318.9
1171890 1311.8
1171900 1305.1
1171910 1305.1
1171920 1301.3
1171930 1298.7
1171940 1298.7
1171950 1294.1
1171960 1286.0
1171970 1286.0
1171980 1268.2
1171990 1242.2
1172000 1242.2
1172010 1226.5
1172020 1233.5
1172030 1233.5
1172040 1251.9
1172050 1278.6
1172060 1278.6
1172070 1293.3
1172080 1300.2
1172090 1300.2
1172100 1309.6
1172110 1313.6
1172120 1316.8
1172130 1316.8
1172140 1314.7
1172150 1318.8
1172160 1318.8
1172170 1321.3
1172180 1321.8
1172190 1321.8
1172200 1322.1
1172210 1321.8
1172220 1321.8
1172230 1320.6
1172240 1318.3
1172250 1318.3
1172260 1317.5
1172270 1317.4
1172280 1317.4
1172290 1317.0
1172300 1316.2
1172310 1316.2
1172320 1314.4
1172330 1311.9
1172340 1311.9
1172350 1309.9
1172360 1307.5
1172370 1304.9
1172380 1304.9
1172390 1302.1
1172400 1299.6
1172410 1299.6
1172420 1299.8
1172430 1300.6
1172440 1300.6
1172450 1300.1
1172460 1298.4
1172470 1298.4
1172480 1297.5
1172490 1298.4
1172500 1298.4
1172510 1301.2
1172520 1302.7
1172530 1302.7
1172540 1298.5
1172550 1298.2
1172560 1298.2
1172570 1296.0
1172580 1294.2
1172590 1294.2
1172600 1293.9
1172610 1294.1
1172620 1294.4
1172630 1294.4
1172640 1294.3
1172650 1293.3
1172660 1293.3
1172670 1292.6
1172680 1293.5
1172690 1293.5
1172700 1293.3
1172710 1293.5
1172720 1293.5
1172730 1294.4
1172740 1293.1
1172750 1293.1
1172760 1292.7
1172770 1293.9
1172780 1293.9
1172790 1296.2
1172800 1297.8
1172810 1297.8
1172820 1299.0
1172830 1300.7
1172840 1302.0
1172850 1302.0
1172860 1303.6
1172870 1303.5
1172880 1303.5
1172890 1303.1
1172900 1302.4
1172910 1302.4
1172920 1299.9
1172930 1295.7
1172940 1295.7
1172950 1286.4
1172960 1283.4
1172970 1283.4
1172980 1286.3
1172990 1290.4
1173000 1290.4
1173010 1293.0
1173020 1292.5
1173030 1292.5
1173040 1289.5
1173050 1287.2
1173060 1287.2
1173070 1285.7
1173080 1286.3
1173090 1286.8
1173100 1286.8
1173110 1285.9
1173120 1284.6
1173130 1284.6
1173140 1283.5
1173150 1281.6
1173160 1281.6
1173170 1280.8
1173180 1283.2
1173190 1283.2
1173200 1284.9
1173210 1283.8
1173220 1283.8
1173230 1280.7
1173240 1276.1
1173250 1276.1
1173260 1271.2
1173270 1270.6
1173280 1270.6
1173290 1271.9
1173300 1273.7
1173310 1273.7
1173320 1271.7
1173330 1265.5
1173340 1259.5
1173350 1259.5
1173360 1238.9
1173370 1230.6
1173380 1230.6
1173390 1226.7
1173400 1229.1
1173410 1229.1
1173420 1230.2
1173430 1218.7
1173440 1218.7
1173450 1211.7
1173460 1209.6
1173470 1209.6
1173480 1210.9
1173490 1211.2
1173500 1211.2
1173510 1209.1
1173520 1205.6
1173530 1205.6
1173540 1199.2
1173550 1193.2
1173560 1190.6
1173570 1190.6
1173580 1189.9
1173590 1189.4
1173600 1189.4
1173610 1189.0
1173620 1188.5
1173630 1188.5
1173640 1189.7
1173650 1192.8
1173660 1192.8
1173670 1196.8
1173680 1201.3
1173690 1201.3
1173700 1206.3
1173710 1210.9
1173720 1210.9
1173730 1213.8
1173740 1214.3
1173750 1214.3
1173760 1210.3
1173770 1201.9
1173780 1201.9
1173790 1197.0
1173800 1192.9
1173810 1187.8
1173820 1187.8
1173830 1182.3
1173840 1175.8
1173850 1175.8
1173860 1168.0
1173870 1159.8
1173880 1159.8
1173890 1150.2
1173900 1140.6
1173910 1140.6
1173920 1131.9
1173930 1124.8
1173940 1124.8
1173950 1120.5
1173960 1122.2
1173970 1122.2
1173980 1126.9
1173990 1132.5
1174000 1132.5
1174010 1138.3
1174020 1144.6
1174030 1151.4
1174040 1151.4
1174050 1159.0
1174060 1167.3
1174070 1167.3
1174080 1173.8
1174090 1171.4
1174100 1171.4
1174110 1166.0
1174120 1163.0
1174130 1163.0
1174140 1161.8
1174150 1161.5
1174160 1161.5
1174170 1161.8
1174180 1159.1
1174190 1159.1
1174200 1161.9
1174210 1165.7
1174220 1165.7
1174230 1170.1
1174240 1174.8
1174250 1174.8
1174260 1179.5
1174270 1183.8
1174280 1184.8
1174290 1184.8
1174300 1183.7
1174310 1182.6
1174320 1182.6
1174330 1181.7
1174340 1180.5
1174350 1180.5
1174360 1179.2
1174370 1177.3
1174380 1177.3
1174390 1175.5
1174400 1174.3
1174410 1174.3
1174420 1173.6
1174430 1172.9
1174440 1172.9
1174450 1171.5
1174460 1169.8
1174470 1169.8
1174480 1168.1
1174490 1167.3
1174500 1167.3
1174510 1166.5
1174520 1164.9
1174530 1160.7
1174540 1160.7
1174550 1153.7
1174560 1146.6
1174570 1146.6
1174580 1140.8
1174590 1136.7
1174600 1136.7
1174610 1135.2
1174620 1134.1
1174630 1134.1
1174640 1134.6
1174650 1138.2
1174660 1138.2
1174670 1142.9
1174680 1146.0
1174690 1146.0
1174700 1145.5
1174710 1142.3
1174720 1142.3
1174730 1136.4
1174740 1130.0
1174750 1124.7
1174760 1124.7
1174770 1121.4
1174780 1121.1
1174790 1121.1
1174800 1122.5
1174810 1127.3
1174820 1127.3
1174830 1132.1
1174840 1133.2
1174850 1133.2
1174860 1133.0
1174870 1132.4
1174880 1132.4
1174890 1131.8
1174900 1131.0
1174910 1131.0
1174920 1129.8
1174930 1128.1
1174940 1128.1
1174950 1126.4
1174960 1123.7
1174970 1123.7
1174980 1117.0
1174990 1108.5
1175000 1101.5
1175010 1101.5
1175020 1096.3
1175030 1094.8
1175040 1094.8
1175050 1097.5
1175060 1102.3
1175070 1102.3
1175080 1100.6
1175090 1096.2
1175100 1096.2
1175110 1097.9
1175120 1102.7
1175130 1102.7
1175140 1103.6
1175150 1102.0
1175160 1102.0
1175170 1100.6
1175180 1098.1
1175190 1098.1
1175200 1093.3
1175210 1089.3
1175220 1089.3
1175230 1088.8
1175240 1090.5
1175250 1091.5
1175260 1091.5
1175270 1090.0
1175280 1087.6
1175290 1087.6
1175300 1084.6
1175310 1080.3
1175320 1080.3
1175330 1074.6
1175340 1068.6
1175350 1068.6
1175360 1065.5
1175370 1063.4
1175380 1063.4
1175390 1061.6
1175400 1059.4
1175410 1057.6
1175420 1054.8
1175430 1053.7
1175440 1053.7
1175450 1052.8
1175460 1052.6
1175470 1052.7
1175480 1052.7
1175490 1051.4
1175500 1049.4
1175510 1049.4
1175520 1047.1
1175530 1045.3
1175540 1045.3
1175550 1043.5
1175560 1040.6
1175570 1040.6
1175580 1037.7
1175590 1034.8
1175600 1034.8
1175610 1032.1
1175620 1029.6
1175630 1029.6
1175640 1027.1
1175650 1023.9
1175660 1023.9
1175670 1020.2
1175680 1016.7
1175690 1016.7
1175700 1013.6
1175710 1010.7
1175720 1007.4
1175730 1007.4
1175740 1004.8
1175750 1002.5
1175760 1002.5
1175770 1000.4
1175780 998.8
1175790 998.8
1175800 997.4
1175810 996.3
1175820 993.3
1175830 991.4
1175840 989.0
1175850 989.0
1175860 986.5
1175870 983.2
1175880 983.2
1175890 978.9
1175900 975.1
1175910 975.1
1175920 969.9
1175930 964.0
1175940 964.0
1175950 959.1
1175960 955.2
1175970 951.4
1175980 951.4
1175990 947.8
1176000 945.0
1176010 945.0
1176020 942.2
1176030 939.0
1176040 939.0
1176050 936.0
1176060 933.3
1176070 933.3
1176080 931.1
1176090 928.1
1176100 928.1
1176110 925.3
1176120 922.8
1176130 922.8
1176140 920.4
1176150 918.3
1176160 918.3
1176170 916.2
1176180 912.4
1176190 907.9
1176200 907.9
1176210 903.2
1176220 898.9
1176230 902.3
1176240 898.7
1176250 893.5
1176260 893.5
1176270 887.9
1176280 881.2
1176290 881.2
1176300 873.1
1176310 865.7
1176320 865.7
1176330 860.2
1176340 857.1
1176350 857.1
1176360 856.2
1176370 856.5
1176380 856.5
1176390 855.2
1176400 854.3
1176410 854.3
1176420 852.1
1176430 849.1
1176440 844.2
1176450 844.2
1176460 837.8
1176470 831.8
1176480 831.8
1176490 825.1
1176500 817.9
1176510 817.9
1176520 810.8
1176530 803.2
1176540 803.2
1176550 794.1
1176560 789.1
1176570 789.1
1176580 785.9
1176590 784.0
1176600 784.0
1176610 781.9
1176620 779.9
1176630 779.9
1176640 778.2
1176650 777.4
1176660 777.3
1176670 777.3
1176680 777.0
1176690 777.1
1176700 777.1
1176710 777.3
1176720 777.5
1176730 777.5
1176740 777.4
1176750 777.7
1176760 777.7
1176770 777.8
1176780 777.8
1176790 777.8
1176800 777.8
1176810 778.0
1176820 778.0
1176830 777.9
1176840 777.7
1176850 777.7
1176860 777.3
1176870 776.9
1176880 776.9
1176890 776.5
1176900 774.4
1176910 771.9
1176920 771.9
1176930 771.3
1176940 771.4
1176950 771.4
1176960 771.4
1176970 771.4
1176980 771.4
1176990 771.3
1177000 771.3
1177010 771.3
1177020 771.3
1177030 771.4
1177040 771.4
1177050 771.5
1177060 771.1
1177070 771.1
1177080 771.1
1177090 771.4
1177100 771.4
1177110 771.5
1177120 771.5
1177130 771.5
1177140 771.6
1177150 771.7
1177160 771.7
1177170 771.7
1177180 771.5
1177190 771.6
1177200 771.6
1177210 771.7
1177220 771.7
1177230 771.7
1177240 771.6
1177250 771.8
1177260 771.8
1177270 771.9
1177280 771.9
1177290 771.9
1177300 771.8
1177310 771.9
1177320 771.9
1177330 772.0
1177340 771.9
1177350 771.9
1177360 771.8
1177370 771.9
1177380 771.9
1177390 771.9
1177400 771.9
1177410 772.0
1177420 772.0
1177430 772.0
1177440 772.0
1177450 772.0
1177460 772.0
1177470 772.1
1177480 772.1
1177490 772.3
1177500 772.5
1177510 772.5
1177520 772.5
1177530 772.3
1177540 772.3
1177550 772.1
1177560 772.1
1177570 772.1
1177580 772.0
1177590 772.0
1177600 772.0
1177610 771.9
1177620 771.8
1177630 771.7
1177640 771.7
1177650 771.6
1177660 771.6
1177670 771.6
1177680 771.6
1177690 771.7
1177700 771.7
1177710 771.9
1177720 772.2
1177730 772.2
1177740 772.0
1177750 771.3
1177760 771.3
1177770 771.1
1177780 771.2
1177790 771.2
1177800 771.2
1177810 771.0
1177820 771.0
1177830 768.4
1177840 767.3
1177850 767.3
1177860 767.1
1177870 767.1
1177880 769.7
1177890 769.7
1177900 773.5
1177910 773.7
1177920 773.7
1177930 773.6
1177940 773.6
1177950 773.6
1177960 773.5
1177970 773.5
1177980 773.5
1177990 773.4
1178000 773.4
1178010 773.4
1178020 773.3
1178030 773.3
1178040 773.3
1178050 773.4
1178060 773.4
1178070 773.4
1178080 773.4
1178090 773.5
1178100 773.6
1178110 773.6
1178120 773.6
1178130 773.5
1178140 773.5
1178150 773.2
1178160 773.0
1178170 773.0
1178180 772.9
1178190 772.8
1178200 772.8
1178210 772.6
1178220 772.5
1178230 772.5
1178240 772.6
1178250 772.6
1178260 772.6
1178270 772.8
1178280 773.3
1178290 772.9
1178300 773.2
1178310 772.8
1178320 772.8
1178330 772.6
1178340 772.8
1178350 773.3
1178360 773.3
1178370 774.9
1178380 775.5
1178390 775.5
1178400 775.7
1178410 776.1
1178420 776.1
1178430 776.4
1178440 776.5
1178450 776.5
1178460 776.5
1178470 776.8
1178480 776.8
1178490 776.5
1178500 776.8
1178510 776.8
1178520 777.7
1178530 780.1
1178540 780.1
1178550 785.5
1178560 789.2
1178570 793.0
1178580 793.0
1178590 796.0
1178600 797.5
1178610 797.5
1178620 798.5
1178630 800.5
1178640 800.5
1178650 802.2
1178660 803.3
1178670 803.3
1178680 804.8
1178690 805.9
1178700 805.9
1178710 809.2
1178720 810.0
1178730 810.0
1178740 810.4
1178750 810.1
1178760 810.1
1178770 810.1
1178780 810.7
1178790 810.7
1178800 811.4
1178810 812.7
1178820 815.3
1178830 815.3
1178840 817.9
1178850 820.7
1178860 820.7
1178870 822.3
1178880 824.0
1178890 824.0
1178900 825.7
1178910 827.5
1178920 827.5
1178930 828.5
1178940 828.4
1178950 828.4
1178960 831.6
1178970 840.2
1178980 840.2
1178990 848.0
1179000 851.7
1179010 851.7
1179020 854.8
1179030 859.0
1179040 859.0
1179050 864.6
1179060 871.6
1179070 879.3
1179080 879.3
1179090 883.3
1179100 885.4
1179110 885.4
1179120 890.1
1179130 899.0
1179140 899.0
1179150 904.4
1179160 902.8
1179170 902.8
1179180 902.3
1179190 905.3
1179200 905.3
1179210 907.2
1179220 908.1
1179230 908.1
1179240 909.0
1179250 909.7
1179260 909.7
1179270 909.6
1179280 912.1
1179290 915.8
1179300 915.8
1179310 918.4
1179320 922.0
1179330 922.0
1179340 927.0
1179350 930.8
1179360 930.8
1179370 934.9
1179380 938.5
1179390 938.5
1179400 943.3
1179410 947.0
1179420 947.0
1179430 951.5
1179440 957.8
1179450 957.8
1179460 962.1
1179470 965.7
1179480 965.7
1179490 968.4
1179500 969.9
1179510 969.9
1179520 974.4
1179530 978.6
1179540 985.7
1179550 985.7
1179560 989.4
1179570 993.6
1179580 993.6
1179590 1001.4
1179600 1012.0
1179610 1012.0
1179620 1018.0
1179630 1022.1
1179640 1022.1
1179650 1027.0
1179660 1031.6
1179670 1031.6
1179680 1034.9
1179690 1039.2
1179700 1039.2
1179710 1043.4
1179720 1047.8
1179730 1047.8
1179740 1053.5
1179750 1055.4
1179760 1056.5
1179770 1056.5
1179780 1061.2
1179790 1068.0
1179800 1068.0
1179810 1076.6
1179820 1083.2
1179830 1083.2
1179840 1088.5
1179850 1096.1
1179860 1096.1
1179870 1103.3
1179880 1111.6
1179890 1111.6
1179900 1115.2
1179910 1118.2
1179920 1118.2
1179930 1127.5
1179940 1133.7
1179950 1133.7
1179960 1139.7
1179970 1146.7
1179980 1146.7
1179990 1150.2
