1160000 2436.5
1160010 2436.5
1160020 2432.0
1160030 2424.1
1160040 2424.1
1160050 2420.6
1160060 2417.0
1160070 2417.0
1160080 2413.8
1160090 2410.1
1160100 2406.5
1160110 2406.5
1160120 2403.0
1160130 2399.8
1160140 2399.8
1160150 2396.5
1160160 2393.5
1160170 2393.5
1160180 2392.5
1160190 2393.0
1160200 2393.0
1160210 2393.7
1160220 2394.8
1160230 2394.8
1160240 2395.3
1160250 2394.7
1160260 2394.7
1160270 2393.2
1160280 2391.7
1160290 2391.7
1160300 2390.4
1160310 2388.5
1160320 2388.5
1160330 2387.7
1160340 2388.2
1160350 2387.7
1160360 2387.7
1160370 2386.5
1160380 2385.0
1160390 2385.0
1160400 2384.5
1160410 2384.0
1160420 2378.6
1160430 2376.7
1160440 2374.2
1160450 2374.2
1160460 2377.7
1160470 2385.1
1160480 2385.1
1160490 2391.8
1160500 2398.4
1160510 2398.4
1160520 2406.4
1160530 2412.5
1160540 2412.5
1160550 2417.5
1160560 2422.0
1160570 2422.0
1160580 2427.0
1160590 2431.9
1160600 2436.1
1160610 2436.1
1160620 2440.0
1160630 2444.2
1160640 2444.2
1160650 2448.7
1160660 2453.2
1160670 2453.2
1160680 2457.8
1160690 2461.3
1160700 2461.3
1160710 2464.7
1160720 2471.4
1160730 2471.4
1160740 2480.5
1160750 2488.3
1160760 2488.3
1160770 2495.6
1160780 2502.4
1160790 2502.4
1160800 2508.0
1160810 2512.7
1160820 2512.7
1160830 2516.6
1160840 2518.9
1160850 2520.9
1160860 2520.9
1160870 2523.4
1160880 2525.0
1160890 2525.0
1160900 2526.5
1160910 2527.3
1160920 2527.3
1160930 2527.7
1160940 2529.1
1160950 2529.1
1160960 2530.3
1160970 2529.5
1160980 2529.5
1160990 2524.8
1161000 2516.7
1161010 2516.7
1161020 2511.1
1161030 2509.3
1161040 2509.3
1161050 2507.8
1161060 2507.5
1161070 2507.5
1161080 2508.2
1161090 2510.1
1161100 2512.3
1161110 2512.3
1161120 2514.6
1161130 2516.8
1161140 2516.8
1161150 2518.9
1161160 2520.9
1161170 2520.9
1161180 2522.8
1161190 2524.3
1161200 2518.5
1161210 2520.8
1161220 2522.2
1161230 2522.2
1161240 2524.4
1161250 2527.7
1161260 2527.7
1161270 2532.0
1161280 2537.1
1161290 2537.1
1161300 2542.4
1161310 2548.0
1161320 2548.0
1161330 2553.7
1161340 2559.3
1161350 2564.8
1161360 2564.8
1161370 2570.4
1161380 2583.0
1161390 2583.0
1161400 2611.3
1161410 2636.2
1161420 2636.2
1161430 2653.0
1161440 2658.5
1161450 2658.5
1161460 2667.5
1161470 2681.4
1161480 2681.4
1161490 2690.7
1161500 2698.0
1161510 2698.0
1161520 2711.1
1161530 2723.3
1161540 2723.3
1161550 2733.4
1161560 2741.1
1161570 2741.1
1161580 2749.6
1161590 2755.0
1161600 2752.5
1161610 2752.5
1161620 2753.8
1161630 2758.0
1161640 2758.0
1161650 2763.4
1161660 2770.0
1161670 2770.0
1161680 2777.1
1161690 2777.7
1161700 2777.7
1161710 2768.2
1161720 2748.1
1161730 2748.1
1161740 2700.3
1161750 2687.9
1161760 2687.9
1161770 2679.3
1161780 2671.5
1161790 2671.5
1161800 2664.4
1161810 2657.4
1161820 2657.4
1161830 2649.8
1161840 2642.4
1161850 2635.8
1161860 2635.8
1161870 2629.4
1161880 2623.0
1161890 2623.0
1161900 2615.5
1161910 2608.1
1161920 2608.1
1161930 2601.1
1161940 2594.1
1161950 2594.1
1161960 2587.2
1161970 2580.4
1161980 2580.4
1161990 2571.1
1162000 2564.9
1162010 2564.9
1162020 2558.5
1162030 2552.9
1162040 2552.9
1162050 2547.9
1162060 2543.2
1162070 2538.9
1162080 2538.9
1162090 2534.9
1162100 2530.8
1162110 2530.8
1162120 2526.9
1162130 2522.8
1162140 2522.8
1162150 2518.6
1162160 2515.6
1162170 2515.6
1162180 2512.8
1162190 2509.6
1162200 2509.6
1162210 2506.6
1162220 2504.2
1162230 2504.2
1162240 2502.2
1162250 2500.3
1162260 2500.3
1162270 2498.5
1162280 2497.3
1162290 2497.3
1162300 2495.2
1162310 2489.5
1162320 2483.9
1162330 2483.9
1162340 2480.8
1162350 2478.3
1162360 2478.3
1162370 2476.0
1162380 2472.3
1162390 2472.3
1162400 2468.3
1162410 2462.3
1162420 2462.3
1162430 2456.2
1162440 2450.2
1162450 2450.2
1162460 2444.1
1162470 2438.6
1162480 2438.6
1162490 2433.2
1162500 2428.2
1162510 2428.2
1162520 2423.8
1162530 2420.2
1162540 2420.2
1162550 2415.5
1162560 2408.8
1162570 2402.0
1162580 2402.0
1162590 2395.4
1162600 2388.8
1162610 2388.8
1162620 2382.2
1162630 2375.7
1162640 2375.7
1162650 2369.9
1162660 2365.1
1162670 2365.1
1162680 2361.1
1162690 2357.9
1162700 2357.9
1162710 2353.8
1162720 2348.9
1162730 2348.9
1162740 2344.7
1162750 2340.2
1162760 2340.2
1162770 2335.9
1162780 2334.5
1162790 2334.5
1162800 2332.2
1162810 2328.8
1162820 2324.7
1162830 2324.7
1162840 2321.4
1162850 2318.4
1162860 2318.4
1162870 2314.1
1162880 2309.3
1162890 2309.3
1162900 2304.9
1162910 2304.0
1162920 2304.0
1162930 2302.2
1162940 2302.0
1162950 2302.0
1162960 2301.2
1162970 2296.7
1162980 2296.7
1162990 2291.2
1163000 2287.5
1163010 2287.5
1163020 2285.7
1163030 2284.1
1163040 2284.1
1163050 2281.4
1163060 2276.9
1163070 2272.9
1163080 2272.9
1163090 2270.2
1163100 2267.8
1163110 2267.8
1163120 2266.5
1163130 2264.4
1163140 2264.4
1163150 2259.0
1163160 2251.2
1163170 2250.8
1163180 2243.6
1163190 2236.3
1163200 2236.3
1163210 2230.4
1163220 2225.5
1163230 2225.5
1163240 2220.7
1163250 2216.8
1163260 2216.8
1163270 2214.9
1163280 2213.0
1163290 2213.0
1163300 2210.6
1163310 2208.3
1163320 2205.3
1163330 2205.3
1163340 2202.1
1163350 2198.0
1163360 2198.0
1163370 2193.0
1163380 2190.2
1163390 2190.2
1163400 2188.3
1163410 2186.0
1163420 2186.0
1163430 2184.7
1163440 2184.3
1163450 2184.3
1163460 2184.0
1163470 2183.0
1163480 2183.0
1163490 2182.2
1163500 2181.1
1163510 2181.1
1163520 2179.2
1163530 2178.3
1163540 2178.3
1163550 2176.4
1163560 2170.8
1163570 2166.8
1163580 2166.8
1163590 2162.0
1163600 2157.3
1163610 2157.3
1163620 2153.0
1163630 2150.7
1163640 2150.7
1163650 2149.0
1163660 2145.6
1163670 2145.6
1163680 2140.3
1163690 2135.8
1163700 2135.8
1163710 2131.7
1163720 2126.2
1163730 2126.2
1163740 2120.4
1163750 2114.2
1163760 2114.2
1163770 2107.6
1163780 2101.1
1163790 2101.1
1163800 2094.2
1163810 2085.1
1163820 2074.8
1163830 2074.8
1163840 2063.8
1163850 2051.0
1163860 2051.0
1163870 2037.5
1163880 2028.0
1163890 2028.0
1163900 2017.8
1163910 2006.2
1163920 2006.2
1163930 1993.0
1163940 1979.4
1163950 1979.4
1163960 1972.3
1163970 1958.3
1163980 1958.3
1163990 1949.5
1164000 1941.8
1164010 1941.8
1164020 1934.2
1164030 1926.7
1164040 1918.8
1164050 1918.8
1164060 1911.2
1164070 1904.1
1164080 1904.1
1164090 1897.3
1164100 1890.2
1164110 1890.2
1164120 1882.7
1164130 1874.2
1164140 1874.2
1164150 1866.1
1164160 1859.1
1164170 1859.1
1164180 1852.3
1164190 1845.7
1164200 1845.7
1164210 1839.2
1164220 1832.6
1164230 1832.6
1164240 1825.5
1164250 1818.3
1164260 1818.3
1164270 1811.6
1164280 1807.0
1164290 1805.1
1164300 1805.1
1164310 1805.0
1164320 1804.6
1164330 1804.6
1164340 1802.0
1164350 1799.6
1164360 1801.0
1164370 1802.0
1164380 1802.8
1164390 1802.8
1164400 1804.3
1164410 1804.7
1164420 1804.7
1164430 1804.7
1164440 1804.8
1164450 1804.8
1164460 1805.2
1164470 1806.5
1164480 1806.5
1164490 1806.8
1164500 1806.8
1164510 1806.8
1164520 1808.3
1164530 1808.4
1164540 1808.4
1164550 1808.4
1164560 1808.9
1164570 1809.0
1164580 1809.0
1164590 1808.2
1164600 1808.7
1164610 1808.7
1164620 1811.5
1164630 1814.3
1164640 1814.3
1164650 1817.6
1164660 1821.0
1164670 1821.0
1164680 1824.4
1164690 1828.1
1164700 1828.1
1164710 1832.3
1164720 1836.9
1164730 1836.9
1164740 1841.9
1164750 1846.6
1164760 1849.0
1164770 1853.7
1164780 1858.9
1164790 1864.2
1164800 1864.2
1164810 1869.6
1164820 1875.3
1164830 1875.3
1164840 1881.9
1164850 1891.3
1164860 1891.3
1164870 1901.8
1164880 1910.1
1164890 1910.1
1164900 1918.9
1164910 1926.1
1164920 1926.1
1164930 1933.3
1164940 1942.4
1164950 1942.4
1164960 1957.1
1164970 1972.0
1164980 1972.0
1164990 1986.0
1165000 2000.5
1165010 2000.5
1165020 2009.9
1165030 2019.8
1165040 2029.8
1165050 2029.8
1165060 2037.8
1165070 2044.8
1165080 2044.8
1165090 2052.8
1165100 2063.0
1165110 2063.0
1165120 2075.5
1165130 2083.9
1165140 2083.9
1165150 2091.8
1165160 2102.8
1165170 2102.8
1165180 2109.4
1165190 2114.7
1165200 2114.7
1165210 2119.3
1165220 2123.9
1165230 2123.9
1165240 2128.4
1165250 2133.3
1165260 2133.3
1165270 2138.4
1165280 2141.9
1165290 2144.6
1165300 2144.6
1165310 2147.3
1165320 2149.7
1165330 2149.7
1165340 2152.2
1165350 2154.7
1165360 2154.7
1165370 2156.9
1165380 2159.3
1165390 2159.3
1165400 2161.4
1165410 2162.2
1165420 2162.2
1165430 2162.5
1165440 2163.6
1165450 2163.6
1165460 2166.8
1165470 2169.8
1165480 2169.8
1165490 2171.3
1165500 2168.8
1165510 2168.8
1165520 2168.7
1165530 2178.5
1165540 2184.2
1165550 2184.2
1165560 2195.5
1165570 2202.5
1165580 2202.5
1165590 2209.9
1165600 2217.1
1165610 2217.1
1165620 2229.3
1165630 2243.3
1165640 2243.3
1165650 2257.0
1165660 2267.7
1165670 2267.7
1165680 2272.3
1165690 2274.3
1165700 2274.3
1165710 2275.4
1165720 2277.2
1165730 2277.2
1165740 2279.6
1165750 2282.4
1165760 2282.4
1165770 2285.3
1165780 2288.3
1165790 2291.5
1165800 2291.5
1165810 2295.2
1165820 2299.6
1165830 2299.6
1165840 2304.4
1165850 2309.7
1165860 2309.7
1165870 2315.6
1165880 2321.9
1165890 2321.9
1165900 2328.8
1165910 2335.9
1165920 2335.9
1165930 2342.5
1165940 2348.6
1165950 2343.8
1165960 2348.3
1165970 2353.2
1165980 2353.2
1165990 2358.7
1166000 2363.6
1166010 2363.6
1166020 2367.2
1166030 2370.4
1166040 2374.8
1166050 2374.8
1166060 2379.7
1166070 2383.8
1166080 2383.8
1166090 2387.5
1166100 2391.6
1166110 2391.6
1166120 2395.7
1166130 2399.1
1166140 2399.1
1166150 2402.6
1166160 2407.5
1166170 2407.5
1166180 2412.6
1166190 2417.7
1166200 2417.7
1166210 2422.5
1166220 2427.4
1166230 2427.4
1166240 2432.9
1166250 2440.5
1166260 2454.5
1166270 2454.5
1166280 2467.0
1166290 2479.0
1166300 2479.0
1166310 2489.2
1166320 2498.7
1166330 2498.7
1166340 2507.6
1166350 2511.0
1166360 2511.0
1166370 2520.1
1166380 2528.8
1166390 2528.8
1166400 2536.6
1166410 2543.3
1166420 2543.3
1166430 2549.8
1166440 2556.8
1166450 2556.8
1166460 2563.1
1166470 2569.0
1166480 2569.0
1166490 2574.9
1166500 2577.8
1166510 2573.7
1166520 2573.7
1166530 2570.3
1166540 2560.8
1166550 2560.8
1166560 2542.2
1166570 2530.0
1166580 2530.0
1166590 2521.0
1166600 2509.4
1166610 2509.4
1166620 2501.0
1166630 2493.3
1166640 2493.3
1166650 2485.4
1166660 2477.6
1166670 2477.6
1166680 2471.2
1166690 2465.0
1166700 2465.0
1166710 2458.5
1166720 2451.1
1166730 2451.1
1166740 2443.4
1166750 2441.9
1166760 2436.5
1166770 2436.5
1166780 2429.8
1166790 2422.0
1166800 2422.0
1166810 2414.5
1166820 2407.3
1166830 2407.3
1166840 2401.5
1166850 2396.2
1166860 2396.2
1166870 2390.2
1166880 2385.2
1166890 2385.2
1166900 2380.3
1166910 2375.3
1166920 2375.3
1166930 2370.0
1166940 2365.0
1166950 2365.0
1166960 2360.5
1166970 2356.4
1166980 2356.4
1166990 2352.8
1167000 2349.9
1167010 2348.1
1167020 2348.1
1167030 2347.4
1167040 2346.5
1167050 2346.5
1167060 2346.1
1167070 2346.2
1167080 2346.2
1167090 2346.4
1167100 2346.1
1167110 2346.1
1167120 2345.5
1167130 2344.5
1167140 2344.5
1167150 2350.8
1167160 2350.8
1167170 2350.8
1167180 2350.5
1167190 2349.9
1167200 2349.9
1167210 2349.4
1167220 2348.6
1167230 2348.6
1167240 2347.9
1167250 2346.9
1167260 2345.7
1167270 2345.7
1167280 2344.3
1167290 2342.2
1167300 2342.2
1167310 2340.8
1167320 2341.3
1167330 2341.3
1167340 2341.6
1167350 2341.7
1167360 2341.7
1167370 2341.1
1167380 2339.6
1167390 2339.6
1167400 2337.7
1167410 2335.8
1167420 2335.8
1167430 2334.7
1167440 2332.7
1167450 2332.7
1167460 2329.9
1167470 2327.9
1167480 2327.9
1167490 2325.6
1167500 2321.9
1167510 2317.0
1167520 2317.0
1167530 2311.9
1167540 2305.3
1167550 2308.0
1167560 2302.2
1167570 2297.5
1167580 2297.5
1167590 2292.6
1167600 2287.6
1167610 2287.6
1167620 2283.1
1167630 2279.3
1167640 2279.3
1167650 2275.5
1167660 2271.4
1167670 2271.4
1167680 2267.0
1167690 2263.3
1167700 2263.3
1167710 2260.2
1167720 2256.3
1167730 2256.3
1167740 2253.8
1167750 2251.5
1167760 2248.4
1167770 2248.4
1167780 2245.1
1167790 2240.7
1167800 2240.7
1167810 2235.8
1167820 2231.7
1167830 2231.7
1167840 2228.7
1167850 2226.4
1167860 2226.4
1167870 2223.5
1167880 2220.0
1167890 2220.0
1167900 2216.2
1167910 2211.4
1167920 2211.4
1167930 2205.4
1167940 2199.0
1167950 2198.7
1167960 2192.9
1167970 2185.9
1167980 2185.9
1167990 2177.4
1168000 2166.8
1168010 2154.1
1168020 2154.1
1168030 2144.0
1168040 2135.7
1168050 2135.7
1168060 2130.0
1168070 2124.3
1168080 2124.3
1168090 2118.9
1168100 2113.7
1168110 2113.7
1168120 2108.8
1168130 2104.5
1168140 2104.5
1168150 2100.3
1168160 2095.9
1168170 2095.9
1168180 2091.0
1168190 2086.4
1168200 2086.4
1168210 2081.7
1168220 2077.4
1168230 2073.6
1168240 2073.6
1168250 2071.5
1168260 2069.8
1168270 2069.8
1168280 2068.1
1168290 2066.8
1168300 2066.8
1168310 2066.0
1168320 2064.4
1168330 2064.4
1168340 2062.4
1168350 2059.3
1168360 2059.3
1168370 2057.0
1168380 2054.5
1168390 2054.5
1168400 2051.1
1168410 2047.5
1168420 2047.5
1168430 2044.8
1168440 2041.6
1168450 2041.6
1168460 2038.2
1168470 2035.0
1168480 2031.8
1168490 2031.8
1168500 2028.9
1168510 2027.0
1168520 2027.0
1168530 2025.4
1168540 2024.0
1168550 2024.0
1168560 2021.8
1168570 2019.0
1168580 2019.0
1168590 2015.7
1168600 2012.6
1168610 2012.6
1168620 2010.3
1168630 2007.9
1168640 2007.9
1168650 2006.4
1168660 2005.3
1168670 2005.3
1168680 2004.5
1168690 2004.2
1168700 2004.2
1168710 2003.2
1168720 2000.9
1168730 1997.6
1168740 1997.6
1168750 1993.5
1168760 1990.3
1168770 1990.3
1168780 1984.3
1168790 1978.7
1168800 1978.7
1168810 1973.0
1168820 1968.7
1168830 1968.7
1168840 1964.7
1168850 1960.3
1168860 1960.3
1168870 1955.6
1168880 1951.0
1168890 1951.0
1168900 1946.1
1168910 1942.0
1168920 1942.0
1168930 1938.2
1168940 1934.0
1168950 1934.0
1168960 1930.5
1168970 1929.1
1168980 1928.8
1168990 1928.8
1169000 1928.1
1169010 1927.9
1169020 1927.9
1169030 1927.8
1169040 1927.1
1169050 1927.1
1169060 1926.6
1169070 1926.1
1169080 1926.1
1169090 1925.2
1169100 1923.9
1169110 1923.9
1169120 1922.4
1169130 1921.1
1169140 1921.1
1169150 1919.6
1169160 1916.7
1169170 1916.7
1169180 1915.1
1169190 1913.0
1169200 1913.0
1169210 1912.4
1169220 1911.2
1169230 1909.6
1169240 1909.6
1169250 1907.9
1169260 1906.8
1169270 1906.8
1169280 1906.0
1169290 1905.3
1169300 1905.3
1169310 1904.4
1169320 1903.6
1169330 1903.6
1169340 1903.2
1169350 1902.5
1169360 1902.5
1169370 1901.9
1169380 1901.2
1169390 1901.2
1169400 1900.7
1169410 1900.1
1169420 1900.1
1169430 1899.6
1169440 1899.1
1169450 1899.1
1169460 1898.6
1169470 1898.2
1169480 1897.7
1169490 1897.7
1169500 1897.3
1169510 1896.9
1169520 1896.9
1169530 1896.6
1169540 1897.9
1169550 1897.9
1169560 1903.3
1169570 1906.9
1169580 1906.9
1169590 1909.2
1169600 1910.8
1169610 1910.8
1169620 1912.2
1169630 1912.7
1169640 1912.7
1169650 1914.1
1169660 1917.4
1169670 1917.4
1169680 1921.4
1169690 1924.8
1169700 1924.8
1169710 1928.8
1169720 1932.5
1169730 1935.7
1169740 1935.7
1169750 1938.2
1169760 1940.2
1169770 1940.2
1169780 1944.3
1169790 1952.2
1169800 1952.2
1169810 1958.2
1169820 1958.4
1169830 1958.4
1169840 1957.3
1169850 1958.7
1169860 1958.7
1169870 1960.8
1169880 1962.8
1169890 1962.8
1169900 1965.3
1169910 1968.4
1169920 1968.4
1169930 1971.1
1169940 1973.8
1169950 1973.8
1169960 1976.6
1169970 1983.7
1169980 1986.4
1169990 1986.4
1170000 1989.0
1170010 1991.2
1170020 1991.2
1170030 1993.1
1170040 1994.4
1170050 1994.4
1170060 1994.4
1170070 1994.0
1170080 1994.0
1170090 1994.7
1170100 1996.5
1170110 1996.5
1170120 1999.0
1170130 2002.0
1170140 2002.0
1170150 2005.0
1170160 2007.8
1170170 2007.8
1170180 2011.6
1170190 2016.0
1170200 2020.2
1170210 2020.2
1170220 2024.4
1170230 2028.7
1170240 2028.7
1170250 2033.1
1170260 2037.4
1170270 2037.4
1170280 2041.6
1170290 2045.7
1170300 2045.7
1170310 2049.6
1170320 2053.5
1170330 2053.5
1170340 2057.0
1170350 2060.1
1170360 2060.1
1170370 2067.8
1170380 2070.7
1170390 2070.7
1170400 2073.6
1170410 2076.4
1170420 2076.4
1170430 2078.9
1170440 2081.8
1170450 2084.3
1170460 2084.3
1170470 2086.7
1170480 2089.0
1170490 2089.0
1170500 2090.9
1170510 2092.6
1170520 2092.6
1170530 2094.3
1170540 2096.4
1170550 2096.4
1170560 2098.3
1170570 2100.2
1170580 2100.2
1170590 2102.0
1170600 2103.0
1170610 2103.0
1170620 2106.5
1170630 2109.8
1170640 2109.8
1170650 2112.4
1170660 2114.8
1170670 2114.8
1170680 2117.1
1170690 2119.7
1170700 2122.2
1170710 2122.2
1170720 2124.6
1170730 2126.7
1170740 2126.7
1170750 2128.8
1170760 2130.7
1170770 2130.7
1170780 2137.8
1170790 2139.0
1170800 2139.0
1170810 2139.1
1170820 2137.8
1170830 2137.8
1170840 2135.8
1170850 2134.3
1170860 2134.3
1170870 2133.0
1170880 2131.6
1170890 2131.6
1170900 2129.4
1170910 2126.4
1170920 2126.4
1170930 2122.8
1170940 2118.0
1170950 2112.0
1170960 2112.0
1170970 2104.4
1170980 2096.4
1170990 2096.4
1171000 2090.0
1171010 2081.9
1171020 2081.9
1171030 2075.7
1171040 2075.0
1171050 2075.0
1171060 2074.0
1171070 2077.1
1171080 2077.1
1171090 2079.2
1171100 2078.2
1171110 2078.2
1171120 2078.2
1171130 2080.3
1171140 2080.3
1171150 2084.5
1171160 2083.1
1171170 2083.1
1171180 2085.3
1171190 2080.1
1171200 2076.1
1171210 2076.1
1171220 2073.3
1171230 2069.9
1171240 2069.9
1171250 2067.0
1171260 2064.8
1171270 2064.8
1171280 2066.5
1171290 2068.0
1171300 2068.0
1171310 2067.7
1171320 2065.6
1171330 2065.6
1171340 2065.4
1171350 2065.9
1171360 2065.9
1171370 2065.4
1171380 2062.7
1171390 2062.7
1171400 2059.7
1171410 2055.0
1171420 2055.0
1171430 2051.6
1171440 2049.2
1171450 2044.8
1171460 2044.8
1171470 2045.5
1171480 2045.7
1171490 2045.7
1171500 2045.0
1171510 2042.6
1171520 2042.6
1171530 2043.1
1171540 2043.6
1171550 2043.6
1171560 2042.4
1171570 2038.0
1171580 2038.0
1171590 2041.7
1171600 2043.9
1171610 2043.9
1171620 2043.2
1171630 2037.1
1171640 2037.1
1171650 2031.7
1171660 2026.7
1171670 2026.7
1171680 2026.8
1171690 2028.9
1171700 2030.8
1171710 2030.8
1171720 2028.8
1171730 2024.1
1171740 2024.1
1171750 2019.9
1171760 2014.1
1171770 2014.1
1171780 2008.7
1171790 2005.5
1171800 2005.5
1171810 2003.0
1171820 2001.7
1171830 2001.7
1171840 2001.7
1171850 2004.0
1171860 2004.0
1171870 2007.1
1171880 2012.1
1171890 2012.1
1171900 2014.5
1171910 2007.4
1171920 2007.4
1171930 1998.4
1171940 1988.3
1171950 1975.3
1171960 1975.3
1171970 1964.7
1171980 1967.3
1171990 1976.8
1172000 1980.5
1172010 1987.2
1172020 1987.2
1172030 1995.5
1172040 1999.1
1172050 1999.1
1172060 2000.8
1172070 2002.1
1172080 2002.1
1172090 2003.1
1172100 2000.2
1172110 2000.2
1172120 1994.2
1172130 1990.2
1172140 1990.2
1172150 1987.2
1172160 1985.3
1172170 1984.5
1172180 1984.5
1172190 1988.4
1172200 1992.0
1172210 1992.0
1172220 1991.9
1172230 1984.5
1172240 1984.5
1172250 1976.9
1172260 1970.6
1172270 1970.6
1172280 1967.0
1172290 1964.2
1172300 1964.2
1172310 1965.4
1172320 1970.7
1172330 1970.7
1172340 1970.0
1172350 1963.0
1172360 1963.0
1172370 1954.4
1172380 1944.6
1172390 1944.6
1172400 1941.1
1172410 1935.4
1172420 1930.0
1172430 1930.0
1172440 1923.6
1172450 1917.3
1172460 1917.3
1172470 1911.3
1172480 1905.6
1172490 1905.6
1172500 1900.7
1172510 1898.7
1172520 1898.7
1172530 1898.9
1172540 1898.2
1172550 1898.2
1172560 1896.8
1172570 1895.8
1172580 1895.8
1172590 1894.4
1172600 1893.9
1172610 1893.9
1172620 1893.8
1172630 1892.4
1172640 1892.4
1172650 1889.5
1172660 1886.7
1172670 1882.9
1172680 1882.9
1172690 1879.7
1172700 1878.2
1172710 1878.2
1172720 1876.9
1172730 1872.8
1172740 1872.8
1172750 1865.6
1172760 1858.9
1172770 1858.9
1172780 1855.4
1172790 1859.0
1172800 1859.0
1172810 1880.5
1172820 1887.4
1172830 1887.4
1172840 1891.1
1172850 1899.6
1172860 1899.6
1172870 1907.3
1172880 1909.9
1172890 1909.9
1172900 1908.4
1172910 1907.4
1172920 1910.8
1172930 1910.8
1172940 1913.3
1172950 1912.4
1172960 1912.4
1172970 1913.4
1172980 1915.6
1172990 1915.6
1173000 1915.9
1173010 1912.6
1173020 1912.6
1173030 1911.9
1173040 1909.4
1173050 1909.4
1173060 1906.0
1173070 1903.6
1173080 1903.6
1173090 1902.7
1173100 1899.4
1173110 1899.4
1173120 1897.5
1173130 1898.3
1173140 1898.3
1173150 1896.4
1173160 1894.5
1173170 1889.4
1173180 1889.4
1173190 1881.5
1173200 1878.7
1173210 1892.2
1173220 1892.6
1173230 1890.3
1173240 1890.3
1173250 1886.0
1173260 1877.8
1173270 1877.8
1173280 1866.3
1173290 1856.9
1173300 1856.9
1173310 1839.2
1173320 1839.2
1173330 1839.2
1173340 1850.6
1173350 1855.8
1173360 1855.8
1173370 1855.0
1173380 1852.8
1173390 1852.8
1173400 1843.5
1173410 1828.0
1173420 1821.1
1173430 1821.1
1173440 1817.2
1173450 1817.1
1173460 1817.1
1173470 1816.7
1173480 1811.6
1173490 1811.6
1173500 1800.8
1173510 1787.6
1173520 1787.6
1173530 1779.9
1173540 1777.1
1173550 1777.1
1173560 1776.0
1173570 1777.4
1173580 1777.4
1173590 1780.3
1173600 1780.4
1173610 1780.4
1173620 1788.8
1173630 1783.4
1173640 1783.4
1173650 1774.9
1173660 1763.9
1173670 1757.7
1173680 1757.7
1173690 1758.6
1173700 1764.5
1173710 1764.5
1173720 1771.0
1173730 1769.4
1173740 1769.4
1173750 1763.8
1173760 1759.6
1173770 1759.6
1173780 1757.7
1173790 1758.0
1173800 1758.0
1173810 1758.1
1173820 1756.4
1173830 1756.4
1173840 1754.8
1173850 1754.5
1173860 1754.5
1173870 1754.5
1173880 1754.2
1173890 1754.3
1173900 1754.3
1173910 1755.1
1173920 1756.1
1173930 1756.1
1173940 1756.1
1173950 1755.3
1173960 1755.3
1173970 1753.2
1173980 1752.4
1173990 1752.4
1174000 1752.0
1174010 1750.5
1174020 1750.5
1174030 1752.5
1174040 1747.1
1174050 1747.1
1174060 1741.5
1174070 1735.8
1174080 1735.8
1174090 1730.2
1174100 1724.5
1174110 1724.5
1174120 1718.9
1174130 1713.9
1174140 1709.5
1174150 1709.5
1174160 1705.1
1174170 1701.6
1174180 1701.6
1174190 1697.5
1174200 1692.5
1174210 1692.5
1174220 1687.2
1174230 1682.9
1174240 1682.9
1174250 1681.1
1174260 1679.4
1174270 1679.4
1174280 1679.8
1174290 1677.8
1174300 1677.8
1174310 1665.0
1174320 1655.3
1174330 1655.3
1174340 1652.8
1174350 1649.7
1174360 1649.7
1174370 1648.4
1174380 1648.1
1174390 1646.5
1174400 1646.5
1174410 1640.9
1174420 1627.0
1174430 1627.0
1174440 1636.1
1174450 1629.5
1174460 1629.5
1174470 1619.0
1174480 1604.8
1174490 1604.8
1174500 1592.5
1174510 1578.7
1174520 1578.7
1174530 1563.6
1174540 1551.4
1174550 1551.4
1174560 1543.1
1174570 1536.1
1174580 1536.1
1174590 1530.7
1174600 1527.7
1174610 1527.7
1174620 1525.7
1174630 1523.6
1174640 1522.2
1174650 1522.2
1174660 1521.1
1174670 1520.3
1174680 1520.3
1174690 1520.6
1174700 1522.0
1174710 1522.0
1174720 1521.8
1174730 1522.8
1174740 1522.8
1174750 1529.5
1174760 1535.2
1174770 1535.2
1174780 1537.3
1174790 1537.0
1174800 1537.0
1174810 1534.7
1174820 1533.4
1174830 1533.4
1174840 1533.5
1174850 1529.2
1174860 1529.2
1174870 1530.0
1174880 1531.8
1174890 1533.8
1174900 1533.8
1174910 1537.2
1174920 1540.4
1174930 1540.4
1174940 1542.8
1174950 1544.2
1174960 1544.2
1174970 1545.9
1174980 1548.5
1174990 1548.5
1175000 1552.2
1175010 1556.6
1175020 1556.6
1175030 1561.5
1175040 1566.3
1175050 1566.3
1175060 1571.4
1175070 1576.8
1175080 1576.8
1175090 1582.5
1175100 1588.5
1175110 1588.5
1175120 1594.7
1175130 1600.9
1175140 1606.7
1175150 1606.7
1175160 1611.2
1175170 1614.2
1175180 1614.2
1175190 1619.5
1175200 1627.7
1175210 1627.7
1175220 1636.5
1175230 1644.4
1175240 1644.4
1175250 1651.9
1175260 1645.8
1175270 1645.8
1175280 1651.9
1175290 1653.3
1175300 1653.3
1175310 1659.7
1175320 1669.8
1175330 1669.8
1175340 1670.7
1175350 1667.6
1175360 1667.6
1175370 1669.3
1175380 1668.7
1175390 1673.4
1175400 1673.4
1175410 1682.9
1175420 1706.8
1175430 1706.8
1175440 1734.0
1175450 1752.6
1175460 1752.6
1175470 1765.7
1175480 1776.1
1175490 1776.1
1175500 1783.7
1175510 1791.9
1175520 1791.9
1175530 1795.6
1175540 1803.0
1175550 1803.0
1175560 1810.3
1175570 1814.8
1175580 1814.8
1175590 1820.0
1175600 1827.0
1175610 1827.0
1175620 1837.8
1175630 1847.4
1175640 1851.8
1175650 1851.8
1175660 1857.2
1175670 1848.5
1175680 1848.5
1175690 1850.1
1175700 1840.4
1175710 1840.4
1175720 1822.5
1175730 1811.0
1175740 1811.0
1175750 1803.6
1175760 1795.0
1175770 1795.0
1175780 1788.9
1175790 1787.9
1175800 1787.9
1175810 1788.2
1175820 1805.3
1175830 1805.3
1175840 1842.5
1175850 1870.9
1175860 1896.7
1175870 1896.7
1175880 1910.8
1175890 1915.4
1175900 1915.4
1175910 1921.2
1175920 1935.2
1175930 1935.2
1175940 1955.2
1175950 1962.2
1175960 1962.2
1175970 1966.6
1175980 1968.2
1175990 1968.2
1176000 1967.0
1176010 1964.5
1176020 1964.5
1176030 1961.4
1176040 1967.7
1176050 1967.7
1176060 1973.3
1176070 1974.1
1176080 1974.1
1176090 1950.4
1176100 1946.8
1176110 1948.4
1176120 1948.4
1176130 1956.9
1176140 1963.9
1176150 1963.9
1176160 1970.1
1176170 1973.6
1176180 1973.6
1176190 1970.1
1176200 1967.6
1176210 1967.6
1176220 1965.0
1176230 1963.4
1176240 1963.4
1176250 1974.1
1176260 1990.3
1176270 1990.3
1176280 2026.5
1176290 2055.4
1176300 2055.4
1176310 2094.0
1176320 2129.4
1176330 2129.4
1176340 2144.5
1176350 2153.0
1176360 2162.1
1176370 2162.1
1176380 2168.4
1176390 2173.0
1176400 2173.0
1176410 2173.2
1176420 2168.1
1176430 2168.1
1176440 2167.8
1176450 2167.0
1176460 2167.0
1176470 2158.0
1176480 2144.8
1176490 2144.8
1176500 2114.0
1176510 2103.2
1176520 2103.2
1176530 2098.1
1176540 2108.6
1176550 2108.6
1176560 2130.5
1176570 2140.4
1176580 2140.4
1176590 2150.5
1176600 2158.8
1176610 2164.7
1176620 2164.7
1176630 2166.4
1176640 2160.1
1176650 2160.1
1176660 2162.4
1176670 2165.7
1176680 2165.7
1176690 2173.3
1176700 2183.6
1176710 2183.6
1176720 2185.1
1176730 2181.3
1176740 2181.3
1176750 2184.7
1176760 2194.7
1176770 2194.7
1176780 2205.1
1176790 2213.1
1176800 2213.1
1176810 2221.3
1176820 2231.1
1176830 2231.1
1176840 2245.6
1176850 2271.6
1176860 2285.0
1176870 2285.0
1176880 2285.7
1176890 2278.6
1176900 2278.6
1176910 2252.6
1176920 2245.6
1176930 2245.6
1176940 2242.6
1176950 2258.7
1176960 2258.7
1176970 2271.8
1176980 2278.9
1176990 2278.9
1177000 2272.1
1177010 2263.0
1177020 2263.0
1177030 2257.0
1177040 2250.4
1177050 2250.4
1177060 2251.5
1177070 2257.5
1177080 2257.5
1177090 2261.8
1177100 2268.9
1177110 2276.5
1177120 2276.5
1177130 2285.9
1177140 2297.0
1177150 2297.0
1177160 2307.1
1177170 2311.8
1177180 2311.8
1177190 2312.3
1177200 2301.5
1177210 2301.5
1177220 2281.8
1177230 2272.5
1177240 2272.5
1177250 2262.9
1177260 2254.3
1177270 2254.3
1177280 2245.0
1177290 2233.0
1177300 2233.0
1177310 2225.7
1177320 2186.6
1177330 2186.6
1177340 2165.2
1177350 2151.3
1177360 2144.0
1177370 2144.0
1177380 2139.9
1177390 2133.8
1177400 2133.8
1177410 2128.8
1177420 2123.0
1177430 2123.0
1177440 2112.8
1177450 2102.3
1177460 2102.3
1177470 2094.4
1177480 2091.2
1177490 2091.2
1177500 2091.1
1177510 2091.5
1177520 2091.5
1177530 2087.6
1177540 2076.3
1177550 2076.3
1177560 2066.9
1177570 2067.8
1177580 2074.2
1177590 2074.2
1177600 2081.7
1177610 2083.5
1177620 2083.5
1177630 2082.7
1177640 2082.8
1177650 2082.8
1177660 2080.2
1177670 2076.0
1177680 2076.0
1177690 2076.1
1177700 2071.6
1177710 2071.6
1177720 2067.4
1177730 2064.6
1177740 2055.8
1177750 2064.4
1177760 2064.7
1177770 2064.7
1177780 2063.9
1177790 2058.6
1177800 2058.6
1177810 2052.2
1177820 2045.4
1177830 2043.5
1177840 2043.5
1177850 2036.8
1177860 2033.2
1177870 2033.2
1177880 2042.1
1177890 2046.1
1177900 2046.1
1177910 2046.9
1177920 2042.8
1177930 2042.8
1177940 2035.7
1177950 2027.1
1177960 2027.1
1177970 2019.3
1177980 2022.6
1177990 2022.6
1178000 2031.1
1178010 2041.2
1178020 2041.2
1178030 2050.3
1178040 2047.8
1178050 2047.8
1178060 2041.6
1178070 2036.0
1178080 2034.2
1178090 2034.2
1178100 2035.3
1178110 2040.4
1178120 2040.4
1178130 2048.0
1178140 2055.3
1178150 2048.7
1178160 2055.4
1178170 2062.1
1178180 2062.1
1178190 2065.6
1178200 2065.3
1178210 2065.3
1178220 2062.9
1178230 2059.6
1178240 2059.6
1178250 2055.3
1178260 2049.8
1178270 2049.8
1178280 2044.6
1178290 2039.4
1178300 2039.4
1178310 2032.5
1178320 2024.6
1178330 2018.3
1178340 2018.3
1178350 2014.5
1178360 2014.0
1178370 2014.0
1178380 2015.1
1178390 2017.6
1178400 2017.6
1178410 2022.5
1178420 2026.2
1178430 2026.2
1178440 2027.1
1178450 2030.3
1178460 2030.3
1178470 2036.6
1178480 2038.0
1178490 2038.0
1178500 2037.1
1178510 2039.8
1178520 2039.8
1178530 2041.9
1178540 2042.6
1178550 2042.6
1178560 2043.0
1178570 2023.8
1178580 2021.0
1178590 2021.0
1178600 2021.4
1178610 2016.8
1178620 2016.8
1178630 2011.0
1178640 2004.4
1178650 2004.4
1178660 1996.6
1178670 1984.8
1178680 1984.8
1178690 1977.1
1178700 1977.7
1178710 1977.7
1178720 1978.4
1178730 1973.7
1178740 1973.7
1178750 1967.7
1178760 1967.5
1178770 1967.5
1178780 1965.5
1178790 1966.1
1178800 1966.1
1178810 1971.9
1178820 1978.2
1178830 1979.0
1178840 1979.0
1178850 1978.5
1178860 1976.7
1178870 1976.7
1178880 1974.0
1178890 1971.3
1178900 1971.3
1178910 1968.3
1178920 1964.1
1178930 1964.1
1178940 1958.9
1178950 1952.6
1178960 1952.6
1178970 1945.1
1178980 1932.1
1178990 1932.1
1179000 1927.9
1179010 1926.7
1179020 1926.7
1179030 1921.8
1179040 1910.8
1179050 1910.8
1179060 1900.5
1179070 1891.5
1179080 1882.7
1179090 1882.7
1179100 1874.0
1179110 1864.7
1179120 1864.7
1179130 1854.9
1179140 1847.6
1179150 1847.6
1179160 1843.0
1179170 1841.3
1179180 1841.3
1179190 1836.3
1179200 1829.9
1179210 1829.9
1179220 1823.9
1179230 1815.3
1179240 1815.3
1179250 1805.3
1179260 1796.7
1179270 1796.7
1179280 1790.0
1179290 1785.4
1179300 1790.0
1179310 1790.0
1179320 1794.4
1179330 1791.7
1179340 1791.7
1179350 1780.3
1179360 1772.0
1179370 1772.0
1179380 1770.7
1179390 1768.6
1179400 1757.1
1179410 1756.3
1179420 1758.0
1179430 1758.0
1179440 1752.9
1179450 1744.0
1179460 1744.0
1179470 1736.6
1179480 1734.9
1179490 1734.9
1179500 1737.7
1179510 1739.8
1179520 1739.8
1179530 1741.6
1179540 1749.4
1179550 1755.9
1179560 1755.9
1179570 1759.9
1179580 1761.8
1179590 1761.8
1179600 1763.8
1179610 1764.9
1179620 1764.9
1179630 1758.9
1179640 1757.5
1179650 1757.5
1179660 1767.2
1179670 1774.3
1179680 1774.3
1179690 1779.1
1179700 1790.4
1179710 1790.4
1179720 1795.7
1179730 1793.6
1179740 1793.6
1179750 1790.6
1179760 1788.0
1179770 1788.0
1179780 1787.2
1179790 1784.6
1179800 1781.0
1179810 1781.0
1179820 1770.1
1179830 1765.0
1179840 1765.0
1179850 1761.6
1179860 1758.4
1179870 1758.4
1179880 1755.6
1179890 1749.1
1179900 1749.1
1179910 1727.4
1179920 1710.5
1179930 1710.5
1179940 1701.2
1179950 1692.5
1179960 1692.5
1179970 1673.3
1179980 1653.8
1179990 1653.8
