1160000 2277.6
1160010 2275.6
1160020 2275.6
1160030 2275.0
1160040 2276.2
1160050 2276.2
1160060 2277.6
1160070 2277.7
1160080 2277.7
1160090 2274.7
1160100 2270.8
1160110 2269.8
1160120 2269.8
1160130 2269.6
1160140 2271.6
1160150 2271.6
1160160 2273.8
1160170 2275.6
1160180 2275.6
1160190 2277.7
1160200 2279.5
1160210 2279.5
1160220 2280.2
1160230 2278.6
1160240 2278.6
1160250 2275.6
1160260 2272.7
1160270 2272.7
1160280 2264.6
1160290 2259.0
1160300 2259.0
1160310 2259.0
1160320 2247.5
1160330 2247.5
1160340 2236.9
1160350 2237.0
1160360 2242.2
1160370 2242.2
1160380 2248.4
1160390 2252.1
1160400 2252.1
1160410 2258.7
1160420 2265.0
1160430 2265.0
1160440 2270.5
1160450 2275.5
1160460 2275.5
1160470 2280.9
1160480 2286.5
1160490 2286.5
1160500 2292.4
1160510 2298.5
1160520 2298.5
1160530 2304.8
1160540 2311.1
1160550 2311.1
1160560 2317.4
1160570 2323.6
1160580 2330.0
1160590 2330.0
1160600 2336.5
1160610 2343.0
1160620 2343.0
1160630 2349.7
1160640 2356.1
1160650 2356.1
1160660 2363.3
1160670 2372.2
1160680 2372.2
1160690 2379.5
1160700 2385.6
1160710 2385.6
1160720 2390.0
1160730 2394.9
1160740 2394.9
1160750 2400.8
1160760 2407.4
1160770 2407.4
1160780 2416.1
1160790 2425.0
1160800 2425.0
1160810 2434.9
1160820 2444.5
1160830 2451.8
1160840 2451.8
1160850 2460.0
1160860 2467.9
1160870 2467.9
1160880 2475.4
1160890 2483.1
1160900 2483.1
1160910 2488.9
1160920 2494.3
1160930 2494.3
1160940 2493.9
1160950 2497.1
1160960 2497.1
1160970 2514.6
1160980 2528.1
1160990 2528.1
1161000 2542.8
1161010 2567.6
1161020 2567.6
1161030 2580.7
1161040 2588.5
1161050 2588.5
1161060 2595.7
1161070 2603.2
1161080 2608.8
1161090 2608.8
1161100 2609.3
1161110 2608.1
1161120 2608.1
1161130 2606.6
1161140 2605.7
1161150 2605.7
1161160 2607.1
1161170 2595.9
1161180 2595.9
1161190 2601.6
1161200 2599.8
1161210 2599.8
1161220 2600.6
1161230 2596.5
1161240 2596.5
1161250 2601.5
1161260 2619.4
1161270 2619.4
1161280 2645.4
1161290 2668.5
1161300 2668.5
1161310 2685.2
1161320 2697.3
1161330 2702.8
1161340 2702.8
1161350 2709.8
1161360 2716.6
1161370 2716.6
1161380 2726.2
1161390 2733.8
1161400 2733.8
1161410 2743.7
1161420 2757.3
1161430 2757.3
1161440 2764.3
1161450 2758.6
1161460 2758.6
1161470 2744.2
1161480 2729.5
1161490 2729.5
1161500 2719.2
1161510 2708.0
1161520 2708.0
1161530 2695.4
1161540 2681.3
1161550 2681.3
1161560 2670.1
1161570 2666.5
1161580 2650.4
1161590 2650.4
1161600 2630.1
1161610 2617.4
1161620 2617.4
1161630 2587.7
1161640 2562.3
1161650 2562.3
1161660 2549.2
1161670 2539.2
1161680 2539.2
1161690 2525.6
1161700 2517.5
1161710 2517.5
1161720 2510.6
1161730 2504.4
1161740 2504.4
1161750 2498.4
1161760 2492.3
1161770 2492.3
1161780 2486.4
1161790 2480.6
1161800 2480.6
1161810 2474.9
1161820 2469.4
1161830 2464.4
1161840 2464.4
1161850 2459.0
1161860 2453.5
1161870 2453.5
1161880 2448.3
1161890 2443.4
1161900 2443.4
1161910 2438.5
1161920 2433.3
1161930 2433.3
1161940 2428.0
1161950 2422.9
1161960 2420.9
1161970 2416.1
1161980 2412.0
1161990 2412.0
1162000 2408.1
1162010 2403.9
1162020 2403.9
1162030 2400.4
1162040 2397.1
1162050 2397.1
1162060 2393.8
1162070 2390.7
1162080 2387.2
1162090 2387.2
1162100 2383.5
1162110 2381.0
1162120 2381.0
1162130 2379.8
1162140 2377.4
1162150 2377.4
1162160 2374.0
1162170 2372.4
1162180 2372.4
1162190 2371.4
1162200 2371.6
1162210 2371.6
1162220 2371.2
1162230 2369.7
1162240 2369.7
1162250 2366.8
1162260 2363.5
1162270 2363.5
1162280 2361.9
1162290 2359.8
1162300 2357.1
1162310 2357.1
1162320 2354.2
1162330 2353.5
1162340 2353.5
1162350 2346.4
1162360 2345.0
1162370 2345.0
1162380 2344.1
1162390 2344.0
1162400 2344.0
1162410 2343.6
1162420 2342.9
1162430 2342.9
1162440 2342.6
1162450 2342.9
1162460 2342.9
1162470 2342.8
1162480 2340.6
1162490 2340.6
1162500 2337.6
1162510 2335.3
1162520 2335.3
1162530 2334.0
1162540 2333.3
1162550 2335.2
1162560 2335.2
1162570 2338.5
1162580 2339.3
1162590 2339.3
1162600 2340.7
1162610 2340.1
1162620 2340.1
1162630 2341.0
1162640 2344.0
1162650 2344.0
1162660 2343.9
1162670 2341.9
1162680 2341.9
1162690 2338.3
1162700 2332.4
1162710 2332.4
1162720 2327.9
1162730 2338.2
1162740 2338.2
1162750 2314.4
1162760 2319.7
1162770 2319.7
1162780 2332.5
1162790 2341.1
1162800 2339.9
1162810 2339.9
1162820 2338.6
1162830 2337.7
1162840 2337.7
1162850 2334.5
1162860 2330.7
1162870 2330.7
1162880 2325.0
1162890 2319.0
1162900 2319.0
1162910 2315.9
1162920 2312.2
1162930 2312.2
1162940 2305.7
1162950 2298.1
1162960 2298.1
1162970 2289.5
1162980 2282.1
1162990 2282.1
1163000 2274.1
1163010 2264.4
1163020 2264.4
1163030 2254.2
1163040 2249.6
1163050 2244.9
1163060 2244.9
1163070 2240.1
1163080 2235.7
1163090 2235.7
1163100 2230.7
1163110 2226.3
1163120 2226.3
1163130 2222.0
1163140 2210.6
1163150 2210.6
1163160 2204.7
1163170 2199.0
1163180 2199.0
1163190 2195.0
1163200 2191.3
1163210 2191.3
1163220 2188.0
1163230 2184.5
1163240 2184.5
1163250 2180.5
1163260 2176.4
1163270 2176.4
1163280 2174.6
1163290 2173.3
1163300 2170.6
1163310 2170.6
1163320 2166.4
1163330 2161.8
1163340 2161.8
1163350 2156.9
1163360 2151.8
1163370 2151.8
1163380 2147.0
1163390 2142.5
1163400 2142.5
1163410 2138.6
1163420 2135.0
1163430 2135.0
1163440 2131.1
1163450 2126.9
1163460 2126.9
1163470 2122.5
1163480 2119.6
1163490 2119.6
1163500 2115.4
1163510 2108.8
1163520 2108.8
1163530 2103.6
1163540 2094.3
1163550 2090.9
1163560 2090.9
1163570 2086.1
1163580 2081.3
1163590 2081.3
1163600 2076.4
1163610 2071.5
1163620 2071.5
1163630 2067.4
1163640 2063.5
1163650 2063.5
1163660 2059.6
1163670 2055.6
1163680 2055.6
1163690 2051.5
1163700 2048.3
1163710 2048.3
1163720 2044.9
1163730 2039.4
1163740 2039.4
1163750 2032.3
1163760 2023.6
1163770 2023.6
1163780 2009.5
1163790 1999.0
1163800 1991.7
1163810 1991.7
1163820 1984.9
1163830 1978.1
1163840 1978.1
1163850 1970.9
1163860 1964.2
1163870 1964.2
1163880 1957.5
1163890 1950.6
1163900 1950.6
1163910 1944.5
1163920 1939.3
1163930 1939.3
1163940 1930.1
1163950 1924.5
1163960 1924.5
1163970 1919.0
1163980 1913.8
1163990 1913.8
1164000 1906.9
1164010 1901.3
1164020 1899.1
1164030 1899.1
1164040 1898.1
1164050 1897.1
1164060 1897.1
1164070 1896.4
1164080 1895.9
1164090 1895.9
1164100 1894.9
1164110 1892.7
1164120 1892.7
1164130 1890.2
1164140 1885.5
1164150 1885.5
1164160 1880.1
1164170 1878.1
1164180 1878.1
1164190 1876.8
1164200 1876.4
1164210 1876.4
1164220 1878.4
1164230 1878.8
1164240 1878.8
1164250 1878.7
1164260 1878.9
1164270 1879.3
1164280 1879.3
1164290 1879.6
1164300 1879.4
1164310 1879.4
1164320 1879.6
1164330 1882.6
1164340 1882.6
1164350 1884.3
1164360 1884.5
1164370 1884.5
1164380 1885.7
1164390 1886.0
1164400 1886.0
1164410 1886.2
1164420 1887.2
1164430 1887.2
1164440 1889.3
1164450 1891.3
1164460 1891.3
1164470 1892.3
1164480 1893.3
1164490 1893.3
1164500 1893.3
1164510 1894.0
1164520 1894.5
1164530 1894.5
1164540 1895.4
1164550 1895.5
1164560 1895.5
1164570 1895.0
1164580 1895.6
1164590 1895.6
1164600 1895.8
1164610 1897.5
1164620 1897.5
1164630 1899.2
1164640 1901.0
1164650 1901.0
1164660 1902.9
1164670 1907.9
1164680 1907.9
1164690 1923.4
1164700 1935.9
1164710 1935.9
1164720 1939.3
1164730 1949.8
1164740 1949.8
1164750 1953.7
1164760 1958.5
1164770 1965.7
1164780 1965.7
1164790 1973.2
1164800 1980.9
1164810 1980.9
1164820 1988.0
1164830 1994.5
1164840 1994.5
1164850 2002.6
1164860 2009.8
1164870 2009.8
1164880 2029.5
1164890 2052.0
1164900 2052.0
1164910 2059.1
1164920 2064.1
1164930 2064.1
1164940 2071.3
1164950 2089.5
1164960 2089.5
1164970 2119.3
1164980 2140.9
1164990 2140.9
1165000 2153.2
1165010 2163.6
1165020 2175.8
1165030 2175.8
1165040 2190.2
1165050 2201.7
1165060 2201.7
1165070 2214.4
1165080 2226.4
1165090 2226.4
1165100 2240.1
1165110 2263.3
1165120 2263.3
1165130 2281.8
1165140 2292.6
1165150 2292.6
1165160 2313.3
1165170 2326.7
1165180 2326.7
1165190 2336.8
1165200 2359.6
1165210 2359.6
1165220 2378.3
1165230 2385.7
1165240 2385.7
1165250 2388.3
1165260 2404.3
1165270 2427.2
1165280 2427.2
1165290 2436.2
1165300 2439.8
1165310 2439.8
1165320 2445.6
1165330 2444.3
1165340 2444.3
1165350 2445.4
1165360 2479.1
1165370 2479.1
1165380 2503.4
1165390 2508.5
1165400 2508.5
1165410 2515.8
1165420 2523.2
1165430 2523.2
1165440 2525.4
1165450 2529.5
1165460 2529.5
1165470 2534.4
1165480 2536.0
1165490 2535.1
1165500 2535.1
1165510 2535.5
1165520 2525.3
1165530 2525.3
1165540 2530.6
1165550 2539.6
1165560 2539.6
1165570 2548.6
1165580 2557.3
1165590 2557.3
1165600 2563.9
1165610 2570.3
1165620 2570.3
1165630 2575.7
1165640 2582.2
1165650 2582.2
1165660 2589.6
1165670 2597.9
1165680 2597.9
1165690 2607.4
1165700 2617.6
1165710 2617.6
1165720 2627.8
1165730 2638.1
1165740 2643.0
1165750 2643.0
1165760 2646.3
1165770 2649.3
1165780 2649.3
1165790 2650.7
1165800 2657.6
1165810 2657.6
1165820 2677.3
1165830 2688.2
1165840 2688.2
1165850 2687.2
1165860 2684.4
1165870 2684.4
1165880 2673.1
1165890 2667.3
1165900 2667.3
1165910 2667.9
1165920 2686.9
1165930 2686.9
1165940 2693.3
1165950 2701.4
1165960 2701.4
1165970 2709.9
1165980 2714.8
1165990 2712.5
1166000 2712.5
1166010 2709.9
1166020 2709.1
1166030 2709.1
1166040 2710.6
1166050 2711.4
1166060 2711.4
1166070 2714.4
1166080 2717.7
1166090 2717.7
1166100 2720.6
1166110 2723.7
1166120 2723.7
1166130 2726.1
1166140 2729.8
1166150 2729.8
1166160 2732.8
1166170 2736.0
1166180 2736.0
1166190 2742.5
1166200 2746.9
1166210 2746.9
1166220 2744.5
1166230 2745.0
1166240 2743.4
1166250 2743.4
1166260 2734.8
1166270 2730.4
1166280 2730.4
1166290 2730.3
1166300 2724.8
1166310 2724.8
1166320 2731.7
1166330 2731.8
1166340 2731.8
1166350 2736.4
1166360 2747.0
1166370 2747.0
1166380 2755.3
1166390 2762.1
1166400 2762.1
1166410 2770.0
1166420 2767.1
1166430 2767.1
1166440 2753.4
1166450 2740.0
1166460 2740.0
1166470 2729.0
1166480 2716.4
1166490 2706.2
1166500 2706.2
1166510 2696.8
1166520 2685.3
1166530 2685.3
1166540 2672.0
1166550 2656.7
1166560 2656.7
1166570 2639.5
1166580 2628.4
1166590 2628.4
1166600 2621.2
1166610 2614.0
1166620 2614.0
1166630 2607.6
1166640 2602.4
1166650 2602.4
1166660 2596.3
1166670 2590.3
1166680 2590.3
1166690 2585.3
1166700 2574.1
1166710 2574.1
1166720 2553.6
1166730 2534.9
1166740 2517.6
1166750 2517.6
1166760 2508.6
1166770 2501.5
1166780 2501.5
1166790 2494.1
1166800 2486.8
1166810 2486.8
1166820 2479.6
1166830 2472.8
1166840 2472.8
1166850 2466.6
1166860 2460.7
1166870 2460.7
1166880 2455.7
1166890 2451.2
1166900 2451.2
1166910 2447.2
1166920 2443.8
1166930 2443.8
1166940 2441.3
1166950 2439.3
1166960 2439.3
1166970 2436.5
1166980 2432.8
1166990 2429.3
1167000 2429.3
1167010 2425.8
1167020 2421.7
1167030 2421.7
1167040 2417.7
1167050 2413.9
1167060 2413.9
1167070 2410.4
1167080 2406.9
1167090 2406.9
1167100 2403.4
1167110 2400.0
1167120 2403.0
1167130 2399.0
1167140 2394.4
1167150 2394.4
1167160 2389.4
1167170 2384.8
1167180 2384.8
1167190 2380.5
1167200 2375.3
1167210 2369.2
1167220 2369.2
1167230 2362.8
1167240 2356.8
1167250 2356.8
1167260 2352.3
1167270 2347.4
1167280 2347.4
1167290 2342.4
1167300 2336.8
1167310 2336.8
1167320 2331.0
1167330 2325.3
1167340 2325.3
1167350 2321.2
1167360 2317.2
1167370 2317.2
1167380 2313.3
1167390 2309.2
1167400 2309.2
1167410 2305.0
1167420 2301.0
1167430 2301.0
1167440 2297.0
1167450 2293.2
1167460 2289.6
1167470 2289.6
1167480 2286.0
1167490 2282.5
1167500 2282.5
1167510 2278.9
1167520 2277.5
1167530 2277.5
1167540 2274.6
1167550 2271.5
1167560 2271.5
1167570 2268.1
1167580 2264.6
1167590 2264.6
1167600 2261.1
1167610 2257.6
1167620 2257.6
1167630 2254.1
1167640 2250.2
1167650 2250.2
1167660 2246.0
1167670 2242.0
1167680 2242.0
1167690 2238.0
1167700 2234.2
1167710 2230.6
1167720 2230.6
1167730 2227.1
1167740 2223.0
1167750 2223.0
1167760 2219.1
1167770 2215.4
1167780 2215.4
1167790 2212.1
1167800 2209.3
1167810 2209.3
1167820 2207.2
1167830 2205.8
1167840 2205.8
1167850 2205.6
1167860 2207.3
1167870 2207.3
1167880 2206.1
1167890 2204.9
1167900 2204.9
1167910 2203.7
1167920 2205.3
1167930 2205.3
1167940 2205.4
1167950 2204.9
1167960 2204.8
1167970 2204.8
1167980 2206.1
1167990 2206.6
1168000 2206.6
1168010 2206.0
1168020 2204.8
1168030 2204.8
1168040 2203.4
1168050 2201.0
1168060 2201.0
1168070 2198.5
1168080 2195.0
1168090 2195.0
1168100 2189.4
1168110 2185.4
1168120 2185.4
1168130 2185.8
1168140 2187.3
1168150 2187.3
1168160 2190.7
1168170 2194.9
1168180 2194.9
1168190 2198.5
1168200 2202.0
1168210 2207.4
1168220 2207.4
1168230 2213.6
1168240 2220.1
1168250 2220.1
1168260 2226.6
1168270 2232.8
1168280 2232.8
1168290 2239.4
1168300 2246.5
1168310 2246.5
1168320 2261.4
1168330 2285.9
1168340 2285.9
1168350 2298.7
1168360 2312.7
1168370 2312.7
1168380 2344.3
1168390 2362.2
1168400 2362.2
1168410 2348.0
1168420 2322.7
1168430 2322.7
1168440 2314.5
1168450 2309.7
1168460 2305.8
1168470 2305.8
1168480 2296.3
1168490 2281.4
1168500 2281.4
1168510 2273.5
1168520 2267.6
1168530 2267.6
1168540 2260.6
1168550 2251.3
1168560 2251.3
1168570 2241.9
1168580 2235.0
1168590 2235.0
1168600 2226.7
1168610 2216.9
1168620 2216.9
1168630 2210.3
1168640 2204.5
1168650 2204.5
1168660 2199.7
1168670 2195.3
1168680 2193.9
1168690 2193.9
1168700 2194.3
1168710 2193.9
1168720 2193.9
1168730 2202.4
1168740 2204.6
1168750 2204.6
1168760 2204.0
1168770 2196.1
1168780 2196.1
1168790 2182.2
1168800 2172.6
1168810 2172.6
1168820 2172.3
1168830 2167.6
1168840 2167.6
1168850 2161.5
1168860 2158.6
1168870 2158.6
1168880 2155.4
1168890 2154.1
1168900 2154.1
1168910 2155.7
1168920 2155.7
1168930 2155.9
1168940 2155.9
1168950 2159.9
1168960 2162.1
1168970 2162.1
1168980 2160.3
1168990 2164.8
1169000 2164.8
1169010 2175.6
1169020 2185.5
1169030 2185.5
1169040 2193.5
1169050 2200.9
1169060 2200.9
1169070 2220.2
1169080 2249.4
1169090 2249.4
1169100 2257.1
1169110 2251.9
1169120 2251.9
1169130 2273.7
1169140 2273.0
1169150 2273.0
1169160 2282.2
1169170 2289.3
1169180 2294.0
1169190 2294.0
1169200 2296.6
1169210 2298.5
1169220 2298.5
1169230 2305.9
1169240 2308.6
1169250 2308.6
1169260 2308.5
1169270 2301.7
1169280 2301.7
1169290 2297.0
1169300 2297.3
1169310 2297.3
1169320 2298.9
1169330 2299.8
1169340 2299.8
1169350 2302.3
1169360 2304.1
1169370 2304.1
1169380 2311.6
1169390 2321.9
1169400 2321.9
1169410 2326.4
1169420 2323.1
1169430 2317.5
1169440 2317.5
1169450 2307.4
1169460 2303.7
1169470 2303.7
1169480 2310.4
1169490 2319.6
1169500 2319.6
1169510 2318.4
1169520 2323.0
1169530 2343.9
1169540 2350.5
1169550 2355.1
1169560 2355.1
1169570 2357.3
1169580 2355.0
1169590 2355.0
1169600 2349.9
1169610 2343.3
1169620 2343.3
1169630 2342.3
1169640 2338.7
1169650 2338.7
1169660 2336.4
1169670 2337.7
1169680 2337.8
1169690 2337.8
1169700 2332.5
1169710 2325.8
1169720 2325.8
1169730 2308.3
1169740 2279.1
1169750 2279.1
1169760 2247.1
1169770 2229.0
1169780 2229.0
1169790 2212.4
1169800 2199.0
1169810 2199.0
1169820 2193.6
1169830 2192.1
1169840 2192.1
1169850 2190.3
1169860 2188.6
1169870 2188.6
1169880 2187.5
1169890 2186.7
1169900 2186.7
1169910 2186.4
1169920 2186.9
1169930 2192.8
1169940 2192.8
1169950 2194.9
1169960 2197.8
1169970 2197.8
1169980 2200.3
1169990 2201.9
1170000 2201.9
1170010 2204.5
1170020 2209.1
1170030 2209.1
1170040 2213.1
1170050 2217.4
1170060 2217.4
1170070 2222.5
1170080 2227.6
1170090 2227.6
1170100 2232.6
1170110 2236.9
1170120 2236.9
1170130 2241.1
1170140 2245.0
1170150 2245.0
1170160 2247.7
1170170 2249.9
1170180 2254.5
1170190 2254.5
1170200 2260.4
1170210 2264.9
1170220 2264.9
1170230 2268.1
1170240 2270.6
1170250 2270.6
1170260 2273.4
1170270 2277.1
1170280 2277.1
1170290 2282.2
1170300 2286.2
1170310 2286.2
1170320 2290.0
1170330 2293.7
1170340 2300.0
1170350 2304.4
1170360 2309.8
1170370 2309.8
1170380 2314.6
1170390 2318.9
1170400 2322.3
1170410 2322.3
1170420 2327.5
1170430 2333.2
1170440 2333.2
1170450 2340.4
1170460 2352.3
1170470 2352.3
1170480 2365.2
1170490 2373.5
1170500 2373.5
1170510 2377.5
1170520 2391.7
1170530 2391.7
1170540 2411.7
1170550 2425.8
1170560 2425.8
1170570 2432.3
1170580 2436.4
1170590 2436.4
1170600 2429.0
1170610 2410.2
1170620 2410.2
1170630 2402.0
1170640 2405.3
1170650 2413.6
1170660 2413.6
1170670 2413.1
1170680 2410.5
1170690 2410.5
1170700 2412.0
1170710 2414.3
1170720 2414.3
1170730 2409.8
1170740 2415.6
1170750 2415.6
1170760 2414.1
1170770 2412.9
1170780 2412.9
1170790 2412.2
1170800 2412.2
1170810 2412.2
1170820 2413.2
1170830 2414.9
1170840 2414.9
1170850 2417.3
1170860 2420.1
1170870 2420.1
1170880 2421.9
1170890 2423.4
1170900 2425.8
1170910 2425.8
1170920 2428.6
1170930 2431.8
1170940 2431.8
1170950 2435.0
1170960 2436.0
1170970 2436.0
1170980 2435.9
1170990 2435.7
1171000 2435.7
1171010 2436.0
1171020 2438.3
1171030 2438.3
1171040 2442.2
1171050 2445.0
1171060 2445.0
1171070 2446.2
1171080 2447.1
1171090 2447.1
1171100 2448.6
1171110 2455.9
1171120 2455.9
1171130 2456.3
1171140 2449.0
1171150 2448.4
1171160 2448.4
1171170 2440.1
1171180 2438.8
1171190 2438.8
1171200 2448.2
1171210 2460.9
1171220 2460.9
1171230 2458.3
1171240 2457.9
1171250 2457.9
1171260 2463.3
1171270 2467.7
1171280 2467.7
1171290 2468.9
1171300 2469.3
1171310 2469.3
1171320 2459.0
1171330 2454.9
1171340 2454.9
1171350 2449.1
1171360 2440.4
1171370 2440.4
1171380 2435.7
1171390 2436.4
1171400 2436.1
1171410 2436.1
1171420 2428.5
1171430 2412.7
1171440 2412.7
1171450 2410.0
1171460 2406.2
1171470 2406.2
1171480 2399.9
1171490 2396.7
1171500 2396.7
1171510 2393.6
1171520 2391.9
1171530 2391.9
1171540 2394.1
1171550 2396.8
1171560 2396.8
1171570 2395.6
1171580 2393.8
1171590 2393.8
1171600 2388.8
1171610 2383.3
1171620 2383.3
1171630 2378.0
1171640 2372.1
1171650 2370.0
1171660 2370.0
1171670 2368.7
1171680 2368.8
1171690 2368.8
1171700 2368.6
1171710 2363.3
1171720 2363.3
1171730 2355.8
1171740 2351.4
1171750 2351.4
1171760 2343.7
1171770 2335.7
1171780 2335.7
1171790 2327.7
1171800 2320.5
1171810 2320.5
1171820 2315.1
1171830 2310.3
1171840 2310.3
1171850 2308.2
1171860 2306.6
1171870 2321.5
1171880 2321.5
1171890 2333.5
1171900 2335.6
1171910 2335.6
1171920 2333.8
1171930 2328.2
1171940 2328.2
1171950 2313.3
1171960 2285.5
1171970 2285.5
1171980 2278.0
1171990 2270.5
1172000 2270.5
1172010 2264.0
1172020 2257.7
1172030 2257.7
1172040 2250.2
1172050 2242.1
1172060 2242.1
1172070 2234.2
1172080 2227.3
1172090 2227.3
1172100 2220.1
1172110 2213.4
1172120 2207.0
1172130 2207.0
1172140 2200.4
1172150 2194.2
1172160 2194.2
1172170 2187.9
1172180 2182.3
1172190 2182.3
1172200 2177.2
1172210 2172.1
1172220 2172.1
1172230 2166.9
1172240 2161.8
1172250 2161.8
1172260 2156.8
1172270 2152.3
1172280 2152.3
1172290 2147.9
1172300 2143.5
1172310 2143.5
1172320 2138.9
1172330 2134.5
1172340 2134.5
1172350 2130.6
1172360 2126.8
1172370 2127.4
1172380 2127.4
1172390 2122.6
1172400 2118.5
1172410 2118.5
1172420 2115.2
1172430 2112.4
1172440 2112.4
1172450 2109.4
1172460 2106.6
1172470 2106.6
1172480 2104.9
1172490 2104.7
1172500 2104.7
1172510 2105.5
1172520 2107.5
1172530 2107.5
1172540 2108.8
1172550 2107.5
1172560 2107.5
1172570 2106.2
1172580 2104.3
1172590 2104.3
1172600 2101.3
1172610 2100.0
1172620 2098.2
1172630 2098.2
1172640 2095.7
1172650 2092.6
1172660 2092.6
1172670 2091.7
1172680 2090.6
1172690 2090.6
1172700 2089.0
1172710 2089.2
1172720 2089.2
1172730 2094.8
1172740 2108.4
1172750 2108.4
1172760 2128.1
1172770 2140.5
1172780 2154.6
1172790 2169.4
1172800 2191.4
1172810 2191.4
1172820 2215.6
1172830 2230.5
1172840 2230.5
1172850 2242.4
1172860 2254.0
1172870 2265.2
1172880 2265.2
1172890 2276.4
1172900 2285.7
1172910 2285.7
1172920 2288.8
1172930 2283.3
1172940 2283.3
1172950 2276.1
1172960 2270.3
1172970 2270.3
1172980 2267.0
1172990 2265.8
1173000 2265.8
1173010 2263.5
1173020 2259.8
1173030 2259.8
1173040 2259.6
1173050 2261.6
1173060 2261.6
1173070 2262.5
1173080 2261.1
1173090 2261.1
1173100 2257.7
1173110 2254.2
1173120 2251.7
1173130 2251.7
1173140 2248.4
1173150 2242.9
1173160 2242.9
1173170 2232.1
1173180 2214.9
1173190 2214.9
1173200 2198.5
1173210 2187.6
1173220 2187.6
1173230 2178.9
1173240 2155.8
1173250 2155.8
1173260 2133.9
1173270 2119.1
1173280 2119.1
1173290 2110.5
1173300 2102.7
1173310 2102.7
1173320 2094.9
1173330 2086.1
1173340 2075.6
1173350 2075.6
1173360 2068.5
1173370 2061.8
1173380 2061.8
1173390 2055.4
1173400 2048.9
1173410 2048.9
1173420 2043.3
1173430 2038.5
1173440 2038.5
1173450 2034.3
1173460 2030.4
1173470 2030.4
1173480 2026.8
1173490 2023.3
1173500 2023.3
1173510 2019.9
1173520 2016.5
1173530 2016.5
1173540 2012.9
1173550 2009.2
1173560 2009.2
1173570 2005.4
1173580 2000.3
1173590 1999.2
1173600 1999.2
1173610 2001.2
1173620 2000.9
1173630 2000.9
1173640 1995.2
1173650 1988.3
1173660 1988.3
1173670 1984.2
1173680 1978.0
1173690 1978.0
1173700 1970.8
1173710 1965.9
1173720 1965.9
1173730 1962.0
1173740 1958.7
1173750 1958.7
1173760 1953.3
1173770 1948.0
1173780 1948.0
1173790 1944.7
1173800 1943.4
1173810 1943.4
1173820 1943.0
1173830 1939.5
1173840 1936.8
1173850 1936.8
1173860 1934.6
1173870 1932.5
1173880 1932.5
1173890 1927.3
1173900 1923.4
1173910 1923.4
1173920 1921.6
1173930 1920.9
1173940 1920.9
1173950 1924.8
1173960 1931.7
1173970 1931.7
1173980 1939.7
1173990 1944.5
1174000 1948.8
1174010 1954.7
1174020 1962.8
1174030 1962.8
1174040 1967.2
1174050 1965.0
1174060 1965.0
1174070 1961.4
1174080 1957.0
1174090 1953.0
1174100 1953.0
1174110 1949.1
1174120 1943.5
1174130 1943.5
1174140 1940.2
1174150 1938.9
1174160 1938.9
1174170 1937.5
1174180 1937.6
1174190 1937.6
1174200 1934.9
1174210 1930.7
1174220 1930.7
1174230 1924.6
1174240 1916.9
1174250 1916.9
1174260 1909.8
1174270 1902.2
1174280 1902.2
1174290 1894.5
1174300 1887.2
1174310 1887.2
1174320 1880.3
1174330 1873.2
1174340 1865.6
1174350 1865.6
1174360 1858.2
1174370 1853.2
1174380 1853.2
1174390 1848.5
1174400 1844.3
1174410 1855.1
1174420 1847.5
1174430 1838.3
1174440 1838.3
1174450 1828.3
1174460 1816.6
1174470 1816.6
1174480 1821.0
1174490 1823.9
1174500 1823.9
1174510 1824.5
1174520 1823.6
1174530 1823.6
1174540 1821.2
1174550 1818.4
1174560 1818.4
1174570 1817.8
1174580 1816.7
1174590 1814.2
1174600 1814.2
1174610 1811.3
1174620 1808.3
1174630 1808.3
1174640 1805.9
1174650 1802.7
1174660 1802.7
1174670 1799.3
1174680 1797.1
1174690 1797.1
1174700 1794.4
1174710 1790.6
1174720 1790.6
1174730 1785.2
1174740 1777.2
1174750 1777.2
1174760 1765.6
1174770 1754.6
1174780 1754.6
1174790 1742.9
1174800 1733.4
1174810 1723.7
1174820 1731.7
1174830 1717.8
1174840 1707.8
1174850 1707.8
1174860 1695.6
1174870 1672.5
1174880 1672.5
1174890 1662.0
1174900 1654.9
1174910 1654.9
1174920 1647.6
1174930 1641.0
1174940 1641.0
1174950 1634.6
1174960 1630.1
1174970 1630.1
1174980 1627.0
1174990 1624.7
1175000 1624.7
1175010 1621.0
1175020 1617.0
1175030 1617.0
1175040 1612.4
1175050 1608.1
1175060 1606.8
1175070 1606.8
1175080 1608.0
1175090 1610.6
1175100 1610.6
1175110 1609.3
1175120 1602.5
1175130 1602.5
1175140 1591.9
1175150 1586.0
1175160 1586.0
1175170 1580.2
1175180 1575.1
1175190 1575.1
1175200 1569.8
1175210 1564.6
1175220 1564.6
1175230 1562.0
1175240 1556.9
1175250 1556.9
1175260 1551.8
1175270 1546.5
1175280 1546.5
1175290 1540.9
1175300 1535.2
1175310 1529.3
1175320 1529.3
1175330 1522.9
1175340 1517.0
1175350 1517.0
1175360 1512.5
1175370 1509.7
1175380 1509.7
1175390 1506.5
1175400 1500.8
1175410 1500.8
1175420 1491.2
1175430 1481.6
1175440 1481.6
1175450 1474.2
1175460 1468.5
1175470 1468.5
1175480 1462.4
1175490 1457.0
1175500 1457.0
1175510 1449.8
1175520 1436.2
1175530 1436.2
1175540 1423.4
1175550 1402.2
1175560 1387.5
1175570 1387.5
1175580 1388.7
1175590 1394.4
1175600 1394.4
1175610 1402.6
1175620 1407.0
1175630 1407.0
1175640 1401.2
1175650 1401.7
1175660 1401.7
1175670 1402.5
1175680 1404.4
1175690 1404.4
1175700 1407.9
1175710 1414.4
1175720 1414.4
1175730 1421.5
1175740 1434.8
1175750 1434.8
1175760 1445.8
1175770 1456.4
1175780 1456.4
1175790 1458.4
1175800 1460.4
1175810 1460.6
1175820 1460.6
1175830 1459.8
1175840 1461.1
1175850 1461.1
1175860 1462.3
1175870 1463.5
1175880 1463.5
1175890 1465.6
1175900 1470.2
1175910 1470.2
1175920 1476.6
1175930 1479.4
1175940 1479.4
1175950 1482.0
1175960 1484.3
1175970 1484.3
1175980 1486.2
1175990 1488.9
1176000 1488.9
1176010 1492.4
1176020 1496.0
1176030 1496.0
1176040 1500.0
1176050 1497.1
1176060 1498.9
1176070 1498.9
1176080 1499.3
1176090 1501.2
1176100 1501.2
1176110 1505.6
1176120 1508.3
1176130 1508.3
1176140 1511.1
1176150 1512.2
1176160 1512.2
1176170 1513.4
1176180 1515.3
1176190 1515.3
1176200 1517.2
1176210 1517.3
1176220 1517.3
1176230 1522.8
1176240 1526.3
1176250 1526.3
1176260 1528.8
1176270 1528.6
1176280 1524.3
1176290 1524.3
1176300 1520.0
1176310 1524.2
1176320 1524.2
1176330 1534.5
1176340 1540.2
1176350 1540.2
1176360 1541.7
1176370 1544.6
1176380 1544.6
1176390 1547.2
1176400 1546.6
1176410 1546.6
1176420 1546.0
1176430 1543.9
1176440 1543.9
1176450 1542.4
1176460 1541.9
1176470 1541.9
1176480 1554.3
1176490 1566.4
1176500 1566.4
1176510 1572.4
1176520 1574.8
1176530 1578.8
1176540 1578.8
1176550 1584.9
1176560 1592.4
1176570 1592.4
1176580 1602.5
1176590 1613.3
1176600 1613.3
1176610 1625.2
1176620 1635.2
1176630 1635.2
1176640 1645.0
1176650 1656.3
1176660 1656.3
1176670 1668.9
1176680 1680.5
1176690 1680.5
1176700 1688.7
1176710 1696.2
1176720 1696.2
1176730 1700.5
1176740 1701.9
1176750 1701.9
1176760 1705.9
1176770 1711.2
1176780 1720.0
1176790 1720.0
1176800 1734.0
1176810 1747.0
1176820 1747.0
1176830 1762.5
1176840 1771.6
1176850 1771.6
1176860 1777.2
1176870 1783.5
1176880 1794.1
1176890 1801.7
1176900 1813.0
1176910 1813.0
1176920 1819.9
1176930 1824.2
1176940 1824.2
1176950 1825.6
1176960 1823.9
1176970 1823.9
1176980 1823.0
1176990 1823.5
1177000 1823.5
1177010 1830.1
1177020 1838.8
1177030 1846.5
1177040 1846.5
1177050 1855.0
1177060 1863.7
1177070 1863.7
1177080 1870.9
1177090 1877.8
1177100 1877.8
1177110 1884.1
1177120 1890.5
1177130 1890.5
1177140 1897.9
1177150 1905.2
1177160 1905.2
1177170 1912.2
1177180 1919.0
1177190 1919.0
1177200 1925.7
1177210 1932.6
1177220 1932.6
1177230 1939.9
1177240 1946.1
1177250 1946.1
1177260 1949.3
1177270 1949.5
1177280 1948.1
1177290 1948.8
1177300 1942.2
1177310 1934.3
1177320 1934.3
1177330 1927.2
1177340 1921.0
1177350 1921.0
1177360 1914.8
1177370 1908.6
1177380 1908.6
1177390 1903.5
1177400 1899.8
1177410 1899.8
1177420 1897.3
1177430 1893.7
1177440 1893.7
1177450 1889.2
1177460 1884.4
1177470 1884.4
1177480 1879.8
1177490 1876.2
1177500 1876.2
1177510 1872.9
1177520 1867.5
1177530 1858.7
1177540 1858.7
1177550 1850.5
1177560 1842.3
1177570 1842.3
1177580 1833.3
1177590 1824.4
1177600 1824.4
1177610 1816.5
1177620 1811.1
1177630 1811.1
1177640 1809.0
1177650 1806.4
1177660 1806.4
1177670 1802.8
1177680 1799.4
1177690 1799.4
1177700 1788.0
1177710 1783.4
1177720 1783.4
1177730 1779.2
1177740 1773.9
1177750 1767.3
1177760 1767.3
1177770 1760.9
1177780 1755.0
1177790 1755.0
1177800 1749.6
1177810 1744.3
1177820 1744.3
1177830 1740.0
1177840 1735.9
1177850 1735.9
1177860 1730.5
1177870 1721.2
1177880 1721.2
1177890 1704.0
1177900 1685.9
1177910 1685.9
1177920 1671.1
1177930 1655.8
1177940 1655.8
1177950 1646.0
1177960 1649.5
1177970 1649.5
1177980 1656.9
1177990 1672.2
1178000 1680.6
1178010 1680.6
1178020 1688.5
1178030 1696.6
1178040 1696.6
1178050 1700.2
1178060 1701.5
1178070 1701.5
1178080 1700.3
1178090 1698.4
1178100 1698.4
1178110 1698.1
1178120 1687.5
1178130 1687.5
1178140 1683.3
1178150 1680.5
1178160 1680.5
1178170 1678.1
1178180 1675.3
1178190 1675.3
1178200 1667.6
1178210 1662.4
1178220 1662.4
1178230 1658.2
1178240 1652.2
1178250 1646.5
1178260 1646.5
1178270 1640.7
1178280 1636.0
1178290 1636.0
1178300 1636.3
1178310 1637.4
1178320 1637.4
1178330 1630.7
1178340 1619.5
1178350 1619.5
1178360 1610.9
1178370 1608.7
1178380 1608.7
1178390 1609.9
1178400 1611.9
1178410 1611.9
1178420 1614.9
1178430 1615.6
1178440 1615.6
1178450 1612.3
1178460 1607.0
1178470 1607.0
1178480 1606.8
1178490 1606.8
1178500 1610.4
1178510 1610.4
1178520 1613.5
1178530 1603.3
1178540 1603.3
1178550 1604.6
1178560 1604.7
1178570 1604.7
1178580 1609.2
1178590 1611.3
1178600 1611.3
1178610 1612.1
1178620 1606.6
1178630 1606.6
1178640 1594.5
1178650 1584.5
1178660 1584.5
1178670 1583.0
1178680 1595.8
1178690 1595.8
1178700 1608.5
1178710 1616.8
1178720 1616.8
1178730 1621.3
1178740 1620.6
1178750 1616.4
1178760 1616.4
1178770 1609.3
1178780 1601.8
1178790 1601.8
1178800 1589.2
1178810 1574.9
1178820 1574.9
1178830 1563.7
1178840 1560.6
1178850 1560.6
1178860 1564.5
1178870 1560.3
1178880 1560.3
1178890 1560.1
1178900 1553.6
1178910 1553.6
1178920 1549.2
1178930 1560.6
1178940 1560.6
1178950 1565.5
1178960 1571.1
1178970 1571.1
1178980 1568.0
1178990 1560.8
1179000 1553.8
1179010 1553.8
1179020 1546.3
1179030 1539.7
1179040 1539.7
1179050 1533.7
1179060 1520.4
1179070 1520.4
1179080 1505.2
1179090 1507.4
1179100 1507.4
1179110 1510.9
1179120 1501.8
1179130 1501.8
1179140 1493.1
1179150 1490.0
1179160 1490.0
1179170 1512.8
1179180 1544.6
1179190 1544.6
1179200 1558.6
1179210 1566.0
1179220 1567.5
1179230 1567.5
1179240 1565.1
1179250 1554.6
1179260 1554.6
1179270 1550.7
1179280 1546.0
1179290 1546.0
1179300 1536.1
1179310 1529.2
1179320 1529.2
1179330 1516.2
1179340 1496.8
1179350 1496.8
1179360 1475.9
1179370 1455.3
1179380 1455.3
1179390 1444.8
1179400 1439.0
1179410 1439.0
1179420 1431.7
1179430 1421.6
1179440 1421.6
1179450 1408.9
1179460 1394.4
1179470 1381.2
1179480 1381.2
1179490 1363.8
1179500 1359.1
1179510 1359.1
1179520 1350.5
1179530 1338.6
1179540 1338.6
1179550 1340.1
1179560 1343.8
1179570 1343.8
1179580 1334.8
1179590 1321.1
1179600 1321.1
1179610 1309.7
1179620 1294.2
1179630 1294.2
1179640 1272.5
1179650 1258.6
1179660 1258.6
1179670 1263.0
1179680 1285.2
1179690 1285.2
1179700 1315.3
1179710 1330.7
1179720 1346.3
1179730 1346.3
1179740 1361.6
1179750 1376.4
1179760 1376.4
1179770 1390.1
1179780 1399.8
1179790 1399.8
1179800 1412.7
1179810 1412.3
1179820 1412.3
1179830 1419.8
1179840 1417.2
1179850 1417.2
1179860 1413.7
1179870 1413.7
1179880 1413.7
1179890 1413.2
1179900 1415.0
1179910 1415.0
1179920 1412.9
1179930 1409.1
1179940 1409.1
1179950 1405.8
1179960 1401.6
1179970 1395.2
1179980 1395.2
1179990 1387.5
