1160000 2511.5
1160010 2506.5
1160020 2501.9
1160030 2501.9
1160040 2498.4
1160050 2495.4
1160060 2495.4
1160070 2491.6
1160080 2487.7
1160090 2487.7
1160100 2484.2
1160110 2481.1
1160120 2481.1
1160130 2478.0
1160140 2474.9
1160150 2474.9
1160160 2471.9
1160170 2469.1
1160180 2469.1
1160190 2466.4
1160200 2465.8
1160210 2465.8
1160220 2467.8
1160230 2471.6
1160240 2474.6
1160250 2466.1
1160260 2468.2
1160270 2466.5
1160280 2466.5
1160290 2463.5
1160300 2459.5
1160310 2459.5
1160320 2456.2
1160330 2452.3
1160340 2452.3
1160350 2455.3
1160360 2458.8
1160370 2458.8
1160380 2459.3
1160390 2458.4
1160400 2458.4
1160410 2457.1
1160420 2456.0
1160430 2456.0
1160440 2454.1
1160450 2451.4
1160460 2448.4
1160470 2448.4
1160480 2444.6
1160490 2439.3
1160500 2439.3
1160510 2433.5
1160520 2436.9
1160530 2436.9
1160540 2449.6
1160550 2456.9
1160560 2456.9
1160570 2462.2
1160580 2465.9
1160590 2465.9
1160600 2469.1
1160610 2473.0
1160620 2473.0
1160630 2476.9
1160640 2470.9
1160650 2470.9
1160660 2470.9
1160670 2470.8
1160680 2470.8
1160690 2473.5
1160700 2477.5
1160710 2481.3
1160720 2481.3
1160730 2482.3
1160740 2492.0
1160750 2492.0
1160760 2504.2
1160770 2515.8
1160780 2515.8
1160790 2528.4
1160800 2539.3
1160810 2539.3
1160820 2548.8
1160830 2558.1
1160840 2558.1
1160850 2567.0
1160860 2573.3
1160870 2573.3
1160880 2576.7
1160890 2579.4
1160900 2579.4
1160910 2583.0
1160920 2588.6
1160930 2588.6
1160940 2594.7
1160950 2601.4
1160960 2609.1
1160970 2609.1
1160980 2622.2
1160990 2633.0
1161000 2633.0
1161010 2636.6
1161020 2626.5
1161030 2616.3
1161040 2602.3
1161050 2596.0
1161060 2596.0
1161070 2593.2
1161080 2591.0
1161090 2591.0
1161100 2590.0
1161110 2590.0
1161120 2590.0
1161130 2590.9
1161140 2592.7
1161150 2592.7
1161160 2595.1
1161170 2597.3
1161180 2597.3
1161190 2599.9
1161200 2602.7
1161210 2605.0
1161220 2605.0
1161230 2608.7
1161240 2612.5
1161250 2612.5
1161260 2616.8
1161270 2621.1
1161280 2621.1
1161290 2625.7
1161300 2634.5
1161310 2634.5
1161320 2643.8
1161330 2652.4
1161340 2652.4
1161350 2663.1
1161360 2679.3
1161370 2679.3
1161380 2694.0
1161390 2703.5
1161400 2703.5
1161410 2713.3
1161420 2717.1
1161430 2717.1
1161440 2723.1
1161450 2728.4
1161460 2734.1
1161470 2734.1
1161480 2738.6
1161490 2742.2
1161500 2742.2
1161510 2748.7
1161520 2755.7
1161530 2755.7
1161540 2761.1
1161550 2767.5
1161560 2767.5
1161570 2775.0
1161580 2781.7
1161590 2781.7
1161600 2786.4
1161610 2788.7
1161620 2788.7
1161630 2786.8
1161640 2781.7
1161650 2781.7
1161660 2785.3
1161670 2781.6
1161680 2781.6
1161690 2776.9
1161700 2775.2
1161710 2763.9
1161720 2763.9
1161730 2743.8
1161740 2705.5
1161750 2705.5
1161760 2666.3
1161770 2641.7
1161780 2641.7
1161790 2634.4
1161800 2631.1
1161810 2631.1
1161820 2652.0
1161830 2645.2
1161840 2645.2
1161850 2644.4
1161860 2629.5
1161870 2629.5
1161880 2610.1
1161890 2599.4
1161900 2599.4
1161910 2594.0
1161920 2595.6
1161930 2595.6
1161940 2597.3
1161950 2600.2
1161960 2603.3
1161970 2603.3
1161980 2607.2
1161990 2611.8
1162000 2611.8
1162010 2614.3
1162020 2611.3
1162030 2611.3
1162040 2606.8
1162050 2602.1
1162060 2602.1
1162070 2598.2
1162080 2592.1
1162090 2592.1
1162100 2576.0
1162110 2560.1
1162120 2560.1
1162130 2536.9
1162140 2524.8
1162150 2524.8
1162160 2510.1
1162170 2484.2
1162180 2484.2
1162190 2454.2
1162200 2446.6
1162210 2445.9
1162220 2445.9
1162230 2442.4
1162240 2439.6
1162250 2439.6
1162260 2435.4
1162270 2432.6
1162280 2432.6
1162290 2432.6
1162300 2435.2
1162310 2435.2
1162320 2438.8
1162330 2439.1
1162340 2439.1
1162350 2435.3
1162360 2428.1
1162370 2428.1
1162380 2419.7
1162390 2412.5
1162400 2412.5
1162410 2404.2
1162420 2397.5
1162430 2397.5
1162440 2391.6
1162450 2386.9
1162460 2385.5
1162470 2385.5
1162480 2378.4
1162490 2368.5
1162500 2368.5
1162510 2361.5
1162520 2359.7
1162530 2359.7
1162540 2360.0
1162550 2359.2
1162560 2359.2
1162570 2362.8
1162580 2372.7
1162590 2372.7
1162600 2386.8
1162610 2394.9
1162620 2394.9
1162630 2393.0
1162640 2386.4
1162650 2386.4
1162660 2382.3
1162670 2369.0
1162680 2369.0
1162690 2345.2
1162700 2330.8
1162710 2323.6
1162720 2323.6
1162730 2317.6
1162740 2311.6
1162750 2311.6
1162760 2306.0
1162770 2302.8
1162780 2302.8
1162790 2303.3
1162800 2304.2
1162810 2304.2
1162820 2301.6
1162830 2296.9
1162840 2296.9
1162850 2292.7
1162860 2289.1
1162870 2289.1
1162880 2284.6
1162890 2279.9
1162900 2279.9
1162910 2274.6
1162920 2269.1
1162930 2264.2
1162940 2264.2
1162950 2259.6
1162960 2256.3
1162970 2256.3
1162980 2253.2
1162990 2250.9
1163000 2255.8
1163010 2252.0
1163020 2247.7
1163030 2247.7
1163040 2243.0
1163050 2238.2
1163060 2238.2
1163070 2233.2
1163080 2228.2
1163090 2228.2
1163100 2223.2
1163110 2218.2
1163120 2218.2
1163130 2213.3
1163140 2208.7
1163150 2208.7
1163160 2204.0
1163170 2199.2
1163180 2194.7
1163190 2194.7
1163200 2190.7
1163210 2187.4
1163220 2187.4
1163230 2184.5
1163240 2181.2
1163250 2181.2
1163260 2179.4
1163270 2179.4
1163280 2179.4
1163290 2179.3
1163300 2179.1
1163310 2179.1
1163320 2179.0
1163330 2179.6
1163340 2179.6
1163350 2180.8
1163360 2183.4
1163370 2183.4
1163380 2184.2
1163390 2183.6
1163400 2184.0
1163410 2183.1
1163420 2182.3
1163430 2181.2
1163440 2181.2
1163450 2179.5
1163460 2178.8
1163470 2178.8
1163480 2178.7
1163490 2178.5
1163500 2178.5
1163510 2178.4
1163520 2178.3
1163530 2178.3
1163540 2177.4
1163550 2173.8
1163560 2173.8
1163570 2166.8
1163580 2159.4
1163590 2159.4
1163600 2152.1
1163610 2144.9
1163620 2144.9
1163630 2137.9
1163640 2131.3
1163650 2131.3
1163660 2125.5
1163670 2120.6
1163680 2115.8
1163690 2115.8
1163700 2111.2
1163710 2105.7
1163720 2105.7
1163730 2101.5
1163740 2097.5
1163750 2097.5
1163760 2092.1
1163770 2086.3
1163780 2086.3
1163790 2082.6
1163800 2077.3
1163810 2077.3
1163820 2071.8
1163830 2067.2
1163840 2067.2
1163850 2061.6
1163860 2055.7
1163870 2055.7
1163880 2048.1
1163890 2040.6
1163900 2040.6
1163910 2023.9
1163920 2007.1
1163930 1993.2
1163940 1993.2
1163950 1980.8
1163960 1971.2
1163970 1971.2
1163980 1961.0
1163990 1952.6
1164000 1952.6
1164010 1945.7
1164020 1931.5
1164030 1931.5
1164040 1918.7
1164050 1907.9
1164060 1907.9
1164070 1899.9
1164080 1891.4
1164090 1891.4
1164100 1883.4
1164110 1876.0
1164120 1876.0
1164130 1869.7
1164140 1863.6
1164150 1863.6
1164160 1855.7
1164170 1847.7
1164180 1840.4
1164190 1840.5
1164200 1833.6
1164210 1826.5
1164220 1826.5
1164230 1819.9
1164240 1813.5
1164250 1813.5
1164260 1807.5
1164270 1801.8
1164280 1801.8
1164290 1796.7
1164300 1792.2
1164310 1792.2
1164320 1789.0
1164330 1786.3
1164340 1786.3
1164350 1784.8
1164360 1782.3
1164370 1782.3
1164380 1781.3
1164390 1781.9
1164400 1781.9
1164410 1783.7
1164420 1785.0
1164430 1785.3
1164440 1785.3
1164450 1785.1
1164460 1785.2
1164470 1785.2
1164480 1785.6
1164490 1786.3
1164500 1786.3
1164510 1786.4
1164520 1786.1
1164530 1786.1
1164540 1785.6
1164550 1785.6
1164560 1785.6
1164570 1786.2
1164580 1786.5
1164590 1787.5
1164600 1787.7
1164610 1788.0
1164620 1788.0
1164630 1788.4
1164640 1788.9
1164650 1788.9
1164660 1789.2
1164670 1789.7
1164680 1791.8
1164690 1791.8
1164700 1796.3
1164710 1802.7
1164720 1802.7
1164730 1810.9
1164740 1818.5
1164750 1818.5
1164760 1824.7
1164770 1831.9
1164780 1831.9
1164790 1843.5
1164800 1856.8
1164810 1856.8
1164820 1865.8
1164830 1872.8
1164840 1872.8
1164850 1881.3
1164860 1889.6
1164870 1889.6
1164880 1897.1
1164890 1904.3
1164900 1904.3
1164910 1912.4
1164920 1923.2
1164930 1937.7
1164940 1937.7
1164950 1950.0
1164960 1963.6
1164970 1963.6
1164980 1979.6
1164990 1989.2
1165000 1989.2
1165010 1997.2
1165020 2003.9
1165030 2003.9
1165040 2009.8
1165050 2015.7
1165060 2015.7
1165070 2021.9
1165080 2027.5
1165090 2027.5
1165100 2032.3
1165110 2034.9
1165120 2034.9
1165130 2038.1
1165140 2041.3
1165150 2047.5
1165160 2047.5
1165170 2053.9
1165180 2059.4
1165190 2059.4
1165200 2064.6
1165210 2069.8
1165220 2069.8
1165230 2074.9
1165240 2078.0
1165250 2078.0
1165260 2077.7
1165270 2075.7
1165280 2075.7
1165290 2073.2
1165300 2074.1
1165310 2074.1
1165320 2078.3
1165330 2083.9
1165340 2083.9
1165350 2091.1
1165360 2097.3
1165370 2097.3
1165380 2103.7
1165390 2109.1
1165400 2113.6
1165410 2113.6
1165420 2117.6
1165430 2122.0
1165440 2122.0
1165450 2126.5
1165460 2129.2
1165470 2129.2
1165480 2133.1
1165490 2137.6
1165500 2137.6
1165510 2141.3
1165520 2147.1
1165530 2147.1
1165540 2154.8
1165550 2162.3
1165560 2162.3
1165570 2168.9
1165580 2176.0
1165590 2176.0
1165600 2185.8
1165610 2201.8
1165620 2201.8
1165630 2217.8
1165640 2232.9
1165650 2248.7
1165660 2248.7
1165670 2257.7
1165680 2268.1
1165690 2268.1
1165700 2276.2
1165710 2284.2
1165720 2284.2
1165730 2292.7
1165740 2300.7
1165750 2300.7
1165760 2309.4
1165770 2317.9
1165780 2323.7
1165790 2332.4
1165800 2340.8
1165810 2340.8
1165820 2348.5
1165830 2353.5
1165840 2353.5
1165850 2358.4
1165860 2363.4
1165870 2363.4
1165880 2368.8
1165890 2374.6
1165900 2380.1
1165910 2380.1
1165920 2385.2
1165930 2389.5
1165940 2389.5
1165950 2393.5
1165960 2397.6
1165970 2397.6
1165980 2400.6
1165990 2404.4
1166000 2404.4
1166010 2412.2
1166020 2420.1
1166030 2420.1
1166040 2426.3
1166050 2429.7
1166060 2429.7
1166070 2434.3
1166080 2441.0
1166090 2441.0
1166100 2449.4
1166110 2458.7
1166120 2458.7
1166130 2469.5
1166140 2480.1
1166150 2488.3
1166160 2488.3
1166170 2492.7
1166180 2504.1
1166190 2504.1
1166200 2510.2
1166210 2517.0
1166220 2517.0
1166230 2524.6
1166240 2528.1
1166250 2528.1
1166260 2530.6
1166270 2537.2
1166280 2537.2
1166290 2541.1
1166300 2544.9
1166310 2544.9
1166320 2552.0
1166330 2559.4
1166340 2559.4
1166350 2566.4
1166360 2573.6
1166370 2573.6
1166380 2581.4
1166390 2588.9
1166400 2584.2
1166410 2584.2
1166420 2574.6
1166430 2562.2
1166440 2562.2
1166450 2552.9
1166460 2543.9
1166470 2543.9
1166480 2534.7
1166490 2527.6
1166500 2527.6
1166510 2511.7
1166520 2501.0
1166530 2501.0
1166540 2488.5
1166550 2481.2
1166560 2481.2
1166570 2474.1
1166580 2469.0
1166590 2469.0
1166600 2462.4
1166610 2455.8
1166620 2455.8
1166630 2449.3
1166640 2443.6
1166650 2438.1
1166660 2438.1
1166670 2429.4
1166680 2419.8
1166690 2419.8
1166700 2413.8
1166710 2409.2
1166720 2409.2
1166730 2404.6
1166740 2400.2
1166750 2400.2
1166760 2396.3
1166770 2393.1
1166780 2393.1
1166790 2391.1
1166800 2389.6
1166810 2389.6
1166820 2388.0
1166830 2385.3
1166840 2385.3
1166850 2379.9
1166860 2372.0
1166870 2372.0
1166880 2363.5
1166890 2356.0
1166900 2349.2
1166910 2349.2
1166920 2342.3
1166930 2335.4
1166940 2335.4
1166950 2329.8
1166960 2325.2
1166970 2325.2
1166980 2323.3
1166990 2320.2
1167000 2320.2
1167010 2317.6
1167020 2315.0
1167030 2315.0
1167040 2312.1
1167050 2309.5
1167060 2309.5
1167070 2307.4
1167080 2305.2
1167090 2305.2
1167100 2302.8
1167110 2300.5
1167120 2300.5
1167130 2298.1
1167140 2295.9
1167150 2293.8
1167160 2293.8
1167170 2291.7
1167180 2289.6
1167190 2289.6
1167200 2287.8
1167210 2285.9
1167220 2285.9
1167230 2283.9
1167240 2282.1
1167250 2282.1
1167260 2280.5
1167270 2279.0
1167280 2279.0
1167290 2277.6
1167300 2276.6
1167310 2276.6
1167320 2276.6
1167330 2277.1
1167340 2277.1
1167350 2277.7
1167360 2278.2
1167370 2278.3
1167380 2283.1
1167390 2282.9
1167400 2283.5
1167410 2283.5
1167420 2284.1
1167430 2284.6
1167440 2284.6
1167450 2284.7
1167460 2284.4
1167470 2284.4
1167480 2283.7
1167490 2282.7
1167500 2282.7
1167510 2281.1
1167520 2279.3
1167530 2279.3
1167540 2277.3
1167550 2274.5
1167560 2274.5
1167570 2271.1
1167580 2267.2
1167590 2267.2
1167600 2263.0
1167610 2259.1
1167620 2255.4
1167630 2255.4
1167640 2252.2
1167650 2249.4
1167660 2249.4
1167670 2247.7
1167680 2246.6
1167690 2246.6
1167700 2245.0
1167710 2243.2
1167720 2243.2
1167730 2241.9
1167740 2239.7
1167750 2239.7
1167760 2236.6
1167770 2234.0
1167780 2229.9
1167790 2227.5
1167800 2225.2
1167810 2225.2
1167820 2222.3
1167830 2219.5
1167840 2219.5
1167850 2217.0
1167860 2214.4
1167870 2212.5
1167880 2212.5
1167890 2209.9
1167900 2208.0
1167910 2208.0
1167920 2207.0
1167930 2205.4
1167940 2205.4
1167950 2202.0
1167960 2196.7
1167970 2196.7
1167980 2191.2
1167990 2187.5
1168000 2187.5
1168010 2184.6
1168020 2182.1
1168030 2182.1
1168040 2179.7
1168050 2176.9
1168060 2176.9
1168070 2174.8
1168080 2173.3
1168090 2173.3
1168100 2171.8
1168110 2169.2
1168120 2163.8
1168130 2163.8
1168140 2154.8
1168150 2146.6
1168160 2146.6
1168170 2137.8
1168180 2127.6
1168190 2127.6
1168200 2121.7
1168210 2116.4
1168220 2116.4
1168230 2112.8
1168240 2110.5
1168250 2110.5
1168260 2108.7
1168270 2105.9
1168280 2105.9
1168290 2100.8
1168300 2099.6
1168310 2099.6
1168320 2096.1
1168330 2091.0
1168340 2091.0
1168350 2086.6
1168360 2081.0
1168370 2072.6
1168380 2072.6
1168390 2064.7
1168400 2057.7
1168410 2057.7
1168420 2050.1
1168430 2048.0
1168440 2048.0
1168450 2049.5
1168460 2049.0
1168470 2049.0
1168480 2044.3
1168490 2040.4
1168500 2040.4
1168510 2042.7
1168520 2043.1
1168530 2043.1
1168540 2043.4
1168550 2042.4
1168560 2042.4
1168570 2039.7
1168580 2030.0
1168590 2030.0
1168600 2026.8
1168610 2023.7
1168620 2026.4
1168630 2026.4
1168640 2024.6
1168650 2018.3
1168660 2018.3
1168670 2013.6
1168680 2012.5
1168690 2012.5
1168700 2009.6
1168710 2006.9
1168720 2006.9
1168730 2004.5
1168740 2001.2
1168750 2001.2
1168760 1998.1
1168770 1993.9
1168780 1993.9
1168790 1990.8
1168800 1987.8
1168810 1987.8
1168820 1983.6
1168830 1979.1
1168840 1979.1
1168850 1976.4
1168860 1972.2
1168870 1968.2
1168880 1968.2
1168890 1963.9
1168900 1959.9
1168910 1959.9
1168920 1957.0
1168930 1956.6
1168940 1956.6
1168950 1957.9
1168960 1958.7
1168970 1958.7
1168980 1955.6
1168990 1954.8
1169000 1954.8
1169010 1955.3
1169020 1955.5
1169030 1955.5
1169040 1954.9
1169050 1954.3
1169060 1954.3
1169070 1952.5
1169080 1951.1
1169090 1951.1
1169100 1949.4
1169110 1947.4
1169120 1945.9
1169130 1945.9
1169140 1944.2
1169150 1942.2
1169160 1942.2
1169170 1940.2
1169180 1938.8
1169190 1938.8
1169200 1937.1
1169210 1935.0
1169220 1935.0
1169230 1932.9
1169240 1931.0
1169250 1931.0
1169260 1928.8
1169270 1927.1
1169280 1927.1
1169290 1925.2
1169300 1923.6
1169310 1923.6
1169320 1922.0
1169330 1919.8
1169340 1919.8
1169350 1917.6
1169360 1915.5
1169370 1913.5
1169380 1913.5
1169390 1910.9
1169400 1909.0
1169410 1909.0
1169420 1907.3
1169430 1905.3
1169440 1905.3
1169450 1903.4
1169460 1901.7
1169470 1901.7
1169480 1899.8
1169490 1898.1
1169500 1898.1
1169510 1896.4
1169520 1894.7
1169530 1894.7
1169540 1893.1
1169550 1892.1
1169560 1892.1
1169570 1891.6
1169580 1891.0
1169590 1890.0
1169600 1890.0
1169610 1888.6
1169620 1887.6
1169630 1887.6
1169640 1887.1
1169650 1886.8
1169660 1886.8
1169670 1886.6
1169680 1886.2
1169690 1886.2
1169700 1886.4
1169710 1887.4
1169720 1887.4
1169730 1888.8
1169740 1889.7
1169750 1889.7
1169760 1890.7
1169770 1892.1
1169780 1892.1
1169790 1896.6
1169800 1898.4
1169810 1898.4
1169820 1900.0
1169830 1901.2
1169840 1900.7
1169850 1900.7
1169860 1898.7
1169870 1900.3
1169880 1900.3
1169890 1905.3
1169900 1913.3
1169910 1913.3
1169920 1919.6
1169930 1918.9
1169940 1918.9
1169950 1916.1
1169960 1915.1
1169970 1915.1
1169980 1915.2
1169990 1916.5
1170000 1916.5
1170010 1918.8
1170020 1922.1
1170030 1922.1
1170040 1926.6
1170050 1931.6
1170060 1931.6
1170070 1936.8
1170080 1943.4
1170090 1950.8
1170100 1950.8
1170110 1956.9
1170120 1960.7
1170130 1960.7
1170140 1963.8
1170150 1966.7
1170160 1966.7
1170170 1969.3
1170180 1971.8
1170190 1974.8
1170200 1977.6
1170210 1980.1
1170220 1980.1
1170230 1982.6
1170240 1985.0
1170250 1985.0
1170260 1987.2
1170270 1989.3
1170280 1989.3
1170290 1991.1
1170300 1992.7
1170310 1992.7
1170320 1994.6
1170330 1996.2
1170340 1996.6
1170350 1996.6
1170360 1996.2
1170370 1996.8
1170380 1996.8
1170390 1998.4
1170400 2000.4
1170410 2000.4
1170420 2002.1
1170430 2003.6
1170440 2003.6
1170450 2004.9
1170460 2005.6
1170470 2005.6
1170480 2004.4
1170490 2001.8
1170500 2001.8
1170510 1998.2
1170520 1995.2
1170530 1995.2
1170540 1998.2
1170550 2004.1
1170560 2004.1
1170570 2008.2
1170580 2014.0
1170590 2020.8
1170600 2026.4
1170610 2031.3
1170620 2033.3
1170630 2033.3
1170640 2035.2
1170650 2036.8
1170660 2036.8
1170670 2037.8
1170680 2038.6
1170690 2038.6
1170700 2038.6
1170710 2038.5
1170720 2038.5
1170730 2038.4
1170740 2038.0
1170750 2038.0
1170760 2037.5
1170770 2036.1
1170780 2036.1
1170790 2033.7
1170800 2033.2
1170810 2033.2
1170820 2035.7
1170830 2035.7
1170840 2037.1
1170850 2037.1
1170860 2033.7
1170870 2028.4
1170880 2028.4
1170890 2021.4
1170900 2013.8
1170910 2013.8
1170920 2009.9
1170930 2011.4
1170940 2011.4
1170950 2016.2
1170960 2018.0
1170970 2018.0
1170980 2015.2
1170990 2011.4
1171000 2021.3
1171010 2017.1
1171020 2013.3
1171030 2013.3
1171040 2009.5
1171050 2002.1
1171060 2002.1
1171070 1996.2
1171080 1988.6
1171090 1982.4
1171100 1982.4
1171110 1979.9
1171120 1977.6
1171130 1977.6
1171140 1975.9
1171150 1973.7
1171160 1973.7
1171170 1971.9
1171180 1970.5
1171190 1970.5
1171200 1970.4
1171210 1970.9
1171220 1970.9
1171230 1970.8
1171240 1971.2
1171250 1971.2
1171260 1971.7
1171270 1970.7
1171280 1970.7
1171290 1966.9
1171300 1967.8
1171310 1967.8
1171320 1968.2
1171330 1967.2
1171340 1965.0
1171350 1965.0
1171360 1961.9
1171370 1957.8
1171380 1957.8
1171390 1955.1
1171400 1955.0
1171410 1962.1
1171420 1962.1
1171430 1961.9
1171440 1961.9
1171450 1961.1
1171460 1960.1
1171470 1960.1
1171480 1958.5
1171490 1956.9
1171500 1956.9
1171510 1955.3
1171520 1952.8
1171530 1952.8
1171540 1950.8
1171550 1949.0
1171560 1947.2
1171570 1947.2
1171580 1947.0
1171590 1947.0
1171600 1947.0
1171610 1946.6
1171620 1943.7
1171630 1943.7
1171640 1940.2
1171650 1941.4
1171660 1941.4
1171670 1939.7
1171680 1938.1
1171690 1938.1
1171700 1935.9
1171710 1933.4
1171720 1933.4
1171730 1929.6
1171740 1926.1
1171750 1926.1
1171760 1926.3
1171770 1923.5
1171780 1923.5
1171790 1919.7
1171800 1917.9
1171810 1923.2
1171820 1923.2
1171830 1922.0
1171840 1920.3
1171850 1920.3
1171860 1918.3
1171870 1915.3
1171880 1915.3
1171890 1912.6
1171900 1909.9
1171910 1909.9
1171920 1906.3
1171930 1902.6
1171940 1902.6
1171950 1898.7
1171960 1895.5
1171970 1895.5
1171980 1893.2
1171990 1891.4
1172000 1891.4
1172010 1886.3
1172020 1878.8
1172030 1878.8
1172040 1875.4
1172050 1876.4
1172060 1880.4
1172070 1880.4
1172080 1886.5
1172090 1884.6
1172100 1884.6
1172110 1881.6
1172120 1879.6
1172130 1879.6
1172140 1877.2
1172150 1874.9
1172160 1874.9
1172170 1869.7
1172180 1868.9
1172190 1868.9
1172200 1872.7
1172210 1871.8
1172220 1880.2
1172230 1878.4
1172240 1873.7
1172250 1873.7
1172260 1869.9
1172270 1867.6
1172280 1867.6
1172290 1864.9
1172300 1863.8
1172310 1862.7
1172320 1862.7
1172330 1859.8
1172340 1860.3
1172350 1860.3
1172360 1863.9
1172370 1863.8
1172380 1863.8
1172390 1863.7
1172400 1864.8
1172410 1864.8
1172420 1865.6
1172430 1866.4
1172440 1866.4
1172450 1863.5
1172460 1857.4
1172470 1857.4
1172480 1851.4
1172490 1845.5
1172500 1845.5
1172510 1838.1
1172520 1830.6
1172530 1830.6
1172540 1822.9
1172550 1815.7
1172560 1810.3
1172570 1810.3
1172580 1807.5
1172590 1807.9
1172600 1807.9
1172610 1811.0
1172620 1814.3
1172630 1821.6
1172640 1824.2
1172650 1824.0
1172660 1824.0
1172670 1821.3
1172680 1818.3
1172690 1818.3
1172700 1815.4
1172710 1811.8
1172720 1811.8
1172730 1807.5
1172740 1804.1
1172750 1804.1
1172760 1800.7
1172770 1797.3
1172780 1797.3
1172790 1793.9
1172800 1790.6
1172810 1787.6
1172820 1787.6
1172830 1784.6
1172840 1781.0
1172850 1781.0
1172860 1776.2
1172870 1771.7
1172880 1771.7
1172890 1765.1
1172900 1754.7
1172910 1754.7
1172920 1745.2
1172930 1739.3
1172940 1739.3
1172950 1735.1
1172960 1731.6
1172970 1731.6
1172980 1728.9
1172990 1727.8
1173000 1727.8
1173010 1728.8
1173020 1725.7
1173030 1725.7
1173040 1731.2
1173050 1731.2
1173060 1730.2
1173070 1730.2
1173080 1729.3
1173090 1728.1
1173100 1728.1
1173110 1725.2
1173120 1724.0
1173130 1724.0
1173140 1721.6
1173150 1719.0
1173160 1719.0
1173170 1717.6
1173180 1718.1
1173190 1718.1
1173200 1715.8
1173210 1713.7
1173220 1713.7
1173230 1712.6
1173240 1711.7
1173250 1711.7
1173260 1709.1
1173270 1708.2
1173280 1708.2
1173290 1706.4
1173300 1706.1
1173310 1706.5
1173320 1706.5
1173330 1704.9
1173340 1702.7
1173350 1702.7
1173360 1700.7
1173370 1702.4
1173380 1702.4
1173390 1702.5
1173400 1701.7
1173410 1701.7
1173420 1699.9
1173430 1697.5
1173440 1704.1
1173450 1700.6
1173460 1696.6
1173470 1696.6
1173480 1691.9
1173490 1685.1
1173500 1685.1
1173510 1683.7
1173520 1684.0
1173530 1683.7
1173540 1683.7
1173550 1680.3
1173560 1679.3
1173570 1679.3
1173580 1677.3
1173590 1674.6
1173600 1674.6
1173610 1674.1
1173620 1672.1
1173630 1672.1
1173640 1669.5
1173650 1664.7
1173660 1664.7
1173670 1663.3
1173680 1664.5
1173690 1664.5
1173700 1664.6
1173710 1665.5
1173720 1665.5
1173730 1665.7
1173740 1664.3
1173750 1664.3
1173760 1662.3
1173770 1660.6
1173780 1656.7
1173790 1656.7
1173800 1654.3
1173810 1657.3
1173820 1657.3
1173830 1657.4
1173840 1655.6
1173850 1661.8
1173860 1658.7
1173870 1655.1
1173880 1655.1
1173890 1653.2
1173900 1647.9
1173910 1647.9
1173920 1644.9
1173930 1644.4
1173940 1644.4
1173950 1644.2
1173960 1645.2
1173970 1645.2
1173980 1644.2
1173990 1640.6
1174000 1640.6
1174010 1636.3
1174020 1632.8
1174030 1629.4
1174040 1629.4
1174050 1622.3
1174060 1615.9
1174070 1615.9
1174080 1612.1
1174090 1609.5
1174100 1609.5
1174110 1605.3
1174120 1600.5
1174130 1600.5
1174140 1595.9
1174150 1591.8
1174160 1591.8
1174170 1587.2
1174180 1583.2
1174190 1583.2
1174200 1579.1
1174210 1575.0
1174220 1575.0
1174230 1571.6
1174240 1568.2
1174250 1568.2
1174260 1569.1
1174270 1565.5
1174280 1562.0
1174290 1562.0
1174300 1558.4
1174310 1553.5
1174320 1553.5
1174330 1547.1
1174340 1541.8
1174350 1541.8
1174360 1537.6
1174370 1535.3
1174380 1535.3
1174390 1533.7
1174400 1533.1
1174410 1533.1
1174420 1532.5
1174430 1532.0
1174440 1532.0
1174450 1531.8
1174460 1532.3
1174470 1532.3
1174480 1535.4
1174490 1538.0
1174500 1538.0
1174510 1538.8
1174520 1543.3
1174530 1547.7
1174540 1547.7
1174550 1550.0
1174560 1552.2
1174570 1552.2
1174580 1554.8
1174590 1557.6
1174600 1557.6
1174610 1560.8
1174620 1563.8
1174630 1563.8
1174640 1566.1
1174650 1567.3
1174660 1567.3
1174670 1559.2
1174680 1557.6
1174690 1557.6
1174700 1556.9
1174710 1556.4
1174720 1556.4
1174730 1558.8
1174740 1564.6
1174750 1564.6
1174760 1573.8
1174770 1583.9
1174780 1588.8
1174790 1588.8
1174800 1594.3
1174810 1600.6
1174820 1600.6
1174830 1608.1
1174840 1617.0
1174850 1617.0
1174860 1624.7
1174870 1629.8
1174880 1629.8
1174890 1634.9
1174900 1640.8
1174910 1640.8
1174920 1644.5
1174930 1644.3
1174940 1644.3
1174950 1643.9
1174960 1645.8
1174970 1645.8
1174980 1647.9
1174990 1651.4
1175000 1651.4
1175010 1655.3
1175020 1659.0
1175030 1663.0
1175040 1663.0
1175050 1666.1
1175060 1668.4
1175070 1668.4
1175080 1669.8
1175090 1672.6
1175100 1672.6
1175110 1675.8
1175120 1679.0
1175130 1679.0
1175140 1685.3
1175150 1693.6
1175160 1693.6
1175170 1700.6
1175180 1708.5
1175190 1708.5
1175200 1715.9
1175210 1721.8
1175220 1721.8
1175230 1728.1
1175240 1733.9
1175250 1733.9
1175260 1740.0
1175270 1745.9
1175280 1753.1
1175290 1753.1
1175300 1760.5
1175310 1767.6
1175320 1767.6
1175330 1774.3
1175340 1780.8
1175350 1780.8
1175360 1786.1
1175370 1790.6
1175380 1790.6
1175390 1796.0
1175400 1804.7
1175410 1804.7
1175420 1816.0
1175430 1828.2
1175440 1828.2
1175450 1839.6
1175460 1849.1
1175470 1849.1
1175480 1857.0
1175490 1860.3
1175500 1868.8
1175510 1868.8
1175520 1874.8
1175530 1879.7
1175540 1879.7
1175550 1884.9
1175560 1889.8
1175570 1889.8
1175580 1895.8
1175590 1901.4
1175600 1901.4
1175610 1906.0
1175620 1911.8
1175630 1911.8
1175640 1920.6
1175650 1926.1
1175660 1926.1
1175670 1928.8
1175680 1930.6
1175690 1930.6
1175700 1932.0
1175710 1934.0
1175720 1934.0
1175730 1936.6
1175740 1942.6
1175750 1953.0
1175760 1953.0
1175770 1962.1
1175780 1966.3
1175790 1966.3
1175800 1968.1
1175810 1973.5
1175820 1973.5
1175830 1981.4
1175840 1991.0
1175850 1991.0
1175860 2001.9
1175870 2014.6
1175880 2014.6
1175890 2023.1
1175900 2033.9
1175910 2033.9
1175920 2039.9
1175930 2048.5
1175940 2048.5
1175950 2053.9
1175960 2057.8
1175970 2057.8
1175980 2063.6
1175990 2070.9
1176000 2078.1
1176010 2078.1
1176020 2087.1
1176030 2095.7
1176040 2095.7
1176050 2103.2
1176060 2111.4
1176070 2111.4
1176080 2119.3
1176090 2124.5
1176100 2124.5
1176110 2130.0
1176120 2139.4
1176130 2139.4
1176140 2151.8
1176150 2162.2
1176160 2162.2
1176170 2168.8
1176180 2172.8
1176190 2172.8
1176200 2181.1
1176210 2189.8
1176220 2189.8
1176230 2197.2
1176240 2199.8
1176250 2203.3
1176260 2203.3
1176270 2217.3
1176280 2228.9
1176290 2228.9
1176300 2236.7
1176310 2240.0
1176320 2261.8
1176330 2267.6
1176340 2278.7
1176350 2278.7
1176360 2291.2
1176370 2300.3
1176380 2300.3
1176390 2307.6
1176400 2306.1
1176410 2306.1
1176420 2309.1
1176430 2314.3
1176440 2314.3
1176450 2317.1
1176460 2313.0
1176470 2313.0
1176480 2314.0
1176490 2323.0
1176500 2325.3
1176510 2325.3
1176520 2325.7
1176530 2331.0
1176540 2331.0
1176550 2336.8
1176560 2342.1
1176570 2342.1
1176580 2351.3
1176590 2350.0
1176600 2350.0
1176610 2348.6
1176620 2355.6
1176630 2355.6
1176640 2361.2
1176650 2357.4
1176660 2357.4
1176670 2349.7
1176680 2348.9
1176690 2348.9
1176700 2352.3
1176710 2361.3
1176720 2361.3
1176730 2349.2
1176740 2338.7
1176750 2342.4
1176760 2342.4
1176770 2351.2
1176780 2363.4
1176790 2363.4
1176800 2377.0
1176810 2384.7
1176820 2384.7
1176830 2386.7
1176840 2394.9
1176850 2394.9
1176860 2414.2
1176870 2438.0
1176880 2438.0
1176890 2447.4
1176900 2452.7
1176910 2452.7
1176920 2453.6
1176930 2449.5
1176940 2449.5
1176950 2452.1
1176960 2445.5
1176970 2445.5
1176980 2438.1
1176990 2432.0
1177000 2425.0
1177010 2425.0
1177020 2413.6
1177030 2405.1
1177040 2405.1
1177050 2395.8
1177060 2385.0
1177070 2385.0
1177080 2378.6
1177090 2372.4
1177100 2372.4
1177110 2367.3
1177120 2365.7
1177130 2365.7
1177140 2372.3
1177150 2364.7
1177160 2364.7
1177170 2347.8
1177180 2333.4
1177190 2333.4
1177200 2326.1
1177210 2318.6
1177220 2318.6
1177230 2309.8
1177240 2291.5
1177250 2285.1
1177260 2285.1
1177270 2283.8
1177280 2281.2
1177290 2281.2
1177300 2274.3
1177310 2272.4
1177320 2272.4
1177330 2267.9
1177340 2264.4
1177350 2264.4
1177360 2258.5
1177370 2262.2
1177380 2262.2
1177390 2271.9
1177400 2260.1
1177410 2260.1
1177420 2261.2
1177430 2269.7
1177440 2269.7
1177450 2275.8
1177460 2276.6
1177470 2272.9
1177480 2272.9
1177490 2268.1
1177500 2263.6
1177510 2263.6
1177520 2259.7
1177530 2255.4
1177540 2255.4
1177550 2250.8
1177560 2240.2
1177570 2240.2
1177580 2235.1
1177590 2231.7
1177600 2231.7
1177610 2228.5
1177620 2227.8
1177630 2227.8
1177640 2222.6
1177650 2218.5
1177660 2218.5
1177670 2220.1
1177680 2220.0
1177690 2220.0
1177700 2212.7
1177710 2205.0
1177720 2201.5
1177730 2201.5
1177740 2196.5
1177750 2189.6
1177760 2189.6
1177770 2183.8
1177780 2180.1
1177790 2180.1
1177800 2176.5
1177810 2175.4
1177820 2175.4
1177830 2180.0
1177840 2182.0
1177850 2182.0
1177860 2177.2
1177870 2170.2
1177880 2170.2
1177890 2162.7
1177900 2157.2
1177910 2157.2
1177920 2158.5
1177930 2160.9
1177940 2160.9
1177950 2157.4
1177960 2158.2
1177970 2151.6
1177980 2151.6
1177990 2158.0
1178000 2164.2
1178010 2164.2
1178020 2168.2
1178030 2171.9
1178040 2171.9
1178050 2175.1
1178060 2177.5
1178070 2177.5
1178080 2178.1
1178090 2178.7
1178100 2178.7
1178110 2178.0
1178120 2175.7
1178130 2175.7
1178140 2175.2
1178150 2177.2
1178160 2177.2
1178170 2180.5
1178180 2181.9
1178190 2181.9
1178200 2182.9
1178210 2183.3
1178220 2182.9
1178230 2182.9
1178240 2185.3
1178250 2186.2
1178260 2186.2
1178270 2183.4
1178280 2179.4
1178290 2179.4
1178300 2172.5
1178310 2164.5
1178320 2164.5
1178330 2160.6
1178340 2154.2
1178350 2154.2
1178360 2147.7
1178370 2143.4
1178380 2143.4
1178390 2130.3
1178400 2128.8
1178410 2128.8
1178420 2132.4
1178430 2136.2
1178440 2136.2
1178450 2139.5
1178460 2143.1
1178470 2145.4
1178480 2145.4
1178490 2146.3
1178500 2144.2
1178510 2144.2
1178520 2140.8
1178530 2135.8
1178540 2135.8
1178550 2129.9
1178560 2124.2
1178570 2124.2
1178580 2119.7
1178590 2116.8
1178600 2116.8
1178610 2114.0
1178620 2110.3
1178630 2110.3
1178640 2105.7
1178650 2099.8
1178660 2099.8
1178670 2093.4
1178680 2088.8
1178690 2088.8
1178700 2085.5
1178710 2083.4
1178720 2081.9
1178730 2081.9
1178740 2079.6
1178750 2076.8
1178760 2076.8
1178770 2075.3
1178780 2075.0
1178790 2075.0
1178800 2068.1
1178810 2067.5
1178820 2067.5
1178830 2067.2
1178840 2066.5
1178850 2066.5
1178860 2065.6
1178870 2064.7
1178880 2064.7
1178890 2062.8
1178900 2059.0
1178910 2059.0
1178920 2054.0
1178930 2048.2
1178940 2048.2
1178950 2043.7
1178960 2039.4
1178970 2036.1
1178980 2036.1
1178990 2033.6
1179000 2029.3
1179010 2029.3
1179020 2020.0
1179030 2008.2
1179040 2008.2
1179050 1997.9
1179060 1989.5
1179070 1989.5
1179080 1980.0
1179090 1968.7
1179100 1968.7
1179110 1953.0
1179120 1939.1
1179130 1939.1
1179140 1932.3
1179150 1924.5
1179160 1924.5
1179170 1920.0
1179180 1921.9
1179190 1926.1
1179200 1926.1
1179210 1931.4
1179220 1920.5
1179230 1920.5
1179240 1915.1
1179250 1910.8
1179260 1910.8
1179270 1902.0
1179280 1890.9
1179290 1890.9
1179300 1883.5
1179310 1879.9
1179320 1879.9
1179330 1877.3
1179340 1877.6
1179350 1877.6
1179360 1879.0
1179370 1879.2
1179380 1879.2
1179390 1876.8
1179400 1866.5
1179410 1866.5
1179420 1864.2
1179430 1865.8
1179440 1871.0
1179450 1871.0
1179460 1879.6
1179470 1887.4
1179480 1887.4
1179490 1894.7
1179500 1890.1
1179510 1890.1
1179520 1884.6
1179530 1891.8
1179540 1891.8
1179550 1895.4
1179560 1902.0
1179570 1902.0
1179580 1910.9
1179590 1913.6
1179600 1913.6
1179610 1913.9
1179620 1914.2
1179630 1905.6
1179640 1905.2
1179650 1902.4
1179660 1902.4
1179670 1899.5
1179680 1896.4
1179690 1893.1
1179700 1893.1
1179710 1890.2
1179720 1887.7
1179730 1887.7
1179740 1884.3
1179750 1881.0
1179760 1881.0
1179770 1877.4
1179780 1873.5
1179790 1873.5
1179800 1870.1
1179810 1866.1
1179820 1866.1
1179830 1862.1
1179840 1857.5
1179850 1857.5
1179860 1852.9
1179870 1849.2
1179880 1849.2
1179890 1844.9
1179900 1840.7
1179910 1840.7
1179920 1837.1
1179930 1831.7
1179940 1826.6
1179950 1826.6
1179960 1821.6
1179970 1816.9
1179980 1816.9
1179990 1812.9
