1160000 2609.2
1160010 2616.4
1160020 2616.4
1160030 2623.8
1160040 2628.6
1160050 2628.6
1160060 2625.1
1160070 2622.5
1160080 2622.5
1160090 2615.9
1160100 2608.1
1160110 2608.1
1160120 2600.3
1160130 2593.0
1160140 2593.0
1160150 2588.0
1160160 2583.5
1160170 2583.5
1160180 2579.7
1160190 2576.3
1160200 2572.9
1160210 2572.9
1160220 2569.9
1160230 2567.2
1160240 2562.4
1160250 2560.2
1160260 2558.5
1160270 2558.5
1160280 2557.8
1160290 2556.8
1160300 2556.8
1160310 2555.9
1160320 2555.9
1160330 2555.9
1160340 2555.6
1160350 2554.9
1160360 2554.9
1160370 2554.2
1160380 2552.4
1160390 2552.4
1160400 2549.7
1160410 2547.2
1160420 2547.2
1160430 2546.2
1160440 2545.0
1160450 2543.5
1160460 2543.5
1160470 2543.0
1160480 2544.2
1160490 2544.2
1160500 2544.3
1160510 2543.6
1160520 2543.6
1160530 2544.5
1160540 2545.4
1160550 2545.4
1160560 2546.4
1160570 2547.9
1160580 2547.9
1160590 2548.8
1160600 2549.5
1160610 2549.5
1160620 2551.3
1160630 2554.9
1160640 2554.9
1160650 2557.9
1160660 2559.0
1160670 2559.0
1160680 2559.4
1160690 2561.8
1160700 2564.6
1160710 2564.6
1160720 2566.9
1160730 2567.8
1160740 2567.8
1160750 2567.7
1160760 2568.9
1160770 2568.9
1160780 2570.5
1160790 2574.7
1160800 2574.7
1160810 2579.7
1160820 2583.9
1160830 2583.9
1160840 2587.5
1160850 2591.9
1160860 2591.9
1160870 2596.4
1160880 2600.3
1160890 2600.3
1160900 2605.9
1160910 2611.8
1160920 2618.3
1160930 2618.3
1160940 2625.4
1160950 2631.4
1160960 2631.4
1160970 2634.4
1160980 2635.7
1160990 2635.7
1161000 2637.4
1161010 2639.9
1161020 2639.9
1161030 2643.1
1161040 2646.2
1161050 2646.2
1161060 2650.1
1161070 2653.9
1161080 2653.9
1161090 2657.2
1161100 2661.4
1161110 2661.4
1161120 2665.3
1161130 2668.5
1161140 2668.5
1161150 2671.4
1161160 2674.6
1161170 2677.4
1161180 2677.4
1161190 2680.2
1161200 2683.7
1161210 2683.7
1161220 2687.1
1161230 2691.0
1161240 2691.0
1161250 2695.9
1161260 2701.4
1161270 2701.4
1161280 2706.9
1161290 2713.7
1161300 2713.7
1161310 2720.8
1161320 2727.9
1161330 2727.9
1161340 2734.5
1161350 2741.0
1161360 2741.0
1161370 2748.1
1161380 2754.8
1161390 2754.8
1161400 2762.0
1161410 2770.5
1161420 2781.1
1161430 2781.1
1161440 2786.8
1161450 2780.2
1161460 2780.2
1161470 2758.2
1161480 2728.2
1161490 2728.2
1161500 2715.4
1161510 2702.8
1161520 2702.8
1161530 2695.5
1161540 2679.2
1161550 2679.2
1161560 2646.4
1161570 2644.4
1161580 2644.4
1161590 2645.6
1161600 2642.7
1161610 2642.7
1161620 2635.8
1161630 2604.8
1161640 2604.8
1161650 2593.2
1161660 2563.1
1161670 2538.6
1161680 2538.6
1161690 2534.4
1161700 2518.2
1161710 2518.2
1161720 2493.8
1161730 2465.9
1161740 2465.9
1161750 2450.9
1161760 2444.0
1161770 2444.0
1161780 2438.2
1161790 2433.4
1161800 2433.4
1161810 2436.0
1161820 2431.8
1161830 2431.8
1161840 2427.1
1161850 2422.1
1161860 2422.1
1161870 2417.2
1161880 2413.6
1161890 2413.6
1161900 2410.6
1161910 2408.5
1161920 2406.9
1161930 2406.9
1161940 2405.5
1161950 2404.9
1161960 2404.9
1161970 2405.1
1161980 2405.5
1161990 2405.5
1162000 2406.2
1162010 2406.8
1162020 2406.8
1162030 2407.2
1162040 2407.6
1162050 2407.6
1162060 2408.3
1162070 2409.0
1162080 2409.0
1162090 2410.1
1162100 2412.0
1162110 2412.0
1162120 2414.9
1162130 2418.9
1162140 2418.9
1162150 2426.7
1162160 2439.9
1162170 2463.8
1162180 2463.8
1162190 2464.7
1162200 2449.5
1162210 2441.2
1162220 2426.8
1162230 2418.7
1162240 2418.7
1162250 2406.5
1162260 2395.3
1162270 2395.3
1162280 2389.0
1162290 2382.6
1162300 2382.6
1162310 2375.1
1162320 2360.0
1162330 2360.0
1162340 2335.4
1162350 2315.8
1162360 2315.8
1162370 2308.6
1162380 2302.2
1162390 2302.2
1162400 2296.2
1162410 2290.4
1162420 2284.3
1162430 2284.3
1162440 2278.9
1162450 2274.0
1162460 2274.0
1162470 2268.9
1162480 2263.6
1162490 2263.6
1162500 2259.2
1162510 2255.4
1162520 2255.4
1162530 2251.0
1162540 2246.4
1162550 2246.4
1162560 2242.8
1162570 2238.2
1162580 2238.2
1162590 2233.2
1162600 2232.8
1162610 2232.8
1162620 2229.8
1162630 2227.3
1162640 2227.3
1162650 2223.5
1162660 2219.5
1162670 2215.2
1162680 2215.2
1162690 2211.6
1162700 2207.4
1162710 2207.4
1162720 2202.6
1162730 2197.7
1162740 2197.7
1162750 2193.5
1162760 2191.9
1162770 2191.9
1162780 2191.3
1162790 2190.0
1162800 2190.0
1162810 2190.5
1162820 2191.2
1162830 2191.2
1162840 2190.9
1162850 2191.0
1162860 2191.0
1162870 2193.4
1162880 2195.7
1162890 2195.7
1162900 2196.4
1162910 2201.3
1162920 2206.6
1162930 2206.6
1162940 2211.2
1162950 2215.2
1162960 2215.2
1162970 2222.3
1162980 2228.5
1162990 2228.5
1163000 2236.8
1163010 2231.3
1163020 2231.3
1163030 2226.6
1163040 2223.0
1163050 2223.0
1163060 2219.8
1163070 2216.8
1163080 2216.8
1163090 2212.4
1163100 2208.3
1163110 2208.3
1163120 2205.9
1163130 2202.9
1163140 2202.9
1163150 2200.2
1163160 2197.2
1163170 2194.2
1163180 2194.2
1163190 2190.9
1163200 2189.6
1163210 2189.6
1163220 2189.9
1163230 2190.5
1163240 2190.5
1163250 2190.6
1163260 2188.9
1163270 2188.9
1163280 2186.6
1163290 2183.1
1163300 2183.1
1163310 2178.3
1163320 2172.5
1163330 2172.5
1163340 2166.3
1163350 2160.4
1163360 2160.4
1163370 2153.9
1163380 2147.0
1163390 2148.0
1163400 2141.5
1163410 2136.1
1163420 2130.6
1163430 2130.6
1163440 2124.6
1163450 2118.5
1163460 2118.5
1163470 2113.0
1163480 2109.4
1163490 2109.4
1163500 2109.2
1163510 2108.5
1163520 2108.5
1163530 2107.5
1163540 2108.2
1163550 2108.2
1163560 2109.1
1163570 2105.0
1163580 2105.0
1163590 2099.2
1163600 2093.2
1163610 2093.2
1163620 2087.3
1163630 2081.9
1163640 2076.3
1163650 2076.3
1163660 2070.7
1163670 2065.2
1163680 2065.2
1163690 2060.5
1163700 2056.2
1163710 2056.2
1163720 2050.7
1163730 2045.4
1163740 2045.4
1163750 2040.6
1163760 2035.5
1163770 2035.5
1163780 2030.0
1163790 2012.1
1163800 2012.1
1163810 2006.2
1163820 1997.0
1163830 1997.0
1163840 1988.7
1163850 1981.8
1163860 1981.8
1163870 1976.1
1163880 1971.8
1163890 1963.3
1163900 1963.3
1163910 1952.9
1163920 1944.5
1163930 1944.5
1163940 1939.7
1163950 1931.1
1163960 1931.1
1163970 1923.0
1163980 1920.2
1163990 1920.2
1164000 1914.6
1164010 1908.8
1164020 1908.8
1164030 1904.6
1164040 1897.3
1164050 1897.3
1164060 1889.1
1164070 1880.4
1164080 1880.4
1164090 1870.6
1164100 1858.6
1164110 1858.6
1164120 1847.3
1164130 1835.7
1164140 1826.6
1164150 1826.6
1164160 1818.9
1164170 1812.1
1164180 1815.2
1164190 1808.9
1164200 1804.4
1164210 1804.4
1164220 1800.5
1164230 1796.1
1164240 1796.1
1164250 1790.9
1164260 1785.7
1164270 1785.7
1164280 1780.8
1164290 1775.9
1164300 1775.9
1164310 1770.9
1164320 1765.8
1164330 1765.8
1164340 1761.7
1164350 1758.7
1164360 1758.7
1164370 1757.1
1164380 1757.7
1164390 1761.4
1164400 1761.4
1164410 1760.0
1164420 1760.6
1164430 1760.6
1164440 1763.0
1164450 1765.3
1164460 1765.3
1164470 1766.7
1164480 1768.1
1164490 1768.1
1164500 1770.0
1164510 1771.5
1164520 1771.5
1164530 1773.1
1164540 1775.0
1164550 1775.0
1164560 1776.7
1164570 1778.1
1164580 1779.8
1164590 1781.5
1164600 1783.4
1164610 1783.4
1164620 1784.8
1164630 1786.3
1164640 1788.6
1164650 1788.6
1164660 1790.1
1164670 1790.9
1164680 1790.9
1164690 1792.7
1164700 1796.0
1164710 1796.0
1164720 1803.7
1164730 1811.5
1164740 1811.5
1164750 1819.5
1164760 1827.3
1164770 1827.3
1164780 1835.5
1164790 1845.2
1164800 1845.2
1164810 1854.5
1164820 1864.0
1164830 1864.0
1164840 1872.6
1164850 1881.9
1164860 1881.9
1164870 1895.6
1164880 1906.1
1164890 1915.3
1164900 1915.3
1164910 1923.2
1164920 1931.3
1164930 1931.3
1164940 1939.7
1164950 1949.3
1164960 1949.3
1164970 1958.6
1164980 1958.0
1164990 1958.0
1165000 1959.8
1165010 1964.3
1165020 1964.3
1165030 1977.5
1165040 1991.9
1165050 1991.9
1165060 2001.9
1165070 2001.5
1165080 2001.5
1165090 2015.2
1165100 2029.1
1165110 2029.1
1165120 2035.3
1165130 2041.9
1165140 2048.0
1165150 2048.0
1165160 2052.8
1165170 2058.8
1165180 2058.8
1165190 2063.3
1165200 2067.5
1165210 2067.5
1165220 2073.1
1165230 2079.4
1165240 2079.4
1165250 2086.1
1165260 2093.7
1165270 2093.7
1165280 2101.4
1165290 2109.5
1165300 2109.5
1165310 2119.2
1165320 2131.5
1165330 2131.5
1165340 2144.7
1165350 2155.2
1165360 2155.2
1165370 2158.2
1165380 2160.6
1165390 2164.7
1165400 2164.7
1165410 2169.3
1165420 2174.6
1165430 2174.6
1165440 2180.1
1165450 2186.1
1165460 2186.1
1165470 2193.0
1165480 2199.8
1165490 2199.8
1165500 2206.4
1165510 2212.4
1165520 2212.4
1165530 2218.6
1165540 2224.9
1165550 2224.9
1165560 2231.0
1165570 2237.0
1165580 2237.0
1165590 2243.0
1165600 2250.0
1165610 2250.0
1165620 2257.8
1165630 2266.4
1165640 2274.4
1165650 2274.4
1165660 2282.3
1165670 2290.0
1165680 2290.0
1165690 2297.6
1165700 2303.7
1165710 2303.7
1165720 2309.0
1165730 2314.4
1165740 2314.4
1165750 2319.9
1165760 2325.0
1165770 2318.7
1165780 2323.1
1165790 2327.5
1165800 2327.5
1165810 2331.7
1165820 2334.9
1165830 2334.9
1165840 2338.6
1165850 2342.9
1165860 2342.9
1165870 2346.5
1165880 2351.1
1165890 2356.0
1165900 2356.0
1165910 2359.4
1165920 2360.7
1165930 2360.7
1165940 2361.2
1165950 2360.8
1165960 2360.8
1165970 2360.6
1165980 2366.6
1165990 2366.6
1166000 2374.3
1166010 2379.4
1166020 2379.4
1166030 2382.0
1166040 2384.8
1166050 2384.8
1166060 2390.9
1166070 2398.6
1166080 2398.6
1166090 2406.9
1166100 2414.4
1166110 2414.4
1166120 2421.3
1166130 2428.7
1166140 2435.5
1166150 2435.5
1166160 2442.4
1166170 2457.3
1166180 2457.3
1166190 2461.1
1166200 2464.8
1166210 2464.8
1166220 2471.4
1166230 2479.4
1166240 2479.4
1166250 2486.5
1166260 2493.0
1166270 2493.0
1166280 2500.3
1166290 2507.8
1166300 2507.8
1166310 2515.4
1166320 2523.2
1166330 2523.2
1166340 2530.7
1166350 2538.0
1166360 2544.6
1166370 2544.6
1166380 2550.2
1166390 2553.4
1166400 2553.4
1166410 2549.2
1166420 2543.0
1166430 2543.0
1166440 2538.0
1166450 2533.3
1166460 2533.3
1166470 2527.7
1166480 2521.5
1166490 2521.5
1166500 2514.7
1166510 2507.4
1166520 2507.4
1166530 2500.4
1166540 2493.7
1166550 2493.7
1166560 2487.1
1166570 2483.1
1166580 2483.1
1166590 2476.9
1166600 2468.5
1166610 2460.5
1166620 2460.5
1166630 2454.4
1166640 2450.5
1166650 2450.5
1166660 2446.1
1166670 2442.6
1166680 2442.6
1166690 2439.5
1166700 2436.3
1166710 2436.3
1166720 2433.4
1166730 2430.4
1166740 2430.4
1166750 2427.2
1166760 2423.6
1166770 2423.6
1166780 2419.7
1166790 2416.0
1166800 2416.0
1166810 2412.9
1166820 2410.3
1166830 2410.3
1166840 2407.3
1166850 2404.3
1166860 2401.6
1166870 2401.6
1166880 2399.5
1166890 2397.5
1166900 2397.5
1166910 2394.4
1166920 2389.2
1166930 2389.2
1166940 2386.7
1166950 2389.0
1166960 2389.0
1166970 2382.6
1166980 2383.5
1166990 2383.5
1167000 2386.6
1167010 2388.4
1167020 2388.4
1167030 2382.4
1167040 2381.6
1167050 2381.6
1167060 2377.0
1167070 2367.5
1167080 2367.5
1167090 2359.0
1167100 2351.4
1167110 2344.9
1167120 2344.9
1167130 2339.6
1167140 2336.9
1167150 2336.9
1167160 2335.5
1167170 2334.0
1167180 2334.0
1167190 2332.8
1167200 2330.5
1167210 2330.5
1167220 2328.2
1167230 2325.9
1167240 2325.9
1167250 2323.2
1167260 2320.6
1167270 2320.6
1167280 2317.9
1167290 2315.7
1167300 2315.7
1167310 2313.5
1167320 2310.9
1167330 2310.9
1167340 2308.0
1167350 2306.1
1167360 2304.4
1167370 2299.7
1167380 2297.7
1167390 2296.5
1167400 2296.5
1167410 2295.3
1167420 2294.4
1167430 2294.4
1167440 2293.6
1167450 2292.6
1167460 2292.6
1167470 2291.1
1167480 2289.9
1167490 2289.9
1167500 2288.3
1167510 2286.2
1167520 2286.2
1167530 2285.7
1167540 2284.8
1167550 2284.8
1167560 2284.7
1167570 2284.3
1167580 2284.3
1167590 2282.5
1167600 2281.1
1167610 2279.2
1167620 2279.2
1167630 2278.0
1167640 2276.0
1167650 2276.0
1167660 2274.9
1167670 2273.4
1167680 2273.4
1167690 2271.3
1167700 2269.7
1167710 2269.7
1167720 2268.7
1167730 2266.9
1167740 2266.9
1167750 2265.8
1167760 2264.9
1167770 2261.5
1167780 2261.0
1167790 2260.1
1167800 2260.1
1167810 2259.5
1167820 2259.5
1167830 2259.5
1167840 2258.8
1167850 2257.5
1167860 2256.1
1167870 2256.1
1167880 2254.1
1167890 2252.1
1167900 2252.1
1167910 2249.8
1167920 2248.6
1167930 2248.6
1167940 2246.5
1167950 2243.6
1167960 2243.6
1167970 2242.1
1167980 2239.6
1167990 2239.6
1168000 2235.3
1168010 2235.9
1168020 2235.9
1168030 2237.5
1168040 2237.5
1168050 2237.5
1168060 2235.4
1168070 2230.6
1168080 2230.6
1168090 2227.2
1168100 2225.9
1168110 2223.1
1168120 2223.1
1168130 2220.1
1168140 2218.7
1168150 2218.7
1168160 2216.6
1168170 2209.1
1168180 2209.1
1168190 2205.1
1168200 2199.0
1168210 2199.0
1168220 2191.9
1168230 2178.3
1168240 2178.3
1168250 2168.8
1168260 2172.9
1168270 2172.9
1168280 2180.3
1168290 2181.8
1168300 2181.8
1168310 2180.3
1168320 2178.6
1168330 2178.6
1168340 2174.7
1168350 2171.9
1168360 2169.9
1168370 2169.9
1168380 2165.9
1168390 2167.4
1168400 2167.4
1168410 2167.4
1168420 2164.5
1168430 2164.5
1168440 2158.3
1168450 2162.2
1168460 2162.2
1168470 2165.3
1168480 2167.1
1168490 2167.1
1168500 2169.0
1168510 2170.6
1168520 2170.6
1168530 2171.9
1168540 2172.6
1168550 2172.6
1168560 2172.1
1168570 2165.4
1168580 2165.4
1168590 2165.2
1168600 2162.2
1168610 2157.9
1168620 2157.9
1168630 2155.0
1168640 2150.2
1168650 2150.2
1168660 2141.7
1168670 2132.8
1168680 2132.8
1168690 2122.9
1168700 2114.6
1168710 2114.6
1168720 2106.1
1168730 2097.7
1168740 2097.7
1168750 2089.2
1168760 2080.7
1168770 2080.7
1168780 2072.8
1168790 2065.1
1168800 2065.1
1168810 2057.9
1168820 2050.2
1168830 2043.0
1168840 2043.0
1168850 2036.2
1168860 2029.1
1168870 2029.1
1168880 2021.7
1168890 2019.8
1168900 2019.8
1168910 2019.4
1168920 2018.0
1168930 2018.0
1168940 2019.4
1168950 2023.4
1168960 2023.4
1168970 2023.9
1168980 2016.4
1168990 2016.4
1169000 2016.9
1169010 2019.1
1169020 2019.1
1169030 2022.4
1169040 2026.0
1169050 2026.0
1169060 2025.0
1169070 2019.4
1169080 2013.2
1169090 2013.2
1169100 2006.8
1169110 1999.4
1169120 1999.4
1169130 1991.9
1169140 1985.2
1169150 1985.2
1169160 1979.4
1169170 1976.0
1169180 1976.0
1169190 1974.3
1169200 1972.3
1169210 1972.3
1169220 1974.3
1169230 1973.4
1169240 1973.4
1169250 1968.7
1169260 1964.4
1169270 1964.4
1169280 1959.6
1169290 1954.3
1169300 1954.3
1169310 1948.9
1169320 1943.0
1169330 1937.1
1169340 1937.1
1169350 1930.7
1169360 1924.8
1169370 1924.8
1169380 1915.6
1169390 1911.9
1169400 1911.9
1169410 1910.1
1169420 1909.0
1169430 1909.0
1169440 1908.9
1169450 1909.5
1169460 1909.5
1169470 1909.5
1169480 1909.1
1169490 1909.1
1169500 1908.5
1169510 1907.8
1169520 1907.8
1169530 1907.2
1169540 1906.6
1169550 1906.6
1169560 1905.5
1169570 1904.7
1169580 1902.8
1169590 1902.8
1169600 1901.7
1169610 1899.9
1169620 1899.9
1169630 1897.8
1169640 1895.4
1169650 1895.4
1169660 1893.1
1169670 1890.9
1169680 1890.9
1169690 1888.9
1169700 1886.9
1169710 1886.9
1169720 1884.9
1169730 1882.6
1169740 1882.6
1169750 1880.2
1169760 1877.5
1169770 1877.5
1169780 1874.3
1169790 1872.1
1169800 1872.1
1169810 1869.8
1169820 1867.5
1169830 1865.3
1169840 1865.3
1169850 1862.9
1169860 1860.6
1169870 1860.6
1169880 1858.4
1169890 1856.4
1169900 1856.4
1169910 1854.3
1169920 1852.3
1169930 1852.3
1169940 1850.2
1169950 1847.9
1169960 1847.9
1169970 1846.0
1169980 1844.6
1169990 1844.6
1170000 1842.8
1170010 1840.8
1170020 1840.8
1170030 1838.7
1170040 1836.7
1170050 1836.7
1170060 1834.7
1170070 1834.6
1170080 1839.8
1170090 1839.8
1170100 1845.4
1170110 1849.1
1170120 1849.1
1170130 1852.8
1170140 1858.0
1170150 1858.0
1170160 1864.1
1170170 1870.0
1170180 1870.0
1170190 1882.5
1170200 1885.1
1170210 1885.1
1170220 1886.4
1170230 1886.2
1170240 1886.2
1170250 1885.3
1170260 1883.4
1170270 1883.4
1170280 1882.2
1170290 1884.3
1170300 1884.3
1170310 1883.2
1170320 1880.2
1170330 1875.8
1170340 1875.8
1170350 1874.7
1170360 1880.8
1170370 1880.8
1170380 1889.8
1170390 1895.5
1170400 1895.5
1170410 1892.9
1170420 1887.7
1170430 1887.7
1170440 1886.7
1170450 1888.0
1170460 1888.0
1170470 1888.7
1170480 1889.6
1170490 1889.6
1170500 1892.5
1170510 1897.1
1170520 1897.1
1170530 1901.6
1170540 1901.4
1170550 1901.4
1170560 1900.7
1170570 1901.2
1170580 1904.7
1170590 1915.1
1170600 1913.0
1170610 1907.8
1170620 1907.8
1170630 1904.3
1170640 1903.7
1170650 1903.7
1170660 1904.4
1170670 1904.5
1170680 1904.5
1170690 1904.6
1170700 1903.9
1170710 1903.9
1170720 1902.7
1170730 1900.8
1170740 1900.8
1170750 1898.9
1170760 1897.7
1170770 1897.7
1170780 1895.2
1170790 1891.3
1170800 1891.3
1170810 1888.3
1170820 1885.2
1170830 1885.5
1170840 1885.5
1170850 1887.6
1170860 1885.5
1170870 1885.5
1170880 1882.3
1170890 1881.5
1170900 1881.5
1170910 1882.3
1170920 1878.8
1170930 1878.8
1170940 1872.8
1170950 1866.9
1170960 1866.9
1170970 1865.6
1170980 1867.7
1170990 1867.7
1171000 1879.1
1171010 1878.1
1171020 1878.1
1171030 1874.8
1171040 1870.2
1171050 1866.3
1171060 1866.3
1171070 1862.3
1171080 1861.5
1171090 1861.5
1171100 1862.6
1171110 1863.5
1171120 1863.5
1171130 1864.0
1171140 1863.2
1171150 1863.2
1171160 1861.7
1171170 1860.4
1171180 1860.4
1171190 1859.4
1171200 1858.7
1171210 1858.7
1171220 1858.1
1171230 1858.0
1171240 1858.0
1171250 1858.2
1171260 1857.6
1171270 1857.6
1171280 1857.0
1171290 1856.3
1171300 1855.2
1171310 1855.2
1171320 1854.0
1171330 1851.1
1171340 1851.1
1171350 1848.0
1171360 1845.7
1171370 1845.7
1171380 1844.0
1171390 1843.0
1171400 1848.5
1171410 1847.8
1171420 1847.4
1171430 1847.4
1171440 1847.4
1171450 1847.9
1171460 1847.9
1171470 1848.1
1171480 1848.6
1171490 1848.6
1171500 1848.1
1171510 1847.3
1171520 1847.3
1171530 1846.2
1171540 1845.0
1171550 1843.5
1171560 1843.5
1171570 1841.5
1171580 1840.8
1171590 1840.8
1171600 1839.2
1171610 1837.3
1171620 1837.3
1171630 1835.1
1171640 1832.5
1171650 1832.5
1171660 1830.5
1171670 1829.4
1171680 1829.4
1171690 1829.7
1171700 1828.7
1171710 1828.7
1171720 1826.0
1171730 1823.6
1171740 1823.6
1171750 1822.0
1171760 1820.9
1171770 1820.9
1171780 1819.1
1171790 1817.4
1171800 1815.8
1171810 1821.1
1171820 1819.7
1171830 1817.8
1171840 1817.8
1171850 1816.0
1171860 1813.5
1171870 1813.5
1171880 1811.2
1171890 1809.2
1171900 1809.2
1171910 1807.7
1171920 1805.9
1171930 1805.9
1171940 1804.1
1171950 1802.7
1171960 1802.7
1171970 1801.2
1171980 1799.3
1171990 1799.3
1172000 1797.6
1172010 1795.7
1172020 1795.7
1172030 1793.7
1172040 1791.8
1172050 1789.9
1172060 1789.9
1172070 1787.7
1172080 1785.0
1172090 1785.0
1172100 1781.6
1172110 1777.8
1172120 1777.8
1172130 1774.1
1172140 1770.3
1172150 1770.3
1172160 1766.7
1172170 1762.9
1172180 1762.9
1172190 1759.6
1172200 1756.8
1172210 1756.8
1172220 1756.7
1172230 1754.1
1172240 1754.1
1172250 1750.9
1172260 1747.2
1172270 1747.2
1172280 1743.1
1172290 1739.3
1172300 1735.1
1172310 1735.1
1172320 1730.3
1172330 1725.9
1172340 1725.9
1172350 1722.2
1172360 1721.7
1172370 1721.7
1172380 1723.5
1172390 1718.3
1172400 1718.3
1172410 1710.9
1172420 1706.7
1172430 1706.7
1172440 1704.2
1172450 1702.9
1172460 1702.9
1172470 1699.2
1172480 1694.5
1172490 1694.5
1172500 1692.2
1172510 1692.2
1172520 1692.2
1172530 1692.0
1172540 1691.5
1172550 1691.6
1172560 1691.6
1172570 1693.8
1172580 1693.1
1172590 1693.1
1172600 1692.2
1172610 1691.5
1172620 1700.0
1172630 1700.3
1172640 1701.9
1172650 1701.9
1172660 1702.3
1172670 1702.3
1172680 1702.3
1172690 1700.5
1172700 1698.0
1172710 1698.0
1172720 1695.0
1172730 1691.3
1172740 1691.3
1172750 1687.4
1172760 1683.0
1172770 1683.0
1172780 1678.5
1172790 1674.2
1172800 1670.0
1172810 1670.0
1172820 1665.4
1172830 1660.3
1172840 1660.3
1172850 1655.2
1172860 1650.2
1172870 1650.2
1172880 1645.5
1172890 1641.3
1172900 1641.3
1172910 1636.4
1172920 1631.1
1172930 1631.1
1172940 1626.9
1172950 1625.8
1172960 1625.8
1172970 1626.1
1172980 1625.8
1172990 1625.8
1173000 1626.2
1173010 1625.6
1173020 1625.6
1173030 1628.4
1173040 1627.7
1173050 1627.5
1173060 1627.5
1173070 1626.0
1173080 1623.9
1173090 1623.9
1173100 1621.3
1173110 1621.2
1173120 1621.2
1173130 1620.4
1173140 1618.1
1173150 1618.1
1173160 1615.9
1173170 1613.5
1173180 1613.5
1173190 1611.5
1173200 1609.4
1173210 1609.4
1173220 1607.5
1173230 1605.6
1173240 1605.6
1173250 1603.7
1173260 1601.6
1173270 1599.6
1173280 1599.6
1173290 1598.1
1173300 1597.1
1173310 1597.1
1173320 1596.2
1173330 1595.1
1173340 1595.1
1173350 1594.2
1173360 1593.3
1173370 1593.3
1173380 1592.6
1173390 1591.6
1173400 1591.6
1173410 1590.8
1173420 1590.4
1173430 1590.4
1173440 1593.5
1173450 1595.1
1173460 1595.1
1173470 1595.3
1173480 1595.5
1173490 1595.5
1173500 1596.8
1173510 1597.6
1173520 1595.5
1173530 1595.5
1173540 1594.0
1173550 1592.3
1173560 1592.3
1173570 1590.8
1173580 1589.3
1173590 1589.3
1173600 1588.4
1173610 1586.1
1173620 1586.1
1173630 1584.3
1173640 1583.6
1173650 1583.6
1173660 1583.5
1173670 1581.5
1173680 1581.5
1173690 1579.6
1173700 1578.1
1173710 1578.1
1173720 1578.5
1173730 1578.4
1173740 1578.4
1173750 1578.3
1173760 1578.6
1173770 1578.5
1173780 1578.5
1173790 1578.8
1173800 1578.5
1173810 1578.5
1173820 1578.6
1173830 1578.9
1173840 1578.9
1173850 1581.2
1173860 1579.6
1173870 1579.6
1173880 1575.0
1173890 1565.6
1173900 1565.6
1173910 1558.8
1173920 1557.1
1173930 1557.1
1173940 1556.5
1173950 1557.4
1173960 1557.4
1173970 1559.1
1173980 1563.2
1173990 1563.2
1174000 1565.6
1174010 1564.2
1174020 1562.3
1174030 1562.3
1174040 1562.0
1174050 1562.4
1174060 1562.4
1174070 1562.8
1174080 1561.8
1174090 1561.8
1174100 1560.8
1174110 1560.1
1174120 1560.1
1174130 1559.5
1174140 1559.6
1174150 1559.6
1174160 1559.0
1174170 1559.1
1174180 1559.1
1174190 1559.8
1174200 1560.2
1174210 1560.2
1174220 1560.0
1174230 1560.9
1174240 1560.9
1174250 1561.7
1174260 1560.0
1174270 1560.5
1174280 1560.5
1174290 1560.7
1174300 1561.1
1174310 1561.1
1174320 1561.9
1174330 1562.3
1174340 1562.3
1174350 1563.4
1174360 1565.3
1174370 1565.3
1174380 1567.5
1174390 1568.6
1174400 1568.6
1174410 1570.1
1174420 1570.6
1174430 1570.6
1174440 1571.7
1174450 1574.3
1174460 1574.3
1174470 1574.2
1174480 1575.2
1174490 1575.2
1174500 1577.1
1174510 1579.1
1174520 1581.3
1174530 1581.3
1174540 1583.6
1174550 1587.1
1174560 1587.1
1174570 1590.4
1174580 1593.2
1174590 1593.2
1174600 1596.3
1174610 1599.0
1174620 1599.0
1174630 1601.3
1174640 1604.9
1174650 1604.9
1174660 1607.6
1174670 1605.0
1174680 1605.0
1174690 1606.4
1174700 1607.7
1174710 1607.7
1174720 1609.7
1174730 1611.6
1174740 1611.6
1174750 1612.3
1174760 1613.6
1174770 1614.7
1174780 1614.7
1174790 1617.4
1174800 1620.8
1174810 1620.8
1174820 1624.3
1174830 1627.8
1174840 1627.8
1174850 1631.6
1174860 1635.4
1174870 1635.4
1174880 1639.3
1174890 1643.6
1174900 1643.6
1174910 1647.2
1174920 1650.4
1174930 1650.4
1174940 1653.9
1174950 1657.8
1174960 1657.8
1174970 1661.6
1174980 1665.3
1174990 1665.3
1175000 1668.7
1175010 1672.4
1175020 1676.1
1175030 1676.1
1175040 1679.4
1175050 1682.6
1175060 1682.6
1175070 1685.7
1175080 1686.4
1175090 1686.4
1175100 1689.8
1175110 1693.8
1175120 1693.8
1175130 1699.2
1175140 1705.1
1175150 1705.1
1175160 1711.0
1175170 1714.6
1175180 1714.6
1175190 1717.2
1175200 1720.7
1175210 1720.7
1175220 1725.1
1175230 1729.1
1175240 1729.1
1175250 1731.9
1175260 1734.0
1175270 1732.7
1175280 1732.7
1175290 1730.7
1175300 1729.0
1175310 1729.0
1175320 1728.5
1175330 1729.2
1175340 1729.2
1175350 1727.7
1175360 1726.7
1175370 1726.7
1175380 1731.0
1175390 1733.4
1175400 1733.4
1175410 1737.3
1175420 1741.4
1175430 1741.4
1175440 1742.9
1175450 1745.8
1175460 1745.8
1175470 1748.0
1175480 1748.1
1175490 1740.3
1175500 1740.3
1175510 1744.4
1175520 1751.1
1175530 1751.1
1175540 1758.8
1175550 1767.7
1175560 1767.7
1175570 1774.8
1175580 1781.2
1175590 1781.2
1175600 1787.4
1175610 1793.0
1175620 1793.0
1175630 1797.9
1175640 1801.8
1175650 1801.8
1175660 1806.1
1175670 1813.0
1175680 1813.0
1175690 1820.2
1175700 1826.6
1175710 1826.6
1175720 1833.0
1175730 1839.4
1175740 1845.9
1175750 1845.9
1175760 1852.6
1175770 1859.6
1175780 1859.6
1175790 1867.0
1175800 1874.7
1175810 1874.7
1175820 1882.4
1175830 1888.5
1175840 1888.5
1175850 1893.1
1175860 1897.2
1175870 1897.2
1175880 1901.6
1175890 1905.9
1175900 1907.8
1175910 1912.1
1175920 1916.2
1175930 1916.2
1175940 1920.7
1175950 1925.4
1175960 1925.4
1175970 1930.0
1175980 1934.6
1175990 1939.2
1176000 1939.2
1176010 1943.8
1176020 1948.4
1176030 1948.4
1176040 1953.1
1176050 1957.5
1176060 1957.5
1176070 1961.9
1176080 1966.3
1176090 1966.3
1176100 1971.2
1176110 1977.8
1176120 1977.8
1176130 1983.6
1176140 1988.5
1176150 1988.5
1176160 1993.2
1176170 1998.1
1176180 1998.1
1176190 2001.4
1176200 2003.4
1176210 2003.4
1176220 2007.6
1176230 2012.3
1176240 2016.9
1176250 2016.9
1176260 2021.7
1176270 2026.7
1176280 2026.7
1176290 2032.1
1176300 2037.5
1176310 2039.4
1176320 2045.0
1176330 2050.8
1176340 2050.8
1176350 2056.9
1176360 2062.9
1176370 2062.9
1176380 2068.8
1176390 2074.5
1176400 2074.5
1176410 2080.0
1176420 2085.3
1176430 2085.3
1176440 2090.8
1176450 2095.6
1176460 2095.6
1176470 2100.6
1176480 2105.1
1176490 2109.3
1176500 2109.3
1176510 2115.2
1176520 2122.3
1176530 2122.3
1176540 2128.8
1176550 2135.6
1176560 2135.6
1176570 2142.8
1176580 2149.9
1176590 2149.9
1176600 2157.5
1176610 2165.5
1176620 2165.5
1176630 2172.6
1176640 2179.0
1176650 2179.0
1176660 2184.7
1176670 2189.9
1176680 2189.9
1176690 2194.3
1176700 2198.3
1176710 2198.3
1176720 2211.4
1176730 2214.9
1176740 2217.5
1176750 2217.5
1176760 2219.3
1176770 2220.0
1176780 2220.0
1176790 2220.2
1176800 2223.1
1176810 2223.1
1176820 2224.0
1176830 2223.9
1176840 2223.9
1176850 2222.0
1176860 2223.6
1176870 2223.6
1176880 2225.4
1176890 2226.7
1176900 2226.7
1176910 2227.7
1176920 2228.3
1176930 2228.3
1176940 2229.3
1176950 2229.4
1176960 2229.4
1176970 2227.7
1176980 2230.0
1176990 2231.3
1177000 2231.3
1177010 2231.3
1177020 2230.7
1177030 2230.7
1177040 2229.7
1177050 2229.7
1177060 2229.7
1177070 2230.9
1177080 2231.2
1177090 2231.2
1177100 2226.9
1177110 2228.0
1177120 2228.0
1177130 2227.6
1177140 2233.3
1177150 2233.3
1177160 2224.9
1177170 2221.0
1177180 2221.0
1177190 2217.3
1177200 2211.8
1177210 2211.8
1177220 2210.0
1177230 2208.3
1177240 2203.7
1177250 2203.7
1177260 2198.1
1177270 2190.9
1177280 2190.9
1177290 2189.6
1177300 2196.9
1177310 2196.9
1177320 2203.2
1177330 2211.4
1177340 2211.4
1177350 2207.5
1177360 2202.9
1177370 2202.9
1177380 2209.1
1177390 2212.4
1177400 2212.4
1177410 2212.8
1177420 2208.3
1177430 2208.3
1177440 2196.3
1177450 2189.8
1177460 2189.8
1177470 2203.0
1177480 2208.2
1177490 2207.0
1177500 2207.0
1177510 2208.3
1177520 2204.4
1177530 2204.4
1177540 2194.1
1177550 2196.6
1177560 2196.6
1177570 2184.2
1177580 2177.5
1177590 2177.5
1177600 2171.5
1177610 2163.7
1177620 2163.7
1177630 2162.2
1177640 2165.4
1177650 2165.4
1177660 2162.9
1177670 2158.6
1177680 2158.6
1177690 2155.4
1177700 2152.7
1177710 2152.3
1177720 2152.3
1177730 2153.3
1177740 2154.0
1177750 2154.0
1177760 2153.5
1177770 2153.9
1177780 2153.9
1177790 2155.5
1177800 2155.2
1177810 2155.2
1177820 2154.7
1177830 2152.9
1177840 2152.9
1177850 2148.8
1177860 2147.0
1177870 2147.0
1177880 2149.7
1177890 2149.2
1177900 2149.2
1177910 2143.9
1177920 2139.7
1177930 2139.7
1177940 2139.6
1177950 2139.6
1177960 2137.5
1177970 2146.6
1177980 2145.6
1177990 2144.9
1178000 2144.9
1178010 2143.7
1178020 2142.2
1178030 2142.2
1178040 2140.6
1178050 2138.0
1178060 2138.0
1178070 2136.5
1178080 2136.3
1178090 2136.3
1178100 2135.8
1178110 2134.2
1178120 2134.2
1178130 2131.7
1178140 2129.1
1178150 2129.1
1178160 2127.3
1178170 2126.2
1178180 2126.2
1178190 2125.4
1178200 2123.5
1178210 2121.7
1178220 2121.7
1178230 2120.9
1178240 2120.9
1178250 2120.9
1178260 2120.6
1178270 2120.0
1178280 2120.0
1178290 2118.4
1178300 2117.0
1178310 2117.0
1178320 2116.7
1178330 2117.5
1178340 2117.5
1178350 2117.5
1178360 2115.7
1178370 2115.7
1178380 2125.8
1178390 2125.6
1178400 2125.6
1178410 2121.5
1178420 2115.6
1178430 2115.6
1178440 2111.6
1178450 2108.6
1178460 2103.3
1178470 2103.3
1178480 2098.7
1178490 2093.4
1178500 2093.4
1178510 2087.7
1178520 2081.7
1178530 2081.7
1178540 2077.1
1178550 2074.4
1178560 2074.4
1178570 2075.0
1178580 2080.1
1178590 2080.1
1178600 2083.9
1178610 2084.1
1178620 2084.1
1178630 2082.5
1178640 2082.8
1178650 2082.8
1178660 2086.5
1178670 2090.7
1178680 2090.7
1178690 2093.9
1178700 2092.4
1178710 2089.7
1178720 2089.7
1178730 2087.1
1178740 2086.6
1178750 2086.6
1178760 2087.1
1178770 2088.2
1178780 2088.2
1178790 2085.9
1178800 2089.7
1178810 2089.7
1178820 2087.9
1178830 2087.7
1178840 2087.7
1178850 2090.4
1178860 2093.8
1178870 2093.8
1178880 2092.3
1178890 2087.9
1178900 2087.9
1178910 2080.2
1178920 2073.2
1178930 2073.2
1178940 2066.3
1178950 2061.8
1178960 2055.9
1178970 2055.9
1178980 2048.9
1178990 2044.4
1179000 2044.4
1179010 2040.7
1179020 2038.0
1179030 2038.0
1179040 2035.2
1179050 2031.9
1179060 2031.9
1179070 2028.8
1179080 2026.7
1179090 2026.7
1179100 2025.3
1179110 2025.0
1179120 2025.0
1179130 2024.6
1179140 2024.9
1179150 2024.9
1179160 2025.0
1179170 2024.4
1179180 2024.4
1179190 2024.0
1179200 2023.1
1179210 2026.9
1179220 2026.9
1179230 2024.7
1179240 2022.4
1179250 2022.4
1179260 2019.6
1179270 2017.4
1179280 2017.4
1179290 2015.6
1179300 2013.6
1179310 2013.6
1179320 2011.9
1179330 2009.8
1179340 2009.8
1179350 2009.9
1179360 2007.1
1179370 2007.1
1179380 2002.4
1179390 1999.8
1179400 1999.8
1179410 1996.7
1179420 1994.0
1179430 1994.0
1179440 1990.5
1179450 1985.4
1179460 1984.2
1179470 1984.2
1179480 1983.1
1179490 1979.9
1179500 1979.9
1179510 1977.9
1179520 1977.6
1179530 1977.6
1179540 1975.5
1179550 1972.2
1179560 1972.2
1179570 1967.0
1179580 1961.2
1179590 1961.2
1179600 1959.0
1179610 1957.2
1179620 1957.2
1179630 1965.6
1179640 1969.3
1179650 1969.3
1179660 1970.0
1179670 1968.1
1179680 1966.4
1179690 1966.4
1179700 1964.1
1179710 1961.7
1179720 1961.7
1179730 1958.2
1179740 1955.0
1179750 1955.0
1179760 1951.6
1179770 1948.6
1179780 1948.6
1179790 1945.9
1179800 1943.1
1179810 1943.1
1179820 1935.4
1179830 1924.4
1179840 1924.4
1179850 1920.3
1179860 1916.5
1179870 1916.5
1179880 1916.8
1179890 1913.2
1179900 1913.2
1179910 1911.0
1179920 1908.0
1179930 1900.4
1179940 1900.4
1179950 1892.5
1179960 1881.6
1179970 1881.6
1179980 1866.3
1179990 1867.2
