1160000 2606.1
1160010 2613.8
1160020 2619.2
1160030 2619.2
1160040 2622.6
1160050 2624.8
1160060 2624.8
1160070 2626.4
1160080 2628.8
1160090 2631.4
1160100 2631.4
1160110 2633.9
1160120 2638.7
1160130 2638.7
1160140 2646.8
1160150 2660.4
1160160 2660.4
1160170 2672.3
1160180 2686.1
1160190 2699.7
1160200 2703.5
1160210 2707.9
1160220 2707.9
1160230 2712.1
1160240 2716.1
1160250 2716.1
1160260 2720.3
1160270 2724.6
1160280 2724.6
1160290 2729.6
1160300 2734.7
1160310 2734.7
1160320 2739.8
1160330 2745.0
1160340 2750.2
1160350 2750.2
1160360 2755.8
1160370 2761.6
1160380 2761.6
1160390 2767.4
1160400 2773.3
1160410 2773.3
1160420 2778.1
1160430 2782.3
1160440 2782.3
1160450 2786.0
1160460 2789.0
1160470 2789.0
1160480 2791.3
1160490 2794.2
1160500 2794.2
1160510 2796.4
1160520 2799.0
1160530 2799.0
1160540 2803.3
1160550 2808.4
1160560 2808.4
1160570 2809.5
1160580 2800.5
1160590 2788.8
1160600 2788.8
1160610 2784.2
1160620 2779.8
1160630 2779.8
1160640 2775.8
1160650 2771.9
1160660 2771.9
1160670 2767.5
1160680 2762.0
1160690 2762.0
1160700 2756.6
1160710 2745.8
1160720 2745.8
1160730 2736.2
1160740 2728.5
1160750 2728.5
1160760 2717.8
1160770 2707.3
1160780 2707.3
1160790 2688.6
1160800 2672.4
1160810 2672.4
1160820 2655.1
1160830 2632.7
1160840 2615.7
1160850 2615.7
1160860 2607.2
1160870 2597.4
1160880 2597.4
1160890 2583.1
1160900 2571.4
1160910 2571.4
1160920 2561.1
1160930 2543.7
1160940 2543.7
1160950 2528.5
1160960 2515.1
1160970 2515.1
1160980 2499.4
1160990 2494.2
1161000 2494.2
1161010 2487.3
1161020 2478.4
1161030 2478.4
1161040 2469.3
1161050 2462.6
1161060 2462.6
1161070 2453.1
1161080 2445.7
1161090 2441.1
1161100 2441.1
1161110 2434.8
1161120 2425.3
1161130 2425.3
1161140 2417.2
1161150 2409.7
1161160 2409.7
1161170 2403.4
1161180 2398.4
1161190 2398.4
1161200 2393.3
1161210 2388.9
1161220 2388.9
1161230 2384.2
1161240 2379.2
1161250 2379.2
1161260 2373.7
1161270 2367.9
1161280 2367.9
1161290 2360.8
1161300 2350.5
1161310 2350.5
1161320 2341.9
1161330 2332.0
1161340 2326.0
1161350 2326.0
1161360 2321.6
1161370 2313.9
1161380 2313.9
1161390 2310.0
1161400 2304.8
1161410 2304.8
1161420 2298.2
1161430 2291.4
1161440 2291.4
1161450 2284.9
1161460 2279.9
1161470 2279.9
1161480 2275.5
1161490 2271.0
1161500 2271.0
1161510 2266.1
1161520 2261.3
1161530 2261.3
1161540 2256.7
1161550 2253.0
1161560 2253.0
1161570 2250.2
1161580 2246.4
1161590 2240.6
1161600 2240.6
1161610 2234.6
1161620 2229.2
1161630 2229.2
1161640 2222.9
1161650 2217.4
1161660 2217.4
1161670 2212.2
1161680 2207.8
1161690 2207.8
1161700 2204.3
1161710 2201.2
1161720 2201.2
1161730 2198.6
1161740 2195.8
1161750 2195.8
1161760 2192.5
1161770 2184.8
1161780 2184.8
1161790 2178.7
1161800 2170.3
1161810 2162.1
1161820 2162.1
1161830 2154.8
1161840 2148.2
1161850 2148.2
1161860 2142.4
1161870 2137.7
1161880 2137.7
1161890 2133.4
1161900 2129.0
1161910 2129.0
1161920 2124.5
1161930 2119.9
1161940 2119.9
1161950 2118.4
1161960 2117.3
1161970 2117.3
1161980 2115.9
1161990 2114.5
1162000 2114.5
1162010 2113.2
1162020 2112.1
1162030 2112.1
1162040 2110.5
1162050 2108.9
1162060 2106.9
1162070 2106.9
1162080 2104.9
1162090 2103.6
1162100 2103.6
1162110 2102.1
1162120 2100.6
1162130 2100.6
1162140 2098.9
1162150 2096.9
1162160 2096.2
1162170 2094.6
1162180 2092.5
1162190 2092.5
1162200 2090.2
1162210 2088.3
1162220 2088.3
1162230 2086.7
1162240 2085.6
1162250 2085.6
1162260 2085.1
1162270 2085.2
1162280 2085.2
1162290 2085.5
1162300 2086.7
1162310 2087.4
1162320 2087.4
1162330 2086.7
1162340 2085.5
1162350 2085.5
1162360 2084.5
1162370 2084.0
1162380 2084.0
1162390 2083.7
1162400 2084.2
1162410 2084.2
1162420 2084.8
1162430 2084.7
1162440 2084.7
1162450 2084.0
1162460 2082.1
1162470 2082.1
1162480 2078.9
1162490 2075.6
1162500 2075.6
1162510 2072.1
1162520 2067.1
1162530 2067.1
1162540 2061.6
1162550 2065.8
1162560 2060.1
1162570 2060.1
1162580 2055.3
1162590 2050.9
1162600 2050.9
1162610 2045.9
1162620 2041.8
1162630 2041.8
1162640 2037.8
1162650 2032.9
1162660 2032.9
1162670 2028.3
1162680 2025.1
1162690 2025.1
1162700 2021.1
1162710 2017.1
1162720 2017.1
1162730 2012.9
1162740 2008.4
1162750 2008.4
1162760 2003.9
1162770 1999.5
1162780 1999.5
1162790 1994.6
1162800 1988.9
1162810 1983.4
1162820 1983.4
1162830 1977.8
1162840 1970.3
1162850 1970.3
1162860 1959.0
1162870 1951.9
1162880 1951.9
1162890 1944.7
1162900 1935.9
1162910 1935.9
1162920 1929.1
1162930 1925.1
1162940 1925.1
1162950 1922.2
1162960 1918.6
1162970 1918.6
1162980 1916.6
1162990 1917.1
1163000 1917.1
1163010 1919.1
1163020 1922.1
1163030 1922.1
1163040 1923.6
1163050 1924.8
1163060 1924.5
1163070 1924.5
1163080 1924.1
1163090 1923.2
1163100 1923.2
1163110 1922.2
1163120 1919.9
1163130 1919.9
1163140 1916.9
1163150 1914.1
1163160 1914.1
1163170 1911.5
1163180 1909.1
1163190 1909.1
1163200 1907.8
1163210 1906.6
1163220 1906.6
1163230 1904.1
1163240 1903.0
1163250 1903.0
1163260 1902.0
1163270 1900.7
1163280 1900.7
1163290 1898.6
1163300 1896.3
1163310 1894.2
1163320 1894.2
1163330 1892.2
1163340 1884.0
1163350 1884.0
1163360 1882.8
1163370 1881.9
1163380 1881.9
1163390 1880.7
1163400 1879.3
1163410 1879.3
1163420 1877.2
1163430 1875.6
1163440 1875.6
1163450 1875.7
1163460 1874.5
1163470 1874.5
1163480 1873.5
1163490 1872.5
1163500 1872.5
1163510 1871.4
1163520 1870.1
1163530 1870.1
1163540 1869.5
1163550 1868.8
1163560 1868.5
1163570 1868.5
1163580 1869.2
1163590 1869.1
1163600 1869.1
1163610 1868.4
1163620 1866.9
1163630 1866.9
1163640 1867.0
1163650 1867.0
1163660 1867.0
1163670 1865.4
1163680 1863.6
1163690 1863.6
1163700 1862.8
1163710 1863.0
1163720 1863.0
1163730 1863.3
1163740 1854.9
1163750 1854.9
1163760 1853.6
1163770 1852.1
1163780 1852.1
1163790 1850.2
1163800 1847.6
1163810 1844.9
1163820 1844.9
1163830 1841.6
1163840 1837.6
1163850 1837.6
1163860 1832.6
1163870 1826.2
1163880 1826.2
1163890 1820.1
1163900 1814.6
1163910 1814.6
1163920 1809.8
1163930 1804.8
1163940 1804.8
1163950 1798.0
1163960 1790.8
1163970 1790.8
1163980 1782.1
1163990 1773.0
1164000 1773.0
1164010 1763.5
1164020 1748.6
1164030 1748.6
1164040 1736.4
1164050 1733.7
1164060 1728.2
1164070 1728.2
1164080 1723.7
1164090 1725.3
1164100 1725.3
1164110 1725.4
1164120 1723.3
1164130 1723.3
1164140 1704.0
1164150 1689.5
1164160 1689.5
1164170 1670.9
1164180 1648.5
1164190 1648.5
1164200 1626.2
1164210 1614.0
1164220 1614.0
1164230 1605.6
1164240 1604.8
1164250 1604.8
1164260 1606.2
1164270 1607.7
1164280 1607.7
1164290 1609.2
1164300 1611.6
1164310 1614.3
1164320 1614.3
1164330 1618.4
1164340 1624.0
1164350 1624.0
1164360 1635.3
1164370 1643.1
1164380 1643.1
1164390 1653.4
1164400 1667.6
1164410 1667.6
1164420 1679.7
1164430 1693.2
1164440 1693.2
1164450 1705.4
1164460 1716.5
1164470 1716.5
1164480 1727.9
1164490 1737.8
1164500 1737.8
1164510 1744.1
1164520 1747.0
1164530 1737.0
1164540 1742.1
1164550 1749.4
1164560 1757.9
1164570 1757.9
1164580 1767.2
1164590 1775.3
1164600 1775.3
1164610 1783.4
1164620 1792.3
1164630 1792.3
1164640 1802.2
1164650 1816.4
1164660 1816.4
1164670 1827.9
1164680 1834.6
1164690 1834.6
1164700 1838.4
1164710 1838.0
1164720 1838.0
1164730 1837.7
1164740 1838.8
1164750 1838.8
1164760 1840.6
1164770 1843.2
1164780 1843.2
1164790 1847.1
1164800 1851.6
1164810 1856.7
1164820 1856.7
1164830 1863.5
1164840 1871.9
1164850 1871.9
1164860 1877.6
1164870 1886.8
1164880 1886.8
1164890 1897.6
1164900 1901.6
1164910 1901.6
1164920 1905.5
1164930 1918.7
1164940 1918.7
1164950 1921.6
1164960 1921.8
1164970 1921.8
1164980 1922.5
1164990 1925.3
1165000 1925.3
1165010 1930.1
1165020 1935.1
1165030 1935.1
1165040 1941.5
1165050 1947.7
1165060 1955.1
1165070 1955.1
1165080 1962.2
1165090 1968.1
1165100 1968.1
1165110 1973.9
1165120 1977.8
1165130 1977.8
1165140 1981.2
1165150 1984.7
1165160 1984.7
1165170 1988.0
1165180 1991.6
1165190 1991.6
1165200 1995.6
1165210 2000.4
1165220 2000.4
1165230 2005.4
1165240 2011.7
1165250 2011.7
1165260 2020.8
1165270 2029.3
1165280 2029.3
1165290 2036.7
1165300 2044.5
1165310 2058.6
1165320 2058.6
1165330 2094.5
1165340 2106.2
1165350 2106.2
1165360 2109.3
1165370 2114.2
1165380 2114.2
1165390 2119.4
1165400 2125.9
1165410 2125.9
1165420 2131.4
1165430 2137.9
1165440 2137.9
1165450 2146.0
1165460 2158.8
1165470 2158.8
1165480 2175.1
1165490 2187.0
1165500 2187.0
1165510 2197.2
1165520 2206.4
1165530 2206.4
1165540 2215.0
1165550 2223.7
1165560 2232.0
1165570 2232.0
1165580 2240.2
1165590 2248.7
1165600 2248.7
1165610 2256.9
1165620 2264.2
1165630 2264.2
1165640 2272.5
1165650 2281.6
1165660 2281.6
1165670 2289.4
1165680 2297.2
1165690 2297.2
1165700 2305.2
1165710 2317.9
1165720 2317.9
1165730 2356.0
1165740 2359.4
1165750 2359.4
1165760 2359.5
1165770 2368.7
1165780 2368.7
1165790 2380.2
1165800 2387.1
1165810 2386.6
1165820 2386.6
1165830 2382.9
1165840 2384.0
1165850 2384.0
1165860 2390.9
1165870 2400.2
1165880 2400.2
1165890 2409.2
1165900 2415.7
1165910 2415.7
1165920 2418.2
1165930 2418.4
1165940 2418.4
1165950 2422.7
1165960 2428.9
1165970 2428.9
1165980 2435.7
1165990 2442.6
1166000 2442.6
1166010 2450.4
1166020 2457.5
1166030 2457.5
1166040 2464.1
1166050 2471.4
1166060 2478.8
1166070 2478.8
1166080 2486.2
1166090 2498.5
1166100 2498.5
1166110 2515.0
1166120 2528.2
1166130 2534.3
1166140 2546.6
1166150 2557.6
1166160 2557.6
1166170 2568.2
1166180 2580.0
1166190 2580.0
1166200 2581.9
1166210 2581.3
1166220 2581.3
1166230 2574.8
1166240 2568.5
1166250 2568.5
1166260 2562.2
1166270 2547.8
1166280 2547.8
1166290 2537.2
1166300 2532.0
1166310 2523.9
1166320 2523.9
1166330 2514.9
1166340 2499.0
1166350 2499.0
1166360 2482.0
1166370 2470.8
1166380 2470.8
1166390 2459.5
1166400 2443.1
1166410 2443.1
1166420 2425.7
1166430 2409.0
1166440 2409.0
1166450 2398.1
1166460 2389.2
1166470 2389.2
1166480 2382.6
1166490 2376.4
1166500 2376.4
1166510 2369.4
1166520 2367.0
1166530 2373.2
1166540 2368.6
1166550 2363.7
1166560 2359.0
1166570 2359.0
1166580 2357.1
1166590 2354.8
1166600 2354.8
1166610 2351.6
1166620 2348.8
1166630 2348.8
1166640 2345.9
1166650 2343.0
1166660 2343.0
1166670 2340.1
1166680 2337.1
1166690 2337.1
1166700 2334.8
1166710 2333.6
1166720 2333.6
1166730 2332.4
1166740 2330.4
1166750 2330.4
1166760 2328.7
1166770 2327.3
1166780 2327.3
1166790 2325.5
1166800 2323.3
1166810 2321.6
1166820 2321.6
1166830 2320.3
1166840 2319.5
1166850 2319.5
1166860 2318.9
1166870 2318.1
1166880 2318.1
1166890 2317.5
1166900 2317.5
1166910 2317.5
1166920 2319.1
1166930 2327.5
1166940 2327.5
1166950 2329.9
1166960 2333.0
1166970 2333.0
1166980 2336.3
1166990 2339.6
1167000 2339.6
1167010 2343.8
1167020 2348.0
1167030 2348.0
1167040 2352.4
1167050 2356.7
1167060 2360.4
1167070 2360.4
1167080 2365.1
1167090 2369.3
1167100 2369.3
1167110 2373.6
1167120 2377.3
1167130 2377.3
1167140 2380.9
1167150 2384.5
1167160 2384.5
1167170 2400.3
1167180 2428.2
1167190 2428.2
1167200 2443.2
1167210 2453.6
1167220 2453.6
1167230 2456.0
1167240 2454.1
1167250 2454.1
1167260 2456.0
1167270 2454.7
1167280 2454.7
1167290 2453.1
1167300 2449.6
1167310 2445.3
1167320 2445.3
1167330 2451.1
1167340 2450.2
1167350 2450.2
1167360 2448.4
1167370 2446.8
1167380 2446.8
1167390 2447.8
1167400 2449.2
1167410 2449.2
1167420 2452.5
1167430 2457.7
1167440 2457.7
1167450 2461.1
1167460 2463.6
1167470 2463.6
1167480 2465.8
1167490 2467.5
1167500 2467.5
1167510 2469.5
1167520 2470.0
1167530 2470.0
1167540 2468.9
1167550 2468.2
1167560 2468.0
1167570 2468.0
1167580 2468.6
1167590 2468.2
1167600 2468.2
1167610 2466.2
1167620 2460.4
1167630 2460.4
1167640 2454.7
1167650 2449.9
1167660 2449.9
1167670 2445.3
1167680 2440.3
1167690 2440.3
1167700 2436.0
1167710 2431.4
1167720 2431.4
1167730 2428.2
1167740 2426.6
1167750 2426.6
1167760 2426.7
1167770 2426.8
1167780 2426.8
1167790 2426.8
1167800 2427.6
1167810 2428.2
1167820 2428.2
1167830 2430.0
1167840 2434.4
1167850 2434.4
1167860 2439.9
1167870 2445.6
1167880 2445.6
1167890 2451.4
1167900 2457.4
1167910 2457.4
1167920 2463.0
1167930 2468.5
1167940 2468.5
1167950 2474.0
1167960 2479.7
1167970 2479.7
1167980 2485.7
1167990 2491.6
1168000 2491.6
1168010 2497.4
1168020 2503.2
1168030 2503.2
1168040 2508.9
1168050 2514.8
1168060 2522.0
1168070 2522.0
1168080 2535.4
1168090 2547.6
1168100 2547.6
1168110 2554.4
1168120 2561.6
1168130 2559.7
1168140 2568.1
1168150 2579.2
1168160 2579.2
1168170 2592.1
1168180 2602.7
1168190 2602.7
1168200 2615.9
1168210 2625.5
1168220 2625.5
1168230 2632.6
1168240 2640.3
1168250 2640.3
1168260 2648.5
1168270 2657.7
1168280 2657.7
1168290 2668.3
1168300 2679.5
1168310 2681.3
1168320 2681.3
1168330 2672.0
1168340 2659.7
1168350 2659.7
1168360 2661.4
1168370 2662.4
1168380 2662.4
1168390 2657.6
1168400 2649.7
1168410 2649.7
1168420 2634.4
1168430 2616.6
1168440 2616.6
1168450 2606.1
1168460 2596.5
1168470 2596.5
1168480 2592.6
1168490 2584.0
1168500 2584.0
1168510 2567.5
1168520 2553.4
1168530 2546.5
1168540 2538.8
1168550 2532.6
1168560 2525.9
1168570 2525.9
1168580 2519.2
1168590 2512.9
1168600 2512.9
1168610 2506.6
1168620 2500.2
1168630 2500.2
1168640 2493.6
1168650 2487.1
1168660 2487.1
1168670 2480.6
1168680 2473.8
1168690 2473.8
1168700 2464.8
1168710 2454.2
1168720 2454.2
1168730 2446.4
1168740 2436.7
1168750 2436.7
1168760 2429.0
1168770 2421.4
1168780 2421.4
1168790 2414.8
1168800 2408.5
1168810 2402.5
1168820 2402.5
1168830 2397.0
1168840 2391.8
1168850 2391.8
1168860 2386.1
1168870 2379.8
1168880 2379.8
1168890 2373.9
1168900 2368.8
1168910 2368.8
1168920 2363.0
1168930 2359.3
1168940 2359.3
1168950 2352.4
1168960 2346.3
1168970 2346.3
1168980 2340.5
1168990 2335.3
1169000 2335.3
1169010 2331.0
1169020 2326.8
1169030 2326.8
1169040 2321.3
1169050 2315.2
1169060 2309.1
1169070 2309.1
1169080 2303.1
1169090 2297.5
1169100 2297.5
1169110 2291.7
1169120 2286.9
1169130 2286.9
1169140 2281.7
1169150 2273.0
1169160 2273.0
1169170 2262.3
1169180 2253.1
1169190 2253.1
1169200 2245.2
1169210 2238.6
1169220 2238.6
1169230 2232.2
1169240 2225.1
1169250 2225.1
1169260 2219.6
1169270 2215.0
1169280 2215.0
1169290 2210.7
1169300 2206.7
1169310 2202.6
1169320 2202.6
1169330 2197.0
1169340 2193.4
1169350 2193.4
1169360 2189.9
1169370 2186.5
1169380 2186.5
1169390 2183.0
1169400 2179.3
1169410 2179.3
1169420 2175.8
1169430 2172.6
1169440 2172.6
1169450 2170.2
1169460 2168.7
1169470 2168.7
1169480 2167.6
1169490 2167.4
1169500 2167.4
1169510 2169.1
1169520 2167.8
1169530 2163.5
1169540 2163.5
1169550 2162.1
1169560 2162.5
1169570 2162.5
1169580 2163.0
1169590 2163.0
1169600 2163.0
1169610 2160.5
1169620 2156.1
1169630 2156.1
1169640 2152.8
1169650 2150.2
1169660 2150.2
1169670 2150.4
1169680 2155.2
1169690 2155.2
1169700 2159.4
1169710 2157.4
1169720 2157.4
1169730 2153.6
1169740 2146.1
1169750 2146.1
1169760 2146.7
1169770 2149.3
1169780 2151.2
1169790 2151.2
1169800 2153.7
1169810 2157.0
1169820 2157.0
1169830 2159.6
1169840 2161.9
1169850 2161.9
1169860 2162.9
1169870 2168.5
1169880 2168.5
1169890 2173.8
1169900 2183.0
1169910 2183.0
1169920 2190.2
1169930 2193.8
1169940 2193.8
1169950 2195.3
1169960 2196.8
1169970 2196.8
1169980 2203.5
1169990 2212.4
1170000 2212.4
1170010 2215.3
1170020 2214.5
1170030 2211.2
1170040 2211.2
1170050 2208.7
1170060 2207.6
1170070 2207.6
1170080 2204.8
1170090 2200.7
1170100 2200.7
1170110 2195.5
1170120 2188.8
1170130 2188.8
1170140 2183.3
1170150 2176.5
1170160 2176.5
1170170 2170.2
1170180 2164.4
1170190 2164.4
1170200 2159.5
1170210 2154.6
1170220 2154.6
1170230 2150.4
1170240 2147.8
1170250 2147.8
1170260 2145.9
1170270 2142.7
1170280 2139.4
1170290 2139.4
1170300 2137.6
1170310 2135.2
1170320 2135.2
1170330 2132.3
1170340 2129.8
1170350 2129.8
1170360 2128.0
1170370 2125.5
1170380 2125.5
1170390 2121.1
1170400 2117.4
1170410 2117.4
1170420 2114.6
1170430 2112.9
1170440 2112.9
1170450 2111.8
1170460 2111.0
1170470 2111.0
1170480 2111.1
1170490 2111.4
1170500 2111.4
1170510 2111.7
1170520 2112.6
1170530 2113.4
1170540 2113.4
1170550 2109.4
1170560 2109.8
1170570 2109.8
1170580 2110.4
1170590 2111.3
1170600 2111.3
1170610 2112.4
1170620 2114.0
1170630 2114.0
1170640 2117.5
1170650 2121.6
1170660 2121.6
1170670 2125.9
1170680 2130.9
1170690 2130.9
1170700 2135.9
1170710 2141.6
1170720 2141.6
1170730 2149.0
1170740 2156.1
1170750 2156.1
1170760 2161.8
1170770 2167.9
1170780 2174.4
1170790 2174.4
1170800 2180.9
1170810 2188.5
1170820 2188.5
1170830 2192.4
1170840 2193.4
1170850 2193.4
1170860 2194.7
1170870 2196.0
1170880 2196.0
1170890 2197.1
1170900 2197.0
1170910 2197.0
1170920 2195.5
1170930 2192.1
1170940 2192.1
1170950 2183.0
1170960 2176.4
1170970 2176.4
1170980 2169.9
1170990 2165.7
1171000 2165.7
1171010 2163.3
1171020 2161.3
1171030 2158.1
1171040 2158.1
1171050 2154.1
1171060 2150.7
1171070 2150.7
1171080 2148.5
1171090 2145.1
1171100 2145.1
1171110 2139.6
1171120 2136.3
1171130 2136.3
1171140 2131.3
1171150 2128.7
1171160 2128.7
1171170 2128.2
1171180 2130.0
1171190 2130.0
1171200 2132.6
1171210 2134.7
1171220 2134.7
1171230 2137.2
1171240 2142.4
1171250 2142.4
1171260 2150.7
1171270 2159.2
1171280 2162.2
1171290 2162.2
1171300 2163.9
1171310 2165.7
1171320 2165.7
1171330 2167.2
1171340 2167.9
1171350 2167.9
1171360 2161.4
1171370 2160.5
1171380 2160.5
1171390 2155.3
1171400 2148.4
1171410 2148.4
1171420 2150.1
1171430 2154.1
1171440 2154.1
1171450 2156.5
1171460 2154.7
1171470 2154.7
1171480 2151.2
1171490 2148.4
1171500 2148.4
1171510 2150.4
1171520 2151.0
1171530 2153.3
1171540 2153.3
1171550 2152.3
1171560 2149.1
1171570 2149.1
1171580 2149.6
1171590 2146.0
1171600 2146.0
1171610 2150.3
1171620 2159.0
1171630 2159.0
1171640 2166.1
1171650 2171.7
1171660 2171.7
1171670 2180.2
1171680 2189.0
1171690 2189.0
1171700 2192.5
1171710 2189.1
1171720 2189.1
1171730 2183.4
1171740 2186.0
1171750 2186.0
1171760 2176.7
1171770 2180.0
1171780 2179.0
1171790 2179.0
1171800 2176.5
1171810 2176.8
1171820 2176.8
1171830 2179.2
1171840 2183.0
1171850 2183.0
1171860 2188.9
1171870 2194.5
1171880 2194.5
1171890 2199.5
1171900 2201.0
1171910 2201.0
1171920 2200.8
1171930 2200.7
1171940 2200.7
1171950 2198.7
1171960 2204.0
1171970 2204.0
1171980 2227.0
1171990 2244.7
1172000 2244.7
1172010 2254.3
1172020 2265.4
1172030 2275.2
1172040 2275.2
1172050 2283.0
1172060 2290.1
1172070 2290.1
1172080 2299.5
1172090 2309.6
1172100 2309.6
1172110 2321.0
1172120 2330.0
1172130 2330.0
1172140 2334.5
1172150 2330.3
1172160 2330.3
1172170 2327.3
1172180 2314.3
1172190 2314.3
1172200 2292.1
1172210 2275.3
1172220 2275.3
1172230 2268.6
1172240 2266.8
1172250 2266.8
1172260 2265.6
1172270 2262.7
1172280 2261.2
1172290 2261.2
1172300 2259.4
1172310 2258.7
1172320 2258.7
1172330 2257.9
1172340 2254.4
1172350 2254.4
1172360 2251.4
1172370 2248.1
1172380 2248.1
1172390 2243.5
1172400 2237.2
1172410 2237.2
1172420 2230.8
1172430 2222.2
1172440 2222.2
1172450 2214.8
1172460 2209.8
1172470 2209.8
1172480 2205.4
1172490 2200.9
1172500 2200.9
1172510 2197.2
1172520 2194.3
1172530 2190.3
1172540 2190.3
1172550 2183.3
1172560 2175.7
1172570 2175.7
1172580 2177.7
1172590 2175.2
1172600 2175.2
1172610 2170.0
1172620 2164.1
1172630 2164.1
1172640 2158.2
1172650 2152.5
1172660 2152.5
1172670 2147.1
1172680 2141.1
1172690 2141.1
1172700 2135.0
1172710 2129.6
1172720 2129.6
1172730 2124.5
1172740 2120.2
1172750 2120.2
1172760 2114.9
1172770 2109.2
1172780 2103.3
1172790 2103.3
1172800 2096.8
1172810 2087.5
1172820 2087.5
1172830 2071.2
1172840 2058.2
1172850 2058.2
1172860 2049.9
1172870 2044.8
1172880 2044.8
1172890 2038.1
1172900 2030.1
1172910 2030.1
1172920 2019.1
1172930 2012.6
1172940 2012.6
1172950 2005.2
1172960 1992.8
1172970 1992.8
1172980 1984.3
1172990 1979.3
1173000 1979.3
1173010 1976.2
1173020 1968.6
1173030 1961.9
1173040 1961.9
1173050 1954.1
1173060 1945.7
1173070 1945.7
1173080 1936.0
1173090 1922.0
1173100 1922.0
1173110 1903.2
1173120 1901.1
1173130 1901.1
1173140 1902.0
1173150 1895.6
1173160 1895.6
1173170 1888.9
1173180 1882.3
1173190 1882.3
1173200 1871.2
1173210 1840.2
1173220 1840.2
1173230 1791.9
1173240 1783.3
1173250 1783.3
1173260 1776.5
1173270 1770.4
1173280 1764.9
1173290 1764.9
1173300 1760.2
1173310 1756.0
1173320 1756.0
1173330 1751.7
1173340 1747.5
1173350 1747.5
1173360 1742.8
1173370 1738.4
1173380 1738.4
1173390 1733.3
1173400 1729.9
1173410 1729.9
1173420 1726.7
1173430 1723.7
1173440 1723.7
1173450 1720.5
1173460 1717.4
1173470 1717.4
1173480 1714.6
1173490 1711.4
1173500 1711.4
1173510 1708.4
1173520 1705.0
1173530 1701.8
1173540 1701.8
1173550 1697.2
1173560 1693.0
1173570 1693.0
1173580 1693.1
1173590 1693.6
1173600 1693.6
1173610 1694.3
1173620 1699.7
1173630 1699.7
1173640 1706.1
1173650 1711.2
1173660 1711.2
1173670 1716.3
1173680 1720.6
1173690 1720.6
1173700 1724.0
1173710 1727.1
1173720 1727.1
1173730 1729.6
1173740 1732.0
1173750 1732.0
1173760 1733.4
1173770 1735.0
1173780 1737.3
1173790 1737.3
1173800 1733.8
1173810 1733.6
1173820 1733.6
1173830 1733.5
1173840 1733.7
1173850 1733.7
1173860 1734.8
1173870 1736.3
1173880 1736.3
1173890 1735.2
1173900 1730.1
1173910 1730.1
1173920 1728.3
1173930 1731.9
1173940 1731.9
1173950 1734.7
1173960 1734.8
1173970 1734.8
1173980 1734.6
1173990 1735.1
1174000 1735.1
1174010 1738.4
1174020 1766.4
1174030 1789.4
1174040 1789.4
1174050 1801.7
1174060 1811.6
1174070 1811.6
1174080 1821.5
1174090 1827.2
1174100 1827.2
1174110 1831.5
1174120 1836.0
1174130 1836.0
1174140 1841.0
1174150 1845.2
1174160 1845.2
1174170 1849.6
1174180 1855.4
1174190 1855.4
1174200 1858.1
1174210 1857.4
1174220 1857.4
1174230 1863.8
1174240 1868.0
1174250 1868.0
1174260 1875.8
1174270 1884.9
1174280 1893.6
1174290 1893.6
1174300 1905.4
1174310 1914.5
1174320 1914.5
1174330 1921.4
1174340 1927.7
1174350 1927.7
1174360 1922.2
1174370 1910.6
1174380 1910.6
1174390 1910.4
1174400 1926.4
1174410 1926.4
1174420 1927.3
1174430 1945.6
1174440 1945.6
1174450 1967.3
1174460 1970.3
1174470 1970.3
1174480 1968.1
1174490 1964.5
1174500 1964.5
1174510 1964.6
1174520 1973.4
1174530 1974.1
1174540 1974.1
1174550 1963.6
1174560 1960.2
1174570 1960.2
1174580 1963.2
1174590 1955.8
1174600 1955.8
1174610 1955.4
1174620 1952.4
1174630 1952.4
1174640 1963.6
1174650 1972.1
1174660 1972.1
1174670 1981.6
1174680 1991.0
1174690 1991.0
1174700 2002.1
1174710 2015.4
1174720 2015.4
1174730 2022.8
1174740 2023.7
1174750 2023.7
1174760 2028.9
1174770 2038.9
1174780 2032.4
1174790 2032.4
1174800 2032.6
1174810 2042.8
1174820 2042.8
1174830 2045.8
1174840 2047.1
1174850 2047.1
1174860 2050.6
1174870 2057.0
1174880 2057.0
1174890 2069.8
1174900 2078.3
1174910 2078.3
1174920 2072.8
1174930 2075.4
1174940 2075.4
1174950 2080.3
1174960 2072.0
1174970 2072.0
1174980 2067.6
1174990 2065.9
1175000 2065.9
1175010 2063.6
1175020 2066.3
1175030 2063.8
1175040 2063.8
1175050 2063.4
1175060 2068.5
1175070 2068.5
1175080 2079.9
1175090 2088.4
1175100 2088.4
1175110 2091.0
1175120 2096.2
1175130 2096.2
1175140 2103.3
1175150 2107.0
1175160 2107.0
1175170 2110.2
1175180 2115.7
1175190 2115.7
1175200 2117.8
1175210 2125.0
1175220 2125.0
1175230 2128.1
1175240 2124.2
1175250 2121.1
1175260 2121.1
1175270 2122.4
1175280 2126.3
1175290 2126.3
1175300 2129.3
1175310 2124.0
1175320 2124.0
1175330 2116.0
1175340 2113.7
1175350 2113.7
1175360 2119.2
1175370 2137.5
1175380 2137.5
1175390 2149.1
1175400 2152.8
1175410 2152.8
1175420 2160.9
1175430 2164.8
1175440 2132.7
1175450 2136.5
1175460 2131.2
1175470 2131.2
1175480 2137.7
1175490 2148.0
1175500 2154.6
1175510 2154.6
1175520 2154.0
1175530 2157.7
1175540 2157.7
1175550 2158.6
1175560 2156.2
1175570 2156.2
1175580 2153.5
1175590 2151.2
1175600 2151.2
1175610 2152.4
1175620 2149.7
1175630 2149.7
1175640 2143.0
1175650 2140.2
1175660 2140.2
1175670 2142.1
1175680 2150.1
1175690 2150.1
1175700 2157.4
1175710 2164.9
1175720 2164.9
1175730 2171.5
1175740 2177.0
1175750 2185.9
1175760 2185.9
1175770 2200.8
1175780 2220.6
1175790 2220.6
1175800 2226.5
1175810 2233.7
1175820 2233.7
1175830 2239.8
1175840 2253.0
1175850 2233.8
1175860 2249.4
1175870 2264.0
1175880 2264.0
1175890 2267.1
1175900 2273.0
1175910 2273.0
1175920 2285.7
1175930 2300.4
1175940 2300.4
1175950 2313.6
1175960 2324.1
1175970 2324.1
1175980 2327.6
1175990 2333.0
1176000 2337.2
1176010 2337.2
1176020 2342.6
1176030 2350.0
1176040 2350.0
1176050 2359.7
1176060 2374.0
1176070 2374.0
1176080 2387.9
1176090 2397.4
1176100 2397.4
1176110 2403.6
1176120 2410.8
1176130 2410.8
1176140 2418.8
1176150 2425.6
1176160 2425.6
1176170 2431.7
1176180 2435.0
1176190 2435.0
1176200 2422.7
1176210 2409.3
1176220 2409.3
1176230 2401.1
1176240 2393.1
1176250 2384.2
1176260 2384.2
1176270 2374.6
1176280 2367.4
1176290 2367.4
1176300 2362.3
1176310 2359.7
1176320 2359.7
1176330 2358.7
1176340 2355.8
1176350 2355.8
1176360 2348.9
1176370 2340.3
1176380 2340.3
1176390 2343.1
1176400 2341.5
1176410 2341.5
1176420 2336.7
1176430 2331.4
1176440 2331.4
1176450 2322.2
1176460 2315.8
1176470 2315.8
1176480 2309.9
1176490 2305.3
1176500 2302.3
1176510 2302.3
1176520 2301.1
1176530 2296.0
1176540 2296.0
1176550 2292.9
1176560 2288.5
1176570 2288.5
1176580 2284.4
1176590 2276.9
1176600 2276.9
1176610 2270.4
1176620 2264.8
1176630 2264.8
1176640 2259.2
1176650 2253.9
1176660 2253.9
1176670 2249.4
1176680 2249.6
1176690 2249.6
1176700 2243.4
1176710 2237.9
1176720 2237.9
1176730 2233.7
1176740 2230.4
1176750 2227.4
1176760 2227.4
1176770 2223.1
1176780 2218.5
1176790 2218.5
1176800 2215.2
1176810 2213.9
1176820 2213.9
1176830 2212.8
1176840 2210.7
1176850 2210.7
1176860 2207.3
1176870 2203.9
1176880 2203.9
1176890 2205.0
1176900 2206.9
1176910 2206.9
1176920 2205.9
1176930 2204.2
1176940 2204.2
1176950 2203.2
1176960 2202.6
1176970 2202.6
1176980 2198.7
1176990 2195.5
1177000 2185.5
1177010 2185.5
1177020 2177.7
1177030 2172.9
1177040 2172.9
1177050 2163.3
1177060 2151.7
1177070 2151.7
1177080 2141.4
1177090 2143.0
1177100 2143.0
1177110 2138.1
1177120 2133.1
1177130 2133.1
1177140 2128.0
1177150 2122.9
1177160 2122.9
1177170 2118.7
1177180 2115.1
1177190 2115.1
1177200 2111.3
1177210 2106.6
1177220 2106.6
1177230 2102.2
1177240 2098.9
1177250 2095.9
1177260 2095.9
1177270 2091.5
1177280 2087.9
1177290 2087.9
1177300 2084.1
1177310 2081.8
1177320 2081.8
1177330 2080.9
1177340 2080.3
1177350 2080.3
1177360 2080.3
1177370 2080.8
1177380 2080.8
1177390 2081.8
1177400 2079.4
1177410 2079.4
1177420 2082.2
1177430 2089.4
1177440 2089.4
1177450 2091.7
1177460 2087.4
1177470 2087.4
1177480 2079.8
1177490 2072.9
1177500 2068.4
1177510 2061.5
1177520 2057.2
1177530 2052.6
1177540 2052.6
1177550 2045.9
1177560 2036.6
1177570 2036.6
1177580 2024.9
1177590 2009.4
1177600 2009.4
1177610 1994.3
1177620 1987.7
1177630 1987.7
1177640 1978.2
1177650 1958.8
1177660 1958.8
1177670 1950.0
1177680 1941.8
1177690 1941.8
1177700 1931.8
1177710 1924.0
1177720 1924.0
1177730 1917.3
1177740 1910.5
1177750 1904.6
1177760 1904.6
1177770 1898.1
1177780 1892.0
1177790 1892.0
1177800 1885.4
1177810 1878.5
1177820 1878.5
1177830 1871.8
1177840 1864.5
1177850 1864.5
1177860 1857.2
1177870 1850.8
1177880 1850.8
1177890 1845.2
1177900 1839.5
1177910 1839.5
1177920 1829.7
1177930 1823.7
1177940 1823.7
1177950 1818.2
1177960 1812.7
1177970 1812.7
1177980 1807.0
1177990 1800.2
1178000 1794.4
1178010 1794.4
1178020 1789.3
1178030 1782.0
1178040 1782.0
1178050 1771.6
1178060 1761.6
1178070 1761.6
1178080 1753.6
1178090 1742.1
1178100 1742.1
1178110 1725.4
1178120 1713.2
1178130 1713.2
1178140 1706.5
1178150 1700.3
1178160 1700.3
1178170 1698.9
1178180 1693.6
1178190 1693.6
1178200 1686.6
1178210 1681.2
1178220 1681.2
1178230 1674.2
1178240 1668.1
1178250 1663.6
1178260 1663.6
1178270 1655.5
1178280 1644.2
1178290 1644.2
1178300 1632.8
1178310 1623.4
1178320 1623.4
1178330 1618.0
1178340 1606.5
1178350 1606.5
1178360 1602.1
1178370 1597.5
1178380 1597.5
1178390 1592.2
1178400 1586.7
1178410 1586.7
1178420 1582.4
1178430 1578.5
1178440 1578.5
1178450 1576.2
1178460 1573.2
1178470 1573.2
1178480 1565.7
1178490 1560.8
1178500 1556.7
1178510 1556.7
1178520 1552.1
1178530 1545.6
1178540 1545.6
1178550 1538.9
1178560 1538.2
1178570 1538.2
1178580 1536.6
1178590 1533.9
1178600 1533.9
1178610 1528.5
1178620 1519.3
1178630 1519.3
1178640 1512.5
1178650 1508.4
1178660 1508.4
1178670 1504.3
1178680 1499.4
1178690 1499.4
1178700 1493.8
1178710 1488.0
1178720 1488.0
1178730 1482.1
1178740 1477.1
1178750 1468.3
1178760 1468.3
1178770 1464.0
1178780 1459.8
1178790 1459.8
1178800 1456.0
1178810 1452.4
1178820 1452.4
1178830 1448.4
1178840 1443.1
1178850 1443.1
1178860 1436.9
1178870 1431.5
1178880 1431.5
1178890 1426.4
1178900 1421.2
1178910 1421.2
1178920 1415.8
1178930 1410.6
1178940 1410.6
1178950 1405.9
1178960 1401.3
1178970 1401.3
1178980 1396.6
1178990 1391.9
1179000 1387.4
1179010 1387.4
1179020 1382.9
1179030 1378.2
1179040 1378.2
1179050 1372.8
1179060 1367.0
1179070 1367.0
1179080 1361.1
1179090 1355.5
1179100 1355.5
1179110 1353.9
1179120 1357.3
1179130 1357.3
1179140 1361.2
1179150 1361.2
1179160 1361.2
1179170 1362.5
1179180 1360.6
1179190 1360.6
1179200 1359.1
1179210 1357.1
1179220 1357.1
1179230 1354.6
1179240 1353.7
1179250 1354.3
1179260 1354.3
1179270 1355.1
1179280 1356.1
1179290 1356.1
1179300 1356.4
1179310 1356.9
1179320 1356.9
1179330 1357.2
1179340 1357.5
1179350 1357.5
1179360 1359.1
1179370 1361.5
1179380 1361.5
1179390 1363.6
1179400 1365.5
1179410 1365.5
1179420 1364.2
1179430 1360.4
1179440 1360.4
1179450 1357.7
1179460 1354.8
1179470 1354.8
1179480 1351.5
1179490 1348.4
1179500 1345.9
1179510 1345.9
1179520 1343.5
1179530 1341.2
1179540 1341.2
1179550 1339.3
1179560 1337.6
1179570 1337.6
1179580 1341.4
1179590 1337.7
1179600 1337.7
1179610 1331.4
1179620 1323.8
1179630 1323.8
1179640 1316.5
1179650 1309.5
1179660 1309.5
1179670 1304.0
1179680 1299.6
1179690 1299.6
1179700 1295.6
1179710 1293.3
1179720 1293.3
1179730 1292.1
1179740 1289.6
1179750 1286.3
1179760 1286.3
1179770 1283.2
1179780 1279.4
1179790 1279.4
1179800 1275.7
1179810 1272.6
1179820 1272.6
1179830 1269.0
1179840 1264.7
1179850 1264.7
1179860 1259.8
1179870 1254.1
1179880 1254.1
1179890 1249.1
1179900 1243.9
1179910 1243.9
1179920 1237.3
1179930 1229.6
1179940 1229.6
1179950 1222.0
1179960 1215.5
1179970 1211.8
1179980 1211.8
1179990 1209.9
