1160000 2633.3
1160010 2633.3
1160020 2632.7
1160030 2634.4
1160040 2634.4
1160050 2635.7
1160060 2636.4
1160070 2638.9
1160080 2638.9
1160090 2643.2
1160100 2649.7
1160110 2649.7
1160120 2655.8
1160130 2663.4
1160140 2663.4
1160150 2673.3
1160160 2704.3
1160170 2723.9
1160180 2743.6
1160190 2749.0
1160200 2749.0
1160210 2750.1
1160220 2752.8
1160230 2752.8
1160240 2756.5
1160250 2761.0
1160260 2761.0
1160270 2764.4
1160280 2766.3
1160290 2766.3
1160300 2769.3
1160310 2772.5
1160320 2774.6
1160330 2774.6
1160340 2776.4
1160350 2778.8
1160360 2778.8
1160370 2781.7
1160380 2784.5
1160390 2784.5
1160400 2780.2
1160410 2769.4
1160420 2769.4
1160430 2760.6
1160440 2751.0
1160450 2751.0
1160460 2739.0
1160470 2726.6
1160480 2726.6
1160490 2711.6
1160500 2699.1
1160510 2699.1
1160520 2684.9
1160530 2670.1
1160540 2670.1
1160550 2651.7
1160560 2626.1
1160570 2612.6
1160580 2612.6
1160590 2600.1
1160600 2590.0
1160610 2590.0
1160620 2583.2
1160630 2579.8
1160640 2579.8
1160650 2573.6
1160660 2555.1
1160670 2555.1
1160680 2528.1
1160690 2519.1
1160700 2519.1
1160710 2513.5
1160720 2507.1
1160730 2507.1
1160740 2500.5
1160750 2494.0
1160760 2494.0
1160770 2487.7
1160780 2481.4
1160790 2481.4
1160800 2475.4
1160810 2469.5
1160820 2464.1
1160830 2464.1
1160840 2459.0
1160850 2454.0
1160860 2454.0
1160870 2448.4
1160880 2443.2
1160890 2443.2
1160900 2438.3
1160910 2433.5
1160920 2433.5
1160930 2428.5
1160940 2423.3
1160950 2423.2
1160960 2418.0
1160970 2413.1
1160980 2413.1
1160990 2408.3
1161000 2403.6
1161010 2403.6
1161020 2398.7
1161030 2393.9
1161040 2393.9
1161050 2389.3
1161060 2384.6
1161070 2380.2
1161080 2380.2
1161090 2375.8
1161100 2371.0
1161110 2371.0
1161120 2366.9
1161130 2362.8
1161140 2362.8
1161150 2359.3
1161160 2356.1
1161170 2356.1
1161180 2352.7
1161190 2349.1
1161200 2349.1
1161210 2345.8
1161220 2343.5
1161230 2343.5
1161240 2341.5
1161250 2339.8
1161260 2339.8
1161270 2338.2
1161280 2336.2
1161290 2336.2
1161300 2333.8
1161310 2331.6
1161320 2330.1
1161330 2330.1
1161340 2329.0
1161350 2333.0
1161360 2333.0
1161370 2331.5
1161380 2329.7
1161390 2329.7
1161400 2328.0
1161410 2326.6
1161420 2326.6
1161430 2324.8
1161440 2323.3
1161450 2323.3
1161460 2321.5
1161470 2319.3
1161480 2319.3
1161490 2316.8
1161500 2314.2
1161510 2314.2
1161520 2311.4
1161530 2308.6
1161540 2308.6
1161550 2305.9
1161560 2302.7
1161570 2299.8
1161580 2299.8
1161590 2297.5
1161600 2295.3
1161610 2295.3
1161620 2293.0
1161630 2290.2
1161640 2290.2
1161650 2288.4
1161660 2286.1
1161670 2286.1
1161680 2283.5
1161690 2281.3
1161700 2281.3
1161710 2278.0
1161720 2274.8
1161730 2274.8
1161740 2277.1
1161750 2274.0
1161760 2274.0
1161770 2270.8
1161780 2267.8
1161790 2267.8
1161800 2264.7
1161810 2261.6
1161820 2257.5
1161830 2257.5
1161840 2254.9
1161850 2254.2
1161860 2254.2
1161870 2252.1
1161880 2249.0
1161890 2249.0
1161900 2246.4
1161910 2244.0
1161920 2244.0
1161930 2240.2
1161940 2236.1
1161950 2236.1
1161960 2234.0
1161970 2229.7
1161980 2229.7
1161990 2224.1
1162000 2219.6
1162010 2219.6
1162020 2216.7
1162030 2214.1
1162040 2214.1
1162050 2210.7
1162060 2208.6
1162070 2206.2
1162080 2206.2
1162090 2203.7
1162100 2201.1
1162110 2201.1
1162120 2198.4
1162130 2202.1
1162140 2202.1
1162150 2199.6
1162160 2197.4
1162170 2197.4
1162180 2194.9
1162190 2192.6
1162200 2192.6
1162210 2190.7
1162220 2190.2
1162230 2190.2
1162240 2188.2
1162250 2183.3
1162260 2183.3
1162270 2176.8
1162280 2170.3
1162290 2170.3
1162300 2164.0
1162310 2158.5
1162320 2153.3
1162330 2153.3
1162340 2148.7
1162350 2144.7
1162360 2144.7
1162370 2140.7
1162380 2137.2
1162390 2137.2
1162400 2133.1
1162410 2129.2
1162420 2129.2
1162430 2126.7
1162440 2123.4
1162450 2123.4
1162460 2119.8
1162470 2117.2
1162480 2117.2
1162490 2112.2
1162500 2106.1
1162510 2106.1
1162520 2099.2
1162530 2090.2
1162540 2084.2
1162550 2084.2
1162560 2079.6
1162570 2076.3
1162580 2076.3
1162590 2072.8
1162600 2067.4
1162610 2067.4
1162620 2059.9
1162630 2049.9
1162640 2049.9
1162650 2041.5
1162660 2035.7
1162670 2035.7
1162680 2031.0
1162690 2026.8
1162700 2026.8
1162710 2024.1
1162720 2022.1
1162730 2022.1
1162740 2018.8
1162750 2014.9
1162760 2014.9
1162770 2011.2
1162780 2007.3
1162790 2004.1
1162800 2004.1
1162810 2001.5
1162820 1999.1
1162830 1999.1
1162840 1997.2
1162850 1996.1
1162860 1996.1
1162870 1995.1
1162880 1994.9
1162890 1994.9
1162900 1994.5
1162910 1993.6
1162920 1995.0
1162930 1993.8
1162940 1992.1
1162950 1992.1
1162960 1990.7
1162970 1990.3
1162980 1990.3
1162990 1993.2
1163000 1998.0
1163010 1998.0
1163020 2000.9
1163030 2002.2
1163040 2001.3
1163050 2001.3
1163060 1998.5
1163070 1995.4
1163080 1995.4
1163090 1994.1
1163100 1995.1
1163110 1995.1
1163120 1997.2
1163130 2000.0
1163140 2000.0
1163150 1999.6
1163160 1998.1
1163170 1998.1
1163180 1992.6
1163190 1986.6
1163200 1986.6
1163210 1981.4
1163220 1972.8
1163230 1972.8
1163240 1966.1
1163250 1964.1
1163260 1964.1
1163270 1962.5
1163280 1959.3
1163290 1958.2
1163300 1958.2
1163310 1954.9
1163320 1959.4
1163330 1959.4
1163340 1957.0
1163350 1954.3
1163360 1954.3
1163370 1952.7
1163380 1949.2
1163390 1949.2
1163400 1947.0
1163410 1945.6
1163420 1945.6
1163430 1945.4
1163440 1944.9
1163450 1944.9
1163460 1944.7
1163470 1944.6
1163480 1944.6
1163490 1943.6
1163500 1939.7
1163510 1939.7
1163520 1935.6
1163530 1934.9
1163540 1933.1
1163550 1933.1
1163560 1929.0
1163570 1921.2
1163580 1921.2
1163590 1916.1
1163600 1911.0
1163610 1911.0
1163620 1905.9
1163630 1901.9
1163640 1901.9
1163650 1897.2
1163660 1890.1
1163670 1890.1
1163680 1882.1
1163690 1876.6
1163700 1876.6
1163710 1881.3
1163720 1873.1
1163730 1873.1
1163740 1865.4
1163750 1857.1
1163760 1857.1
1163770 1851.1
1163780 1847.1
1163790 1842.7
1163800 1842.7
1163810 1835.1
1163820 1824.6
1163830 1824.6
1163840 1814.5
1163850 1802.9
1163860 1802.9
1163870 1793.7
1163880 1787.3
1163890 1787.3
1163900 1781.5
1163910 1775.5
1163920 1775.5
1163930 1769.1
1163940 1762.8
1163950 1762.8
1163960 1756.7
1163970 1751.0
1163980 1751.0
1163990 1746.2
1164000 1742.2
1164010 1742.2
1164020 1738.2
1164030 1733.8
1164040 1729.3
1164050 1729.3
1164060 1725.1
1164070 1721.2
1164080 1721.2
1164090 1718.6
1164100 1718.1
1164110 1724.5
1164120 1718.6
1164130 1711.4
1164140 1711.4
1164150 1704.8
1164160 1699.4
1164170 1699.4
1164180 1694.1
1164190 1689.1
1164200 1689.1
1164210 1684.8
1164220 1682.7
1164230 1682.7
1164240 1681.9
1164250 1680.8
1164260 1680.8
1164270 1680.2
1164280 1681.2
1164290 1680.6
1164300 1680.6
1164310 1677.8
1164320 1673.7
1164330 1673.7
1164340 1672.5
1164350 1677.4
1164360 1677.4
1164370 1684.8
1164380 1696.8
1164390 1696.8
1164400 1713.7
1164410 1724.2
1164420 1724.2
1164430 1729.4
1164440 1734.8
1164450 1734.8
1164460 1739.9
1164470 1743.6
1164480 1743.6
1164490 1749.5
1164500 1756.2
1164510 1759.7
1164520 1766.0
1164530 1772.7
1164540 1779.4
1164550 1779.4
1164560 1786.6
1164570 1793.4
1164580 1793.4
1164590 1800.1
1164600 1807.2
1164610 1807.2
1164620 1815.1
1164630 1823.7
1164640 1823.7
1164650 1836.8
1164660 1848.7
1164670 1848.7
1164680 1856.7
1164690 1863.4
1164700 1863.4
1164710 1869.8
1164720 1877.4
1164730 1877.4
1164740 1885.8
1164750 1895.1
1164760 1895.1
1164770 1904.0
1164780 1913.6
1164790 1924.6
1164800 1924.6
1164810 1934.2
1164820 1945.6
1164830 1945.6
1164840 1958.7
1164850 1967.8
1164860 1967.8
1164870 1975.9
1164880 1982.7
1164890 1982.7
1164900 1992.1
1164910 1999.0
1164920 1999.0
1164930 2005.1
1164940 2009.9
1164950 2009.9
1164960 2014.6
1164970 2019.4
1164980 2019.4
1164990 2025.2
1165000 2031.8
1165010 2031.8
1165020 2037.9
1165030 2043.1
1165040 2049.3
1165050 2049.3
1165060 2055.6
1165070 2061.5
1165080 2061.5
1165090 2067.5
1165100 2074.7
1165110 2074.7
1165120 2081.8
1165130 2088.7
1165140 2088.7
1165150 2097.1
1165160 2106.1
1165170 2106.1
1165180 2113.2
1165190 2118.9
1165200 2118.9
1165210 2123.2
1165220 2126.1
1165230 2126.1
1165240 2128.5
1165250 2131.4
1165260 2131.4
1165270 2135.2
1165280 2138.7
1165290 2141.3
1165300 2151.2
1165310 2152.4
1165320 2153.4
1165330 2153.4
1165340 2154.3
1165350 2153.3
1165360 2153.3
1165370 2153.0
1165380 2156.6
1165390 2156.6
1165400 2162.0
1165410 2168.2
1165420 2168.2
1165430 2173.2
1165440 2179.3
1165450 2179.3
1165460 2186.3
1165470 2193.2
1165480 2193.2
1165490 2200.2
1165500 2207.3
1165510 2207.3
1165520 2214.3
1165530 2221.3
1165540 2228.5
1165550 2228.5
1165560 2235.3
1165570 2241.5
1165580 2241.5
1165590 2246.9
1165600 2252.2
1165610 2252.2
1165620 2257.0
1165630 2261.4
1165640 2261.4
1165650 2265.2
1165660 2268.8
1165670 2268.8
1165680 2271.8
1165690 2275.0
1165700 2281.8
1165710 2285.4
1165720 2289.4
1165730 2289.4
1165740 2294.8
1165750 2299.7
1165760 2299.7
1165770 2304.5
1165780 2308.1
1165790 2311.2
1165800 2311.2
1165810 2316.3
1165820 2319.7
1165830 2319.7
1165840 2321.9
1165850 2326.5
1165860 2326.5
1165870 2330.6
1165880 2335.0
1165890 2335.0
1165900 2337.4
1165910 2340.1
1165920 2340.1
1165930 2344.1
1165940 2349.5
1165950 2349.5
1165960 2355.1
1165970 2361.3
1165980 2361.3
1165990 2367.2
1166000 2372.8
1166010 2372.8
1166020 2377.9
1166030 2383.9
1166040 2390.9
1166050 2390.9
1166060 2398.5
1166070 2405.6
1166080 2405.6
1166090 2412.3
1166100 2421.8
1166110 2421.8
1166120 2428.6
1166130 2434.9
1166140 2434.9
1166150 2437.9
1166160 2441.5
1166170 2441.5
1166180 2445.3
1166190 2452.9
1166200 2452.9
1166210 2462.8
1166220 2471.8
1166230 2471.8
1166240 2477.9
1166250 2482.9
1166260 2482.9
1166270 2488.5
1166280 2496.6
1166290 2505.8
1166300 2505.8
1166310 2516.4
1166320 2525.8
1166330 2525.8
1166340 2534.2
1166350 2542.0
1166360 2542.0
1166370 2550.9
1166380 2560.8
1166390 2560.8
1166400 2571.2
1166410 2582.1
1166420 2582.1
1166430 2591.8
1166440 2600.4
1166450 2600.4
1166460 2609.7
1166470 2618.7
1166480 2618.7
1166490 2627.8
1166500 2630.8
1166510 2640.0
1166520 2640.0
1166530 2649.1
1166540 2656.6
1166550 2656.6
1166560 2662.8
1166570 2667.2
1166580 2667.2
1166590 2664.8
1166600 2658.7
1166610 2658.7
1166620 2652.7
1166630 2646.4
1166640 2646.4
1166650 2639.7
1166660 2632.3
1166670 2632.3
1166680 2625.0
1166690 2617.6
1166700 2617.6
1166710 2610.9
1166720 2604.5
1166730 2604.5
1166740 2598.6
1166750 2592.3
1166760 2585.6
1166770 2585.6
1166780 2579.5
1166790 2574.2
1166800 2574.2
1166810 2569.1
1166820 2563.9
1166830 2563.9
1166840 2558.6
1166850 2552.9
1166860 2552.9
1166870 2547.4
1166880 2542.0
1166890 2542.0
1166900 2539.1
1166910 2535.1
1166920 2535.1
1166930 2531.1
1166940 2527.0
1166950 2527.0
1166960 2522.8
1166970 2519.2
1166980 2519.2
1166990 2517.0
1167000 2515.3
1167010 2513.4
1167020 2513.4
1167030 2511.6
1167040 2509.7
1167050 2509.7
1167060 2507.0
1167070 2504.0
1167080 2504.0
1167090 2502.0
1167100 2500.1
1167110 2500.1
1167120 2498.4
1167130 2497.3
1167140 2497.3
1167150 2496.3
1167160 2494.3
1167170 2494.3
1167180 2494.3
1167190 2494.8
1167200 2494.8
1167210 2495.5
1167220 2494.5
1167230 2494.5
1167240 2492.8
1167250 2491.6
1167260 2491.4
1167270 2491.4
1167280 2492.5
1167290 2493.0
1167300 2498.5
1167310 2499.3
1167320 2501.6
1167330 2501.6
1167340 2503.4
1167350 2504.2
1167360 2504.2
1167370 2506.3
1167380 2509.2
1167390 2509.2
1167400 2511.6
1167410 2513.4
1167420 2513.4
1167430 2515.7
1167440 2518.7
1167450 2518.7
1167460 2523.1
1167470 2527.9
1167480 2527.9
1167490 2531.6
1167500 2535.1
1167510 2538.9
1167520 2538.9
1167530 2542.9
1167540 2548.3
1167550 2548.3
1167560 2553.3
1167570 2556.1
1167580 2556.1
1167590 2558.7
1167600 2562.6
1167610 2562.6
1167620 2566.7
1167630 2574.7
1167640 2574.7
1167650 2584.4
1167660 2593.3
1167670 2593.3
1167680 2598.8
1167690 2598.0
1167700 2597.2
1167710 2591.6
1167720 2598.2
1167730 2598.2
1167740 2593.1
1167750 2585.5
1167760 2584.9
1167770 2584.9
1167780 2578.3
1167790 2561.9
1167800 2561.9
1167810 2541.9
1167820 2528.5
1167830 2528.5
1167840 2520.0
1167850 2510.9
1167860 2510.9
1167870 2497.9
1167880 2490.8
1167890 2490.8
1167900 2490.4
1167910 2489.7
1167920 2489.7
1167930 2482.2
1167940 2483.1
1167950 2483.1
1167960 2482.4
1167970 2476.3
1167980 2476.3
1167990 2473.8
1168000 2474.0
1168010 2471.8
1168020 2471.8
1168030 2469.7
1168040 2469.2
1168050 2469.2
1168060 2468.9
1168070 2467.8
1168080 2467.8
1168090 2467.4
1168100 2460.3
1168110 2460.3
1168120 2459.1
1168130 2457.1
1168140 2457.1
1168150 2455.9
1168160 2454.4
1168170 2454.4
1168180 2453.5
1168190 2451.9
1168200 2451.9
1168210 2452.1
1168220 2455.3
1168230 2455.3
1168240 2467.4
1168250 2477.5
1168260 2472.8
1168270 2472.8
1168280 2470.5
1168290 2452.5
1168300 2452.5
1168310 2445.1
1168320 2444.4
1168330 2444.4
1168340 2437.3
1168350 2448.8
1168360 2448.8
1168370 2453.6
1168380 2460.9
1168390 2460.9
1168400 2458.5
1168410 2456.0
1168420 2456.0
1168430 2452.4
1168440 2450.0
1168450 2450.0
1168460 2440.0
1168470 2444.9
1168480 2444.9
1168490 2457.9
1168500 2445.2
1168510 2444.5
1168520 2444.5
1168530 2441.7
1168540 2441.1
1168550 2441.1
1168560 2440.4
1168570 2441.7
1168580 2441.7
1168590 2445.8
1168600 2448.5
1168610 2448.5
1168620 2446.1
1168630 2443.6
1168640 2443.6
1168650 2441.0
1168660 2436.9
1168670 2436.9
1168680 2438.3
1168690 2438.8
1168700 2438.8
1168710 2434.1
1168720 2432.1
1168730 2432.1
1168740 2427.4
1168750 2424.6
1168760 2426.5
1168770 2426.5
1168780 2423.9
1168790 2420.7
1168800 2420.7
1168810 2416.7
1168820 2412.3
1168830 2412.3
1168840 2411.5
1168850 2406.1
1168860 2406.1
1168870 2402.0
1168880 2403.6
1168890 2403.6
1168900 2395.0
1168910 2398.0
1168920 2398.0
1168930 2395.3
1168940 2395.1
1168950 2395.1
1168960 2391.3
1168970 2386.7
1168980 2386.7
1168990 2384.3
1169000 2380.5
1169010 2376.9
1169020 2376.9
1169030 2375.2
1169040 2369.9
1169050 2369.9
1169060 2361.4
1169070 2352.9
1169080 2352.9
1169090 2346.0
1169100 2339.6
1169110 2339.6
1169120 2332.0
1169130 2323.8
1169140 2323.8
1169150 2315.7
1169160 2306.4
1169170 2306.4
1169180 2294.6
1169190 2283.0
1169200 2283.0
1169210 2272.9
1169220 2271.8
1169230 2271.8
1169240 2267.0
1169250 2258.0
1169260 2259.2
1169270 2259.2
1169280 2264.7
1169290 2259.2
1169300 2259.2
1169310 2239.0
1169320 2230.5
1169330 2230.5
1169340 2219.2
1169350 2209.8
1169360 2209.8
1169370 2202.0
1169380 2191.4
1169390 2191.4
1169400 2180.0
1169410 2170.6
1169420 2170.6
1169430 2167.4
1169440 2164.6
1169450 2164.6
1169460 2166.4
1169470 2168.8
1169480 2168.8
1169490 2166.8
1169500 2154.4
1169510 2147.2
1169520 2147.2
1169530 2139.6
1169540 2130.6
1169550 2130.6
1169560 2132.2
1169570 2147.3
1169580 2147.3
1169590 2138.5
1169600 2112.8
1169610 2112.8
1169620 2099.2
1169630 2093.7
1169640 2093.7
1169650 2089.8
1169660 2093.5
1169670 2093.5
1169680 2092.9
1169690 2085.6
1169700 2085.6
1169710 2077.3
1169720 2072.4
1169730 2072.4
1169740 2061.6
1169750 2053.1
1169760 2045.1
1169770 2045.1
1169780 2037.4
1169790 2028.8
1169800 2028.8
1169810 2020.4
1169820 2012.1
1169830 2012.1
1169840 2002.6
1169850 1992.0
1169860 1992.0
1169870 1982.2
1169880 1972.5
1169890 1972.5
1169900 1963.4
1169910 1954.8
1169920 1954.8
1169930 1946.3
1169940 1939.1
1169950 1939.1
1169960 1931.1
1169970 1919.9
1169980 1919.9
1169990 1903.8
1170000 1894.4
1170010 1891.8
1170020 1891.8
1170030 1889.9
1170040 1888.9
1170050 1888.9
1170060 1887.8
1170070 1886.2
1170080 1886.2
1170090 1884.3
1170100 1883.1
1170110 1877.7
1170120 1877.3
1170130 1875.7
1170140 1875.7
1170150 1873.4
1170160 1871.8
1170170 1871.8
1170180 1870.2
1170190 1868.4
1170200 1868.4
1170210 1867.2
1170220 1867.4
1170230 1867.5
1170240 1867.5
1170250 1867.1
1170260 1865.1
1170270 1865.1
1170280 1864.1
1170290 1863.5
1170300 1863.5
1170310 1863.4
1170320 1863.8
1170330 1863.8
1170340 1863.2
1170350 1863.3
1170360 1863.3
1170370 1864.0
1170380 1863.3
1170390 1863.3
1170400 1864.0
1170410 1867.2
1170420 1867.2
1170430 1872.0
1170440 1878.2
1170450 1878.2
1170460 1885.0
1170470 1891.6
1170480 1890.9
1170490 1890.9
1170500 1883.7
1170510 1876.9
1170520 1876.9
1170530 1869.7
1170540 1861.9
1170550 1861.9
1170560 1855.0
1170570 1849.6
1170580 1849.6
1170590 1849.5
1170600 1852.9
1170610 1852.9
1170620 1856.3
1170630 1858.2
1170640 1858.2
1170650 1861.2
1170660 1865.8
1170670 1865.8
1170680 1872.4
1170690 1879.9
1170700 1879.9
1170710 1887.4
1170720 1889.9
1170730 1888.1
1170740 1888.1
1170750 1888.1
1170760 1888.7
1170770 1888.7
1170780 1889.3
1170790 1890.3
1170800 1890.3
1170810 1892.3
1170820 1893.7
1170830 1893.7
1170840 1892.2
1170850 1893.0
1170860 1893.0
1170870 1895.1
1170880 1897.5
1170890 1897.5
1170900 1899.9
1170910 1902.8
1170920 1899.8
1170930 1902.0
1170940 1903.2
1170950 1903.2
1170960 1904.1
1170970 1905.1
1170980 1906.0
1170990 1906.0
1171000 1906.8
1171010 1908.0
1171020 1908.0
1171030 1909.5
1171040 1910.7
1171050 1910.7
1171060 1911.7
1171070 1912.5
1171080 1912.5
1171090 1913.4
1171100 1914.2
1171110 1914.2
1171120 1914.8
1171130 1915.2
1171140 1915.2
1171150 1915.0
1171160 1914.3
1171170 1914.3
1171180 1913.5
1171190 1913.8
1171200 1913.8
1171210 1912.0
1171220 1910.1
1171230 1914.9
1171240 1914.9
1171250 1917.8
1171260 1919.1
1171270 1919.1
1171280 1920.2
1171290 1921.3
1171300 1921.3
1171310 1923.3
1171320 1925.1
1171330 1920.9
1171340 1922.9
1171350 1924.9
1171360 1924.9
1171370 1926.8
1171380 1928.9
1171390 1928.9
1171400 1930.4
1171410 1928.5
1171420 1928.5
1171430 1930.0
1171440 1934.6
1171450 1934.6
1171460 1929.9
1171470 1922.7
1171480 1916.1
1171490 1916.1
1171500 1909.0
1171510 1901.6
1171520 1901.6
1171530 1895.2
1171540 1893.7
1171550 1893.7
1171560 1893.3
1171570 1893.3
1171580 1893.3
1171590 1892.6
1171600 1893.7
1171610 1893.7
1171620 1894.8
1171630 1893.1
1171640 1893.1
1171650 1890.0
1171660 1892.8
1171670 1892.8
1171680 1894.5
1171690 1896.0
1171700 1896.0
1171710 1897.4
1171720 1899.3
1171730 1896.0
1171740 1891.0
1171750 1893.8
1171760 1895.8
1171770 1895.8
1171780 1899.1
1171790 1905.2
1171800 1905.2
1171810 1913.4
1171820 1920.9
1171830 1920.9
1171840 1926.8
1171850 1930.3
1171860 1930.3
1171870 1934.2
1171880 1940.3
1171890 1940.3
1171900 1948.1
1171910 1956.3
1171920 1956.3
1171930 1965.4
1171940 1975.6
1171950 1975.6
1171960 1984.1
1171970 1988.0
1171980 1990.4
1171990 1990.4
1172000 1992.5
1172010 1993.7
1172020 1993.7
1172030 1994.2
1172040 1994.3
1172050 1994.3
1172060 1993.5
1172070 1992.9
1172080 1992.9
1172090 1990.3
1172100 1986.2
1172110 1986.2
1172120 1984.9
1172130 1989.6
1172140 1977.5
1172150 1979.3
1172160 1981.3
1172170 1981.3
1172180 1985.2
1172190 1990.6
1172200 1990.6
1172210 1993.2
1172220 1994.0
1172230 1995.8
1172240 1995.8
1172250 1993.7
1172260 1992.3
1172270 1992.3
1172280 1993.3
1172290 1996.7
1172300 1996.7
1172310 2000.9
1172320 2005.5
1172330 2005.5
1172340 2006.4
1172350 2007.4
1172360 2007.4
1172370 2008.4
1172380 2006.2
1172390 2006.2
1172400 2005.2
1172410 2005.4
1172420 2005.4
1172430 2004.5
1172440 2003.9
1172450 2003.9
1172460 2002.9
1172470 2007.2
1172480 2010.4
1172490 2010.4
1172500 2011.3
1172510 2013.8
1172520 2013.8
1172530 2016.0
1172540 2018.9
1172550 2010.0
1172560 2011.8
1172570 2014.8
1172580 2014.8
1172590 2018.7
1172600 2021.6
1172610 2021.6
1172620 2024.2
1172630 2025.1
1172640 2025.1
1172650 2024.5
1172660 2014.9
1172670 2014.9
1172680 2002.9
1172690 1992.1
1172700 1992.1
1172710 1979.8
1172720 1988.8
1172730 2000.0
1172740 2000.0
1172750 2005.4
1172760 2008.1
1172770 2008.1
1172780 2013.8
1172790 2018.5
1172800 2018.5
1172810 2016.2
1172820 1997.3
1172830 1997.3
1172840 1982.7
1172850 1983.5
1172860 1983.5
1172870 1986.4
1172880 1992.1
1172890 1992.1
1172900 1998.4
1172910 2002.8
1172920 2002.8
1172930 2015.9
1172940 2033.5
1172950 2033.5
1172960 2027.3
1172970 2025.1
1172980 2021.3
1172990 2021.3
1173000 2017.9
1173010 2015.3
1173020 2015.3
1173030 2013.7
1173040 2011.3
1173050 2011.3
1173060 2007.5
1173070 2006.6
1173080 2006.6
1173090 2005.3
1173100 2002.3
1173110 2002.3
1173120 1997.8
1173130 1991.7
1173140 1991.7
1173150 1988.9
1173160 1988.8
1173170 1988.8
1173180 1982.7
1173190 1972.0
1173200 1972.0
1173210 1962.8
1173220 1956.6
1173230 1949.9
1173240 1949.9
1173250 1944.2
1173260 1934.4
1173270 1934.4
1173280 1927.7
1173290 1922.5
1173300 1922.5
1173310 1919.2
1173320 1908.9
1173330 1908.9
1173340 1898.8
1173350 1888.0
1173360 1898.4
1173370 1886.8
1173380 1874.6
1173390 1874.6
1173400 1866.4
1173410 1854.7
1173420 1854.7
1173430 1843.0
1173440 1833.4
1173450 1825.2
1173460 1825.2
1173470 1816.7
1173480 1809.5
1173490 1809.5
1173500 1803.5
1173510 1798.2
1173520 1798.2
1173530 1792.1
1173540 1785.4
1173550 1785.4
1173560 1778.7
1173570 1772.1
1173580 1772.1
1173590 1765.1
1173600 1758.3
1173610 1758.3
1173620 1751.7
1173630 1745.3
1173640 1745.3
1173650 1738.9
1173660 1732.7
1173670 1732.7
1173680 1726.1
1173690 1719.6
1173700 1713.6
1173710 1713.6
1173720 1707.2
1173730 1700.9
1173740 1700.9
1173750 1694.9
1173760 1688.7
1173770 1688.8
1173780 1681.1
1173790 1671.8
1173800 1671.8
1173810 1663.8
1173820 1656.4
1173830 1656.4
1173840 1648.8
1173850 1641.2
1173860 1641.2
1173870 1634.1
1173880 1628.2
1173890 1628.2
1173900 1624.5
1173910 1624.8
1173920 1624.8
1173930 1627.6
1173940 1631.2
1173950 1635.6
1173960 1635.6
1173970 1639.1
1173980 1640.3
1173990 1640.3
1174000 1640.0
1174010 1641.4
1174020 1641.4
1174030 1643.2
1174040 1647.4
1174050 1647.4
1174060 1652.5
1174070 1656.7
1174080 1656.7
1174090 1661.7
1174100 1666.2
1174110 1666.2
1174120 1669.2
1174130 1672.4
1174140 1672.4
1174150 1676.4
1174160 1679.7
1174170 1679.7
1174180 1679.7
1174190 1681.8
1174200 1683.8
1174210 1683.8
1174220 1687.6
1174230 1689.6
1174240 1689.6
1174250 1691.8
1174260 1694.2
1174270 1694.2
1174280 1697.0
1174290 1699.1
1174300 1699.1
1174310 1700.6
1174320 1701.7
1174330 1701.7
1174340 1704.3
1174350 1706.1
1174360 1706.1
1174370 1708.9
1174380 1711.6
1174390 1711.6
1174400 1716.5
1174410 1721.9
1174420 1721.9
1174430 1725.8
1174440 1730.3
1174450 1736.8
1174460 1736.8
1174470 1743.9
1174480 1751.2
1174490 1751.2
1174500 1757.1
1174510 1762.8
1174520 1762.8
1174530 1768.9
1174540 1775.2
1174550 1775.2
1174560 1783.0
1174570 1791.5
1174580 1791.5
1174590 1803.3
1174600 1814.4
1174610 1814.4
1174620 1824.4
1174630 1834.1
1174640 1834.1
1174650 1843.5
1174660 1850.9
1174670 1850.9
1174680 1858.0
1174690 1866.7
1174700 1876.9
1174710 1876.9
1174720 1884.6
1174730 1887.8
1174740 1887.8
1174750 1894.2
1174760 1902.5
1174770 1902.5
1174780 1909.8
1174790 1916.0
1174800 1916.0
1174810 1921.6
1174820 1928.4
1174830 1928.4
1174840 1936.4
1174850 1945.5
1174860 1945.5
1174870 1954.1
1174880 1962.2
1174890 1962.2
1174900 1970.9
1174910 1978.4
1174920 1978.4
1174930 1986.7
1174940 1994.2
1174950 2001.7
1174960 2001.7
1174970 2010.1
1174980 2020.2
1174990 2020.2
1175000 2022.2
1175010 2031.7
1175020 2031.7
1175030 2041.4
1175040 2050.8
1175050 2050.8
1175060 2058.8
1175070 2064.6
1175080 2064.6
1175090 2071.5
1175100 2076.3
1175110 2076.3
1175120 2078.9
1175130 2079.8
1175140 2079.8
1175150 2083.8
1175160 2084.7
1175170 2084.7
1175180 2087.4
1175190 2090.6
1175200 2093.1
1175210 2093.1
1175220 2092.2
1175230 2091.9
1175240 2091.9
1175250 2091.3
1175260 2088.4
1175270 2088.4
1175280 2089.4
1175290 2096.6
1175300 2096.6
1175310 2107.4
1175320 2116.4
1175330 2116.4
1175340 2119.4
1175350 2119.1
1175360 2119.1
1175370 2124.2
1175380 2131.2
1175390 2131.2
1175400 2136.7
1175410 2124.6
1175420 2124.6
1175430 2124.6
1175440 2132.1
1175450 2138.5
1175460 2138.5
1175470 2140.1
1175480 2139.8
1175490 2139.8
1175500 2134.3
1175510 2128.8
1175520 2128.8
1175530 2125.4
1175540 2125.9
1175550 2125.9
1175560 2128.5
1175570 2131.1
1175580 2131.1
1175590 2131.4
1175600 2134.4
1175610 2134.4
1175620 2132.8
1175630 2127.0
1175640 2127.0
1175650 2122.4
1175660 2123.2
1175670 2123.2
1175680 2126.0
1175690 2125.4
1175700 2121.7
1175710 2121.7
1175720 2116.7
1175730 2111.3
1175740 2111.3
1175750 2107.0
1175760 2103.4
1175770 2103.4
1175780 2099.0
1175790 2094.5
1175800 2094.5
1175810 2091.1
1175820 2088.0
1175830 2079.9
1175840 2073.4
1175850 2075.5
1175860 2075.5
1175870 2082.6
1175880 2084.6
1175890 2084.6
1175900 2087.2
1175910 2088.5
1175920 2088.5
1175930 2089.3
1175940 2089.4
1175950 2088.6
1175960 2088.6
1175970 2092.9
1175980 2092.5
1175990 2092.5
1176000 2094.0
1176010 2094.7
1176020 2094.7
1176030 2091.4
1176040 2086.3
1176050 2086.3
1176060 2084.7
1176070 2089.9
1176080 2089.9
1176090 2092.7
1176100 2096.3
1176110 2096.3
1176120 2099.2
1176130 2100.6
1176140 2100.6
1176150 2099.4
1176160 2091.6
1176170 2091.6
1176180 2083.9
1176190 2081.9
1176200 2089.2
1176210 2089.2
1176220 2091.8
1176230 2092.8
1176240 2086.4
1176250 2098.3
1176260 2116.9
1176270 2116.9
1176280 2130.8
1176290 2143.2
1176300 2143.2
1176310 2152.2
1176320 2160.3
1176330 2160.3
1176340 2168.2
1176350 2175.3
1176360 2175.3
1176370 2179.0
1176380 2182.4
1176390 2182.4
1176400 2184.6
1176410 2184.1
1176420 2184.1
1176430 2188.7
1176440 2194.2
1176450 2197.0
1176460 2197.0
1176470 2196.8
1176480 2201.0
1176490 2201.0
1176500 2209.1
1176510 2216.8
1176520 2216.8
1176530 2223.9
1176540 2232.8
1176550 2232.8
1176560 2245.7
1176570 2258.9
1176580 2258.9
1176590 2266.4
1176600 2271.7
1176610 2271.7
1176620 2273.0
1176630 2273.4
1176640 2273.4
1176650 2261.6
1176660 2257.8
1176670 2255.2
1176680 2255.2
1176690 2251.9
1176700 2249.0
1176710 2249.0
1176720 2245.4
1176730 2240.0
1176740 2240.0
1176750 2233.0
1176760 2225.6
1176770 2225.6
1176780 2214.5
1176790 2205.1
1176800 2205.1
1176810 2197.4
1176820 2189.3
1176830 2189.3
1176840 2185.1
1176850 2181.2
1176860 2181.2
1176870 2175.6
1176880 2168.5
1176890 2168.5
1176900 2161.9
1176910 2155.2
1176920 2148.8
1176930 2148.8
1176940 2143.4
1176950 2138.0
1176960 2138.0
1176970 2131.6
1176980 2126.0
1176990 2126.0
1177000 2120.8
1177010 2114.9
1177020 2114.9
1177030 2108.7
1177040 2099.8
1177050 2099.8
1177060 2089.6
1177070 2081.5
1177080 2081.5
1177090 2074.3
1177100 2067.2
1177110 2067.2
1177120 2059.2
1177130 2051.6
1177140 2051.6
1177150 2045.0
1177160 2038.5
1177170 2032.3
1177180 2032.3
1177190 2025.4
1177200 2017.6
1177210 2017.6
1177220 2008.2
1177230 1999.7
1177240 1999.7
1177250 1993.0
1177260 1984.2
1177270 1984.2
1177280 1975.2
1177290 1967.6
1177300 1967.6
1177310 1961.0
1177320 1957.6
1177330 1957.6
1177340 1951.8
1177350 1937.7
1177360 1937.7
1177370 1925.4
1177380 1917.5
1177390 1917.5
1177400 1910.8
1177410 1906.3
1177420 1903.8
1177430 1903.8
1177440 1901.7
1177450 1897.2
1177460 1897.2
1177470 1892.1
1177480 1892.7
1177490 1892.7
1177500 1885.0
1177510 1879.9
1177520 1879.9
1177530 1879.6
1177540 1875.4
1177550 1875.4
1177560 1866.0
1177570 1857.8
1177580 1857.8
1177590 1849.0
1177600 1846.5
1177610 1846.5
1177620 1850.5
1177630 1855.2
1177640 1855.2
1177650 1855.7
1177660 1854.6
1177670 1849.1
1177680 1849.1
1177690 1840.4
1177700 1832.4
1177710 1832.4
1177720 1826.1
1177730 1820.2
1177740 1820.2
1177750 1814.4
1177760 1807.4
1177770 1807.4
1177780 1798.4
1177790 1794.2
1177800 1794.2
1177810 1792.9
1177820 1794.8
1177830 1794.8
1177840 1798.3
1177850 1794.8
1177860 1794.8
1177870 1792.6
1177880 1786.9
1177890 1795.0
1177900 1787.4
1177910 1781.6
1177920 1785.2
1177930 1785.2
1177940 1785.4
1177950 1782.5
1177960 1782.5
1177970 1778.0
1177980 1770.6
1177990 1770.6
1178000 1764.8
1178010 1760.3
1178020 1760.3
1178030 1753.7
1178040 1746.4
1178050 1746.4
1178060 1741.4
1178070 1737.4
1178080 1737.4
1178090 1728.4
1178100 1729.1
1178110 1729.1
1178120 1735.2
1178130 1735.6
1178140 1735.6
1178150 1729.6
1178160 1725.0
1178170 1723.2
1178180 1723.2
1178190 1718.3
1178200 1711.4
1178210 1711.4
1178220 1707.1
1178230 1705.2
1178240 1705.2
1178250 1702.2
1178260 1697.3
1178270 1697.3
1178280 1693.9
1178290 1692.3
1178300 1692.3
1178310 1698.7
1178320 1696.7
1178330 1696.7
1178340 1696.4
1178350 1695.0
1178360 1695.0
1178370 1694.5
1178380 1696.9
1178390 1696.9
1178400 1699.4
1178410 1701.7
1178420 1703.2
1178430 1703.2
1178440 1702.9
1178450 1702.0
1178460 1702.0
1178470 1702.0
1178480 1703.5
1178490 1703.5
1178500 1706.9
1178510 1709.1
1178520 1709.1
1178530 1711.3
1178540 1711.5
1178550 1711.5
1178560 1709.8
1178570 1705.6
1178580 1705.6
1178590 1701.4
1178600 1699.4
1178610 1699.4
1178620 1697.4
1178630 1695.4
1178640 1695.4
1178650 1693.5
1178660 1693.5
1178670 1693.5
1178680 1693.5
1178690 1693.2
1178700 1692.1
1178710 1692.1
1178720 1698.2
1178730 1697.0
1178740 1697.0
1178750 1695.8
1178760 1695.5
1178770 1695.5
1178780 1695.3
1178790 1695.3
1178800 1695.3
1178810 1694.1
1178820 1692.2
1178830 1692.2
1178840 1688.8
1178850 1684.7
1178860 1684.7
1178870 1681.5
1178880 1682.1
1178890 1682.1
1178900 1684.6
1178910 1685.5
1178920 1685.3
1178930 1685.3
1178940 1684.0
1178950 1682.2
1178960 1682.2
1178970 1680.7
1178980 1679.4
1178990 1679.4
1179000 1678.7
1179010 1677.4
1179020 1677.4
1179030 1674.6
1179040 1668.3
1179050 1668.3
1179060 1660.7
1179070 1660.5
1179080 1660.5
1179090 1662.7
1179100 1662.9
1179110 1662.9
1179120 1663.5
1179130 1664.4
1179140 1670.0
1179150 1669.7
1179160 1667.9
1179170 1669.6
1179180 1669.6
1179190 1670.8
1179200 1670.6
1179210 1670.6
1179220 1669.6
1179230 1668.2
1179240 1668.2
1179250 1666.3
1179260 1664.4
1179270 1664.4
1179280 1662.3
1179290 1659.7
1179300 1659.7
1179310 1657.5
1179320 1655.0
1179330 1655.0
1179340 1651.8
1179350 1647.8
1179360 1647.8
1179370 1644.5
1179380 1641.1
1179390 1641.1
1179400 1636.2
1179410 1631.4
1179420 1626.7
1179430 1626.7
1179440 1621.9
1179450 1619.2
1179460 1619.2
1179470 1617.9
1179480 1616.6
1179490 1616.6
1179500 1613.3
1179510 1607.8
1179520 1607.8
1179530 1601.5
1179540 1595.7
1179550 1602.4
1179560 1597.3
1179570 1593.5
1179580 1593.5
1179590 1589.8
1179600 1586.1
1179610 1586.1
1179620 1580.9
1179630 1573.8
1179640 1566.1
1179650 1566.1
1179660 1557.5
1179670 1547.9
1179680 1547.9
1179690 1538.1
1179700 1528.1
1179710 1528.1
1179720 1519.9
1179730 1513.5
1179740 1513.5
1179750 1507.8
1179760 1502.7
1179770 1502.7
1179780 1498.8
1179790 1497.2
1179800 1497.2
1179810 1495.7
1179820 1494.3
1179830 1494.3
1179840 1491.0
1179850 1486.3
1179860 1486.3
1179870 1483.0
1179880 1480.4
1179890 1476.9
1179900 1476.9
1179910 1474.0
1179920 1470.8
1179930 1470.8
1179940 1468.6
1179950 1467.7
1179960 1467.7
1179970 1470.6
1179980 1466.7
1179990 1466.7
