1160000 2469.8
1160010 2469.8
1160020 2471.6
1160030 2475.0
1160040 2475.0
1160050 2480.4
1160060 2487.9
1160070 2495.1
1160080 2495.1
1160090 2503.3
1160100 2507.9
1160110 2507.9
1160120 2523.4
1160130 2533.4
1160140 2533.4
1160150 2544.4
1160160 2554.4
1160170 2554.4
1160180 2562.3
1160190 2568.9
1160200 2568.9
1160210 2579.8
1160220 2589.1
1160230 2589.1
1160240 2595.9
1160250 2602.3
1160260 2602.3
1160270 2609.7
1160280 2616.2
1160290 2616.2
1160300 2622.3
1160310 2628.6
1160320 2635.7
1160330 2635.7
1160340 2642.7
1160350 2649.6
1160360 2649.6
1160370 2661.6
1160380 2682.8
1160390 2682.8
1160400 2700.1
1160410 2704.6
1160420 2704.6
1160430 2707.3
1160440 2709.9
1160450 2709.9
1160460 2714.5
1160470 2718.9
1160480 2718.9
1160490 2722.9
1160500 2726.7
1160510 2733.3
1160520 2737.3
1160530 2741.6
1160540 2741.6
1160550 2746.1
1160560 2751.3
1160570 2756.9
1160580 2756.9
1160590 2763.2
1160600 2770.8
1160610 2770.8
1160620 2779.6
1160630 2786.1
1160640 2786.1
1160650 2789.6
1160660 2792.7
1160670 2792.7
1160680 2796.4
1160690 2798.7
1160700 2798.7
1160710 2796.3
1160720 2789.1
1160730 2789.1
1160740 2783.0
1160750 2776.1
1160760 2776.1
1160770 2766.9
1160780 2759.0
1160790 2759.0
1160800 2751.4
1160810 2742.6
1160820 2734.1
1160830 2734.1
1160840 2726.2
1160850 2716.4
1160860 2716.4
1160870 2705.8
1160880 2692.3
1160890 2692.3
1160900 2677.9
1160910 2655.7
1160920 2655.7
1160930 2641.9
1160940 2624.2
1160950 2624.2
1160960 2604.0
1160970 2588.2
1160980 2588.2
1160990 2577.0
1161000 2567.0
1161010 2567.0
1161020 2551.1
1161030 2530.1
1161040 2530.1
1161050 2521.4
1161060 2511.6
1161070 2502.2
1161080 2502.2
1161090 2496.1
1161100 2489.3
1161110 2489.3
1161120 2484.3
1161130 2481.6
1161140 2481.6
1161150 2479.5
1161160 2477.5
1161170 2477.5
1161180 2474.3
1161190 2470.9
1161200 2470.9
1161210 2466.6
1161220 2460.3
1161230 2460.3
1161240 2456.3
1161250 2452.6
1161260 2452.6
1161270 2446.5
1161280 2440.2
1161290 2440.2
1161300 2416.9
1161310 2407.2
1161320 2404.3
1161330 2404.3
1161340 2396.4
1161350 2391.8
1161360 2391.8
1161370 2388.2
1161380 2384.7
1161390 2384.7
1161400 2378.7
1161410 2373.3
1161420 2373.3
1161430 2366.2
1161440 2360.5
1161450 2360.5
1161460 2353.6
1161470 2341.9
1161480 2341.9
1161490 2333.2
1161500 2312.3
1161510 2312.3
1161520 2289.5
1161530 2266.4
1161540 2266.4
1161550 2258.0
1161560 2251.6
1161570 2247.5
1161580 2247.5
1161590 2247.3
1161600 2246.6
1161610 2246.6
1161620 2244.5
1161630 2241.1
1161640 2241.1
1161650 2237.5
1161660 2238.7
1161670 2238.7
1161680 2242.8
1161690 2239.1
1161700 2239.1
1161710 2231.8
1161720 2224.7
1161730 2224.7
1161740 2218.2
1161750 2209.1
1161760 2209.1
1161770 2197.1
1161780 2188.4
1161790 2188.4
1161800 2179.7
1161810 2172.6
1161820 2166.1
1161830 2166.1
1161840 2160.0
1161850 2153.3
1161860 2153.3
1161870 2146.0
1161880 2141.0
1161890 2141.0
1161900 2139.3
1161910 2139.2
1161920 2139.2
1161930 2137.9
1161940 2136.1
1161950 2136.1
1161960 2134.8
1161970 2132.5
1161980 2132.5
1161990 2129.9
1162000 2128.5
1162010 2128.5
1162020 2126.7
1162030 2125.0
1162040 2125.0
1162050 2122.9
1162060 2120.4
1162070 2118.3
1162080 2118.3
1162090 2114.5
1162100 2112.7
1162110 2112.7
1162120 2110.9
1162130 2109.1
1162140 2109.1
1162150 2106.7
1162160 2104.1
1162170 2104.1
1162180 2101.7
1162190 2099.2
1162200 2099.2
1162210 2096.5
1162220 2094.2
1162230 2094.2
1162240 2092.0
1162250 2089.7
1162260 2089.7
1162270 2087.6
1162280 2085.0
1162290 2085.0
1162300 2081.2
1162310 2078.3
1162320 2075.6
1162330 2075.6
1162340 2072.7
1162350 2069.7
1162360 2069.7
1162370 2066.8
1162380 2064.1
1162390 2064.1
1162400 2061.0
1162410 2056.6
1162420 2056.6
1162430 2051.5
1162440 2048.4
1162450 2048.4
1162460 2046.5
1162470 2042.7
1162480 2036.4
1162490 2032.2
1162500 2028.5
1162510 2028.5
1162520 2025.6
1162530 2023.8
1162540 2023.8
1162550 2022.7
1162560 2020.7
1162570 2018.3
1162580 2018.3
1162590 2015.1
1162600 2012.4
1162610 2012.4
1162620 2010.3
1162630 2008.5
1162640 2008.5
1162650 2006.6
1162660 2004.6
1162670 2004.6
1162680 2002.7
1162690 2001.1
1162700 2001.1
1162710 1999.3
1162720 1995.4
1162730 1995.4
1162740 1990.6
1162750 1993.2
1162760 1993.2
1162770 1992.7
1162780 1989.7
1162790 1989.7
1162800 1990.6
1162810 1991.7
1162820 1991.1
1162830 1991.1
1162840 1990.8
1162850 1992.5
1162860 1992.5
1162870 1992.4
1162880 1986.6
1162890 1986.6
1162900 1986.3
1162910 1985.4
1162920 1985.4
1162930 1984.2
1162940 1982.5
1162950 1982.5
1162960 1981.4
1162970 1980.2
1162980 1980.2
1162990 1978.8
1163000 1977.8
1163010 1977.8
1163020 1976.4
1163030 1975.0
1163040 1975.0
1163050 1973.3
1163060 1972.2
1163070 1971.8
1163080 1971.8
1163090 1970.8
1163100 1969.5
1163110 1969.5
1163120 1968.2
1163130 1966.3
1163140 1966.3
1163150 1964.0
1163160 1964.0
1163170 1964.0
1163180 1963.5
1163190 1962.1
1163200 1962.1
1163210 1960.1
1163220 1957.9
1163230 1957.9
1163240 1955.7
1163250 1953.8
1163260 1953.8
1163270 1946.1
1163280 1944.9
1163290 1944.9
1163300 1943.4
1163310 1943.0
1163320 1941.7
1163330 1941.7
1163340 1940.4
1163350 1938.4
1163360 1938.4
1163370 1935.3
1163380 1933.4
1163390 1933.4
1163400 1934.5
1163410 1935.5
1163420 1935.5
1163430 1936.6
1163440 1936.5
1163450 1936.5
1163460 1936.1
1163470 1935.6
1163480 1935.6
1163490 1935.9
1163500 1939.0
1163510 1939.0
1163520 1941.8
1163530 1942.3
1163540 1942.3
1163550 1940.1
1163560 1936.8
1163570 1935.6
1163580 1935.6
1163590 1935.9
1163600 1933.6
1163610 1933.6
1163620 1930.4
1163630 1930.0
1163640 1930.0
1163650 1930.0
1163660 1929.7
1163670 1922.4
1163680 1923.1
1163690 1924.0
1163700 1924.0
1163710 1922.5
1163720 1920.6
1163730 1920.6
1163740 1917.7
1163750 1914.6
1163760 1914.6
1163770 1911.9
1163780 1909.4
1163790 1909.4
1163800 1906.5
1163810 1902.3
1163820 1896.9
1163830 1896.9
1163840 1891.0
1163850 1885.7
1163860 1885.7
1163870 1881.6
1163880 1877.5
1163890 1877.5
1163900 1872.4
1163910 1867.1
1163920 1867.1
1163930 1861.7
1163940 1856.0
1163950 1856.0
1163960 1849.4
1163970 1842.6
1163980 1842.6
1163990 1835.4
1164000 1826.3
1164010 1826.3
1164020 1817.3
1164030 1810.0
1164040 1810.0
1164050 1802.6
1164060 1794.5
1164070 1782.7
1164080 1782.7
1164090 1771.8
1164100 1760.3
1164110 1760.3
1164120 1750.6
1164130 1741.3
1164140 1741.3
1164150 1717.4
1164160 1691.4
1164170 1691.4
1164180 1676.4
1164190 1662.1
1164200 1662.1
1164210 1648.8
1164220 1637.6
1164230 1637.6
1164240 1628.5
1164250 1619.5
1164260 1619.5
1164270 1610.6
1164280 1603.0
1164290 1603.0
1164300 1594.6
1164310 1589.8
1164320 1590.4
1164330 1590.4
1164340 1593.5
1164350 1597.7
1164360 1597.7
1164370 1602.0
1164380 1608.0
1164390 1608.0
1164400 1614.6
1164410 1621.2
1164420 1621.2
1164430 1628.1
1164440 1635.2
1164450 1635.2
1164460 1642.9
1164470 1650.2
1164480 1650.2
1164490 1657.8
1164500 1666.2
1164510 1666.2
1164520 1675.3
1164530 1683.4
1164540 1683.4
1164550 1691.3
1164560 1700.4
1164570 1718.9
1164580 1718.9
1164590 1743.3
1164600 1759.1
1164610 1759.1
1164620 1774.4
1164630 1784.9
1164640 1784.9
1164650 1798.3
1164660 1833.6
1164670 1833.6
1164680 1857.1
1164690 1868.4
1164700 1868.4
1164710 1878.3
1164720 1882.9
1164730 1882.9
1164740 1888.1
1164750 1895.2
1164760 1895.2
1164770 1908.0
1164780 1915.9
1164790 1915.9
1164800 1917.7
1164810 1928.4
1164820 1927.7
1164830 1927.7
1164840 1928.7
1164850 1933.1
1164860 1923.0
1164870 1922.3
1164880 1921.8
1164890 1921.8
1164900 1920.9
1164910 1921.5
1164920 1921.5
1164930 1924.9
1164940 1928.7
1164950 1928.7
1164960 1931.3
1164970 1932.2
1164980 1932.2
1164990 1935.3
1165000 1936.5
1165010 1936.5
1165020 1937.3
1165030 1935.9
1165040 1935.9
1165050 1936.9
1165060 1943.3
1165070 1951.8
1165080 1951.8
1165090 1960.1
1165100 1967.4
1165110 1967.4
1165120 1974.4
1165130 1982.5
1165140 1982.5
1165150 1990.0
1165160 1997.6
1165170 1997.6
1165180 2004.0
1165190 2010.0
1165200 2010.0
1165210 2016.5
1165220 2022.7
1165230 2022.7
1165240 2027.3
1165250 2032.4
1165260 2037.7
1165270 2044.9
1165280 2052.0
1165290 2052.0
1165300 2058.5
1165310 2066.9
1165320 2080.7
1165330 2080.7
1165340 2091.1
1165350 2100.9
1165360 2100.9
1165370 2106.5
1165380 2116.1
1165390 2116.1
1165400 2125.7
1165410 2130.7
1165420 2130.7
1165430 2135.7
1165440 2139.9
1165450 2139.9
1165460 2143.5
1165470 2167.1
1165480 2167.1
1165490 2190.0
1165500 2200.9
1165510 2200.9
1165520 2209.9
1165530 2215.4
1165540 2215.4
1165550 2218.3
1165560 2222.1
1165570 2225.9
1165580 2225.9
1165590 2229.0
1165600 2233.7
1165610 2233.7
1165620 2237.5
1165630 2238.7
1165640 2238.7
1165650 2248.8
1165660 2252.2
1165670 2252.2
1165680 2255.6
1165690 2260.2
1165700 2260.2
1165710 2267.4
1165720 2276.8
1165730 2276.8
1165740 2286.1
1165750 2294.4
1165760 2294.4
1165770 2301.3
1165780 2307.5
1165790 2307.5
1165800 2313.6
1165810 2320.0
1165820 2327.8
1165830 2327.8
1165840 2337.7
1165850 2347.6
1165860 2347.6
1165870 2355.3
1165880 2361.8
1165890 2361.8
1165900 2368.1
1165910 2375.1
1165920 2375.1
1165930 2383.3
1165940 2391.7
1165950 2391.7
1165960 2400.1
1165970 2408.1
1165980 2408.1
1165990 2415.7
1166000 2423.2
1166010 2423.2
1166020 2430.9
1166030 2438.8
1166040 2438.8
1166050 2445.2
1166060 2453.3
1166070 2461.5
1166080 2461.5
1166090 2470.2
1166100 2477.9
1166110 2477.9
1166120 2484.0
1166130 2481.4
1166140 2481.4
1166150 2472.6
1166160 2466.2
1166170 2466.2
1166180 2462.9
1166190 2458.6
1166200 2458.6
1166210 2455.2
1166220 2455.3
1166230 2455.3
1166240 2457.2
1166250 2457.7
1166260 2457.7
1166270 2454.5
1166280 2451.5
1166290 2451.5
1166300 2450.9
1166310 2447.8
1166320 2444.8
1166330 2444.8
1166340 2436.9
1166350 2425.7
1166360 2425.7
1166370 2414.9
1166380 2402.7
1166390 2402.7
1166400 2388.8
1166410 2374.0
1166420 2374.0
1166430 2363.5
1166440 2354.7
1166450 2360.6
1166460 2351.2
1166470 2342.5
1166480 2342.5
1166490 2334.6
1166500 2330.5
1166510 2330.5
1166520 2327.8
1166530 2324.6
1166540 2324.6
1166550 2321.4
1166560 2317.2
1166570 2314.7
1166580 2314.7
1166590 2311.6
1166600 2308.7
1166610 2308.7
1166620 2306.5
1166630 2303.5
1166640 2303.5
1166650 2300.7
1166660 2298.4
1166670 2298.4
1166680 2295.4
1166690 2292.0
1166700 2292.0
1166710 2289.6
1166720 2287.8
1166730 2287.8
1166740 2286.2
1166750 2284.7
1166760 2284.7
1166770 2282.9
1166780 2281.0
1166790 2281.0
1166800 2278.9
1166810 2276.9
1166820 2275.7
1166830 2275.7
1166840 2274.8
1166850 2278.1
1166860 2278.1
1166870 2277.5
1166880 2276.4
1166890 2276.4
1166900 2275.5
1166910 2273.8
1166920 2273.8
1166930 2271.9
1166940 2269.9
1166950 2269.9
1166960 2268.3
1166970 2269.8
1166980 2269.8
1166990 2283.2
1167000 2299.3
1167010 2299.3
1167020 2303.9
1167030 2307.0
1167040 2307.0
1167050 2310.5
1167060 2311.7
1167070 2311.3
1167080 2311.3
1167090 2312.4
1167100 2312.4
1167110 2312.4
1167120 2312.8
1167130 2315.7
1167140 2315.7
1167150 2319.5
1167160 2324.1
1167170 2324.1
1167180 2331.6
1167190 2346.3
1167200 2346.3
1167210 2361.9
1167220 2366.3
1167230 2366.3
1167240 2363.1
1167250 2372.7
1167260 2372.7
1167270 2370.7
1167280 2370.6
1167290 2370.6
1167300 2373.2
1167310 2376.0
1167320 2377.0
1167330 2377.0
1167340 2379.8
1167350 2381.8
1167360 2381.8
1167370 2384.2
1167380 2386.4
1167390 2386.4
1167400 2390.4
1167410 2395.6
1167420 2395.6
1167430 2401.3
1167440 2405.9
1167450 2405.9
1167460 2410.7
1167470 2415.8
1167480 2415.8
1167490 2422.7
1167500 2431.6
1167510 2431.6
1167520 2438.1
1167530 2444.2
1167540 2444.2
1167550 2450.0
1167560 2453.4
1167570 2453.7
1167580 2453.7
1167590 2454.6
1167600 2457.2
1167610 2457.2
1167620 2460.7
1167630 2461.8
1167640 2461.8
1167650 2463.0
1167660 2460.9
1167670 2460.9
1167680 2455.6
1167690 2444.2
1167700 2444.2
1167710 2435.8
1167720 2432.3
1167730 2432.3
1167740 2429.3
1167750 2426.1
1167760 2426.1
1167770 2425.2
1167780 2425.2
1167790 2425.2
1167800 2425.2
1167810 2425.2
1167820 2425.2
1167830 2425.2
1167840 2425.6
1167850 2427.0
1167860 2427.0
1167870 2431.1
1167880 2437.0
1167890 2437.0
1167900 2443.0
1167910 2448.9
1167920 2448.9
1167930 2455.1
1167940 2461.7
1167950 2461.7
1167960 2468.3
1167970 2474.8
1167980 2474.8
1167990 2481.2
1168000 2487.8
1168010 2487.8
1168020 2494.4
1168030 2500.4
1168040 2500.4
1168050 2505.9
1168060 2517.0
1168070 2535.1
1168080 2535.1
1168090 2548.6
1168100 2558.5
1168110 2558.5
1168120 2568.3
1168130 2577.5
1168140 2577.5
1168150 2587.7
1168160 2597.6
1168170 2597.6
1168180 2609.7
1168190 2619.6
1168200 2619.6
1168210 2626.7
1168220 2633.7
1168230 2633.7
1168240 2641.8
1168250 2649.9
1168260 2649.9
1168270 2659.3
1168280 2672.1
1168290 2672.1
1168300 2680.6
1168310 2687.3
1168320 2689.5
1168330 2689.5
1168340 2686.4
1168350 2682.5
1168360 2682.5
1168370 2676.1
1168380 2669.9
1168390 2669.9
1168400 2660.3
1168410 2649.6
1168420 2649.6
1168430 2637.8
1168440 2628.2
1168450 2626.4
1168460 2619.2
1168470 2609.9
1168480 2609.9
1168490 2597.4
1168500 2579.1
1168510 2579.1
1168520 2563.1
1168530 2555.5
1168540 2555.5
1168550 2547.4
1168560 2536.0
1168570 2524.8
1168580 2524.8
1168590 2513.6
1168600 2505.4
1168610 2505.4
1168620 2498.7
1168630 2492.0
1168640 2492.0
1168650 2485.0
1168660 2477.8
1168670 2477.8
1168680 2470.6
1168690 2463.7
1168700 2463.7
1168710 2457.0
1168720 2449.7
1168730 2449.7
1168740 2441.9
1168750 2435.3
1168760 2435.3
1168770 2428.6
1168780 2421.8
1168790 2421.8
1168800 2415.3
1168810 2409.0
1168820 2402.9
1168830 2402.9
1168840 2397.0
1168850 2391.3
1168860 2389.5
1168870 2384.5
1168880 2379.4
1168890 2379.4
1168900 2374.7
1168910 2371.1
1168920 2371.1
1168930 2366.7
1168940 2361.0
1168950 2361.0
1168960 2354.6
1168970 2347.8
1168980 2347.8
1168990 2341.0
1169000 2334.4
1169010 2334.4
1169020 2328.6
1169030 2323.9
1169040 2323.9
1169050 2319.4
1169060 2315.1
1169070 2309.9
1169080 2309.9
1169090 2303.5
1169100 2296.8
1169110 2296.8
1169120 2293.1
1169130 2289.6
1169140 2289.6
1169150 2278.4
1169160 2258.4
1169170 2258.4
1169180 2249.3
1169190 2242.5
1169200 2242.5
1169210 2237.2
1169220 2233.6
1169230 2233.6
1169240 2230.3
1169250 2226.8
1169260 2224.6
1169270 2221.5
1169280 2219.0
1169290 2216.6
1169300 2216.6
1169310 2214.7
1169320 2213.7
1169330 2213.7
1169340 2212.1
1169350 2211.0
1169360 2211.0
1169370 2208.4
1169380 2204.8
1169390 2204.8
1169400 2202.6
1169410 2202.4
1169420 2202.4
1169430 2203.6
1169440 2204.5
1169450 2204.5
1169460 2202.4
1169470 2201.1
1169480 2201.1
1169490 2202.0
1169500 2202.8
1169510 2202.8
1169520 2202.6
1169530 2202.1
1169540 2201.6
1169550 2201.6
1169560 2201.5
1169570 2199.0
1169580 2199.0
1169590 2196.9
1169600 2194.9
1169610 2194.9
1169620 2193.9
1169630 2193.5
1169640 2193.5
1169650 2191.4
1169660 2190.8
1169670 2190.8
1169680 2192.8
1169690 2191.9
1169700 2191.9
1169710 2188.6
1169720 2186.4
1169730 2186.4
1169740 2187.7
1169750 2190.6
1169760 2190.6
1169770 2193.9
1169780 2196.8
1169790 2200.6
1169800 2200.6
1169810 2204.4
1169820 2208.7
1169830 2208.7
1169840 2214.1
1169850 2219.7
1169860 2219.7
1169870 2225.8
1169880 2233.3
1169890 2233.3
1169900 2241.8
1169910 2250.4
1169920 2250.4
1169930 2251.7
1169940 2248.8
1169950 2248.8
1169960 2244.3
1169970 2236.9
1169980 2236.9
1169990 2229.7
1170000 2223.6
1170010 2223.6
1170020 2218.5
1170030 2211.2
1170040 2205.2
1170050 2205.2
1170060 2198.7
1170070 2191.2
1170080 2191.2
1170090 2183.9
1170100 2176.9
1170110 2176.9
1170120 2170.4
1170130 2164.9
1170140 2164.9
1170150 2160.4
1170160 2157.8
1170170 2157.8
1170180 2156.3
1170190 2154.8
1170200 2154.8
1170210 2153.8
1170220 2153.2
1170230 2153.2
1170240 2152.5
1170250 2151.5
1170260 2151.5
1170270 2150.0
1170280 2148.6
1170290 2147.9
1170300 2147.9
1170310 2146.5
1170320 2145.1
1170330 2145.1
1170340 2144.4
1170350 2143.7
1170360 2143.7
1170370 2143.0
1170380 2142.7
1170390 2142.7
1170400 2142.7
1170410 2142.9
1170420 2142.9
1170430 2143.0
1170440 2143.5
1170450 2143.5
1170460 2144.8
1170470 2142.3
1170480 2142.3
1170490 2143.3
1170500 2145.0
1170510 2145.0
1170520 2147.1
1170530 2149.3
1170540 2151.6
1170550 2151.6
1170560 2153.3
1170570 2154.4
1170580 2154.4
1170590 2156.1
1170600 2157.2
1170610 2157.2
1170620 2160.6
1170630 2164.4
1170640 2164.4
1170650 2167.9
1170660 2171.9
1170670 2171.9
1170680 2176.9
1170690 2182.2
1170700 2182.2
1170710 2187.7
1170720 2194.0
1170730 2194.0
1170740 2199.5
1170750 2206.0
1170760 2206.0
1170770 2212.3
1170780 2216.4
1170790 2222.0
1170800 2222.0
1170810 2227.4
1170820 2231.5
1170830 2231.5
1170840 2237.0
1170850 2240.9
1170860 2240.9
1170870 2244.0
1170880 2240.7
1170890 2240.7
1170900 2241.8
1170910 2241.4
1170920 2241.4
1170930 2237.9
1170940 2232.2
1170950 2232.2
1170960 2229.0
1170970 2228.3
1170980 2228.3
1170990 2226.1
1171000 2221.5
1171010 2221.5
1171020 2215.9
1171030 2213.2
1171040 2211.6
1171050 2211.6
1171060 2207.4
1171070 2206.8
1171080 2206.8
1171090 2207.2
1171100 2209.0
1171110 2209.0
1171120 2210.5
1171130 2208.2
1171140 2208.2
1171150 2204.3
1171160 2202.4
1171170 2202.4
1171180 2200.5
1171190 2192.7
1171200 2192.7
1171210 2188.2
1171220 2187.0
1171230 2187.0
1171240 2188.8
1171250 2191.6
1171260 2191.6
1171270 2194.6
1171280 2193.1
1171290 2200.1
1171300 2200.1
1171310 2206.7
1171320 2211.0
1171330 2211.0
1171340 2212.3
1171350 2210.2
1171360 2210.2
1171370 2209.7
1171380 2209.9
1171390 2209.9
1171400 2210.0
1171410 2212.1
1171420 2212.1
1171430 2215.7
1171440 2220.5
1171450 2220.5
1171460 2219.4
1171470 2215.3
1171480 2215.3
1171490 2216.0
1171500 2219.8
1171510 2219.8
1171520 2218.4
1171530 2220.3
1171540 2222.8
1171550 2222.8
1171560 2225.8
1171570 2230.5
1171580 2230.5
1171590 2233.4
1171600 2236.1
1171610 2236.1
1171620 2238.8
1171630 2241.8
1171640 2241.8
1171650 2244.3
1171660 2241.1
1171670 2241.1
1171680 2237.2
1171690 2230.7
1171700 2230.7
1171710 2242.1
1171720 2248.4
1171730 2248.4
1171740 2247.5
1171750 2248.4
1171760 2248.4
1171770 2252.9
1171780 2257.4
1171790 2261.5
1171800 2261.5
1171810 2266.3
1171820 2271.8
1171830 2271.8
1171840 2277.5
1171850 2281.4
1171860 2281.4
1171870 2275.3
1171880 2267.3
1171890 2267.3
1171900 2271.5
1171910 2279.1
1171920 2279.1
1171930 2286.6
1171940 2291.0
1171950 2291.0
1171960 2297.7
1171970 2305.6
1171980 2305.6
1171990 2305.4
1172000 2304.7
1172010 2304.7
1172020 2303.7
1172030 2305.0
1172040 2306.0
1172050 2306.0
1172060 2306.2
1172070 2315.1
1172080 2315.1
1172090 2318.3
1172100 2332.2
1172110 2332.2
1172120 2347.0
1172130 2350.9
1172140 2350.9
1172150 2332.8
1172160 2315.9
1172170 2315.9
1172180 2308.2
1172190 2302.6
1172200 2302.6
1172210 2298.3
1172220 2294.0
1172230 2294.0
1172240 2291.1
1172250 2291.9
1172260 2291.9
1172270 2290.3
1172280 2285.6
1172290 2283.6
1172300 2283.6
1172310 2285.0
1172320 2285.1
1172330 2285.1
1172340 2276.5
1172350 2269.1
1172360 2269.1
1172370 2261.2
1172380 2254.5
1172390 2254.5
1172400 2247.5
1172410 2240.0
1172420 2240.0
1172430 2228.6
1172440 2220.5
1172450 2220.5
1172460 2210.1
1172470 2197.8
1172480 2197.8
1172490 2191.0
1172500 2188.8
1172510 2188.8
1172520 2180.5
1172530 2174.1
1172540 2165.1
1172550 2165.1
1172560 2148.5
1172570 2135.6
1172580 2135.6
1172590 2129.6
1172600 2122.4
1172610 2122.4
1172620 2113.7
1172630 2104.3
1172640 2104.3
1172650 2095.0
1172660 2086.5
1172670 2086.5
1172680 2077.9
1172690 2070.2
1172700 2070.2
1172710 2063.2
1172720 2056.7
1172730 2056.7
1172740 2050.4
1172750 2042.9
1172760 2042.9
1172770 2035.7
1172780 2031.0
1172790 2029.1
1172800 2029.1
1172810 2028.4
1172820 2024.9
1172830 2024.9
1172840 2018.6
1172850 2010.8
1172860 2010.8
1172870 2003.5
1172880 1995.6
1172890 1995.6
1172900 1984.2
1172910 1980.4
1172920 1980.4
1172930 1970.7
1172940 1959.8
1172950 1959.8
1172960 1955.1
1172970 1955.1
1172980 1955.1
1172990 1950.7
1173000 1942.8
1173010 1942.8
1173020 1932.5
1173030 1921.3
1173040 1910.4
1173050 1910.4
1173060 1902.7
1173070 1896.9
1173080 1896.9
1173090 1890.1
1173100 1881.0
1173110 1881.0
1173120 1868.2
1173130 1863.6
1173140 1863.6
1173150 1856.4
1173160 1828.4
1173170 1828.4
1173180 1807.5
1173190 1801.1
1173200 1801.1
1173210 1795.9
1173220 1793.0
1173230 1793.0
1173240 1790.0
1173250 1786.5
1173260 1786.5
1173270 1782.9
1173280 1778.8
1173290 1774.5
1173300 1774.5
1173310 1770.0
1173320 1765.0
1173330 1765.0
1173340 1761.1
1173350 1756.8
1173360 1756.8
1173370 1752.5
1173380 1747.7
1173390 1747.7
1173400 1743.0
1173410 1740.0
1173420 1740.0
1173430 1737.4
1173440 1733.5
1173450 1733.5
1173460 1729.7
1173470 1725.8
1173480 1725.8
1173490 1721.8
1173500 1718.3
1173510 1718.3
1173520 1714.9
1173530 1711.7
1173540 1707.2
1173550 1707.2
1173560 1706.6
1173570 1706.5
1173580 1706.5
1173590 1711.6
1173600 1715.9
1173610 1715.9
1173620 1720.7
1173630 1724.9
1173640 1724.9
1173650 1728.7
1173660 1732.6
1173670 1732.6
1173680 1736.4
1173690 1739.9
1173700 1739.9
1173710 1743.3
1173720 1746.9
1173730 1745.1
1173740 1749.6
1173750 1754.3
1173760 1754.3
1173770 1758.8
1173780 1762.8
1173790 1766.5
1173800 1766.5
1173810 1769.2
1173820 1771.9
1173830 1771.9
1173840 1774.0
1173850 1776.8
1173860 1776.8
1173870 1778.7
1173880 1774.3
1173890 1774.3
1173900 1770.9
1173910 1770.7
1173920 1770.7
1173930 1774.7
1173940 1781.4
1173950 1781.4
1173960 1788.5
1173970 1794.3
1173980 1794.3
1173990 1821.9
1174000 1847.1
1174010 1847.1
1174020 1859.7
1174030 1868.0
1174040 1875.5
1174050 1875.5
1174060 1879.6
1174070 1886.8
1174080 1886.8
1174090 1901.5
1174100 1908.7
1174110 1908.7
1174120 1916.1
1174130 1909.4
1174140 1909.4
1174150 1919.0
1174160 1930.7
1174170 1930.7
1174180 1950.1
1174190 1957.8
1174200 1957.8
1174210 1958.4
1174220 1957.8
1174230 1957.8
1174240 1964.8
1174250 1970.4
1174260 1970.4
1174270 1975.2
1174280 1981.3
1174290 1987.1
1174300 1987.1
1174310 1991.6
1174320 1993.5
1174330 1993.5
1174340 1985.3
1174350 1983.6
1174360 1983.6
1174370 1992.3
1174380 1998.2
1174390 1998.2
1174400 2009.8
1174410 2022.6
1174420 2022.6
1174430 2025.8
1174440 2029.5
1174450 2029.5
1174460 2033.6
1174470 2041.9
1174480 2041.9
1174490 2050.7
1174500 2056.8
1174510 2056.8
1174520 2066.3
1174530 2072.6
1174540 2052.9
1174550 2052.9
1174560 2054.7
1174570 2055.9
1174580 2055.9
1174590 2055.6
1174600 2048.2
1174610 2048.2
1174620 2040.0
1174630 2038.1
1174640 2038.1
1174650 2040.4
1174660 2048.6
1174670 2048.6
1174680 2054.3
1174690 2060.5
1174700 2060.5
1174710 2069.0
1174720 2075.9
1174730 2075.9
1174740 2082.7
1174750 2091.6
1174760 2091.6
1174770 2098.8
1174780 2107.2
1174790 2116.1
1174800 2116.1
1174810 2124.5
1174820 2136.3
1174830 2136.3
1174840 2149.0
1174850 2154.8
1174860 2154.8
1174870 2153.3
1174880 2153.9
1174890 2153.9
1174900 2162.5
1174910 2167.4
1174920 2167.4
1174930 2168.1
1174940 2164.0
1174950 2154.5
1174960 2155.1
1174970 2150.7
1174980 2150.7
1174990 2153.4
1175000 2153.3
1175010 2153.3
1175020 2141.1
1175030 2145.2
1175040 2148.2
1175050 2148.2
1175060 2147.8
1175070 2156.1
1175080 2156.1
1175090 2171.5
1175100 2186.8
1175110 2186.8
1175120 2196.1
1175130 2201.9
1175140 2201.9
1175150 2203.5
1175160 2207.5
1175170 2207.5
1175180 2218.3
1175190 2221.6
1175200 2221.6
1175210 2216.5
1175220 2209.1
1175230 2209.1
1175240 2201.3
1175250 2192.9
1175260 2192.9
1175270 2186.2
1175280 2198.0
1175290 2207.4
1175300 2207.4
1175310 2209.8
1175320 2216.1
1175330 2216.1
1175340 2210.5
1175350 2219.1
1175360 2219.1
1175370 2219.8
1175380 2224.8
1175390 2224.8
1175400 2228.3
1175410 2243.3
1175420 2243.3
1175430 2259.6
1175440 2271.4
1175450 2271.4
1175460 2273.4
1175470 2273.9
1175480 2273.9
1175490 2280.5
1175500 2288.4
1175510 2288.4
1175520 2285.8
1175530 2280.1
1175540 2278.7
1175550 2278.7
1175560 2275.7
1175570 2274.1
1175580 2274.1
1175590 2272.8
1175600 2278.2
1175610 2278.2
1175620 2286.9
1175630 2294.1
1175640 2294.1
1175650 2292.6
1175660 2289.0
1175670 2289.0
1175680 2290.4
1175690 2301.2
1175700 2301.2
1175710 2313.4
1175720 2324.2
1175730 2324.2
1175740 2331.6
1175750 2342.3
1175760 2342.3
1175770 2350.9
1175780 2350.8
1175790 2359.4
1175800 2359.4
1175810 2362.3
1175820 2358.6
1175830 2358.6
1175840 2360.4
1175850 2360.2
1175860 2360.2
1175870 2362.8
1175880 2360.4
1175890 2360.4
1175900 2361.0
1175910 2365.6
1175920 2365.6
1175930 2376.2
1175940 2384.2
1175950 2384.2
1175960 2388.2
1175970 2388.9
1175980 2388.9
1175990 2387.7
1176000 2392.0
1176010 2401.7
1176020 2401.7
1176030 2408.0
1176040 2411.7
1176050 2411.7
1176060 2416.9
1176070 2419.5
1176080 2419.5
1176090 2421.1
1176100 2427.8
1176110 2427.8
1176120 2439.3
1176130 2446.7
1176140 2446.7
1176150 2454.1
1176160 2461.6
1176170 2461.6
1176180 2462.0
1176190 2446.8
1176200 2446.8
1176210 2426.5
1176220 2423.2
1176230 2423.2
1176240 2409.3
1176250 2393.2
1176260 2382.3
1176270 2382.3
1176280 2365.9
1176290 2358.6
1176300 2358.6
1176310 2352.5
1176320 2346.0
1176330 2346.0
1176340 2339.5
1176350 2333.1
1176360 2333.1
1176370 2326.6
1176380 2320.1
1176390 2320.1
1176400 2313.9
1176410 2307.9
1176420 2307.9
1176430 2302.2
1176440 2296.1
1176450 2296.1
1176460 2290.4
1176470 2285.1
1176480 2285.1
1176490 2279.8
1176500 2274.3
1176510 2268.9
1176520 2268.9
1176530 2263.6
1176540 2258.4
1176550 2258.4
1176560 2253.3
1176570 2248.5
1176580 2248.5
1176590 2244.2
1176600 2237.6
1176610 2237.6
1176620 2232.9
1176630 2227.9
1176640 2227.9
1176650 2223.1
1176660 2218.4
1176670 2218.4
1176680 2213.9
1176690 2209.1
1176700 2209.1
1176710 2204.7
1176720 2201.1
1176730 2201.1
1176740 2197.2
1176750 2193.2
1176760 2189.4
1176770 2189.4
1176780 2185.8
1176790 2182.2
1176800 2182.2
1176810 2178.7
1176820 2175.4
1176830 2175.4
1176840 2172.5
1176850 2170.9
1176860 2170.9
1176870 2170.6
1176880 2168.8
1176890 2168.8
1176900 2166.3
1176910 2165.4
1176920 2165.4
1176930 2164.2
1176940 2163.5
1176950 2163.5
1176960 2161.7
1176970 2160.1
1176980 2160.1
1176990 2160.7
1177000 2155.8
1177010 2153.3
1177020 2153.3
1177030 2148.7
1177040 2144.2
1177050 2144.2
1177060 2137.3
1177070 2129.5
1177080 2129.5
1177090 2121.4
1177100 2113.3
1177110 2113.3
1177120 2105.7
1177130 2098.4
1177140 2098.4
1177150 2091.4
1177160 2085.1
1177170 2085.1
1177180 2080.1
1177190 2075.9
1177200 2075.9
1177210 2071.4
1177220 2065.2
1177230 2065.2
1177240 2060.1
1177250 2055.6
1177260 2051.7
1177270 2051.7
1177280 2049.1
1177290 2046.0
1177300 2046.0
1177310 2042.7
1177320 2040.7
1177330 2040.7
1177340 2038.5
1177350 2034.4
1177360 2034.4
1177370 2030.5
1177380 2027.3
1177390 2027.3
1177400 2023.2
1177410 2019.6
1177420 2019.6
1177430 2020.6
1177440 2019.4
1177450 2019.4
1177460 2018.1
1177470 2017.2
1177480 2017.2
1177490 2016.9
1177500 2016.6
1177510 2017.4
1177520 2017.4
1177530 2018.3
1177540 2020.0
1177550 2020.0
1177560 2022.5
1177570 2027.8
1177580 2027.8
1177590 2033.0
1177600 2032.4
1177610 2032.4
1177620 2032.5
1177630 2032.8
1177640 2032.8
1177650 2025.6
1177660 2017.8
1177670 2017.8
1177680 2013.6
1177690 2005.8
1177700 2005.8
1177710 1995.3
1177720 1985.6
1177730 1985.6
1177740 1977.6
1177750 1968.9
1177760 1960.1
1177770 1960.1
1177780 1952.3
1177790 1944.4
1177800 1944.4
1177810 1936.1
1177820 1926.7
1177830 1926.7
1177840 1911.2
1177850 1904.2
1177860 1904.2
1177870 1897.3
1177880 1890.2
1177890 1890.2
1177900 1884.3
1177910 1878.2
1177920 1878.2
1177930 1871.3
1177940 1864.6
1177950 1864.6
1177960 1858.7
1177970 1853.1
1177980 1853.1
1177990 1847.0
1178000 1841.2
1178010 1835.4
1178020 1835.4
1178030 1829.8
1178040 1824.1
1178050 1824.1
1178060 1817.8
1178070 1809.6
1178080 1809.6
1178090 1802.3
1178100 1794.2
1178110 1794.2
1178120 1785.9
1178130 1779.7
1178140 1779.7
1178150 1774.3
1178160 1769.3
1178170 1769.3
1178180 1763.9
1178190 1758.2
1178200 1758.2
1178210 1751.8
1178220 1743.6
1178230 1743.6
1178240 1732.0
1178250 1723.2
1178260 1708.5
1178270 1708.5
1178280 1707.2
1178290 1706.5
1178300 1706.5
1178310 1707.8
1178320 1703.1
1178330 1703.1
1178340 1698.3
1178350 1692.7
1178360 1692.7
1178370 1685.7
1178380 1681.4
1178390 1681.4
1178400 1678.3
1178410 1674.2
1178420 1674.2
1178430 1664.9
1178440 1652.7
1178450 1652.7
1178460 1644.4
1178470 1637.1
1178480 1637.1
1178490 1630.0
1178500 1622.9
1178510 1614.3
1178520 1614.3
1178530 1602.4
1178540 1594.1
1178550 1594.1
1178560 1591.5
1178570 1594.2
1178580 1594.2
1178590 1586.0
1178600 1573.7
1178610 1573.7
1178620 1565.0
1178630 1558.7
1178640 1558.7
1178650 1553.1
1178660 1548.8
1178670 1543.2
1178680 1539.4
1178690 1534.9
1178700 1534.9
1178710 1531.0
1178720 1530.8
1178730 1530.8
1178740 1532.8
1178750 1529.8
1178760 1523.1
1178770 1523.1
1178780 1516.4
1178790 1511.2
1178800 1511.2
1178810 1507.7
1178820 1506.9
1178830 1506.9
1178840 1504.7
1178850 1503.4
1178860 1503.4
1178870 1499.3
1178880 1493.4
1178890 1493.4
1178900 1483.0
1178910 1478.1
1178920 1478.1
1178930 1471.9
1178940 1465.0
1178950 1465.0
1178960 1458.6
1178970 1459.9
1178980 1459.9
1178990 1458.0
1179000 1452.7
1179010 1448.7
1179020 1448.7
1179030 1439.7
1179040 1435.3
1179050 1435.3
1179060 1427.8
1179070 1422.8
1179080 1422.8
1179090 1406.5
1179100 1402.5
1179110 1402.5
1179120 1396.6
1179130 1389.0
1179140 1389.0
1179150 1381.0
1179160 1374.8
1179170 1374.8
1179180 1370.5
1179190 1367.7
1179200 1367.7
1179210 1364.3
1179220 1361.2
1179230 1361.2
1179240 1360.2
1179250 1355.1
1179260 1348.2
1179270 1348.2
1179280 1342.1
1179290 1338.1
1179300 1338.1
1179310 1333.8
1179320 1328.8
1179330 1328.8
1179340 1324.9
1179350 1321.0
1179360 1321.0
1179370 1317.5
1179380 1315.2
1179390 1315.2
1179400 1311.9
1179410 1307.2
1179420 1307.2
1179430 1303.4
1179440 1300.3
1179450 1300.3
1179460 1298.1
1179470 1295.9
1179480 1295.9
1179490 1293.4
1179500 1291.4
1179510 1297.1
1179520 1297.1
1179530 1299.4
1179540 1301.0
1179550 1301.0
1179560 1301.3
1179570 1300.9
1179580 1300.9
1179590 1299.8
1179600 1297.9
1179610 1297.9
1179620 1295.7
1179630 1293.2
1179640 1293.2
1179650 1289.9
1179660 1286.2
1179670 1286.2
1179680 1282.4
1179690 1278.7
1179700 1278.7
1179710 1275.5
1179720 1272.6
1179730 1272.6
1179740 1270.0
1179750 1267.4
1179760 1264.9
1179770 1264.9
1179780 1262.3
1179790 1259.7
1179800 1259.7
1179810 1257.2
1179820 1254.8
1179830 1254.8
1179840 1252.5
1179850 1248.8
1179860 1248.8
1179870 1241.9
1179880 1233.8
1179890 1233.8
1179900 1228.6
1179910 1227.8
1179920 1226.2
1179930 1223.0
1179940 1221.1
1179950 1221.1
1179960 1219.5
1179970 1219.2
1179980 1219.2
1179990 1220.2
