1160000 2375.0
1160010 2375.0
1160020 2381.4
1160030 2389.9
1160040 2389.9
1160050 2398.1
1160060 2405.9
1160070 2405.9
1160080 2416.7
1160090 2428.5
1160100 2428.5
1160110 2439.2
1160120 2446.5
1160130 2446.5
1160140 2450.5
1160150 2454.7
1160160 2454.7
1160170 2461.9
1160180 2467.6
1160190 2467.6
1160200 2471.2
1160210 2476.8
1160220 2479.3
1160230 2479.3
1160240 2481.2
1160250 2482.6
1160260 2482.6
1160270 2482.8
1160280 2482.9
1160290 2482.9
1160300 2483.0
1160310 2485.4
1160320 2485.4
1160330 2490.2
1160340 2495.9
1160350 2495.9
1160360 2502.6
1160370 2506.8
1160380 2506.8
1160390 2523.0
1160400 2522.6
1160410 2522.6
1160420 2524.7
1160430 2531.1
1160440 2531.1
1160450 2537.0
1160460 2540.8
1160470 2546.0
1160480 2546.0
1160490 2551.9
1160500 2558.4
1160510 2558.4
1160520 2564.4
1160530 2570.3
1160540 2570.3
1160550 2576.9
1160560 2584.4
1160570 2584.4
1160580 2592.5
1160590 2600.8
1160600 2600.8
1160610 2609.1
1160620 2617.6
1160630 2617.6
1160640 2626.1
1160650 2634.0
1160660 2634.0
1160670 2640.6
1160680 2637.2
1160690 2637.2
1160700 2624.6
1160710 2612.9
1160720 2603.4
1160730 2603.4
1160740 2594.1
1160750 2585.7
1160760 2585.7
1160770 2577.7
1160780 2570.4
1160790 2567.9
1160800 2559.8
1160810 2552.6
1160820 2552.6
1160830 2546.2
1160840 2539.7
1160850 2539.7
1160860 2532.8
1160870 2525.6
1160880 2525.6
1160890 2518.3
1160900 2510.8
1160910 2510.8
1160920 2503.1
1160930 2495.6
1160940 2495.6
1160950 2488.6
1160960 2481.7
1160970 2475.4
1160980 2475.4
1160990 2468.4
1161000 2459.5
1161010 2459.5
1161020 2451.3
1161030 2443.7
1161040 2443.7
1161050 2436.7
1161060 2430.2
1161070 2430.2
1161080 2423.6
1161090 2417.0
1161100 2417.0
1161110 2410.9
1161120 2404.8
1161130 2404.8
1161140 2398.7
1161150 2392.4
1161160 2392.4
1161170 2386.5
1161180 2381.6
1161190 2381.6
1161200 2375.5
1161210 2369.7
1161220 2363.8
1161230 2363.8
1161240 2357.9
1161250 2352.3
1161260 2352.3
1161270 2346.8
1161280 2341.3
1161290 2341.3
1161300 2335.9
1161310 2330.5
1161320 2330.5
1161330 2325.3
1161340 2320.0
1161350 2320.0
1161360 2314.9
1161370 2310.1
1161380 2310.1
1161390 2305.4
1161400 2300.7
1161410 2300.7
1161420 2296.3
1161430 2291.7
1161440 2291.7
1161450 2287.2
1161460 2282.9
1161470 2278.9
1161480 2278.9
1161490 2274.8
1161500 2270.5
1161510 2270.5
1161520 2266.5
1161530 2262.9
1161540 2262.9
1161550 2259.2
1161560 2255.2
1161570 2254.6
1161580 2250.5
1161590 2246.5
1161600 2246.5
1161610 2243.4
1161620 2241.1
1161630 2241.1
1161640 2239.1
1161650 2236.2
1161660 2236.2
1161670 2232.1
1161680 2227.5
1161690 2227.5
1161700 2222.8
1161710 2221.2
1161720 2221.4
1161730 2221.4
1161740 2223.2
1161750 2225.5
1161760 2225.5
1161770 2227.4
1161780 2227.6
1161790 2227.6
1161800 2226.6
1161810 2226.7
1161820 2226.7
1161830 2225.4
1161840 2223.6
1161850 2223.6
1161860 2221.1
1161870 2218.7
1161880 2218.7
1161890 2216.5
1161900 2214.4
1161910 2214.4
1161920 2210.9
1161930 2209.0
1161940 2209.0
1161950 2206.9
1161960 2204.6
1161970 2198.0
1161980 2198.0
1161990 2195.3
1162000 2192.9
1162010 2192.9
1162020 2190.5
1162030 2189.5
1162040 2189.5
1162050 2191.4
1162060 2193.2
1162070 2193.2
1162080 2193.9
1162090 2194.6
1162100 2194.6
1162110 2197.4
1162120 2199.9
1162130 2199.9
1162140 2201.0
1162150 2200.5
1162160 2200.5
1162170 2199.3
1162180 2197.7
1162190 2197.7
1162200 2196.3
1162210 2198.6
1162220 2200.3
1162230 2200.3
1162240 2200.2
1162250 2199.5
1162260 2199.5
1162270 2195.6
1162280 2191.0
1162290 2191.0
1162300 2188.1
1162310 2182.5
1162320 2182.5
1162330 2180.0
1162340 2184.3
1162350 2184.3
1162360 2174.0
1162370 2175.6
1162380 2175.6
1162390 2176.0
1162400 2178.8
1162410 2178.8
1162420 2182.0
1162430 2182.6
1162440 2182.6
1162450 2180.8
1162460 2174.8
1162470 2164.5
1162480 2164.5
1162490 2157.7
1162500 2156.4
1162510 2156.4
1162520 2158.8
1162530 2160.8
1162540 2160.8
1162550 2160.6
1162560 2157.7
1162570 2157.7
1162580 2154.0
1162590 2157.1
1162600 2157.1
1162610 2155.5
1162620 2155.9
1162630 2155.9
1162640 2153.9
1162650 2152.1
1162660 2152.1
1162670 2150.2
1162680 2148.5
1162690 2148.5
1162700 2148.5
1162710 2148.2
1162720 2148.4
1162730 2148.4
1162740 2148.8
1162750 2142.8
1162760 2142.8
1162770 2146.0
1162780 2145.6
1162790 2145.6
1162800 2144.0
1162810 2141.9
1162820 2141.9
1162830 2140.6
1162840 2138.4
1162850 2138.4
1162860 2142.8
1162870 2143.3
1162880 2143.3
1162890 2145.2
1162900 2165.6
1162910 2165.6
1162920 2172.4
1162930 2175.3
1162940 2175.3
1162950 2173.4
1162960 2173.5
1162970 2182.0
1162980 2182.0
1162990 2180.9
1163000 2178.8
1163010 2178.8
1163020 2178.9
1163030 2178.2
1163040 2178.2
1163050 2176.6
1163060 2177.2
1163070 2177.2
1163080 2177.6
1163090 2178.3
1163100 2178.3
1163110 2184.1
1163120 2184.9
1163130 2184.9
1163140 2181.3
1163150 2168.2
1163160 2168.2
1163170 2171.8
1163180 2179.8
1163190 2179.8
1163200 2182.0
1163210 2180.1
1163220 2176.1
1163230 2176.1
1163240 2173.2
1163250 2169.0
1163260 2169.0
1163270 2163.1
1163280 2156.9
1163290 2156.9
1163300 2150.7
1163310 2145.8
1163320 2145.8
1163330 2139.6
1163340 2131.7
1163350 2131.7
1163360 2122.6
1163370 2114.0
1163380 2114.0
1163390 2105.8
1163400 2097.1
1163410 2097.1
1163420 2087.1
1163430 2077.2
1163440 2077.2
1163450 2068.4
1163460 2059.5
1163470 2050.1
1163480 2050.1
1163490 2040.9
1163500 2032.4
1163510 2032.4
1163520 2025.4
1163530 2019.8
1163540 2019.8
1163550 2008.6
1163560 2004.3
1163570 2004.3
1163580 2000.2
1163590 1996.5
1163600 1996.5
1163610 1994.1
1163620 1988.6
1163630 1988.6
1163640 1982.5
1163650 1976.7
1163660 1976.7
1163670 1969.2
1163680 1960.2
1163690 1960.2
1163700 1953.3
1163710 1949.7
1163720 1946.7
1163730 1946.7
1163740 1942.4
1163750 1935.2
1163760 1935.2
1163770 1928.6
1163780 1922.6
1163790 1922.6
1163800 1917.6
1163810 1912.4
1163820 1912.4
1163830 1906.0
1163840 1900.2
1163850 1900.2
1163860 1894.2
1163870 1888.4
1163880 1888.4
1163890 1881.8
1163900 1874.9
1163910 1874.9
1163920 1868.6
1163930 1861.1
1163940 1858.7
1163950 1850.3
1163960 1841.4
1163970 1829.2
1163980 1829.2
1163990 1815.6
1164000 1804.2
1164010 1804.2
1164020 1792.9
1164030 1781.5
1164040 1781.5
1164050 1769.9
1164060 1759.4
1164070 1759.4
1164080 1748.7
1164090 1740.0
1164100 1740.0
1164110 1733.8
1164120 1725.8
1164130 1725.8
1164140 1713.4
1164150 1702.1
1164160 1702.1
1164170 1692.2
1164180 1680.0
1164190 1680.0
1164200 1669.3
1164210 1659.1
1164220 1647.2
1164230 1647.2
1164240 1638.5
1164250 1630.7
1164260 1630.7
1164270 1623.5
1164280 1616.6
1164290 1616.6
1164300 1609.3
1164310 1602.0
1164320 1602.0
1164330 1595.6
1164340 1592.1
1164350 1592.1
1164360 1586.4
1164370 1581.1
1164380 1581.1
1164390 1575.0
1164400 1565.2
1164410 1565.2
1164420 1560.2
1164430 1563.5
1164440 1563.5
1164450 1571.4
1164460 1579.7
1164470 1586.8
1164480 1586.8
1164490 1594.0
1164500 1603.0
1164510 1603.0
1164520 1614.1
1164530 1626.0
1164540 1626.0
1164550 1638.3
1164560 1652.1
1164570 1652.1
1164580 1669.6
1164590 1682.3
1164600 1682.3
1164610 1695.1
1164620 1706.0
1164630 1706.0
1164640 1720.0
1164650 1733.0
1164660 1733.0
1164670 1745.7
1164680 1754.8
1164690 1754.8
1164700 1766.3
1164710 1782.9
1164720 1802.6
1164730 1802.6
1164740 1836.5
1164750 1848.7
1164760 1848.7
1164770 1862.4
1164780 1874.5
1164790 1874.5
1164800 1886.9
1164810 1900.2
1164820 1900.2
1164830 1910.7
1164840 1920.5
1164850 1920.5
1164860 1929.9
1164870 1938.9
1164880 1938.9
1164890 1949.2
1164900 1959.4
1164910 1959.4
1164920 1970.1
1164930 1979.4
1164940 1979.4
1164950 1985.0
1164960 1989.2
1164970 1995.0
1164980 1995.0
1164990 2004.5
1165000 2018.3
1165010 2018.3
1165020 2028.0
1165030 2032.6
1165040 2032.6
1165050 2038.3
1165060 2046.7
1165070 2046.7
1165080 2053.3
1165090 2055.9
1165100 2055.9
1165110 2058.0
1165120 2061.0
1165130 2056.2
1165140 2061.3
1165150 2065.5
1165160 2065.5
1165170 2069.1
1165180 2073.1
1165190 2073.1
1165200 2077.1
1165210 2080.7
1165220 2084.0
1165230 2084.0
1165240 2087.2
1165250 2091.2
1165260 2091.2
1165270 2095.7
1165280 2100.2
1165290 2100.2
1165300 2105.2
1165310 2110.8
1165320 2110.8
1165330 2116.5
1165340 2120.6
1165350 2120.6
1165360 2125.3
1165370 2130.6
1165380 2130.6
1165390 2136.3
1165400 2141.7
1165410 2141.7
1165420 2146.3
1165430 2148.6
1165440 2148.6
1165450 2150.0
1165460 2151.9
1165470 2156.1
1165480 2156.1
1165490 2162.2
1165500 2168.4
1165510 2168.4
1165520 2173.1
1165530 2177.2
1165540 2177.2
1165550 2181.3
1165560 2184.4
1165570 2184.4
1165580 2187.8
1165590 2191.3
1165600 2191.3
1165610 2195.2
1165620 2199.5
1165630 2199.5
1165640 2203.6
1165650 2207.6
1165660 2207.6
1165670 2211.7
1165680 2216.3
1165690 2216.3
1165700 2221.0
1165710 2225.3
1165720 2228.2
1165730 2228.2
1165740 2227.6
1165750 2223.9
1165760 2223.9
1165770 2226.1
1165780 2231.6
1165790 2231.6
1165800 2239.3
1165810 2244.3
1165820 2244.3
1165830 2245.5
1165840 2248.1
1165850 2248.1
1165860 2254.5
1165870 2264.6
1165880 2264.6
1165890 2275.1
1165900 2283.2
1165910 2283.2
1165920 2289.4
1165930 2300.2
1165940 2300.2
1165950 2306.0
1165960 2308.8
1165970 2304.2
1165980 2304.2
1165990 2296.6
1166000 2290.2
1166010 2290.2
1166020 2285.7
1166030 2281.1
1166040 2281.1
1166050 2280.5
1166060 2277.9
1166070 2277.9
1166080 2274.8
1166090 2273.1
1166100 2273.1
1166110 2271.6
1166120 2270.3
1166130 2270.3
1166140 2269.1
1166150 2267.9
1166160 2267.9
1166170 2266.3
1166180 2263.6
1166190 2263.6
1166200 2260.9
1166210 2259.7
1166220 2259.1
1166230 2259.1
1166240 2258.6
1166250 2257.9
1166260 2257.9
1166270 2256.6
1166280 2255.0
1166290 2255.0
1166300 2252.6
1166310 2250.0
1166320 2250.0
1166330 2251.2
1166340 2247.4
1166350 2247.4
1166360 2245.2
1166370 2242.4
1166380 2242.4
1166390 2238.7
1166400 2234.7
1166410 2234.7
1166420 2231.0
1166430 2227.4
1166440 2227.4
1166450 2223.9
1166460 2221.0
1166470 2219.5
1166480 2219.5
1166490 2219.7
1166500 2220.6
1166510 2220.6
1166520 2220.7
1166530 2221.3
1166540 2221.3
1166550 2222.4
1166560 2223.0
1166570 2223.0
1166580 2223.9
1166590 2225.2
1166600 2225.2
1166610 2226.7
1166620 2228.7
1166630 2228.7
1166640 2231.3
1166650 2233.9
1166660 2233.9
1166670 2233.4
1166680 2232.5
1166690 2232.5
1166700 2233.0
1166710 2235.0
1166720 2235.0
1166730 2233.9
1166740 2233.5
1166750 2232.0
1166760 2232.0
1166770 2229.3
1166780 2227.4
1166790 2227.4
1166800 2227.3
1166810 2227.1
1166820 2227.1
1166830 2227.0
1166840 2227.0
1166850 2227.0
1166860 2227.1
1166870 2227.1
1166880 2227.1
1166890 2227.4
1166900 2227.8
1166910 2227.8
1166920 2228.2
1166930 2228.7
1166940 2228.7
1166950 2229.2
1166960 2229.8
1166970 2230.3
1166980 2230.3
1166990 2230.8
1167000 2231.5
1167010 2231.5
1167020 2232.1
1167030 2232.5
1167040 2232.5
1167050 2232.8
1167060 2233.2
1167070 2233.2
1167080 2233.2
1167090 2235.9
1167100 2235.9
1167110 2239.3
1167120 2241.4
1167130 2244.4
1167140 2247.1
1167150 2249.9
1167160 2249.9
1167170 2253.9
1167180 2259.4
1167190 2259.4
1167200 2268.7
1167210 2277.5
1167220 2284.2
1167230 2284.2
1167240 2289.5
1167250 2295.0
1167260 2295.0
1167270 2301.3
1167280 2307.2
1167290 2307.2
1167300 2311.8
1167310 2316.6
1167320 2316.6
1167330 2321.5
1167340 2325.9
1167350 2325.9
1167360 2330.3
1167370 2333.7
1167380 2333.7
1167390 2337.0
1167400 2342.1
1167410 2342.1
1167420 2348.0
1167430 2351.8
1167440 2351.8
1167450 2356.5
1167460 2361.5
1167470 2365.3
1167480 2365.3
1167490 2370.0
1167500 2373.9
1167510 2373.9
1167520 2376.4
1167530 2373.5
1167540 2373.5
1167550 2377.1
1167560 2379.7
1167570 2379.7
1167580 2381.0
1167590 2385.0
1167600 2385.0
1167610 2390.3
1167620 2395.7
1167630 2395.7
1167640 2400.7
1167650 2406.1
1167660 2406.1
1167670 2410.6
1167680 2414.6
1167690 2414.6
1167700 2419.4
1167710 2423.2
1167720 2426.5
1167730 2426.5
1167740 2427.1
1167750 2426.6
1167760 2426.6
1167770 2427.4
1167780 2429.1
1167790 2429.1
1167800 2433.6
1167810 2437.8
1167820 2437.8
1167830 2434.9
1167840 2430.3
1167850 2430.3
1167860 2431.5
1167870 2436.6
1167880 2436.6
1167890 2441.9
1167900 2446.4
1167910 2446.4
1167920 2452.0
1167930 2460.3
1167940 2460.3
1167950 2469.2
1167960 2478.2
1167970 2485.3
1167980 2485.3
1167990 2489.2
1168000 2492.6
1168010 2492.6
1168020 2497.5
1168030 2501.9
1168040 2501.9
1168050 2506.0
1168060 2510.1
1168070 2510.1
1168080 2515.0
1168090 2519.8
1168100 2519.8
1168110 2524.5
1168120 2529.5
1168130 2529.5
1168140 2534.8
1168150 2540.0
1168160 2540.0
1168170 2545.5
1168180 2550.6
1168190 2550.6
1168200 2555.7
1168210 2561.3
1168220 2567.4
1168230 2567.4
1168240 2573.5
1168250 2580.4
1168260 2580.4
1168270 2587.6
1168280 2595.3
1168290 2595.3
1168300 2607.5
1168310 2623.9
1168320 2623.9
1168330 2641.0
1168340 2647.5
1168350 2647.5
1168360 2643.8
1168370 2631.2
1168380 2631.2
1168390 2617.8
1168400 2606.4
1168410 2606.4
1168420 2598.4
1168430 2589.9
1168440 2589.9
1168450 2580.2
1168460 2572.1
1168470 2564.4
1168480 2564.4
1168490 2557.4
1168500 2550.3
1168510 2550.3
1168520 2543.9
1168530 2538.0
1168540 2538.0
1168550 2534.2
1168560 2529.6
1168570 2529.6
1168580 2516.8
1168590 2506.0
1168600 2506.0
1168610 2498.3
1168620 2490.7
1168630 2490.7
1168640 2483.3
1168650 2476.2
1168660 2476.2
1168670 2469.3
1168680 2462.5
1168690 2462.5
1168700 2456.0
1168710 2449.6
1168720 2443.4
1168730 2445.0
1168740 2438.9
1168750 2432.8
1168760 2432.8
1168770 2426.8
1168780 2420.8
1168790 2420.8
1168800 2415.0
1168810 2409.2
1168820 2409.2
1168830 2403.8
1168840 2398.9
1168850 2398.9
1168860 2394.6
1168870 2390.6
1168880 2390.6
1168890 2386.5
1168900 2381.4
1168910 2381.4
1168920 2375.1
1168930 2367.8
1168940 2367.8
1168950 2360.4
1168960 2353.2
1168970 2346.8
1168980 2346.8
1168990 2341.0
1169000 2335.5
1169010 2335.5
1169020 2329.9
1169030 2324.3
1169040 2324.3
1169050 2318.5
1169060 2312.5
1169070 2312.5
1169080 2309.2
1169090 2307.4
1169100 2307.4
1169110 2305.7
1169120 2304.1
1169130 2304.1
1169140 2299.4
1169150 2298.8
1169160 2298.8
1169170 2298.0
1169180 2296.9
1169190 2296.9
1169200 2296.2
1169210 2296.1
1169220 2296.2
1169230 2296.2
1169240 2295.4
1169250 2294.8
1169260 2294.8
1169270 2294.0
1169280 2292.5
1169290 2292.5
1169300 2291.7
1169310 2290.4
1169320 2290.4
1169330 2289.9
1169340 2289.0
1169350 2289.0
1169360 2288.6
1169370 2289.2
1169380 2289.2
1169390 2289.2
1169400 2289.1
1169410 2289.1
1169420 2289.3
1169430 2290.4
1169440 2290.4
1169450 2293.4
1169460 2296.3
1169470 2298.4
1169480 2298.4
1169490 2299.4
1169500 2300.0
1169510 2300.0
1169520 2301.6
1169530 2302.4
1169540 2295.7
1169550 2295.5
1169560 2295.2
1169570 2295.2
1169580 2295.1
1169590 2295.5
1169600 2295.5
1169610 2297.2
1169620 2298.2
1169630 2298.2
1169640 2299.0
1169650 2301.9
1169660 2301.9
1169670 2304.7
1169680 2307.2
1169690 2307.2
1169700 2310.1
1169710 2314.3
1169720 2319.1
1169730 2319.1
1169740 2324.2
1169750 2326.8
1169760 2326.8
1169770 2330.1
1169780 2332.1
1169790 2332.1
1169800 2330.5
1169810 2324.5
1169820 2324.5
1169830 2318.2
1169840 2312.9
1169850 2312.9
1169860 2308.0
1169870 2303.4
1169880 2303.4
1169890 2298.8
1169900 2292.7
1169910 2292.7
1169920 2286.2
1169930 2279.9
1169940 2279.9
1169950 2273.8
1169960 2268.3
1169970 2262.1
1169980 2262.1
1169990 2255.1
1170000 2250.4
1170010 2250.4
1170020 2246.2
1170030 2239.2
1170040 2239.2
1170050 2234.5
1170060 2230.9
1170070 2230.9
1170080 2227.7
1170090 2226.5
1170100 2226.5
1170110 2225.1
1170120 2223.5
1170130 2223.5
1170140 2222.6
1170150 2222.3
1170160 2222.3
1170170 2222.4
1170180 2222.9
1170190 2222.9
1170200 2222.6
1170210 2223.5
1170220 2224.0
1170230 2224.0
1170240 2224.6
1170250 2225.1
1170260 2225.1
1170270 2224.5
1170280 2223.9
1170290 2223.9
1170300 2223.2
1170310 2223.7
1170320 2223.7
1170330 2224.0
1170340 2225.2
1170350 2221.0
1170360 2222.7
1170370 2224.3
1170380 2224.3
1170390 2226.0
1170400 2228.1
1170410 2228.1
1170420 2230.1
1170430 2231.9
1170440 2231.9
1170450 2233.6
1170460 2235.6
1170470 2238.6
1170480 2238.6
1170490 2241.9
1170500 2244.9
1170510 2244.9
1170520 2248.0
1170530 2250.9
1170540 2250.9
1170550 2253.5
1170560 2256.6
1170570 2256.6
1170580 2259.8
1170590 2263.3
1170600 2263.3
1170610 2265.8
1170620 2268.7
1170630 2268.7
1170640 2271.3
1170650 2273.7
1170660 2273.7
1170670 2276.0
1170680 2279.0
1170690 2279.0
1170700 2281.8
1170710 2285.1
1170720 2289.4
1170730 2289.4
1170740 2294.5
1170750 2294.4
1170760 2294.4
1170770 2299.9
1170780 2307.2
1170790 2307.2
1170800 2315.1
1170810 2323.2
1170820 2323.2
1170830 2331.4
1170840 2339.9
1170850 2339.9
1170860 2348.3
1170870 2356.7
1170880 2356.7
1170890 2364.3
1170900 2370.1
1170910 2370.1
1170920 2373.1
1170930 2373.1
1170940 2373.1
1170950 2370.2
1170960 2365.6
1170970 2360.7
1170980 2360.7
1170990 2357.0
1171000 2355.5
1171010 2355.5
1171020 2355.5
1171030 2356.5
1171040 2356.5
1171050 2357.7
1171060 2358.0
1171070 2358.0
1171080 2359.3
1171090 2361.8
1171100 2361.8
1171110 2366.0
1171120 2371.4
1171130 2371.4
1171140 2378.4
1171150 2384.0
1171160 2378.0
1171170 2375.3
1171180 2373.7
1171190 2373.7
1171200 2373.8
1171210 2380.2
1171220 2389.3
1171230 2389.3
1171240 2394.8
1171250 2396.0
1171260 2396.0
1171270 2394.4
1171280 2396.2
1171290 2396.2
1171300 2400.4
1171310 2405.5
1171320 2405.5
1171330 2408.0
1171340 2409.6
1171350 2409.6
1171360 2412.5
1171370 2417.2
1171380 2417.2
1171390 2421.2
1171400 2424.0
1171410 2424.0
1171420 2428.1
1171430 2433.0
1171440 2433.0
1171450 2434.3
1171460 2432.0
1171470 2418.4
1171480 2418.4
1171490 2415.4
1171500 2417.4
1171510 2417.4
1171520 2424.6
1171530 2434.3
1171540 2434.3
1171550 2440.4
1171560 2438.2
1171570 2438.2
1171580 2437.6
1171590 2431.4
1171600 2431.4
1171610 2424.7
1171620 2421.7
1171630 2421.7
1171640 2421.0
1171650 2414.0
1171660 2414.0
1171670 2410.7
1171680 2414.5
1171690 2414.5
1171700 2408.0
1171710 2401.8
1171720 2400.3
1171730 2400.3
1171740 2403.9
1171750 2403.8
1171760 2403.8
1171770 2405.6
1171780 2405.9
1171790 2405.9
1171800 2403.6
1171810 2401.4
1171820 2401.4
1171830 2405.2
1171840 2409.9
1171850 2409.9
1171860 2417.2
1171870 2423.5
1171880 2423.5
1171890 2424.5
1171900 2428.1
1171910 2428.1
1171920 2436.3
1171930 2446.0
1171940 2446.0
1171950 2456.3
1171960 2467.0
1171970 2482.6
1171980 2482.6
1171990 2488.3
1172000 2493.3
1172010 2493.3
1172020 2500.0
1172030 2508.3
1172040 2508.3
1172050 2524.2
1172060 2535.8
1172070 2535.8
1172080 2545.8
1172090 2545.5
1172100 2545.5
1172110 2542.7
1172120 2540.8
1172130 2540.8
1172140 2533.6
1172150 2522.5
1172160 2522.5
1172170 2509.2
1172180 2502.1
1172190 2493.5
1172200 2493.5
1172210 2486.0
1172220 2483.2
1172230 2483.2
1172240 2474.0
1172250 2450.7
1172260 2450.7
1172270 2426.1
1172280 2418.5
1172290 2418.5
1172300 2410.8
1172310 2389.7
1172320 2389.7
1172330 2367.6
1172340 2350.2
1172350 2350.2
1172360 2327.7
1172370 2311.7
1172380 2288.1
1172390 2281.1
1172400 2270.8
1172410 2270.8
1172420 2254.4
1172430 2235.4
1172440 2226.3
1172450 2226.3
1172460 2223.3
1172470 2221.2
1172480 2221.2
1172490 2219.1
1172500 2216.0
1172510 2216.0
1172520 2211.9
1172530 2205.1
1172540 2205.1
1172550 2191.7
1172560 2160.1
1172570 2160.1
1172580 2115.8
1172590 2065.3
1172600 2065.3
1172610 2028.8
1172620 2018.5
1172630 2018.5
1172640 2011.3
1172650 2005.0
1172660 2005.0
1172670 1998.6
1172680 1992.0
1172690 1986.6
1172700 1986.6
1172710 1981.6
1172720 1976.2
1172730 1976.2
1172740 1970.5
1172750 1964.7
1172760 1964.7
1172770 1959.1
1172780 1957.8
1172790 1957.8
1172800 1953.0
1172810 1948.0
1172820 1948.0
1172830 1942.9
1172840 1937.5
1172850 1937.5
1172860 1932.0
1172870 1926.4
1172880 1926.4
1172890 1920.5
1172900 1914.6
1172910 1914.6
1172920 1909.0
1172930 1903.3
1172940 1897.6
1172950 1897.6
1172960 1892.2
1172970 1887.0
1172980 1887.0
1172990 1881.5
1173000 1875.9
1173010 1875.9
1173020 1870.5
1173030 1864.9
1173040 1864.9
1173050 1858.5
1173060 1852.6
1173070 1852.6
1173080 1846.9
1173090 1841.0
1173100 1841.0
1173110 1835.3
1173120 1829.6
1173130 1829.6
1173140 1824.2
1173150 1818.9
1173160 1818.9
1173170 1813.5
1173180 1808.0
1173190 1805.8
1173200 1805.8
1173210 1800.6
1173220 1795.5
1173230 1795.5
1173240 1790.4
1173250 1785.5
1173260 1785.5
1173270 1781.2
1173280 1776.6
1173290 1776.6
1173300 1772.2
1173310 1767.8
1173320 1767.8
1173330 1763.0
1173340 1759.6
1173350 1759.6
1173360 1756.7
1173370 1755.0
1173380 1755.0
1173390 1757.4
1173400 1761.7
1173410 1761.7
1173420 1764.9
1173430 1768.7
1173440 1772.8
1173450 1772.8
1173460 1776.8
1173470 1780.3
1173480 1780.3
1173490 1783.1
1173500 1784.9
1173510 1784.9
1173520 1786.7
1173530 1787.5
1173540 1787.5
1173550 1791.0
1173560 1797.1
1173570 1797.1
1173580 1802.7
1173590 1806.4
1173600 1800.4
1173610 1805.2
1173620 1810.5
1173630 1810.5
1173640 1815.3
1173650 1820.6
1173660 1820.6
1173670 1834.9
1173680 1846.3
1173690 1861.9
1173700 1861.9
1173710 1878.0
1173720 1891.2
1173730 1891.2
1173740 1900.8
1173750 1907.8
1173760 1907.8
1173770 1913.7
1173780 1918.0
1173790 1918.0
1173800 1917.1
1173810 1919.5
1173820 1919.5
1173830 1918.2
1173840 1915.1
1173850 1915.1
1173860 1917.2
1173870 1926.3
1173880 1926.3
1173890 1936.5
1173900 1941.1
1173910 1941.1
1173920 1931.0
1173930 1927.5
1173940 1934.3
1173950 1934.3
1173960 1931.8
1173970 1925.8
1173980 1925.8
1173990 1927.1
1174000 1943.4
1174010 1950.0
1174020 1959.2
1174030 1963.8
1174040 1963.8
1174050 1965.3
1174060 1969.6
1174070 1969.6
1174080 1976.4
1174090 1985.8
1174100 1985.8
1174110 1997.7
1174120 2012.6
1174130 2012.6
1174140 2027.0
1174150 2040.5
1174160 2040.5
1174170 2053.9
1174180 2068.2
1174190 2081.4
1174200 2081.4
1174210 2095.6
1174220 2108.2
1174230 2108.2
1174240 2112.6
1174250 2123.9
1174260 2123.9
1174270 2131.9
1174280 2142.0
1174290 2142.0
1174300 2151.5
1174310 2159.1
1174320 2159.1
1174330 2165.1
1174340 2169.0
1174350 2169.0
1174360 2172.8
1174370 2177.2
1174380 2177.2
1174390 2181.3
1174400 2184.7
1174410 2184.7
1174420 2182.8
1174430 2186.2
1174440 2189.9
1174450 2189.9
1174460 2192.8
1174470 2196.6
1174480 2196.6
1174490 2201.8
1174500 2206.1
1174510 2206.1
1174520 2208.5
1174530 2209.4
1174540 2209.4
1174550 2206.4
1174560 2205.0
1174570 2205.0
1174580 2214.8
1174590 2221.8
1174600 2221.8
1174610 2225.5
1174620 2227.7
1174630 2227.7
1174640 2230.3
1174650 2233.7
1174660 2233.7
1174670 2237.5
1174680 2241.4
1174690 2245.2
1174700 2245.2
1174710 2248.3
1174720 2252.0
1174730 2252.0
1174740 2255.0
1174750 2259.1
1174760 2259.1
1174770 2262.7
1174780 2266.2
1174790 2266.2
1174800 2268.9
1174810 2269.4
1174820 2269.4
1174830 2259.9
1174840 2258.0
1174850 2258.0
1174860 2264.0
1174870 2270.7
1174880 2270.7
1174890 2276.5
1174900 2281.4
1174910 2281.4
1174920 2282.9
1174930 2281.8
1174940 2279.3
1174950 2279.3
1174960 2282.2
1174970 2288.7
1174980 2288.7
1174990 2295.1
1175000 2303.1
1175010 2303.1
1175020 2320.5
1175030 2335.1
1175040 2335.1
1175050 2343.9
1175060 2350.7
1175070 2350.7
1175080 2357.6
1175090 2366.0
1175100 2366.0
1175110 2376.1
1175120 2386.1
1175130 2386.1
1175140 2392.8
1175150 2395.7
1175160 2395.7
1175170 2397.8
1175180 2396.7
1175190 2394.3
1175200 2394.3
1175210 2395.4
1175220 2400.0
1175230 2400.0
1175240 2399.0
1175250 2397.8
1175260 2397.8
1175270 2392.7
1175280 2390.8
1175290 2390.8
1175300 2391.3
1175310 2404.6
1175320 2404.6
1175330 2411.5
1175340 2412.9
1175350 2412.9
1175360 2423.9
1175370 2432.6
1175380 2432.6
1175390 2420.0
1175400 2412.6
1175410 2412.6
1175420 2409.7
1175430 2422.5
1175440 2434.9
1175450 2434.9
1175460 2442.8
1175470 2451.3
1175480 2451.3
1175490 2445.3
1175500 2439.9
1175510 2439.9
1175520 2451.5
1175530 2446.1
1175540 2446.1
1175550 2435.4
1175560 2434.8
1175570 2434.8
1175580 2433.0
1175590 2434.0
1175600 2434.0
1175610 2435.8
1175620 2453.5
1175630 2453.5
1175640 2469.5
1175650 2490.8
1175660 2490.8
1175670 2494.3
1175680 2493.4
1175690 2488.0
1175700 2488.0
1175710 2482.3
1175720 2479.6
1175730 2479.6
1175740 2476.2
1175750 2473.3
1175760 2473.3
1175770 2475.5
1175780 2475.6
1175790 2475.6
1175800 2474.1
1175810 2479.9
1175820 2479.9
1175830 2500.0
1175840 2509.3
1175850 2509.3
1175860 2516.5
1175870 2522.1
1175880 2522.1
1175890 2526.0
1175900 2529.4
1175910 2529.4
1175920 2535.2
1175930 2553.4
1175940 2570.9
1175950 2570.9
1175960 2582.4
1175970 2579.6
1175980 2579.6
1175990 2576.7
1176000 2576.5
1176010 2576.5
1176020 2577.1
1176030 2578.2
1176040 2578.2
1176050 2579.1
1176060 2571.9
1176070 2571.9
1176080 2571.9
1176090 2572.7
1176100 2572.7
1176110 2573.7
1176120 2576.2
1176130 2576.2
1176140 2581.5
1176150 2588.7
1176160 2588.7
1176170 2591.4
1176180 2587.9
1176190 2582.5
1176200 2582.5
1176210 2575.7
1176220 2567.7
1176230 2567.7
1176240 2561.9
1176250 2552.9
1176260 2552.9
1176270 2542.3
1176280 2547.4
1176290 2547.4
1176300 2542.1
1176310 2532.2
1176320 2532.2
1176330 2521.3
1176340 2509.8
1176350 2509.8
1176360 2500.2
1176370 2490.8
1176380 2490.8
1176390 2482.9
1176400 2475.4
1176410 2475.4
1176420 2463.5
1176430 2444.1
1176440 2439.8
1176450 2439.8
1176460 2436.6
1176470 2423.1
1176480 2412.8
1176490 2404.9
1176500 2398.9
1176510 2398.9
1176520 2388.1
1176530 2362.9
1176540 2362.9
1176550 2348.5
1176560 2335.8
1176570 2335.8
1176580 2320.9
1176590 2311.6
1176600 2311.6
1176610 2317.1
1176620 2315.2
1176630 2315.2
1176640 2308.2
1176650 2302.5
1176660 2302.5
1176670 2294.9
1176680 2285.4
1176690 2268.2
1176700 2268.2
1176710 2252.3
1176720 2244.9
1176730 2244.9
1176740 2225.9
1176750 2201.8
1176760 2201.8
1176770 2199.3
1176780 2197.5
1176790 2197.5
1176800 2193.3
1176810 2187.9
1176820 2187.9
1176830 2181.9
1176840 2175.6
1176850 2175.6
1176860 2168.9
1176870 2162.1
1176880 2162.1
1176890 2152.6
1176900 2145.8
1176910 2145.8
1176920 2139.1
1176930 2132.9
1176940 2126.7
1176950 2126.7
1176960 2120.8
1176970 2115.5
1176980 2115.5
1176990 2111.5
1177000 2107.4
1177010 2107.4
1177020 2103.4
1177030 2099.8
1177040 2099.8
1177050 2095.7
1177060 2092.5
1177070 2092.5
1177080 2089.5
1177090 2086.7
1177100 2086.7
1177110 2084.0
1177120 2081.4
1177130 2081.4
1177140 2078.8
1177150 2076.1
1177160 2076.1
1177170 2073.2
1177180 2070.8
1177190 2068.0
1177200 2068.0
1177210 2065.3
1177220 2063.4
1177230 2063.4
1177240 2062.8
1177250 2063.0
1177260 2063.0
1177270 2063.9
1177280 2066.0
1177290 2066.0
1177300 2084.4
1177310 2080.6
1177320 2080.6
1177330 2070.6
1177340 2062.2
1177350 2062.2
1177360 2053.9
1177370 2044.8
1177380 2044.8
1177390 2035.3
1177400 2025.2
1177410 2025.2
1177420 2018.7
1177430 2011.3
1177440 2002.7
1177450 2002.7
1177460 1992.5
1177470 1984.4
1177480 1984.4
1177490 1976.1
1177500 1968.1
1177510 1968.1
1177520 1960.7
1177530 1953.3
1177540 1953.3
1177550 1946.4
1177560 1939.5
1177570 1939.5
1177580 1932.7
1177590 1925.4
1177600 1925.4
1177610 1918.4
1177620 1911.4
1177630 1911.4
1177640 1904.4
1177650 1897.7
1177660 1897.7
1177670 1890.9
1177680 1884.4
1177690 1878.7
1177700 1878.7
1177710 1873.2
1177720 1870.4
1177730 1870.4
1177740 1867.7
1177750 1866.4
1177760 1866.4
1177770 1864.0
1177780 1860.3
1177790 1860.3
1177800 1857.2
1177810 1855.7
1177820 1855.7
1177830 1854.5
1177840 1854.8
1177850 1854.8
1177860 1854.6
1177870 1851.2
1177880 1851.2
1177890 1848.7
1177900 1847.9
1177910 1847.9
1177920 1843.6
1177930 1840.6
1177940 1841.3
1177950 1841.3
1177960 1840.4
1177970 1838.3
1177980 1838.3
1177990 1832.1
1178000 1833.7
1178010 1833.7
1178020 1818.3
1178030 1808.2
1178040 1808.2
1178050 1812.3
1178060 1815.6
1178070 1815.6
1178080 1822.0
1178090 1820.0
1178100 1820.0
1178110 1813.1
1178120 1806.3
1178130 1816.7
1178140 1789.9
1178150 1765.3
1178160 1765.3
1178170 1760.1
1178180 1766.7
1178190 1771.1
1178200 1771.1
1178210 1768.1
1178220 1765.3
1178230 1765.3
1178240 1762.2
1178250 1752.5
1178260 1752.5
1178270 1740.2
1178280 1726.3
1178290 1726.3
1178300 1714.7
1178310 1704.4
1178320 1704.4
1178330 1693.9
1178340 1685.5
1178350 1685.5
1178360 1676.4
1178370 1664.9
1178380 1664.9
1178390 1664.3
1178400 1682.6
1178410 1682.6
1178420 1688.6
1178430 1672.7
1178440 1663.9
1178450 1663.9
1178460 1666.7
1178470 1665.8
1178480 1665.8
1178490 1666.2
1178500 1663.7
1178510 1663.7
1178520 1657.2
1178530 1649.9
1178540 1649.9
1178550 1652.8
1178560 1642.7
1178570 1642.7
1178580 1628.4
1178590 1615.5
1178600 1615.5
1178610 1614.8
1178620 1618.9
1178630 1618.9
1178640 1629.2
1178650 1622.7
1178660 1622.7
1178670 1604.5
1178680 1582.9
1178690 1574.7
1178700 1574.7
1178710 1566.0
1178720 1557.3
1178730 1557.3
1178740 1555.5
1178750 1553.3
1178760 1553.3
1178770 1549.3
1178780 1539.6
1178790 1539.6
1178800 1525.0
1178810 1513.4
1178820 1513.4
1178830 1506.4
1178840 1497.2
1178850 1497.2
1178860 1489.0
1178870 1471.6
1178880 1471.6
1178890 1455.3
1178900 1446.7
1178910 1446.7
1178920 1437.9
1178930 1431.5
1178940 1422.3
1178950 1422.3
1178960 1430.4
1178970 1424.8
1178980 1424.8
1178990 1416.9
1179000 1412.3
1179010 1412.3
1179020 1407.5
1179030 1402.5
1179040 1402.5
1179050 1398.3
1179060 1388.7
1179070 1388.7
1179080 1383.0
1179090 1377.4
1179100 1377.4
1179110 1374.2
1179120 1371.1
1179130 1371.1
1179140 1369.7
1179150 1369.0
1179160 1369.0
1179170 1363.9
1179180 1354.6
1179190 1350.5
1179200 1350.5
1179210 1345.4
1179220 1341.8
1179230 1341.8
1179240 1337.2
1179250 1331.8
1179260 1331.8
1179270 1325.6
1179280 1320.7
1179290 1320.7
1179300 1317.5
1179310 1314.6
1179320 1314.6
1179330 1311.7
1179340 1308.9
1179350 1308.9
1179360 1307.0
1179370 1305.3
1179380 1311.4
1179390 1310.6
1179400 1309.1
1179410 1309.1
1179420 1306.8
1179430 1303.6
1179440 1298.8
1179450 1298.8
1179460 1291.4
1179470 1284.8
1179480 1284.8
1179490 1278.4
1179500 1272.4
1179510 1272.4
1179520 1266.6
1179530 1262.5
1179540 1262.5
1179550 1261.0
1179560 1260.1
1179570 1260.1
1179580 1259.4
1179590 1258.3
1179600 1258.3
1179610 1257.5
1179620 1258.9
1179630 1258.9
1179640 1262.8
1179650 1267.1
1179660 1267.1
1179670 1269.9
1179680 1271.8
1179690 1273.9
1179700 1273.9
1179710 1275.4
1179720 1278.3
1179730 1278.3
1179740 1281.7
1179750 1282.7
1179760 1282.7
1179770 1288.8
1179780 1298.7
1179790 1298.7
1179800 1291.9
1179810 1299.2
1179820 1299.2
1179830 1308.1
1179840 1312.9
1179850 1312.9
1179860 1318.9
1179870 1326.6
1179880 1326.6
1179890 1332.6
1179900 1338.0
1179910 1338.0
1179920 1341.0
1179930 1343.7
1179940 1347.3
1179950 1347.3
1179960 1350.0
1179970 1351.8
1179980 1351.8
1179990 1353.0
