1160000 2316.2
1160010 2323.0
1160020 2329.9
1160030 2329.9
1160040 2336.8
1160050 2344.2
1160060 2344.2
1160070 2352.3
1160080 2360.1
1160090 2360.1
1160100 2368.4
1160110 2377.1
1160120 2385.3
1160130 2385.3
1160140 2395.2
1160150 2405.1
1160160 2405.1
1160170 2414.0
1160180 2422.7
1160190 2422.7
1160200 2430.5
1160210 2437.0
1160220 2437.0
1160230 2454.2
1160240 2491.4
1160250 2491.4
1160260 2507.5
1160270 2511.9
1160280 2511.9
1160290 2514.8
1160300 2519.4
1160310 2519.4
1160320 2524.7
1160330 2530.4
1160340 2530.4
1160350 2534.9
1160360 2539.1
1160370 2544.4
1160380 2544.4
1160390 2552.6
1160400 2543.2
1160410 2543.2
1160420 2552.5
1160430 2561.7
1160440 2561.7
1160450 2568.9
1160460 2576.1
1160470 2576.1
1160480 2582.9
1160490 2586.9
1160500 2586.9
1160510 2591.4
1160520 2599.6
1160530 2599.6
1160540 2607.3
1160550 2609.3
1160560 2609.3
1160570 2602.6
1160580 2597.6
1160590 2597.6
1160600 2597.4
1160610 2604.6
1160620 2608.7
1160630 2608.7
1160640 2612.6
1160650 2615.5
1160660 2615.5
1160670 2618.9
1160680 2623.8
1160690 2623.8
1160700 2632.5
1160710 2640.3
1160720 2640.3
1160730 2648.4
1160740 2660.7
1160750 2660.7
1160760 2670.8
1160770 2688.3
1160780 2688.3
1160790 2693.4
1160800 2709.2
1160810 2709.2
1160820 2719.5
1160830 2728.3
1160840 2728.3
1160850 2738.0
1160860 2746.6
1160870 2751.1
1160880 2751.1
1160890 2751.5
1160900 2751.2
1160910 2751.2
1160920 2751.3
1160930 2751.9
1160940 2751.9
1160950 2751.7
1160960 2752.2
1160970 2752.2
1160980 2754.6
1160990 2755.1
1161000 2755.1
1161010 2752.4
1161020 2750.6
1161030 2750.6
1161040 2747.7
1161050 2747.7
1161060 2747.7
1161070 2750.6
1161080 2749.6
1161090 2749.6
1161100 2745.5
1161110 2737.1
1161120 2729.1
1161130 2729.1
1161140 2717.6
1161150 2703.0
1161160 2703.0
1161170 2700.0
1161180 2671.3
1161190 2671.3
1161200 2673.9
1161210 2675.0
1161220 2675.0
1161230 2676.0
1161240 2676.0
1161250 2676.0
1161260 2672.5
1161270 2670.5
1161280 2670.5
1161290 2669.0
1161300 2661.2
1161310 2661.2
1161320 2650.3
1161330 2616.0
1161340 2616.0
1161350 2586.6
1161360 2558.7
1161370 2533.4
1161380 2533.4
1161390 2513.7
1161400 2504.0
1161410 2504.0
1161420 2496.2
1161430 2490.5
1161440 2490.5
1161450 2483.1
1161460 2475.6
1161470 2475.6
1161480 2465.0
1161490 2448.2
1161500 2448.2
1161510 2439.3
1161520 2430.8
1161530 2430.8
1161540 2421.6
1161550 2412.2
1161560 2412.2
1161570 2405.5
1161580 2396.4
1161590 2396.4
1161600 2391.2
1161610 2386.3
1161620 2380.5
1161630 2380.5
1161640 2373.9
1161650 2368.5
1161660 2368.5
1161670 2365.7
1161680 2362.3
1161690 2362.3
1161700 2360.0
1161710 2357.9
1161720 2357.9
1161730 2352.9
1161740 2348.2
1161750 2348.2
1161760 2343.7
1161770 2339.1
1161780 2339.1
1161790 2335.7
1161800 2332.7
1161810 2332.7
1161820 2329.0
1161830 2326.7
1161840 2326.7
1161850 2325.1
1161860 2323.7
1161870 2322.2
1161880 2322.2
1161890 2322.6
1161900 2323.0
1161910 2323.0
1161920 2323.5
1161930 2323.9
1161940 2323.9
1161950 2324.7
1161960 2325.4
1161970 2318.8
1161980 2319.9
1161990 2321.8
1162000 2321.8
1162010 2324.0
1162020 2327.1
1162030 2327.1
1162040 2328.5
1162050 2331.1
1162060 2331.1
1162070 2335.3
1162080 2341.7
1162090 2341.7
1162100 2350.1
1162110 2355.6
1162120 2360.8
1162130 2360.8
1162140 2364.9
1162150 2368.7
1162160 2368.7
1162170 2371.5
1162180 2374.6
1162190 2374.6
1162200 2377.6
1162210 2381.0
1162220 2381.0
1162230 2385.6
1162240 2389.6
1162250 2389.6
1162260 2391.7
1162270 2393.2
1162280 2393.2
1162290 2397.7
1162300 2397.2
1162310 2397.2
1162320 2394.0
1162330 2389.8
1162340 2389.8
1162350 2387.3
1162360 2385.4
1162370 2375.8
1162380 2375.8
1162390 2375.1
1162400 2375.9
1162410 2375.9
1162420 2374.3
1162430 2368.0
1162440 2368.0
1162450 2359.0
1162460 2353.6
1162470 2353.6
1162480 2351.8
1162490 2348.3
1162500 2348.3
1162510 2343.7
1162520 2345.9
1162530 2345.9
1162540 2345.7
1162550 2345.8
1162560 2345.8
1162570 2346.8
1162580 2348.2
1162590 2348.2
1162600 2351.6
1162610 2354.9
1162620 2357.1
1162630 2357.1
1162640 2359.1
1162650 2357.9
1162660 2357.9
1162670 2358.6
1162680 2358.7
1162690 2358.7
1162700 2358.7
1162710 2360.7
1162720 2360.7
1162730 2362.2
1162740 2361.5
1162750 2361.5
1162760 2351.2
1162770 2352.0
1162780 2352.0
1162790 2355.6
1162800 2359.3
1162810 2359.3
1162820 2362.4
1162830 2364.6
1162840 2364.6
1162850 2365.0
1162860 2361.8
1162870 2358.7
1162880 2358.7
1162890 2356.3
1162900 2352.6
1162910 2352.6
1162920 2349.7
1162930 2346.3
1162940 2346.3
1162950 2342.8
1162960 2339.5
1162970 2339.5
1162980 2336.2
1162990 2331.7
1163000 2331.7
1163010 2325.3
1163020 2318.1
1163030 2318.1
1163040 2310.7
1163050 2302.5
1163060 2302.5
1163070 2294.2
1163080 2285.6
1163090 2285.6
1163100 2277.7
1163110 2269.5
1163120 2260.6
1163130 2260.6
1163140 2251.7
1163150 2247.6
1163160 2247.6
1163170 2239.6
1163180 2232.0
1163190 2232.0
1163200 2224.0
1163210 2215.9
1163220 2215.9
1163230 2208.5
1163240 2201.4
1163250 2201.4
1163260 2193.7
1163270 2186.1
1163280 2186.1
1163290 2179.9
1163300 2175.1
1163310 2175.1
1163320 2170.8
1163330 2167.6
1163340 2167.6
1163350 2165.2
1163360 2162.7
1163370 2158.5
1163380 2158.5
1163390 2152.0
1163400 2143.0
1163410 2143.0
1163420 2136.5
1163430 2129.8
1163440 2129.8
1163450 2121.4
1163460 2113.2
1163470 2113.2
1163480 2103.2
1163490 2091.7
1163500 2091.7
1163510 2080.9
1163520 2072.0
1163530 2072.0
1163540 2064.6
1163550 2061.7
1163560 2061.7
1163570 2055.7
1163580 2049.6
1163590 2049.6
1163600 2043.4
1163610 2037.6
1163620 2032.3
1163630 2032.3
1163640 2026.3
1163650 2019.6
1163660 2019.6
1163670 2010.0
1163680 1996.0
1163690 1996.0
1163700 1982.8
1163710 1970.9
1163720 1970.9
1163730 1959.5
1163740 1950.2
1163750 1950.2
1163760 1942.0
1163770 1933.8
1163780 1933.8
1163790 1925.0
1163800 1915.8
1163810 1915.8
1163820 1906.5
1163830 1898.2
1163840 1898.2
1163850 1889.7
1163860 1880.1
1163870 1880.1
1163880 1869.0
1163890 1859.7
1163900 1850.8
1163910 1850.8
1163920 1842.7
1163930 1835.1
1163940 1835.1
1163950 1829.7
1163960 1822.2
1163970 1822.2
1163980 1814.5
1163990 1806.1
1164000 1806.1
1164010 1797.4
1164020 1790.2
1164030 1790.2
1164040 1783.6
1164050 1774.7
1164060 1774.7
1164070 1765.1
1164080 1754.3
1164090 1754.3
1164100 1744.6
1164110 1736.7
1164120 1736.7
1164130 1728.7
1164140 1717.2
1164150 1693.1
1164160 1693.1
1164170 1674.0
1164180 1665.2
1164190 1665.2
1164200 1657.4
1164210 1650.0
1164220 1650.0
1164230 1642.4
1164240 1634.7
1164250 1634.7
1164260 1627.2
1164270 1619.5
1164280 1619.5
1164290 1612.1
1164300 1604.6
1164310 1604.6
1164320 1597.5
1164330 1591.0
1164340 1590.2
1164350 1582.5
1164360 1575.1
1164370 1575.1
1164380 1568.0
1164390 1561.9
1164400 1555.7
1164410 1555.7
1164420 1547.8
1164430 1540.4
1164440 1540.4
1164450 1542.2
1164460 1550.7
1164470 1550.7
1164480 1557.1
1164490 1562.2
1164500 1562.2
1164510 1567.2
1164520 1572.7
1164530 1572.7
1164540 1578.1
1164550 1583.1
1164560 1583.1
1164570 1587.8
1164580 1592.3
1164590 1592.3
1164600 1597.4
1164610 1603.1
1164620 1603.1
1164630 1609.3
1164640 1615.6
1164650 1621.5
1164660 1621.5
1164670 1627.6
1164680 1634.0
1164690 1634.0
1164700 1640.6
1164710 1647.2
1164720 1647.2
1164730 1655.1
1164740 1680.3
1164750 1680.3
1164760 1723.7
1164770 1761.5
1164780 1761.5
1164790 1780.4
1164800 1796.3
1164810 1796.3
1164820 1811.9
1164830 1825.5
1164840 1825.5
1164850 1835.2
1164860 1844.3
1164870 1844.3
1164880 1854.3
1164890 1864.9
1164900 1877.2
1164910 1877.2
1164920 1889.8
1164930 1897.3
1164940 1897.3
1164950 1906.1
1164960 1915.2
1164970 1915.2
1164980 1923.1
1164990 1926.8
1165000 1926.8
1165010 1928.0
1165020 1929.6
1165030 1929.6
1165040 1935.6
1165050 1940.4
1165060 1940.4
1165070 1944.8
1165080 1950.6
1165090 1950.6
1165100 1953.4
1165110 1954.8
1165120 1954.8
1165130 1956.7
1165140 1969.3
1165150 1974.1
1165160 1974.1
1165170 1979.7
1165180 1980.9
1165190 1980.9
1165200 1979.7
1165210 1983.1
1165220 1983.1
1165230 1988.8
1165240 1994.3
1165250 1994.3
1165260 1995.0
1165270 1991.1
1165280 1991.1
1165290 1989.8
1165300 1994.8
1165310 1994.8
1165320 2002.7
1165330 2003.5
1165340 2003.5
1165350 2002.8
1165360 2002.4
1165370 2002.4
1165380 2000.2
1165390 2007.0
1165400 2021.8
1165410 2021.8
1165420 2025.0
1165430 2021.8
1165440 2021.8
1165450 2026.9
1165460 2038.5
1165470 2038.5
1165480 2050.2
1165490 2059.5
1165500 2059.5
1165510 2068.9
1165520 2077.4
1165530 2077.4
1165540 2084.3
1165550 2092.6
1165560 2092.6
1165570 2099.6
1165580 2105.6
1165590 2105.6
1165600 2112.2
1165610 2119.8
1165620 2119.8
1165630 2126.2
1165640 2133.5
1165650 2140.9
1165660 2140.9
1165670 2147.5
1165680 2153.9
1165690 2153.9
1165700 2159.5
1165710 2164.6
1165720 2164.6
1165730 2167.9
1165740 2169.6
1165750 2169.6
1165760 2169.1
1165770 2165.2
1165780 2165.2
1165790 2160.3
1165800 2155.7
1165810 2155.7
1165820 2151.6
1165830 2148.1
1165840 2148.1
1165850 2145.8
1165860 2144.7
1165870 2144.7
1165880 2144.4
1165890 2144.9
1165900 2146.7
1165910 2146.7
1165920 2147.4
1165930 2148.7
1165940 2151.7
1165950 2154.0
1165960 2155.6
1165970 2155.6
1165980 2156.8
1165990 2157.5
1166000 2157.5
1166010 2157.9
1166020 2157.2
1166030 2157.2
1166040 2156.5
1166050 2156.4
1166060 2156.4
1166070 2156.3
1166080 2156.0
1166090 2156.0
1166100 2155.9
1166110 2156.1
1166120 2156.1
1166130 2156.3
1166140 2157.4
1166150 2158.6
1166160 2158.6
1166170 2159.7
1166180 2160.8
1166190 2160.8
1166200 2162.0
1166210 2163.2
1166220 2163.2
1166230 2164.1
1166240 2164.9
1166250 2164.9
1166260 2166.5
1166270 2166.4
1166280 2166.4
1166290 2166.0
1166300 2167.4
1166310 2167.4
1166320 2170.6
1166330 2173.6
1166340 2173.6
1166350 2174.5
1166360 2176.4
1166370 2176.4
1166380 2179.2
1166390 2183.5
1166400 2186.6
1166410 2186.6
1166420 2186.8
1166430 2188.3
1166440 2188.3
1166450 2188.5
1166460 2188.3
1166470 2188.3
1166480 2190.4
1166490 2193.4
1166500 2193.4
1166510 2197.2
1166520 2202.2
1166530 2202.2
1166540 2207.9
1166550 2215.2
1166560 2215.2
1166570 2222.9
1166580 2227.2
1166590 2227.2
1166600 2228.9
1166610 2230.1
1166620 2230.1
1166630 2230.8
1166640 2231.3
1166650 2232.1
1166660 2232.1
1166670 2232.4
1166680 2231.6
1166690 2231.6
1166700 2230.0
1166710 2228.8
1166720 2228.8
1166730 2227.3
1166740 2227.0
1166750 2227.0
1166760 2227.0
1166770 2227.0
1166780 2227.0
1166790 2227.0
1166800 2227.0
1166810 2227.0
1166820 2227.0
1166830 2227.0
1166840 2227.0
1166850 2227.0
1166860 2227.1
1166870 2227.1
1166880 2228.3
1166890 2229.0
1166900 2230.3
1166910 2230.3
1166920 2230.5
1166930 2229.7
1166940 2229.7
1166950 2229.4
1166960 2230.5
1166970 2230.5
1166980 2232.3
1166990 2235.2
1167000 2235.2
1167010 2236.0
1167020 2236.2
1167030 2236.2
1167040 2234.6
1167050 2231.8
1167060 2231.8
1167070 2229.1
1167080 2226.4
1167090 2226.4
1167100 2225.9
1167110 2227.0
1167120 2227.0
1167130 2227.9
1167140 2229.1
1167150 2230.6
1167160 2230.6
1167170 2232.7
1167180 2236.0
1167190 2236.0
1167200 2239.9
1167210 2244.6
1167220 2244.6
1167230 2249.8
1167240 2255.6
1167250 2255.6
1167260 2262.1
1167270 2268.6
1167280 2268.6
1167290 2275.2
1167300 2282.1
1167310 2282.1
1167320 2289.2
1167330 2296.6
1167340 2296.6
1167350 2304.0
1167360 2312.3
1167370 2312.3
1167380 2321.9
1167390 2329.8
1167400 2338.9
1167410 2338.9
1167420 2346.2
1167430 2349.6
1167440 2349.6
1167450 2357.2
1167460 2362.2
1167470 2362.2
1167480 2369.3
1167490 2374.5
1167500 2374.5
1167510 2377.2
1167520 2379.4
1167530 2383.2
1167540 2382.8
1167550 2381.0
1167560 2381.0
1167570 2379.7
1167580 2378.1
1167590 2378.1
1167600 2373.6
1167610 2369.4
1167620 2369.4
1167630 2366.6
1167640 2365.0
1167650 2363.3
1167660 2363.3
1167670 2362.0
1167680 2361.2
1167690 2361.2
1167700 2360.5
1167710 2360.9
1167720 2360.9
1167730 2362.9
1167740 2365.9
1167750 2365.9
1167760 2366.2
1167770 2365.7
1167780 2365.7
1167790 2367.5
1167800 2369.0
1167810 2369.0
1167820 2372.0
1167830 2375.5
1167840 2375.5
1167850 2379.3
1167860 2383.3
1167870 2383.3
1167880 2387.4
1167890 2391.1
1167900 2395.5
1167910 2395.5
1167920 2400.3
1167930 2405.7
1167940 2407.8
1167950 2413.1
1167960 2418.5
1167970 2418.5
1167980 2425.1
1167990 2431.3
1168000 2431.3
1168010 2436.8
1168020 2442.4
1168030 2442.4
1168040 2448.1
1168050 2454.1
1168060 2454.1
1168070 2460.6
1168080 2468.3
1168090 2468.3
1168100 2479.1
1168110 2493.3
1168120 2493.3
1168130 2502.1
1168140 2527.8
1168150 2552.5
1168160 2552.5
1168170 2566.6
1168180 2571.1
1168190 2571.1
1168200 2563.6
1168210 2559.4
1168220 2559.4
1168230 2562.8
1168240 2570.5
1168250 2570.5
1168260 2594.1
1168270 2637.7
1168280 2637.7
1168290 2653.2
1168300 2653.7
1168310 2653.7
1168320 2654.3
1168330 2666.3
1168340 2657.9
1168350 2671.6
1168360 2689.0
1168370 2689.0
1168380 2688.6
1168390 2679.0
1168400 2668.6
1168410 2668.6
1168420 2658.7
1168430 2645.8
1168440 2645.8
1168450 2621.7
1168460 2605.4
1168470 2605.4
1168480 2601.4
1168490 2592.1
1168500 2592.1
1168510 2587.3
1168520 2584.4
1168530 2584.4
1168540 2575.5
1168550 2568.9
1168560 2568.9
1168570 2563.2
1168580 2543.8
1168590 2543.8
1168600 2530.7
1168610 2521.2
1168620 2521.2
1168630 2512.8
1168640 2503.4
1168650 2498.5
1168660 2498.5
1168670 2493.5
1168680 2488.6
1168690 2488.6
1168700 2484.8
1168710 2481.0
1168720 2481.0
1168730 2477.9
1168740 2469.7
1168750 2469.7
1168760 2466.8
1168770 2463.8
1168780 2463.8
1168790 2461.1
1168800 2458.4
1168810 2458.4
1168820 2455.3
1168830 2452.0
1168840 2452.0
1168850 2448.3
1168860 2444.8
1168870 2444.8
1168880 2441.6
1168890 2439.5
1168900 2438.3
1168910 2438.3
1168920 2437.3
1168930 2436.1
1168940 2436.1
1168950 2434.6
1168960 2433.0
1168970 2433.0
1168980 2432.0
1168990 2430.0
1169000 2430.0
1169010 2427.9
1169020 2426.8
1169030 2426.8
1169040 2427.1
1169050 2425.9
1169060 2425.9
1169070 2424.7
1169080 2423.2
1169090 2423.2
1169100 2423.0
1169110 2422.8
1169120 2422.8
1169130 2421.5
1169140 2412.9
1169150 2411.5
1169160 2411.5
1169170 2410.7
1169180 2411.6
1169190 2411.6
1169200 2411.7
1169210 2411.6
1169220 2411.6
1169230 2410.2
1169240 2411.0
1169250 2411.0
1169260 2411.7
1169270 2411.0
1169280 2411.0
1169290 2412.9
1169300 2419.0
1169310 2419.0
1169320 2428.2
1169330 2433.3
1169340 2433.3
1169350 2435.2
1169360 2438.6
1169370 2438.6
1169380 2442.8
1169390 2444.9
1169400 2448.6
1169410 2448.6
1169420 2452.0
1169430 2454.1
1169440 2454.1
1169450 2451.3
1169460 2443.0
1169470 2443.0
1169480 2433.9
1169490 2426.5
1169500 2426.5
1169510 2420.3
1169520 2414.7
1169530 2414.7
1169540 2410.2
1169550 2406.9
1169560 2406.9
1169570 2402.6
1169580 2399.1
1169590 2399.1
1169600 2396.5
1169610 2394.4
1169620 2394.4
1169630 2393.4
1169640 2392.6
1169650 2392.1
1169660 2392.1
1169670 2392.6
1169680 2392.0
1169690 2392.0
1169700 2390.8
1169710 2389.0
1169720 2389.0
1169730 2386.8
1169740 2385.2
1169750 2385.2
1169760 2384.2
1169770 2383.2
1169780 2383.2
1169790 2381.9
1169800 2380.3
1169810 2380.3
1169820 2377.9
1169830 2373.4
1169840 2373.4
1169850 2367.9
1169860 2363.4
1169870 2363.4
1169880 2360.3
1169890 2359.5
1169900 2357.5
1169910 2357.5
1169920 2355.2
1169930 2352.8
1169940 2352.8
1169950 2344.8
1169960 2341.4
1169970 2341.4
1169980 2338.0
1169990 2335.6
1170000 2335.6
1170010 2333.6
1170020 2333.9
1170030 2333.9
1170040 2335.2
1170050 2336.2
1170060 2336.2
1170070 2337.2
1170080 2338.2
1170090 2338.2
1170100 2339.6
1170110 2341.2
1170120 2341.2
1170130 2341.8
1170140 2341.4
1170150 2340.9
1170160 2340.9
1170170 2340.0
1170180 2339.5
1170190 2339.5
1170200 2339.8
1170210 2340.0
1170220 2340.0
1170230 2338.5
1170240 2338.7
1170250 2338.7
1170260 2338.8
1170270 2341.6
1170280 2341.6
1170290 2342.5
1170300 2342.2
1170310 2342.2
1170320 2342.0
1170330 2341.6
1170340 2341.6
1170350 2335.4
1170360 2334.6
1170370 2334.6
1170380 2335.0
1170390 2338.0
1170400 2344.2
1170410 2344.2
1170420 2347.9
1170430 2353.8
1170440 2353.8
1170450 2358.1
1170460 2363.1
1170470 2363.1
1170480 2368.1
1170490 2367.4
1170500 2367.4
1170510 2362.4
1170520 2361.1
1170530 2361.1
1170540 2360.9
1170550 2363.0
1170560 2363.0
1170570 2364.8
1170580 2369.0
1170590 2369.0
1170600 2376.2
1170610 2384.5
1170620 2384.5
1170630 2389.1
1170640 2389.2
1170650 2388.1
1170660 2388.1
1170670 2388.5
1170680 2389.9
1170690 2389.9
1170700 2390.7
1170710 2394.0
1170720 2394.0
1170730 2398.2
1170740 2402.5
1170750 2402.5
1170760 2405.1
1170770 2408.9
1170780 2408.9
1170790 2412.9
1170800 2417.3
1170810 2417.3
1170820 2421.7
1170830 2426.1
1170840 2426.1
1170850 2431.0
1170860 2435.9
1170870 2435.9
1170880 2440.8
1170890 2445.5
1170900 2451.2
1170910 2451.2
1170920 2465.3
1170930 2478.7
1170940 2478.7
1170950 2484.9
1170960 2491.1
1170970 2491.1
1170980 2494.8
1170990 2496.8
1171000 2496.8
1171010 2496.5
1171020 2495.9
1171030 2495.9
1171040 2493.0
1171050 2491.5
1171060 2491.5
1171070 2492.9
1171080 2505.3
1171090 2505.3
1171100 2520.5
1171110 2526.9
1171120 2526.9
1171130 2526.2
1171140 2524.5
1171150 2523.5
1171160 2516.8
1171170 2516.5
1171180 2517.7
1171190 2517.7
1171200 2516.3
1171210 2514.5
1171220 2514.5
1171230 2513.8
1171240 2512.8
1171250 2512.8
1171260 2514.7
1171270 2515.5
1171280 2515.5
1171290 2515.2
1171300 2516.3
1171310 2516.3
1171320 2519.9
1171330 2522.8
1171340 2522.8
1171350 2527.6
1171360 2532.0
1171370 2532.0
1171380 2536.8
1171390 2542.0
1171400 2545.5
1171410 2545.5
1171420 2551.4
1171430 2566.8
1171440 2566.8
1171450 2577.0
1171460 2579.8
1171470 2579.8
1171480 2582.2
1171490 2587.2
1171500 2587.2
1171510 2592.8
1171520 2596.5
1171530 2596.5
1171540 2600.2
1171550 2606.0
1171560 2606.0
1171570 2602.4
1171580 2608.1
1171590 2608.1
1171600 2615.2
1171610 2621.6
1171620 2621.6
1171630 2627.0
1171640 2631.7
1171650 2628.7
1171660 2628.7
1171670 2619.3
1171680 2609.8
1171690 2609.8
1171700 2603.5
1171710 2592.5
1171720 2592.5
1171730 2585.1
1171740 2582.4
1171750 2582.4
1171760 2577.7
1171770 2573.6
1171780 2573.6
1171790 2571.4
1171800 2570.6
1171810 2570.6
1171820 2565.2
1171830 2556.1
1171840 2556.1
1171850 2547.3
1171860 2537.9
1171870 2537.9
1171880 2529.7
1171890 2522.1
1171900 2515.7
1171910 2515.7
1171920 2509.9
1171930 2501.1
1171940 2501.1
1171950 2497.0
1171960 2493.3
1171970 2493.3
1171980 2475.5
1171990 2467.0
1172000 2467.0
1172010 2454.7
1172020 2447.0
1172030 2447.0
1172040 2441.3
1172050 2433.6
1172060 2433.6
1172070 2421.7
1172080 2406.3
1172090 2406.3
1172100 2394.2
1172110 2382.0
1172120 2382.0
1172130 2374.3
1172140 2357.8
1172150 2346.8
1172160 2346.8
1172170 2339.3
1172180 2327.9
1172190 2327.9
1172200 2318.1
1172210 2306.5
1172220 2306.5
1172230 2293.9
1172240 2279.5
1172250 2279.5
1172260 2268.1
1172270 2248.4
1172280 2248.4
1172290 2235.8
1172300 2222.2
1172310 2222.2
1172320 2214.4
1172330 2206.7
1172340 2206.7
1172350 2199.1
1172360 2199.7
1172370 2199.7
1172380 2228.0
1172390 2222.7
1172400 2187.0
1172410 2187.0
1172420 2155.7
1172430 2135.0
1172440 2135.0
1172450 2121.6
1172460 2115.8
1172470 2115.8
1172480 2089.6
1172490 2059.4
1172500 2059.4
1172510 2040.1
1172520 2023.8
1172530 2023.8
1172540 2011.5
1172550 2004.6
1172560 2004.6
1172570 1997.9
1172580 1991.5
1172590 1991.5
1172600 1985.4
1172610 1979.4
1172620 1979.4
1172630 1973.2
1172640 1967.1
1172650 1961.2
1172660 1961.2
1172670 1955.3
1172680 1949.7
1172690 1949.7
1172700 1944.2
1172710 1938.9
1172720 1938.9
1172730 1933.7
1172740 1928.6
1172750 1928.6
1172760 1923.7
1172770 1919.0
1172780 1919.0
1172790 1914.2
1172800 1909.1
1172810 1909.1
1172820 1904.3
1172830 1900.1
1172840 1900.1
1172850 1896.0
1172860 1891.7
1172870 1891.7
1172880 1887.4
1172890 1883.4
1172900 1879.8
1172910 1879.8
1172920 1876.4
1172930 1871.8
1172940 1871.8
1172950 1864.9
1172960 1859.9
1172970 1859.9
1172980 1860.5
1172990 1861.7
1173000 1861.7
1173010 1860.7
1173020 1861.5
1173030 1861.5
1173040 1862.0
1173050 1863.0
1173060 1863.0
1173070 1863.5
1173080 1864.1
1173090 1864.1
1173100 1864.4
1173110 1864.1
1173120 1865.9
1173130 1865.9
1173140 1867.5
1173150 1869.7
1173160 1869.7
1173170 1871.7
1173180 1870.6
1173190 1870.6
1173200 1861.7
1173210 1860.1
1173220 1860.1
1173230 1862.9
1173240 1867.5
1173250 1867.5
1173260 1872.7
1173270 1875.2
1173280 1875.2
1173290 1872.0
1173300 1869.6
1173310 1869.6
1173320 1869.5
1173330 1894.9
1173340 1894.9
1173350 1910.9
1173360 1917.5
1173370 1923.5
1173380 1923.5
1173390 1928.8
1173400 1933.6
1173410 1933.6
1173420 1931.4
1173430 1938.5
1173440 1938.5
1173450 1954.1
1173460 1971.5
1173470 1971.5
1173480 1982.0
1173490 1991.1
1173500 1991.1
1173510 2001.0
1173520 2010.8
1173530 2010.8
1173540 2020.6
1173550 2028.6
1173560 2028.6
1173570 2034.7
1173580 2040.7
1173590 2040.7
1173600 2046.3
1173610 2040.8
1173620 2041.1
1173630 2041.1
1173640 2034.1
1173650 2035.8
1173660 2035.8
1173670 2052.6
1173680 2065.0
1173690 2065.0
1173700 2083.5
1173710 2095.7
1173720 2095.7
1173730 2102.3
1173740 2106.6
1173750 2106.6
1173760 2110.0
1173770 2114.4
1173780 2114.4
1173790 2119.3
1173800 2123.1
1173810 2123.1
1173820 2128.3
1173830 2133.7
1173840 2133.7
1173850 2135.7
1173860 2135.5
1173870 2137.1
1173880 2137.1
1173890 2136.9
1173900 2134.4
1173910 2134.4
1173920 2130.6
1173930 2133.7
1173940 2133.7
1173950 2135.5
1173960 2135.3
1173970 2135.3
1173980 2134.4
1173990 2132.3
1174000 2132.3
1174010 2128.4
1174020 2117.3
1174030 2117.3
1174040 2118.0
1174050 2119.6
1174060 2119.6
1174070 2118.3
1174080 2117.0
1174090 2117.0
1174100 2114.3
1174110 2120.0
1174120 2123.3
1174130 2123.3
1174140 2127.1
1174150 2130.8
1174160 2130.8
1174170 2131.3
1174180 2126.4
1174190 2126.4
1174200 2127.9
1174210 2126.6
1174220 2126.6
1174230 2120.6
1174240 2117.8
1174250 2117.8
1174260 2112.9
1174270 2109.2
1174280 2109.2
1174290 2115.4
1174300 2127.3
1174310 2127.3
1174320 2141.0
1174330 2162.1
1174340 2162.1
1174350 2174.2
1174360 2188.2
1174370 2201.3
1174380 2201.3
1174390 2213.2
1174400 2224.5
1174410 2224.5
1174420 2232.9
1174430 2242.9
1174440 2242.9
1174450 2251.5
1174460 2267.0
1174470 2267.0
1174480 2290.3
1174490 2302.0
1174500 2302.0
1174510 2312.3
1174520 2321.6
1174530 2321.6
1174540 2329.1
1174550 2335.5
1174560 2335.5
1174570 2341.3
1174580 2347.0
1174590 2347.0
1174600 2352.1
1174610 2356.8
1174620 2361.9
1174630 2361.9
1174640 2367.9
1174650 2373.5
1174660 2373.5
1174670 2377.9
1174680 2382.9
1174690 2382.9
1174700 2387.6
1174710 2392.5
1174720 2392.5
1174730 2397.1
1174740 2401.7
1174750 2401.7
1174760 2406.4
1174770 2409.9
1174780 2409.9
1174790 2414.0
1174800 2420.1
1174810 2420.1
1174820 2433.7
1174830 2450.7
1174840 2439.0
1174850 2441.7
1174860 2450.1
1174870 2444.6
1174880 2444.6
1174890 2451.4
1174900 2460.7
1174910 2460.7
1174920 2463.1
1174930 2470.5
1174940 2470.5
1174950 2472.1
1174960 2472.1
1174970 2472.1
1174980 2484.7
1174990 2491.3
1175000 2491.3
1175010 2486.1
1175020 2476.4
1175030 2476.4
1175040 2469.0
1175050 2478.7
1175060 2478.7
1175070 2482.5
1175080 2496.5
1175090 2496.5
1175100 2510.7
1175110 2523.2
1175120 2535.8
1175130 2535.8
1175140 2545.5
1175150 2551.0
1175160 2551.0
1175170 2553.8
1175180 2546.5
1175190 2546.5
1175200 2532.1
1175210 2524.6
1175220 2524.6
1175230 2531.2
1175240 2535.9
1175250 2524.2
1175260 2529.8
1175270 2538.0
1175280 2538.0
1175290 2548.9
1175300 2556.5
1175310 2556.5
1175320 2563.2
1175330 2570.0
1175340 2570.0
1175350 2577.1
1175360 2581.4
1175370 2580.2
1175380 2580.2
1175390 2574.7
1175400 2572.8
1175410 2572.8
1175420 2574.3
1175430 2579.7
1175440 2579.7
1175450 2582.8
1175460 2586.8
1175470 2586.8
1175480 2590.8
1175490 2591.5
1175500 2591.5
1175510 2591.0
1175520 2583.7
1175530 2583.7
1175540 2572.2
1175550 2556.4
1175560 2556.4
1175570 2548.8
1175580 2543.8
1175590 2543.8
1175600 2524.3
1175610 2484.0
1175620 2465.3
1175630 2465.3
1175640 2448.1
1175650 2436.7
1175660 2454.8
1175670 2452.4
1175680 2460.5
1175690 2460.5
1175700 2467.6
1175710 2470.5
1175720 2470.5
1175730 2473.1
1175740 2476.4
1175750 2476.4
1175760 2474.6
1175770 2466.6
1175780 2466.6
1175790 2457.1
1175800 2454.5
1175810 2454.5
1175820 2449.1
1175830 2437.1
1175840 2437.1
1175850 2420.5
1175860 2408.0
1175870 2398.3
1175880 2398.3
1175890 2396.7
1175900 2394.7
1175910 2394.7
1175920 2383.7
1175930 2373.0
1175940 2373.0
1175950 2361.9
1175960 2336.7
1175970 2336.7
1175980 2323.2
1175990 2321.1
1176000 2321.1
1176010 2323.2
1176020 2318.8
1176030 2318.8
1176040 2314.3
1176050 2315.1
1176060 2315.1
1176070 2330.9
1176080 2322.3
1176090 2322.3
1176100 2320.1
1176110 2317.4
1176120 2314.3
1176130 2314.3
1176140 2313.3
1176150 2318.5
1176160 2318.5
1176170 2321.5
1176180 2319.2
1176190 2319.2
1176200 2315.0
1176210 2303.3
1176220 2303.3
1176230 2288.6
1176240 2280.3
1176250 2280.3
1176260 2275.0
1176270 2270.7
1176280 2270.7
1176290 2267.8
1176300 2265.0
1176310 2265.0
1176320 2260.6
1176330 2257.1
1176340 2257.1
1176350 2257.7
1176360 2259.8
1176370 2260.8
1176380 2260.8
1176390 2262.1
1176400 2259.3
1176410 2259.3
1176420 2259.1
1176430 2265.5
1176440 2265.5
1176450 2251.0
1176460 2243.3
1176470 2243.3
1176480 2291.9
1176490 2281.3
1176500 2281.3
1176510 2271.6
1176520 2286.8
1176530 2286.8
1176540 2281.8
1176550 2261.3
1176560 2261.3
1176570 2238.0
1176580 2228.1
1176590 2228.1
1176600 2225.0
1176610 2219.6
1176620 2211.2
1176630 2211.2
1176640 2211.6
1176650 2211.5
1176660 2211.5
1176670 2210.5
1176680 2212.2
1176690 2212.2
1176700 2211.6
1176710 2210.1
1176720 2210.1
1176730 2207.3
1176740 2190.8
1176750 2190.8
1176760 2175.5
1176770 2172.5
1176780 2172.5
1176790 2166.7
1176800 2156.6
1176810 2156.6
1176820 2148.6
1176830 2139.4
1176840 2139.4
1176850 2132.3
1176860 2122.4
1176870 2115.3
1176880 2115.3
1176890 2117.3
1176900 2109.7
1176910 2109.7
1176920 2101.4
1176930 2093.1
1176940 2093.1
1176950 2079.9
1176960 2066.1
1176970 2066.1
1176980 2056.0
1176990 2041.9
1177000 2041.9
1177010 2026.4
1177020 2010.9
1177030 2010.9
1177040 2002.6
1177050 1997.1
1177060 1997.1
1177070 1988.4
1177080 1982.3
1177090 1982.3
1177100 1976.1
1177110 1969.5
1177120 1962.8
1177130 1962.8
1177140 1956.2
1177150 1949.8
1177160 1949.8
1177170 1944.6
1177180 1939.7
1177190 1939.7
1177200 1935.3
1177210 1931.2
1177220 1931.2
1177230 1927.5
1177240 1922.6
1177250 1922.6
1177260 1917.9
1177270 1913.4
1177280 1913.4
1177290 1908.6
1177300 1903.5
1177310 1906.6
1177320 1902.4
1177330 1895.9
1177340 1895.9
1177350 1889.9
1177360 1889.3
1177370 1887.9
1177380 1887.9
1177390 1885.9
1177400 1886.4
1177410 1886.4
1177420 1884.4
1177430 1883.2
1177440 1883.2
1177450 1881.8
1177460 1878.8
1177470 1878.8
1177480 1874.2
1177490 1867.5
1177500 1867.5
1177510 1864.1
1177520 1864.8
1177530 1864.8
1177540 1864.0
1177550 1861.4
1177560 1861.4
1177570 1857.5
1177580 1848.8
1177590 1848.8
1177600 1846.3
1177610 1841.0
1177620 1836.0
1177630 1836.0
1177640 1830.9
1177650 1827.2
1177660 1827.2
1177670 1822.5
1177680 1814.8
1177690 1814.8
1177700 1804.9
1177710 1796.6
1177720 1806.9
1177730 1795.4
1177740 1787.7
1177750 1787.7
1177760 1781.5
1177770 1776.0
1177780 1776.0
1177790 1769.8
1177800 1764.1
1177810 1764.1
1177820 1758.8
1177830 1753.3
1177840 1753.3
1177850 1747.6
1177860 1741.1
1177870 1734.9
1177880 1734.9
1177890 1729.6
1177900 1724.0
1177910 1724.0
1177920 1717.9
1177930 1712.1
1177940 1712.1
1177950 1706.1
1177960 1700.1
1177970 1700.1
1177980 1693.4
1177990 1687.8
1178000 1687.8
1178010 1682.8
1178020 1675.3
1178030 1675.3
1178040 1667.3
1178050 1662.8
1178060 1662.8
1178070 1658.4
1178080 1654.1
1178090 1654.1
1178100 1650.0
1178110 1646.3
1178120 1643.2
1178130 1643.2
1178140 1637.5
1178150 1636.2
1178160 1636.2
1178170 1634.6
1178180 1632.4
1178190 1632.4
1178200 1630.2
1178210 1627.7
1178220 1627.7
1178230 1624.9
1178240 1623.2
1178250 1623.2
1178260 1623.2
1178270 1622.9
1178280 1622.9
1178290 1623.7
1178300 1626.1
1178310 1626.1
1178320 1626.5
1178330 1624.9
1178340 1624.9
1178350 1619.9
1178360 1616.9
1178370 1620.8
1178380 1620.8
1178390 1629.4
1178400 1632.2
1178410 1632.2
1178420 1631.8
1178430 1628.2
1178440 1628.2
1178450 1627.1
1178460 1627.0
1178470 1627.0
1178480 1621.2
1178490 1621.1
1178500 1621.1
1178510 1621.9
1178520 1632.0
1178530 1632.0
1178540 1635.6
1178550 1612.8
1178560 1612.8
1178570 1615.0
1178580 1611.4
1178590 1611.4
1178600 1614.9
1178610 1624.8
1178620 1622.3
1178630 1622.3
1178640 1616.2
1178650 1609.5
1178660 1609.5
1178670 1602.0
1178680 1595.2
1178690 1595.2
1178700 1587.8
1178710 1580.1
1178720 1580.1
1178730 1575.3
1178740 1571.6
1178750 1571.6
1178760 1570.0
1178770 1568.7
1178780 1568.7
1178790 1565.0
1178800 1561.0
1178810 1561.0
1178820 1555.2
1178830 1549.5
1178840 1549.5
1178850 1545.8
1178860 1540.5
1178870 1534.6
1178880 1534.6
1178890 1528.1
1178900 1521.5
1178910 1521.5
1178920 1514.8
1178930 1507.8
1178940 1507.8
1178950 1500.3
1178960 1492.9
1178970 1491.1
1178980 1484.2
1178990 1476.9
1179000 1476.9
1179010 1468.6
1179020 1460.5
1179030 1460.5
1179040 1453.1
1179050 1446.5
1179060 1446.5
1179070 1439.6
1179080 1432.7
1179090 1432.7
1179100 1426.1
1179110 1419.5
1179120 1412.6
1179130 1412.6
1179140 1406.7
1179150 1401.3
1179160 1401.3
1179170 1395.9
1179180 1389.0
1179190 1389.0
1179200 1380.4
1179210 1369.8
1179220 1369.8
1179230 1358.6
1179240 1349.6
1179250 1349.6
1179260 1342.2
1179270 1334.1
1179280 1334.1
1179290 1323.0
1179300 1309.0
1179310 1309.0
1179320 1299.5
1179330 1289.0
1179340 1289.0
1179350 1284.5
1179360 1282.9
1179370 1284.1
1179380 1282.7
1179390 1286.5
1179400 1294.0
1179410 1294.0
1179420 1301.9
1179430 1309.8
1179440 1309.8
1179450 1317.4
1179460 1323.0
1179470 1323.0
1179480 1327.3
1179490 1330.1
1179500 1330.1
1179510 1333.1
1179520 1341.2
1179530 1341.2
1179540 1359.0
1179550 1369.2
1179560 1369.2
1179570 1376.1
1179580 1383.7
1179590 1383.7
1179600 1393.1
1179610 1402.9
1179620 1411.3
1179630 1411.3
1179640 1417.7
1179650 1423.4
1179660 1423.4
1179670 1429.6
1179680 1435.2
1179690 1435.2
1179700 1441.3
1179710 1448.8
1179720 1448.8
1179730 1456.9
1179740 1470.7
1179750 1470.7
1179760 1484.6
1179770 1499.6
1179780 1499.6
1179790 1512.1
1179800 1508.9
1179810 1508.9
1179820 1514.2
1179830 1518.9
1179840 1518.9
1179850 1521.4
1179860 1525.8
1179870 1529.6
1179880 1529.6
1179890 1528.4
1179900 1536.0
1179910 1536.0
1179920 1549.2
1179930 1574.8
1179940 1574.8
1179950 1585.4
1179960 1587.9
1179970 1587.9
1179980 1586.2
1179990 1586.6
