1160000 2393.7
1160010 2393.7
1160020 2396.6
1160030 2399.5
1160040 2399.5
1160050 2402.0
1160060 2404.8
1160070 2404.8
1160080 2407.1
1160090 2409.0
1160100 2409.0
1160110 2411.4
1160120 2415.7
1160130 2420.4
1160140 2420.4
1160150 2424.2
1160160 2427.9
1160170 2427.9
1160180 2432.2
1160190 2436.8
1160200 2436.8
1160210 2441.4
1160220 2446.6
1160230 2446.6
1160240 2450.3
1160250 2451.7
1160260 2451.7
1160270 2453.6
1160280 2463.4
1160290 2463.4
1160300 2466.5
1160310 2470.6
1160320 2470.6
1160330 2474.0
1160340 2477.0
1160350 2477.0
1160360 2481.4
1160370 2488.0
1160380 2493.8
1160390 2493.8
1160400 2499.5
1160410 2506.1
1160420 2506.1
1160430 2512.4
1160440 2518.3
1160450 2518.3
1160460 2525.5
1160470 2532.8
1160480 2532.8
1160490 2540.0
1160500 2547.6
1160510 2547.6
1160520 2556.0
1160530 2565.1
1160540 2565.1
1160550 2574.3
1160560 2582.9
1160570 2582.9
1160580 2590.8
1160590 2598.9
1160600 2598.9
1160610 2607.5
1160620 2616.1
1160630 2624.4
1160640 2624.4
1160650 2632.3
1160660 2639.8
1160670 2638.6
1160680 2639.1
1160690 2629.8
1160700 2629.8
1160710 2620.8
1160720 2611.6
1160730 2611.6
1160740 2602.9
1160750 2594.9
1160760 2594.9
1160770 2586.8
1160780 2578.8
1160790 2578.8
1160800 2571.5
1160810 2564.6
1160820 2564.6
1160830 2558.0
1160840 2550.7
1160850 2550.7
1160860 2544.7
1160870 2538.8
1160880 2532.3
1160890 2532.3
1160900 2527.8
1160910 2522.9
1160920 2522.9
1160930 2517.7
1160940 2510.9
1160950 2510.9
1160960 2497.6
1160970 2480.7
1160980 2480.7
1160990 2468.7
1161000 2460.0
1161010 2460.0
1161020 2452.5
1161030 2445.3
1161040 2445.3
1161050 2438.9
1161060 2430.8
1161070 2430.8
1161080 2425.0
1161090 2419.1
1161100 2419.1
1161110 2413.2
1161120 2407.1
1161130 2401.0
1161140 2401.0
1161150 2394.7
1161160 2388.6
1161170 2388.6
1161180 2382.7
1161190 2376.8
1161200 2376.8
1161210 2370.8
1161220 2364.9
1161230 2364.9
1161240 2359.1
1161250 2353.4
1161260 2353.4
1161270 2347.9
1161280 2342.5
1161290 2342.5
1161300 2337.1
1161310 2332.0
1161320 2332.0
1161330 2327.4
1161340 2322.2
1161350 2322.2
1161360 2316.3
1161370 2311.0
1161380 2306.4
1161390 2306.4
1161400 2302.4
1161410 2298.3
1161420 2298.3
1161430 2294.1
1161440 2289.9
1161450 2289.9
1161460 2284.5
1161470 2280.4
1161480 2280.4
1161490 2276.5
1161500 2272.6
1161510 2272.6
1161520 2268.7
1161530 2265.6
1161540 2265.6
1161550 2262.6
1161560 2260.1
1161570 2260.1
1161580 2260.3
1161590 2261.8
1161600 2261.8
1161610 2262.2
1161620 2260.6
1161630 2256.7
1161640 2256.7
1161650 2251.1
1161660 2244.8
1161670 2244.8
1161680 2238.9
1161690 2234.8
1161700 2234.8
1161710 2231.8
1161720 2229.5
1161730 2229.5
1161740 2231.7
1161750 2236.5
1161760 2236.5
1161770 2240.7
1161780 2244.2
1161790 2244.2
1161800 2243.9
1161810 2244.5
1161820 2244.5
1161830 2243.1
1161840 2240.0
1161850 2234.2
1161860 2231.7
1161870 2228.6
1161880 2225.9
1161890 2225.9
1161900 2221.7
1161910 2221.6
1161920 2221.6
1161930 2218.0
1161940 2216.2
1161950 2216.2
1161960 2213.7
1161970 2211.1
1161980 2211.1
1161990 2208.1
1162000 2206.8
1162010 2206.8
1162020 2210.4
1162030 2214.0
1162040 2214.0
1162050 2215.0
1162060 2219.4
1162070 2219.4
1162080 2224.9
1162090 2224.9
1162100 2224.9
1162110 2223.6
1162120 2223.0
1162130 2221.5
1162140 2221.5
1162150 2220.7
1162160 2219.9
1162170 2219.9
1162180 2219.7
1162190 2218.6
1162200 2218.6
1162210 2218.9
1162220 2220.1
1162230 2220.1
1162240 2219.9
1162250 2210.9
1162260 2210.9
1162270 2207.9
1162280 2204.7
1162290 2204.7
1162300 2201.6
1162310 2205.0
1162320 2205.0
1162330 2215.3
1162340 2223.1
1162350 2223.1
1162360 2225.6
1162370 2229.9
1162380 2232.6
1162390 2232.6
1162400 2228.6
1162410 2215.6
1162420 2215.6
1162430 2206.2
1162440 2199.5
1162450 2199.5
1162460 2192.9
1162470 2190.8
1162480 2190.8
1162490 2191.6
1162500 2194.0
1162510 2194.0
1162520 2193.5
1162530 2189.3
1162540 2189.3
1162550 2182.5
1162560 2178.0
1162570 2178.0
1162580 2180.5
1162590 2178.2
1162600 2178.2
1162610 2178.1
1162620 2177.1
1162630 2174.2
1162640 2167.3
1162650 2165.3
1162660 2165.3
1162670 2165.3
1162680 2164.8
1162690 2164.6
1162700 2164.6
1162710 2166.2
1162720 2167.8
1162730 2167.8
1162740 2170.9
1162750 2176.0
1162760 2176.0
1162770 2178.3
1162780 2182.3
1162790 2182.3
1162800 2185.8
1162810 2187.6
1162820 2187.6
1162830 2179.1
1162840 2178.1
1162850 2178.1
1162860 2189.6
1162870 2194.1
1162880 2194.9
1162890 2194.9
1162900 2199.1
1162910 2204.9
1162920 2204.9
1162930 2206.7
1162940 2205.5
1162950 2205.5
1162960 2202.7
1162970 2207.9
1162980 2207.9
1162990 2208.4
1163000 2208.0
1163010 2208.0
1163020 2209.5
1163030 2211.9
1163040 2198.3
1163050 2202.3
1163060 2207.2
1163070 2207.2
1163080 2209.3
1163090 2208.8
1163100 2208.8
1163110 2210.8
1163120 2210.4
1163130 2208.1
1163140 2208.1
1163150 2205.6
1163160 2204.2
1163170 2204.2
1163180 2202.6
1163190 2198.2
1163200 2198.2
1163210 2192.2
1163220 2185.7
1163230 2185.7
1163240 2178.9
1163250 2170.3
1163260 2170.3
1163270 2161.4
1163280 2153.1
1163290 2153.1
1163300 2144.8
1163310 2137.2
1163320 2137.2
1163330 2128.8
1163340 2120.5
1163350 2120.5
1163360 2112.6
1163370 2105.2
1163380 2097.7
1163390 2097.7
1163400 2090.4
1163410 2083.2
1163420 2083.2
1163430 2075.4
1163440 2067.5
1163450 2067.5
1163460 2058.8
1163470 2051.5
1163480 2051.5
1163490 2046.0
1163500 2043.6
1163510 2043.6
1163520 2041.3
1163530 2036.9
1163540 2036.9
1163550 2033.0
1163560 2027.4
1163570 2027.4
1163580 2022.1
1163590 2018.5
1163600 2018.5
1163610 2014.3
1163620 2008.0
1163630 2000.1
1163640 2000.1
1163650 1992.6
1163660 1986.7
1163670 1986.7
1163680 1981.8
1163690 1976.7
1163700 1976.7
1163710 1970.7
1163720 1964.7
1163730 1964.7
1163740 1959.1
1163750 1952.8
1163760 1952.8
1163770 1944.9
1163780 1935.8
1163790 1935.8
1163800 1926.9
1163810 1918.6
1163820 1918.6
1163830 1911.7
1163840 1904.4
1163850 1904.4
1163860 1897.1
1163870 1889.7
1163880 1882.7
1163890 1882.7
1163900 1874.4
1163910 1866.0
1163920 1866.0
1163930 1857.2
1163940 1846.5
1163950 1846.5
1163960 1835.5
1163970 1823.3
1163980 1823.3
1163990 1810.3
1164000 1797.9
1164010 1797.9
1164020 1791.2
1164030 1788.1
1164040 1788.1
1164050 1784.0
1164060 1778.8
1164070 1778.8
1164080 1770.2
1164090 1758.5
1164100 1758.5
1164110 1747.2
1164120 1736.3
1164130 1725.3
1164140 1725.3
1164150 1713.8
1164160 1700.5
1164170 1700.5
1164180 1686.1
1164190 1671.0
1164200 1671.0
1164210 1657.3
1164220 1647.8
1164230 1647.8
1164240 1638.8
1164250 1630.3
1164260 1630.3
1164270 1622.6
1164280 1615.3
1164290 1615.3
1164300 1607.7
1164310 1600.0
1164320 1600.0
1164330 1592.5
1164340 1585.2
1164350 1585.2
1164360 1578.6
1164370 1573.5
1164380 1568.5
1164390 1568.5
1164400 1564.1
1164410 1560.3
1164420 1560.3
1164430 1557.4
1164440 1563.0
1164450 1563.0
1164460 1571.6
1164470 1583.5
1164480 1583.5
1164490 1598.6
1164500 1611.8
1164510 1611.8
1164520 1621.4
1164530 1631.2
1164540 1631.2
1164550 1649.7
1164560 1669.9
1164570 1669.9
1164580 1678.0
1164590 1699.0
1164600 1699.0
1164610 1710.1
1164620 1719.1
1164630 1731.3
1164640 1731.3
1164650 1743.4
1164660 1753.6
1164670 1753.6
1164680 1763.7
1164690 1773.1
1164700 1773.1
1164710 1782.7
1164720 1792.6
1164730 1792.6
1164740 1815.0
1164750 1839.2
1164760 1839.2
1164770 1859.0
1164780 1873.5
1164790 1873.5
1164800 1885.6
1164810 1896.5
1164820 1896.5
1164830 1906.5
1164840 1915.7
1164850 1915.7
1164860 1925.6
1164870 1937.7
1164880 1947.4
1164890 1947.4
1164900 1955.6
1164910 1963.5
1164920 1963.5
1164930 1969.3
1164940 1972.4
1164950 1972.4
1164960 1974.3
1164970 1974.7
1164980 1974.7
1164990 1976.3
1165000 1980.8
1165010 1980.8
1165020 1995.1
1165030 2008.7
1165040 2008.7
1165050 2021.7
1165060 2029.7
1165070 2029.7
1165080 2041.1
1165090 2052.7
1165100 2052.7
1165110 2060.0
1165120 2065.5
1165130 2068.7
1165140 2068.7
1165150 2071.3
1165160 2073.8
1165170 2073.8
1165180 2076.6
1165190 2079.6
1165200 2079.6
1165210 2082.7
1165220 2085.4
1165230 2085.4
1165240 2088.3
1165250 2092.6
1165260 2092.6
1165270 2097.4
1165280 2102.4
1165290 2102.4
1165300 2108.6
1165310 2115.5
1165320 2115.5
1165330 2121.1
1165340 2124.2
1165350 2124.2
1165360 2126.5
1165370 2128.9
1165380 2132.7
1165390 2132.7
1165400 2138.7
1165410 2145.6
1165420 2148.0
1165430 2154.5
1165440 2158.6
1165450 2158.6
1165460 2160.8
1165470 2162.2
1165480 2162.2
1165490 2163.7
1165500 2166.0
1165510 2166.0
1165520 2168.7
1165530 2171.6
1165540 2171.6
1165550 2172.4
1165560 2172.5
1165570 2172.5
1165580 2172.8
1165590 2175.0
1165600 2175.0
1165610 2178.8
1165620 2182.5
1165630 2185.9
1165640 2185.9
1165650 2189.2
1165660 2192.1
1165670 2192.1
1165680 2196.1
1165690 2199.2
1165700 2199.2
1165710 2198.4
1165720 2196.6
1165730 2196.6
1165740 2199.2
1165750 2207.0
1165760 2207.0
1165770 2213.8
1165780 2212.6
1165790 2212.6
1165800 2214.9
1165810 2226.8
1165820 2226.8
1165830 2237.0
1165840 2248.3
1165850 2248.3
1165860 2256.0
1165870 2261.3
1165880 2267.8
1165890 2267.8
1165900 2275.4
1165910 2281.9
1165920 2281.9
1165930 2288.2
1165940 2288.9
1165950 2288.9
1165960 2285.4
1165970 2282.5
1165980 2282.5
1165990 2277.9
1166000 2270.8
1166010 2270.8
1166020 2263.9
1166030 2259.1
1166040 2259.1
1166050 2257.9
1166060 2255.8
1166070 2255.8
1166080 2254.7
1166090 2252.9
1166100 2252.9
1166110 2250.2
1166120 2249.3
1166130 2249.2
1166140 2249.2
1166150 2247.2
1166160 2246.0
1166170 2246.0
1166180 2244.1
1166190 2241.9
1166200 2241.9
1166210 2247.5
1166220 2247.4
1166230 2247.4
1166240 2247.2
1166250 2246.8
1166260 2246.8
1166270 2245.9
1166280 2244.6
1166290 2244.6
1166300 2242.8
1166310 2240.5
1166320 2240.5
1166330 2237.8
1166340 2234.6
1166350 2234.6
1166360 2231.6
1166370 2229.5
1166380 2227.4
1166390 2227.4
1166400 2224.3
1166410 2221.3
1166420 2221.3
1166430 2218.5
1166440 2215.4
1166450 2215.4
1166460 2212.7
1166470 2210.2
1166480 2210.2
1166490 2208.9
1166500 2209.3
1166510 2209.3
1166520 2211.0
1166530 2211.7
1166540 2211.7
1166550 2212.8
1166560 2214.7
1166570 2214.7
1166580 2216.5
1166590 2219.2
1166600 2219.2
1166610 2223.9
1166620 2226.7
1166630 2229.7
1166640 2229.7
1166650 2232.0
1166660 2234.6
1166670 2234.6
1166680 2235.4
1166690 2236.1
1166700 2236.1
1166710 2237.4
1166720 2237.2
1166730 2237.2
1166740 2235.3
1166750 2233.9
1166760 2233.9
1166770 2232.5
1166780 2230.9
1166790 2230.9
1166800 2228.5
1166810 2227.1
1166820 2227.1
1166830 2227.0
1166840 2227.0
1166850 2227.0
1166860 2227.0
1166870 2227.0
1166880 2227.0
1166890 2227.0
1166900 2227.1
1166910 2227.4
1166920 2227.4
1166930 2227.8
1166940 2228.2
1166950 2228.2
1166960 2228.7
1166970 2229.2
1166980 2229.2
1166990 2229.7
1167000 2230.1
1167010 2230.6
1167020 2230.9
1167030 2231.3
1167040 2231.3
1167050 2231.7
1167060 2231.9
1167070 2231.9
1167080 2232.0
1167090 2233.3
1167100 2233.3
1167110 2234.8
1167120 2237.5
1167130 2241.7
1167140 2241.7
1167150 2245.9
1167160 2250.0
1167170 2250.0
1167180 2254.8
1167190 2259.1
1167200 2259.1
1167210 2266.3
1167220 2277.5
1167230 2277.5
1167240 2286.0
1167250 2293.5
1167260 2293.5
1167270 2299.3
1167280 2304.8
1167290 2304.8
1167300 2310.5
1167310 2315.7
1167320 2315.7
1167330 2320.0
1167340 2323.5
1167350 2323.5
1167360 2327.0
1167370 2330.7
1167380 2335.9
1167390 2335.9
1167400 2341.9
1167410 2348.1
1167420 2348.1
1167430 2354.5
1167440 2361.1
1167450 2361.1
1167460 2367.0
1167470 2371.9
1167480 2371.9
1167490 2377.3
1167500 2382.0
1167510 2382.0
1167520 2385.8
1167530 2391.1
1167540 2391.1
1167550 2395.0
1167560 2397.1
1167570 2397.1
1167580 2399.6
1167590 2399.2
1167600 2399.2
1167610 2398.8
1167620 2402.4
1167630 2408.4
1167640 2408.4
1167650 2413.2
1167660 2415.9
1167670 2415.9
1167680 2418.6
1167690 2421.1
1167700 2421.1
1167710 2426.7
1167720 2430.3
1167730 2430.3
1167740 2428.9
1167750 2432.0
1167760 2432.0
1167770 2431.7
1167780 2428.7
1167790 2428.7
1167800 2427.6
1167810 2431.5
1167820 2431.5
1167830 2425.9
1167840 2425.7
1167850 2425.7
1167860 2428.4
1167870 2431.2
1167880 2435.3
1167890 2435.3
1167900 2440.9
1167910 2446.0
1167920 2446.0
1167930 2457.3
1167940 2471.8
1167950 2471.8
1167960 2482.5
1167970 2491.8
1167980 2491.8
1167990 2498.7
1168000 2504.8
1168010 2504.8
1168020 2510.3
1168030 2513.4
1168040 2513.4
1168050 2515.5
1168060 2517.4
1168070 2517.4
1168080 2519.7
1168090 2521.9
1168100 2521.9
1168110 2524.9
1168120 2529.4
1168130 2533.8
1168140 2533.8
1168150 2536.9
1168160 2540.1
1168170 2540.1
1168180 2546.0
1168190 2550.3
1168200 2550.3
1168210 2554.6
1168220 2562.1
1168230 2562.1
1168240 2569.1
1168250 2576.4
1168260 2576.4
1168270 2584.4
1168280 2593.2
1168290 2593.2
1168300 2602.4
1168310 2612.2
1168320 2612.2
1168330 2622.0
1168340 2634.7
1168350 2634.7
1168360 2648.6
1168370 2650.4
1168380 2645.2
1168390 2645.2
1168400 2634.7
1168410 2623.7
1168420 2623.7
1168430 2610.3
1168440 2596.9
1168450 2596.9
1168460 2588.9
1168470 2585.1
1168480 2585.1
1168490 2580.4
1168500 2577.0
1168510 2577.0
1168520 2569.6
1168530 2562.4
1168540 2562.4
1168550 2554.4
1168560 2545.1
1168570 2545.1
1168580 2531.2
1168590 2519.8
1168600 2519.8
1168610 2510.7
1168620 2494.1
1168630 2485.8
1168640 2485.8
1168650 2478.2
1168660 2470.7
1168670 2470.7
1168680 2463.4
1168690 2456.1
1168700 2456.1
1168710 2448.2
1168720 2441.3
1168730 2441.3
1168740 2433.8
1168750 2427.3
1168760 2427.3
1168770 2421.4
1168780 2415.7
1168790 2415.7
1168800 2409.9
1168810 2404.2
1168820 2404.2
1168830 2398.9
1168840 2394.2
1168850 2394.2
1168860 2389.6
1168870 2385.2
1168880 2381.5
1168890 2381.5
1168900 2378.7
1168910 2376.1
1168920 2376.1
1168930 2373.4
1168940 2368.3
1168950 2368.3
1168960 2361.9
1168970 2356.3
1168980 2356.3
1168990 2351.1
1169000 2347.8
1169010 2347.8
1169020 2339.1
1169030 2332.8
1169040 2332.8
1169050 2325.9
1169060 2319.7
1169070 2319.7
1169080 2316.7
1169090 2315.0
1169100 2315.0
1169110 2313.4
1169120 2313.1
1169130 2311.5
1169140 2311.5
1169150 2310.0
1169160 2308.4
1169170 2308.4
1169180 2307.5
1169190 2307.2
1169200 2307.2
1169210 2307.1
1169220 2307.3
1169230 2307.3
1169240 2307.5
1169250 2307.1
1169260 2307.1
1169270 2306.1
1169280 2305.7
1169290 2305.7
1169300 2305.4
1169310 2304.4
1169320 2304.4
1169330 2303.5
1169340 2304.8
1169350 2304.8
1169360 2307.2
1169370 2308.5
1169380 2310.5
1169390 2310.5
1169400 2312.4
1169410 2314.1
1169420 2307.3
1169430 2309.3
1169440 2311.0
1169450 2311.0
1169460 2312.3
1169470 2313.6
1169480 2313.6
1169490 2312.6
1169500 2312.2
1169510 2312.2
1169520 2314.3
1169530 2315.8
1169540 2315.8
1169550 2316.1
1169560 2315.5
1169570 2315.5
1169580 2317.0
1169590 2319.2
1169600 2319.2
1169610 2319.5
1169620 2319.5
1169630 2321.6
1169640 2321.6
1169650 2327.2
1169660 2327.5
1169670 2327.5
1169680 2329.7
1169690 2333.4
1169700 2333.4
1169710 2342.1
1169720 2350.6
1169730 2350.6
1169740 2352.5
1169750 2349.4
1169760 2349.4
1169770 2346.0
1169780 2342.6
1169790 2342.6
1169800 2337.4
1169810 2329.9
1169820 2329.9
1169830 2321.7
1169840 2317.4
1169850 2317.4
1169860 2313.0
1169870 2307.6
1169880 2300.8
1169890 2300.8
1169900 2294.8
1169910 2288.5
1169920 2288.5
1169930 2282.2
1169940 2276.7
1169950 2276.7
1169960 2272.2
1169970 2268.1
1169980 2268.1
1169990 2263.0
1170000 2256.8
1170010 2256.8
1170020 2250.2
1170030 2244.9
1170040 2244.9
1170050 2243.7
1170060 2242.0
1170070 2242.0
1170080 2239.9
1170090 2238.1
1170100 2238.1
1170110 2236.7
1170120 2235.5
1170130 2234.4
1170140 2234.4
1170150 2234.0
1170160 2235.2
1170170 2235.2
1170180 2236.9
1170190 2237.4
1170200 2237.4
1170210 2238.1
1170220 2239.2
1170230 2234.0
1170240 2234.7
1170250 2235.0
1170260 2235.0
1170270 2234.0
1170280 2232.6
1170290 2232.6
1170300 2232.2
1170310 2233.0
1170320 2233.0
1170330 2233.7
1170340 2234.2
1170350 2234.2
1170360 2235.7
1170370 2237.3
1170380 2239.2
1170390 2239.2
1170400 2241.3
1170410 2243.3
1170420 2243.3
1170430 2245.5
1170440 2247.7
1170450 2247.7
1170460 2249.2
1170470 2251.2
1170480 2251.2
1170490 2254.6
1170500 2257.6
1170510 2257.6
1170520 2260.7
1170530 2264.3
1170540 2264.3
1170550 2267.8
1170560 2270.9
1170570 2270.9
1170580 2274.1
1170590 2277.6
1170600 2277.6
1170610 2281.2
1170620 2285.0
1170630 2288.5
1170640 2282.9
1170650 2285.2
1170660 2287.2
1170670 2287.2
1170680 2289.5
1170690 2293.4
1170700 2293.4
1170710 2296.7
1170720 2299.1
1170730 2299.1
1170740 2303.2
1170750 2308.5
1170760 2308.5
1170770 2313.4
1170780 2316.8
1170790 2316.8
1170800 2320.2
1170810 2325.0
1170820 2325.0
1170830 2331.1
1170840 2338.3
1170850 2338.3
1170860 2345.8
1170870 2353.8
1170880 2362.2
1170890 2362.2
1170900 2371.8
1170910 2381.4
1170920 2381.4
1170930 2388.5
1170940 2389.3
1170950 2389.3
1170960 2387.4
1170970 2385.9
1170980 2385.9
1170990 2381.8
1171000 2378.0
1171010 2378.0
1171020 2377.2
1171030 2377.6
1171040 2369.3
1171050 2371.0
1171060 2371.9
1171070 2371.9
1171080 2373.5
1171090 2375.7
1171100 2375.7
1171110 2380.8
1171120 2387.7
1171130 2391.5
1171140 2391.5
1171150 2395.4
1171160 2394.6
1171170 2394.6
1171180 2392.5
1171190 2392.0
1171200 2392.0
1171210 2393.6
1171220 2396.9
1171230 2396.9
1171240 2402.3
1171250 2407.5
1171260 2407.5
1171270 2410.4
1171280 2412.6
1171290 2412.6
1171300 2414.9
1171310 2417.9
1171320 2417.9
1171330 2420.9
1171340 2424.7
1171350 2424.7
1171360 2428.6
1171370 2432.1
1171380 2435.7
1171390 2435.7
1171400 2439.4
1171410 2442.9
1171420 2442.9
1171430 2447.9
1171440 2455.4
1171450 2450.8
1171460 2456.3
1171470 2457.7
1171480 2457.7
1171490 2453.1
1171500 2440.5
1171510 2440.5
1171520 2439.7
1171530 2440.2
1171540 2440.2
1171550 2445.9
1171560 2453.4
1171570 2453.4
1171580 2459.2
1171590 2457.5
1171600 2457.5
1171610 2453.1
1171620 2448.6
1171630 2443.6
1171640 2443.6
1171650 2446.5
1171660 2446.7
1171670 2446.7
1171680 2447.1
1171690 2442.7
1171700 2442.7
1171710 2439.6
1171720 2437.1
1171730 2437.1
1171740 2431.6
1171750 2436.6
1171760 2436.6
1171770 2436.0
1171780 2429.0
1171790 2429.0
1171800 2424.8
1171810 2425.6
1171820 2425.6
1171830 2426.0
1171840 2428.4
1171850 2422.8
1171860 2430.0
1171870 2439.3
1171880 2443.0
1171890 2443.0
1171900 2443.4
1171910 2448.4
1171920 2448.4
1171930 2455.6
1171940 2466.5
1171950 2466.5
1171960 2472.4
1171970 2477.9
1171980 2477.9
1171990 2483.8
1172000 2490.9
1172010 2490.9
1172020 2500.7
1172030 2502.7
1172040 2502.7
1172050 2500.7
1172060 2500.5
1172070 2500.5
1172080 2505.3
1172090 2507.3
1172100 2507.3
1172110 2506.1
1172120 2507.7
1172130 2507.4
1172140 2507.4
1172150 2505.3
1172160 2492.8
1172170 2492.8
1172180 2490.1
1172190 2496.0
1172200 2496.0
1172210 2504.5
1172220 2502.0
1172230 2502.0
1172240 2483.6
1172250 2470.3
1172260 2466.0
1172270 2456.2
1172280 2450.2
1172290 2450.2
1172300 2443.8
1172310 2437.4
1172320 2437.4
1172330 2422.9
1172340 2392.6
1172350 2392.6
1172360 2375.8
1172370 2363.3
1172380 2363.8
1172390 2363.8
1172400 2363.1
1172410 2344.1
1172420 2344.1
1172430 2287.5
1172440 2254.9
1172450 2254.9
1172460 2246.5
1172470 2243.8
1172480 2243.8
1172490 2239.8
1172500 2233.1
1172510 2233.1
1172520 2202.2
1172530 2145.7
1172540 2145.7
1172550 2062.1
1172560 2045.2
1172570 2045.2
1172580 2037.8
1172590 2030.7
1172600 2030.7
1172610 2023.2
1172620 2015.7
1172630 2008.6
1172640 2008.6
1172650 2000.6
1172660 1993.5
1172670 1994.3
1172680 1987.3
1172690 1980.7
1172700 1980.7
1172710 1974.5
1172720 1968.5
1172730 1968.5
1172740 1962.6
1172750 1957.1
1172760 1957.1
1172770 1951.4
1172780 1946.1
1172790 1946.1
1172800 1940.9
1172810 1936.3
1172820 1936.3
1172830 1931.8
1172840 1927.1
1172850 1927.1
1172860 1922.1
1172870 1916.9
1172880 1911.6
1172890 1911.6
1172900 1906.3
1172910 1900.9
1172920 1900.9
1172930 1895.4
1172940 1889.9
1172950 1889.9
1172960 1884.4
1172970 1878.9
1172980 1878.9
1172990 1873.4
1173000 1867.9
1173010 1867.9
1173020 1862.4
1173030 1856.8
1173040 1856.8
1173050 1851.3
1173060 1845.7
1173070 1847.8
1173080 1841.8
1173090 1835.6
1173100 1835.6
1173110 1830.4
1173120 1825.0
1173130 1819.4
1173140 1819.4
1173150 1814.4
1173160 1809.2
1173170 1809.2
1173180 1804.0
1173190 1798.7
1173200 1798.7
1173210 1793.6
1173220 1789.6
1173230 1789.6
1173240 1784.7
1173250 1780.2
1173260 1780.2
1173270 1776.1
1173280 1771.9
1173290 1771.9
1173300 1768.2
1173310 1765.6
1173320 1765.6
1173330 1762.6
1173340 1761.4
1173350 1761.4
1173360 1761.3
1173370 1763.6
1173380 1767.6
1173390 1767.6
1173400 1771.7
1173410 1777.4
1173420 1777.4
1173430 1783.5
1173440 1788.6
1173450 1788.6
1173460 1793.3
1173470 1797.7
1173480 1792.2
1173490 1795.7
1173500 1798.3
1173510 1798.3
1173520 1799.7
1173530 1800.5
1173540 1800.5
1173550 1801.5
1173560 1806.4
1173570 1806.4
1173580 1812.8
1173590 1819.5
1173600 1819.5
1173610 1822.8
1173620 1823.8
1173630 1829.3
1173640 1829.3
1173650 1835.2
1173660 1843.8
1173670 1843.8
1173680 1854.3
1173690 1859.4
1173700 1859.4
1173710 1866.8
1173720 1873.7
1173730 1873.7
1173740 1884.1
1173750 1893.9
1173760 1893.9
1173770 1902.7
1173780 1911.0
1173790 1911.0
1173800 1922.5
1173810 1935.3
1173820 1935.3
1173830 1946.4
1173840 1955.8
1173850 1955.8
1173860 1957.8
1173870 1962.4
1173880 1963.9
1173890 1952.8
1173900 1956.2
1173910 1948.8
1173920 1948.8
1173930 1943.3
1173940 1954.4
1173950 1954.4
1173960 1958.6
1173970 1954.7
1173980 1954.7
1173990 1949.9
1174000 1949.2
1174010 1949.2
1174020 1950.1
1174030 1959.7
1174040 1959.7
1174050 1981.6
1174060 1998.8
1174070 1998.8
1174080 2003.0
1174090 2010.8
1174100 2010.8
1174110 2021.7
1174120 2034.9
1174130 2043.1
1174140 2043.1
1174150 2053.5
1174160 2070.8
1174170 2070.8
1174180 2093.7
1174190 2118.9
1174200 2118.9
1174210 2131.8
1174220 2140.4
1174230 2140.4
1174240 2146.4
1174250 2151.9
1174260 2151.9
1174270 2157.3
1174280 2163.4
1174290 2163.4
1174300 2165.2
1174310 2171.5
1174320 2171.5
1174330 2176.1
1174340 2180.3
1174350 2180.3
1174360 2184.0
1174370 2187.9
1174380 2191.4
1174390 2191.4
1174400 2194.7
1174410 2198.0
1174420 2198.0
1174430 2201.8
1174440 2205.4
1174450 2205.4
1174460 2208.8
1174470 2212.1
1174480 2212.1
1174490 2215.9
1174500 2220.0
1174510 2220.0
1174520 2224.2
1174530 2227.7
1174540 2227.7
1174550 2230.5
1174560 2229.4
1174570 2229.4
1174580 2229.2
1174590 2235.5
1174600 2235.5
1174610 2242.5
1174620 2247.4
1174630 2250.2
1174640 2250.2
1174650 2252.8
1174660 2255.7
1174670 2255.7
1174680 2259.2
1174690 2262.8
1174700 2262.8
1174710 2260.9
1174720 2264.4
1174730 2264.4
1174740 2268.0
1174750 2270.3
1174760 2270.3
1174770 2274.1
1174780 2277.3
1174790 2277.3
1174800 2281.6
1174810 2283.9
1174820 2283.9
1174830 2285.9
1174840 2281.9
1174850 2281.9
1174860 2280.0
1174870 2286.4
1174880 2294.7
1174890 2294.7
1174900 2301.0
1174910 2305.5
1174920 2305.5
1174930 2306.1
1174940 2306.4
1174950 2306.4
1174960 2308.3
1174970 2312.7
1174980 2312.7
1174990 2321.9
1175000 2326.8
1175010 2326.8
1175020 2332.2
1175030 2333.3
1175040 2333.3
1175050 2347.9
1175060 2367.5
1175070 2367.5
1175080 2375.7
1175090 2384.9
1175100 2384.9
1175110 2391.9
1175120 2389.5
1175130 2398.6
1175140 2398.6
1175150 2405.5
1175160 2410.5
1175170 2410.5
1175180 2411.6
1175190 2409.6
1175200 2409.6
1175210 2408.8
1175220 2411.9
1175230 2411.9
1175240 2415.9
1175250 2417.7
1175260 2417.7
1175270 2416.5
1175280 2417.4
1175290 2417.4
1175300 2418.9
1175310 2419.6
1175320 2419.6
1175330 2422.7
1175340 2429.4
1175350 2429.4
1175360 2432.2
1175370 2436.8
1175380 2449.9
1175390 2449.9
1175400 2450.8
1175410 2458.3
1175420 2458.3
1175430 2463.1
1175440 2469.3
1175450 2469.3
1175460 2478.5
1175470 2478.5
1175480 2478.5
1175490 2483.0
1175500 2475.6
1175510 2475.6
1175520 2474.6
1175530 2461.7
1175540 2461.7
1175550 2456.2
1175560 2456.1
1175570 2456.1
1175580 2455.8
1175590 2454.4
1175600 2454.4
1175610 2452.0
1175620 2456.5
1175630 2479.5
1175640 2479.5
1175650 2489.3
1175660 2495.0
1175670 2495.0
1175680 2499.9
1175690 2506.7
1175700 2506.7
1175710 2509.2
1175720 2508.5
1175730 2508.5
1175740 2505.8
1175750 2502.7
1175760 2502.7
1175770 2501.9
1175780 2498.8
1175790 2498.8
1175800 2497.0
1175810 2498.0
1175820 2498.0
1175830 2503.6
1175840 2515.2
1175850 2515.2
1175860 2525.5
1175870 2533.7
1175880 2542.6
1175890 2542.6
1175900 2549.7
1175910 2555.7
1175920 2555.7
1175930 2567.7
1175940 2582.1
1175950 2582.1
1175960 2586.7
1175970 2596.5
1175980 2596.5
1175990 2601.0
1176000 2598.4
1176010 2598.4
1176020 2593.9
1176030 2592.9
1176040 2592.9
1176050 2592.4
1176060 2592.6
1176070 2592.6
1176080 2591.5
1176090 2584.0
1176100 2584.0
1176110 2576.0
1176120 2570.0
1176130 2565.9
1176140 2565.9
1176150 2562.8
1176160 2563.6
1176170 2563.6
1176180 2563.7
1176190 2553.4
1176200 2553.4
1176210 2537.1
1176220 2523.9
1176230 2523.9
1176240 2508.8
1176250 2503.5
1176260 2503.5
1176270 2517.1
1176280 2526.1
1176290 2526.1
1176300 2534.8
1176310 2533.7
1176320 2533.7
1176330 2527.9
1176340 2517.4
1176350 2517.4
1176360 2503.0
1176370 2495.2
1176380 2488.4
1176390 2488.4
1176400 2484.8
1176410 2482.5
1176420 2482.5
1176430 2472.0
1176440 2455.5
1176450 2455.5
1176460 2441.7
1176470 2432.4
1176480 2432.4
1176490 2424.4
1176500 2419.5
1176510 2419.5
1176520 2410.1
1176530 2405.4
1176540 2405.4
1176550 2400.4
1176560 2392.2
1176570 2392.2
1176580 2386.3
1176590 2388.0
1176600 2388.0
1176610 2390.5
1176620 2384.1
1176630 2359.3
1176640 2359.3
1176650 2330.4
1176660 2314.0
1176670 2314.0
1176680 2304.2
1176690 2296.4
1176700 2296.4
1176710 2281.3
1176720 2250.8
1176730 2250.8
1176740 2237.3
1176750 2225.1
1176760 2225.1
1176770 2213.4
1176780 2208.0
1176790 2208.0
1176800 2201.5
1176810 2194.5
1176820 2194.5
1176830 2187.3
1176840 2180.1
1176850 2180.1
1176860 2172.9
1176870 2165.6
1176880 2158.3
1176890 2158.3
1176900 2150.8
1176910 2143.4
1176920 2143.4
1176930 2136.6
1176940 2130.3
1176950 2130.3
1176960 2124.4
1176970 2119.5
1176980 2119.5
1176990 2112.1
1177000 2105.7
1177010 2105.7
1177020 2102.7
1177030 2106.4
1177040 2106.4
1177050 2105.5
1177060 2101.3
1177070 2101.3
1177080 2094.4
1177090 2085.7
1177100 2085.7
1177110 2079.3
1177120 2075.9
1177130 2074.3
1177140 2074.3
1177150 2072.0
1177160 2069.3
1177170 2069.3
1177180 2070.1
1177190 2066.2
1177200 2066.2
1177210 2062.3
1177220 2056.1
1177230 2056.1
1177240 2053.7
1177250 2055.6
1177260 2055.6
1177270 2053.9
1177280 2052.0
1177290 2052.0
1177300 2052.2
1177310 2052.6
1177320 2052.6
1177330 2057.9
1177340 2070.9
1177350 2070.9
1177360 2082.9
1177370 2075.6
1177380 2063.2
1177390 2063.2
1177400 2063.9
1177410 2068.1
1177420 2068.1
1177430 2064.3
1177440 2052.6
1177450 2052.6
1177460 2033.6
1177470 2012.1
1177480 2012.1
1177490 1987.3
1177500 1977.9
1177510 1977.9
1177520 1970.8
1177530 1963.5
1177540 1963.5
1177550 1956.5
1177560 1947.9
1177570 1947.9
1177580 1939.2
1177590 1931.3
1177600 1930.1
1177610 1922.5
1177620 1914.8
1177630 1907.3
1177640 1907.3
1177650 1899.2
1177660 1891.6
1177670 1891.6
1177680 1884.2
1177690 1876.8
1177700 1876.8
1177710 1869.7
1177720 1863.3
1177730 1863.3
1177740 1857.0
1177750 1851.5
1177760 1851.5
1177770 1846.6
1177780 1843.1
1177790 1843.1
1177800 1840.5
1177810 1836.1
1177820 1836.1
1177830 1832.4
1177840 1829.4
1177850 1828.7
1177860 1828.7
1177870 1827.1
1177880 1824.9
1177890 1824.9
1177900 1822.8
1177910 1824.6
1177920 1824.6
1177930 1820.3
1177940 1810.7
1177950 1810.7
1177960 1803.4
1177970 1796.9
1177980 1796.9
1177990 1791.2
1178000 1790.0
1178010 1803.3
1178020 1803.4
1178030 1801.2
1178040 1801.2
1178050 1784.0
1178060 1771.5
1178070 1771.5
1178080 1780.7
1178090 1791.8
1178100 1795.4
1178110 1795.4
1178120 1798.3
1178130 1786.9
1178140 1786.9
1178150 1766.8
1178160 1746.3
1178170 1746.3
1178180 1724.3
1178190 1707.1
1178200 1707.1
1178210 1703.5
1178220 1705.7
1178230 1705.7
1178240 1702.3
1178250 1702.5
1178260 1702.5
1178270 1708.7
1178280 1708.7
1178290 1708.7
1178300 1701.4
1178310 1690.6
1178320 1690.6
1178330 1673.7
1178340 1664.2
1178350 1655.0
1178360 1655.0
1178370 1645.7
1178380 1638.3
1178390 1638.3
1178400 1646.3
1178410 1658.3
1178420 1658.3
1178430 1661.1
1178440 1648.5
1178450 1648.5
1178460 1654.5
1178470 1640.6
1178480 1640.6
1178490 1632.6
1178500 1634.9
1178510 1634.9
1178520 1634.5
1178530 1627.6
1178540 1627.6
1178550 1614.3
1178560 1605.6
1178570 1605.6
1178580 1596.3
1178590 1588.9
1178600 1600.7
1178610 1600.7
1178620 1614.2
1178630 1608.1
1178640 1608.1
1178650 1599.0
1178660 1593.3
1178670 1593.3
1178680 1583.2
1178690 1567.7
1178700 1567.7
1178710 1557.7
1178720 1549.0
1178730 1549.0
1178740 1539.2
1178750 1527.4
1178760 1527.4
1178770 1511.1
1178780 1496.4
1178790 1496.4
1178800 1491.5
1178810 1490.4
1178820 1490.4
1178830 1489.3
1178840 1494.6
1178850 1491.4
1178860 1491.4
1178870 1489.1
1178880 1471.7
1178890 1471.7
1178900 1446.3
1178910 1431.4
1178920 1431.4
1178930 1423.7
1178940 1415.9
1178950 1415.9
1178960 1406.7
1178970 1402.1
1178980 1402.1
1178990 1399.4
1179000 1395.3
1179010 1395.3
1179020 1389.6
1179030 1382.9
1179040 1382.9
1179050 1375.2
1179060 1368.1
1179070 1368.1
1179080 1362.9
1179090 1357.7
1179100 1352.6
1179110 1352.6
1179120 1348.0
1179130 1343.5
1179140 1343.5
1179150 1339.5
1179160 1336.2
1179170 1336.2
1179180 1332.5
1179190 1328.9
1179200 1328.9
1179210 1324.8
1179220 1319.8
1179230 1319.8
1179240 1314.6
1179250 1310.7
1179260 1315.1
1179270 1309.9
1179280 1305.7
1179290 1305.7
1179300 1301.9
1179310 1298.5
1179320 1298.5
1179330 1295.5
1179340 1293.0
1179350 1291.1
1179360 1291.1
1179370 1289.3
1179380 1288.0
1179390 1288.0
1179400 1287.4
1179410 1287.2
1179420 1287.2
1179430 1286.4
1179440 1284.4
1179450 1284.4
1179460 1280.6
1179470 1274.0
1179480 1274.0
1179490 1267.9
1179500 1265.6
1179510 1265.6
1179520 1264.4
1179530 1263.7
1179540 1263.7
1179550 1262.1
1179560 1261.1
1179570 1261.1
1179580 1260.1
1179590 1261.5
1179600 1264.3
1179610 1264.3
1179620 1270.7
1179630 1276.7
1179640 1276.7
1179650 1281.1
1179660 1285.6
1179670 1285.6
1179680 1284.2
1179690 1287.5
1179700 1287.5
1179710 1290.5
1179720 1295.7
1179730 1295.7
1179740 1298.6
1179750 1303.3
1179760 1303.3
1179770 1311.7
1179780 1322.8
1179790 1322.8
1179800 1331.2
1179810 1336.1
1179820 1336.1
1179830 1339.7
1179840 1342.7
1179850 1346.5
1179860 1346.5
1179870 1351.8
1179880 1357.3
1179890 1357.3
1179900 1361.2
1179910 1365.1
1179920 1365.1
1179930 1367.8
1179940 1370.2
1179950 1370.2
1179960 1373.2
1179970 1374.5
1179980 1374.5
1179990 1375.7
