1160000 2316.4
1160010 2323.0
1160020 2329.9
1160030 2329.9
1160040 2336.8
1160050 2344.2
1160060 2344.2
1160070 2352.3
1160080 2360.1
1160090 2360.1
1160100 2368.4
1160110 2377.1
1160120 2377.1
1160130 2383.3
1160140 2393.0
1160150 2403.0
1160160 2403.0
1160170 2412.8
1160180 2420.9
1160190 2420.9
1160200 2425.6
1160210 2430.4
1160220 2430.4
1160230 2437.6
1160240 2469.4
1160250 2469.4
1160260 2493.0
1160270 2496.4
1160280 2496.4
1160290 2494.9
1160300 2500.5
1160310 2500.5
1160320 2506.8
1160330 2514.4
1160340 2514.4
1160350 2519.6
1160360 2523.9
1160370 2523.9
1160380 2528.7
1160390 2534.4
1160400 2543.2
1160410 2543.2
1160420 2552.5
1160430 2561.7
1160440 2561.7
1160450 2568.9
1160460 2576.1
1160470 2576.1
1160480 2582.9
1160490 2586.9
1160500 2586.9
1160510 2591.4
1160520 2576.9
1160530 2576.9
1160540 2588.5
1160550 2593.6
1160560 2593.6
1160570 2588.5
1160580 2580.5
1160590 2580.5
1160600 2576.2
1160610 2589.2
1160620 2589.2
1160630 2601.8
1160640 2604.0
1160650 2605.6
1160660 2605.6
1160670 2607.9
1160680 2613.5
1160690 2613.5
1160700 2621.8
1160710 2630.6
1160720 2630.6
1160730 2639.3
1160740 2649.2
1160750 2649.2
1160760 2658.6
1160770 2672.5
1160780 2672.5
1160790 2693.4
1160800 2709.2
1160810 2709.2
1160820 2719.5
1160830 2728.3
1160840 2728.3
1160850 2738.0
1160860 2746.6
1160870 2746.6
1160880 2751.1
1160890 2751.5
1160900 2751.2
1160910 2751.2
1160920 2745.0
1160930 2743.0
1160940 2743.0
1160950 2738.1
1160960 2732.7
1160970 2732.7
1160980 2731.8
1160990 2733.2
1161000 2733.2
1161010 2733.4
1161020 2732.9
1161030 2732.9
1161040 2729.1
1161050 2728.5
1161060 2728.5
1161070 2730.0
1161080 2725.0
1161090 2725.0
1161100 2718.3
1161110 2707.1
1161120 2707.1
1161130 2693.4
1161140 2680.4
1161150 2673.4
1161160 2673.4
1161170 2671.4
1161180 2671.3
1161190 2671.3
1161200 2673.9
1161210 2675.0
1161220 2675.0
1161230 2676.0
1161240 2676.0
1161250 2676.0
1161260 2672.5
1161270 2670.5
1161280 2670.5
1161290 2669.0
1161300 2661.2
1161310 2654.4
1161320 2651.3
1161330 2629.4
1161340 2629.4
1161350 2601.1
1161360 2580.0
1161370 2580.0
1161380 2552.9
1161390 2525.2
1161400 2506.7
1161410 2506.7
1161420 2496.1
1161430 2486.8
1161440 2486.8
1161450 2480.1
1161460 2476.6
1161470 2476.6
1161480 2472.2
1161490 2456.7
1161500 2456.7
1161510 2442.5
1161520 2431.7
1161530 2431.7
1161540 2421.9
1161550 2412.2
1161560 2412.2
1161570 2403.3
1161580 2396.4
1161590 2396.4
1161600 2391.2
1161610 2386.3
1161620 2386.3
1161630 2380.5
1161640 2373.9
1161650 2368.5
1161660 2368.5
1161670 2365.7
1161680 2362.3
1161690 2362.3
1161700 2354.0
1161710 2350.7
1161720 2350.7
1161730 2346.6
1161740 2342.5
1161750 2342.5
1161760 2339.0
1161770 2334.7
1161780 2334.7
1161790 2330.9
1161800 2328.0
1161810 2328.0
1161820 2324.7
1161830 2321.2
1161840 2321.2
1161850 2319.3
1161860 2317.7
1161870 2317.7
1161880 2316.1
1161890 2316.2
1161900 2316.5
1161910 2316.5
1161920 2317.1
1161930 2317.4
1161940 2317.4
1161950 2318.1
1161960 2318.8
1161970 2318.8
1161980 2319.9
1161990 2321.8
1162000 2321.8
1162010 2324.0
1162020 2327.1
1162030 2327.1
1162040 2328.5
1162050 2331.1
1162060 2331.1
1162070 2335.3
1162080 2341.7
1162090 2341.7
1162100 2340.2
1162110 2348.3
1162120 2348.3
1162130 2353.5
1162140 2357.2
1162150 2361.2
1162160 2361.2
1162170 2364.2
1162180 2366.6
1162190 2366.6
1162200 2369.2
1162210 2372.1
1162220 2372.1
1162230 2375.6
1162240 2377.3
1162250 2377.3
1162260 2378.2
1162270 2380.0
1162280 2380.0
1162290 2382.9
1162300 2384.4
1162310 2384.4
1162320 2383.0
1162330 2381.1
1162340 2381.1
1162350 2378.9
1162360 2377.2
1162370 2377.2
1162380 2375.8
1162390 2375.1
1162400 2375.9
1162410 2375.9
1162420 2374.3
1162430 2368.0
1162440 2368.0
1162450 2359.0
1162460 2353.6
1162470 2353.6
1162480 2351.8
1162490 2341.4
1162500 2341.4
1162510 2335.2
1162520 2335.4
1162530 2335.4
1162540 2335.6
1162550 2335.9
1162560 2335.9
1162570 2337.5
1162580 2339.8
1162590 2339.8
1162600 2342.9
1162610 2346.3
1162620 2346.3
1162630 2348.7
1162640 2350.5
1162650 2350.4
1162660 2350.4
1162670 2348.5
1162680 2348.0
1162690 2348.0
1162700 2347.2
1162710 2348.3
1162720 2348.3
1162730 2351.0
1162740 2351.6
1162750 2351.6
1162760 2351.2
1162770 2352.0
1162780 2352.0
1162790 2355.6
1162800 2359.3
1162810 2359.3
1162820 2362.4
1162830 2364.6
1162840 2364.6
1162850 2365.0
1162860 2361.8
1162870 2361.8
1162880 2358.7
1162890 2348.3
1162900 2344.9
1162910 2344.9
1162920 2342.6
1162930 2340.1
1162940 2340.1
1162950 2336.9
1162960 2334.1
1162970 2334.1
1162980 2331.5
1162990 2327.7
1163000 2327.7
1163010 2322.4
1163020 2316.5
1163030 2316.5
1163040 2310.1
1163050 2303.0
1163060 2303.0
1163070 2295.0
1163080 2287.3
1163090 2287.3
1163100 2280.3
1163110 2272.8
1163120 2272.8
1163130 2265.0
1163140 2256.6
1163150 2247.6
1163160 2247.6
1163170 2239.6
1163180 2232.0
1163190 2232.0
1163200 2224.0
1163210 2215.9
1163220 2215.9
1163230 2208.5
1163240 2201.4
1163250 2201.4
1163260 2193.7
1163270 2186.1
1163280 2193.5
1163290 2188.1
1163300 2183.2
1163310 2183.2
1163320 2178.4
1163330 2174.5
1163340 2174.5
1163350 2171.4
1163360 2167.6
1163370 2167.6
1163380 2163.9
1163390 2159.1
1163400 2152.7
1163410 2152.7
1163420 2144.3
1163430 2136.2
1163440 2136.2
1163450 2127.9
1163460 2120.2
1163470 2120.2
1163480 2110.7
1163490 2099.5
1163500 2099.5
1163510 2087.6
1163520 2077.4
1163530 2077.4
1163540 2069.8
1163550 2061.7
1163560 2061.7
1163570 2055.7
1163580 2049.6
1163590 2049.6
1163600 2043.4
1163610 2037.6
1163620 2037.6
1163630 2032.3
1163640 2026.3
1163650 2019.6
1163660 2019.6
1163670 2010.0
1163680 1998.8
1163690 1998.8
1163700 1986.4
1163710 1974.7
1163720 1974.7
1163730 1962.4
1163740 1952.4
1163750 1952.4
1163760 1943.7
1163770 1935.2
1163780 1935.2
1163790 1926.8
1163800 1918.0
1163810 1918.0
1163820 1908.6
1163830 1899.0
1163840 1899.0
1163850 1889.4
1163860 1880.2
1163870 1880.2
1163880 1871.6
1163890 1862.0
1163900 1852.8
1163910 1852.8
1163920 1844.8
1163930 1837.1
1163940 1837.1
1163950 1829.7
1163960 1822.2
1163970 1822.2
1163980 1814.5
1163990 1806.1
1164000 1806.1
1164010 1797.4
1164020 1790.2
1164030 1790.2
1164040 1783.6
1164050 1774.7
1164060 1774.7
1164070 1760.8
1164080 1749.1
1164090 1749.1
1164100 1740.3
1164110 1732.4
1164120 1732.4
1164130 1722.4
1164140 1714.9
1164150 1702.8
1164160 1702.8
1164170 1677.5
1164180 1664.6
1164190 1664.6
1164200 1656.0
1164210 1648.8
1164220 1648.8
1164230 1640.8
1164240 1633.4
1164250 1633.4
1164260 1626.4
1164270 1618.8
1164280 1618.8
1164290 1610.5
1164300 1603.1
1164310 1603.1
1164320 1596.6
1164330 1590.2
1164340 1590.2
1164350 1582.5
1164360 1575.1
1164370 1575.1
1164380 1568.0
1164390 1561.9
1164400 1555.7
1164410 1555.7
1164420 1547.8
1164430 1540.4
1164440 1540.4
1164450 1542.2
1164460 1550.7
1164470 1549.0
1164480 1555.7
1164490 1561.7
1164500 1561.7
1164510 1567.1
1164520 1572.7
1164530 1572.7
1164540 1578.5
1164550 1584.5
1164560 1584.5
1164570 1590.1
1164580 1595.7
1164590 1595.7
1164600 1600.9
1164610 1606.6
1164620 1606.6
1164630 1613.0
1164640 1619.6
1164650 1625.7
1164660 1625.7
1164670 1631.5
1164680 1637.6
1164690 1637.6
1164700 1644.4
1164710 1651.5
1164720 1651.5
1164730 1664.2
1164740 1680.3
1164750 1680.3
1164760 1723.7
1164770 1761.5
1164780 1761.5
1164790 1780.4
1164800 1796.3
1164810 1796.3
1164820 1811.9
1164830 1825.5
1164840 1825.5
1164850 1835.2
1164860 1844.3
1164870 1846.5
1164880 1855.5
1164890 1865.2
1164900 1879.1
1164910 1879.1
1164920 1888.9
1164930 1894.8
1164940 1894.8
1164950 1902.5
1164960 1911.0
1164970 1911.0
1164980 1920.1
1164990 1928.5
1165000 1928.5
1165010 1932.8
1165020 1937.4
1165030 1937.4
1165040 1944.8
1165050 1951.3
1165060 1951.3
1165070 1955.3
1165080 1958.9
1165090 1958.9
1165100 1961.4
1165110 1963.3
1165120 1963.3
1165130 1965.5
1165140 1969.3
1165150 1974.1
1165160 1974.1
1165170 1979.7
1165180 1980.9
1165190 1980.9
1165200 1979.7
1165210 1983.1
1165220 1983.1
1165230 1988.8
1165240 1994.3
1165250 1994.3
1165260 1995.0
1165270 1998.9
1165280 1998.9
1165290 1999.3
1165300 2005.7
1165310 2005.7
1165320 2013.0
1165330 2015.4
1165340 2015.4
1165350 2016.4
1165360 2017.9
1165370 2017.9
1165380 2021.0
1165390 2019.4
1165400 2024.2
1165410 2024.2
1165420 2035.7
1165430 2035.3
1165440 2035.3
1165450 2031.3
1165460 2033.6
1165470 2033.6
1165480 2044.3
1165490 2056.1
1165500 2056.1
1165510 2066.7
1165520 2075.5
1165530 2075.5
1165540 2084.3
1165550 2092.6
1165560 2092.6
1165570 2099.6
1165580 2105.6
1165590 2105.6
1165600 2112.2
1165610 2119.8
1165620 2119.8
1165630 2126.2
1165640 2133.5
1165650 2140.9
1165660 2140.9
1165670 2143.7
1165680 2150.3
1165690 2150.3
1165700 2156.9
1165710 2163.4
1165720 2163.4
1165730 2169.8
1165740 2173.6
1165750 2173.6
1165760 2174.2
1165770 2171.3
1165780 2171.3
1165790 2166.8
1165800 2162.4
1165810 2162.4
1165820 2158.0
1165830 2154.2
1165840 2154.2
1165850 2151.5
1165860 2149.7
1165870 2149.7
1165880 2149.0
1165890 2149.1
1165900 2150.0
1165910 2150.0
1165920 2150.5
1165930 2151.7
1165940 2151.7
1165950 2154.0
1165960 2155.6
1165970 2155.6
1165980 2156.8
1165990 2157.5
1166000 2157.5
1166010 2157.9
1166020 2157.2
1166030 2157.2
1166040 2156.5
1166050 2156.4
1166060 2160.2
1166070 2159.9
1166080 2159.5
1166090 2159.5
1166100 2159.2
1166110 2159.4
1166120 2159.4
1166130 2159.8
1166140 2160.9
1166150 2161.6
1166160 2161.6
1166170 2162.8
1166180 2164.0
1166190 2164.0
1166200 2165.0
1166210 2166.2
1166220 2166.2
1166230 2167.2
1166240 2167.5
1166250 2167.5
1166260 2168.3
1166270 2168.8
1166280 2168.8
1166290 2168.7
1166300 2169.5
1166310 2169.5
1166320 2171.1
1166330 2173.6
1166340 2173.6
1166350 2174.5
1166360 2176.4
1166370 2176.4
1166380 2179.2
1166390 2183.5
1166400 2186.6
1166410 2186.6
1166420 2186.8
1166430 2188.3
1166440 2188.3
1166450 2188.5
1166460 2191.6
1166470 2191.6
1166480 2192.6
1166490 2194.1
1166500 2194.1
1166510 2197.6
1166520 2202.4
1166530 2202.4
1166540 2208.0
1166550 2215.4
1166560 2215.4
1166570 2222.8
1166580 2227.1
1166590 2227.1
1166600 2229.5
1166610 2230.4
1166620 2230.4
1166630 2231.1
1166640 2231.3
1166650 2232.5
1166660 2232.5
1166670 2233.1
1166680 2231.9
1166690 2231.9
1166700 2230.1
1166710 2228.4
1166720 2228.4
1166730 2227.3
1166740 2227.0
1166750 2227.0
1166760 2227.0
1166770 2227.0
1166780 2227.0
1166790 2227.0
1166800 2227.0
1166810 2227.0
1166820 2227.0
1166830 2227.0
1166840 2227.0
1166850 2227.0
1166860 2227.4
1166870 2227.4
1166880 2229.5
1166890 2230.9
1166900 2232.0
1166910 2232.0
1166920 2232.2
1166930 2230.9
1166940 2230.9
1166950 2230.0
1166960 2230.4
1166970 2230.4
1166980 2231.4
1166990 2233.3
1167000 2233.3
1167010 2234.0
1167020 2234.7
1167030 2234.7
1167040 2233.7
1167050 2230.9
1167060 2230.9
1167070 2227.5
1167080 2226.3
1167090 2226.3
1167100 2226.8
1167110 2227.3
1167120 2227.3
1167130 2227.9
1167140 2229.1
1167150 2230.6
1167160 2230.6
1167170 2232.7
1167180 2236.0
1167190 2236.0
1167200 2239.9
1167210 2244.6
1167220 2244.6
1167230 2249.8
1167240 2255.6
1167250 2255.6
1167260 2262.3
1167270 2269.0
1167280 2269.0
1167290 2275.7
1167300 2282.7
1167310 2282.7
1167320 2290.3
1167330 2298.1
1167340 2298.1
1167350 2306.7
1167360 2319.5
1167370 2319.5
1167380 2339.7
1167390 2348.8
1167400 2367.4
1167410 2367.4
1167420 2373.8
1167430 2374.1
1167440 2374.1
1167450 2381.0
1167460 2375.6
1167470 2375.6
1167480 2374.8
1167490 2380.1
1167500 2380.1
1167510 2382.0
1167520 2383.2
1167530 2383.2
1167540 2382.8
1167550 2381.0
1167560 2381.0
1167570 2379.7
1167580 2378.1
1167590 2378.1
1167600 2373.6
1167610 2369.4
1167620 2369.4
1167630 2366.6
1167640 2365.0
1167650 2363.3
1167660 2363.6
1167670 2363.0
1167680 2362.9
1167690 2362.9
1167700 2363.0
1167710 2363.9
1167720 2363.9
1167730 2365.1
1167740 2367.5
1167750 2367.5
1167760 2369.3
1167770 2370.3
1167780 2370.3
1167790 2371.4
1167800 2371.8
1167810 2371.8
1167820 2373.3
1167830 2377.0
1167840 2377.0
1167850 2380.9
1167860 2384.5
1167870 2384.5
1167880 2388.3
1167890 2392.5
1167900 2397.3
1167910 2397.3
1167920 2402.5
1167930 2407.8
1167940 2407.8
1167950 2413.1
1167960 2418.5
1167970 2418.5
1167980 2425.1
1167990 2431.3
1168000 2431.3
1168010 2436.8
1168020 2442.4
1168030 2442.4
1168040 2448.1
1168050 2454.1
1168060 2457.4
1168070 2463.1
1168080 2470.4
1168090 2470.4
1168100 2484.3
1168110 2495.5
1168120 2495.5
1168130 2503.2
1168140 2517.6
1168150 2547.5
1168160 2547.5
1168170 2558.3
1168180 2552.6
1168190 2552.6
1168200 2546.8
1168210 2550.5
1168220 2550.5
1168230 2557.3
1168240 2564.4
1168250 2564.4
1168260 2574.5
1168270 2614.2
1168280 2614.2
1168290 2639.8
1168300 2638.3
1168310 2638.3
1168320 2646.3
1168330 2657.9
1168340 2657.9
1168350 2671.6
1168360 2689.0
1168370 2689.0
1168380 2688.6
1168390 2679.0
1168400 2668.6
1168410 2668.6
1168420 2658.7
1168430 2645.8
1168440 2645.8
1168450 2621.7
1168460 2605.4
1168470 2602.1
1168480 2595.0
1168490 2589.7
1168500 2589.7
1168510 2580.8
1168520 2574.4
1168530 2574.4
1168540 2568.6
1168550 2559.9
1168560 2559.9
1168570 2550.1
1168580 2538.6
1168590 2538.6
1168600 2527.2
1168610 2514.0
1168620 2514.0
1168630 2506.2
1168640 2499.6
1168650 2493.5
1168660 2493.5
1168670 2488.6
1168680 2483.7
1168690 2483.7
1168700 2479.0
1168710 2475.2
1168720 2475.2
1168730 2472.1
1168740 2469.7
1168750 2469.7
1168760 2466.8
1168770 2463.8
1168780 2463.8
1168790 2461.1
1168800 2458.4
1168810 2458.4
1168820 2455.3
1168830 2452.0
1168840 2452.0
1168850 2448.3
1168860 2444.8
1168870 2440.7
1168880 2437.0
1168890 2434.0
1168900 2432.5
1168910 2432.5
1168920 2431.2
1168930 2429.8
1168940 2429.8
1168950 2428.4
1168960 2426.5
1168970 2426.5
1168980 2425.1
1168990 2423.5
1169000 2423.5
1169010 2421.7
1169020 2420.2
1169030 2420.2
1169040 2420.2
1169050 2418.9
1169060 2418.9
1169070 2417.8
1169080 2416.8
1169090 2416.8
1169100 2416.4
1169110 2416.2
1169120 2416.2
1169130 2415.0
1169140 2412.9
1169150 2411.5
1169160 2411.5
1169170 2410.7
1169180 2411.6
1169190 2411.6
1169200 2411.7
1169210 2411.6
1169220 2411.6
1169230 2410.2
1169240 2411.0
1169250 2411.0
1169260 2411.7
1169270 2403.7
1169280 2403.7
1169290 2407.3
1169300 2412.8
1169310 2412.8
1169320 2417.8
1169330 2423.7
1169340 2423.7
1169350 2427.3
1169360 2432.5
1169370 2432.5
1169380 2435.4
1169390 2438.1
1169400 2442.2
1169410 2442.2
1169420 2445.9
1169430 2449.3
1169440 2449.3
1169450 2448.3
1169460 2441.0
1169470 2441.0
1169480 2432.9
1169490 2426.2
1169500 2426.2
1169510 2420.5
1169520 2415.1
1169530 2415.1
1169540 2411.0
1169550 2406.9
1169560 2406.9
1169570 2402.6
1169580 2399.1
1169590 2399.1
1169600 2396.5
1169610 2394.4
1169620 2394.4
1169630 2393.4
1169640 2392.6
1169650 2392.1
1169660 2392.1
1169670 2392.6
1169680 2389.2
1169690 2389.2
1169700 2388.5
1169710 2387.4
1169720 2387.4
1169730 2385.3
1169740 2383.3
1169750 2383.3
1169760 2381.2
1169770 2379.2
1169780 2379.2
1169790 2377.7
1169800 2375.3
1169810 2375.3
1169820 2373.2
1169830 2370.0
1169840 2370.0
1169850 2365.0
1169860 2360.1
1169870 2360.1
1169880 2356.1
1169890 2354.2
1169900 2352.1
1169910 2352.1
1169920 2349.8
1169930 2347.5
1169940 2347.5
1169950 2344.8
1169960 2341.4
1169970 2341.4
1169980 2338.0
1169990 2335.6
1170000 2335.6
1170010 2333.6
1170020 2333.9
1170030 2333.9
1170040 2335.2
1170050 2336.2
1170060 2336.2
1170070 2337.2
1170080 2332.4
1170090 2332.4
1170100 2333.9
1170110 2335.2
1170120 2335.2
1170130 2336.1
1170140 2335.6
1170150 2334.9
1170160 2334.9
1170170 2334.0
1170180 2333.5
1170190 2333.5
1170200 2334.0
1170210 2334.1
1170220 2334.1
1170230 2332.8
1170240 2333.0
1170250 2333.0
1170260 2333.4
1170270 2335.6
1170280 2335.6
1170290 2336.1
1170300 2335.9
1170310 2335.9
1170320 2335.9
1170330 2335.3
1170340 2335.3
1170350 2335.4
1170360 2334.6
1170370 2334.6
1170380 2335.0
1170390 2338.0
1170400 2344.2
1170410 2344.2
1170420 2347.9
1170430 2353.8
1170440 2353.8
1170450 2358.1
1170460 2363.1
1170470 2363.1
1170480 2360.8
1170490 2361.1
1170500 2361.1
1170510 2354.2
1170520 2353.6
1170530 2353.6
1170540 2354.7
1170550 2357.0
1170560 2357.0
1170570 2360.9
1170580 2367.8
1170590 2367.8
1170600 2376.7
1170610 2382.1
1170620 2382.1
1170630 2382.8
1170640 2384.0
1170650 2386.2
1170660 2386.2
1170670 2387.5
1170680 2389.1
1170690 2389.1
1170700 2391.0
1170710 2393.4
1170720 2393.4
1170730 2396.6
1170740 2400.5
1170750 2400.5
1170760 2405.1
1170770 2408.9
1170780 2408.9
1170790 2412.9
1170800 2417.3
1170810 2417.3
1170820 2421.7
1170830 2426.1
1170840 2426.1
1170850 2431.0
1170860 2435.9
1170870 2435.9
1170880 2440.8
1170890 2447.4
1170900 2453.9
1170910 2453.9
1170920 2462.4
1170930 2472.5
1170940 2472.5
1170950 2480.5
1170960 2483.9
1170970 2483.9
1170980 2486.0
1170990 2487.4
1171000 2487.4
1171010 2486.8
1171020 2485.5
1171030 2485.5
1171040 2481.7
1171050 2482.6
1171060 2482.6
1171070 2490.0
1171080 2505.7
1171090 2505.7
1171100 2517.9
1171110 2520.6
1171120 2520.6
1171130 2519.2
1171140 2517.7
1171150 2516.8
1171160 2516.8
1171170 2516.5
1171180 2517.7
1171190 2517.7
1171200 2516.3
1171210 2514.5
1171220 2514.5
1171230 2513.8
1171240 2512.8
1171250 2512.8
1171260 2514.7
1171270 2515.5
1171280 2515.5
1171290 2507.2
1171300 2509.6
1171310 2509.6
1171320 2512.8
1171330 2516.0
1171340 2516.0
1171350 2521.3
1171360 2526.1
1171370 2526.1
1171380 2530.8
1171390 2535.2
1171400 2538.7
1171410 2538.7
1171420 2545.0
1171430 2562.3
1171440 2562.3
1171450 2569.7
1171460 2569.4
1171470 2569.4
1171480 2571.5
1171490 2576.4
1171500 2576.4
1171510 2582.8
1171520 2588.0
1171530 2588.0
1171540 2593.2
1171550 2597.9
1171560 2597.9
1171570 2602.4
1171580 2608.1
1171590 2608.1
1171600 2615.2
1171610 2621.6
1171620 2621.6
1171630 2627.0
1171640 2631.7
1171650 2628.7
1171660 2628.7
1171670 2619.3
1171680 2609.8
1171690 2609.8
1171700 2592.3
1171710 2585.5
1171720 2585.5
1171730 2575.8
1171740 2573.2
1171750 2573.2
1171760 2570.1
1171770 2565.2
1171780 2565.2
1171790 2562.2
1171800 2562.8
1171810 2562.8
1171820 2562.9
1171830 2556.1
1171840 2556.1
1171850 2546.7
1171860 2537.6
1171870 2537.6
1171880 2529.1
1171890 2521.0
1171900 2513.7
1171910 2513.7
1171920 2506.0
1171930 2497.5
1171940 2497.5
1171950 2487.9
1171960 2481.3
1171970 2481.3
1171980 2475.5
1171990 2467.0
1172000 2467.0
1172010 2454.7
1172020 2447.0
1172030 2447.0
1172040 2441.3
1172050 2433.6
1172060 2433.6
1172070 2421.7
1172080 2406.3
1172090 2406.3
1172100 2394.2
1172110 2374.7
1172120 2374.7
1172130 2366.9
1172140 2360.7
1172150 2356.7
1172160 2356.7
1172170 2342.6
1172180 2324.2
1172190 2324.2
1172200 2313.5
1172210 2302.3
1172220 2302.3
1172230 2291.6
1172240 2279.5
1172250 2279.5
1172260 2268.8
1172270 2245.7
1172280 2245.7
1172290 2229.3
1172300 2220.9
1172310 2220.9
1172320 2217.8
1172330 2217.6
1172340 2217.6
1172350 2217.3
1172360 2217.9
1172370 2217.9
1172380 2228.0
1172390 2222.7
1172400 2187.0
1172410 2187.0
1172420 2155.7
1172430 2135.0
1172440 2135.0
1172450 2121.6
1172460 2115.8
1172470 2115.8
1172480 2089.6
1172490 2059.4
1172500 2059.4
1172510 2043.2
1172520 2027.1
1172530 2027.1
1172540 2014.0
1172550 2007.0
1172560 2007.0
1172570 2000.2
1172580 1993.6
1172590 1993.6
1172600 1987.2
1172610 1980.9
1172620 1980.9
1172630 1974.5
1172640 1968.2
1172650 1962.0
1172660 1962.0
1172670 1955.8
1172680 1950.0
1172690 1950.0
1172700 1944.6
1172710 1939.3
1172720 1939.3
1172730 1934.0
1172740 1928.8
1172750 1928.8
1172760 1924.0
1172770 1919.1
1172780 1919.1
1172790 1914.2
1172800 1909.1
1172810 1909.1
1172820 1904.3
1172830 1900.1
1172840 1900.1
1172850 1896.0
1172860 1891.7
1172870 1891.7
1172880 1887.4
1172890 1883.4
1172900 1879.8
1172910 1879.8
1172920 1874.6
1172930 1870.8
1172940 1870.8
1172950 1866.9
1172960 1860.1
1172970 1860.1
1172980 1854.9
1172990 1856.7
1173000 1856.7
1173010 1856.8
1173020 1857.9
1173030 1857.9
1173040 1859.7
1173050 1860.2
1173060 1860.2
1173070 1859.8
1173080 1859.6
1173090 1859.6
1173100 1859.2
1173110 1858.6
1173120 1858.6
1173130 1859.9
1173140 1861.8
1173150 1862.9
1173160 1862.9
1173170 1863.6
1173180 1863.7
1173190 1863.7
1173200 1861.7
1173210 1860.1
1173220 1860.1
1173230 1862.9
1173240 1867.5
1173250 1867.5
1173260 1872.7
1173270 1875.2
1173280 1875.2
1173290 1872.0
1173300 1869.6
1173310 1869.6
1173320 1869.5
1173330 1871.4
1173340 1871.4
1173350 1901.0
1173360 1911.7
1173370 1911.7
1173380 1916.6
1173390 1922.9
1173400 1925.9
1173410 1925.9
1173420 1917.5
1173430 1911.2
1173440 1911.2
1173450 1929.3
1173460 1959.4
1173470 1959.4
1173480 1975.4
1173490 1983.9
1173500 1983.9
1173510 1993.1
1173520 2000.8
1173530 2000.8
1173540 2013.4
1173550 2021.2
1173560 2021.2
1173570 2026.6
1173580 2033.1
1173590 2033.1
1173600 2038.0
1173610 2040.8
1173620 2040.8
1173630 2041.1
1173640 2034.1
1173650 2035.8
1173660 2035.8
1173670 2052.6
1173680 2065.0
1173690 2065.0
1173700 2083.5
1173710 2095.7
1173720 2095.7
1173730 2102.3
1173740 2099.2
1173750 2099.2
1173760 2102.7
1173770 2106.1
1173780 2106.1
1173790 2108.8
1173800 2112.2
1173810 2112.2
1173820 2117.4
1173830 2124.2
1173840 2124.2
1173850 2127.6
1173860 2126.5
1173870 2126.5
1173880 2126.6
1173890 2127.9
1173900 2124.8
1173910 2124.8
1173920 2120.5
1173930 2122.8
1173940 2122.8
1173950 2123.8
1173960 2125.9
1173970 2125.9
1173980 2124.6
1173990 2120.8
1174000 2120.8
1174010 2119.3
1174020 2117.3
1174030 2117.3
1174040 2118.0
1174050 2119.6
1174060 2119.6
1174070 2118.3
1174080 2117.0
1174090 2117.0
1174100 2114.3
1174110 2120.0
1174120 2120.0
1174130 2123.3
1174140 2127.1
1174150 2120.4
1174160 2120.4
1174170 2119.5
1174180 2115.7
1174190 2115.7
1174200 2115.8
1174210 2111.2
1174220 2111.2
1174230 2103.8
1174240 2100.4
1174250 2100.4
1174260 2100.2
1174270 2104.2
1174280 2104.2
1174290 2113.3
1174300 2124.5
1174310 2124.5
1174320 2142.6
1174330 2165.1
1174340 2165.1
1174350 2179.4
1174360 2193.4
1174370 2193.4
1174380 2206.2
1174390 2215.8
1174400 2224.4
1174410 2224.4
1174420 2232.9
1174430 2242.9
1174440 2242.9
1174450 2251.5
1174460 2267.0
1174470 2267.0
1174480 2290.3
1174490 2302.0
1174500 2302.0
1174510 2312.3
1174520 2321.6
1174530 2321.6
1174540 2329.1
1174550 2335.5
1174560 2335.9
1174570 2343.4
1174580 2348.9
1174590 2348.9
1174600 2353.5
1174610 2357.7
1174620 2357.7
1174630 2361.7
1174640 2365.8
1174650 2369.6
1174660 2369.6
1174670 2372.9
1174680 2377.3
1174690 2377.3
1174700 2382.3
1174710 2387.3
1174720 2387.3
1174730 2392.3
1174740 2396.3
1174750 2396.3
1174760 2399.8
1174770 2402.5
1174780 2402.5
1174790 2407.2
1174800 2416.5
1174810 2416.5
1174820 2431.7
1174830 2439.0
1174840 2439.0
1174850 2441.7
1174860 2450.1
1174870 2450.1
1174880 2444.6
1174890 2451.4
1174900 2460.7
1174910 2460.7
1174920 2463.1
1174930 2470.5
1174940 2470.5
1174950 2472.1
1174960 2472.1
1174970 2451.5
1174980 2465.6
1174990 2478.8
1175000 2478.8
1175010 2475.8
1175020 2467.6
1175030 2467.6
1175040 2458.5
1175050 2465.6
1175060 2465.6
1175070 2468.8
1175080 2482.4
1175090 2482.4
1175100 2502.1
1175110 2512.6
1175120 2512.6
1175130 2518.2
1175140 2520.7
1175150 2525.6
1175160 2525.6
1175170 2527.9
1175180 2527.4
1175190 2527.4
1175200 2522.8
1175210 2515.9
1175220 2515.9
1175230 2520.7
1175240 2524.2
1175250 2524.2
1175260 2529.8
1175270 2538.0
1175280 2538.0
1175290 2548.9
1175300 2556.5
1175310 2556.5
1175320 2563.2
1175330 2570.0
1175340 2570.0
1175350 2577.1
1175360 2581.4
1175370 2581.4
1175380 2568.3
1175390 2565.7
1175400 2564.2
1175410 2564.2
1175420 2567.6
1175430 2571.9
1175440 2571.9
1175450 2575.8
1175460 2580.7
1175470 2580.7
1175480 2584.6
1175490 2587.5
1175500 2587.5
1175510 2591.2
1175520 2593.2
1175530 2593.2
1175540 2582.6
1175550 2567.1
1175560 2567.1
1175570 2557.2
1175580 2549.3
1175590 2549.3
1175600 2538.2
1175610 2492.9
1175620 2492.9
1175630 2462.2
1175640 2452.4
1175650 2454.8
1175660 2454.8
1175670 2452.4
1175680 2460.5
1175690 2460.5
1175700 2467.6
1175710 2470.5
1175720 2470.5
1175730 2473.1
1175740 2476.4
1175750 2476.4
1175760 2474.6
1175770 2466.6
1175780 2466.6
1175790 2478.3
1175800 2471.2
1175810 2471.2
1175820 2463.1
1175830 2451.5
1175840 2451.5
1175850 2435.1
1175860 2428.4
1175870 2428.4
1175880 2416.5
1175890 2404.1
1175900 2395.2
1175910 2395.2
1175920 2387.3
1175930 2385.4
1175940 2385.4
1175950 2386.4
1175960 2379.2
1175970 2379.2
1175980 2367.5
1175990 2359.6
1176000 2359.6
1176010 2350.7
1176020 2343.8
1176030 2343.8
1176040 2337.7
1176050 2333.8
1176060 2333.8
1176070 2330.9
1176080 2322.3
1176090 2322.3
1176100 2320.1
1176110 2317.4
1176120 2317.4
1176130 2314.3
1176140 2313.3
1176150 2318.5
1176160 2318.5
1176170 2321.5
1176180 2319.2
1176190 2319.2
1176200 2317.9
1176210 2305.6
1176220 2305.6
1176230 2293.6
1176240 2285.3
1176250 2285.3
1176260 2287.4
1176270 2289.1
1176280 2289.1
1176290 2288.5
1176300 2281.8
1176310 2281.8
1176320 2274.7
1176330 2269.8
1176340 2269.8
1176350 2268.3
1176360 2269.3
1176370 2269.3
1176380 2274.8
1176390 2274.5
1176400 2271.3
1176410 2271.3
1176420 2277.9
1176430 2287.9
1176440 2287.9
1176450 2296.1
1176460 2296.8
1176470 2296.8
1176480 2291.9
1176490 2281.3
1176500 2281.3
1176510 2271.6
1176520 2286.8
1176530 2286.8
1176540 2281.8
1176550 2261.3
1176560 2261.3
1176570 2238.0
1176580 2228.1
1176590 2228.1
1176600 2225.0
1176610 2224.9
1176620 2224.9
1176630 2220.0
1176640 2225.8
1176650 2226.1
1176660 2226.1
1176670 2222.3
1176680 2226.7
1176690 2226.7
1176700 2230.1
1176710 2226.6
1176720 2226.6
1176730 2222.6
1176740 2217.6
1176750 2217.6
1176760 2189.2
1176770 2181.7
1176780 2181.7
1176790 2172.7
1176800 2163.7
1176810 2163.7
1176820 2155.9
1176830 2147.6
1176840 2147.6
1176850 2140.2
1176860 2130.3
1176870 2130.3
1176880 2124.0
1176890 2117.3
1176900 2109.7
1176910 2109.7
1176920 2101.4
1176930 2093.1
1176940 2093.1
1176950 2079.9
1176960 2066.1
1176970 2066.1
1176980 2056.0
1176990 2041.9
1177000 2041.9
1177010 2026.4
1177020 2010.9
1177030 2019.1
1177040 2010.6
1177050 2003.7
1177060 2003.7
1177070 1995.3
1177080 1987.2
1177090 1987.2
1177100 1979.6
1177110 1972.9
1177120 1972.9
1177130 1966.1
1177140 1959.0
1177150 1953.4
1177160 1953.4
1177170 1948.9
1177180 1944.1
1177190 1944.1
1177200 1939.9
1177210 1935.6
1177220 1935.6
1177230 1930.9
1177240 1926.1
1177250 1926.1
1177260 1921.3
1177270 1916.3
1177280 1916.3
1177290 1911.1
1177300 1906.6
1177310 1906.6
1177320 1902.4
1177330 1895.9
1177340 1895.9
1177350 1889.9
1177360 1889.3
1177370 1889.3
1177380 1887.9
1177390 1885.9
1177400 1886.4
1177410 1886.4
1177420 1884.4
1177430 1883.2
1177440 1890.8
1177450 1889.3
1177460 1885.1
1177470 1885.1
1177480 1879.5
1177490 1874.8
1177500 1874.8
1177510 1873.5
1177520 1875.1
1177530 1875.1
1177540 1874.5
1177550 1873.3
1177560 1873.3
1177570 1866.7
1177580 1862.7
1177590 1862.7
1177600 1856.8
1177610 1851.3
1177620 1851.3
1177630 1848.3
1177640 1843.8
1177650 1842.7
1177660 1842.7
1177670 1837.3
1177680 1825.7
1177690 1825.7
1177700 1814.5
1177710 1806.9
1177720 1806.9
1177730 1795.4
1177740 1787.7
1177750 1787.7
1177760 1781.5
1177770 1776.0
1177780 1776.0
1177790 1769.8
1177800 1764.1
1177810 1764.1
1177820 1758.8
1177830 1753.3
1177840 1753.3
1177850 1747.6
1177860 1744.8
1177870 1744.8
1177880 1738.5
1177890 1732.9
1177900 1727.4
1177910 1727.4
1177920 1721.9
1177930 1716.3
1177940 1716.3
1177950 1710.1
1177960 1704.3
1177970 1704.3
1177980 1698.2
1177990 1692.7
1178000 1692.7
1178010 1687.3
1178020 1680.0
1178030 1680.0
1178040 1673.0
1178050 1667.8
1178060 1667.8
1178070 1663.1
1178080 1658.1
1178090 1658.1
1178100 1652.9
1178110 1648.4
1178120 1648.4
1178130 1642.7
1178140 1637.5
1178150 1636.2
1178160 1636.2
1178170 1634.6
1178180 1632.4
1178190 1632.4
1178200 1630.2
1178210 1627.7
1178220 1627.7
1178230 1624.9
1178240 1623.2
1178250 1623.2
1178260 1623.2
1178270 1614.0
1178280 1614.0
1178290 1614.2
1178300 1617.5
1178310 1617.5
1178320 1615.4
1178330 1614.1
1178340 1614.1
1178350 1612.7
1178360 1608.2
1178370 1608.2
1178380 1613.2
1178390 1625.4
1178400 1624.8
1178410 1624.8
1178420 1620.6
1178430 1621.4
1178440 1621.4
1178450 1619.4
1178460 1619.4
1178470 1619.4
1178480 1612.0
1178490 1610.3
1178500 1610.3
1178510 1609.8
1178520 1610.3
1178530 1610.3
1178540 1612.0
1178550 1612.8
1178560 1612.8
1178570 1615.0
1178580 1611.4
1178590 1611.4
1178600 1614.9
1178610 1624.8
1178620 1624.8
1178630 1622.3
1178640 1616.2
1178650 1609.5
1178660 1609.5
1178670 1602.0
1178680 1595.2
1178690 1598.4
1178700 1591.5
1178710 1586.8
1178720 1586.8
1178730 1583.9
1178740 1579.8
1178750 1579.8
1178760 1577.8
1178770 1574.9
1178780 1574.9
1178790 1569.9
1178800 1564.7
1178810 1564.7
1178820 1559.0
1178830 1553.2
1178840 1553.2
1178850 1548.1
1178860 1542.4
1178870 1542.4
1178880 1536.4
1178890 1530.1
1178900 1523.1
1178910 1523.1
1178920 1515.5
1178930 1507.2
1178940 1507.2
1178950 1498.8
1178960 1491.1
1178970 1491.1
1178980 1484.2
1178990 1476.9
1179000 1476.9
1179010 1468.6
1179020 1460.5
1179030 1460.5
1179040 1453.1
1179050 1446.5
1179060 1446.5
1179070 1439.6
1179080 1432.7
1179090 1432.7
1179100 1426.8
1179110 1420.3
1179120 1420.3
1179130 1414.0
1179140 1408.1
1179150 1402.6
1179160 1402.6
1179170 1396.9
1179180 1389.8
1179190 1389.8
1179200 1382.3
1179210 1374.7
1179220 1374.7
1179230 1366.0
1179240 1356.1
1179250 1356.1
1179260 1346.6
1179270 1335.8
1179280 1335.8
1179290 1320.8
1179300 1308.1
1179310 1308.1
1179320 1298.8
1179330 1290.0
1179340 1290.0
1179350 1284.3
1179360 1281.9
1179370 1281.9
1179380 1282.7
1179390 1286.5
1179400 1294.0
1179410 1294.0
1179420 1301.9
1179430 1309.8
1179440 1309.8
1179450 1317.4
1179460 1323.0
1179470 1323.0
1179480 1327.3
1179490 1330.1
1179500 1330.1
1179510 1333.1
1179520 1336.1
1179530 1336.1
1179540 1353.5
1179550 1364.3
1179560 1364.3
1179570 1370.3
1179580 1378.3
1179590 1378.3
1179600 1387.5
1179610 1396.6
1179620 1396.6
1179630 1403.6
1179640 1409.8
1179650 1416.5
1179660 1416.5
1179670 1422.8
1179680 1427.2
1179690 1427.2
1179700 1431.8
1179710 1438.3
1179720 1438.3
1179730 1447.5
1179740 1457.5
1179750 1457.5
1179760 1465.2
1179770 1483.5
1179780 1483.5
1179790 1500.0
1179800 1508.9
1179810 1508.9
1179820 1514.2
1179830 1518.9
1179840 1518.9
1179850 1521.4
1179860 1525.8
1179870 1525.8
1179880 1529.6
1179890 1528.4
1179900 1536.0
1179910 1536.0
1179920 1549.2
1179930 1574.8
1179940 1550.7
1179950 1557.1
1179960 1558.7
1179970 1558.7
1179980 1560.3
1179990 1563.4
