1160000 1934.4
1160010 1934.4
1160020 1939.9
1160030 1945.9
1160040 1945.9
1160050 1951.5
1160060 1956.6
1160070 1956.6
1160080 1961.1
1160090 1964.5
1160100 1964.5
1160110 1967.2
1160120 1969.6
1160130 1969.6
1160140 1971.2
1160150 1969.1
1160160 1964.4
1160170 1964.4
1160180 1961.0
1160190 1958.8
1160200 1958.8
1160210 1956.9
1160220 1955.5
1160230 1955.5
1160240 1954.7
1160250 1955.1
1160260 1955.1
1160270 1955.4
1160280 1955.1
1160290 1955.1
1160300 1954.8
1160310 1955.1
1160320 1955.1
1160330 1954.6
1160340 1954.2
1160350 1958.3
1160360 1959.2
1160370 1962.5
1160380 1962.5
1160390 1965.4
1160400 1966.6
1160410 1966.6
1160420 1966.6
1160430 1965.8
1160440 1965.6
1160450 1965.6
1160460 1963.3
1160470 1964.1
1160480 1964.1
1160490 1964.9
1160500 1972.9
1160510 1972.9
1160520 1977.0
1160530 1975.7
1160540 1975.7
1160550 1973.6
1160560 1972.8
1160570 1972.8
1160580 1972.0
1160590 1973.2
1160600 1973.2
1160610 1979.3
1160620 1987.3
1160630 1987.3
1160640 1994.4
1160650 1999.4
1160660 1999.4
1160670 2005.1
1160680 2011.1
1160690 2017.7
1160700 2017.7
1160710 2024.6
1160720 2031.5
1160730 2031.5
1160740 2032.9
1160750 2041.2
1160760 2041.2
1160770 2048.6
1160780 2055.0
1160790 2055.0
1160800 2059.3
1160810 2062.5
1160820 2062.5
1160830 2065.6
1160840 2071.5
1160850 2071.5
1160860 2075.7
1160870 2078.5
1160880 2078.5
1160890 2082.1
1160900 2086.7
1160910 2086.7
1160920 2091.0
1160930 2095.4
1160940 2100.2
1160950 2100.2
1160960 2105.6
1160970 2111.1
1160980 2111.1
1160990 2117.1
1161000 2122.9
1161010 2122.9
1161020 2128.3
1161030 2132.9
1161040 2132.9
1161050 2137.3
1161060 2144.5
1161070 2144.5
1161080 2151.9
1161090 2159.4
1161100 2159.4
1161110 2168.7
1161120 2183.1
1161130 2196.4
1161140 2212.3
1161150 2227.8
1161160 2227.8
1161170 2241.4
1161180 2252.8
1161190 2263.1
1161200 2263.1
1161210 2273.5
1161220 2282.8
1161230 2282.8
1161240 2290.0
1161250 2297.3
1161260 2297.3
1161270 2305.1
1161280 2313.2
1161290 2313.2
1161300 2321.4
1161310 2333.7
1161320 2333.7
1161330 2344.7
1161340 2353.3
1161350 2353.3
1161360 2363.1
1161370 2373.3
1161380 2373.3
1161390 2382.0
1161400 2389.7
1161410 2389.7
1161420 2397.3
1161430 2403.1
1161440 2407.4
1161450 2407.4
1161460 2410.4
1161470 2415.3
1161480 2415.3
1161490 2425.1
1161500 2438.9
1161510 2438.9
1161520 2453.7
1161530 2458.8
1161540 2458.8
1161550 2466.4
1161560 2473.9
1161570 2473.9
1161580 2481.4
1161590 2488.9
1161600 2488.9
1161610 2497.9
1161620 2505.8
1161630 2505.8
1161640 2513.7
1161650 2522.1
1161660 2522.1
1161670 2529.9
1161680 2537.4
1161690 2545.9
1161700 2545.9
1161710 2554.5
1161720 2561.9
1161730 2561.9
1161740 2569.0
1161750 2576.8
1161760 2576.8
1161770 2584.4
1161780 2591.9
1161790 2591.9
1161800 2601.2
1161810 2610.1
1161820 2610.1
1161830 2616.0
1161840 2619.9
1161850 2619.9
1161860 2621.8
1161870 2620.3
1161880 2620.3
1161890 2614.3
1161900 2606.9
1161910 2606.9
1161920 2594.7
1161930 2595.5
1161940 2596.2
1161950 2596.2
1161960 2585.2
1161970 2571.5
1161980 2571.5
1161990 2566.0
1162000 2565.0
1162010 2565.0
1162020 2561.2
1162030 2557.0
1162040 2557.0
1162050 2551.2
1162060 2543.7
1162070 2543.7
1162080 2536.2
1162090 2530.4
1162100 2530.4
1162110 2525.1
1162120 2519.5
1162130 2519.5
1162140 2512.7
1162150 2510.3
1162160 2510.3
1162170 2507.8
1162180 2509.3
1162190 2510.5
1162200 2510.5
1162210 2507.0
1162220 2509.3
1162230 2509.3
1162240 2508.5
1162250 2504.2
1162260 2504.2
1162270 2499.0
1162280 2493.8
1162290 2493.8
1162300 2489.9
1162310 2478.7
1162320 2478.7
1162330 2475.2
1162340 2468.8
1162350 2468.8
1162360 2461.4
1162370 2458.1
1162380 2458.1
1162390 2453.7
1162400 2447.9
1162410 2447.9
1162420 2444.3
1162430 2436.4
1162440 2428.2
1162450 2428.2
1162460 2421.7
1162470 2414.4
1162480 2414.4
1162490 2410.3
1162500 2404.3
1162510 2404.3
1162520 2395.3
1162530 2388.7
1162540 2388.7
1162550 2382.1
1162560 2376.1
1162570 2376.1
1162580 2370.4
1162590 2364.7
1162600 2364.7
1162610 2358.2
1162620 2350.4
1162630 2350.4
1162640 2343.1
1162650 2337.2
1162660 2337.2
1162670 2331.5
1162680 2325.8
1162690 2320.7
1162700 2320.7
1162710 2314.5
1162720 2309.9
1162730 2309.9
1162740 2304.2
1162750 2297.7
1162760 2297.7
1162770 2290.8
1162780 2284.4
1162790 2284.4
1162800 2279.4
1162810 2275.4
1162820 2275.4
1162830 2271.8
1162840 2268.5
1162850 2268.5
1162860 2264.8
1162870 2260.8
1162880 2260.8
1162890 2256.9
1162900 2252.6
1162910 2252.6
1162920 2247.5
1162930 2242.2
1162940 2242.2
1162950 2241.6
1162960 2238.5
1162970 2236.5
1162980 2236.5
1162990 2233.2
1163000 2233.7
1163010 2233.7
1163020 2234.9
1163030 2235.0
1163040 2235.0
1163050 2234.7
1163060 2230.6
1163070 2230.6
1163080 2228.5
1163090 2223.6
1163100 2215.4
1163110 2212.2
1163120 2211.2
1163130 2211.2
1163140 2209.6
1163150 2208.8
1163160 2208.8
1163170 2207.5
1163180 2204.8
1163190 2204.8
1163200 2200.0
1163210 2194.4
1163220 2188.2
1163230 2188.2
1163240 2182.2
1163250 2174.6
1163260 2174.6
1163270 2165.0
1163280 2158.6
1163290 2158.6
1163300 2150.3
1163310 2140.0
1163320 2140.0
1163330 2133.3
1163340 2130.6
1163350 2130.6
1163360 2129.3
1163370 2123.2
1163380 2123.2
1163390 2111.8
1163400 2098.0
1163410 2098.0
1163420 2069.0
1163430 2052.6
1163440 2052.6
1163450 2042.8
1163460 2034.6
1163470 2028.1
1163480 2028.1
1163490 2021.5
1163500 2019.3
1163510 2019.3
1163520 2010.6
1163530 1999.8
1163540 1999.8
1163550 1990.6
1163560 1979.6
1163570 1979.6
1163580 1969.8
1163590 1960.6
1163600 1960.6
1163610 1951.0
1163620 1945.2
1163630 1945.2
1163640 1944.8
1163650 1944.3
1163660 1944.3
1163670 1946.3
1163680 1940.0
1163690 1940.0
1163700 1938.8
1163710 1937.4
1163720 1925.4
1163730 1925.4
1163740 1913.5
1163750 1897.0
1163760 1897.0
1163770 1885.0
1163780 1878.8
1163790 1878.8
1163800 1868.7
1163810 1860.0
1163820 1860.0
1163830 1852.9
1163840 1843.5
1163850 1843.5
1163860 1840.6
1163870 1839.4
1163880 1839.4
1163890 1841.2
1163900 1834.4
1163910 1834.4
1163920 1835.0
1163930 1835.4
1163940 1835.4
1163950 1837.8
1163960 1842.0
1163970 1844.6
1163980 1844.6
1163990 1846.6
1164000 1848.2
1164010 1848.2
1164020 1848.4
1164030 1845.9
1164040 1845.9
1164050 1842.8
1164060 1838.7
1164070 1838.7
1164080 1834.1
1164090 1826.4
1164100 1826.4
1164110 1817.0
1164120 1809.9
1164130 1809.9
1164140 1802.0
1164150 1792.7
1164160 1792.7
1164170 1785.6
1164180 1778.0
1164190 1778.0
1164200 1770.5
1164210 1764.5
1164220 1759.3
1164230 1759.3
1164240 1752.8
1164250 1745.7
1164260 1745.7
1164270 1740.4
1164280 1735.4
1164290 1732.9
1164300 1727.1
1164310 1718.8
1164320 1718.8
1164330 1708.3
1164340 1692.8
1164350 1692.8
1164360 1675.4
1164370 1654.0
1164380 1654.0
1164390 1636.0
1164400 1610.4
1164410 1610.4
1164420 1601.8
1164430 1588.8
1164440 1588.8
1164450 1567.7
1164460 1553.6
1164470 1545.6
1164480 1545.6
1164490 1537.9
1164500 1530.4
1164510 1530.4
1164520 1522.5
1164530 1515.1
1164540 1515.1
1164550 1509.3
1164560 1504.1
1164570 1504.1
1164580 1498.7
1164590 1493.6
1164600 1493.6
1164610 1488.7
1164620 1483.4
1164630 1483.4
1164640 1478.3
1164650 1473.3
1164660 1473.3
1164670 1468.8
1164680 1465.0
1164690 1464.9
1164700 1462.6
1164710 1460.9
1164720 1458.4
1164730 1458.4
1164740 1455.4
1164750 1454.8
1164760 1454.8
1164770 1453.3
1164780 1450.8
1164790 1450.8
1164800 1448.2
1164810 1446.4
1164820 1446.4
1164830 1444.6
1164840 1442.0
1164850 1442.0
1164860 1441.9
1164870 1441.8
1164880 1441.8
1164890 1441.8
1164900 1441.8
1164910 1441.8
1164920 1442.2
1164930 1442.9
1164940 1442.9
1164950 1444.2
1164960 1447.6
1164970 1451.4
1164980 1451.4
1164990 1453.0
1165000 1454.0
1165010 1454.0
1165020 1455.9
1165030 1459.0
1165040 1459.0
1165050 1462.7
1165060 1466.5
1165070 1466.5
1165080 1471.0
1165090 1478.8
1165100 1478.8
1165110 1484.6
1165120 1490.8
1165130 1490.8
1165140 1496.8
1165150 1503.4
1165160 1503.4
1165170 1510.5
1165180 1517.8
1165190 1517.8
1165200 1525.2
1165210 1532.9
1165220 1540.6
1165230 1540.6
1165240 1548.9
1165250 1560.7
1165260 1560.7
1165270 1573.9
1165280 1583.2
1165290 1583.2
1165300 1593.5
1165310 1605.0
1165320 1605.0
1165330 1614.8
1165340 1623.4
1165350 1623.4
1165360 1632.7
1165370 1644.5
1165380 1644.5
1165390 1660.3
1165400 1672.7
1165410 1672.7
1165420 1684.9
1165430 1699.1
1165440 1699.1
1165450 1710.6
1165460 1721.6
1165470 1730.7
1165480 1730.7
1165490 1766.0
1165500 1777.0
1165510 1777.0
1165520 1782.3
1165530 1786.9
1165540 1786.9
1165550 1794.4
1165560 1801.2
1165570 1801.2
1165580 1807.1
1165590 1811.9
1165600 1811.9
1165610 1816.1
1165620 1820.4
1165630 1820.4
1165640 1825.6
1165650 1831.3
1165660 1831.3
1165670 1836.6
1165680 1841.6
1165690 1841.6
1165700 1846.4
1165710 1851.8
1165720 1851.8
1165730 1857.5
1165740 1862.4
1165750 1867.2
1165760 1867.2
1165770 1871.1
1165780 1873.3
1165790 1873.3
1165800 1873.0
1165810 1871.5
1165820 1871.5
1165830 1871.4
1165840 1871.8
1165850 1871.8
1165860 1872.8
1165870 1874.0
1165880 1880.9
1165890 1880.2
1165900 1879.1
1165910 1879.1
1165920 1878.6
1165930 1876.7
1165940 1876.7
1165950 1874.8
1165960 1873.1
1165970 1873.1
1165980 1870.8
1165990 1868.0
1166000 1865.5
1166010 1865.5
1166020 1863.1
1166030 1860.8
1166040 1860.8
1166050 1858.8
1166060 1856.7
1166070 1856.7
1166080 1854.9
1166090 1853.9
1166100 1853.9
1166110 1853.0
1166120 1852.7
1166130 1852.7
1166140 1853.5
1166150 1853.9
1166160 1853.9
1166170 1854.4
1166180 1855.8
1166190 1855.8
1166200 1857.8
1166210 1860.3
1166220 1860.3
1166230 1862.0
1166240 1863.2
1166250 1864.3
1166260 1864.3
1166270 1866.4
1166280 1872.9
1166290 1872.9
1166300 1875.4
1166310 1877.7
1166320 1877.7
1166330 1880.2
1166340 1884.1
1166350 1884.1
1166360 1888.7
1166370 1893.6
1166380 1893.6
1166390 1897.3
1166400 1899.2
1166410 1899.2
1166420 1901.3
1166430 1904.3
1166440 1904.3
1166450 1907.9
1166460 1910.1
1166470 1910.1
1166480 1913.5
1166490 1918.5
1166500 1922.9
1166510 1922.9
1166520 1928.3
1166530 1933.3
1166540 1933.3
1166550 1939.5
1166560 1946.6
1166570 1946.6
1166580 1953.8
1166590 1961.8
1166600 1961.8
1166610 1976.5
1166620 1987.6
1166630 1987.6
1166640 1995.4
1166650 2003.5
1166660 2003.5
1166670 2012.8
1166680 2018.4
1166690 2018.4
1166700 2027.6
1166710 2038.5
1166720 2038.5
1166730 2048.4
1166740 2058.5
1166750 2067.0
1166760 2067.0
1166770 2074.4
1166780 2082.2
1166790 2082.2
1166800 2090.8
1166810 2100.9
1166820 2100.9
1166830 2109.1
1166840 2116.3
1166850 2116.3
1166860 2122.9
1166870 2128.7
1166880 2128.7
1166890 2134.8
1166900 2141.4
1166910 2141.4
1166920 2149.9
1166930 2158.9
1166940 2158.9
1166950 2167.6
1166960 2177.4
1166970 2177.4
1166980 2186.4
1166990 2194.8
1167000 2204.0
1167010 2204.0
1167020 2214.9
1167030 2224.3
1167040 2224.3
1167050 2231.6
1167060 2238.6
1167070 2238.6
1167080 2233.7
1167090 2240.6
1167100 2240.6
1167110 2249.8
1167120 2258.9
1167130 2258.9
1167140 2270.0
1167150 2280.7
1167160 2280.7
1167170 2290.4
1167180 2299.3
1167190 2299.3
1167200 2307.5
1167210 2315.2
1167220 2315.2
1167230 2322.8
1167240 2330.6
1167250 2339.3
1167260 2339.3
1167270 2345.8
1167280 2352.7
1167290 2352.7
1167300 2361.0
1167310 2369.3
1167320 2369.3
1167330 2374.9
1167340 2380.0
1167350 2380.0
1167360 2386.5
1167370 2394.9
1167380 2394.9
1167390 2402.8
1167400 2412.7
1167410 2412.7
1167420 2422.1
1167430 2429.0
1167440 2429.0
1167450 2436.7
1167460 2445.5
1167470 2445.5
1167480 2444.4
1167490 2457.3
1167500 2474.2
1167510 2474.2
1167520 2488.2
1167530 2496.8
1167540 2496.8
1167550 2505.3
1167560 2511.8
1167570 2511.8
1167580 2515.8
1167590 2520.2
1167600 2520.2
1167610 2525.9
1167620 2531.2
1167630 2531.2
1167640 2533.7
1167650 2532.0
1167660 2532.0
1167670 2528.5
1167680 2523.9
1167690 2523.9
1167700 2519.8
1167710 2516.9
1167720 2516.9
1167730 2514.8
1167740 2514.2
1167750 2517.7
1167760 2517.7
1167770 2525.4
1167780 2531.4
1167790 2531.4
1167800 2530.1
1167810 2523.7
1167820 2523.7
1167830 2516.9
1167840 2509.7
1167850 2509.7
1167860 2500.1
1167870 2491.9
1167880 2486.5
1167890 2479.9
1167900 2475.1
1167910 2475.1
1167920 2471.4
1167930 2466.1
1167940 2466.1
1167950 2460.1
1167960 2455.7
1167970 2455.7
1167980 2452.4
1167990 2448.9
1168000 2445.2
1168010 2445.2
1168020 2440.6
1168030 2436.3
1168040 2436.3
1168050 2432.3
1168060 2427.7
1168070 2427.7
1168080 2422.8
1168090 2417.7
1168100 2417.7
1168110 2412.5
1168120 2408.2
1168130 2408.2
1168140 2403.8
1168150 2399.1
1168160 2399.1
1168170 2394.4
1168180 2389.6
1168190 2389.6
1168200 2384.6
1168210 2379.9
1168220 2379.9
1168230 2375.7
1168240 2371.7
1168250 2367.8
1168260 2367.8
1168270 2363.7
1168280 2360.4
1168290 2359.2
1168300 2356.7
1168310 2352.9
1168320 2352.9
1168330 2348.5
1168340 2344.8
1168350 2344.8
1168360 2342.2
1168370 2340.8
1168380 2340.8
1168390 2339.7
1168400 2337.9
1168410 2337.9
1168420 2335.2
1168430 2333.0
1168440 2333.0
1168450 2331.5
1168460 2330.4
1168470 2330.4
1168480 2328.6
1168490 2326.9
1168500 2324.8
1168510 2324.8
1168520 2323.6
1168530 2322.7
1168540 2322.7
1168550 2322.0
1168560 2321.5
1168570 2321.5
1168580 2320.8
1168590 2320.8
1168600 2320.8
1168610 2321.0
1168620 2320.5
1168630 2320.5
1168640 2319.5
1168650 2318.2
1168660 2318.2
1168670 2317.6
1168680 2316.0
1168690 2308.0
1168700 2305.2
1168710 2302.3
1168720 2302.3
1168730 2298.0
1168740 2292.6
1168750 2292.6
1168760 2288.0
1168770 2283.1
1168780 2277.9
1168790 2277.9
1168800 2272.5
1168810 2267.1
1168820 2267.1
1168830 2262.5
1168840 2258.3
1168850 2258.3
1168860 2251.6
1168870 2243.4
1168880 2243.4
1168890 2237.4
1168900 2231.9
1168910 2231.9
1168920 2225.8
1168930 2220.0
1168940 2220.0
1168950 2214.9
1168960 2211.7
1168970 2211.7
1168980 2210.4
1168990 2210.5
1169000 2210.5
1169010 2209.2
1169020 2206.5
1169030 2203.9
1169040 2203.9
1169050 2201.3
1169060 2198.3
1169070 2198.3
1169080 2195.0
1169090 2190.0
1169100 2190.0
1169110 2187.5
1169120 2185.7
1169130 2185.7
1169140 2183.1
1169150 2180.8
1169160 2180.8
1169170 2179.0
1169180 2176.5
1169190 2176.5
1169200 2173.0
1169210 2168.5
1169220 2168.5
1169230 2165.0
1169240 2162.5
1169250 2162.5
1169260 2159.1
1169270 2156.1
1169280 2154.5
1169290 2154.5
1169300 2151.9
1169310 2148.5
1169320 2148.5
1169330 2145.6
1169340 2143.5
1169350 2143.5
1169360 2141.4
1169370 2138.3
1169380 2138.3
1169390 2134.7
1169400 2132.7
1169410 2132.7
1169420 2132.2
1169430 2131.6
1169440 2131.6
1169450 2131.3
1169460 2130.9
1169470 2130.9
1169480 2130.6
1169490 2130.2
1169500 2130.2
1169510 2130.0
1169520 2130.1
1169530 2130.2
1169540 2130.2
1169550 2130.5
1169560 2130.7
1169570 2130.7
1169580 2131.0
1169590 2131.0
1169600 2131.0
1169610 2131.9
1169620 2132.9
1169630 2132.9
1169640 2134.1
1169650 2135.8
1169660 2135.8
1169670 2138.2
1169680 2141.3
1169690 2141.3
1169700 2144.7
1169710 2148.0
1169720 2148.0
1169730 2151.8
1169740 2156.2
1169750 2156.2
1169760 2160.4
1169770 2164.7
1169780 2169.0
1169790 2169.0
1169800 2173.4
1169810 2178.1
1169820 2178.1
1169830 2183.1
1169840 2187.5
1169850 2187.5
1169860 2192.2
1169870 2197.3
1169880 2197.3
1169890 2202.3
1169900 2207.0
1169910 2207.0
1169920 2212.2
1169930 2217.4
1169940 2217.4
1169950 2222.7
1169960 2227.9
1169970 2227.9
1169980 2233.0
1169990 2238.2
1170000 2238.2
1170010 2243.4
1170020 2248.8
1170030 2254.5
1170040 2254.5
1170050 2260.5
1170060 2267.0
1170070 2267.0
1170080 2273.3
1170090 2279.7
1170100 2279.7
1170110 2286.5
1170120 2296.6
1170130 2296.6
1170140 2307.4
1170150 2319.9
1170160 2319.9
1170170 2335.2
1170180 2349.9
1170190 2349.9
1170200 2361.9
1170210 2369.9
1170220 2369.9
1170230 2377.7
1170240 2387.1
1170250 2387.1
1170260 2396.4
1170270 2406.1
1170280 2421.1
1170290 2421.1
1170300 2436.0
1170310 2445.0
1170320 2445.0
1170330 2452.8
1170340 2460.6
1170350 2460.6
1170360 2469.3
1170370 2477.7
1170380 2477.7
1170390 2485.0
1170400 2491.7
1170410 2491.7
1170420 2498.8
1170430 2506.3
1170440 2506.3
1170450 2513.7
1170460 2520.7
1170470 2520.7
1170480 2527.6
1170490 2534.8
1170500 2534.8
1170510 2542.4
1170520 2550.1
1170530 2557.6
1170540 2557.6
1170550 2565.8
1170560 2573.4
1170570 2573.4
1170580 2581.3
1170590 2589.0
1170600 2589.0
1170610 2596.5
1170620 2610.9
1170630 2610.9
1170640 2627.2
1170650 2640.8
1170660 2640.8
1170670 2649.7
1170680 2661.3
1170690 2661.3
1170700 2675.2
1170710 2683.5
1170720 2683.5
1170730 2692.0
1170740 2700.8
1170750 2700.8
1170760 2699.4
1170770 2701.9
1170780 2703.6
1170790 2703.6
1170800 2688.0
1170810 2658.9
1170820 2658.9
1170830 2641.1
1170840 2631.2
1170850 2631.2
1170860 2622.2
1170870 2610.3
1170880 2610.3
1170890 2597.8
1170900 2589.4
1170910 2589.4
1170920 2577.4
1170930 2566.4
1170940 2566.4
1170950 2553.0
1170960 2526.0
1170970 2526.0
1170980 2498.2
1170990 2488.4
1171000 2488.4
1171010 2479.8
1171020 2473.3
1171030 2466.7
1171040 2466.7
1171050 2460.2
1171060 2454.3
1171070 2454.3
1171080 2448.5
1171090 2442.2
1171100 2442.2
1171110 2438.9
1171120 2432.6
1171130 2432.6
1171140 2429.4
1171150 2428.7
1171160 2428.7
1171170 2428.6
1171180 2428.5
1171190 2428.5
1171200 2429.6
1171210 2431.4
1171220 2431.4
1171230 2432.5
1171240 2431.6
1171250 2431.6
1171260 2430.1
1171270 2426.4
1171280 2422.3
1171290 2422.3
1171300 2419.0
1171310 2414.9
1171320 2414.9
1171330 2410.6
1171340 2407.0
1171350 2407.0
1171360 2402.5
1171370 2398.1
1171380 2398.1
1171390 2394.2
1171400 2391.4
1171410 2391.4
1171420 2388.8
1171430 2384.5
1171440 2384.5
1171450 2381.9
1171460 2381.6
1171470 2381.6
1171480 2379.4
1171490 2376.5
1171500 2376.5
1171510 2372.6
1171520 2369.4
1171530 2365.0
1171540 2365.0
1171550 2356.3
1171560 2351.8
1171570 2351.8
1171580 2348.8
1171590 2346.4
1171600 2346.4
1171610 2341.1
1171620 2338.6
1171630 2338.6
1171640 2338.6
1171650 2334.5
1171660 2334.5
1171670 2330.3
1171680 2326.3
1171690 2326.3
1171700 2321.9
1171710 2317.0
1171720 2317.0
1171730 2311.0
1171740 2304.9
1171750 2304.9
1171760 2298.7
1171770 2292.0
1171780 2292.0
1171790 2284.0
1171800 2274.3
1171810 2265.6
1171820 2265.6
1171830 2259.8
1171840 2254.6
1171850 2254.6
1171860 2249.8
1171870 2244.8
1171880 2244.8
1171890 2239.0
1171900 2233.2
1171910 2233.2
1171920 2227.6
1171930 2220.8
1171940 2220.8
1171950 2216.8
1171960 2212.5
1171970 2212.5
1171980 2208.1
1171990 2203.7
1172000 2203.7
1172010 2199.4
1172020 2195.4
1172030 2195.4
1172040 2192.0
1172050 2188.9
1172060 2185.5
1172070 2185.5
1172080 2182.0
1172090 2179.3
1172100 2179.3
1172110 2176.9
1172120 2174.1
1172130 2174.1
1172140 2170.7
1172150 2166.8
1172160 2166.8
1172170 2163.2
1172180 2159.7
1172190 2159.7
1172200 2156.3
1172210 2153.3
1172220 2153.3
1172230 2150.6
1172240 2148.4
1172250 2148.4
1172260 2146.2
1172270 2143.8
1172280 2143.8
1172290 2140.8
1172300 2138.1
1172310 2135.5
1172320 2135.5
1172330 2132.1
1172340 2131.4
1172350 2131.4
1172360 2131.3
1172370 2131.0
1172380 2131.0
1172390 2130.5
1172400 2129.8
1172410 2129.8
1172420 2129.4
1172430 2130.4
1172440 2130.4
1172450 2130.3
1172460 2127.8
1172470 2127.8
1172480 2126.7
1172490 2126.5
1172500 2126.5
1172510 2126.9
1172520 2128.3
1172530 2128.3
1172540 2129.2
1172550 2127.6
1172560 2127.1
1172570 2127.1
1172580 2126.2
1172590 2125.6
1172600 2125.6
1172610 2125.8
1172620 2124.7
1172630 2124.7
1172640 2125.7
1172650 2128.2
1172660 2128.2
1172670 2131.0
1172680 2132.7
1172690 2132.7
1172700 2133.9
1172710 2135.4
1172720 2135.4
1172730 2134.3
1172740 2126.8
1172750 2126.8
1172760 2124.9
1172770 2123.8
1172780 2123.8
1172790 2122.4
1172800 2119.6
1172810 2116.8
1172820 2116.8
1172830 2114.7
1172840 2110.2
1172850 2110.2
1172860 2102.6
1172870 2099.4
1172880 2099.4
1172890 2107.1
1172900 2111.3
1172910 2111.3
1172920 2111.1
1172930 2109.1
1172940 2109.1
1172950 2107.6
1172960 2106.5
1172970 2106.5
1172980 2105.3
1172990 2103.3
1173000 2103.3
1173010 2102.9
1173020 2105.1
1173030 2105.1
1173040 2106.9
1173050 2108.9
1173060 2112.0
1173070 2112.0
1173080 2116.9
1173090 2121.5
1173100 2121.5
1173110 2125.1
1173120 2128.6
1173130 2128.6
1173140 2131.2
1173150 2129.7
1173160 2129.7
1173170 2132.5
1173180 2136.1
1173190 2136.1
1173200 2140.8
1173210 2146.4
1173220 2146.4
1173230 2152.3
1173240 2156.4
1173250 2156.4
1173260 2164.9
1173270 2174.0
1173280 2174.0
1173290 2180.3
1173300 2181.1
1173310 2183.6
1173320 2183.6
1173330 2187.2
1173340 2191.6
1173350 2191.6
1173360 2193.3
1173370 2196.4
1173380 2196.4
1173390 2200.3
1173400 2200.3
1173410 2200.3
1173420 2200.2
1173430 2202.6
1173440 2202.6
1173450 2207.6
1173460 2212.3
1173470 2212.3
1173480 2215.5
1173490 2218.9
1173500 2218.9
1173510 2223.1
1173520 2227.1
1173530 2227.1
1173540 2232.2
1173550 2238.5
1173560 2239.3
1173570 2239.3
1173580 2246.4
1173590 2254.7
1173600 2254.7
1173610 2265.6
1173620 2272.7
1173630 2272.7
1173640 2282.4
1173650 2290.8
1173660 2290.8
1173670 2300.3
1173680 2307.7
1173690 2307.7
1173700 2317.6
1173710 2327.5
1173720 2327.5
1173730 2333.2
1173740 2341.9
1173750 2341.9
1173760 2346.6
1173770 2362.5
1173780 2362.5
1173790 2377.4
1173800 2393.5
1173810 2407.0
1173820 2407.0
1173830 2410.4
1173840 2405.6
1173850 2405.6
1173860 2403.9
1173870 2409.4
1173880 2409.4
1173890 2416.5
1173900 2422.7
1173910 2422.7
1173920 2429.0
1173930 2435.4
1173940 2435.4
1173950 2441.7
1173960 2448.6
1173970 2451.3
1173980 2451.9
1173990 2445.9
1174000 2445.9
1174010 2439.3
1174020 2431.3
1174030 2431.3
1174040 2421.7
1174050 2411.5
1174060 2403.7
1174070 2403.7
1174080 2396.6
1174090 2389.6
1174100 2389.6
1174110 2382.8
1174120 2376.2
1174130 2376.2
1174140 2370.2
1174150 2364.3
1174160 2364.3
1174170 2358.3
1174180 2352.6
1174190 2352.6
1174200 2347.2
1174210 2342.1
1174220 2342.1
1174230 2337.1
1174240 2332.3
1174250 2332.3
1174260 2327.9
1174270 2324.0
1174280 2324.0
1174290 2320.6
1174300 2317.6
1174310 2315.2
1174320 2315.2
1174330 2313.0
1174340 2311.9
1174350 2311.9
1174360 2311.5
1174370 2308.8
1174380 2308.8
1174390 2308.6
1174400 2308.3
1174410 2308.3
1174420 2308.8
1174430 2309.7
1174440 2309.7
1174450 2308.9
1174460 2307.3
1174470 2307.3
1174480 2305.8
1174490 2302.7
1174500 2302.7
1174510 2298.5
1174520 2293.8
1174530 2293.8
1174540 2290.6
1174550 2289.7
1174560 2288.2
1174570 2288.2
1174580 2287.1
1174590 2286.7
1174600 2286.7
1174610 2284.3
1174620 2282.4
1174630 2282.4
1174640 2283.2
1174650 2283.5
1174660 2283.5
1174670 2283.7
1174680 2283.6
1174690 2283.6
1174700 2283.6
1174710 2284.0
1174720 2284.0
1174730 2284.4
1174740 2284.0
1174750 2284.0
1174760 2283.3
1174770 2283.6
1174780 2283.0
1174790 2282.1
1174800 2281.2
1174810 2280.7
1174820 2280.7
1174830 2279.0
1174840 2276.6
1174850 2276.6
1174860 2276.0
1174870 2274.2
1174880 2274.2
1174890 2272.3
1174900 2270.2
1174910 2270.2
1174920 2264.7
1174930 2257.4
1174940 2257.4
1174950 2250.1
1174960 2243.6
1174970 2243.6
1174980 2237.2
1174990 2230.4
1175000 2230.4
1175010 2224.2
1175020 2219.8
1175030 2219.8
1175040 2216.7
1175050 2213.8
1175060 2211.4
1175070 2211.4
1175080 2209.1
1175090 2207.9
1175100 2207.9
1175110 2208.3
1175120 2209.5
1175130 2209.5
1175140 2210.0
1175150 2209.5
1175160 2209.5
1175170 2207.0
1175180 2204.5
1175190 2204.5
1175200 2203.0
1175210 2202.8
1175220 2202.8
1175230 2203.8
1175240 2205.9
1175250 2205.9
1175260 2208.3
1175270 2209.5
1175280 2209.5
1175290 2211.0
1175300 2213.5
1175310 2213.5
1175320 2216.2
1175330 2218.8
1175340 2220.9
1175350 2220.9
1175360 2222.3
1175370 2223.2
1175380 2223.2
1175390 2224.0
1175400 2224.9
1175410 2224.9
1175420 2226.3
1175430 2227.9
1175440 2227.9
1175450 2229.6
1175460 2231.4
1175470 2231.4
1175480 2233.3
1175490 2235.0
1175500 2235.0
1175510 2236.9
1175520 2238.7
1175530 2238.7
1175540 2240.5
1175550 2242.2
1175560 2242.2
1175570 2243.7
1175580 2245.1
1175590 2246.4
1175600 2246.4
1175610 2253.4
1175620 2255.0
1175630 2255.0
1175640 2256.4
1175650 2257.3
1175660 2257.3
1175670 2257.7
1175680 2258.0
1175690 2258.0
1175700 2258.6
1175710 2259.3
1175720 2259.3
1175730 2260.7
1175740 2262.2
1175750 2262.2
1175760 2263.3
1175770 2263.4
1175780 2263.4
1175790 2262.1
1175800 2262.4
1175810 2262.4
1175820 2265.5
1175830 2265.9
1175840 2264.5
1175850 2264.5
1175860 2263.2
1175870 2263.9
1175880 2263.9
1175890 2265.4
1175900 2262.2
1175910 2262.2
1175920 2263.1
1175930 2264.6
1175940 2264.6
1175950 2261.0
1175960 2257.8
1175970 2257.8
1175980 2257.7
1175990 2256.9
1176000 2256.9
1176010 2255.7
1176020 2261.5
1176030 2261.5
1176040 2261.5
1176050 2267.9
1176060 2267.9
1176070 2268.3
1176080 2263.5
1176090 2257.8
1176100 2257.8
1176110 2251.1
1176120 2246.3
1176130 2246.3
1176140 2244.3
1176150 2243.4
1176160 2243.4
1176170 2242.1
1176180 2243.9
1176190 2243.9
1176200 2245.6
1176210 2246.7
1176220 2246.7
1176230 2246.6
1176240 2249.3
1176250 2249.3
1176260 2255.1
1176270 2261.1
1176280 2261.1
1176290 2266.3
1176300 2268.9
1176310 2268.9
1176320 2271.8
1176330 2275.6
1176340 2280.7
1176350 2280.7
1176360 2282.9
1176370 2286.6
1176380 2286.6
1176390 2292.6
1176400 2292.4
1176410 2292.4
1176420 2293.9
1176430 2306.3
1176440 2306.3
1176450 2312.6
1176460 2320.8
1176470 2320.8
1176480 2328.2
1176490 2334.7
1176500 2334.7
1176510 2342.6
1176520 2352.3
1176530 2352.3
1176540 2359.2
1176550 2357.8
1176560 2357.8
1176570 2348.8
1176580 2344.1
1176590 2344.3
1176600 2344.3
1176610 2349.2
1176620 2356.0
1176630 2356.0
1176640 2368.9
1176650 2382.2
1176660 2382.2
1176670 2391.6
1176680 2395.2
1176690 2395.2
1176700 2399.7
1176710 2402.4
1176720 2402.4
1176730 2397.2
1176740 2392.1
1176750 2392.1
1176760 2386.6
1176770 2377.1
1176780 2377.1
1176790 2370.9
1176800 2364.6
1176810 2364.6
1176820 2357.2
1176830 2350.4
1176840 2339.2
1176850 2339.2
1176860 2334.6
1176870 2331.1
1176880 2331.1
1176890 2326.1
1176900 2319.8
1176910 2319.8
1176920 2313.6
1176930 2306.4
1176940 2306.4
1176950 2298.8
1176960 2292.7
1176970 2292.7
1176980 2295.9
1176990 2294.3
1177000 2294.3
1177010 2286.4
1177020 2279.8
1177030 2279.8
1177040 2274.9
1177050 2270.9
1177060 2270.9
1177070 2265.6
1177080 2257.0
1177090 2245.6
1177100 2245.6
1177110 2233.7
1177120 2228.8
1177130 2228.8
1177140 2222.8
1177150 2211.4
1177160 2211.4
1177170 2198.4
1177180 2188.5
1177190 2188.5
1177200 2183.0
1177210 2180.1
1177220 2180.1
1177230 2172.3
1177240 2163.3
1177250 2163.3
1177260 2151.9
1177270 2147.7
1177280 2147.7
1177290 2142.1
1177300 2131.4
1177310 2131.4
1177320 2121.3
1177330 2113.0
1177340 2105.3
1177350 2105.3
1177360 2095.2
1177370 2081.0
1177380 2081.0
1177390 2069.1
1177400 2055.6
1177410 2055.6
1177420 2043.3
1177430 2037.5
1177440 2037.5
1177450 2032.0
1177460 2025.5
1177470 2025.5
1177480 2017.2
1177490 2007.8
1177500 2007.8
1177510 1998.1
1177520 1984.7
1177530 1984.7
1177540 1963.8
1177550 1950.5
1177560 1950.5
1177570 1941.9
1177580 1933.7
1177590 1925.0
1177600 1925.0
1177610 1908.7
1177620 1900.7
1177630 1900.7
1177640 1890.5
1177650 1882.2
1177660 1882.2
1177670 1874.7
1177680 1867.0
1177690 1867.0
1177700 1858.9
1177710 1851.9
1177720 1851.9
1177730 1844.7
1177740 1834.2
1177750 1834.2
1177760 1821.8
1177770 1808.8
1177780 1808.8
1177790 1797.3
1177800 1785.4
1177810 1785.4
1177820 1770.9
1177830 1755.6
1177840 1744.9
1177850 1744.9
1177860 1736.2
1177870 1728.6
1177880 1728.6
1177890 1721.5
1177900 1711.7
1177910 1711.7
1177920 1704.1
1177930 1696.7
1177940 1696.7
1177950 1693.0
1177960 1688.5
1177970 1688.5
1177980 1682.3
1177990 1675.9
1178000 1675.9
1178010 1669.9
1178020 1664.0
1178030 1664.0
1178040 1658.3
1178050 1652.9
1178060 1652.9
1178070 1647.2
1178080 1641.1
1178090 1636.4
1178100 1636.4
1178110 1629.9
1178120 1623.6
1178130 1623.6
1178140 1617.4
1178150 1611.1
1178160 1611.1
1178170 1604.8
1178180 1598.8
1178190 1598.8
1178200 1592.5
1178210 1586.4
1178220 1586.4
1178230 1580.5
1178240 1574.7
1178250 1574.7
1178260 1569.9
1178270 1566.5
1178280 1566.5
1178290 1563.3
1178300 1559.2
1178310 1559.2
1178320 1554.6
1178330 1550.4
1178340 1545.8
1178350 1545.8
1178360 1540.1
1178370 1533.8
1178380 1533.8
1178390 1527.5
1178400 1521.4
1178410 1521.4
1178420 1515.8
1178430 1510.4
1178440 1510.4
1178450 1506.3
1178460 1504.1
1178470 1504.1
1178480 1500.9
1178490 1498.2
1178500 1500.2
1178510 1497.3
1178520 1494.7
1178530 1494.7
1178540 1491.3
1178550 1487.8
1178560 1487.8
1178570 1484.4
1178580 1481.1
1178590 1477.4
1178600 1477.4
1178610 1472.5
1178620 1468.0
1178630 1468.0
1178640 1466.5
1178650 1468.8
1178660 1468.8
1178670 1473.9
1178680 1478.0
1178690 1478.0
1178700 1481.4
1178710 1484.7
1178720 1484.7
1178730 1487.5
1178740 1490.8
1178750 1490.8
1178760 1492.9
1178770 1488.5
1178780 1488.5
1178790 1482.9
1178800 1481.7
1178810 1481.7
1178820 1481.9
1178830 1483.6
1178840 1486.3
1178850 1486.3
1178860 1488.1
1178870 1488.5
1178880 1488.5
1178890 1489.9
1178900 1492.2
1178910 1492.2
1178920 1492.0
1178930 1493.0
1178940 1493.0
1178950 1496.5
1178960 1498.4
1178970 1498.4
1178980 1499.2
1178990 1498.4
1179000 1498.4
1179010 1499.3
1179020 1501.3
1179030 1501.3
1179040 1502.8
1179050 1506.6
1179060 1506.6
1179070 1513.0
1179080 1520.1
1179090 1520.1
1179100 1527.5
1179110 1535.0
1179120 1542.2
1179130 1542.2
1179140 1548.6
1179150 1554.9
1179160 1554.9
1179170 1561.7
1179180 1568.7
1179190 1568.7
1179200 1575.7
1179210 1582.8
1179220 1582.8
1179230 1590.1
1179240 1597.5
1179250 1597.5
1179260 1604.5
1179270 1611.1
1179280 1611.1
1179290 1617.5
1179300 1624.2
1179310 1624.2
1179320 1631.0
1179330 1636.0
1179340 1636.0
1179350 1642.6
1179360 1648.8
1179370 1655.0
1179380 1655.0
1179390 1661.5
1179400 1668.2
1179410 1668.2
1179420 1675.3
1179430 1682.5
1179440 1682.5
1179450 1689.7
1179460 1696.9
1179470 1696.9
1179480 1703.8
1179490 1710.4
1179500 1710.4
1179510 1716.0
1179520 1720.8
1179530 1720.8
1179540 1726.3
1179550 1730.7
1179560 1730.7
1179570 1733.1
1179580 1735.3
1179590 1735.3
1179600 1745.5
1179610 1754.1
1179620 1762.0
1179630 1762.0
1179640 1768.7
1179650 1775.2
1179660 1775.2
1179670 1783.1
1179680 1791.7
1179690 1791.7
1179700 1801.3
1179710 1810.5
1179720 1810.5
1179730 1822.1
1179740 1835.4
1179750 1829.1
1179760 1835.0
1179770 1835.9
1179780 1835.9
1179790 1852.4
1179800 1865.8
1179810 1865.8
1179820 1870.1
1179830 1875.0
1179840 1875.0
1179850 1875.8
1179860 1879.3
1179870 1889.3
1179880 1889.3
1179890 1900.6
1179900 1912.7
1179910 1912.7
1179920 1923.9
1179930 1934.0
1179940 1934.0
1179950 1946.1
1179960 1957.7
1179970 1957.7
1179980 1967.6
1179990 1974.1
