1160000 1967.2
1160010 1972.7
1160020 1979.1
1160030 1979.1
1160040 1985.6
1160050 1991.8
1160060 1991.8
1160070 1998.2
1160080 2004.2
1160090 2004.2
1160100 2010.1
1160110 2015.8
1160120 2015.8
1160130 2020.4
1160140 2024.9
1160150 2024.9
1160160 2035.1
1160170 2040.0
1160180 2041.7
1160190 2041.7
1160200 2035.8
1160210 2029.2
1160220 2029.2
1160230 2023.3
1160240 2020.2
1160250 2020.2
1160260 2022.6
1160270 2017.2
1160280 2017.2
1160290 2014.3
1160300 2012.5
1160310 2012.5
1160320 2009.6
1160330 2009.6
1160340 2009.6
1160350 2009.4
1160360 2010.1
1160370 2010.1
1160380 2010.7
1160390 2010.6
1160400 2010.6
1160410 2010.8
1160420 2012.5
1160430 2012.5
1160440 2014.4
1160450 2016.0
1160460 2017.6
1160470 2017.6
1160480 2019.3
1160490 2019.6
1160500 2019.6
1160510 2018.7
1160520 2018.5
1160530 2018.5
1160540 2019.5
1160550 2026.8
1160560 2026.8
1160570 2027.4
1160580 2029.3
1160590 2029.3
1160600 2035.6
1160610 2039.3
1160620 2039.3
1160630 2041.7
1160640 2044.2
1160650 2044.2
1160660 2046.6
1160670 2049.9
1160680 2049.9
1160690 2052.9
1160700 2056.4
1160710 2060.3
1160720 2060.3
1160730 2064.0
1160740 2067.3
1160750 2067.3
1160760 2070.4
1160770 2073.6
1160780 2073.6
1160790 2077.6
1160800 2081.4
1160810 2081.4
1160820 2083.6
1160830 2083.0
1160840 2083.0
1160850 2085.4
1160860 2090.6
1160870 2090.6
1160880 2096.7
1160890 2101.5
1160900 2101.5
1160910 2106.5
1160920 2112.3
1160930 2112.3
1160940 2119.1
1160950 2124.0
1160960 2129.0
1160970 2129.0
1160980 2134.1
1160990 2139.0
1161000 2139.0
1161010 2145.0
1161020 2153.3
1161030 2153.3
1161040 2163.8
1161050 2171.5
1161060 2171.5
1161070 2178.4
1161080 2184.1
1161090 2184.1
1161100 2189.0
1161110 2194.5
1161120 2194.5
1161130 2200.1
1161140 2206.8
1161150 2206.8
1161160 2214.6
1161170 2220.6
1161180 2220.6
1161190 2227.4
1161200 2237.2
1161210 2246.9
1161220 2246.9
1161230 2257.7
1161240 2270.0
1161250 2270.0
1161260 2280.1
1161270 2289.7
1161280 2289.7
1161290 2298.0
1161300 2303.1
1161310 2303.1
1161320 2306.7
1161330 2313.4
1161340 2313.4
1161350 2321.8
1161360 2332.5
1161370 2332.5
1161380 2350.4
1161390 2373.3
1161400 2373.3
1161410 2385.5
1161420 2395.6
1161430 2395.6
1161440 2407.3
1161450 2416.8
1161460 2426.0
1161470 2426.0
1161480 2434.3
1161490 2444.1
1161500 2444.1
1161510 2455.2
1161520 2467.7
1161530 2467.7
1161540 2480.0
1161550 2489.8
1161560 2489.8
1161570 2499.0
1161580 2509.6
1161590 2509.6
1161600 2520.7
1161610 2530.1
1161620 2530.1
1161630 2537.7
1161640 2544.2
1161650 2544.2
1161660 2551.8
1161670 2559.5
1161680 2559.5
1161690 2567.2
1161700 2574.8
1161710 2580.3
1161720 2580.3
1161730 2578.7
1161740 2573.7
1161750 2573.7
1161760 2569.1
1161770 2563.9
1161780 2563.9
1161790 2559.3
1161800 2550.8
1161810 2550.8
1161820 2540.9
1161830 2528.4
1161840 2528.4
1161850 2517.1
1161860 2516.1
1161870 2516.1
1161880 2523.0
1161890 2530.2
1161900 2530.2
1161910 2525.0
1161920 2518.2
1161930 2518.2
1161940 2512.6
1161950 2506.0
1161960 2505.6
1161970 2505.6
1161980 2497.8
1161990 2494.5
1162000 2494.5
1162010 2506.6
1162020 2500.5
1162030 2500.5
1162040 2485.6
1162050 2482.6
1162060 2482.6
1162070 2483.7
1162080 2484.8
1162090 2484.8
1162100 2483.1
1162110 2479.7
1162120 2474.2
1162130 2468.5
1162140 2461.9
1162150 2461.9
1162160 2458.5
1162170 2455.8
1162180 2455.8
1162190 2451.0
1162200 2444.6
1162210 2437.9
1162220 2437.9
1162230 2434.3
1162240 2428.9
1162250 2428.9
1162260 2413.5
1162270 2407.8
1162280 2407.8
1162290 2407.3
1162300 2408.7
1162310 2408.7
1162320 2409.7
1162330 2410.5
1162340 2410.5
1162350 2412.4
1162360 2411.6
1162370 2411.6
1162380 2407.4
1162390 2403.6
1162400 2403.6
1162410 2399.0
1162420 2393.8
1162430 2393.8
1162440 2390.9
1162450 2387.8
1162460 2383.3
1162470 2383.3
1162480 2378.8
1162490 2374.0
1162500 2374.0
1162510 2367.5
1162520 2356.0
1162530 2356.0
1162540 2349.2
1162550 2344.0
1162560 2344.0
1162570 2338.2
1162580 2331.0
1162590 2331.0
1162600 2323.2
1162610 2314.4
1162620 2314.4
1162630 2309.4
1162640 2303.8
1162650 2303.8
1162660 2297.8
1162670 2291.4
1162680 2291.4
1162690 2285.1
1162700 2282.1
1162710 2279.2
1162720 2279.2
1162730 2276.9
1162740 2274.3
1162750 2274.3
1162760 2271.8
1162770 2268.0
1162780 2268.0
1162790 2262.1
1162800 2255.2
1162810 2255.2
1162820 2249.1
1162830 2248.0
1162840 2248.0
1162850 2247.9
1162860 2244.4
1162870 2244.4
1162880 2239.8
1162890 2234.1
1162900 2234.1
1162910 2224.5
1162920 2215.8
1162930 2215.8
1162940 2207.9
1162950 2201.1
1162960 2195.3
1162970 2195.3
1162980 2189.7
1162990 2184.3
1163000 2184.3
1163010 2177.9
1163020 2171.1
1163030 2171.1
1163040 2164.2
1163050 2159.2
1163060 2159.2
1163070 2158.3
1163080 2157.4
1163090 2157.4
1163100 2153.8
1163110 2148.8
1163120 2148.8
1163130 2147.4
1163140 2146.2
1163150 2146.2
1163160 2143.4
1163170 2142.3
1163180 2142.3
1163190 2145.4
1163200 2146.1
1163210 2146.5
1163220 2146.5
1163230 2146.5
1163240 2145.0
1163250 2145.0
1163260 2141.3
1163270 2134.6
1163280 2134.6
1163290 2129.7
1163300 2126.4
1163310 2120.5
1163320 2116.3
1163330 2110.0
1163340 2110.0
1163350 2103.8
1163360 2088.4
1163370 2088.4
1163380 2071.6
1163390 2070.3
1163400 2070.3
1163410 2071.9
1163420 2067.4
1163430 2067.4
1163440 2057.7
1163450 2050.1
1163460 2050.1
1163470 2045.0
1163480 2032.3
1163490 2021.5
1163500 2021.5
1163510 2015.8
1163520 2011.7
1163530 2011.7
1163540 2002.3
1163550 1989.9
1163560 1989.9
1163570 1980.4
1163580 1971.5
1163590 1971.5
1163600 1963.5
1163610 1956.8
1163620 1956.8
1163630 1950.7
1163640 1946.6
1163650 1946.6
1163660 1940.3
1163670 1929.1
1163680 1929.1
1163690 1919.2
1163700 1912.2
1163710 1912.2
1163720 1901.5
1163730 1891.4
1163740 1883.9
1163750 1883.9
1163760 1876.8
1163770 1869.3
1163780 1869.3
1163790 1860.6
1163800 1847.0
1163810 1847.0
1163820 1833.7
1163830 1826.3
1163840 1826.3
1163850 1819.7
1163860 1810.9
1163870 1810.9
1163880 1796.9
1163890 1772.8
1163900 1772.8
1163910 1767.0
1163920 1765.1
1163930 1765.1
1163940 1764.7
1163950 1765.9
1163960 1765.9
1163970 1766.2
1163980 1767.6
1163990 1768.5
1164000 1768.5
1164010 1769.6
1164020 1769.9
1164030 1769.9
1164040 1770.7
1164050 1771.7
1164060 1771.7
1164070 1771.1
1164080 1770.1
1164090 1770.1
1164100 1761.1
1164110 1757.6
1164120 1757.6
1164130 1752.0
1164140 1747.2
1164150 1747.2
1164160 1741.2
1164170 1733.7
1164180 1733.7
1164190 1725.5
1164200 1717.2
1164210 1717.2
1164220 1710.2
1164230 1705.4
1164240 1699.6
1164250 1699.6
1164260 1693.2
1164270 1685.9
1164280 1685.9
1164290 1676.0
1164300 1664.7
1164310 1664.7
1164320 1655.8
1164330 1649.1
1164340 1649.1
1164350 1641.8
1164360 1630.8
1164370 1630.8
1164380 1615.6
1164390 1601.5
1164400 1601.5
1164410 1581.0
1164420 1570.8
1164430 1570.8
1164440 1563.0
1164450 1555.2
1164460 1555.2
1164470 1547.9
1164480 1541.3
1164490 1535.2
1164500 1533.3
1164510 1527.8
1164520 1522.6
1164530 1522.6
1164540 1517.7
1164550 1512.3
1164560 1512.3
1164570 1507.4
1164580 1502.7
1164590 1502.7
1164600 1498.4
1164610 1494.0
1164620 1494.0
1164630 1489.3
1164640 1484.2
1164650 1484.2
1164660 1481.7
1164670 1480.1
1164680 1480.1
1164690 1478.0
1164700 1474.7
1164710 1474.7
1164720 1473.4
1164730 1472.1
1164740 1470.3
1164750 1470.3
1164760 1467.7
1164770 1464.4
1164780 1464.4
1164790 1459.7
1164800 1456.5
1164810 1456.5
1164820 1454.5
1164830 1452.7
1164840 1452.7
1164850 1450.7
1164860 1448.1
1164870 1448.1
1164880 1446.2
1164890 1447.6
1164900 1447.6
1164910 1448.4
1164920 1448.4
1164930 1448.4
1164940 1448.7
1164950 1449.5
1164960 1449.5
1164970 1450.0
1164980 1453.0
1164990 1460.4
1165000 1460.4
1165010 1466.9
1165020 1473.3
1165030 1473.3
1165040 1480.1
1165050 1486.9
1165060 1486.9
1165070 1493.7
1165080 1500.7
1165090 1500.7
1165100 1507.3
1165110 1513.8
1165120 1513.8
1165130 1520.3
1165140 1527.0
1165150 1527.0
1165160 1533.7
1165170 1540.4
1165180 1540.4
1165190 1546.6
1165200 1552.3
1165210 1552.3
1165220 1557.2
1165230 1568.5
1165240 1583.5
1165250 1583.5
1165260 1595.4
1165270 1612.0
1165280 1612.0
1165290 1618.7
1165300 1625.3
1165310 1625.3
1165320 1632.8
1165330 1644.9
1165340 1644.9
1165350 1657.8
1165360 1667.2
1165370 1667.2
1165380 1678.8
1165390 1696.7
1165400 1696.7
1165410 1736.3
1165420 1763.7
1165430 1763.7
1165440 1774.2
1165450 1781.7
1165460 1781.7
1165470 1788.3
1165480 1795.4
1165490 1803.0
1165500 1803.0
1165510 1810.5
1165520 1816.7
1165530 1816.7
1165540 1822.6
1165550 1828.6
1165560 1828.6
1165570 1835.1
1165580 1842.7
1165590 1842.7
1165600 1850.5
1165610 1858.5
1165620 1858.5
1165630 1866.9
1165640 1873.7
1165650 1873.7
1165660 1879.7
1165670 1885.3
1165680 1885.3
1165690 1896.2
1165700 1901.0
1165710 1901.0
1165720 1905.4
1165730 1910.1
1165740 1915.8
1165750 1915.8
1165760 1921.2
1165770 1926.2
1165780 1926.2
1165790 1931.0
1165800 1936.0
1165810 1936.0
1165820 1941.3
1165830 1947.1
1165840 1947.1
1165850 1952.8
1165860 1956.9
1165870 1956.9
1165880 1959.2
1165890 1955.4
1165900 1955.4
1165910 1951.9
1165920 1947.2
1165930 1947.2
1165940 1940.8
1165950 1933.9
1165960 1933.9
1165970 1930.0
1165980 1925.9
1165990 1922.0
1166000 1922.0
1166010 1920.4
1166020 1919.1
1166030 1919.1
1166040 1916.8
1166050 1913.9
1166060 1913.9
1166070 1910.7
1166080 1907.7
1166090 1913.7
1166100 1911.6
1166110 1911.9
1166120 1911.9
1166130 1912.4
1166140 1912.2
1166150 1912.2
1166160 1911.5
1166170 1910.9
1166180 1910.9
1166190 1911.5
1166200 1912.9
1166210 1912.9
1166220 1914.8
1166230 1917.2
1166240 1919.9
1166250 1919.9
1166260 1925.3
1166270 1934.7
1166280 1934.7
1166290 1946.1
1166300 1961.3
1166310 1961.3
1166320 1972.0
1166330 1975.5
1166340 1975.5
1166350 1975.7
1166360 1983.2
1166370 1983.2
1166380 1989.5
1166390 1997.2
1166400 1997.2
1166410 2004.5
1166420 2011.7
1166430 2011.7
1166440 2017.5
1166450 2019.1
1166460 2019.1
1166470 2019.7
1166480 2018.4
1166490 2021.8
1166500 2023.1
1166510 2023.4
1166520 2024.4
1166530 2024.4
1166540 2025.1
1166550 2023.4
1166560 2023.4
1166570 2021.8
1166580 2021.7
1166590 2021.7
1166600 2020.9
1166610 2016.4
1166620 2016.4
1166630 2009.7
1166640 2004.2
1166650 2004.2
1166660 2004.2
1166670 2011.2
1166680 2011.2
1166690 2018.6
1166700 2022.0
1166710 2022.0
1166720 2023.7
1166730 2029.8
1166740 2029.8
1166750 2039.1
1166760 2048.7
1166770 2059.9
1166780 2059.9
1166790 2069.5
1166800 2078.6
1166810 2078.6
1166820 2087.6
1166830 2096.2
1166840 2096.2
1166850 2104.7
1166860 2115.7
1166870 2115.7
1166880 2127.5
1166890 2137.0
1166900 2137.0
1166910 2148.6
1166920 2159.6
1166930 2159.6
1166940 2168.0
1166950 2175.4
1166960 2175.4
1166970 2183.5
1166980 2195.7
1166990 2195.7
1167000 2207.7
1167010 2220.4
1167020 2231.6
1167030 2231.6
1167040 2241.6
1167050 2250.1
1167060 2250.1
1167070 2259.0
1167080 2273.3
1167090 2273.3
1167100 2292.0
1167110 2304.2
1167120 2304.2
1167130 2317.7
1167140 2331.4
1167150 2331.4
1167160 2342.6
1167170 2350.5
1167180 2350.5
1167190 2357.8
1167200 2360.0
1167210 2360.0
1167220 2362.6
1167230 2369.9
1167240 2369.9
1167250 2385.7
1167260 2397.1
1167270 2406.0
1167280 2406.0
1167290 2410.0
1167300 2416.0
1167310 2416.0
1167320 2422.3
1167330 2429.9
1167340 2429.9
1167350 2439.1
1167360 2447.2
1167370 2447.2
1167380 2453.1
1167390 2460.5
1167400 2460.5
1167410 2468.6
1167420 2478.8
1167430 2478.8
1167440 2488.9
1167450 2497.0
1167460 2497.0
1167470 2505.0
1167480 2512.6
1167490 2512.6
1167500 2520.5
1167510 2527.8
1167520 2534.5
1167530 2534.5
1167540 2540.6
1167550 2543.1
1167560 2543.1
1167570 2538.9
1167580 2534.4
1167590 2534.4
1167600 2528.7
1167610 2523.3
1167620 2523.3
1167630 2519.7
1167640 2519.6
1167650 2519.6
1167660 2521.6
1167670 2524.3
1167680 2524.3
1167690 2517.8
1167700 2510.8
1167710 2510.8
1167720 2503.5
1167730 2495.9
1167740 2495.9
1167750 2488.9
1167760 2483.9
1167770 2478.7
1167780 2478.7
1167790 2475.1
1167800 2473.8
1167810 2473.8
1167820 2472.0
1167830 2469.3
1167840 2469.3
1167850 2464.6
1167860 2457.6
1167870 2457.6
1167880 2450.1
1167890 2442.2
1167900 2442.2
1167910 2432.9
1167920 2425.1
1167930 2425.1
1167940 2418.4
1167950 2412.3
1167960 2412.3
1167970 2407.0
1167980 2402.4
1167990 2402.4
1168000 2398.4
1168010 2395.3
1168020 2393.4
1168030 2393.4
1168040 2390.8
1168050 2388.0
1168060 2388.0
1168070 2384.7
1168080 2381.0
1168090 2377.1
1168100 2372.9
1168110 2368.1
1168120 2368.1
1168130 2363.7
1168140 2360.4
1168150 2360.4
1168160 2356.7
1168170 2353.0
1168180 2353.0
1168190 2350.4
1168200 2349.6
1168210 2349.6
1168220 2349.7
1168230 2349.5
1168240 2349.5
1168250 2348.9
1168260 2348.1
1168270 2346.3
1168280 2346.3
1168290 2343.3
1168300 2340.0
1168310 2340.0
1168320 2336.5
1168330 2333.2
1168340 2333.2
1168350 2331.3
1168360 2326.7
1168370 2326.7
1168380 2322.5
1168390 2321.2
1168400 2321.2
1168410 2321.7
1168420 2322.1
1168430 2322.1
1168440 2321.8
1168450 2320.9
1168460 2320.9
1168470 2319.4
1168480 2317.2
1168490 2317.2
1168500 2314.6
1168510 2311.5
1168520 2308.9
1168530 2308.9
1168540 2306.6
1168550 2304.3
1168560 2304.3
1168570 2302.1
1168580 2299.5
1168590 2299.5
1168600 2297.1
1168610 2294.4
1168620 2294.4
1168630 2291.4
1168640 2288.8
1168650 2288.8
1168660 2286.0
1168670 2282.8
1168680 2282.8
1168690 2279.5
1168700 2276.2
1168710 2276.2
1168720 2272.9
1168730 2269.6
1168740 2269.6
1168750 2266.0
1168760 2262.2
1168770 2258.0
1168780 2258.0
1168790 2254.0
1168800 2249.2
1168810 2249.2
1168820 2244.2
1168830 2240.2
1168840 2240.2
1168850 2237.9
1168860 2235.6
1168870 2235.6
1168880 2234.7
1168890 2234.2
1168900 2234.2
1168910 2231.0
1168920 2227.6
1168930 2227.6
1168940 2223.7
1168950 2220.4
1168960 2220.4
1168970 2218.0
1168980 2217.0
1168990 2217.0
1169000 2213.6
1169010 2210.6
1169020 2207.2
1169030 2207.2
1169040 2204.7
1169050 2200.9
1169060 2200.9
1169070 2195.5
1169080 2189.7
1169090 2189.7
1169100 2183.6
1169110 2178.1
1169120 2178.1
1169130 2173.7
1169140 2170.9
1169150 2170.9
1169160 2168.6
1169170 2165.9
1169180 2165.9
1169190 2163.5
1169200 2160.7
1169210 2160.7
1169220 2157.5
1169230 2154.4
1169240 2154.4
1169250 2151.4
1169260 2148.4
1169270 2146.4
1169280 2146.4
1169290 2144.6
1169300 2148.0
1169310 2148.0
1169320 2146.2
1169330 2142.9
1169340 2142.9
1169350 2141.7
1169360 2141.8
1169370 2141.8
1169380 2139.1
1169390 2137.3
1169400 2137.3
1169410 2136.2
1169420 2135.7
1169430 2135.7
1169440 2135.4
1169450 2135.2
1169460 2135.2
1169470 2135.0
1169480 2135.0
1169490 2135.0
1169500 2134.8
1169510 2134.5
1169520 2134.2
1169530 2134.2
1169540 2133.9
1169550 2134.0
1169560 2134.0
1169570 2134.6
1169580 2135.5
1169590 2135.5
1169600 2138.4
1169610 2140.5
1169620 2140.5
1169630 2139.7
1169640 2141.3
1169650 2141.3
1169660 2142.9
1169670 2144.5
1169680 2144.5
1169690 2146.2
1169700 2150.6
1169710 2150.6
1169720 2152.6
1169730 2154.6
1169740 2154.6
1169750 2157.5
1169760 2161.0
1169770 2161.0
1169780 2164.6
1169790 2168.3
1169800 2172.3
1169810 2172.3
1169820 2176.9
1169830 2182.1
1169840 2182.1
1169850 2187.1
1169860 2191.9
1169870 2191.9
1169880 2196.6
1169890 2201.5
1169900 2201.5
1169910 2206.8
1169920 2212.9
1169930 2212.9
1169940 2219.4
1169950 2225.9
1169960 2225.9
1169970 2232.6
1169980 2239.4
1169990 2239.4
1170000 2246.2
1170010 2253.1
1170020 2253.1
1170030 2260.0
1170040 2268.2
1170050 2275.3
1170060 2275.3
1170070 2281.1
1170080 2288.5
1170090 2288.5
1170100 2299.3
1170110 2310.8
1170120 2310.8
1170130 2320.4
1170140 2330.3
1170150 2330.3
1170160 2341.1
1170170 2351.6
1170180 2351.6
1170190 2362.8
1170200 2372.6
1170210 2372.6
1170220 2382.3
1170230 2395.0
1170240 2395.0
1170250 2416.7
1170260 2443.8
1170270 2443.8
1170280 2451.8
1170290 2457.1
1170300 2461.4
1170310 2461.4
1170320 2464.8
1170330 2468.8
1170340 2468.8
1170350 2473.5
1170360 2478.4
1170370 2478.4
1170380 2483.5
1170390 2488.9
1170400 2488.9
1170410 2494.4
1170420 2500.1
1170430 2500.1
1170440 2506.1
1170450 2512.3
1170460 2512.3
1170470 2518.8
1170480 2525.5
1170490 2525.5
1170500 2532.4
1170510 2540.5
1170520 2540.5
1170530 2547.3
1170540 2553.9
1170550 2560.6
1170560 2560.6
1170570 2569.8
1170580 2580.2
1170590 2580.2
1170600 2589.0
1170610 2600.5
1170620 2600.5
1170630 2610.7
1170640 2620.8
1170650 2620.8
1170660 2635.7
1170670 2647.2
1170680 2647.2
1170690 2657.5
1170700 2676.7
1170710 2676.7
1170720 2684.1
1170730 2691.8
1170740 2691.8
1170750 2701.8
1170760 2713.8
1170770 2713.8
1170780 2722.6
1170790 2729.4
1170800 2720.6
1170810 2720.6
1170820 2689.6
1170830 2676.1
1170840 2676.1
1170850 2667.6
1170860 2655.3
1170870 2655.3
1170880 2637.0
1170890 2624.1
1170900 2624.1
1170910 2619.2
1170920 2612.6
1170930 2612.6
1170940 2599.9
1170950 2584.7
1170960 2584.7
1170970 2555.8
1170980 2529.5
1170990 2529.5
1171000 2519.8
1171010 2512.1
1171020 2512.1
1171030 2501.3
1171040 2489.2
1171050 2482.0
1171060 2482.0
1171070 2477.2
1171080 2471.7
1171090 2471.7
1171100 2465.9
1171110 2460.1
1171120 2460.1
1171130 2455.4
1171140 2453.3
1171150 2453.3
1171160 2451.7
1171170 2450.5
1171180 2450.5
1171190 2447.7
1171200 2443.3
1171210 2443.3
1171220 2436.0
1171230 2429.1
1171240 2429.1
1171250 2424.8
1171260 2419.4
1171270 2419.4
1171280 2414.8
1171290 2409.6
1171300 2403.8
1171310 2403.8
1171320 2401.7
1171330 2397.6
1171340 2397.6
1171350 2395.1
1171360 2390.8
1171370 2390.8
1171380 2386.5
1171390 2382.6
1171400 2382.6
1171410 2379.3
1171420 2375.1
1171430 2375.1
1171440 2372.0
1171450 2369.6
1171460 2369.6
1171470 2366.3
1171480 2362.7
1171490 2362.7
1171500 2359.0
1171510 2357.0
1171520 2357.0
1171530 2354.4
1171540 2351.1
1171550 2347.1
1171560 2347.1
1171570 2344.0
1171580 2339.8
1171590 2339.8
1171600 2332.5
1171610 2326.1
1171620 2326.1
1171630 2322.2
1171640 2321.1
1171650 2321.1
1171660 2319.6
1171670 2316.0
1171680 2316.0
1171690 2314.9
1171700 2313.6
1171710 2313.6
1171720 2311.3
1171730 2307.1
1171740 2307.1
1171750 2305.9
1171760 2302.2
1171770 2302.2
1171780 2297.7
1171790 2297.1
1171800 2295.4
1171810 2295.4
1171820 2291.9
1171830 2287.1
1171840 2287.1
1171850 2282.8
1171860 2279.1
1171870 2279.1
1171880 2275.7
1171890 2271.7
1171900 2271.7
1171910 2266.5
1171920 2262.1
1171930 2262.1
1171940 2257.5
1171950 2252.3
1171960 2252.3
1171970 2247.0
1171980 2240.5
1171990 2240.5
1172000 2232.0
1172010 2223.2
1172020 2223.2
1172030 2212.1
1172040 2199.8
1172050 2191.2
1172060 2191.2
1172070 2185.2
1172080 2179.9
1172090 2179.9
1172100 2174.7
1172110 2168.8
1172120 2168.8
1172130 2164.5
1172140 2159.4
1172150 2159.4
1172160 2153.7
1172170 2148.8
1172180 2148.8
1172190 2145.6
1172200 2141.4
1172210 2141.4
1172220 2138.1
1172230 2136.0
1172240 2136.0
1172250 2136.1
1172260 2135.3
1172270 2135.3
1172280 2131.9
1172290 2127.7
1172300 2123.4
1172310 2123.4
1172320 2119.5
1172330 2115.6
1172340 2115.6
1172350 2113.0
1172360 2111.4
1172370 2111.4
1172380 2110.2
1172390 2110.7
1172400 2110.7
1172410 2113.2
1172420 2115.2
1172430 2115.2
1172440 2115.6
1172450 2114.7
1172460 2114.7
1172470 2117.9
1172480 2118.6
1172490 2118.6
1172500 2117.7
1172510 2115.8
1172520 2115.8
1172530 2113.4
1172540 2114.3
1172550 2114.7
1172560 2114.7
1172570 2114.4
1172580 2113.3
1172590 2113.3
1172600 2113.1
1172610 2112.2
1172620 2112.2
1172630 2110.8
1172640 2109.3
1172650 2109.3
1172660 2107.3
1172670 2105.5
1172680 2105.5
1172690 2103.7
1172700 2100.3
1172710 2100.3
1172720 2095.6
1172730 2092.0
1172740 2092.0
1172750 2088.7
1172760 2086.0
1172770 2086.0
1172780 2084.0
1172790 2082.6
1172800 2081.0
1172810 2081.0
1172820 2078.5
1172830 2076.1
1172840 2076.1
1172850 2074.7
1172860 2070.7
1172870 2070.7
1172880 2066.6
1172890 2063.6
1172900 2063.6
1172910 2059.7
1172920 2052.3
1172930 2052.3
1172940 2051.1
1172950 2040.3
1172960 2040.3
1172970 2042.8
1172980 2042.9
1172990 2042.9
1173000 2045.2
1173010 2048.9
1173020 2048.9
1173030 2052.7
1173040 2056.2
1173050 2060.0
1173060 2060.0
1173070 2063.7
1173080 2066.9
1173090 2066.9
1173100 2070.7
1173110 2074.6
1173120 2074.6
1173130 2078.6
1173140 2082.5
1173150 2082.5
1173160 2086.5
1173170 2090.9
1173180 2090.9
1173190 2095.3
1173200 2100.0
1173210 2100.0
1173220 2104.7
1173230 2109.9
1173240 2109.9
1173250 2115.0
1173260 2120.2
1173270 2120.2
1173280 2125.4
1173290 2130.4
1173300 2135.4
1173310 2135.4
1173320 2140.5
1173330 2145.6
1173340 2145.6
1173350 2150.6
1173360 2154.5
1173370 2154.5
1173380 2159.3
1173390 2164.5
1173400 2164.5
1173410 2170.1
1173420 2176.0
1173430 2176.0
1173440 2182.0
1173450 2188.1
1173460 2188.1
1173470 2194.5
1173480 2200.8
1173490 2200.8
1173500 2207.4
1173510 2214.0
1173520 2214.0
1173530 2220.3
1173540 2227.6
1173550 2227.6
1173560 2234.6
1173570 2242.0
1173580 2251.0
1173590 2251.0
1173600 2259.9
1173610 2270.0
1173620 2270.0
1173630 2278.3
1173640 2285.8
1173650 2285.8
1173660 2294.1
1173670 2302.6
1173680 2302.6
1173690 2318.1
1173700 2338.6
1173710 2338.6
1173720 2348.5
1173730 2356.7
1173740 2356.7
1173750 2368.3
1173760 2375.7
1173770 2364.9
1173780 2368.5
1173790 2380.8
1173800 2380.8
1173810 2393.6
1173820 2402.3
1173830 2402.5
1173840 2402.5
1173850 2414.3
1173860 2423.4
1173870 2423.4
1173880 2433.3
1173890 2443.1
1173900 2443.1
1173910 2446.5
1173920 2450.4
1173930 2450.4
1173940 2455.1
1173950 2466.2
1173960 2466.2
1173970 2477.5
1173980 2477.9
1173990 2477.9
1174000 2470.1
1174010 2460.9
1174020 2460.9
1174030 2448.5
1174040 2435.1
1174050 2435.1
1174060 2423.5
1174070 2415.8
1174080 2408.9
1174090 2408.9
1174100 2401.9
1174110 2394.6
1174120 2394.6
1174130 2387.5
1174140 2380.9
1174150 2380.9
1174160 2374.5
1174170 2369.8
1174180 2369.8
1174190 2363.4
1174200 2357.4
1174210 2357.4
1174220 2351.8
1174230 2346.7
1174240 2346.7
1174250 2342.0
1174260 2337.5
1174270 2337.5
1174280 2333.1
1174290 2328.9
1174300 2328.9
1174310 2325.1
1174320 2321.7
1174330 2319.3
1174340 2319.3
1174350 2317.0
1174360 2315.2
1174370 2315.2
1174380 2312.8
1174390 2309.9
1174400 2309.9
1174410 2306.4
1174420 2302.7
1174430 2302.7
1174440 2299.5
1174450 2296.6
1174460 2296.6
1174470 2293.3
1174480 2290.0
1174490 2290.0
1174500 2287.4
1174510 2284.9
1174520 2284.9
1174530 2282.8
1174540 2280.6
1174550 2280.6
1174560 2277.9
1174570 2276.1
1174580 2274.4
1174590 2274.4
1174600 2271.7
1174610 2269.5
1174620 2269.5
1174630 2268.9
1174640 2269.6
1174650 2269.6
1174660 2272.0
1174670 2273.9
1174680 2273.9
1174690 2274.6
1174700 2275.8
1174710 2275.8
1174720 2276.8
1174730 2276.1
1174740 2276.1
1174750 2276.4
1174760 2279.1
1174770 2279.1
1174780 2280.4
1174790 2279.7
1174800 2279.7
1174810 2281.5
1174820 2283.5
1174830 2285.4
1174840 2285.4
1174850 2285.9
1174860 2283.5
1174870 2283.5
1174880 2280.4
1174890 2277.1
1174900 2277.1
1174910 2273.6
1174920 2271.1
1174930 2271.1
1174940 2268.8
1174950 2266.0
1174960 2266.0
1174970 2262.4
1174980 2258.2
1174990 2255.6
1175000 2250.8
1175010 2246.8
1175020 2246.8
1175030 2242.8
1175040 2238.7
1175050 2238.7
1175060 2234.9
1175070 2233.1
1175080 2231.9
1175090 2231.9
1175100 2230.5
1175110 2230.6
1175120 2230.6
1175130 2229.9
1175140 2230.5
1175150 2230.5
1175160 2230.9
1175170 2231.9
1175180 2231.9
1175190 2233.7
1175200 2236.1
1175210 2236.1
1175220 2239.7
1175230 2243.9
1175240 2243.9
1175250 2248.0
1175260 2251.3
1175270 2251.3
1175280 2254.7
1175290 2258.5
1175300 2258.5
1175310 2261.9
1175320 2264.7
1175330 2267.3
1175340 2267.3
1175350 2269.5
1175360 2271.1
1175370 2271.1
1175380 2272.3
1175390 2273.2
1175400 2273.2
1175410 2280.7
1175420 2282.8
1175430 2282.8
1175440 2285.0
1175450 2287.0
1175460 2287.0
1175470 2288.6
1175480 2290.1
1175490 2290.1
1175500 2290.7
1175510 2291.0
1175520 2291.0
1175530 2291.8
1175540 2293.5
1175550 2293.5
1175560 2295.0
1175570 2296.4
1175580 2298.4
1175590 2298.4
1175600 2300.7
1175610 2302.6
1175620 2302.6
1175630 2304.7
1175640 2307.3
1175650 2307.3
1175660 2310.3
1175670 2312.9
1175680 2312.9
1175690 2314.8
1175700 2316.0
1175710 2316.0
1175720 2317.6
1175730 2320.0
1175740 2320.0
1175750 2321.7
1175760 2323.6
1175770 2323.6
1175780 2326.2
1175790 2328.6
1175800 2328.6
1175810 2328.2
1175820 2334.2
1175830 2337.6
1175840 2337.6
1175850 2342.1
1175860 2345.7
1175870 2345.7
1175880 2344.5
1175890 2344.9
1175900 2344.9
1175910 2352.7
1175920 2345.9
1175930 2345.9
1175940 2340.1
1175950 2337.2
1175960 2337.2
1175970 2328.5
1175980 2325.6
1175990 2325.6
1176000 2327.0
1176010 2333.3
1176020 2333.3
1176030 2335.6
1176040 2338.0
1176050 2338.0
1176060 2346.0
1176070 2340.8
1176080 2337.1
1176090 2337.1
1176100 2327.7
1176110 2316.2
1176120 2316.2
1176130 2323.4
1176140 2347.4
1176150 2347.4
1176160 2351.5
1176170 2341.7
1176180 2341.7
1176190 2335.2
1176200 2341.6
1176210 2341.6
1176220 2347.8
1176230 2357.0
1176240 2357.0
1176250 2351.7
1176260 2337.8
1176270 2337.8
1176280 2347.6
1176290 2351.6
1176300 2351.6
1176310 2345.6
1176320 2342.4
1176330 2340.4
1176340 2340.4
1176350 2342.5
1176360 2346.3
1176370 2346.3
1176380 2349.1
1176390 2352.8
1176400 2352.8
1176410 2359.0
1176420 2366.4
1176430 2366.4
1176440 2373.2
1176450 2382.9
1176460 2382.9
1176470 2391.6
1176480 2400.5
1176490 2400.5
1176500 2411.9
1176510 2415.0
1176520 2415.0
1176530 2417.9
1176540 2425.7
1176550 2425.7
1176560 2431.5
1176570 2432.8
1176580 2428.0
1176590 2428.0
1176600 2423.7
1176610 2415.4
1176620 2415.4
1176630 2406.9
1176640 2396.0
1176650 2396.0
1176660 2388.1
1176670 2381.7
1176680 2381.7
1176690 2377.0
1176700 2371.4
1176710 2371.4
1176720 2364.2
1176730 2358.3
1176740 2358.3
1176750 2353.2
1176760 2348.1
1176770 2348.1
1176780 2345.3
1176790 2340.1
1176800 2340.1
1176810 2332.7
1176820 2324.8
1176830 2317.1
1176840 2317.1
1176850 2310.0
1176860 2305.5
1176870 2305.5
1176880 2301.9
1176890 2296.3
1176900 2296.3
1176910 2289.0
1176920 2282.3
1176930 2282.3
1176940 2276.1
1176950 2266.6
1176960 2266.6
1176970 2258.0
1176980 2250.5
1176990 2250.5
1177000 2241.3
1177010 2231.6
1177020 2231.6
1177030 2224.1
1177040 2216.6
1177050 2216.6
1177060 2209.0
1177070 2199.1
1177080 2189.6
1177090 2189.6
1177100 2178.5
1177110 2164.9
1177120 2164.9
1177130 2154.5
1177140 2147.1
1177150 2147.1
1177160 2140.3
1177170 2134.4
1177180 2134.4
1177190 2128.9
1177200 2120.8
1177210 2120.8
1177220 2113.2
1177230 2108.2
1177240 2108.2
1177250 2102.8
1177260 2097.2
1177270 2097.2
1177280 2092.5
1177290 2085.8
1177300 2085.8
1177310 2080.4
1177320 2072.9
1177330 2065.5
1177340 2065.5
1177350 2057.7
1177360 2049.2
1177370 2049.2
1177380 2042.4
1177390 2030.5
1177400 2030.5
1177410 2022.7
1177420 2022.2
1177430 2022.2
1177440 2028.0
1177450 2026.1
1177460 2026.1
1177470 2005.9
1177480 1999.0
1177490 1999.0
1177500 1990.5
1177510 1984.4
1177520 1984.4
1177530 1980.9
1177540 1973.9
1177550 1973.9
1177560 1965.4
1177570 1954.8
1177580 1954.8
1177590 1943.4
1177600 1928.6
1177610 1914.3
1177620 1914.3
1177630 1905.5
1177640 1903.8
1177650 1903.8
1177660 1905.0
1177670 1898.6
1177680 1898.6
1177690 1882.6
1177700 1870.5
1177710 1870.5
1177720 1856.6
1177730 1843.4
1177740 1843.4
1177750 1830.0
1177760 1819.8
1177770 1819.8
1177780 1811.4
1177790 1803.1
1177800 1803.1
1177810 1794.6
1177820 1787.1
1177830 1787.1
1177840 1779.9
1177850 1774.6
1177860 1770.7
1177870 1770.7
1177880 1779.7
1177890 1776.5
1177900 1776.5
1177910 1773.0
1177920 1767.3
1177930 1767.3
1177940 1759.5
1177950 1746.8
1177960 1746.8
1177970 1732.1
1177980 1715.7
1177990 1715.7
1178000 1703.4
1178010 1691.9
1178020 1691.9
1178030 1682.5
1178040 1672.1
1178050 1672.1
1178060 1662.1
1178070 1653.4
1178080 1653.4
1178090 1645.7
1178100 1638.5
1178110 1630.5
1178120 1630.5
1178130 1621.3
1178140 1612.9
1178150 1612.9
1178160 1605.0
1178170 1597.3
1178180 1597.3
1178190 1590.9
1178200 1585.2
1178210 1585.2
1178220 1581.3
1178230 1578.0
1178240 1578.0
1178250 1574.5
1178260 1569.0
1178270 1569.0
1178280 1565.1
1178290 1561.9
1178300 1561.8
1178310 1556.9
1178320 1550.6
1178330 1550.6
1178340 1545.3
1178350 1541.6
1178360 1538.9
1178370 1538.9
1178380 1536.6
1178390 1535.0
1178400 1535.0
1178410 1533.9
1178420 1531.1
1178430 1531.1
1178440 1527.9
1178450 1524.6
1178460 1524.6
1178470 1521.0
1178480 1517.4
1178490 1517.4
1178500 1514.0
1178510 1510.6
1178520 1510.6
1178530 1507.4
1178540 1503.9
1178550 1503.9
1178560 1500.4
1178570 1497.1
1178580 1497.1
1178590 1493.7
1178600 1490.6
1178610 1487.8
1178620 1487.8
1178630 1484.6
1178640 1481.1
1178650 1481.1
1178660 1477.5
1178670 1474.6
1178680 1474.6
1178690 1472.0
1178700 1468.1
1178710 1467.2
1178720 1461.1
1178730 1459.7
1178740 1459.7
1178750 1461.4
1178760 1462.3
1178770 1462.3
1178780 1461.8
1178790 1461.7
1178800 1461.7
1178810 1462.1
1178820 1462.5
1178830 1462.5
1178840 1466.7
1178850 1469.8
1178860 1471.3
1178870 1471.3
1178880 1472.4
1178890 1473.7
1178900 1473.7
1178910 1474.9
1178920 1475.8
1178930 1475.8
1178940 1477.0
1178950 1478.0
1178960 1478.0
1178970 1478.9
1178980 1479.9
1178990 1479.9
1179000 1481.3
1179010 1484.5
1179020 1484.5
1179030 1489.0
1179040 1494.2
1179050 1494.2
1179060 1496.8
1179070 1499.8
1179080 1499.8
1179090 1505.3
1179100 1511.0
1179110 1516.7
1179120 1516.7
1179130 1520.1
1179140 1526.6
1179150 1526.6
1179160 1532.9
1179170 1538.9
1179180 1538.9
1179190 1545.5
1179200 1552.3
1179210 1552.3
1179220 1558.6
1179230 1564.5
1179240 1564.5
1179250 1570.0
1179260 1575.2
1179270 1575.2
1179280 1580.5
1179290 1586.4
1179300 1586.4
1179310 1593.4
1179320 1600.8
1179330 1600.8
1179340 1608.5
1179350 1616.1
1179360 1623.3
1179370 1623.3
1179380 1630.2
1179390 1636.6
1179400 1636.6
1179410 1642.7
1179420 1648.1
1179430 1648.1
1179440 1652.6
1179450 1652.6
1179460 1652.6
1179470 1648.4
1179480 1644.1
1179490 1644.1
1179500 1640.8
1179510 1652.0
1179520 1652.0
1179530 1667.0
1179540 1685.4
1179550 1678.4
1179560 1691.2
1179570 1699.0
1179580 1699.0
1179590 1713.1
1179600 1724.1
1179610 1737.3
1179620 1737.3
1179630 1753.8
1179640 1765.7
1179650 1765.7
1179660 1775.3
1179670 1783.7
1179680 1783.7
1179690 1792.8
1179700 1812.8
1179710 1812.8
1179720 1835.1
1179730 1842.8
1179740 1842.8
1179750 1848.9
1179760 1856.2
1179770 1856.2
1179780 1861.7
1179790 1867.4
1179800 1867.4
1179810 1872.6
1179820 1878.2
1179830 1878.2
1179840 1882.3
1179850 1886.2
1179860 1892.0
1179870 1892.0
1179880 1900.4
1179890 1906.2
1179900 1906.2
1179910 1909.5
1179920 1914.6
1179930 1914.6
1179940 1919.5
1179950 1924.9
1179960 1928.5
1179970 1933.2
1179980 1938.6
1179990 1938.6
