1160000 1673.1
1160010 1679.1
1160020 1679.1
1160030 1686.7
1160040 1704.1
1160050 1704.1
1160060 1720.8
1160070 1732.4
1160080 1732.4
1160090 1742.3
1160100 1748.7
1160110 1748.7
1160120 1754.2
1160130 1763.5
1160140 1763.5
1160150 1782.2
1160160 1800.9
1160170 1800.9
1160180 1813.0
1160190 1834.1
1160200 1834.1
1160210 1865.9
1160220 1877.9
1160230 1877.9
1160240 1886.6
1160250 1903.8
1160260 1916.4
1160270 1916.4
1160280 1924.1
1160290 1928.5
1160300 1928.5
1160310 1930.6
1160320 1932.4
1160330 1934.9
1160340 1936.6
1160350 1937.9
1160360 1937.9
1160370 1939.5
1160380 1941.8
1160390 1941.8
1160400 1944.5
1160410 1948.3
1160420 1948.3
1160430 1953.2
1160440 1958.5
1160450 1958.5
1160460 1964.5
1160470 1971.4
1160480 1971.4
1160490 1979.4
1160500 1986.2
1160510 1990.4
1160520 1990.4
1160530 1994.1
1160540 1998.1
1160550 1998.1
1160560 2002.5
1160570 2006.5
1160580 2006.5
1160590 2010.3
1160600 2012.8
1160610 2012.8
1160620 2013.1
1160630 2013.1
1160640 2013.1
1160650 2013.4
1160660 2014.0
1160670 2014.0
1160680 2014.2
1160690 2015.2
1160700 2015.2
1160710 2017.6
1160720 2021.3
1160730 2021.3
1160740 2021.6
1160750 2021.8
1160760 2021.8
1160770 2021.1
1160780 2015.0
1160790 2019.5
1160800 2019.5
1160810 2025.1
1160820 2027.4
1160830 2027.4
1160840 2025.3
1160850 2023.0
1160860 2023.0
1160870 2023.8
1160880 2026.0
1160890 2026.0
1160900 2028.1
1160910 2030.2
1160920 2030.2
1160930 2032.7
1160940 2039.3
1160950 2039.3
1160960 2043.8
1160970 2041.7
1160980 2041.7
1160990 2038.6
1161000 2033.5
1161010 2033.5
1161020 2027.0
1161030 2030.8
1161040 2039.9
1161050 2039.9
1161060 2048.1
1161070 2053.1
1161080 2053.1
1161090 2058.1
1161100 2063.0
1161110 2063.0
1161120 2073.7
1161130 2079.8
1161140 2079.8
1161150 2085.3
1161160 2090.6
1161170 2090.6
1161180 2096.9
1161190 2103.4
1161200 2103.4
1161210 2109.4
1161220 2115.2
1161230 2115.2
1161240 2120.6
1161250 2125.3
1161260 2125.3
1161270 2128.9
1161280 2131.8
1161290 2134.7
1161300 2134.7
1161310 2135.3
1161320 2137.7
1161330 2137.7
1161340 2141.3
1161350 2145.6
1161360 2145.6
1161370 2149.8
1161380 2152.6
1161390 2152.6
1161400 2155.4
1161410 2154.7
1161420 2154.7
1161430 2160.8
1161440 2166.9
1161450 2166.9
1161460 2166.1
1161470 2170.6
1161480 2170.6
1161490 2180.5
1161500 2190.6
1161510 2201.3
1161520 2209.7
1161530 2218.1
1161540 2224.4
1161550 2224.4
1161560 2230.5
1161570 2237.0
1161580 2237.0
1161590 2243.3
1161600 2249.6
1161610 2249.6
1161620 2256.8
1161630 2264.6
1161640 2264.6
1161650 2273.5
1161660 2281.7
1161670 2281.7
1161680 2287.9
1161690 2293.1
1161700 2293.1
1161710 2289.6
1161720 2282.2
1161730 2282.2
1161740 2277.2
1161750 2274.0
1161760 2274.0
1161770 2269.5
1161780 2262.7
1161790 2257.7
1161800 2257.7
1161810 2252.4
1161820 2243.9
1161830 2243.9
1161840 2236.2
1161850 2235.8
1161860 2235.8
1161870 2236.1
1161880 2237.0
1161890 2237.0
1161900 2244.6
1161910 2246.4
1161920 2246.4
1161930 2248.5
1161940 2249.5
1161950 2249.5
1161960 2251.1
1161970 2252.6
1161980 2252.6
1161990 2254.0
1162000 2254.5
1162010 2254.5
1162020 2255.1
1162030 2257.3
1162040 2259.4
1162050 2259.4
1162060 2260.7
1162070 2260.3
1162080 2260.3
1162090 2260.5
1162100 2259.8
1162110 2259.8
1162120 2261.2
1162130 2270.4
1162140 2270.4
1162150 2281.7
1162160 2294.4
1162170 2294.4
1162180 2303.1
1162190 2311.4
1162200 2311.4
1162210 2318.0
1162220 2315.7
1162230 2315.7
1162240 2314.7
1162250 2317.9
1162260 2317.9
1162270 2327.0
1162280 2345.5
1162290 2360.0
1162300 2362.2
1162310 2370.3
1162320 2379.2
1162330 2379.2
1162340 2390.0
1162350 2401.0
1162360 2401.0
1162370 2411.7
1162380 2422.8
1162390 2422.8
1162400 2431.5
1162410 2441.9
1162420 2441.9
1162430 2452.4
1162440 2461.5
1162450 2461.5
1162460 2470.7
1162470 2478.2
1162480 2478.2
1162490 2486.5
1162500 2492.1
1162510 2492.1
1162520 2500.4
1162530 2512.7
1162540 2512.7
1162550 2523.3
1162560 2534.0
1162570 2543.5
1162580 2543.5
1162590 2546.5
1162600 2553.9
1162610 2553.9
1162620 2558.6
1162630 2567.8
1162640 2567.8
1162650 2576.3
1162660 2583.7
1162670 2583.7
1162680 2587.5
1162690 2610.4
1162700 2610.4
1162710 2618.0
1162720 2618.9
1162730 2618.9
1162740 2617.2
1162750 2618.8
1162760 2618.8
1162770 2619.4
1162780 2614.8
1162790 2614.8
1162800 2613.6
1162810 2611.1
1162820 2608.9
1162830 2608.9
1162840 2601.0
1162850 2596.1
1162860 2596.1
1162870 2592.0
1162880 2587.3
1162890 2587.3
1162900 2584.6
1162910 2577.0
1162920 2577.0
1162930 2567.9
1162940 2560.9
1162950 2560.9
1162960 2554.6
1162970 2547.5
1162980 2547.5
1162990 2538.6
1163000 2532.7
1163010 2532.7
1163020 2533.5
1163030 2531.8
1163040 2531.8
1163050 2526.4
1163060 2514.8
1163070 2511.1
1163080 2511.1
1163090 2505.9
1163100 2491.3
1163110 2491.3
1163120 2486.1
1163130 2489.5
1163140 2489.5
1163150 2482.4
1163160 2479.6
1163170 2479.6
1163180 2463.9
1163190 2451.3
1163200 2451.3
1163210 2447.3
1163220 2451.3
1163230 2451.3
1163240 2455.6
1163250 2448.1
1163260 2448.1
1163270 2435.6
1163280 2431.0
1163290 2431.0
1163300 2417.8
1163310 2403.8
1163320 2390.5
1163330 2390.5
1163340 2380.5
1163350 2373.5
1163360 2373.5
1163370 2370.1
1163380 2366.7
1163390 2366.7
1163400 2354.2
1163410 2336.1
1163420 2336.1
1163430 2319.8
1163440 2304.6
1163450 2304.6
1163460 2294.3
1163470 2283.4
1163480 2292.3
1163490 2280.7
1163500 2272.2
1163510 2272.2
1163520 2266.3
1163530 2262.3
1163540 2262.3
1163550 2257.9
1163560 2253.3
1163570 2248.2
1163580 2248.2
1163590 2242.6
1163600 2235.6
1163610 2235.6
1163620 2230.3
1163630 2225.2
1163640 2225.2
1163650 2219.7
1163660 2214.8
1163670 2214.8
1163680 2208.1
1163690 2200.2
1163700 2200.2
1163710 2191.7
1163720 2180.3
1163730 2180.3
1163740 2165.9
1163750 2158.1
1163760 2158.1
1163770 2152.6
1163780 2146.4
1163790 2146.4
1163800 2136.7
1163810 2124.2
1163820 2112.2
1163830 2112.2
1163840 2098.4
1163850 2086.2
1163860 2086.2
1163870 2077.3
1163880 2075.0
1163890 2075.0
1163900 2060.1
1163910 2051.6
1163920 2051.6
1163930 2040.6
1163940 2032.2
1163950 2032.2
1163960 2021.4
1163970 2012.2
1163980 2012.2
1163990 2002.0
1164000 1989.8
1164010 1989.8
1164020 1972.5
1164030 1954.5
1164040 1954.5
1164050 1934.5
1164060 1918.3
1164070 1886.1
1164080 1886.1
1164090 1854.6
1164100 1833.9
1164110 1833.9
1164120 1819.3
1164130 1807.3
1164140 1807.3
1164150 1802.3
1164160 1798.4
1164170 1798.4
1164180 1792.6
1164190 1785.0
1164200 1785.0
1164210 1780.4
1164220 1777.4
1164230 1777.4
1164240 1767.9
1164250 1754.9
1164260 1754.9
1164270 1740.8
1164280 1728.0
1164290 1728.0
1164300 1718.0
1164310 1702.5
1164320 1683.3
1164330 1683.3
1164340 1662.5
1164350 1643.0
1164360 1643.0
1164370 1622.5
1164380 1614.9
1164390 1614.9
1164400 1609.0
1164410 1590.5
1164420 1590.5
1164430 1566.3
1164440 1539.9
1164450 1539.9
1164460 1519.2
1164470 1505.0
1164480 1505.0
1164490 1485.5
1164500 1471.1
1164510 1471.1
1164520 1462.9
1164530 1455.0
1164540 1455.0
1164550 1447.3
1164560 1439.6
1164570 1439.6
1164580 1432.2
1164590 1425.9
1164600 1420.7
1164610 1420.7
1164620 1417.3
1164630 1416.0
1164640 1416.0
1164650 1415.6
1164660 1414.5
1164670 1414.9
1164680 1414.8
1164690 1414.9
1164700 1414.9
1164710 1415.1
1164720 1414.9
1164730 1414.9
1164740 1415.3
1164750 1415.4
1164760 1415.4
1164770 1415.2
1164780 1414.7
1164790 1414.7
1164800 1415.2
1164810 1416.6
1164820 1416.6
1164830 1416.8
1164840 1416.7
1164850 1416.7
1164860 1416.7
1164870 1417.0
1164880 1416.9
1164890 1416.9
1164900 1417.4
1164910 1417.5
1164920 1417.5
1164930 1417.4
1164940 1418.1
1164950 1418.1
1164960 1421.0
1164970 1426.9
1164980 1426.9
1164990 1434.3
1165000 1441.9
1165010 1441.9
1165020 1447.7
1165030 1453.2
1165040 1453.2
1165050 1458.3
1165060 1463.5
1165070 1463.9
1165080 1469.6
1165090 1475.5
1165100 1481.4
1165110 1481.4
1165120 1487.3
1165130 1493.1
1165140 1493.1
1165150 1499.8
1165160 1509.5
1165170 1509.5
1165180 1518.4
1165190 1526.6
1165200 1526.6
1165210 1535.9
1165220 1545.2
1165230 1545.2
1165240 1556.1
1165250 1569.1
1165260 1569.1
1165270 1582.9
1165280 1598.6
1165290 1598.6
1165300 1616.4
1165310 1628.3
1165320 1628.3
1165330 1637.2
1165340 1644.7
1165350 1653.6
1165360 1653.6
1165370 1662.7
1165380 1672.3
1165390 1672.3
1165400 1682.6
1165410 1693.1
1165420 1693.1
1165430 1703.3
1165440 1722.9
1165450 1722.9
1165460 1740.5
1165470 1750.8
1165480 1750.8
1165490 1762.1
1165500 1770.0
1165510 1770.0
1165520 1776.5
1165530 1781.9
1165540 1781.9
1165550 1786.1
1165560 1789.0
1165570 1789.0
1165580 1791.3
1165590 1793.2
1165600 1795.5
1165610 1795.5
1165620 1798.6
1165630 1800.9
1165640 1800.9
1165650 1802.3
1165660 1803.6
1165670 1803.6
1165680 1807.4
1165690 1815.9
1165700 1815.9
1165710 1824.4
1165720 1828.4
1165730 1828.4
1165740 1827.3
1165750 1826.4
1165760 1826.4
1165770 1826.2
1165780 1827.0
1165790 1827.0
1165800 1828.1
1165810 1829.6
1165820 1829.6
1165830 1831.5
1165840 1830.0
1165850 1827.3
1165860 1827.3
1165870 1824.7
1165880 1829.9
1165890 1829.9
1165900 1837.3
1165910 1846.6
1165920 1846.6
1165930 1857.5
1165940 1866.6
1165950 1866.6
1165960 1874.0
1165970 1880.8
1165980 1880.8
1165990 1886.9
1166000 1890.9
1166010 1890.9
1166020 1894.8
1166030 1899.2
1166040 1899.2
1166050 1904.5
1166060 1910.8
1166070 1910.8
1166080 1917.6
1166090 1924.8
1166100 1930.2
1166110 1930.2
1166120 1936.5
1166130 1947.7
1166140 1947.7
1166150 1957.1
1166160 1963.3
1166170 1963.3
1166180 1973.0
1166190 1986.9
1166200 1986.9
1166210 2002.2
1166220 2020.4
1166230 2020.4
1166240 2034.6
1166250 2040.6
1166260 2040.6
1166270 2036.6
1166280 2038.0
1166290 2038.0
1166300 2040.6
1166310 2044.8
1166320 2044.8
1166330 2046.6
1166340 2046.7
1166350 2046.7
1166360 2047.0
1166370 2047.7
1166380 2051.0
1166390 2051.0
1166400 2058.1
1166410 2066.9
1166420 2066.9
1166430 2076.1
1166440 2085.4
1166450 2085.4
1166460 2095.2
1166470 2104.9
1166480 2104.9
1166490 2113.8
1166500 2119.8
1166510 2119.8
1166520 2123.1
1166530 2125.1
1166540 2125.1
1166550 2126.5
1166560 2127.2
1166570 2127.2
1166580 2127.6
1166590 2128.4
1166600 2128.4
1166610 2129.5
1166620 2131.0
1166630 2132.7
1166640 2132.7
1166650 2135.2
1166660 2138.1
1166670 2133.0
1166680 2135.8
1166690 2139.2
1166700 2139.2
1166710 2142.2
1166720 2145.1
1166730 2145.1
1166740 2151.0
1166750 2158.1
1166760 2158.1
1166770 2166.5
1166780 2175.9
1166790 2175.9
1166800 2182.8
1166810 2188.1
1166820 2188.1
1166830 2193.3
1166840 2198.3
1166850 2198.3
1166860 2202.6
1166870 2206.7
1166880 2211.0
1166890 2211.0
1166900 2215.2
1166910 2219.0
1166920 2219.0
1166930 2223.3
1166940 2228.3
1166950 2228.3
1166960 2234.6
1166970 2241.0
1166980 2241.0
1166990 2246.6
1167000 2251.9
1167010 2251.9
1167020 2257.8
1167030 2265.5
1167040 2265.5
1167050 2273.8
1167060 2281.4
1167070 2280.2
1167080 2288.3
1167090 2295.4
1167100 2295.4
1167110 2301.5
1167120 2308.8
1167130 2316.7
1167140 2316.7
1167150 2326.5
1167160 2336.8
1167170 2336.8
1167180 2347.1
1167190 2354.4
1167200 2354.4
1167210 2360.8
1167220 2367.0
1167230 2367.0
1167240 2373.8
1167250 2381.2
1167260 2381.2
1167270 2389.1
1167280 2397.4
1167290 2397.4
1167300 2406.1
1167310 2414.9
1167320 2414.9
1167330 2424.0
1167340 2433.0
1167350 2433.0
1167360 2442.1
1167370 2450.8
1167380 2459.6
1167390 2459.6
1167400 2468.7
1167410 2477.8
1167420 2477.8
1167430 2487.3
1167440 2496.5
1167450 2496.5
1167460 2505.0
1167470 2519.7
1167480 2519.7
1167490 2527.5
1167500 2536.3
1167510 2536.3
1167520 2547.3
1167530 2559.4
1167540 2559.4
1167550 2569.2
1167560 2575.1
1167570 2575.1
1167580 2579.8
1167590 2583.1
1167600 2583.1
1167610 2583.5
1167620 2587.4
1167630 2575.9
1167640 2575.9
1167650 2563.2
1167660 2563.8
1167670 2563.8
1167680 2565.1
1167690 2554.9
1167700 2554.9
1167710 2536.6
1167720 2520.6
1167730 2520.6
1167740 2512.6
1167750 2509.2
1167760 2509.2
1167770 2501.1
1167780 2492.9
1167790 2492.9
1167800 2487.2
1167810 2489.3
1167820 2489.3
1167830 2489.2
1167840 2481.4
1167850 2481.4
1167860 2478.9
1167870 2495.9
1167880 2496.5
1167890 2496.5
1167900 2490.5
1167910 2484.1
1167920 2484.1
1167930 2470.4
1167940 2458.3
1167950 2458.3
1167960 2438.0
1167970 2411.1
1167980 2411.1
1167990 2388.9
1168000 2370.9
1168010 2370.9
1168020 2364.0
1168030 2376.5
1168040 2376.5
1168050 2376.1
1168060 2367.7
1168070 2367.7
1168080 2357.8
1168090 2348.3
1168100 2348.3
1168110 2338.7
1168120 2332.3
1168130 2335.8
1168140 2335.8
1168150 2358.5
1168160 2370.5
1168170 2370.5
1168180 2370.5
1168190 2365.3
1168200 2365.3
1168210 2339.0
1168220 2316.4
1168230 2316.4
1168240 2313.1
1168250 2305.6
1168260 2305.6
1168270 2316.8
1168280 2310.2
1168290 2310.2
1168300 2302.1
1168310 2306.2
1168320 2306.2
1168330 2300.6
1168340 2289.0
1168350 2289.0
1168360 2277.5
1168370 2267.4
1168380 2267.4
1168390 2256.9
1168400 2248.3
1168410 2248.9
1168420 2248.9
1168430 2262.6
1168440 2255.8
1168450 2255.8
1168460 2247.1
1168470 2243.8
1168480 2243.8
1168490 2250.5
1168500 2250.4
1168510 2250.4
1168520 2245.9
1168530 2247.5
1168540 2247.5
1168550 2249.2
1168560 2254.7
1168570 2254.7
1168580 2257.4
1168590 2258.9
1168600 2258.9
1168610 2271.7
1168620 2275.7
1168630 2275.7
1168640 2271.4
1168650 2255.6
1168660 2242.8
1168670 2264.6
1168680 2260.4
1168690 2257.8
1168700 2257.8
1168710 2256.6
1168720 2252.6
1168730 2252.6
1168740 2246.9
1168750 2241.7
1168760 2241.7
1168770 2234.9
1168780 2227.0
1168790 2227.0
1168800 2219.4
1168810 2212.0
1168820 2212.0
1168830 2205.0
1168840 2198.7
1168850 2198.7
1168860 2192.1
1168870 2185.7
1168880 2185.7
1168890 2179.6
1168900 2173.9
1168910 2168.7
1168920 2168.7
1168930 2163.8
1168940 2159.1
1168950 2159.1
1168960 2154.1
1168970 2149.2
1168980 2149.2
1168990 2144.1
1169000 2140.0
1169010 2140.0
1169020 2137.7
1169030 2135.9
1169040 2135.9
1169050 2134.1
1169060 2131.6
1169070 2131.6
1169080 2127.1
1169090 2122.3
1169100 2122.3
1169110 2117.7
1169120 2111.3
1169130 2111.3
1169140 2104.0
1169150 2098.1
1169160 2094.1
1169170 2094.1
1169180 2089.4
1169190 2081.9
1169200 2081.9
1169210 2073.4
1169220 2064.1
1169230 2064.1
1169240 2055.7
1169250 2049.6
1169260 2049.6
1169270 2044.6
1169280 2039.5
1169290 2039.5
1169300 2034.6
1169310 2033.8
1169320 2033.8
1169330 2034.6
1169340 2034.3
1169350 2034.3
1169360 2035.4
1169370 2038.4
1169380 2038.4
1169390 2045.7
1169400 2053.4
1169410 2061.2
1169420 2061.2
1169430 2069.4
1169440 2072.6
1169450 2072.6
1169460 2072.2
1169470 2072.8
1169480 2078.3
1169490 2078.6
1169500 2076.2
1169510 2076.2
1169520 2073.4
1169530 2072.9
1169540 2072.9
1169550 2074.2
1169560 2074.1
1169570 2074.1
1169580 2070.9
1169590 2072.0
1169600 2072.0
1169610 2072.1
1169620 2074.0
1169630 2074.0
1169640 2079.8
1169650 2083.2
1169660 2088.0
1169670 2088.0
1169680 2091.7
1169690 2094.2
1169700 2094.2
1169710 2097.3
1169720 2100.5
1169730 2100.5
1169740 2103.0
1169750 2107.3
1169760 2107.3
1169770 2112.4
1169780 2119.1
1169790 2119.1
1169800 2124.9
1169810 2128.0
1169820 2128.0
1169830 2123.6
1169840 2128.6
1169850 2128.6
1169860 2144.3
1169870 2156.9
1169880 2156.3
1169890 2164.6
1169900 2173.0
1169910 2180.9
1169920 2180.9
1169930 2185.9
1169940 2192.2
1169950 2192.2
1169960 2201.4
1169970 2212.3
1169980 2212.3
1169990 2217.7
1170000 2224.5
1170010 2224.5
1170020 2230.6
1170030 2237.1
1170040 2237.1
1170050 2255.3
1170060 2268.4
1170070 2268.4
1170080 2278.3
1170090 2287.8
1170100 2287.8
1170110 2295.2
1170120 2302.1
1170130 2302.1
1170140 2308.6
1170150 2315.0
1170160 2321.7
1170170 2321.7
1170180 2329.1
1170190 2336.2
1170200 2336.2
1170210 2344.8
1170220 2356.0
1170230 2356.0
1170240 2367.3
1170250 2378.1
1170260 2378.1
1170270 2388.2
1170280 2388.4
1170290 2392.4
1170300 2384.9
1170310 2375.9
1170320 2375.9
1170330 2367.1
1170340 2358.7
1170350 2358.7
1170360 2353.8
1170370 2349.4
1170380 2349.4
1170390 2344.7
1170400 2340.3
1170410 2336.4
1170420 2336.4
1170430 2334.0
1170440 2331.8
1170450 2331.8
1170460 2329.5
1170470 2327.1
1170480 2327.1
1170490 2324.5
1170500 2321.5
1170510 2321.5
1170520 2318.6
1170530 2316.0
1170540 2316.0
1170550 2312.5
1170560 2309.4
1170570 2309.4
1170580 2307.2
1170590 2305.1
1170600 2305.1
1170610 2302.8
1170620 2300.8
1170630 2300.8
1170640 2300.0
1170650 2298.5
1170660 2298.5
1170670 2297.7
1170680 2298.2
1170690 2304.1
1170700 2304.1
1170710 2303.5
1170720 2304.2
1170730 2304.2
1170740 2305.2
1170750 2307.0
1170760 2307.0
1170770 2311.8
1170780 2316.1
1170790 2316.1
1170800 2320.4
1170810 2325.0
1170820 2325.0
1170830 2329.7
1170840 2334.4
1170850 2334.4
1170860 2339.0
1170870 2344.3
1170880 2344.3
1170890 2349.1
1170900 2353.2
1170910 2353.2
1170920 2356.6
1170930 2360.4
1170940 2364.5
1170950 2364.5
1170960 2368.4
1170970 2372.2
1170980 2372.2
1170990 2377.0
1171000 2381.7
1171010 2381.7
1171020 2385.6
1171030 2389.3
1171040 2389.3
1171050 2393.6
1171060 2399.5
1171070 2399.5
1171080 2406.1
1171090 2412.3
1171100 2415.0
1171110 2421.4
1171120 2426.9
1171130 2426.9
1171140 2431.8
1171150 2436.2
1171160 2436.2
1171170 2440.0
1171180 2443.8
1171190 2448.1
1171200 2448.1
1171210 2452.8
1171220 2457.5
1171230 2457.5
1171240 2462.0
1171250 2466.9
1171260 2466.9
1171270 2471.9
1171280 2476.9
1171290 2476.9
1171300 2482.1
1171310 2487.1
1171320 2487.1
1171330 2492.4
1171340 2497.3
1171350 2497.3
1171360 2501.3
1171370 2505.5
1171380 2505.5
1171390 2509.7
1171400 2523.0
1171410 2523.0
1171420 2547.9
1171430 2559.1
1171440 2578.3
1171450 2578.3
1171460 2596.9
1171470 2605.2
1171480 2605.2
1171490 2608.2
1171500 2616.2
1171510 2616.2
1171520 2615.6
1171530 2611.2
1171540 2611.2
1171550 2611.6
1171560 2607.3
1171570 2607.3
1171580 2600.3
1171590 2594.8
1171600 2594.8
1171610 2588.5
1171620 2583.0
1171630 2583.0
1171640 2578.7
1171650 2575.3
1171660 2575.3
1171670 2571.8
1171680 2564.9
1171690 2558.2
1171700 2558.2
1171710 2552.9
1171720 2550.2
1171730 2550.2
1171740 2548.7
1171750 2545.7
1171760 2545.7
1171770 2542.3
1171780 2536.8
1171790 2536.8
1171800 2533.8
1171810 2533.1
1171820 2533.1
1171830 2529.0
1171840 2526.7
1171850 2526.7
1171860 2522.9
1171870 2520.3
1171880 2520.3
1171890 2520.4
1171900 2520.5
1171910 2529.4
1171920 2529.4
1171930 2530.1
1171940 2531.9
1171950 2531.9
1171960 2532.4
1171970 2529.0
1171980 2529.0
1171990 2520.9
1172000 2513.2
1172010 2513.2
1172020 2502.2
1172030 2483.1
1172040 2483.1
1172050 2468.0
1172060 2460.9
1172070 2460.9
1172080 2454.4
1172090 2448.4
1172100 2448.4
1172110 2444.1
1172120 2443.5
1172130 2443.5
1172140 2441.6
1172150 2439.6
1172160 2439.6
1172170 2438.5
1172180 2436.3
1172190 2436.6
1172200 2436.6
1172210 2434.4
1172220 2429.1
1172230 2429.1
1172240 2423.1
1172250 2416.0
1172260 2416.0
1172270 2409.8
1172280 2404.5
1172290 2404.5
1172300 2399.7
1172310 2396.2
1172320 2397.6
1172330 2391.6
1172340 2387.9
1172350 2387.9
1172360 2385.4
1172370 2383.4
1172380 2383.4
1172390 2382.2
1172400 2381.5
1172410 2381.5
1172420 2379.3
1172430 2376.0
1172440 2373.8
1172450 2373.8
1172460 2371.9
1172470 2370.1
1172480 2370.1
1172490 2369.0
1172500 2365.3
1172510 2365.3
1172520 2359.7
1172530 2355.8
1172540 2355.8
1172550 2352.3
1172560 2349.7
1172570 2349.7
1172580 2347.9
1172590 2347.5
1172600 2347.5
1172610 2348.4
1172620 2349.5
1172630 2349.5
1172640 2348.0
1172650 2346.5
1172660 2346.5
1172670 2344.0
1172680 2344.5
1172690 2344.5
1172700 2345.5
1172710 2345.7
1172720 2346.2
1172730 2346.2
1172740 2339.3
1172750 2332.0
1172760 2332.0
1172770 2329.4
1172780 2328.1
1172790 2328.1
1172800 2327.2
1172810 2327.7
1172820 2327.7
1172830 2326.8
1172840 2324.6
1172850 2324.6
1172860 2322.1
1172870 2319.0
1172880 2319.0
1172890 2314.9
1172900 2311.5
1172910 2311.5
1172920 2306.7
1172930 2301.8
1172940 2301.8
1172950 2299.3
1172960 2299.3
1172970 2299.5
1172980 2299.5
1172990 2298.2
1173000 2296.7
1173010 2296.7
1173020 2296.2
1173030 2296.1
1173040 2296.1
1173050 2295.9
1173060 2295.6
1173070 2295.6
1173080 2295.4
1173090 2295.1
1173100 2295.1
1173110 2294.8
1173120 2294.5
1173130 2294.3
1173140 2294.1
1173150 2294.3
1173160 2294.3
1173170 2296.5
1173180 2299.8
1173190 2299.8
1173200 2303.4
1173210 2307.2
1173220 2311.3
1173230 2311.3
1173240 2315.8
1173250 2320.6
1173260 2320.6
1173270 2325.9
1173280 2330.8
1173290 2330.8
1173300 2335.8
1173310 2340.6
1173320 2340.6
1173330 2345.0
1173340 2349.2
1173350 2349.2
1173360 2353.3
1173370 2356.9
1173380 2356.9
1173390 2360.3
1173400 2363.2
1173410 2363.2
1173420 2366.2
1173430 2369.8
1173440 2369.8
1173450 2372.7
1173460 2378.4
1173470 2389.0
1173480 2389.0
1173490 2404.7
1173500 2424.4
1173510 2424.4
1173520 2443.9
1173530 2462.8
1173540 2469.8
1173550 2475.2
1173560 2481.7
1173570 2481.7
1173580 2489.9
1173590 2505.4
1173600 2505.4
1173610 2523.6
1173620 2546.1
1173630 2546.1
1173640 2567.0
1173650 2578.6
1173660 2578.6
1173670 2587.3
1173680 2598.8
1173690 2598.8
1173700 2605.7
1173710 2616.4
1173720 2627.3
1173730 2627.3
1173740 2638.4
1173750 2647.9
1173760 2647.9
1173770 2654.5
1173780 2660.9
1173790 2660.9
1173800 2667.2
1173810 2675.4
1173820 2675.4
1173830 2685.3
1173840 2693.6
1173850 2693.6
1173860 2695.9
1173870 2695.3
1173880 2695.3
1173890 2689.6
1173900 2675.0
1173910 2675.0
1173920 2661.7
1173930 2655.7
1173940 2655.7
1173950 2642.1
1173960 2623.3
1173970 2609.0
1173980 2609.0
1173990 2596.9
1174000 2587.5
1174010 2587.5
1174020 2578.9
1174030 2569.7
1174040 2569.7
1174050 2556.4
1174060 2537.3
1174070 2537.3
1174080 2521.6
1174090 2504.9
1174100 2504.9
1174110 2497.9
1174120 2490.0
1174130 2490.0
1174140 2482.3
1174150 2473.9
1174160 2473.9
1174170 2466.1
1174180 2459.6
1174190 2459.6
1174200 2455.0
1174210 2448.4
1174220 2437.5
1174230 2437.5
1174240 2429.6
1174250 2419.7
1174260 2419.7
1174270 2413.3
1174280 2410.9
1174290 2410.9
1174300 2400.2
1174310 2390.2
1174320 2390.2
1174330 2377.5
1174340 2370.3
1174350 2370.3
1174360 2360.6
1174370 2355.1
1174380 2355.1
1174390 2349.7
1174400 2343.9
1174410 2343.9
1174420 2338.0
1174430 2332.2
1174440 2332.2
1174450 2326.2
1174460 2319.7
1174470 2313.6
1174480 2313.6
1174490 2308.4
1174500 2303.5
1174510 2303.5
1174520 2300.1
1174530 2296.5
1174540 2296.5
1174550 2291.2
1174560 2286.6
1174570 2286.6
1174580 2282.8
1174590 2279.6
1174600 2279.6
1174610 2277.6
1174620 2274.5
1174630 2274.5
1174640 2270.9
1174650 2267.1
1174660 2267.1
1174670 2263.8
1174680 2260.8
1174690 2260.8
1174700 2261.6
1174710 2261.5
1174720 2260.3
1174730 2260.3
1174740 2259.1
1174750 2260.4
1174760 2260.4
1174770 2262.5
1174780 2257.9
1174790 2257.9
1174800 2252.2
1174810 2246.5
1174820 2246.5
1174830 2241.1
1174840 2235.1
1174850 2235.1
1174860 2227.5
1174870 2221.2
1174880 2221.2
1174890 2213.7
1174900 2205.9
1174910 2205.9
1174920 2198.5
1174930 2190.4
1174940 2190.4
1174950 2181.2
1174960 2172.0
1174970 2172.0
1174980 2163.8
1174990 2157.6
1175000 2152.6
1175010 2152.6
1175020 2148.9
1175030 2144.8
1175040 2144.8
1175050 2141.1
1175060 2138.8
1175070 2138.8
1175080 2137.2
1175090 2136.4
1175100 2136.4
1175110 2135.9
1175120 2134.9
1175130 2134.9
1175140 2132.5
1175150 2130.9
1175160 2130.9
1175170 2130.0
1175180 2128.6
1175190 2128.6
1175200 2123.8
1175210 2117.7
1175220 2117.7
1175230 2111.5
1175240 2103.6
1175250 2095.5
1175260 2095.5
1175270 2091.4
1175280 2087.0
1175290 2087.0
1175300 2083.3
1175310 2078.7
1175320 2078.7
1175330 2072.8
1175340 2067.4
1175350 2067.4
1175360 2062.7
1175370 2059.1
1175380 2059.1
1175390 2056.6
1175400 2052.6
1175410 2052.6
1175420 2046.7
1175430 2040.1
1175440 2040.1
1175450 2031.6
1175460 2025.2
1175470 2025.2
1175480 2019.5
1175490 2012.9
1175500 2007.6
1175510 2007.6
1175520 2003.1
1175530 1998.7
1175540 1998.7
1175550 1994.1
1175560 1986.1
1175570 1986.1
1175580 1978.3
1175590 1980.1
1175600 1980.1
1175610 1981.1
1175620 1980.6
1175630 1980.6
1175640 1977.4
1175650 1973.5
1175660 1973.5
1175670 1970.9
1175680 1968.9
1175690 1968.9
1175700 1965.8
1175710 1962.3
1175720 1962.3
1175730 1959.4
1175740 1957.9
1175750 1955.6
1175760 1955.6
1175770 1952.9
1175780 1951.0
1175790 1951.0
1175800 1948.5
1175810 1944.4
1175820 1944.4
1175830 1943.4
1175840 1941.0
1175850 1941.0
1175860 1941.4
1175870 1940.7
1175880 1940.7
1175890 1940.9
1175900 1941.9
1175910 1941.9
1175920 1941.5
1175930 1939.6
1175940 1939.6
1175950 1936.9
1175960 1933.9
1175970 1933.9
1175980 1932.3
1175990 1930.8
1176000 1931.3
1176010 1931.3
1176020 1932.1
1176030 1932.3
1176040 1932.3
1176050 1933.2
1176060 1933.5
1176070 1933.5
1176080 1933.8
1176090 1934.6
1176100 1934.6
1176110 1935.2
1176120 1935.9
1176130 1935.9
1176140 1935.8
1176150 1934.9
1176160 1934.9
1176170 1934.1
1176180 1933.5
1176190 1933.5
1176200 1932.9
1176210 1933.8
1176220 1933.8
1176230 1936.0
1176240 1938.5
1176250 1941.5
1176260 1941.5
1176270 1944.4
1176280 1947.2
1176290 1947.2
1176300 1950.4
1176310 1953.1
1176320 1953.1
1176330 1955.2
1176340 1956.6
1176350 1956.6
1176360 1957.4
1176370 1957.3
1176380 1957.3
1176390 1957.0
1176400 1956.1
1176410 1956.1
1176420 1962.1
1176430 1960.7
1176440 1960.7
1176450 1959.2
1176460 1955.8
1176470 1955.8
1176480 1951.2
1176490 1951.1
1176500 1956.3
1176510 1956.3
1176520 1955.2
1176530 1946.7
1176540 1946.7
1176550 1944.7
1176560 1949.6
1176570 1949.6
1176580 1953.8
1176590 1952.4
1176600 1952.4
1176610 1951.1
1176620 1948.6
1176630 1948.6
1176640 1941.6
1176650 1940.1
1176660 1940.1
1176670 1938.4
1176680 1934.0
1176690 1934.0
1176700 1935.7
1176710 1936.7
1176720 1936.7
1176730 1936.9
1176740 1938.7
1176750 1947.0
1176760 1947.0
1176770 1952.3
1176780 1947.0
1176790 1947.0
1176800 1938.2
1176810 1937.9
1176820 1937.9
1176830 1945.4
1176840 1941.8
1176850 1941.8
1176860 1941.1
1176870 1943.6
1176880 1943.6
1176890 1945.5
1176900 1949.2
1176910 1949.2
1176920 1954.8
1176930 1961.4
1176940 1961.4
1176950 1970.6
1176960 1979.3
1176970 1979.3
1176980 1981.0
1176990 1986.5
1177000 1986.5
1177010 1996.8
1177020 2003.6
1177030 2009.8
1177040 2009.8
1177050 2015.8
1177060 2021.1
1177070 2021.1
1177080 2025.0
1177090 2026.8
1177100 2026.8
1177110 2025.5
1177120 2024.6
1177130 2024.6
1177140 2025.6
1177150 2025.0
1177160 2025.0
1177170 2024.9
1177180 2023.7
1177190 2023.7
1177200 2021.6
1177210 2017.6
1177220 2017.6
1177230 2011.8
1177240 2016.4
1177250 2016.4
1177260 2013.9
1177270 2009.2
1177280 2002.2
1177290 2002.2
1177300 1988.2
1177310 1968.6
1177320 1968.6
1177330 1949.6
1177340 1925.0
1177350 1925.0
1177360 1910.3
1177370 1897.1
1177380 1897.1
1177390 1890.2
1177400 1883.8
1177410 1883.8
1177420 1878.1
1177430 1871.8
1177440 1871.8
1177450 1864.0
1177460 1854.9
1177470 1854.9
1177480 1844.0
1177490 1827.8
1177500 1827.8
1177510 1819.3
1177520 1812.0
1177530 1803.3
1177540 1803.3
1177550 1792.1
1177560 1770.4
1177570 1770.4
1177580 1760.4
1177590 1754.1
1177600 1754.1
1177610 1748.2
1177620 1742.1
1177630 1742.1
1177640 1735.6
1177650 1728.6
1177660 1724.8
1177670 1721.8
1177680 1717.9
1177690 1717.9
1177700 1713.4
1177710 1708.8
1177720 1708.8
1177730 1703.9
1177740 1698.7
1177750 1698.7
1177760 1693.4
1177770 1687.9
1177780 1682.4
1177790 1682.4
1177800 1677.0
1177810 1671.5
1177820 1671.5
1177830 1666.1
1177840 1660.4
1177850 1660.4
1177860 1654.9
1177870 1649.5
1177880 1649.5
1177890 1643.9
1177900 1638.1
1177910 1638.1
1177920 1633.0
1177930 1627.9
1177940 1627.9
1177950 1622.0
1177960 1616.3
1177970 1616.3
1177980 1610.4
1177990 1604.9
1178000 1604.9
1178010 1599.6
1178020 1594.6
1178030 1589.3
1178040 1589.3
1178050 1583.4
1178060 1576.4
1178070 1574.2
1178080 1566.3
1178090 1563.8
1178100 1563.8
1178110 1563.5
1178120 1563.4
1178130 1563.4
1178140 1565.3
1178150 1570.4
1178160 1570.4
1178170 1573.5
1178180 1576.0
1178190 1576.0
1178200 1579.9
1178210 1583.8
1178220 1583.8
1178230 1588.9
1178240 1595.8
1178250 1595.8
1178260 1601.8
1178270 1604.1
1178280 1611.7
1178290 1611.7
1178300 1624.8
1178310 1630.9
1178320 1630.9
1178330 1638.3
1178340 1647.7
1178350 1647.7
1178360 1661.5
1178370 1675.2
1178380 1675.2
1178390 1683.3
1178400 1694.8
1178410 1694.8
1178420 1709.0
1178430 1719.8
1178440 1719.8
1178450 1729.8
1178460 1745.4
1178470 1745.4
1178480 1760.4
1178490 1784.7
1178500 1784.7
1178510 1796.7
1178520 1810.5
1178530 1827.4
1178540 1827.4
1178550 1845.5
1178560 1857.6
1178570 1857.6
1178580 1868.4
1178590 1875.7
1178600 1875.7
1178610 1880.6
1178620 1880.5
1178630 1880.5
1178640 1879.9
1178650 1881.6
1178660 1881.6
1178670 1884.0
1178680 1886.9
1178690 1886.9
1178700 1885.9
1178710 1884.3
1178720 1884.3
1178730 1880.2
1178740 1870.4
1178750 1870.4
1178760 1861.0
1178770 1853.6
1178780 1840.2
1178790 1840.2
1178800 1848.2
1178810 1881.4
1178820 1881.4
1178830 1900.0
1178840 1903.7
1178850 1903.7
1178860 1914.4
1178870 1926.7
1178880 1926.7
1178890 1935.2
1178900 1912.1
1178910 1912.1
1178920 1918.7
1178930 1926.7
1178940 1926.7
1178950 1935.1
1178960 1946.2
1178970 1946.2
1178980 1948.7
1178990 1944.4
1179000 1944.4
1179010 1931.9
1179020 1920.9
1179030 1911.9
1179040 1911.9
1179050 1909.1
1179060 1905.6
1179070 1905.6
1179080 1903.1
1179090 1908.0
1179100 1908.0
1179110 1908.9
1179120 1904.8
1179130 1904.8
1179140 1902.9
1179150 1897.8
1179160 1897.8
1179170 1884.7
1179180 1873.5
1179190 1873.5
1179200 1864.4
1179210 1854.5
1179220 1854.5
1179230 1860.2
1179240 1867.2
1179250 1867.2
1179260 1869.2
1179270 1870.5
1179280 1872.6
1179290 1872.6
1179300 1876.7
1179310 1872.1
1179320 1856.9
1179330 1855.3
1179340 1858.6
1179350 1858.6
1179360 1857.7
1179370 1854.1
1179380 1854.1
1179390 1848.4
1179400 1843.7
1179410 1843.7
1179420 1843.3
1179430 1842.3
1179440 1842.3
1179450 1841.9
1179460 1840.5
1179470 1840.5
1179480 1836.3
1179490 1833.9
1179500 1833.9
1179510 1835.0
1179520 1836.1
1179530 1836.1
1179540 1842.5
1179550 1846.9
1179560 1847.7
1179570 1847.7
1179580 1846.0
1179590 1846.0
1179600 1846.0
1179610 1845.7
1179620 1845.2
1179630 1845.2
1179640 1844.6
1179650 1846.1
1179660 1846.1
1179670 1846.1
1179680 1841.4
1179690 1841.4
1179700 1836.7
1179710 1832.3
1179720 1832.3
1179730 1827.9
1179740 1811.7
1179750 1811.7
1179760 1800.0
1179770 1789.3
1179780 1789.3
1179790 1772.2
1179800 1757.9
1179810 1750.8
1179820 1750.8
1179830 1741.1
1179840 1728.9
1179850 1728.9
1179860 1724.2
1179870 1732.6
1179880 1732.6
1179890 1742.8
1179900 1749.0
1179910 1749.0
1179920 1751.6
1179930 1754.4
1179940 1754.4
1179950 1758.2
1179960 1760.0
1179970 1760.0
1179980 1760.6
1179990 1763.9
