1160000 1484.3
1160010 1481.1
1160020 1481.1
1160030 1475.5
1160040 1470.5
1160050 1466.4
1160060 1466.4
1160070 1464.1
1160080 1464.9
1160090 1464.9
1160100 1464.8
1160110 1464.2
1160120 1464.2
1160130 1464.5
1160140 1465.6
1160150 1465.6
1160160 1470.0
1160170 1474.6
1160180 1474.6
1160190 1481.6
1160200 1489.4
1160210 1489.4
1160220 1493.4
1160230 1496.3
1160240 1496.3
1160250 1499.7
1160260 1503.0
1160270 1503.0
1160280 1506.8
1160290 1510.0
1160300 1513.4
1160310 1513.4
1160320 1517.3
1160330 1523.2
1160340 1523.2
1160350 1527.1
1160360 1530.4
1160370 1530.4
1160380 1531.7
1160390 1531.6
1160400 1531.6
1160410 1531.1
1160420 1535.0
1160430 1535.0
1160440 1558.9
1160450 1581.1
1160460 1581.1
1160470 1608.4
1160480 1616.4
1160490 1616.4
1160500 1616.4
1160510 1620.2
1160520 1620.2
1160530 1623.3
1160540 1624.6
1160550 1632.3
1160560 1632.3
1160570 1642.9
1160580 1662.4
1160590 1662.4
1160600 1678.4
1160610 1684.8
1160620 1684.8
1160630 1693.2
1160640 1700.0
1160650 1700.0
1160660 1705.4
1160670 1711.6
1160680 1711.6
1160690 1717.9
1160700 1724.2
1160710 1724.2
1160720 1738.7
1160730 1743.4
1160740 1743.4
1160750 1747.2
1160760 1750.5
1160770 1750.5
1160780 1754.0
1160790 1757.8
1160800 1762.3
1160810 1762.3
1160820 1766.1
1160830 1770.1
1160840 1770.1
1160850 1774.6
1160860 1780.0
1160870 1780.0
1160880 1786.1
1160890 1792.6
1160900 1792.6
1160910 1797.7
1160920 1801.7
1160930 1801.7
1160940 1805.9
1160950 1811.5
1160960 1811.5
1160970 1817.5
1160980 1824.0
1160990 1824.0
1161000 1831.1
1161010 1837.9
1161020 1837.9
1161030 1845.3
1161040 1854.3
1161050 1854.3
1161060 1863.1
1161070 1873.6
1161080 1891.9
1161090 1891.9
1161100 1940.9
1161110 1980.1
1161120 1980.1
1161130 1983.5
1161140 1984.4
1161150 1984.4
1161160 1984.7
1161170 1985.3
1161180 1985.3
1161190 1985.9
1161200 1986.9
1161210 1986.9
1161220 1988.8
1161230 1991.0
1161240 1991.0
1161250 1992.7
1161260 1994.0
1161270 1994.0
1161280 1995.9
1161290 1998.7
1161300 1998.7
1161310 2001.8
1161320 2004.9
1161330 2007.0
1161340 2007.0
1161350 2008.1
1161360 2008.3
1161370 2008.3
1161380 2008.3
1161390 2008.4
1161400 2008.4
1161410 2008.3
1161420 2008.0
1161430 2008.0
1161440 2007.4
1161450 2007.1
1161460 2007.1
1161470 2007.9
1161480 2008.9
1161490 2008.9
1161500 2009.6
1161510 2013.1
1161520 2013.1
1161530 2011.7
1161540 2010.1
1161550 2010.1
1161560 2006.1
1161570 2002.1
1161580 2000.2
1161590 2000.2
1161600 1998.1
1161610 1994.4
1161620 1994.4
1161630 1993.0
1161640 1989.2
1161650 1989.2
1161660 1983.4
1161670 1977.0
1161680 1977.0
1161690 1970.4
1161700 1965.1
1161710 1965.1
1161720 1960.1
1161730 1954.5
1161740 1954.5
1161750 1950.2
1161760 1948.0
1161770 1948.0
1161780 1947.6
1161790 1951.3
1161800 1951.3
1161810 1956.2
1161820 1959.8
1161830 1958.8
1161840 1958.8
1161850 1956.3
1161860 1954.1
1161870 1954.1
1161880 1953.5
1161890 1953.3
1161900 1956.4
1161910 1953.8
1161920 1951.2
1161930 1951.2
1161940 1950.2
1161950 1950.6
1161960 1950.6
1161970 1951.3
1161980 1949.0
1161990 1949.0
1162000 1943.0
1162010 1938.6
1162020 1938.6
1162030 1942.6
1162040 1950.7
1162050 1950.7
1162060 1958.8
1162070 1963.6
1162080 1966.3
1162090 1966.3
1162100 1967.7
1162110 1969.8
1162120 1969.8
1162130 1974.9
1162140 1982.2
1162150 1982.2
1162160 1989.6
1162170 1996.4
1162180 1996.4
1162190 2002.9
1162200 2010.1
1162210 2010.1
1162220 2018.2
1162230 2026.9
1162240 2026.9
1162250 2035.6
1162260 2044.6
1162270 2044.6
1162280 2052.9
1162290 2063.2
1162300 2063.2
1162310 2072.1
1162320 2080.6
1162330 2080.6
1162340 2088.2
1162350 2095.3
1162360 2102.3
1162370 2102.3
1162380 2108.8
1162390 2115.0
1162400 2115.0
1162410 2121.3
1162420 2127.4
1162430 2127.4
1162440 2133.2
1162450 2139.0
1162460 2139.0
1162470 2144.4
1162480 2150.0
1162490 2150.0
1162500 2155.4
1162510 2160.7
1162520 2160.7
1162530 2165.4
1162540 2169.5
1162550 2169.5
1162560 2172.6
1162570 2174.9
1162580 2174.9
1162590 2176.5
1162600 2177.3
1162610 2176.7
1162620 2176.7
1162630 2174.8
1162640 2171.9
1162650 2171.9
1162660 2168.0
1162670 2163.3
1162680 2163.3
1162690 2160.4
1162700 2153.9
1162710 2153.9
1162720 2147.1
1162730 2140.2
1162740 2140.2
1162750 2133.1
1162760 2126.1
1162770 2126.1
1162780 2119.4
1162790 2112.5
1162800 2112.5
1162810 2106.0
1162820 2099.3
1162830 2099.3
1162840 2092.7
1162850 2085.8
1162860 2078.9
1162870 2078.9
1162880 2072.3
1162890 2066.2
1162900 2066.2
1162910 2059.9
1162920 2053.2
1162930 2053.2
1162940 2046.3
1162950 2038.3
1162960 2038.3
1162970 2027.9
1162980 2018.5
1162990 2018.5
1163000 2010.3
1163010 2003.9
1163020 2003.9
1163030 1996.6
1163040 1991.7
1163050 1991.7
1163060 1988.8
1163070 1988.9
1163080 1992.4
1163090 1985.9
1163100 1981.4
1163110 1976.0
1163120 1976.0
1163130 1970.6
1163140 1964.8
1163150 1964.8
1163160 1959.5
1163170 1954.6
1163180 1954.6
1163190 1949.0
1163200 1941.4
1163210 1941.4
1163220 1933.5
1163230 1925.4
1163240 1925.4
1163250 1916.6
1163260 1908.4
1163270 1908.4
1163280 1900.8
1163290 1893.9
1163300 1893.9
1163310 1888.3
1163320 1883.9
1163330 1883.9
1163340 1878.2
1163350 1871.4
1163360 1865.5
1163370 1865.5
1163380 1860.9
1163390 1856.3
1163400 1856.3
1163410 1851.0
1163420 1844.7
1163430 1844.7
1163440 1838.7
1163450 1833.6
1163460 1833.6
1163470 1828.9
1163480 1819.0
1163490 1819.0
1163500 1814.3
1163510 1809.2
1163520 1809.2
1163530 1804.2
1163540 1798.9
1163550 1798.9
1163560 1793.4
1163570 1788.3
1163580 1788.3
1163590 1782.3
1163600 1775.0
1163610 1766.8
1163620 1766.8
1163630 1759.3
1163640 1752.3
1163650 1752.3
1163660 1746.3
1163670 1740.7
1163680 1740.7
1163690 1734.9
1163700 1728.4
1163710 1728.4
1163720 1722.8
1163730 1718.2
1163740 1718.2
1163750 1713.7
1163760 1710.1
1163770 1710.1
1163780 1705.9
1163790 1700.7
1163800 1700.7
1163810 1694.0
1163820 1686.8
1163830 1686.8
1163840 1677.0
1163850 1665.7
1163860 1665.7
1163870 1651.1
1163880 1647.6
1163890 1632.6
1163900 1632.6
1163910 1617.9
1163920 1612.6
1163930 1612.6
1163940 1610.0
1163950 1606.6
1163960 1606.6
1163970 1602.3
1163980 1598.2
1163990 1598.2
1164000 1594.4
1164010 1590.3
1164020 1590.3
1164030 1586.0
1164040 1581.2
1164050 1581.2
1164060 1576.2
1164070 1571.5
1164080 1571.5
1164090 1567.1
1164100 1562.5
1164110 1562.5
1164120 1558.2
1164130 1553.8
1164140 1549.3
1164150 1549.3
1164160 1544.8
1164170 1540.3
1164180 1540.3
1164190 1535.7
1164200 1530.9
1164210 1530.9
1164220 1526.2
1164230 1521.6
1164240 1521.6
1164250 1516.6
1164260 1510.5
1164270 1512.6
1164280 1507.3
1164290 1501.5
1164300 1501.5
1164310 1496.1
1164320 1492.1
1164330 1492.1
1164340 1490.0
1164350 1488.0
1164360 1488.0
1164370 1484.1
1164380 1478.9
1164390 1473.2
1164400 1473.2
1164410 1467.7
1164420 1463.2
1164430 1463.2
1164440 1458.2
1164450 1455.0
1164460 1455.0
1164470 1454.1
1164480 1451.8
1164490 1451.8
1164500 1448.2
1164510 1444.7
1164520 1444.7
1164530 1441.5
1164540 1438.9
1164550 1438.9
1164560 1436.3
1164570 1432.2
1164580 1432.2
1164590 1428.6
1164600 1426.5
1164610 1426.5
1164620 1423.9
1164630 1422.5
1164640 1420.2
1164650 1420.2
1164660 1415.5
1164670 1414.8
1164680 1414.8
1164690 1411.7
1164700 1408.4
1164710 1408.4
1164720 1405.5
1164730 1402.3
1164740 1402.3
1164750 1397.2
1164760 1390.5
1164770 1390.5
1164780 1390.4
1164790 1394.3
1164800 1394.3
1164810 1402.1
1164820 1410.4
1164830 1410.4
1164840 1417.7
1164850 1425.1
1164860 1425.1
1164870 1432.9
1164880 1440.6
1164890 1448.1
1164900 1448.1
1164910 1454.2
1164920 1459.8
1164930 1459.8
1164940 1465.4
1164950 1471.0
1164960 1471.0
1164970 1476.7
1164980 1483.9
1164990 1483.9
1165000 1491.8
1165010 1499.8
1165020 1499.8
1165030 1507.5
1165040 1514.6
1165050 1514.6
1165060 1521.2
1165070 1522.6
1165080 1522.6
1165090 1528.9
1165100 1536.8
1165110 1536.8
1165120 1545.7
1165130 1551.6
1165140 1551.6
1165150 1559.8
1165160 1566.9
1165170 1571.7
1165180 1571.7
1165190 1578.5
1165200 1583.7
1165210 1583.7
1165220 1588.7
1165230 1595.3
1165240 1595.3
1165250 1602.4
1165260 1612.8
1165270 1612.8
1165280 1626.9
1165290 1640.1
1165300 1640.1
1165310 1649.5
1165320 1654.2
1165330 1654.2
1165340 1653.3
1165350 1653.8
1165360 1653.8
1165370 1657.2
1165380 1661.4
1165390 1661.4
1165400 1667.7
1165410 1673.9
1165420 1678.4
1165430 1678.4
1165440 1681.6
1165450 1685.5
1165460 1685.5
1165470 1704.3
1165480 1721.7
1165490 1721.7
1165500 1740.1
1165510 1756.5
1165520 1756.5
1165530 1765.5
1165540 1782.1
1165550 1782.1
1165560 1804.4
1165570 1808.4
1165580 1808.4
1165590 1816.5
1165600 1822.7
1165610 1822.7
1165620 1827.8
1165630 1834.8
1165640 1834.8
1165650 1845.8
1165660 1860.3
1165670 1876.3
1165680 1876.3
1165690 1888.0
1165700 1899.4
1165710 1899.4
1165720 1911.5
1165730 1923.0
1165740 1923.0
1165750 1939.7
1165760 1954.1
1165770 1954.1
1165780 1965.1
1165790 1972.8
1165800 1972.8
1165810 1980.5
1165820 1988.3
1165830 1988.3
1165840 1996.2
1165850 2005.2
1165860 2005.3
1165870 2016.3
1165880 2026.1
1165890 2026.1
1165900 2037.2
1165910 2059.5
1165920 2077.8
1165930 2077.8
1165940 2089.7
1165950 2099.3
1165960 2099.3
1165970 2103.3
1165980 2105.9
1165990 2105.9
1166000 2109.8
1166010 2115.5
1166020 2115.5
1166030 2122.4
1166040 2130.5
1166050 2130.5
1166060 2139.3
1166070 2149.8
1166080 2149.8
1166090 2159.7
1166100 2165.8
1166110 2165.8
1166120 2170.9
1166130 2176.6
1166140 2176.6
1166150 2183.1
1166160 2189.9
1166170 2198.0
1166180 2198.0
1166190 2207.2
1166200 2215.5
1166210 2215.5
1166220 2220.5
1166230 2221.2
1166240 2221.2
1166250 2219.7
1166260 2224.7
1166270 2224.7
1166280 2216.8
1166290 2204.2
1166300 2204.2
1166310 2194.1
1166320 2181.9
1166330 2181.9
1166340 2173.6
1166350 2172.9
1166360 2172.9
1166370 2173.3
1166380 2170.2
1166390 2170.2
1166400 2167.5
1166410 2158.5
1166420 2153.0
1166430 2153.0
1166440 2158.6
1166450 2163.7
1166460 2163.7
1166470 2166.9
1166480 2168.0
1166490 2168.0
1166500 2167.8
1166510 2164.4
1166520 2164.4
1166530 2154.2
1166540 2142.2
1166550 2142.2
1166560 2129.4
1166570 2121.9
1166580 2121.9
1166590 2116.4
1166600 2108.3
1166610 2108.3
1166620 2108.4
1166630 2122.5
1166640 2122.5
1166650 2136.0
1166660 2151.8
1166670 2151.8
1166680 2151.4
1166690 2143.8
1166700 2146.1
1166710 2146.1
1166720 2150.2
1166730 2148.9
1166740 2148.9
1166750 2144.1
1166760 2139.3
1166770 2139.3
1166780 2133.1
1166790 2123.3
1166800 2123.3
1166810 2112.9
1166820 2099.7
1166830 2099.7
1166840 2088.0
1166850 2078.7
1166860 2078.7
1166870 2072.0
1166880 2066.4
1166890 2066.4
1166900 2061.4
1166910 2055.6
1166920 2055.6
1166930 2057.7
1166940 2062.3
1166950 2073.1
1166960 2073.1
1166970 2081.8
1166980 2088.4
1166990 2088.4
1167000 2092.8
1167010 2095.4
1167020 2095.4
1167030 2096.9
1167040 2097.7
1167050 2097.7
1167060 2104.9
1167070 2103.6
1167080 2103.6
1167090 2098.8
1167100 2093.0
1167110 2093.0
1167120 2083.8
1167130 2076.3
1167140 2076.3
1167150 2069.2
1167160 2062.2
1167170 2062.2
1167180 2055.0
1167190 2047.9
1167200 2040.1
1167210 2040.1
1167220 2032.7
1167230 2025.3
1167240 2025.3
1167250 2019.2
1167260 2008.8
1167270 2008.8
1167280 1998.2
1167290 1984.7
1167300 1984.7
1167310 1968.8
1167320 1957.1
1167330 1957.1
1167340 1948.1
1167350 1938.7
1167360 1938.7
1167370 1927.6
1167380 1918.9
1167390 1918.9
1167400 1912.3
1167410 1906.7
1167420 1906.7
1167430 1902.0
1167440 1896.0
1167450 1889.8
1167460 1896.5
1167470 1894.3
1167480 1890.5
1167490 1890.5
1167500 1882.0
1167510 1883.9
1167520 1883.9
1167530 1887.5
1167540 1894.7
1167550 1894.7
1167560 1903.8
1167570 1913.7
1167580 1913.7
1167590 1923.0
1167600 1934.1
1167610 1934.1
1167620 1939.5
1167630 1940.8
1167640 1940.8
1167650 1940.1
1167660 1935.8
1167670 1935.8
1167680 1929.2
1167690 1922.0
1167700 1914.8
1167710 1914.8
1167720 1906.1
1167730 1896.1
1167740 1896.1
1167750 1884.6
1167760 1877.7
1167770 1877.7
1167780 1883.9
1167790 1896.4
1167800 1896.4
1167810 1897.2
1167820 1893.7
1167830 1893.7
1167840 1890.1
1167850 1894.4
1167860 1894.4
1167870 1905.5
1167880 1904.6
1167890 1904.6
1167900 1906.0
1167910 1909.4
1167920 1909.4
1167930 1910.2
1167940 1907.8
1167950 1902.2
1167960 1902.2
1167970 1894.4
1167980 1877.0
1167990 1877.0
1168000 1867.6
1168010 1859.6
1168020 1859.6
1168030 1848.4
1168040 1839.8
1168050 1839.8
1168060 1833.2
1168070 1827.6
1168080 1827.6
1168090 1823.1
1168100 1813.1
1168110 1813.1
1168120 1808.6
1168130 1806.7
1168140 1806.7
1168150 1812.4
1168160 1813.9
1168170 1813.9
1168180 1810.6
1168190 1806.5
1168200 1806.5
1168210 1802.6
1168220 1798.7
1168230 1796.3
1168240 1796.3
1168250 1793.2
1168260 1790.4
1168270 1798.1
1168280 1795.6
1168290 1792.5
1168300 1792.5
1168310 1789.2
1168320 1786.9
1168330 1786.9
1168340 1782.2
1168350 1776.0
1168360 1776.0
1168370 1767.7
1168380 1760.4
1168390 1760.4
1168400 1753.6
1168410 1748.2
1168420 1748.2
1168430 1745.5
1168440 1743.7
1168450 1743.7
1168460 1741.3
1168470 1741.0
1168480 1741.2
1168490 1741.2
1168500 1741.4
1168510 1741.1
1168520 1741.1
1168530 1739.1
1168540 1738.1
1168550 1738.1
1168560 1736.9
1168570 1735.6
1168580 1735.6
1168590 1734.3
1168600 1733.7
1168610 1733.7
1168620 1735.1
1168630 1737.0
1168640 1737.0
1168650 1739.4
1168660 1743.7
1168670 1740.5
1168680 1746.7
1168690 1751.3
1168700 1751.3
1168710 1754.5
1168720 1758.9
1168730 1763.9
1168740 1763.9
1168750 1769.9
1168760 1776.2
1168770 1776.2
1168780 1781.7
1168790 1786.9
1168800 1786.9
1168810 1791.4
1168820 1797.0
1168830 1797.0
1168840 1803.0
1168850 1808.9
1168860 1808.9
1168870 1813.6
1168880 1818.0
1168890 1818.0
1168900 1822.0
1168910 1824.8
1168920 1824.8
1168930 1826.9
1168940 1829.2
1168950 1829.2
1168960 1831.6
1168970 1830.6
1168980 1831.6
1168990 1831.6
1169000 1834.5
1169010 1838.9
1169020 1838.9
1169030 1843.0
1169040 1845.7
1169050 1845.7
1169060 1847.0
1169070 1840.0
1169080 1840.0
1169090 1840.9
1169100 1845.6
1169110 1845.6
1169120 1851.6
1169130 1859.3
1169140 1859.3
1169150 1864.9
1169160 1869.0
1169170 1869.0
1169180 1872.4
1169190 1875.1
1169200 1875.1
1169210 1877.6
1169220 1878.0
1169230 1879.1
1169240 1879.1
1169250 1882.0
1169260 1884.0
1169270 1884.0
1169280 1887.9
1169290 1893.8
1169300 1893.8
1169310 1898.1
1169320 1902.0
1169330 1902.0
1169340 1903.9
1169350 1905.4
1169360 1905.4
1169370 1908.1
1169380 1909.1
1169390 1909.1
1169400 1907.6
1169410 1907.1
1169420 1907.1
1169430 1908.4
1169440 1909.1
1169450 1909.1
1169460 1911.5
1169470 1908.0
1169480 1909.9
1169490 1909.9
1169500 1912.2
1169510 1909.6
1169520 1909.6
1169530 1910.6
1169540 1909.7
1169550 1909.7
1169560 1907.4
1169570 1906.2
1169580 1906.2
1169590 1905.2
1169600 1904.2
1169610 1904.2
1169620 1904.7
1169630 1911.0
1169640 1911.0
1169650 1930.5
1169660 1950.1
1169670 1950.1
1169680 1956.9
1169690 1963.7
1169700 1963.7
1169710 1967.4
1169720 1971.3
1169730 1971.3
1169740 1975.0
1169750 1978.9
1169760 1983.6
1169770 1983.6
1169780 1988.4
1169790 1992.5
1169800 1992.5
1169810 1996.1
1169820 2000.7
1169830 2000.7
1169840 2004.6
1169850 2008.5
1169860 2008.5
1169870 2013.2
1169880 2020.4
1169890 2020.4
1169900 2026.9
1169910 2032.1
1169920 2032.1
1169930 2035.8
1169940 2040.2
1169950 2040.2
1169960 2045.6
1169970 2049.8
1169980 2049.8
1169990 2052.6
1170000 2054.3
1170010 2056.2
1170020 2056.2
1170030 2059.1
1170040 2061.9
1170050 2061.9
1170060 2064.7
1170070 2067.9
1170080 2067.9
1170090 2070.6
1170100 2073.7
1170110 2073.7
1170120 2077.8
1170130 2080.9
1170140 2080.9
1170150 2083.3
1170160 2086.5
1170170 2086.5
1170180 2089.6
1170190 2093.0
1170200 2093.0
1170210 2096.4
1170220 2100.5
1170230 2100.5
1170240 2105.6
1170250 2111.3
1170260 2117.3
1170270 2117.3
1170280 2123.1
1170290 2127.7
1170300 2127.7
1170310 2132.7
1170320 2137.0
1170330 2137.0
1170340 2140.4
1170350 2144.0
1170360 2144.0
1170370 2147.1
1170380 2150.9
1170390 2150.9
1170400 2155.5
1170410 2160.9
1170420 2160.9
1170430 2165.8
1170440 2170.9
1170450 2170.9
1170460 2176.5
1170470 2182.0
1170480 2182.0
1170490 2187.5
1170500 2194.9
1170510 2211.5
1170520 2211.5
1170530 2229.0
1170540 2238.6
1170550 2238.6
1170560 2245.7
1170570 2251.9
1170580 2251.9
1170590 2258.1
1170600 2264.2
1170610 2264.2
1170620 2269.9
1170630 2275.1
1170640 2275.1
1170650 2280.4
1170660 2286.1
1170670 2286.1
1170680 2291.5
1170690 2297.5
1170700 2297.5
1170710 2303.1
1170720 2308.4
1170730 2308.4
1170740 2311.6
1170750 2313.4
1170760 2315.6
1170770 2315.6
1170780 2318.9
1170790 2324.4
1170800 2324.4
1170810 2329.5
1170820 2333.4
1170830 2333.4
1170840 2337.4
1170850 2341.9
1170860 2341.9
1170870 2345.7
1170880 2349.0
1170890 2349.0
1170900 2352.4
1170910 2356.1
1170920 2356.1
1170930 2360.3
1170940 2364.6
1170950 2364.6
1170960 2369.0
1170970 2373.2
1170980 2373.2
1170990 2377.6
1171000 2382.3
1171010 2387.2
1171020 2387.2
1171030 2393.8
1171040 2401.6
1171050 2401.6
1171060 2410.8
1171070 2423.7
1171080 2423.7
1171090 2431.1
1171100 2442.8
1171110 2442.8
1171120 2455.5
1171130 2463.6
1171140 2463.6
1171150 2472.0
1171160 2485.7
1171170 2485.7
1171180 2496.5
1171190 2507.4
1171200 2507.4
1171210 2517.5
1171220 2528.2
1171230 2528.2
1171240 2540.0
1171250 2554.2
1171260 2554.2
1171270 2572.5
1171280 2580.9
1171290 2592.8
1171300 2592.8
1171310 2608.0
1171320 2623.1
1171330 2623.1
1171340 2640.1
1171350 2650.3
1171360 2650.3
1171370 2662.5
1171380 2665.4
1171390 2665.4
1171400 2665.4
1171410 2674.8
1171420 2674.8
1171430 2680.4
1171440 2674.7
1171450 2674.7
1171460 2658.9
1171470 2649.2
1171480 2649.2
1171490 2633.4
1171500 2621.8
1171510 2621.8
1171520 2618.4
1171530 2615.1
1171540 2612.4
1171550 2612.4
1171560 2610.1
1171570 2608.2
1171580 2608.2
1171590 2606.7
1171600 2605.6
1171610 2605.6
1171620 2604.5
1171630 2603.2
1171640 2603.2
1171650 2602.0
1171660 2602.5
1171670 2602.5
1171680 2605.4
1171690 2609.5
1171700 2609.5
1171710 2618.4
1171720 2629.5
1171730 2629.5
1171740 2638.5
1171750 2643.2
1171760 2643.2
1171770 2646.1
1171780 2643.7
1171790 2648.1
1171800 2648.1
1171810 2661.2
1171820 2673.6
1171830 2673.6
1171840 2684.7
1171850 2686.5
1171860 2686.5
1171870 2676.5
1171880 2662.8
1171890 2662.8
1171900 2653.0
1171910 2649.1
1171920 2649.1
1171930 2635.3
1171940 2621.0
1171950 2621.0
1171960 2603.4
1171970 2585.9
1171980 2585.9
1171990 2582.5
1172000 2587.5
1172010 2587.5
1172020 2588.3
1172030 2576.8
1172040 2562.6
1172050 2562.6
1172060 2554.1
1172070 2553.8
1172080 2553.8
1172090 2553.1
1172100 2552.9
1172110 2552.9
1172120 2557.6
1172130 2559.4
1172140 2559.4
1172150 2552.9
1172160 2559.8
1172170 2559.8
1172180 2566.7
1172190 2557.2
1172200 2557.2
1172210 2548.3
1172220 2554.8
1172230 2554.8
1172240 2555.6
1172250 2554.6
1172260 2554.6
1172270 2557.9
1172280 2556.7
1172290 2554.6
1172300 2554.6
1172310 2568.1
1172320 2582.2
1172330 2582.2
1172340 2588.2
1172350 2589.6
1172360 2589.6
1172370 2587.5
1172380 2586.7
1172390 2586.7
1172400 2589.4
1172410 2593.4
1172420 2593.4
1172430 2592.8
1172440 2592.6
1172450 2592.6
1172460 2590.8
1172470 2587.1
1172480 2587.1
1172490 2583.8
1172500 2580.6
1172510 2580.6
1172520 2581.2
1172530 2580.7
1172540 2577.8
1172550 2577.8
1172560 2571.0
1172570 2559.0
1172580 2559.0
1172590 2547.4
1172600 2535.4
1172610 2535.4
1172620 2526.5
1172630 2523.4
1172640 2523.4
1172650 2519.2
1172660 2514.0
1172670 2514.0
1172680 2508.3
1172690 2503.3
1172700 2503.3
1172710 2488.5
1172720 2498.6
1172730 2498.6
1172740 2495.3
1172750 2487.7
1172760 2487.7
1172770 2482.5
1172780 2478.6
1172790 2478.6
1172800 2478.6
1172810 2477.5
1172820 2476.0
1172830 2476.0
1172840 2475.4
1172850 2473.8
1172860 2473.8
1172870 2471.6
1172880 2470.7
1172890 2470.7
1172900 2471.8
1172910 2473.0
1172920 2473.0
1172930 2473.6
1172940 2475.1
1172950 2475.1
1172960 2477.7
1172970 2478.6
1172980 2478.6
1172990 2478.2
1173000 2478.0
1173010 2478.0
1173020 2477.4
1173030 2476.1
1173040 2476.1
1173050 2476.1
1173060 2476.6
1173070 2477.7
1173080 2477.7
1173090 2479.3
1173100 2481.4
1173110 2481.4
1173120 2481.2
1173130 2487.8
1173140 2487.8
1173150 2488.7
1173160 2492.2
1173170 2492.2
1173180 2491.7
1173190 2487.1
1173200 2487.1
1173210 2486.6
1173220 2494.2
1173230 2494.2
1173240 2503.0
1173250 2511.0
1173260 2511.0
1173270 2517.0
1173280 2518.3
1173290 2518.3
1173300 2517.5
1173310 2512.6
1173320 2510.8
1173330 2510.8
1173340 2513.8
1173350 2518.6
1173360 2518.6
1173370 2524.3
1173380 2521.8
1173390 2521.8
1173400 2514.8
1173410 2509.1
1173420 2509.1
1173430 2511.2
1173440 2509.9
1173450 2509.9
1173460 2509.7
1173470 2510.3
1173480 2510.3
1173490 2505.6
1173500 2505.5
1173510 2505.5
1173520 2505.4
1173530 2507.7
1173540 2519.2
1173550 2513.1
1173560 2502.1
1173570 2490.8
1173580 2490.8
1173590 2488.2
1173600 2483.4
1173610 2483.4
1173620 2483.2
1173630 2484.9
1173640 2484.9
1173650 2485.5
1173660 2484.7
1173670 2484.7
1173680 2483.0
1173690 2480.7
1173700 2480.7
1173710 2478.3
1173720 2477.0
1173730 2477.0
1173740 2476.0
1173750 2474.9
1173760 2474.9
1173770 2473.7
1173780 2472.5
1173790 2472.5
1173800 2471.5
1173810 2470.6
1173820 2470.5
1173830 2470.5
1173840 2472.0
1173850 2474.1
1173860 2474.1
1173870 2476.5
1173880 2480.0
1173890 2480.0
1173900 2484.8
1173910 2489.8
1173920 2489.8
1173930 2494.6
1173940 2500.3
1173950 2503.2
1173960 2509.3
1173970 2515.9
1173980 2515.9
1173990 2523.5
1174000 2531.3
1174010 2531.3
1174020 2539.2
1174030 2547.3
1174040 2547.3
1174050 2553.4
1174060 2561.3
1174070 2575.7
1174080 2575.7
1174090 2588.3
1174100 2595.2
1174110 2595.2
1174120 2605.9
1174130 2619.6
1174140 2619.6
1174150 2621.8
1174160 2614.8
1174170 2614.8
1174180 2605.3
1174190 2596.7
1174200 2596.7
1174210 2589.3
1174220 2583.1
1174230 2583.1
1174240 2577.5
1174250 2572.0
1174260 2572.0
1174270 2567.0
1174280 2562.6
1174290 2562.6
1174300 2559.6
1174310 2558.7
1174320 2558.7
1174330 2558.0
1174340 2553.6
1174350 2547.3
1174360 2551.4
1174370 2545.6
1174380 2539.6
1174390 2539.6
1174400 2536.7
1174410 2534.7
1174420 2534.7
1174430 2531.9
1174440 2531.3
1174450 2531.3
1174460 2532.5
1174470 2533.6
1174480 2533.6
1174490 2535.6
1174500 2538.7
1174510 2538.7
1174520 2541.8
1174530 2545.4
1174540 2545.4
1174550 2549.9
1174560 2554.4
1174570 2554.4
1174580 2559.1
1174590 2563.9
1174600 2569.9
1174610 2569.9
1174620 2571.8
1174630 2574.7
1174640 2574.7
1174650 2578.2
1174660 2571.8
1174670 2571.8
1174680 2562.2
1174690 2547.4
1174700 2547.4
1174710 2532.9
1174720 2526.2
1174730 2526.2
1174740 2520.5
1174750 2513.2
1174760 2513.2
1174770 2503.7
1174780 2503.2
1174790 2503.2
1174800 2498.5
1174810 2493.4
1174820 2493.4
1174830 2489.7
1174840 2488.6
1174850 2486.9
1174860 2486.9
1174870 2481.0
1174880 2472.0
1174890 2472.0
1174900 2457.1
1174910 2437.4
1174920 2437.4
1174930 2424.7
1174940 2397.5
1174950 2397.5
1174960 2385.1
1174970 2380.7
1174980 2380.7
1174990 2376.4
1175000 2372.0
1175010 2372.0
1175020 2367.5
1175030 2362.7
1175040 2362.7
1175050 2358.0
1175060 2352.8
1175070 2352.8
1175080 2348.3
1175090 2344.3
1175100 2340.8
1175110 2340.8
1175120 2339.3
1175130 2337.7
1175140 2337.7
1175150 2333.8
1175160 2327.5
1175170 2327.5
1175180 2322.9
1175190 2318.1
1175200 2318.1
1175210 2316.0
1175220 2312.7
1175230 2312.7
1175240 2308.3
1175250 2301.9
1175260 2301.9
1175270 2296.9
1175280 2293.7
1175290 2293.7
1175300 2289.5
1175310 2284.1
1175320 2284.1
1175330 2278.8
1175340 2273.4
1175350 2266.5
1175360 2266.5
1175370 2257.6
1175380 2249.1
1175390 2249.1
1175400 2243.2
1175410 2235.7
1175420 2235.7
1175430 2230.1
1175440 2225.6
1175450 2225.6
1175460 2219.7
1175470 2213.3
1175480 2213.3
1175490 2207.0
1175500 2202.2
1175510 2202.2
1175520 2198.6
1175530 2195.4
1175540 2195.4
1175550 2191.3
1175560 2186.4
1175570 2186.4
1175580 2181.6
1175590 2176.2
1175600 2170.9
1175610 2170.9
1175620 2165.9
1175630 2163.7
1175640 2163.7
1175650 2162.6
1175660 2162.9
1175670 2162.9
1175680 2164.0
1175690 2164.7
1175700 2164.7
1175710 2165.4
1175720 2165.9
1175730 2165.9
1175740 2165.9
1175750 2165.4
1175760 2165.4
1175770 2164.6
1175780 2163.8
1175790 2163.8
1175800 2162.8
1175810 2161.0
1175820 2161.0
1175830 2157.7
1175840 2155.5
1175850 2155.5
1175860 2152.9
1175870 2151.6
1175880 2148.7
1175890 2148.7
1175900 2144.8
1175910 2144.8
1175920 2144.8
1175930 2146.0
1175940 2143.5
1175950 2143.5
1175960 2143.0
1175970 2146.8
1175980 2146.8
1175990 2148.7
1176000 2142.5
1176010 2142.5
1176020 2142.6
1176030 2141.3
1176040 2141.3
1176050 2139.4
1176060 2138.5
1176070 2138.5
1176080 2133.3
1176090 2128.6
1176100 2128.6
1176110 2132.3
1176120 2137.6
1176130 2135.9
1176140 2135.9
1176150 2132.4
1176160 2133.8
1176170 2133.8
1176180 2130.0
1176190 2124.8
1176200 2124.8
1176210 2128.6
1176220 2134.9
1176230 2134.9
1176240 2136.5
1176250 2137.8
1176260 2137.8
1176270 2140.0
1176280 2145.1
1176290 2145.1
1176300 2147.6
1176310 2146.3
1176320 2146.3
1176330 2141.0
1176340 2137.9
1176350 2137.9
1176360 2126.2
1176370 2110.1
1176380 2093.8
1176390 2093.8
1176400 2078.0
1176410 2063.1
1176420 2063.1
1176430 2062.4
1176440 2067.8
1176450 2067.8
1176460 2071.0
1176470 2066.3
1176480 2066.3
1176490 2059.5
1176500 2051.6
1176510 2051.6
1176520 2040.5
1176530 2027.5
1176540 2027.5
1176550 2018.2
1176560 2010.7
1176570 2010.7
1176580 2004.3
1176590 1997.2
1176600 1997.2
1176610 1990.0
1176620 1984.4
1176630 1979.9
1176640 1979.9
1176650 1975.6
1176660 1971.2
1176670 1971.2
1176680 1968.4
1176690 1969.5
1176700 1969.5
1176710 1972.8
1176720 1965.6
1176730 1965.6
1176740 1950.1
1176750 1940.4
1176760 1940.4
1176770 1936.1
1176780 1930.7
1176790 1930.7
1176800 1928.3
1176810 1929.9
1176820 1929.9
1176830 1921.1
1176840 1923.3
1176850 1923.3
1176860 1925.8
1176870 1921.7
1176880 1917.3
1176890 1917.3
1176900 1912.5
1176910 1906.6
1176920 1906.6
1176930 1887.5
1176940 1877.3
1176950 1877.3
1176960 1875.4
1176970 1874.7
1176980 1874.7
1176990 1873.9
1177000 1870.3
1177010 1870.3
1177020 1860.3
1177030 1851.7
1177040 1851.7
1177050 1849.2
1177060 1840.4
1177070 1840.4
1177080 1836.9
1177090 1824.3
1177100 1824.3
1177110 1811.6
1177120 1800.2
1177130 1803.9
1177140 1803.9
1177150 1808.8
1177160 1816.8
1177170 1816.8
1177180 1814.3
1177190 1805.8
1177200 1805.8
1177210 1796.8
1177220 1789.9
1177230 1789.9
1177240 1776.7
1177250 1772.3
1177260 1772.3
1177270 1768.7
1177280 1764.3
1177290 1764.3
1177300 1762.3
1177310 1760.9
1177320 1760.9
1177330 1759.1
1177340 1760.3
1177350 1760.3
1177360 1761.0
1177370 1760.7
1177380 1759.4
1177390 1759.4
1177400 1757.8
1177410 1756.3
1177420 1756.3
1177430 1753.2
1177440 1750.1
1177450 1750.1
1177460 1747.6
1177470 1744.4
1177480 1744.4
1177490 1742.4
1177500 1741.2
1177510 1741.2
1177520 1739.1
1177530 1737.2
1177540 1737.2
1177550 1735.3
1177560 1732.6
1177570 1732.6
1177580 1730.2
1177590 1727.2
1177600 1727.2
1177610 1723.7
1177620 1720.6
1177630 1720.6
1177640 1717.3
1177650 1709.5
1177660 1705.9
1177670 1705.9
1177680 1702.8
1177690 1699.5
1177700 1699.5
1177710 1696.6
1177720 1693.5
1177730 1693.5
1177740 1690.0
1177750 1684.9
1177760 1684.9
1177770 1681.0
1177780 1682.4
1177790 1682.4
1177800 1683.3
1177810 1684.5
1177820 1684.5
1177830 1685.3
1177840 1686.3
1177850 1686.3
1177860 1685.4
1177870 1684.6
1177880 1684.6
1177890 1685.2
1177900 1687.0
1177910 1692.4
1177920 1692.4
1177930 1699.0
1177940 1705.9
1177950 1705.9
1177960 1712.9
1177970 1720.4
1177980 1720.4
1177990 1727.7
1178000 1736.4
1178010 1736.4
1178020 1744.7
1178030 1754.5
1178040 1754.5
1178050 1766.5
1178060 1778.5
1178070 1775.9
1178080 1788.1
1178090 1800.2
1178100 1800.2
1178110 1812.2
1178120 1824.1
1178130 1824.1
1178140 1834.1
1178150 1841.8
1178160 1851.0
1178170 1851.0
1178180 1863.8
1178190 1871.9
1178200 1871.9
1178210 1878.5
1178220 1888.1
1178230 1888.1
1178240 1898.4
1178250 1909.3
1178260 1909.3
1178270 1920.3
1178280 1928.0
1178290 1928.0
1178300 1933.9
1178310 1942.0
1178320 1942.0
1178330 1948.8
1178340 1955.0
1178350 1955.0
1178360 1964.2
1178370 1969.5
1178380 1969.5
1178390 1973.2
1178400 1976.9
1178410 1983.9
1178420 1983.9
1178430 1996.5
1178440 2028.7
1178450 2028.7
1178460 2055.4
1178470 2066.8
1178480 2059.6
1178490 2068.7
1178500 2076.6
1178510 2076.6
1178520 2077.7
1178530 2085.1
1178540 2085.1
1178550 2099.1
1178560 2109.3
1178570 2109.3
1178580 2122.1
1178590 2134.6
1178600 2134.6
1178610 2142.2
1178620 2148.9
1178630 2148.9
1178640 2153.7
1178650 2159.3
1178660 2160.3
1178670 2160.3
1178680 2154.6
1178690 2148.7
1178700 2148.7
1178710 2155.2
1178720 2164.9
1178730 2164.9
1178740 2176.5
1178750 2190.6
1178760 2190.6
1178770 2202.4
1178780 2211.2
1178790 2211.2
1178800 2220.0
1178810 2232.3
1178820 2232.3
1178830 2244.8
1178840 2253.6
1178850 2253.6
1178860 2261.5
1178870 2272.5
1178880 2272.5
1178890 2284.6
1178900 2292.1
1178910 2294.4
1178920 2294.4
1178930 2287.4
1178940 2286.3
1178950 2286.3
1178960 2285.3
1178970 2287.7
1178980 2287.7
1178990 2296.2
1179000 2306.4
1179010 2306.4
1179020 2316.0
1179030 2325.6
1179040 2325.6
1179050 2328.5
1179060 2326.1
1179070 2326.1
1179080 2324.5
1179090 2323.5
1179100 2323.5
1179110 2323.1
1179120 2321.8
1179130 2321.8
1179140 2321.0
1179150 2320.8
1179160 2320.8
1179170 2321.4
1179180 2321.5
1179190 2321.2
1179200 2321.2
1179210 2320.9
1179220 2320.4
1179230 2320.4
1179240 2320.2
1179250 2319.9
1179260 2319.9
1179270 2319.3
1179280 2318.1
1179290 2318.1
1179300 2317.1
1179310 2317.7
1179320 2310.1
1179330 2309.7
1179340 2309.7
1179350 2309.7
1179360 2312.0
1179370 2313.9
1179380 2313.9
1179390 2316.1
1179400 2317.5
1179410 2317.5
1179420 2318.5
1179430 2318.5
1179440 2319.1
1179450 2319.1
1179460 2320.0
1179470 2318.5
1179480 2318.5
1179490 2313.7
1179500 2308.1
1179510 2308.1
1179520 2301.6
1179530 2295.4
1179540 2295.4
1179550 2290.8
1179560 2287.0
1179570 2287.0
1179580 2281.5
1179590 2275.1
1179600 2275.1
1179610 2268.9
1179620 2263.6
1179630 2263.6
1179640 2257.9
1179650 2250.4
1179660 2250.4
1179670 2242.9
1179680 2236.3
1179690 2229.4
1179700 2229.4
1179710 2223.4
1179720 2216.9
1179730 2212.8
1179740 2205.9
1179750 2199.2
1179760 2199.2
1179770 2193.1
1179780 2186.9
1179790 2186.9
1179800 2179.6
1179810 2173.7
1179820 2173.7
1179830 2167.2
1179840 2161.7
1179850 2161.7
1179860 2154.7
1179870 2144.0
1179880 2144.0
1179890 2137.8
1179900 2133.3
1179910 2133.3
1179920 2128.3
1179930 2123.1
1179940 2115.3
1179950 2115.3
1179960 2108.2
1179970 2102.7
1179980 2102.7
1179990 2096.9
