1160000 1594.9
1160010 1587.8
1160020 1581.4
1160030 1581.4
1160040 1575.1
1160050 1568.8
1160060 1568.8
1160070 1562.6
1160080 1556.4
1160090 1556.4
1160100 1550.4
1160110 1544.6
1160120 1544.6
1160130 1539.1
1160140 1534.1
1160150 1534.1
1160160 1529.6
1160170 1525.1
1160180 1525.1
1160190 1521.0
1160200 1516.7
1160210 1512.6
1160220 1512.6
1160230 1507.7
1160240 1501.5
1160250 1501.5
1160260 1494.3
1160270 1487.1
1160280 1487.1
1160290 1479.0
1160300 1474.0
1160310 1474.0
1160320 1470.8
1160330 1469.0
1160340 1469.0
1160350 1466.2
1160360 1463.0
1160370 1463.0
1160380 1458.9
1160390 1455.1
1160400 1455.1
1160410 1451.4
1160420 1447.4
1160430 1447.4
1160440 1443.0
1160450 1438.5
1160460 1435.9
1160470 1435.9
1160480 1432.9
1160490 1430.4
1160500 1430.4
1160510 1430.0
1160520 1429.9
1160530 1429.9
1160540 1429.8
1160550 1429.7
1160560 1429.7
1160570 1429.6
1160580 1429.4
1160590 1429.4
1160600 1429.2
1160610 1429.6
1160620 1429.6
1160630 1430.9
1160640 1433.5
1160650 1433.5
1160660 1434.7
1160670 1437.2
1160680 1437.2
1160690 1444.3
1160700 1449.4
1160710 1452.9
1160720 1452.9
1160730 1456.4
1160740 1460.1
1160750 1460.1
1160760 1464.4
1160770 1468.3
1160780 1468.3
1160790 1471.3
1160800 1474.9
1160810 1474.9
1160820 1478.2
1160830 1481.2
1160840 1481.2
1160850 1484.8
1160860 1489.1
1160870 1489.1
1160880 1494.1
1160890 1499.1
1160900 1499.1
1160910 1504.6
1160920 1509.6
1160930 1509.6
1160940 1514.4
1160950 1518.9
1160960 1523.6
1160970 1523.6
1160980 1527.9
1160990 1532.0
1161000 1532.0
1161010 1535.9
1161020 1540.1
1161030 1540.1
1161040 1544.8
1161050 1549.1
1161060 1549.1
1161070 1553.6
1161080 1563.3
1161090 1563.3
1161100 1567.6
1161110 1571.2
1161120 1571.2
1161130 1575.0
1161140 1578.7
1161150 1578.7
1161160 1582.7
1161170 1586.7
1161180 1586.7
1161190 1591.0
1161200 1596.2
1161210 1596.2
1161220 1600.5
1161230 1602.8
1161240 1606.0
1161250 1606.0
1161260 1610.5
1161270 1615.7
1161280 1615.7
1161290 1621.3
1161300 1626.8
1161310 1626.8
1161320 1632.6
1161330 1637.9
1161340 1637.9
1161350 1644.5
1161360 1652.3
1161370 1652.3
1161380 1655.5
1161390 1656.9
1161400 1656.9
1161410 1659.0
1161420 1663.5
1161430 1663.5
1161440 1667.9
1161450 1674.8
1161460 1674.8
1161470 1690.2
1161480 1696.6
1161490 1702.0
1161500 1702.0
1161510 1706.1
1161520 1710.2
1161530 1710.2
1161540 1714.1
1161550 1715.1
1161560 1715.1
1161570 1705.9
1161580 1693.4
1161590 1693.4
1161600 1684.1
1161610 1676.2
1161620 1676.2
1161630 1668.2
1161640 1660.4
1161650 1660.4
1161660 1652.7
1161670 1644.8
1161680 1644.8
1161690 1636.4
1161700 1628.0
1161710 1628.0
1161720 1618.5
1161730 1607.3
1161740 1601.8
1161750 1601.8
1161760 1606.6
1161770 1611.0
1161780 1611.0
1161790 1615.4
1161800 1620.6
1161810 1620.6
1161820 1625.8
1161830 1631.9
1161840 1631.9
1161850 1636.0
1161860 1641.3
1161870 1648.2
1161880 1655.2
1161890 1660.7
1161900 1660.7
1161910 1661.5
1161920 1663.9
1161930 1663.9
1161940 1671.2
1161950 1680.4
1161960 1680.4
1161970 1687.8
1161980 1700.6
1161990 1709.4
1162000 1709.4
1162010 1717.7
1162020 1726.4
1162030 1726.4
1162040 1736.1
1162050 1745.3
1162060 1745.3
1162070 1754.0
1162080 1763.1
1162090 1763.1
1162100 1772.2
1162110 1781.5
1162120 1781.5
1162130 1791.8
1162140 1801.3
1162150 1801.3
1162160 1809.3
1162170 1816.5
1162180 1816.5
1162190 1821.4
1162200 1829.5
1162210 1829.5
1162220 1838.9
1162230 1848.9
1162240 1855.4
1162250 1855.4
1162260 1865.0
1162270 1867.2
1162280 1867.2
1162290 1870.6
1162300 1874.3
1162310 1874.3
1162320 1876.5
1162330 1873.6
1162340 1873.6
1162350 1869.6
1162360 1867.5
1162370 1867.5
1162380 1866.7
1162390 1865.1
1162400 1865.1
1162410 1862.7
1162420 1863.1
1162430 1863.1
1162440 1865.4
1162450 1867.6
1162460 1867.6
1162470 1873.3
1162480 1874.9
1162490 1874.9
1162500 1875.5
1162510 1875.8
1162520 1874.8
1162530 1874.8
1162540 1874.3
1162550 1874.3
1162560 1874.3
1162570 1874.2
1162580 1873.9
1162590 1873.9
1162600 1873.1
1162610 1871.7
1162620 1871.7
1162630 1871.3
1162640 1870.8
1162650 1870.8
1162660 1876.0
1162670 1874.5
1162680 1874.5
1162690 1872.3
1162700 1870.1
1162710 1870.1
1162720 1868.0
1162730 1866.8
1162740 1866.8
1162750 1866.1
1162760 1865.9
1162770 1866.3
1162780 1866.3
1162790 1867.4
1162800 1868.4
1162810 1868.4
1162820 1868.7
1162830 1868.6
1162840 1868.6
1162850 1868.5
1162860 1868.6
1162870 1868.6
1162880 1868.0
1162890 1867.4
1162900 1867.4
1162910 1866.5
1162920 1864.7
1162930 1864.7
1162940 1863.8
1162950 1863.3
1162960 1863.3
1162970 1862.6
1162980 1861.8
1162990 1861.8
1163000 1861.8
1163010 1862.4
1163020 1862.6
1163030 1862.6
1163040 1860.4
1163050 1864.0
1163060 1864.0
1163070 1857.2
1163080 1851.3
1163090 1851.3
1163100 1847.7
1163110 1844.5
1163120 1844.5
1163130 1841.1
1163140 1837.5
1163150 1837.5
1163160 1834.8
1163170 1831.1
1163180 1831.1
1163190 1824.9
1163200 1821.0
1163210 1821.0
1163220 1816.9
1163230 1815.9
1163240 1815.9
1163250 1812.5
1163260 1807.7
1163270 1799.8
1163280 1799.8
1163290 1784.7
1163300 1777.4
1163310 1777.4
1163320 1775.0
1163330 1773.5
1163340 1773.5
1163350 1770.5
1163360 1765.2
1163370 1765.2
1163380 1757.9
1163390 1750.9
1163400 1750.9
1163410 1743.9
1163420 1736.6
1163430 1736.6
1163440 1729.1
1163450 1727.0
1163460 1727.0
1163470 1697.2
1163480 1649.3
1163490 1649.3
1163500 1634.2
1163510 1628.3
1163520 1628.3
1163530 1625.8
1163540 1618.3
1163550 1615.1
1163560 1615.1
1163570 1611.8
1163580 1602.4
1163590 1602.4
1163600 1593.5
1163610 1584.8
1163620 1584.8
1163630 1576.1
1163640 1567.8
1163650 1567.8
1163660 1560.4
1163670 1553.4
1163680 1553.4
1163690 1548.2
1163700 1545.6
1163710 1545.6
1163720 1542.5
1163730 1537.5
1163740 1537.5
1163750 1531.1
1163760 1525.6
1163770 1525.6
1163780 1520.8
1163790 1516.1
1163800 1512.3
1163810 1512.3
1163820 1509.1
1163830 1502.9
1163840 1507.5
1163850 1505.2
1163860 1504.7
1163870 1504.7
1163880 1501.0
1163890 1496.5
1163900 1496.5
1163910 1493.4
1163920 1489.6
1163930 1489.6
1163940 1484.9
1163950 1479.4
1163960 1479.4
1163970 1472.6
1163980 1466.0
1163990 1466.0
1164000 1459.7
1164010 1453.1
1164020 1453.1
1164030 1446.7
1164040 1439.9
1164050 1433.3
1164060 1433.3
1164070 1427.4
1164080 1421.4
1164090 1421.4
1164100 1415.8
1164110 1410.8
1164120 1410.8
1164130 1405.6
1164140 1400.2
1164150 1400.2
1164160 1394.8
1164170 1389.8
1164180 1389.8
1164190 1384.6
1164200 1380.2
1164210 1380.2
1164220 1375.8
1164230 1370.6
1164240 1372.5
1164250 1365.9
1164260 1360.6
1164270 1360.6
1164280 1356.3
1164290 1352.9
1164300 1349.8
1164310 1349.8
1164320 1347.9
1164330 1346.8
1164340 1346.8
1164350 1345.7
1164360 1344.0
1164370 1344.0
1164380 1342.2
1164390 1339.6
1164400 1339.6
1164410 1336.6
1164420 1338.8
1164430 1338.8
1164440 1339.1
1164450 1336.8
1164460 1336.8
1164470 1337.4
1164480 1338.3
1164490 1338.3
1164500 1336.0
1164510 1331.2
1164520 1331.2
1164530 1328.5
1164540 1329.7
1164550 1330.6
1164560 1330.6
1164570 1336.5
1164580 1345.7
1164590 1345.7
1164600 1353.7
1164610 1359.8
1164620 1359.8
1164630 1365.7
1164640 1371.0
1164650 1371.0
1164660 1376.7
1164670 1382.4
1164680 1382.4
1164690 1388.2
1164700 1394.1
1164710 1394.1
1164720 1400.4
1164730 1406.8
1164740 1406.8
1164750 1413.3
1164760 1420.0
1164770 1420.0
1164780 1427.0
1164790 1434.2
1164800 1434.2
1164810 1441.4
1164820 1448.7
1164830 1456.2
1164840 1456.2
1164850 1463.5
1164860 1471.2
1164870 1471.2
1164880 1479.0
1164890 1486.6
1164900 1486.6
1164910 1494.3
1164920 1502.3
1164930 1502.3
1164940 1510.8
1164950 1520.9
1164960 1520.9
1164970 1531.8
1164980 1543.3
1164990 1543.3
1165000 1555.8
1165010 1574.0
1165020 1574.0
1165030 1604.4
1165040 1675.2
1165050 1675.2
1165060 1698.2
1165070 1706.4
1165080 1711.9
1165090 1711.9
1165100 1714.1
1165110 1715.8
1165120 1715.8
1165130 1719.3
1165140 1724.2
1165150 1724.2
1165160 1729.6
1165170 1736.0
1165180 1736.0
1165190 1743.2
1165200 1750.7
1165210 1750.7
1165220 1759.0
1165230 1768.8
1165240 1768.8
1165250 1778.3
1165260 1784.9
1165270 1784.9
1165280 1790.9
1165290 1797.4
1165300 1797.4
1165310 1804.0
1165320 1808.6
1165330 1810.1
1165340 1810.1
1165350 1809.9
1165360 1808.4
1165370 1808.4
1165380 1805.0
1165390 1799.8
1165400 1799.8
1165410 1793.3
1165420 1787.2
1165430 1793.0
1165440 1788.9
1165450 1786.8
1165460 1786.8
1165470 1784.1
1165480 1781.5
1165490 1781.5
1165500 1778.8
1165510 1776.2
1165520 1776.2
1165530 1774.3
1165540 1773.1
1165550 1773.1
1165560 1772.1
1165570 1771.1
1165580 1769.8
1165590 1769.8
1165600 1768.8
1165610 1768.1
1165620 1768.1
1165630 1767.0
1165640 1765.6
1165650 1765.6
1165660 1763.9
1165670 1763.0
1165680 1763.0
1165690 1761.9
1165700 1760.1
1165710 1760.1
1165720 1756.2
1165730 1750.9
1165740 1750.9
1165750 1745.6
1165760 1740.1
1165770 1740.1
1165780 1733.6
1165790 1725.9
1165800 1725.9
1165810 1717.4
1165820 1710.2
1165830 1717.6
1165840 1714.0
1165850 1707.7
1165860 1698.7
1165870 1698.7
1165880 1692.9
1165890 1694.8
1165900 1694.8
1165910 1699.0
1165920 1706.9
1165930 1706.9
1165940 1717.6
1165950 1716.1
1165960 1716.1
1165970 1710.5
1165980 1707.9
1165990 1707.9
1166000 1710.4
1166010 1713.5
1166020 1713.5
1166030 1713.7
1166040 1710.7
1166050 1710.7
1166060 1705.3
1166070 1703.1
1166080 1703.1
1166090 1698.4
1166100 1692.6
1166110 1687.3
1166120 1687.3
1166130 1678.3
1166140 1669.6
1166150 1669.6
1166160 1664.9
1166170 1657.3
1166180 1657.3
1166190 1647.4
1166200 1644.2
1166210 1644.2
1166220 1641.1
1166230 1645.4
1166240 1645.4
1166250 1632.1
1166260 1623.7
1166270 1623.7
1166280 1614.3
1166290 1605.2
1166300 1605.2
1166310 1598.1
1166320 1589.4
1166330 1589.4
1166340 1585.9
1166350 1583.4
1166360 1578.4
1166370 1578.4
1166380 1580.8
1166390 1579.9
1166400 1579.9
1166410 1577.1
1166420 1574.2
1166430 1574.2
1166440 1572.3
1166450 1569.9
1166460 1569.9
1166470 1563.8
1166480 1561.2
1166490 1561.2
1166500 1563.4
1166510 1561.2
1166520 1561.2
1166530 1559.3
1166540 1556.1
1166550 1556.1
1166560 1550.2
1166570 1546.0
1166580 1546.0
1166590 1548.3
1166600 1546.9
1166610 1543.0
1166620 1543.0
1166630 1545.7
1166640 1543.6
1166650 1543.6
1166660 1541.5
1166670 1538.5
1166680 1538.5
1166690 1534.1
1166700 1530.6
1166710 1530.6
1166720 1527.7
1166730 1525.3
1166740 1525.3
1166750 1522.8
1166760 1520.0
1166770 1520.0
1166780 1516.7
1166790 1514.3
1166800 1514.3
1166810 1509.8
1166820 1504.2
1166830 1504.2
1166840 1505.0
1166850 1505.9
1166860 1504.4
1166870 1504.4
1166880 1502.8
1166890 1500.8
1166900 1500.8
1166910 1500.7
1166920 1501.6
1166930 1501.6
1166940 1503.0
1166950 1503.3
1166960 1503.3
1166970 1501.6
1166980 1501.5
1166990 1501.5
1167000 1500.8
1167010 1499.9
1167020 1499.9
1167030 1507.3
1167040 1506.1
1167050 1506.1
1167060 1503.7
1167070 1499.9
1167080 1499.9
1167090 1497.7
1167100 1496.3
1167110 1496.3
1167120 1496.3
1167130 1497.2
1167140 1498.4
1167150 1498.4
1167160 1500.2
1167170 1503.1
1167180 1503.1
1167190 1507.2
1167200 1511.3
1167210 1511.3
1167220 1514.8
1167230 1519.7
1167240 1519.7
1167250 1524.3
1167260 1527.8
1167270 1527.8
1167280 1530.3
1167290 1533.1
1167300 1533.1
1167310 1536.2
1167320 1538.4
1167330 1538.4
1167340 1539.1
1167350 1539.7
1167360 1539.7
1167370 1541.0
1167380 1542.6
1167390 1544.2
1167400 1544.2
1167410 1546.2
1167420 1548.4
1167430 1546.6
1167440 1548.7
1167450 1550.5
1167460 1550.5
1167470 1551.7
1167480 1550.2
1167490 1550.2
1167500 1550.0
1167510 1553.1
1167520 1553.1
1167530 1555.4
1167540 1556.8
1167550 1556.8
1167560 1558.7
1167570 1565.9
1167580 1565.9
1167590 1574.0
1167600 1582.1
1167610 1582.1
1167620 1587.7
1167630 1589.5
1167640 1589.6
1167650 1589.6
1167660 1590.1
1167670 1590.0
1167680 1590.0
1167690 1589.9
1167700 1588.9
1167710 1588.9
1167720 1588.0
1167730 1586.5
1167740 1586.5
1167750 1584.7
1167760 1583.5
1167770 1583.5
1167780 1585.1
1167790 1589.2
1167800 1589.2
1167810 1592.2
1167820 1597.2
1167830 1588.5
1167840 1597.1
1167850 1604.1
1167860 1604.1
1167870 1610.2
1167880 1606.6
1167890 1588.1
1167900 1588.1
1167910 1608.6
1167920 1633.1
1167930 1633.1
1167940 1644.5
1167950 1651.7
1167960 1651.7
1167970 1657.7
1167980 1662.0
1167990 1662.0
1168000 1669.2
1168010 1677.8
1168020 1677.8
1168030 1687.5
1168040 1695.4
1168050 1695.4
1168060 1701.8
1168070 1709.3
1168080 1709.3
1168090 1708.5
1168100 1711.7
1168110 1711.7
1168120 1730.7
1168130 1746.1
1168140 1757.3
1168150 1757.3
1168160 1768.4
1168170 1779.7
1168180 1779.7
1168190 1791.2
1168200 1803.9
1168210 1803.9
1168220 1815.9
1168230 1818.3
1168240 1818.3
1168250 1825.2
1168260 1835.2
1168270 1835.2
1168280 1844.8
1168290 1857.7
1168300 1857.7
1168310 1878.7
1168320 1889.6
1168330 1889.6
1168340 1896.0
1168350 1907.7
1168360 1907.7
1168370 1917.7
1168380 1925.8
1168390 1925.8
1168400 1930.3
1168410 1930.9
1168420 1942.6
1168430 1942.6
1168440 1953.2
1168450 1956.5
1168460 1956.5
1168470 1958.7
1168480 1960.1
1168490 1960.1
1168500 1959.9
1168510 1959.9
1168520 1959.9
1168530 1960.0
1168540 1964.0
1168550 1964.0
1168560 1969.9
1168570 1975.8
1168580 1975.8
1168590 1980.6
1168600 1984.6
1168610 1984.6
1168620 1987.5
1168630 1989.1
1168640 1983.3
1168650 1984.4
1168660 1985.2
1168670 1989.2
1168680 1989.2
1168690 1995.4
1168700 1999.9
1168710 1999.9
1168720 2004.1
1168730 2009.3
1168740 2009.3
1168750 2013.6
1168760 2014.3
1168770 2014.3
1168780 2013.2
1168790 2014.7
1168800 2014.7
1168810 2019.3
1168820 2026.6
1168830 2026.6
1168840 2036.1
1168850 2047.0
1168860 2047.0
1168870 2058.5
1168880 2069.6
1168890 2069.6
1168900 2078.8
1168910 2087.2
1168920 2095.1
1168930 2095.1
1168940 2106.9
1168950 2123.9
1168960 2123.9
1168970 2135.1
1168980 2143.3
1168990 2143.3
1169000 2150.5
1169010 2155.8
1169020 2155.8
1169030 2161.8
1169040 2161.8
1169050 2161.8
1169060 2166.1
1169070 2170.3
1169080 2170.3
1169090 2174.2
1169100 2178.1
1169110 2178.1
1169120 2181.8
1169130 2183.8
1169140 2183.8
1169150 2185.1
1169160 2186.6
1169170 2187.1
1169180 2187.1
1169190 2186.8
1169200 2187.0
1169210 2187.0
1169220 2187.9
1169230 2189.7
1169240 2189.7
1169250 2192.3
1169260 2194.8
1169270 2194.8
1169280 2197.0
1169290 2199.7
1169300 2199.7
1169310 2202.7
1169320 2205.0
1169330 2205.0
1169340 2207.8
1169350 2209.6
1169360 2209.6
1169370 2210.1
1169380 2210.4
1169390 2210.4
1169400 2210.5
1169410 2209.9
1169420 2209.9
1169430 2209.4
1169440 2203.5
1169450 2203.1
1169460 2203.1
1169470 2203.4
1169480 2204.9
1169490 2204.9
1169500 2207.2
1169510 2208.6
1169520 2208.6
1169530 2208.2
1169540 2209.5
1169550 2209.5
1169560 2213.2
1169570 2217.9
1169580 2217.9
1169590 2223.4
1169600 2228.9
1169610 2228.9
1169620 2235.0
1169630 2240.8
1169640 2240.8
1169650 2246.4
1169660 2251.8
1169670 2251.8
1169680 2256.9
1169690 2261.1
1169700 2263.9
1169710 2263.9
1169720 2268.3
1169730 2274.4
1169740 2274.4
1169750 2281.2
1169760 2288.0
1169770 2288.0
1169780 2295.2
1169790 2301.2
1169800 2301.2
1169810 2306.1
1169820 2308.8
1169830 2308.8
1169840 2311.3
1169850 2321.1
1169860 2321.1
1169870 2324.5
1169880 2327.2
1169890 2327.2
1169900 2328.3
1169910 2329.5
1169920 2329.5
1169930 2333.2
1169940 2336.4
1169950 2337.1
1169960 2337.1
1169970 2336.2
1169980 2337.1
1169990 2337.1
1170000 2337.9
1170010 2337.9
1170020 2337.9
1170030 2337.7
1170040 2337.7
1170050 2337.7
1170060 2337.9
1170070 2338.2
1170080 2338.2
1170090 2338.3
1170100 2338.0
1170110 2338.0
1170120 2337.8
1170130 2338.2
1170140 2338.2
1170150 2338.5
1170160 2338.9
1170170 2338.9
1170180 2338.5
1170190 2338.4
1170200 2343.1
1170210 2343.1
1170220 2347.9
1170230 2349.9
1170240 2349.9
1170250 2343.4
1170260 2344.4
1170270 2344.4
1170280 2346.8
1170290 2350.4
1170300 2350.4
1170310 2353.1
1170320 2355.5
1170330 2355.5
1170340 2360.1
1170350 2362.2
1170360 2362.2
1170370 2365.0
1170380 2369.7
1170390 2369.7
1170400 2375.4
1170410 2382.7
1170420 2382.7
1170430 2391.0
1170440 2397.8
1170450 2400.1
1170460 2400.1
1170470 2406.7
1170480 2417.4
1170490 2417.4
1170500 2423.5
1170510 2429.6
1170520 2429.6
1170530 2435.5
1170540 2437.8
1170550 2437.8
1170560 2438.4
1170570 2440.4
1170580 2440.4
1170590 2442.5
1170600 2444.9
1170610 2444.9
1170620 2448.6
1170630 2453.6
1170640 2453.6
1170650 2451.8
1170660 2457.4
1170670 2457.4
1170680 2463.8
1170690 2470.0
1170700 2470.0
1170710 2473.1
1170720 2470.9
1170730 2467.5
1170740 2467.5
1170750 2465.5
1170760 2464.4
1170770 2464.4
1170780 2463.9
1170790 2464.7
1170800 2464.7
1170810 2467.3
1170820 2469.2
1170830 2469.2
1170840 2470.8
1170850 2473.5
1170860 2473.5
1170870 2474.4
1170880 2473.2
1170890 2473.2
1170900 2471.8
1170910 2469.6
1170920 2469.6
1170930 2466.8
1170940 2463.2
1170950 2463.2
1170960 2459.5
1170970 2457.5
1170980 2456.0
1170990 2456.0
1171000 2455.1
1171010 2452.8
1171020 2452.8
1171030 2453.2
1171040 2453.9
1171050 2453.9
1171060 2459.9
1171070 2461.4
1171080 2461.4
1171090 2463.6
1171100 2464.6
1171110 2464.6
1171120 2465.7
1171130 2466.7
1171140 2466.7
1171150 2468.6
1171160 2472.6
1171170 2472.6
1171180 2478.0
1171190 2484.2
1171200 2484.2
1171210 2490.7
1171220 2497.6
1171230 2504.2
1171240 2504.2
1171250 2510.7
1171260 2516.8
1171270 2516.8
1171280 2522.1
1171290 2531.0
1171300 2531.0
1171310 2543.3
1171320 2550.9
1171330 2550.9
1171340 2557.3
1171350 2559.8
1171360 2559.8
1171370 2575.1
1171380 2626.5
1171390 2626.5
1171400 2651.3
1171410 2673.7
1171420 2673.7
1171430 2689.1
1171440 2690.3
1171450 2690.3
1171460 2678.2
1171470 2670.0
1171480 2664.5
1171490 2664.5
1171500 2653.0
1171510 2638.9
1171520 2638.9
1171530 2617.9
1171540 2597.6
1171550 2597.6
1171560 2581.8
1171570 2567.0
1171580 2567.0
1171590 2557.0
1171600 2543.1
1171610 2543.1
1171620 2526.1
1171630 2508.7
1171640 2508.7
1171650 2498.2
1171660 2492.5
1171670 2492.5
1171680 2486.6
1171690 2481.5
1171700 2481.5
1171710 2476.8
1171720 2471.7
1171730 2466.0
1171740 2466.0
1171750 2460.9
1171760 2456.2
1171770 2456.2
1171780 2452.4
1171790 2449.2
1171800 2449.2
1171810 2446.0
1171820 2444.1
1171830 2444.1
1171840 2442.5
1171850 2440.0
1171860 2440.0
1171870 2443.1
1171880 2439.5
1171890 2439.5
1171900 2437.6
1171910 2438.6
1171920 2438.6
1171930 2439.9
1171940 2445.6
1171950 2445.6
1171960 2448.2
1171970 2443.3
1171980 2443.3
1171990 2442.2
1172000 2438.8
1172010 2436.0
1172020 2436.0
1172030 2437.2
1172040 2438.6
1172050 2438.6
1172060 2439.5
1172070 2440.5
1172080 2440.5
1172090 2443.5
1172100 2460.0
1172110 2460.0
1172120 2478.8
1172130 2491.3
1172140 2491.3
1172150 2497.9
1172160 2511.7
1172170 2511.7
1172180 2515.8
1172190 2514.5
1172200 2514.5
1172210 2509.7
1172220 2502.9
1172230 2502.9
1172240 2496.7
1172250 2489.7
1172260 2488.5
1172270 2488.5
1172280 2509.3
1172290 2507.1
1172300 2507.1
1172310 2503.2
1172320 2498.7
1172330 2498.7
1172340 2492.8
1172350 2486.1
1172360 2486.1
1172370 2479.4
1172380 2473.3
1172390 2473.3
1172400 2467.9
1172410 2463.8
1172420 2463.8
1172430 2461.5
1172440 2461.5
1172450 2461.5
1172460 2461.6
1172470 2460.5
1172480 2460.5
1172490 2459.1
1172500 2457.5
1172510 2456.4
1172520 2456.4
1172530 2454.9
1172540 2454.8
1172550 2454.8
1172560 2454.5
1172570 2455.8
1172580 2455.8
1172590 2454.9
1172600 2451.6
1172610 2451.6
1172620 2447.0
1172630 2441.9
1172640 2441.9
1172650 2438.2
1172660 2435.0
1172670 2435.0
1172680 2432.6
1172690 2429.0
1172700 2429.0
1172710 2424.3
1172720 2420.9
1172730 2420.9
1172740 2419.0
1172750 2415.8
1172760 2411.5
1172770 2411.5
1172780 2407.9
1172790 2403.4
1172800 2403.4
1172810 2398.0
1172820 2394.2
1172830 2394.2
1172840 2391.2
1172850 2387.6
1172860 2387.6
1172870 2383.4
1172880 2381.0
1172890 2381.0
1172900 2380.2
1172910 2380.6
1172920 2380.6
1172930 2382.4
1172940 2381.3
1172950 2381.3
1172960 2378.0
1172970 2376.5
1172980 2376.5
1172990 2375.1
1173000 2371.8
1173010 2366.6
1173020 2366.6
1173030 2361.4
1173040 2356.9
1173050 2356.9
1173060 2353.9
1173070 2350.6
1173080 2350.6
1173090 2341.9
1173100 2337.7
1173110 2337.7
1173120 2336.1
1173130 2335.1
1173140 2335.1
1173150 2330.6
1173160 2325.8
1173170 2325.8
1173180 2324.0
1173190 2322.4
1173200 2322.4
1173210 2319.4
1173220 2315.3
1173230 2315.3
1173240 2313.0
1173250 2309.9
1173260 2309.9
1173270 2305.5
1173280 2300.9
1173290 2297.7
1173300 2297.7
1173310 2294.8
1173320 2287.8
1173330 2287.8
1173340 2281.4
1173350 2276.5
1173360 2276.5
1173370 2271.1
1173380 2265.7
1173390 2265.7
1173400 2259.2
1173410 2253.8
1173420 2253.8
1173430 2246.3
1173440 2238.9
1173450 2238.9
1173460 2232.9
1173470 2229.4
1173480 2229.4
1173490 2228.5
1173500 2228.5
1173510 2228.5
1173520 2228.5
1173530 2228.5
1173540 2228.5
1173550 2228.5
1173560 2228.5
1173570 2228.5
1173580 2228.5
1173590 2228.5
1173600 2228.5
1173610 2228.5
1173620 2228.5
1173630 2228.5
1173640 2228.5
1173650 2228.5
1173660 2228.5
1173670 2228.5
1173680 2229.0
1173690 2230.6
1173700 2230.6
1173710 2231.3
1173720 2231.2
1173730 2231.2
1173740 2232.2
1173750 2233.6
1173760 2233.6
1173770 2233.3
1173780 2232.1
1173790 2232.9
1173800 2232.9
1173810 2231.6
1173820 2231.1
1173830 2231.1
1173840 2231.6
1173850 2233.1
1173860 2233.1
1173870 2235.5
1173880 2238.6
1173890 2238.6
1173900 2241.5
1173910 2248.5
1173920 2248.5
1173930 2250.1
1173940 2250.5
1173950 2250.5
1173960 2252.0
1173970 2254.9
1173980 2254.9
1173990 2258.6
1174000 2262.4
1174010 2262.4
1174020 2265.9
1174030 2269.2
1174040 2272.9
1174050 2272.9
1174060 2276.9
1174070 2280.4
1174080 2280.4
1174090 2283.0
1174100 2284.8
1174110 2284.8
1174120 2285.7
1174130 2285.5
1174140 2285.5
1174150 2285.4
1174160 2285.7
1174170 2285.7
1174180 2285.8
1174190 2284.8
1174200 2284.8
1174210 2283.7
1174220 2281.1
1174230 2281.1
1174240 2279.5
1174250 2280.1
1174260 2280.1
1174270 2281.4
1174280 2283.0
1174290 2286.2
1174300 2286.2
1174310 2289.5
1174320 2297.8
1174330 2297.8
1174340 2299.8
1174350 2302.1
1174360 2302.1
1174370 2305.4
1174380 2310.2
1174390 2310.2
1174400 2314.3
1174410 2318.2
1174420 2318.2
1174430 2321.5
1174440 2321.9
1174450 2321.9
1174460 2322.1
1174470 2326.0
1174480 2326.0
1174490 2332.3
1174500 2337.5
1174510 2337.5
1174520 2342.0
1174530 2348.1
1174540 2348.1
1174550 2351.3
1174560 2356.0
1174570 2360.6
1174580 2360.6
1174590 2364.3
1174600 2368.9
1174610 2368.9
1174620 2375.2
1174630 2382.3
1174640 2382.3
1174650 2388.6
1174660 2396.7
1174670 2396.7
1174680 2404.4
1174690 2409.0
1174700 2409.0
1174710 2418.4
1174720 2427.8
1174730 2430.0
1174740 2443.0
1174750 2455.5
1174760 2455.5
1174770 2465.0
1174780 2479.2
1174790 2479.2
1174800 2494.4
1174810 2513.8
1174820 2530.9
1174830 2530.9
1174840 2543.1
1174850 2554.1
1174860 2554.1
1174870 2565.5
1174880 2576.4
1174890 2576.4
1174900 2587.2
1174910 2588.1
1174920 2588.1
1174930 2580.4
1174940 2572.9
1174950 2572.9
1174960 2566.2
1174970 2562.2
1174980 2562.2
1174990 2570.7
1175000 2584.3
1175010 2584.3
1175020 2596.4
1175030 2600.4
1175040 2600.4
1175050 2593.0
1175060 2584.4
1175070 2576.7
1175080 2576.7
1175090 2569.7
1175100 2563.2
1175110 2563.2
1175120 2557.9
1175130 2553.7
1175140 2565.3
1175150 2569.5
1175160 2572.7
1175170 2572.7
1175180 2578.4
1175190 2573.3
1175200 2573.3
1175210 2573.8
1175220 2575.1
1175230 2575.1
1175240 2573.3
1175250 2566.4
1175260 2566.4
1175270 2556.6
1175280 2554.7
1175290 2554.7
1175300 2559.5
1175310 2572.5
1175320 2583.7
1175330 2583.7
1175340 2586.8
1175350 2582.8
1175360 2582.8
1175370 2576.9
1175380 2568.7
1175390 2568.7
1175400 2560.2
1175410 2550.8
1175420 2550.8
1175430 2540.1
1175440 2531.4
1175450 2531.4
1175460 2524.3
1175470 2517.5
1175480 2517.5
1175490 2510.3
1175500 2501.3
1175510 2501.3
1175520 2490.2
1175530 2482.2
1175540 2482.2
1175550 2475.9
1175560 2470.2
1175570 2465.8
1175580 2465.8
1175590 2458.8
1175600 2433.8
1175610 2433.8
1175620 2410.0
1175630 2392.6
1175640 2392.6
1175650 2382.7
1175660 2375.2
1175670 2375.2
1175680 2368.8
1175690 2362.8
1175700 2362.8
1175710 2357.4
1175720 2352.6
1175730 2352.6
1175740 2348.2
1175750 2345.5
1175760 2345.5
1175770 2344.3
1175780 2342.4
1175790 2342.4
1175800 2340.9
1175810 2339.8
1175820 2339.8
1175830 2339.2
1175840 2339.3
1175850 2339.2
1175860 2339.2
1175870 2339.9
1175880 2341.3
1175890 2341.3
1175900 2343.2
1175910 2345.1
1175920 2345.1
1175930 2347.3
1175940 2348.4
1175950 2348.4
1175960 2348.6
1175970 2351.6
1175980 2351.6
1175990 2345.7
1176000 2337.6
1176010 2337.6
1176020 2329.2
1176030 2321.4
1176040 2321.4
1176050 2314.8
1176060 2308.4
1176070 2308.4
1176080 2304.1
1176090 2299.8
1176100 2294.6
1176110 2294.6
1176120 2289.3
1176130 2283.8
1176140 2283.8
1176150 2278.8
1176160 2273.8
1176170 2273.8
1176180 2269.4
1176190 2264.6
1176200 2264.6
1176210 2261.8
1176220 2260.0
1176230 2260.0
1176240 2257.7
1176250 2254.2
1176260 2254.2
1176270 2250.2
1176280 2245.9
1176290 2245.9
1176300 2241.6
1176310 2239.8
1176320 2239.8
1176330 2239.7
1176340 2240.9
1176350 2242.6
1176360 2242.6
1176370 2241.3
1176380 2233.4
1176390 2233.4
1176400 2231.3
1176410 2229.7
1176420 2229.7
1176430 2227.7
1176440 2225.9
1176450 2225.9
1176460 2224.7
1176470 2223.7
1176480 2223.7
1176490 2223.9
1176500 2224.1
1176510 2224.1
1176520 2223.4
1176530 2221.9
1176540 2221.9
1176550 2220.5
1176560 2219.7
1176570 2219.7
1176580 2219.5
1176590 2220.0
1176600 2220.4
1176610 2220.4
1176620 2219.1
1176630 2216.9
1176640 2216.9
1176650 2214.7
1176660 2213.3
1176670 2213.3
1176680 2213.7
1176690 2215.8
1176700 2215.8
1176710 2219.0
1176720 2222.2
1176730 2222.2
1176740 2226.0
1176750 2229.8
1176760 2229.8
1176770 2233.0
1176780 2233.8
1176790 2227.6
1176800 2236.3
1176810 2248.1
1176820 2248.1
1176830 2260.9
1176840 2270.5
1176850 2278.4
1176860 2278.4
1176870 2282.7
1176880 2289.7
1176890 2289.7
1176900 2295.6
1176910 2302.5
1176920 2302.5
1176930 2310.5
1176940 2317.0
1176950 2317.0
1176960 2319.3
1176970 2314.1
1176980 2314.1
1176990 2310.5
1177000 2307.0
1177010 2307.0
1177020 2303.7
1177030 2301.6
1177040 2301.6
1177050 2298.2
1177060 2292.3
1177070 2292.3
1177080 2300.0
1177090 2308.8
1177100 2308.8
1177110 2322.6
1177120 2322.6
1177130 2321.4
1177140 2321.4
1177150 2323.3
1177160 2329.1
1177170 2329.1
1177180 2333.4
1177190 2332.9
1177200 2332.9
1177210 2324.6
1177220 2328.5
1177230 2328.5
1177240 2329.1
1177250 2325.6
1177260 2325.6
1177270 2316.9
1177280 2314.7
1177290 2314.7
1177300 2313.7
1177310 2310.2
1177320 2310.2
1177330 2306.7
1177340 2301.9
1177350 2301.9
1177360 2288.6
1177370 2278.5
1177380 2277.9
1177390 2277.9
1177400 2282.6
1177410 2285.8
1177420 2285.8
1177430 2278.7
1177440 2270.5
1177450 2270.5
1177460 2262.8
1177470 2255.0
1177480 2255.0
1177490 2244.9
1177500 2216.1
1177510 2216.1
1177520 2181.3
1177530 2160.4
1177540 2160.4
1177550 2147.8
1177560 2137.4
1177570 2137.4
1177580 2126.3
1177590 2105.2
1177600 2105.2
1177610 2081.7
1177620 2050.2
1177630 2037.2
1177640 2037.2
1177650 2025.9
1177660 2017.3
1177670 2017.3
1177680 2009.8
1177690 1999.7
1177700 1999.7
1177710 1987.7
1177720 1984.0
1177730 1984.0
1177740 1983.8
1177750 1981.4
1177760 1981.4
1177770 1978.4
1177780 1974.8
1177790 1974.8
1177800 1971.1
1177810 1967.9
1177820 1967.9
1177830 1964.5
1177840 1958.7
1177850 1958.7
1177860 1956.4
1177870 1952.5
1177880 1948.2
1177890 1948.2
1177900 1944.2
1177910 1940.0
1177920 1940.0
1177930 1935.8
1177940 1931.6
1177950 1931.6
1177960 1927.8
1177970 1923.5
1177980 1923.5
1177990 1919.7
1178000 1916.0
1178010 1916.0
1178020 1912.9
1178030 1909.5
1178040 1904.6
1178050 1901.0
1178060 1897.7
1178070 1897.7
1178080 1895.4
1178090 1893.2
1178100 1893.2
1178110 1891.0
1178120 1890.4
1178130 1892.0
1178140 1892.0
1178150 1893.6
1178160 1894.8
1178170 1894.8
1178180 1896.4
1178190 1898.4
1178200 1898.4
1178210 1895.2
1178220 1892.2
1178230 1892.2
1178240 1894.5
1178250 1894.6
1178260 1894.6
1178270 1897.7
1178280 1901.3
1178290 1901.3
1178300 1905.5
1178310 1912.3
1178320 1912.3
1178330 1919.9
1178340 1926.6
1178350 1926.6
1178360 1932.4
1178370 1938.3
1178380 1938.3
1178390 1943.5
1178400 1948.9
1178410 1954.3
1178420 1954.3
1178430 1960.0
1178440 1965.9
1178450 1966.5
1178460 1972.3
1178470 1978.3
1178480 1978.3
1178490 1984.3
1178500 1989.8
1178510 1989.8
1178520 1995.1
1178530 2000.7
1178540 2000.7
1178550 2006.6
1178560 2012.6
1178570 2012.6
1178580 2018.8
1178590 2024.6
1178600 2024.6
1178610 2029.7
1178620 2035.6
1178630 2035.6
1178640 2041.7
1178650 2047.8
1178660 2054.2
1178670 2054.2
1178680 2060.9
1178690 2066.5
1178700 2066.5
1178710 2068.8
1178720 2068.7
1178730 2068.7
1178740 2066.8
1178750 2067.6
1178760 2067.6
1178770 2068.2
1178780 2068.8
1178790 2068.8
1178800 2069.6
1178810 2069.3
1178820 2069.3
1178830 2069.4
1178840 2071.2
1178850 2071.2
1178860 2073.5
1178870 2076.1
1178880 2076.1
1178890 2079.7
1178900 2083.6
1178910 2087.4
1178920 2087.4
1178930 2090.7
1178940 2094.9
1178950 2094.9
1178960 2098.8
1178970 2103.0
1178980 2103.0
1178990 2106.9
1179000 2110.7
1179010 2110.7
1179020 2114.3
1179030 2118.0
1179040 2118.0
1179050 2121.5
1179060 2124.9
1179070 2124.9
1179080 2127.8
1179090 2131.1
1179100 2131.1
1179110 2133.6
1179120 2135.6
1179130 2135.6
1179140 2137.5
1179150 2140.0
1179160 2142.2
1179170 2142.2
1179180 2144.2
1179190 2145.6
1179200 2145.6
1179210 2147.9
1179220 2150.6
1179230 2150.6
1179240 2152.9
1179250 2155.1
1179260 2155.1
1179270 2158.0
1179280 2164.7
1179290 2164.7
1179300 2167.3
1179310 2169.4
1179320 2169.4
1179330 2171.1
1179340 2173.3
1179350 2173.3
1179360 2176.3
1179370 2179.2
1179380 2179.2
1179390 2182.2
1179400 2185.2
1179410 2187.4
1179420 2187.4
1179430 2188.8
1179440 2190.3
1179450 2190.3
1179460 2192.0
1179470 2193.4
1179480 2193.4
1179490 2195.1
1179500 2197.5
1179510 2197.5
1179520 2200.3
1179530 2204.4
1179540 2204.4
1179550 2208.0
1179560 2211.3
1179570 2211.3
1179580 2214.5
1179590 2217.9
1179600 2217.9
1179610 2221.8
1179620 2225.9
1179630 2225.9
1179640 2230.3
1179650 2234.1
1179660 2234.1
1179670 2237.0
1179680 2239.1
1179690 2240.3
1179700 2247.3
1179710 2248.3
1179720 2247.8
1179730 2247.8
1179740 2246.4
1179750 2246.0
1179760 2246.0
1179770 2248.8
1179780 2252.4
1179790 2252.4
1179800 2256.3
1179810 2260.2
1179820 2260.2
1179830 2264.0
1179840 2267.1
1179850 2267.1
1179860 2269.4
1179870 2271.1
1179880 2271.1
1179890 2271.7
1179900 2271.4
1179910 2271.4
1179920 2271.0
1179930 2272.5
1179940 2272.0
1179950 2272.0
1179960 2270.0
1179970 2271.8
1179980 2271.8
1179990 2276.3
