1160000 1711.4
1160010 1704.3
1160020 1697.4
1160030 1697.4
1160040 1691.8
1160050 1687.4
1160060 1687.4
1160070 1681.5
1160080 1677.4
1160090 1677.4
1160100 1676.6
1160110 1674.4
1160120 1673.4
1160130 1673.4
1160140 1674.3
1160150 1673.4
1160160 1673.4
1160170 1671.5
1160180 1664.4
1160190 1664.4
1160200 1657.7
1160210 1650.4
1160220 1650.4
1160230 1642.5
1160240 1633.7
1160250 1633.7
1160260 1622.5
1160270 1611.7
1160280 1611.7
1160290 1603.1
1160300 1597.3
1160310 1597.3
1160320 1590.7
1160330 1584.9
1160340 1584.9
1160350 1573.5
1160360 1566.9
1160370 1559.9
1160380 1559.9
1160390 1553.8
1160400 1547.8
1160410 1547.8
1160420 1542.3
1160430 1536.6
1160440 1536.6
1160450 1531.2
1160460 1526.0
1160470 1526.0
1160480 1520.6
1160490 1515.0
1160500 1515.0
1160510 1509.2
1160520 1503.5
1160530 1503.5
1160540 1497.8
1160550 1492.4
1160560 1492.4
1160570 1487.8
1160580 1484.1
1160590 1484.1
1160600 1480.6
1160610 1477.7
1160620 1477.7
1160630 1474.8
1160640 1472.2
1160650 1469.7
1160660 1469.7
1160670 1468.1
1160680 1466.6
1160690 1466.6
1160700 1464.5
1160710 1462.0
1160720 1462.0
1160730 1459.7
1160740 1451.1
1160750 1451.1
1160760 1447.8
1160770 1445.2
1160780 1445.2
1160790 1442.9
1160800 1440.7
1160810 1440.7
1160820 1438.2
1160830 1435.6
1160840 1435.6
1160850 1433.1
1160860 1432.1
1160870 1432.1
1160880 1431.9
1160890 1430.8
1160900 1428.2
1160910 1428.2
1160920 1425.3
1160930 1423.0
1160940 1423.0
1160950 1421.7
1160960 1420.4
1160970 1420.4
1160980 1413.5
1160990 1405.1
1161000 1405.1
1161010 1399.8
1161020 1396.4
1161030 1396.4
1161040 1394.3
1161050 1394.5
1161060 1394.5
1161070 1399.2
1161080 1405.3
1161090 1405.3
1161100 1412.4
1161110 1415.1
1161120 1415.1
1161130 1414.5
1161140 1416.4
1161150 1419.5
1161160 1419.5
1161170 1419.5
1161180 1419.3
1161190 1419.3
1161200 1420.5
1161210 1422.0
1161220 1422.0
1161230 1422.3
1161240 1422.2
1161250 1422.2
1161260 1422.7
1161270 1423.6
1161280 1423.6
1161290 1424.5
1161300 1426.7
1161310 1426.7
1161320 1428.1
1161330 1431.7
1161340 1431.7
1161350 1436.8
1161360 1442.7
1161370 1442.7
1161380 1448.2
1161390 1453.0
1161400 1458.6
1161410 1458.6
1161420 1462.7
1161430 1465.2
1161440 1465.2
1161450 1468.9
1161460 1473.5
1161470 1473.5
1161480 1477.1
1161490 1480.1
1161500 1480.1
1161510 1484.2
1161520 1491.4
1161530 1502.1
1161540 1509.8
1161550 1519.1
1161560 1519.1
1161570 1524.3
1161580 1528.2
1161590 1528.2
1161600 1531.7
1161610 1534.2
1161620 1534.2
1161630 1536.6
1161640 1538.4
1161650 1538.4
1161660 1539.9
1161670 1540.5
1161680 1539.7
1161690 1539.7
1161700 1533.8
1161710 1525.1
1161720 1525.1
1161730 1517.7
1161740 1510.7
1161750 1510.7
1161760 1502.7
1161770 1494.7
1161780 1494.7
1161790 1486.5
1161800 1480.7
1161810 1480.7
1161820 1484.8
1161830 1493.3
1161840 1493.3
1161850 1501.5
1161860 1510.6
1161870 1510.6
1161880 1519.8
1161890 1528.8
1161900 1528.8
1161910 1534.3
1161920 1543.6
1161930 1547.7
1161940 1547.7
1161950 1553.4
1161960 1560.3
1161970 1560.3
1161980 1568.3
1161990 1575.9
1162000 1575.9
1162010 1583.3
1162020 1590.0
1162030 1590.0
1162040 1596.1
1162050 1602.0
1162060 1602.0
1162070 1607.0
1162080 1612.0
1162090 1612.0
1162100 1617.1
1162110 1621.4
1162120 1621.4
1162130 1624.3
1162140 1626.8
1162150 1626.8
1162160 1629.1
1162170 1631.4
1162180 1632.2
1162190 1632.2
1162200 1631.4
1162210 1629.4
1162220 1629.4
1162230 1627.0
1162240 1624.3
1162250 1624.3
1162260 1621.2
1162270 1616.3
1162280 1616.3
1162290 1610.2
1162300 1604.0
1162310 1611.0
1162320 1603.9
1162330 1598.8
1162340 1598.8
1162350 1597.5
1162360 1604.5
1162370 1604.5
1162380 1612.1
1162390 1620.3
1162400 1620.3
1162410 1626.1
1162420 1632.5
1162430 1639.7
1162440 1639.7
1162450 1647.4
1162460 1656.1
1162470 1656.1
1162480 1667.3
1162490 1682.4
1162500 1682.4
1162510 1696.8
1162520 1707.5
1162530 1707.5
1162540 1715.9
1162550 1722.4
1162560 1722.4
1162570 1725.6
1162580 1728.1
1162590 1728.1
1162600 1730.8
1162610 1733.5
1162620 1733.5
1162630 1736.1
1162640 1738.7
1162650 1738.7
1162660 1742.3
1162670 1745.7
1162680 1745.7
1162690 1749.4
1162700 1750.8
1162710 1758.0
1162720 1758.0
1162730 1755.1
1162740 1751.4
1162750 1751.4
1162760 1748.9
1162770 1746.0
1162780 1746.0
1162790 1741.7
1162800 1737.6
1162810 1737.6
1162820 1732.5
1162830 1726.2
1162840 1726.2
1162850 1720.4
1162860 1714.2
1162870 1714.2
1162880 1708.7
1162890 1704.0
1162900 1704.0
1162910 1699.0
1162920 1694.2
1162930 1694.2
1162940 1688.3
1162950 1682.1
1162960 1676.9
1162970 1676.9
1162980 1671.0
1162990 1663.5
1163000 1663.5
1163010 1654.7
1163020 1648.3
1163030 1648.3
1163040 1641.8
1163050 1634.9
1163060 1634.9
1163070 1627.1
1163080 1610.3
1163090 1610.3
1163100 1592.3
1163110 1572.3
1163120 1572.3
1163130 1559.0
1163140 1545.8
1163150 1545.8
1163160 1536.1
1163170 1527.2
1163180 1527.2
1163190 1519.5
1163200 1513.1
1163210 1510.9
1163220 1510.9
1163230 1514.8
1163240 1519.0
1163250 1519.0
1163260 1522.4
1163270 1528.3
1163280 1528.3
1163290 1529.3
1163300 1526.2
1163310 1526.2
1163320 1523.7
1163330 1524.9
1163340 1524.9
1163350 1526.7
1163360 1528.7
1163370 1528.7
1163380 1529.4
1163390 1527.3
1163400 1527.3
1163410 1519.3
1163420 1511.2
1163430 1511.2
1163440 1509.1
1163450 1503.2
1163460 1503.2
1163470 1494.2
1163480 1483.3
1163490 1474.1
1163500 1480.7
1163510 1473.0
1163520 1465.4
1163530 1465.4
1163540 1458.7
1163550 1451.6
1163560 1451.6
1163570 1444.3
1163580 1437.6
1163590 1437.6
1163600 1432.3
1163610 1427.0
1163620 1427.0
1163630 1422.1
1163640 1418.3
1163650 1418.3
1163660 1415.3
1163670 1411.1
1163680 1411.1
1163690 1407.0
1163700 1402.7
1163710 1402.7
1163720 1397.9
1163730 1394.0
1163740 1390.3
1163750 1390.3
1163760 1385.7
1163770 1380.6
1163780 1380.6
1163790 1376.0
1163800 1371.7
1163810 1371.7
1163820 1368.1
1163830 1364.8
1163840 1364.8
1163850 1361.9
1163860 1358.9
1163870 1358.9
1163880 1355.8
1163890 1352.6
1163900 1356.7
1163910 1353.8
1163920 1351.1
1163930 1351.1
1163940 1348.5
1163950 1345.9
1163960 1345.9
1163970 1343.2
1163980 1340.4
1163990 1338.0
1164000 1338.0
1164010 1335.0
1164020 1332.6
1164030 1332.6
1164040 1330.2
1164050 1327.9
1164060 1327.9
1164070 1325.2
1164080 1322.6
1164090 1322.6
1164100 1321.4
1164110 1319.7
1164120 1319.7
1164130 1319.1
1164140 1318.9
1164150 1318.9
1164160 1319.9
1164170 1320.9
1164180 1320.9
1164190 1320.9
1164200 1320.0
1164210 1320.0
1164220 1319.3
1164230 1318.8
1164240 1319.4
1164250 1319.4
1164260 1317.6
1164270 1312.7
1164280 1312.7
1164290 1311.9
1164300 1313.5
1164310 1313.5
1164320 1318.9
1164330 1323.5
1164340 1323.5
1164350 1325.6
1164360 1328.1
1164370 1328.1
1164380 1331.1
1164390 1334.4
1164400 1334.4
1164410 1338.5
1164420 1342.8
1164430 1342.8
1164440 1347.3
1164450 1351.9
1164460 1351.9
1164470 1357.2
1164480 1362.3
1164490 1367.7
1164500 1367.7
1164510 1373.4
1164520 1379.6
1164530 1379.6
1164540 1385.9
1164550 1393.0
1164560 1393.0
1164570 1400.3
1164580 1407.7
1164590 1407.7
1164600 1415.7
1164610 1422.8
1164620 1422.8
1164630 1427.3
1164640 1433.8
1164650 1433.8
1164660 1441.8
1164670 1450.3
1164680 1450.3
1164690 1457.9
1164700 1467.2
1164710 1467.2
1164720 1477.4
1164730 1485.9
1164740 1485.9
1164750 1492.9
1164760 1499.6
1164770 1502.9
1164780 1502.9
1164790 1503.9
1164800 1504.4
1164810 1504.4
1164820 1505.2
1164830 1505.6
1164840 1505.6
1164850 1506.9
1164860 1508.4
1164870 1508.4
1164880 1510.5
1164890 1513.6
1164900 1513.6
1164910 1516.7
1164920 1519.4
1164930 1519.4
1164940 1520.8
1164950 1521.6
1164960 1521.6
1164970 1522.1
1164980 1522.5
1164990 1522.5
1165000 1523.1
1165010 1522.7
1165020 1522.1
1165030 1522.1
1165040 1521.9
1165050 1522.2
1165060 1522.2
1165070 1521.6
1165080 1522.2
1165090 1533.5
1165100 1536.8
1165110 1537.1
1165120 1537.1
1165130 1535.8
1165140 1538.5
1165150 1538.5
1165160 1538.6
1165170 1533.0
1165180 1533.0
1165190 1534.5
1165200 1533.7
1165210 1533.7
1165220 1533.4
1165230 1527.8
1165240 1527.8
1165250 1529.0
1165260 1526.7
1165270 1528.1
1165280 1528.1
1165290 1527.6
1165300 1526.7
1165310 1526.7
1165320 1522.9
1165330 1526.5
1165340 1526.5
1165350 1530.8
1165360 1533.8
1165370 1533.8
1165380 1539.1
1165390 1544.2
1165400 1544.2
1165410 1546.3
1165420 1546.7
1165430 1546.7
1165440 1549.5
1165450 1553.4
1165460 1553.4
1165470 1558.4
1165480 1562.4
1165490 1575.1
1165500 1579.7
1165510 1581.7
1165520 1584.2
1165530 1584.2
1165540 1584.7
1165550 1583.5
1165560 1583.5
1165570 1579.8
1165580 1573.9
1165590 1573.9
1165600 1566.7
1165610 1557.8
1165620 1557.8
1165630 1550.6
1165640 1544.7
1165650 1544.7
1165660 1542.6
1165670 1540.0
1165680 1540.0
1165690 1541.0
1165700 1541.0
1165710 1541.0
1165720 1539.5
1165730 1537.6
1165740 1537.6
1165750 1534.7
1165760 1530.4
1165770 1530.4
1165780 1525.6
1165790 1523.2
1165800 1517.9
1165810 1517.9
1165820 1510.5
1165830 1503.3
1165840 1503.3
1165850 1499.3
1165860 1493.7
1165870 1493.7
1165880 1488.2
1165890 1490.2
1165900 1490.2
1165910 1483.2
1165920 1478.7
1165930 1478.7
1165940 1477.8
1165950 1476.8
1165960 1476.8
1165970 1474.2
1165980 1471.0
1165990 1471.0
1166000 1468.6
1166010 1466.1
1166020 1466.1
1166030 1465.2
1166040 1464.8
1166050 1463.1
1166060 1463.1
1166070 1460.1
1166080 1455.0
1166090 1455.0
1166100 1449.8
1166110 1444.4
1166120 1444.4
1166130 1438.0
1166140 1434.8
1166150 1434.8
1166160 1433.2
1166170 1435.9
1166180 1435.9
1166190 1438.9
1166200 1441.3
1166210 1441.3
1166220 1444.3
1166230 1447.3
1166240 1447.3
1166250 1449.0
1166260 1449.7
1166270 1449.7
1166280 1447.7
1166290 1450.0
1166300 1452.4
1166310 1452.4
1166320 1455.2
1166330 1458.0
1166340 1458.0
1166350 1461.4
1166360 1464.9
1166370 1464.9
1166380 1468.4
1166390 1470.8
1166400 1470.8
1166410 1471.1
1166420 1474.9
1166430 1474.9
1166440 1476.4
1166450 1477.2
1166460 1477.2
1166470 1476.6
1166480 1476.3
1166490 1476.3
1166500 1478.7
1166510 1481.0
1166520 1481.0
1166530 1484.5
1166540 1489.6
1166550 1493.9
1166560 1493.9
1166570 1498.7
1166580 1505.3
1166590 1505.3
1166600 1513.0
1166610 1519.4
1166620 1519.4
1166630 1524.4
1166640 1527.8
1166650 1527.8
1166660 1531.3
1166670 1535.3
1166680 1530.1
1166690 1534.1
1166700 1539.1
1166710 1539.1
1166720 1544.4
1166730 1549.9
1166740 1549.9
1166750 1552.2
1166760 1552.7
1166770 1552.7
1166780 1560.3
1166790 1566.0
1166800 1566.0
1166810 1572.1
1166820 1578.2
1166830 1583.2
1166840 1583.2
1166850 1587.8
1166860 1592.7
1166870 1592.7
1166880 1597.0
1166890 1601.4
1166900 1601.4
1166910 1606.1
1166920 1610.7
1166930 1610.7
1166940 1615.7
1166950 1620.0
1166960 1620.0
1166970 1624.4
1166980 1630.5
1166990 1630.5
1167000 1635.7
1167010 1640.0
1167020 1640.0
1167030 1644.4
1167040 1651.3
1167050 1651.3
1167060 1657.6
1167070 1663.2
1167080 1662.7
1167090 1662.7
1167100 1669.3
1167110 1675.4
1167120 1675.4
1167130 1682.2
1167140 1689.7
1167150 1689.7
1167160 1697.2
1167170 1702.4
1167180 1702.4
1167190 1706.5
1167200 1715.0
1167210 1715.0
1167220 1727.9
1167230 1731.8
1167240 1731.8
1167250 1738.0
1167260 1742.5
1167270 1742.5
1167280 1745.0
1167290 1750.3
1167300 1750.3
1167310 1754.8
1167320 1753.8
1167330 1752.0
1167340 1752.0
1167350 1757.5
1167360 1755.3
1167370 1755.3
1167380 1757.2
1167390 1762.7
1167400 1762.7
1167410 1766.8
1167420 1769.1
1167430 1769.1
1167440 1780.9
1167450 1787.0
1167460 1787.0
1167470 1784.5
1167480 1783.9
1167490 1783.9
1167500 1787.9
1167510 1789.0
1167520 1789.0
1167530 1793.1
1167540 1797.9
1167550 1797.9
1167560 1801.6
1167570 1804.2
1167580 1805.1
1167590 1805.1
1167600 1806.6
1167610 1809.4
1167620 1809.4
1167630 1810.6
1167640 1809.3
1167650 1809.3
1167660 1807.7
1167670 1800.6
1167680 1800.6
1167690 1794.1
1167700 1790.4
1167710 1790.4
1167720 1786.7
1167730 1784.5
1167740 1784.5
1167750 1784.0
1167760 1780.9
1167770 1780.9
1167780 1781.4
1167790 1779.1
1167800 1779.1
1167810 1778.8
1167820 1777.8
1167830 1777.8
1167840 1776.6
1167850 1778.5
1167860 1778.3
1167870 1778.3
1167880 1777.4
1167890 1765.5
1167900 1765.5
1167910 1756.6
1167920 1755.7
1167930 1755.7
1167940 1758.2
1167950 1760.7
1167960 1760.7
1167970 1764.7
1167980 1772.2
1167990 1772.2
1168000 1779.7
1168010 1784.9
1168020 1784.9
1168030 1787.2
1168040 1789.1
1168050 1789.1
1168060 1792.8
1168070 1796.0
1168080 1796.0
1168090 1798.6
1168100 1801.2
1168110 1803.3
1168120 1803.3
1168130 1805.2
1168140 1807.4
1168150 1807.4
1168160 1809.3
1168170 1811.3
1168180 1811.3
1168190 1813.5
1168200 1816.7
1168210 1816.7
1168220 1820.1
1168230 1822.0
1168240 1822.0
1168250 1823.7
1168260 1825.2
1168270 1825.2
1168280 1826.0
1168290 1821.5
1168300 1821.5
1168310 1821.9
1168320 1823.5
1168330 1823.5
1168340 1826.0
1168350 1828.5
1168360 1831.0
1168370 1831.0
1168380 1833.3
1168390 1834.7
1168400 1834.7
1168410 1831.1
1168420 1832.5
1168430 1832.5
1168440 1839.1
1168450 1847.4
1168460 1847.4
1168470 1854.5
1168480 1861.0
1168490 1861.0
1168500 1867.2
1168510 1873.1
1168520 1873.1
1168530 1879.3
1168540 1885.2
1168550 1885.2
1168560 1890.6
1168570 1896.2
1168580 1896.2
1168590 1901.6
1168600 1906.4
1168610 1911.2
1168620 1911.2
1168630 1916.6
1168640 1923.2
1168650 1923.2
1168660 1929.5
1168670 1937.2
1168680 1937.2
1168690 1949.8
1168700 1956.4
1168710 1956.4
1168720 1962.7
1168730 1968.9
1168740 1968.9
1168750 1976.7
1168760 1996.4
1168770 1996.4
1168780 2006.6
1168790 2035.1
1168800 2035.1
1168810 2067.3
1168820 2080.8
1168830 2080.8
1168840 2088.8
1168850 2094.1
1168860 2103.0
1168870 2103.0
1168880 2108.6
1168890 2113.8
1168900 2113.8
1168910 2117.5
1168920 2119.3
1168930 2119.3
1168940 2120.7
1168950 2122.9
1168960 2122.9
1168970 2124.3
1168980 2125.1
1168990 2125.1
1169000 2125.2
1169010 2124.9
1169020 2124.9
1169030 2124.5
1169040 2123.9
1169050 2123.9
1169060 2122.6
1169070 2120.6
1169080 2120.6
1169090 2122.1
1169100 2118.6
1169110 2118.6
1169120 2109.8
1169130 2100.5
1169140 2095.2
1169150 2095.2
1169160 2090.8
1169170 2087.4
1169180 2087.4
1169190 2083.9
1169200 2081.8
1169210 2081.8
1169220 2081.2
1169230 2080.8
1169240 2080.8
1169250 2081.5
1169260 2083.0
1169270 2083.0
1169280 2081.9
1169290 2080.0
1169300 2080.0
1169310 2079.2
1169320 2079.1
1169330 2079.1
1169340 2078.4
1169350 2078.2
1169360 2078.2
1169370 2078.7
1169380 2079.4
1169390 2080.0
1169400 2080.0
1169410 2080.2
1169420 2081.4
1169430 2081.4
1169440 2079.9
1169450 2078.7
1169460 2078.7
1169470 2077.0
1169480 2075.0
1169490 2075.0
1169500 2079.4
1169510 2079.0
1169520 2079.0
1169530 2081.0
1169540 2083.7
1169550 2083.7
1169560 2084.7
1169570 2086.0
1169580 2086.0
1169590 2088.6
1169600 2092.1
1169610 2092.1
1169620 2096.0
1169630 2099.3
1169640 2102.5
1169650 2102.5
1169660 2106.6
1169670 2109.7
1169680 2109.7
1169690 2111.4
1169700 2112.1
1169710 2112.1
1169720 2115.4
1169730 2119.0
1169740 2119.0
1169750 2123.5
1169760 2127.2
1169770 2127.2
1169780 2129.8
1169790 2132.1
1169800 2132.1
1169810 2135.5
1169820 2139.6
1169830 2139.6
1169840 2143.8
1169850 2148.0
1169860 2148.0
1169870 2152.1
1169880 2155.9
1169890 2159.6
1169900 2160.9
1169910 2165.1
1169920 2170.0
1169930 2170.0
1169940 2176.0
1169950 2184.0
1169960 2184.0
1169970 2192.3
1169980 2199.7
1169990 2199.7
1170000 2208.2
1170010 2217.5
1170020 2217.5
1170030 2225.8
1170040 2229.9
1170050 2229.9
1170060 2230.8
1170070 2231.1
1170080 2231.1
1170090 2232.9
1170100 2233.2
1170110 2233.2
1170120 2231.3
1170130 2228.0
1170140 2228.0
1170150 2231.3
1170160 2237.3
1170170 2237.5
1170180 2237.5
1170190 2239.3
1170200 2243.3
1170210 2243.3
1170220 2249.1
1170230 2251.1
1170240 2251.1
1170250 2259.2
1170260 2269.4
1170270 2269.4
1170280 2273.8
1170290 2280.2
1170300 2287.1
1170310 2292.7
1170320 2298.1
1170330 2298.1
1170340 2302.0
1170350 2305.6
1170360 2305.6
1170370 2309.4
1170380 2312.1
1170390 2312.1
1170400 2313.5
1170410 2314.3
1170420 2315.9
1170430 2315.9
1170440 2317.9
1170450 2320.7
1170460 2320.7
1170470 2322.4
1170480 2320.3
1170490 2320.3
1170500 2316.7
1170510 2314.9
1170520 2314.9
1170530 2311.4
1170540 2309.6
1170550 2309.6
1170560 2308.9
1170570 2308.4
1170580 2308.4
1170590 2308.7
1170600 2311.2
1170610 2311.2
1170620 2314.8
1170630 2317.4
1170640 2317.4
1170650 2317.7
1170660 2319.5
1170670 2321.2
1170680 2321.2
1170690 2323.5
1170700 2325.4
1170710 2331.7
1170720 2330.3
1170730 2325.6
1170740 2325.6
1170750 2329.9
1170760 2333.2
1170770 2333.2
1170780 2336.6
1170790 2339.6
1170800 2339.6
1170810 2343.3
1170820 2345.8
1170830 2345.8
1170840 2347.4
1170850 2347.3
1170860 2347.3
1170870 2349.1
1170880 2352.2
1170890 2352.2
1170900 2356.2
1170910 2361.4
1170920 2367.1
1170930 2367.1
1170940 2373.0
1170950 2379.4
1170960 2379.4
1170970 2385.9
1170980 2392.5
1170990 2392.5
1171000 2399.2
1171010 2406.1
1171020 2406.1
1171030 2413.3
1171040 2420.9
1171050 2420.9
1171060 2427.9
1171070 2436.0
1171080 2436.0
1171090 2444.6
1171100 2453.3
1171110 2453.2
1171120 2462.9
1171130 2472.8
1171140 2472.8
1171150 2473.5
1171160 2462.2
1171170 2462.2
1171180 2452.1
1171190 2444.5
1171200 2439.4
1171210 2439.4
1171220 2434.2
1171230 2431.4
1171240 2431.4
1171250 2428.2
1171260 2424.3
1171270 2424.3
1171280 2416.2
1171290 2411.6
1171300 2411.6
1171310 2409.0
1171320 2406.3
1171330 2406.3
1171340 2404.2
1171350 2402.8
1171360 2402.8
1171370 2402.2
1171380 2401.7
1171390 2401.7
1171400 2400.4
1171410 2401.5
1171420 2401.5
1171430 2406.9
1171440 2412.2
1171450 2418.7
1171460 2418.7
1171470 2429.1
1171480 2438.1
1171490 2438.1
1171500 2447.9
1171510 2455.8
1171520 2467.9
1171530 2473.2
1171540 2474.3
1171550 2474.3
1171560 2479.3
1171570 2480.2
1171580 2480.2
1171590 2476.0
1171600 2460.1
1171610 2460.1
1171620 2445.0
1171630 2436.8
1171640 2436.8
1171650 2431.4
1171660 2426.5
1171670 2426.5
1171680 2422.3
1171690 2417.9
1171700 2413.4
1171710 2413.4
1171720 2408.3
1171730 2403.8
1171740 2403.8
1171750 2398.4
1171760 2393.8
1171770 2393.8
1171780 2390.1
1171790 2386.0
1171800 2386.0
1171810 2381.6
1171820 2376.7
1171830 2376.7
1171840 2371.1
1171850 2365.4
1171860 2365.4
1171870 2360.0
1171880 2354.0
1171890 2354.0
1171900 2347.4
1171910 2341.4
1171920 2341.4
1171930 2342.0
1171940 2339.0
1171950 2336.5
1171960 2336.5
1171970 2334.1
1171980 2332.5
1171990 2332.5
1172000 2330.6
1172010 2328.1
1172020 2328.1
1172030 2326.9
1172040 2326.1
1172050 2326.1
1172060 2325.9
1172070 2323.7
1172080 2323.7
1172090 2320.9
1172100 2317.9
1172110 2317.9
1172120 2313.6
1172130 2309.2
1172140 2309.2
1172150 2305.1
1172160 2301.5
1172170 2301.5
1172180 2300.6
1172190 2299.1
1172200 2297.0
1172210 2297.0
1172220 2294.5
1172230 2291.8
1172240 2291.8
1172250 2289.7
1172260 2288.0
1172270 2288.0
1172280 2286.4
1172290 2285.3
1172300 2285.3
1172310 2285.4
1172320 2287.0
1172330 2289.9
1172340 2289.5
1172350 2285.0
1172360 2285.0
1172370 2280.2
1172380 2277.4
1172390 2277.4
1172400 2277.8
1172410 2280.8
1172420 2280.8
1172430 2283.2
1172440 2285.8
1172450 2285.8
1172460 2288.2
1172470 2291.2
1172480 2295.5
1172490 2295.5
1172500 2299.5
1172510 2305.9
1172520 2305.9
1172530 2319.4
1172540 2331.8
1172550 2331.8
1172560 2346.0
1172570 2355.4
1172580 2355.4
1172590 2369.6
1172600 2381.0
1172610 2381.0
1172620 2389.8
1172630 2396.4
1172640 2396.4
1172650 2401.5
1172660 2404.5
1172670 2404.5
1172680 2405.4
1172690 2402.7
1172700 2402.7
1172710 2395.7
1172720 2388.8
1172730 2381.7
1172740 2381.5
1172750 2375.6
1172760 2370.0
1172770 2370.0
1172780 2364.0
1172790 2357.6
1172800 2357.6
1172810 2351.4
1172820 2342.4
1172830 2342.4
1172840 2333.7
1172850 2325.2
1172860 2325.2
1172870 2318.4
1172880 2311.5
1172890 2311.5
1172900 2305.4
1172910 2299.7
1172920 2299.7
1172930 2294.0
1172940 2289.2
1172950 2289.2
1172960 2285.2
1172970 2281.5
1172980 2278.8
1172990 2278.8
1173000 2276.0
1173010 2273.2
1173020 2273.2
1173030 2268.0
1173040 2263.0
1173050 2263.0
1173060 2262.9
1173070 2259.9
1173080 2259.9
1173090 2256.9
1173100 2255.2
1173110 2255.2
1173120 2254.8
1173130 2251.7
1173140 2251.7
1173150 2255.2
1173160 2252.6
1173170 2252.6
1173180 2252.6
1173190 2251.0
1173200 2251.0
1173210 2250.5
1173220 2247.8
1173230 2245.0
1173240 2245.0
1173250 2243.1
1173260 2240.4
1173270 2240.4
1173280 2238.5
1173290 2236.9
1173300 2236.9
1173310 2236.2
1173320 2237.0
1173330 2237.0
1173340 2237.5
1173350 2238.1
1173360 2238.1
1173370 2239.6
1173380 2241.0
1173390 2241.0
1173400 2238.9
1173410 2234.4
1173420 2234.4
1173430 2230.5
1173440 2229.0
1173450 2229.0
1173460 2227.4
1173470 2223.0
1173480 2223.0
1173490 2219.2
1173500 2215.1
1173510 2208.0
1173520 2208.0
1173530 2199.3
1173540 2197.4
1173550 2197.4
1173560 2210.1
1173570 2213.0
1173580 2213.0
1173590 2212.2
1173600 2210.1
1173610 2210.1
1173620 2207.8
1173630 2204.3
1173640 2204.3
1173650 2202.4
1173660 2200.0
1173670 2200.0
1173680 2194.1
1173690 2190.5
1173700 2190.5
1173710 2194.2
1173720 2194.9
1173730 2194.9
1173740 2193.0
1173750 2191.9
1173760 2190.6
1173770 2190.6
1173780 2189.6
1173790 2188.3
1173800 2188.3
1173810 2188.5
1173820 2186.1
1173830 2186.1
1173840 2179.2
1173850 2181.4
1173860 2181.4
1173870 2186.8
1173880 2190.2
1173890 2190.2
1173900 2193.1
1173910 2195.8
1173920 2195.8
1173930 2195.7
1173940 2194.5
1173950 2194.5
1173960 2194.0
1173970 2196.1
1173980 2196.1
1173990 2197.8
1174000 2196.4
1174010 2192.1
1174020 2192.1
1174030 2191.7
1174040 2195.8
1174050 2195.8
1174060 2198.1
1174070 2199.2
1174080 2199.2
1174090 2200.2
1174100 2198.1
1174110 2198.1
1174120 2199.9
1174130 2202.2
1174140 2202.2
1174150 2201.9
1174160 2201.3
1174170 2201.3
1174180 2201.0
1174190 2201.1
1174200 2201.1
1174210 2200.0
1174220 2198.2
1174230 2198.2
1174240 2195.8
1174250 2192.5
1174260 2191.4
1174270 2191.4
1174280 2192.1
1174290 2192.0
1174300 2192.0
1174310 2192.8
1174320 2194.4
1174330 2194.4
1174340 2195.2
1174350 2195.4
1174360 2195.4
1174370 2193.8
1174380 2197.2
1174390 2197.2
1174400 2198.6
1174410 2199.2
1174420 2199.2
1174430 2198.9
1174440 2198.4
1174450 2198.4
1174460 2201.0
1174470 2204.5
1174480 2204.5
1174490 2208.4
1174500 2213.2
1174510 2213.2
1174520 2218.2
1174530 2222.7
1174540 2227.7
1174550 2227.7
1174560 2233.2
1174570 2239.0
1174580 2239.0
1174590 2244.8
1174600 2254.0
1174610 2254.0
1174620 2268.6
1174630 2280.3
1174640 2280.3
1174650 2282.1
1174660 2287.9
1174670 2287.9
1174680 2305.2
1174690 2324.3
1174700 2324.3
1174710 2332.6
1174720 2342.3
1174730 2342.3
1174740 2358.7
1174750 2373.4
1174760 2373.4
1174770 2381.3
1174780 2377.6
1174790 2370.6
1174800 2370.6
1174810 2361.5
1174820 2354.9
1174830 2354.9
1174840 2346.1
1174850 2336.6
1174860 2336.6
1174870 2326.5
1174880 2319.6
1174890 2319.6
1174900 2314.7
1174910 2309.6
1174920 2309.6
1174930 2306.4
1174940 2305.7
1174950 2305.7
1174960 2302.9
1174970 2301.3
1174980 2301.3
1174990 2300.8
1175000 2301.0
1175010 2301.0
1175020 2301.7
1175030 2301.6
1175040 2302.2
1175050 2302.2
1175060 2302.8
1175070 2302.5
1175080 2302.5
1175090 2301.3
1175100 2299.6
1175110 2299.6
1175120 2297.9
1175130 2297.4
1175140 2297.4
1175150 2294.2
1175160 2295.2
1175170 2295.2
1175180 2306.3
1175190 2314.1
1175200 2325.0
1175210 2327.3
1175220 2327.2
1175230 2327.2
1175240 2324.0
1175250 2321.0
1175260 2321.0
1175270 2320.3
1175280 2319.4
1175290 2316.7
1175300 2316.7
1175310 2315.7
1175320 2315.4
1175330 2315.4
1175340 2318.2
1175350 2317.9
1175360 2317.9
1175370 2315.0
1175380 2313.6
1175390 2313.6
1175400 2312.2
1175410 2311.1
1175420 2311.1
1175430 2311.1
1175440 2311.8
1175450 2311.8
1175460 2312.4
1175470 2313.6
1175480 2313.6
1175490 2315.5
1175500 2316.9
1175510 2316.9
1175520 2317.7
1175530 2320.1
1175540 2321.2
1175550 2321.2
1175560 2322.2
1175570 2323.1
1175580 2323.1
1175590 2322.9
1175600 2323.4
1175610 2330.2
1175620 2330.7
1175630 2331.1
1175640 2331.1
1175650 2330.9
1175660 2330.4
1175670 2330.4
1175680 2332.6
1175690 2335.5
1175700 2335.5
1175710 2339.6
1175720 2351.3
1175730 2351.3
1175740 2361.7
1175750 2366.1
1175760 2366.1
1175770 2368.0
1175780 2365.6
1175790 2365.6
1175800 2360.6
1175810 2364.2
1175820 2377.0
1175830 2377.0
1175840 2389.5
1175850 2392.1
1175860 2392.1
1175870 2391.7
1175880 2392.6
1175890 2392.6
1175900 2391.4
1175910 2390.0
1175920 2390.0
1175930 2388.6
1175940 2386.6
1175950 2386.6
1175960 2383.3
1175970 2378.1
1175980 2378.1
1175990 2372.8
1176000 2367.4
1176010 2367.4
1176020 2357.3
1176030 2355.7
1176040 2355.7
1176050 2354.2
1176060 2350.9
1176070 2348.7
1176080 2348.7
1176090 2346.2
1176100 2344.7
1176110 2344.7
1176120 2343.1
1176130 2340.8
1176140 2340.8
1176150 2337.9
1176160 2335.2
1176170 2335.2
1176180 2333.9
1176190 2333.0
1176200 2333.0
1176210 2331.8
1176220 2330.6
1176230 2330.6
1176240 2329.9
1176250 2330.0
1176260 2330.0
1176270 2329.8
1176280 2329.1
1176290 2329.1
1176300 2328.6
1176310 2327.5
1176320 2326.2
1176330 2326.2
1176340 2325.1
1176350 2324.4
1176360 2324.4
1176370 2323.6
1176380 2322.3
1176390 2322.3
1176400 2320.2
1176410 2317.4
1176420 2317.4
1176430 2314.9
1176440 2306.8
1176450 2306.8
1176460 2305.2
1176470 2304.0
1176480 2304.0
1176490 2303.5
1176500 2303.7
1176510 2303.7
1176520 2305.4
1176530 2308.7
1176540 2308.7
1176550 2313.5
1176560 2316.8
1176570 2318.6
1176580 2318.6
1176590 2320.3
1176600 2322.2
1176610 2322.2
1176620 2326.6
1176630 2333.1
1176640 2333.1
1176650 2341.0
1176660 2347.0
1176670 2347.0
1176680 2351.0
1176690 2348.9
1176700 2348.9
1176710 2341.7
1176720 2331.9
1176730 2331.9
1176740 2319.7
1176750 2309.8
1176760 2309.8
1176770 2301.0
1176780 2293.3
1176790 2293.3
1176800 2286.8
1176810 2281.0
1176820 2276.4
1176830 2276.4
1176840 2273.9
1176850 2266.3
1176860 2266.3
1176870 2262.2
1176880 2259.0
1176890 2259.0
1176900 2256.1
1176910 2252.8
1176920 2252.8
1176930 2248.7
1176940 2244.3
1176950 2244.3
1176960 2240.0
1176970 2236.6
1176980 2236.6
1176990 2233.2
1177000 2229.1
1177010 2229.1
1177020 2225.0
1177030 2222.3
1177040 2222.3
1177050 2219.8
1177060 2216.6
1177070 2216.6
1177080 2212.2
1177090 2206.9
1177100 2201.9
1177110 2201.9
1177120 2197.1
1177130 2192.3
1177140 2192.3
1177150 2188.2
1177160 2183.7
1177170 2183.7
1177180 2179.4
1177190 2175.3
1177200 2175.3
1177210 2171.7
1177220 2169.1
1177230 2169.1
1177240 2166.8
1177250 2164.6
1177260 2163.9
1177270 2162.3
1177280 2160.9
1177290 2160.9
1177300 2159.0
1177310 2156.8
1177320 2156.8
1177330 2154.9
1177340 2153.4
1177350 2154.1
1177360 2154.1
1177370 2151.9
1177380 2149.6
1177390 2149.6
1177400 2147.8
1177410 2147.2
1177420 2147.2
1177430 2145.5
1177440 2143.6
1177450 2143.6
1177460 2141.2
1177470 2139.3
1177480 2139.3
1177490 2137.3
1177500 2135.8
1177510 2135.8
1177520 2134.1
1177530 2131.8
1177540 2131.8
1177550 2129.8
1177560 2127.2
1177570 2127.2
1177580 2125.0
1177590 2123.3
1177600 2121.9
1177610 2121.9
1177620 2121.5
1177630 2121.7
1177640 2121.7
1177650 2120.6
1177660 2119.7
1177670 2119.7
1177680 2119.6
1177690 2118.9
1177700 2118.9
1177710 2118.0
1177720 2116.5
1177730 2116.5
1177740 2114.6
1177750 2112.8
1177760 2112.8
1177770 2110.7
1177780 2107.9
1177790 2107.9
1177800 2104.7
1177810 2102.0
1177820 2102.0
1177830 2099.3
1177840 2098.0
1177850 2095.8
1177860 2095.8
1177870 2095.1
1177880 2093.6
1177890 2093.6
1177900 2090.9
1177910 2087.6
1177920 2087.6
1177930 2083.7
1177940 2077.6
1177950 2077.6
1177960 2070.6
1177970 2063.8
1177980 2063.8
1177990 2057.4
1178000 2050.8
1178010 2050.8
1178020 2044.0
1178030 2037.3
1178040 2037.3
1178050 2031.4
1178060 2027.4
1178070 2027.4
1178080 2024.0
1178090 2017.2
1178100 2017.2
1178110 2017.7
1178120 2020.4
1178130 2021.1
1178140 2021.1
1178150 2021.5
1178160 2022.8
1178170 2022.8
1178180 2022.9
1178190 2023.3
1178200 2023.3
1178210 2026.0
1178220 2031.4
1178230 2031.4
1178240 2033.7
1178250 2032.5
1178260 2032.5
1178270 2030.3
1178280 2027.6
1178290 2027.6
1178300 2024.6
1178310 2021.2
1178320 2021.2
1178330 2017.1
1178340 2012.2
1178350 2012.2
1178360 2006.1
1178370 2007.1
1178380 2014.3
1178390 2014.3
1178400 2023.3
1178410 2030.7
1178420 2030.7
1178430 2037.4
1178440 2044.3
1178450 2044.3
1178460 2052.5
1178470 2057.9
1178480 2057.9
1178490 2058.3
1178500 2058.3
1178510 2053.4
1178520 2061.3
1178530 2069.1
1178540 2069.1
1178550 2075.1
1178560 2082.4
1178570 2082.4
1178580 2089.0
1178590 2094.2
1178600 2094.2
1178610 2099.2
1178620 2104.5
1178630 2109.6
1178640 2109.6
1178650 2112.9
1178660 2113.4
1178670 2113.4
1178680 2113.4
1178690 2113.4
1178700 2113.4
1178710 2113.6
1178720 2114.5
1178730 2114.5
1178740 2116.5
1178750 2119.1
1178760 2119.1
1178770 2121.5
1178780 2124.6
1178790 2124.6
1178800 2127.8
1178810 2130.8
1178820 2130.8
1178830 2132.4
1178840 2133.8
1178850 2133.8
1178860 2135.7
1178870 2138.2
1178880 2141.8
1178890 2141.8
1178900 2145.7
1178910 2149.3
1178920 2153.6
1178930 2157.1
1178940 2159.8
1178950 2159.8
1178960 2160.6
1178970 2161.7
1178980 2161.7
1178990 2164.1
1179000 2167.8
1179010 2167.8
1179020 2172.5
1179030 2178.1
1179040 2178.1
1179050 2183.8
1179060 2189.4
1179070 2189.4
1179080 2193.7
1179090 2196.0
1179100 2196.0
1179110 2198.3
1179120 2202.1
1179130 2206.4
1179140 2206.4
1179150 2210.0
1179160 2215.0
1179170 2215.0
1179180 2220.6
1179190 2225.6
1179200 2225.6
1179210 2230.1
1179220 2233.6
1179230 2233.6
1179240 2236.5
1179250 2237.5
1179260 2237.5
1179270 2236.3
1179280 2233.9
1179290 2233.9
1179300 2229.5
1179310 2224.2
1179320 2224.2
1179330 2220.4
1179340 2212.1
1179350 2212.1
1179360 2210.6
1179370 2209.2
1179380 2209.2
1179390 2207.6
1179400 2205.8
1179410 2202.3
1179420 2202.3
1179430 2202.4
1179440 2208.2
1179450 2208.2
1179460 2213.2
1179470 2215.4
1179480 2215.4
1179490 2217.4
1179500 2219.1
1179510 2219.1
1179520 2221.8
1179530 2224.2
1179540 2224.2
1179550 2225.4
1179560 2228.2
1179570 2228.2
1179580 2232.0
1179590 2234.1
1179600 2234.1
1179610 2234.9
1179620 2237.3
1179630 2237.3
1179640 2239.0
1179650 2241.1
1179660 2243.2
1179670 2243.2
1179680 2242.6
1179690 2240.6
1179700 2240.6
1179710 2238.4
1179720 2237.8
1179730 2237.8
1179740 2238.6
1179750 2238.8
1179760 2236.6
1179770 2237.4
1179780 2239.9
1179790 2239.9
1179800 2243.2
1179810 2247.3
1179820 2247.3
1179830 2250.4
1179840 2252.2
1179850 2252.2
1179860 2252.8
1179870 2252.8
1179880 2252.8
1179890 2252.5
1179900 2252.3
1179910 2252.4
1179920 2252.4
1179930 2253.6
1179940 2254.6
1179950 2254.6
1179960 2254.6
1179970 2255.8
1179980 2255.8
1179990 2257.9
