1160000 1736.7
1160010 1730.8
1160020 1725.4
1160030 1725.4
1160040 1718.7
1160050 1713.5
1160060 1713.5
1160070 1709.6
1160080 1706.2
1160090 1706.2
1160100 1703.1
1160110 1699.8
1160120 1699.8
1160130 1695.3
1160140 1688.8
1160150 1688.8
1160160 1681.7
1160170 1671.8
1160180 1671.8
1160190 1666.1
1160200 1662.1
1160210 1662.1
1160220 1656.1
1160230 1645.8
1160240 1648.8
1160250 1648.8
1160260 1651.2
1160270 1652.4
1160280 1652.4
1160290 1649.2
1160300 1654.0
1160310 1654.0
1160320 1650.9
1160330 1646.4
1160340 1646.4
1160350 1640.7
1160360 1636.0
1160370 1636.0
1160380 1630.4
1160390 1626.1
1160400 1626.1
1160410 1624.8
1160420 1622.4
1160430 1622.4
1160440 1617.7
1160450 1614.4
1160460 1614.4
1160470 1610.9
1160480 1600.5
1160490 1592.3
1160500 1592.3
1160510 1588.1
1160520 1584.1
1160530 1584.1
1160540 1579.6
1160550 1575.2
1160560 1575.2
1160570 1572.0
1160580 1571.0
1160590 1571.0
1160600 1568.6
1160610 1566.2
1160620 1566.2
1160630 1563.5
1160640 1558.5
1160650 1558.5
1160660 1554.2
1160670 1550.9
1160680 1550.9
1160690 1556.9
1160700 1555.9
1160710 1555.9
1160720 1554.5
1160730 1552.8
1160740 1552.8
1160750 1551.7
1160760 1551.6
1160770 1550.5
1160780 1550.5
1160790 1548.1
1160800 1544.5
1160810 1544.5
1160820 1540.6
1160830 1536.9
1160840 1536.9
1160850 1533.2
1160860 1530.7
1160870 1530.7
1160880 1529.4
1160890 1528.4
1160900 1528.4
1160910 1526.8
1160920 1525.6
1160930 1525.6
1160940 1524.0
1160950 1521.7
1160960 1521.7
1160970 1519.7
1160980 1517.6
1160990 1517.6
1161000 1515.5
1161010 1514.2
1161020 1513.5
1161030 1513.5
1161040 1513.1
1161050 1512.7
1161060 1512.7
1161070 1511.6
1161080 1513.8
1161090 1513.8
1161100 1512.9
1161110 1511.7
1161120 1511.7
1161130 1510.4
1161140 1509.1
1161150 1509.1
1161160 1508.4
1161170 1508.3
1161180 1508.3
1161190 1508.3
1161200 1508.2
1161210 1508.2
1161220 1507.2
1161230 1505.5
1161240 1505.5
1161250 1503.6
1161260 1501.0
1161270 1497.6
1161280 1497.6
1161290 1494.1
1161300 1491.3
1161310 1491.3
1161320 1488.9
1161330 1486.3
1161340 1486.3
1161350 1484.7
1161360 1483.6
1161370 1483.6
1161380 1481.2
1161390 1477.5
1161400 1477.5
1161410 1473.0
1161420 1469.0
1161430 1469.0
1161440 1464.3
1161450 1459.9
1161460 1459.9
1161470 1456.6
1161480 1461.1
1161490 1461.1
1161500 1458.6
1161510 1455.6
1161520 1455.6
1161530 1453.2
1161540 1451.4
1161550 1449.8
1161560 1449.8
1161570 1447.8
1161580 1445.1
1161590 1445.1
1161600 1440.6
1161610 1436.3
1161620 1436.3
1161630 1432.0
1161640 1427.2
1161650 1427.2
1161660 1422.9
1161670 1418.4
1161680 1418.4
1161690 1413.9
1161700 1408.7
1161710 1408.7
1161720 1404.3
1161730 1403.9
1161740 1403.9
1161750 1402.2
1161760 1398.8
1161770 1398.8
1161780 1394.2
1161790 1388.0
1161800 1379.7
1161810 1379.7
1161820 1374.4
1161830 1372.4
1161840 1372.4
1161850 1367.6
1161860 1364.2
1161870 1377.6
1161880 1369.9
1161890 1367.7
1161900 1367.7
1161910 1365.4
1161920 1361.5
1161930 1361.5
1161940 1357.0
1161950 1352.0
1161960 1352.0
1161970 1347.8
1161980 1343.8
1161990 1343.8
1162000 1340.1
1162010 1335.4
1162020 1335.4
1162030 1331.2
1162040 1328.5
1162050 1325.7
1162060 1325.7
1162070 1323.1
1162080 1320.8
1162090 1320.8
1162100 1317.7
1162110 1315.3
1162120 1315.3
1162130 1312.4
1162140 1310.2
1162150 1310.2
1162160 1310.0
1162170 1310.4
1162180 1310.4
1162190 1309.6
1162200 1309.3
1162210 1309.3
1162220 1309.3
1162230 1309.7
1162240 1309.7
1162250 1308.9
1162260 1309.5
1162270 1309.5
1162280 1306.3
1162290 1308.7
1162300 1308.7
1162310 1312.2
1162320 1315.3
1162330 1313.7
1162340 1313.7
1162350 1313.9
1162360 1312.9
1162370 1312.9
1162380 1312.6
1162390 1312.6
1162400 1312.6
1162410 1312.0
1162420 1311.0
1162430 1311.0
1162440 1310.0
1162450 1309.5
1162460 1309.5
1162470 1309.2
1162480 1309.0
1162490 1309.0
1162500 1308.4
1162510 1306.3
1162520 1306.3
1162530 1303.0
1162540 1293.7
1162550 1293.7
1162560 1265.9
1162570 1253.8
1162580 1250.5
1162590 1250.5
1162600 1253.5
1162610 1255.6
1162620 1255.6
1162630 1260.6
1162640 1271.1
1162650 1271.1
1162660 1286.6
1162670 1285.1
1162680 1285.1
1162690 1283.0
1162700 1283.3
1162710 1283.3
1162720 1287.1
1162730 1287.9
1162740 1287.9
1162750 1287.1
1162760 1285.8
1162770 1285.8
1162780 1283.8
1162790 1282.4
1162800 1282.4
1162810 1280.0
1162820 1274.7
1162830 1269.9
1162840 1269.9
1162850 1265.0
1162860 1255.0
1162870 1255.0
1162880 1243.3
1162890 1243.0
1162900 1243.0
1162910 1249.9
1162920 1254.2
1162930 1254.2
1162940 1258.9
1162950 1262.2
1162960 1262.2
1162970 1264.6
1162980 1266.7
1162990 1266.7
1163000 1269.1
1163010 1272.2
1163020 1272.2
1163030 1276.1
1163040 1279.8
1163050 1279.8
1163060 1284.5
1163070 1287.3
1163080 1287.3
1163090 1289.5
1163100 1291.9
1163110 1293.9
1163120 1293.9
1163130 1296.1
1163140 1297.7
1163150 1297.7
1163160 1298.9
1163170 1300.7
1163180 1300.7
1163190 1303.0
1163200 1305.3
1163210 1305.3
1163220 1307.7
1163230 1309.8
1163240 1309.8
1163250 1308.8
1163260 1306.6
1163270 1306.6
1163280 1306.8
1163290 1308.3
1163300 1308.3
1163310 1309.0
1163320 1309.1
1163330 1309.1
1163340 1309.5
1163350 1310.9
1163360 1312.6
1163370 1312.6
1163380 1314.9
1163390 1316.6
1163400 1316.6
1163410 1315.4
1163420 1314.2
1163430 1314.2
1163440 1315.2
1163450 1316.4
1163460 1316.4
1163470 1319.4
1163480 1325.3
1163490 1325.3
1163500 1329.2
1163510 1334.0
1163520 1334.0
1163530 1338.2
1163540 1343.9
1163550 1343.9
1163560 1349.5
1163570 1352.7
1163580 1352.7
1163590 1353.2
1163600 1353.2
1163610 1354.5
1163620 1354.5
1163630 1358.4
1163640 1363.6
1163650 1363.6
1163660 1368.8
1163670 1373.1
1163680 1373.1
1163690 1377.3
1163700 1381.9
1163710 1381.9
1163720 1386.3
1163730 1390.8
1163740 1390.8
1163750 1395.1
1163760 1399.5
1163770 1399.5
1163780 1403.9
1163790 1407.8
1163800 1407.8
1163810 1412.8
1163820 1418.4
1163830 1418.4
1163840 1423.2
1163850 1424.1
1163860 1429.0
1163870 1429.0
1163880 1432.6
1163890 1439.3
1163900 1439.3
1163910 1448.2
1163920 1458.2
1163930 1458.2
1163940 1464.5
1163950 1467.7
1163960 1467.7
1163970 1470.4
1163980 1473.0
1163990 1473.0
1164000 1474.1
1164010 1474.5
1164020 1474.5
1164030 1476.7
1164040 1479.7
1164050 1479.7
1164060 1486.2
1164070 1492.6
1164080 1492.6
1164090 1498.0
1164100 1504.1
1164110 1504.1
1164120 1509.6
1164130 1514.8
1164140 1520.0
1164150 1520.0
1164160 1525.4
1164170 1530.7
1164180 1530.7
1164190 1536.4
1164200 1542.2
1164210 1542.2
1164220 1548.5
1164230 1554.4
1164240 1549.9
1164250 1554.6
1164260 1558.8
1164270 1558.8
1164280 1563.0
1164290 1568.8
1164300 1568.8
1164310 1574.9
1164320 1580.1
1164330 1580.1
1164340 1583.2
1164350 1584.7
1164360 1584.7
1164370 1588.5
1164380 1594.2
1164390 1598.4
1164400 1598.4
1164410 1602.9
1164420 1608.1
1164430 1608.1
1164440 1612.7
1164450 1618.3
1164460 1618.3
1164470 1625.5
1164480 1633.0
1164490 1633.0
1164500 1640.0
1164510 1645.6
1164520 1645.6
1164530 1650.4
1164540 1655.0
1164550 1655.0
1164560 1659.6
1164570 1664.8
1164580 1664.8
1164590 1670.3
1164600 1676.5
1164610 1676.5
1164620 1682.6
1164630 1688.6
1164640 1689.6
1164650 1689.6
1164660 1692.9
1164670 1696.5
1164680 1696.5
1164690 1700.0
1164700 1703.6
1164710 1703.6
1164720 1707.9
1164730 1713.0
1164740 1713.0
1164750 1718.8
1164760 1721.7
1164770 1721.7
1164780 1724.9
1164790 1727.8
1164800 1727.8
1164810 1730.5
1164820 1732.4
1164830 1732.4
1164840 1735.5
1164850 1737.1
1164860 1737.1
1164870 1733.5
1164880 1726.7
1164890 1726.7
1164900 1719.5
1164910 1714.4
1164920 1713.1
1164930 1713.1
1164940 1715.2
1164950 1719.3
1164960 1719.3
1164970 1722.7
1164980 1724.5
1164990 1724.5
1165000 1725.9
1165010 1728.1
1165020 1728.1
1165030 1729.7
1165040 1721.6
1165050 1721.6
1165060 1722.9
1165070 1724.3
1165080 1724.3
1165090 1726.5
1165100 1728.2
1165110 1728.2
1165120 1729.7
1165130 1730.1
1165140 1730.1
1165150 1730.1
1165160 1730.2
1165170 1730.8
1165180 1730.8
1165190 1730.7
1165200 1730.0
1165210 1730.0
1165220 1729.3
1165230 1728.5
1165240 1728.5
1165250 1727.5
1165260 1726.2
1165270 1726.2
1165280 1725.2
1165290 1723.9
1165300 1723.9
1165310 1724.6
1165320 1726.4
1165330 1726.4
1165340 1727.0
1165350 1726.5
1165360 1726.5
1165370 1726.1
1165380 1725.4
1165390 1725.4
1165400 1725.8
1165410 1726.3
1165420 1724.8
1165430 1724.8
1165440 1714.2
1165450 1711.1
1165460 1711.1
1165470 1708.1
1165480 1705.5
1165490 1705.5
1165500 1702.8
1165510 1699.8
1165520 1699.8
1165530 1695.9
1165540 1689.7
1165550 1689.7
1165560 1682.3
1165570 1671.0
1165580 1671.0
1165590 1656.8
1165600 1645.2
1165610 1645.2
1165620 1640.8
1165630 1649.9
1165640 1649.9
1165650 1663.4
1165660 1672.3
1165670 1672.3
1165680 1676.0
1165690 1673.9
1165700 1674.3
1165710 1674.3
1165720 1674.9
1165730 1672.1
1165740 1672.1
1165750 1668.4
1165760 1664.4
1165770 1664.4
1165780 1660.7
1165790 1657.8
1165800 1657.8
1165810 1652.7
1165820 1643.7
1165830 1643.7
1165840 1627.0
1165850 1624.9
1165860 1624.9
1165870 1631.7
1165880 1638.1
1165890 1638.1
1165900 1640.4
1165910 1639.6
1165920 1639.6
1165930 1638.4
1165940 1634.4
1165950 1633.7
1165960 1633.7
1165970 1629.4
1165980 1624.0
1165990 1624.0
1166000 1625.9
1166010 1621.6
1166020 1621.6
1166030 1614.6
1166040 1608.7
1166050 1608.7
1166060 1604.2
1166070 1602.9
1166080 1602.9
1166090 1606.8
1166100 1613.9
1166110 1613.9
1166120 1621.2
1166130 1629.3
1166140 1629.3
1166150 1640.8
1166160 1649.9
1166170 1649.9
1166180 1657.0
1166190 1664.4
1166200 1671.6
1166210 1671.6
1166220 1679.0
1166230 1689.7
1166240 1689.7
1166250 1697.5
1166260 1706.8
1166270 1706.8
1166280 1715.6
1166290 1723.4
1166300 1723.4
1166310 1729.8
1166320 1738.1
1166330 1738.1
1166340 1746.4
1166350 1756.3
1166360 1756.3
1166370 1765.5
1166380 1773.3
1166390 1773.3
1166400 1781.3
1166410 1789.8
1166420 1789.8
1166430 1800.1
1166440 1811.0
1166450 1821.3
1166460 1821.3
1166470 1833.7
1166480 1845.3
1166490 1845.3
1166500 1855.6
1166510 1865.4
1166520 1865.4
1166530 1874.4
1166540 1881.6
1166550 1881.6
1166560 1888.3
1166570 1894.2
1166580 1894.2
1166590 1899.7
1166600 1905.7
1166610 1905.7
1166620 1912.0
1166630 1923.5
1166640 1923.5
1166650 1929.9
1166660 1935.9
1166670 1935.9
1166680 1942.2
1166690 1948.8
1166700 1948.8
1166710 1954.9
1166720 1960.3
1166730 1965.9
1166740 1965.9
1166750 1971.4
1166760 1976.4
1166770 1976.4
1166780 1981.2
1166790 1985.8
1166800 1985.8
1166810 1990.3
1166820 1995.8
1166830 1995.8
1166840 2001.9
1166850 2007.7
1166860 2007.7
1166870 2013.7
1166880 2020.5
1166890 2020.5
1166900 2029.0
1166910 2045.9
1166920 2045.9
1166930 2060.9
1166940 2073.9
1166950 2073.9
1166960 2090.6
1166970 2105.3
1166980 2115.2
1166990 2115.2
1167000 2123.9
1167010 2132.9
1167020 2132.9
1167030 2133.6
1167040 2142.3
1167050 2142.3
1167060 2151.9
1167070 2161.8
1167080 2161.8
1167090 2168.4
1167100 2174.4
1167110 2174.4
1167120 2181.0
1167130 2185.8
1167140 2185.8
1167150 2187.5
1167160 2170.3
1167170 2170.3
1167180 2155.3
1167190 2163.8
1167200 2163.8
1167210 2164.9
1167220 2161.2
1167230 2158.6
1167240 2158.6
1167250 2157.8
1167260 2154.1
1167270 2154.1
1167280 2152.4
1167290 2155.3
1167300 2155.3
1167310 2156.9
1167320 2158.5
1167330 2158.5
1167340 2158.9
1167350 2157.6
1167360 2157.6
1167370 2156.5
1167380 2156.7
1167390 2156.7
1167400 2157.9
1167410 2158.3
1167420 2158.3
1167430 2153.4
1167440 2154.7
1167450 2154.7
1167460 2159.5
1167470 2165.6
1167480 2165.6
1167490 2169.8
1167500 2175.7
1167510 2184.0
1167520 2184.0
1167530 2193.0
1167540 2201.1
1167550 2201.1
1167560 2208.1
1167570 2214.8
1167580 2214.8
1167590 2221.6
1167600 2228.6
1167610 2228.6
1167620 2235.6
1167630 2242.6
1167640 2242.6
1167650 2249.9
1167660 2257.3
1167670 2257.3
1167680 2264.8
1167690 2272.3
1167700 2272.3
1167710 2280.1
1167720 2288.8
1167730 2288.8
1167740 2297.7
1167750 2306.5
1167760 2314.3
1167770 2314.3
1167780 2322.4
1167790 2330.4
1167800 2330.4
1167810 2338.0
1167820 2346.4
1167830 2346.4
1167840 2355.1
1167850 2360.8
1167860 2360.8
1167870 2363.7
1167880 2359.1
1167890 2359.1
1167900 2351.7
1167910 2347.3
1167920 2347.3
1167930 2349.2
1167940 2347.3
1167950 2347.3
1167960 2341.8
1167970 2344.2
1167980 2344.2
1167990 2349.9
1168000 2355.0
1168010 2350.1
1168020 2350.1
1168030 2348.1
1168040 2344.6
1168050 2344.6
1168060 2335.6
1168070 2324.9
1168080 2324.9
1168090 2318.9
1168100 2316.7
1168110 2316.7
1168120 2312.2
1168130 2307.6
1168140 2307.6
1168150 2305.1
1168160 2299.8
1168170 2299.8
1168180 2288.4
1168190 2277.0
1168200 2277.0
1168210 2283.9
1168220 2280.9
1168230 2280.9
1168240 2278.3
1168250 2282.8
1168260 2285.5
1168270 2285.5
1168280 2294.6
1168290 2305.1
1168300 2305.1
1168310 2308.3
1168320 2302.4
1168330 2302.4
1168340 2300.0
1168350 2299.2
1168360 2299.2
1168370 2304.2
1168380 2304.5
1168390 2304.5
1168400 2308.7
1168410 2312.6
1168420 2312.6
1168430 2318.2
1168440 2326.8
1168450 2326.8
1168460 2333.7
1168470 2343.6
1168480 2343.6
1168490 2356.3
1168500 2361.5
1168510 2361.5
1168520 2364.9
1168530 2372.5
1168540 2377.3
1168550 2377.3
1168560 2385.0
1168570 2394.6
1168580 2394.6
1168590 2404.6
1168600 2409.0
1168610 2409.0
1168620 2406.6
1168630 2404.3
1168640 2395.6
1168650 2395.1
1168660 2391.4
1168670 2391.4
1168680 2394.3
1168690 2388.7
1168700 2388.7
1168710 2384.7
1168720 2385.1
1168730 2385.1
1168740 2389.9
1168750 2396.4
1168760 2396.4
1168770 2397.2
1168780 2397.2
1168790 2393.9
1168800 2393.9
1168810 2388.9
1168820 2391.3
1168830 2391.3
1168840 2393.5
1168850 2393.9
1168860 2393.9
1168870 2393.5
1168880 2392.4
1168890 2392.4
1168900 2390.5
1168910 2386.8
1168920 2386.8
1168930 2382.8
1168940 2377.2
1168950 2377.2
1168960 2370.3
1168970 2363.0
1168980 2363.0
1168990 2357.6
1169000 2352.4
1169010 2352.4
1169020 2344.0
1169030 2336.4
1169040 2324.5
1169050 2324.5
1169060 2325.4
1169070 2325.2
1169080 2325.2
1169090 2326.9
1169100 2332.0
1169110 2332.0
1169120 2331.7
1169130 2328.3
1169140 2328.3
1169150 2325.3
1169160 2321.2
1169170 2321.2
1169180 2314.9
1169190 2310.8
1169200 2310.8
1169210 2311.9
1169220 2316.0
1169230 2316.0
1169240 2317.2
1169250 2316.9
1169260 2316.9
1169270 2312.3
1169280 2308.3
1169290 2308.3
1169300 2310.5
1169310 2313.1
1169320 2317.6
1169330 2317.6
1169340 2327.2
1169350 2339.9
1169360 2339.9
1169370 2366.3
1169380 2396.8
1169390 2396.8
1169400 2408.6
1169410 2415.5
1169420 2415.5
1169430 2421.2
1169440 2426.8
1169450 2418.8
1169460 2424.3
1169470 2428.1
1169480 2428.1
1169490 2433.9
1169500 2440.9
1169510 2440.9
1169520 2453.2
1169530 2465.8
1169540 2465.8
1169550 2475.9
1169560 2482.3
1169570 2482.6
1169580 2482.6
1169590 2489.9
1169600 2494.5
1169610 2494.5
1169620 2492.1
1169630 2482.9
1169640 2482.9
1169650 2478.1
1169660 2484.8
1169670 2484.8
1169680 2483.6
1169690 2495.0
1169700 2495.0
1169710 2506.8
1169720 2501.9
1169730 2501.9
1169740 2496.9
1169750 2495.0
1169760 2495.0
1169770 2495.9
1169780 2505.8
1169790 2505.8
1169800 2505.9
1169810 2496.8
1169820 2490.6
1169830 2490.6
1169840 2490.7
1169850 2463.7
1169860 2463.7
1169870 2455.4
1169880 2458.2
1169890 2458.2
1169900 2469.1
1169910 2472.0
1169920 2472.0
1169930 2479.3
1169940 2488.0
1169950 2488.0
1169960 2491.2
1169970 2494.4
1169980 2494.4
1169990 2497.8
1170000 2492.0
1170010 2492.0
1170020 2489.3
1170030 2485.1
1170040 2485.1
1170050 2477.6
1170060 2470.6
1170070 2470.6
1170080 2463.9
1170090 2454.3
1170100 2444.0
1170110 2444.0
1170120 2433.7
1170130 2430.7
1170140 2430.7
1170150 2426.7
1170160 2423.4
1170170 2423.4
1170180 2424.0
1170190 2432.0
1170200 2432.0
1170210 2439.2
1170220 2440.5
1170230 2440.5
1170240 2435.9
1170250 2429.7
1170260 2429.7
1170270 2422.7
1170280 2418.3
1170290 2418.3
1170300 2416.5
1170310 2414.7
1170320 2414.7
1170330 2413.7
1170340 2414.1
1170350 2415.3
1170360 2415.3
1170370 2417.9
1170380 2422.9
1170390 2422.9
1170400 2432.7
1170410 2431.8
1170420 2431.8
1170430 2431.8
1170440 2431.3
1170450 2431.3
1170460 2428.0
1170470 2431.8
1170480 2431.8
1170490 2440.8
1170500 2448.1
1170510 2448.1
1170520 2450.7
1170530 2459.3
1170540 2459.3
1170550 2467.7
1170560 2475.3
1170570 2475.3
1170580 2484.5
1170590 2481.0
1170600 2466.4
1170610 2466.4
1170620 2448.1
1170630 2455.3
1170640 2455.3
1170650 2465.1
1170660 2470.4
1170670 2470.4
1170680 2463.1
1170690 2455.8
1170700 2455.8
1170710 2444.9
1170720 2428.6
1170730 2428.6
1170740 2424.9
1170750 2423.3
1170760 2423.3
1170770 2416.0
1170780 2407.7
1170790 2407.7
1170800 2397.9
1170810 2388.9
1170820 2388.9
1170830 2380.7
1170840 2370.4
1170850 2360.8
1170860 2360.8
1170870 2351.2
1170880 2343.3
1170890 2343.3
1170900 2336.1
1170910 2329.4
1170920 2329.4
1170930 2323.8
1170940 2322.6
1170950 2322.6
1170960 2315.3
1170970 2306.0
1170980 2306.0
1170990 2301.4
1171000 2292.9
1171010 2292.9
1171020 2288.2
1171030 2283.7
1171040 2283.7
1171050 2278.7
1171060 2272.8
1171070 2268.4
1171080 2262.5
1171090 2257.3
1171100 2257.3
1171110 2253.6
1171120 2250.3
1171130 2247.2
1171140 2247.2
1171150 2244.1
1171160 2241.8
1171170 2241.8
1171180 2240.3
1171190 2238.5
1171200 2238.5
1171210 2236.6
1171220 2235.0
1171230 2235.0
1171240 2234.2
1171250 2233.6
1171260 2233.6
1171270 2233.3
1171280 2233.4
1171290 2233.4
1171300 2233.4
1171310 2233.0
1171320 2233.0
1171330 2232.1
1171340 2230.8
1171350 2230.8
1171360 2230.1
1171370 2229.7
1171380 2229.1
1171390 2229.1
1171400 2227.5
1171410 2225.8
1171420 2225.8
1171430 2225.2
1171440 2225.2
1171450 2225.2
1171460 2224.5
1171470 2216.5
1171480 2216.5
1171490 2211.4
1171500 2206.7
1171510 2206.7
1171520 2201.8
1171530 2196.5
1171540 2196.5
1171550 2191.4
1171560 2187.3
1171570 2187.3
1171580 2183.5
1171590 2178.6
1171600 2178.6
1171610 2174.9
1171620 2172.5
1171630 2168.0
1171640 2168.0
1171650 2161.8
1171660 2159.5
1171670 2159.5
1171680 2155.8
1171690 2146.7
1171700 2146.7
1171710 2135.8
1171720 2125.1
1171730 2125.1
1171740 2118.6
1171750 2114.2
1171760 2114.2
1171770 2110.6
1171780 2107.4
1171790 2107.4
1171800 2103.6
1171810 2100.2
1171820 2100.2
1171830 2097.8
1171840 2096.5
1171850 2096.5
1171860 2096.0
1171870 2095.5
1171880 2087.7
1171890 2086.1
1171900 2084.3
1171910 2081.7
1171920 2081.7
1171930 2078.3
1171940 2076.1
1171950 2076.1
1171960 2074.9
1171970 2071.5
1171980 2071.5
1171990 2067.9
1172000 2064.1
1172010 2064.1
1172020 2061.4
1172030 2059.2
1172040 2059.2
1172050 2057.6
1172060 2055.7
1172070 2055.7
1172080 2052.5
1172090 2049.6
1172100 2049.6
1172110 2047.6
1172120 2046.3
1172130 2046.3
1172140 2044.3
1172150 2040.7
1172160 2037.3
1172170 2037.3
1172180 2034.8
1172190 2032.7
1172200 2032.7
1172210 2030.9
1172220 2030.1
1172230 2030.1
1172240 2029.1
1172250 2027.6
1172260 2027.6
1172270 2026.0
1172280 2022.9
1172290 2021.8
1172300 2019.8
1172310 2015.0
1172320 2015.0
1172330 2009.0
1172340 2003.7
1172350 2003.7
1172360 2000.7
1172370 1995.7
1172380 1995.7
1172390 1992.3
1172400 1990.1
1172410 1987.8
1172420 1987.8
1172430 1984.8
1172440 1980.7
1172450 1980.7
1172460 1979.6
1172470 1978.6
1172480 1978.6
1172490 1977.3
1172500 1976.2
1172510 1976.2
1172520 1975.7
1172530 1974.4
1172540 1974.4
1172550 1974.7
1172560 1976.2
1172570 1976.2
1172580 1978.8
1172590 1980.0
1172600 1980.0
1172610 1992.5
1172620 1997.5
1172630 1997.5
1172640 2005.6
1172650 2005.9
1172660 2004.8
1172670 2004.8
1172680 2009.4
1172690 2025.5
1172700 2025.5
1172710 2029.8
1172720 2034.4
1172730 2034.4
1172740 2041.3
1172750 2049.3
1172760 2049.3
1172770 2053.6
1172780 2056.1
1172790 2056.1
1172800 2054.1
1172810 2051.9
1172820 2051.9
1172830 2048.8
1172840 2041.6
1172850 2041.6
1172860 2034.1
1172870 2027.4
1172880 2027.4
1172890 2020.2
1172900 2012.1
1172910 2012.1
1172920 2004.5
1172930 1993.5
1172940 1980.5
1172950 1980.5
1172960 1969.9
1172970 1962.4
1172980 1962.4
1172990 1955.9
1173000 1951.5
1173010 1951.5
1173020 1947.8
1173030 1944.8
1173040 1944.8
1173050 1943.2
1173060 1942.7
1173070 1942.7
1173080 1937.8
1173090 1924.3
1173100 1941.0
1173110 1934.3
1173120 1927.2
1173130 1927.2
1173140 1919.7
1173150 1904.8
1173160 1904.8
1173170 1890.1
1173180 1875.6
1173190 1863.9
1173200 1863.9
1173210 1854.8
1173220 1849.1
1173230 1849.1
1173240 1843.4
1173250 1837.2
1173260 1837.2
1173270 1829.4
1173280 1820.9
1173290 1820.9
1173300 1812.3
1173310 1809.7
1173320 1809.7
1173330 1802.9
1173340 1793.7
1173350 1793.7
1173360 1789.6
1173370 1787.3
1173380 1787.3
1173390 1785.9
1173400 1782.2
1173410 1782.2
1173420 1774.8
1173430 1769.6
1173440 1768.2
1173450 1768.2
1173460 1761.5
1173470 1754.1
1173480 1754.1
1173490 1754.3
1173500 1759.8
1173510 1772.9
1173520 1775.1
1173530 1776.9
1173540 1776.9
1173550 1776.6
1173560 1774.2
1173570 1774.2
1173580 1771.1
1173590 1771.3
1173600 1771.3
1173610 1767.1
1173620 1769.9
1173630 1769.9
1173640 1769.2
1173650 1771.1
1173660 1771.1
1173670 1776.2
1173680 1778.3
1173690 1778.3
1173700 1779.1
1173710 1780.5
1173720 1785.3
1173730 1785.3
1173740 1787.2
1173750 1788.4
1173760 1788.4
1173770 1788.3
1173780 1792.7
1173790 1792.7
1173800 1794.0
1173810 1795.1
1173820 1795.1
1173830 1796.0
1173840 1796.7
1173850 1796.7
1173860 1797.6
1173870 1799.8
1173880 1799.8
1173890 1801.5
1173900 1803.5
1173910 1803.5
1173920 1809.9
1173930 1811.6
1173940 1811.6
1173950 1811.6
1173960 1808.7
1173970 1802.8
1173980 1802.8
1173990 1808.1
1174000 1812.7
1174010 1812.7
1174020 1818.8
1174030 1822.9
1174040 1822.9
1174050 1824.2
1174060 1819.9
1174070 1819.9
1174080 1809.9
1174090 1806.2
1174100 1806.2
1174110 1807.4
1174120 1814.0
1174130 1814.0
1174140 1819.4
1174150 1827.9
1174160 1827.9
1174170 1836.5
1174180 1848.7
1174190 1848.7
1174200 1872.1
1174210 1888.9
1174220 1895.8
1174230 1895.8
1174240 1905.9
1174250 1921.5
1174260 1921.5
1174270 1930.0
1174280 1937.0
1174290 1937.0
1174300 1944.5
1174310 1951.7
1174320 1951.7
1174330 1958.3
1174340 1966.7
1174350 1966.7
1174360 1975.0
1174370 1981.0
1174380 1981.0
1174390 1985.9
1174400 1990.7
1174410 1990.7
1174420 1995.9
1174430 2001.6
1174440 2001.6
1174450 2007.6
1174460 2013.4
1174470 2019.3
1174480 2019.3
1174490 2024.8
1174500 2029.3
1174510 2029.3
1174520 2034.6
1174530 2041.7
1174540 2041.7
1174550 2048.5
1174560 2054.1
1174570 2054.1
1174580 2056.7
1174590 2058.4
1174600 2058.4
1174610 2060.2
1174620 2062.3
1174630 2062.3
1174640 2065.9
1174650 2069.8
1174660 2069.8
1174670 2073.6
1174680 2077.6
1174690 2077.6
1174700 2081.7
1174710 2085.4
1174720 2085.4
1174730 2085.7
1174740 2089.7
1174750 2092.3
1174760 2092.3
1174770 2093.9
1174780 2094.4
1174790 2094.4
1174800 2093.0
1174810 2090.3
1174820 2090.3
1174830 2087.6
1174840 2085.9
1174850 2085.9
1174860 2085.2
1174870 2085.4
1174880 2085.4
1174890 2085.6
1174900 2085.8
1174910 2085.8
1174920 2086.2
1174930 2086.7
1174940 2086.7
1174950 2087.0
1174960 2087.1
1174970 2087.1
1174980 2087.1
1174990 2089.1
1175000 2095.2
1175010 2095.2
1175020 2109.2
1175030 2122.1
1175040 2122.1
1175050 2128.9
1175060 2134.1
1175070 2134.1
1175080 2136.1
1175090 2137.6
1175100 2137.6
1175110 2140.5
1175120 2144.1
1175130 2144.1
1175140 2148.7
1175150 2152.7
1175160 2152.7
1175170 2154.5
1175180 2156.5
1175190 2156.5
1175200 2159.5
1175210 2162.4
1175220 2162.4
1175230 2165.8
1175240 2169.1
1175250 2173.8
1175260 2173.8
1175270 2178.4
1175280 2181.5
1175290 2181.5
1175300 2185.7
1175310 2190.8
1175320 2190.8
1175330 2193.9
1175340 2196.2
1175350 2196.2
1175360 2201.0
1175370 2206.5
1175380 2206.5
1175390 2211.7
1175400 2216.7
1175410 2216.7
1175420 2221.6
1175430 2226.5
1175440 2226.5
1175450 2231.8
1175460 2239.1
1175470 2239.1
1175480 2247.5
1175490 2256.3
1175500 2256.3
1175510 2263.4
1175520 2269.9
1175530 2277.0
1175540 2277.0
1175550 2283.9
1175560 2287.6
1175570 2287.6
1175580 2295.3
1175590 2303.9
1175600 2303.9
1175610 2316.2
1175620 2333.1
1175630 2333.1
1175640 2358.0
1175650 2377.7
1175660 2377.7
1175670 2390.0
1175680 2400.8
1175690 2400.8
1175700 2405.3
1175710 2394.8
1175720 2394.8
1175730 2386.9
1175740 2389.3
1175750 2389.3
1175760 2397.8
1175770 2400.0
1175780 2389.6
1175790 2389.6
1175800 2382.5
1175810 2381.6
1175820 2381.6
1175830 2372.6
1175840 2362.0
1175850 2362.0
1175860 2356.7
1175870 2362.1
1175880 2362.1
1175890 2355.9
1175900 2355.8
1175910 2355.8
1175920 2352.2
1175930 2345.0
1175940 2345.0
1175950 2341.4
1175960 2338.6
1175970 2348.6
1175980 2342.8
1175990 2339.0
1176000 2339.0
1176010 2341.9
1176020 2342.9
1176030 2343.1
1176040 2343.1
1176050 2343.7
1176060 2344.8
1176070 2344.8
1176080 2347.8
1176090 2348.2
1176100 2348.2
1176110 2349.1
1176120 2350.3
1176130 2350.3
1176140 2351.6
1176150 2353.8
1176160 2353.8
1176170 2354.5
1176180 2355.4
1176190 2355.4
1176200 2356.9
1176210 2357.7
1176220 2357.7
1176230 2358.1
1176240 2357.8
1176250 2357.8
1176260 2357.4
1176270 2361.9
1176280 2369.9
1176290 2369.9
1176300 2377.6
1176310 2378.7
1176320 2378.7
1176330 2372.1
1176340 2363.2
1176350 2363.2
1176360 2359.7
1176370 2360.9
1176380 2360.9
1176390 2368.5
1176400 2369.1
1176410 2369.1
1176420 2370.2
1176430 2371.2
1176440 2371.2
1176450 2371.4
1176460 2371.7
1176470 2371.7
1176480 2371.8
1176490 2372.2
1176500 2372.2
1176510 2373.0
1176520 2373.6
1176530 2373.6
1176540 2374.5
1176550 2376.3
1176560 2378.9
1176570 2378.9
1176580 2381.9
1176590 2385.0
1176600 2385.0
1176610 2388.0
1176620 2391.5
1176630 2391.5
1176640 2395.6
1176650 2399.6
1176660 2399.6
1176670 2403.3
1176680 2406.3
1176690 2406.3
1176700 2408.8
1176710 2412.2
1176720 2412.2
1176730 2417.5
1176740 2422.4
1176750 2422.4
1176760 2426.8
1176770 2429.7
1176780 2429.7
1176790 2432.8
1176800 2442.4
1176810 2446.3
1176820 2446.3
1176830 2448.7
1176840 2450.9
1176850 2450.9
1176860 2453.7
1176870 2456.3
1176880 2456.3
1176890 2458.8
1176900 2461.5
1176910 2461.5
1176920 2464.8
1176930 2468.9
1176940 2468.9
1176950 2472.7
1176960 2475.4
1176970 2475.4
1176980 2477.0
1176990 2479.1
1177000 2479.1
1177010 2482.0
1177020 2486.7
1177030 2486.7
1177040 2496.0
1177050 2508.4
1177060 2518.2
1177070 2518.2
1177080 2524.0
1177090 2529.0
1177100 2529.0
1177110 2533.7
1177120 2539.7
1177130 2539.7
1177140 2545.7
1177150 2548.6
1177160 2548.6
1177170 2547.2
1177180 2547.0
1177190 2547.0
1177200 2550.1
1177210 2558.5
1177220 2558.5
1177230 2560.4
1177240 2563.9
1177250 2563.9
1177260 2569.1
1177270 2574.9
1177280 2574.9
1177290 2580.1
1177300 2567.4
1177310 2538.9
1177320 2538.9
1177330 2494.1
1177340 2475.2
1177350 2475.2
1177360 2466.6
1177370 2457.9
1177380 2457.9
1177390 2446.6
1177400 2435.0
1177410 2435.0
1177420 2428.1
1177430 2418.7
1177440 2418.7
1177450 2407.6
1177460 2398.5
1177470 2398.5
1177480 2393.1
1177490 2386.9
1177500 2386.9
1177510 2380.0
1177520 2373.3
1177530 2373.3
1177540 2366.9
1177550 2361.0
1177560 2361.0
1177570 2357.6
1177580 2356.4
1177590 2354.1
1177600 2354.1
1177610 2350.8
1177620 2346.5
1177630 2341.8
1177640 2337.7
1177650 2335.1
1177660 2335.1
1177670 2333.5
1177680 2332.9
1177690 2332.9
1177700 2333.5
1177710 2335.3
1177720 2335.3
1177730 2337.8
1177740 2340.8
1177750 2340.8
1177760 2344.4
1177770 2348.8
1177780 2348.8
1177790 2352.7
1177800 2355.2
1177810 2355.2
1177820 2358.5
1177830 2365.3
1177840 2374.4
1177850 2374.4
1177860 2382.2
1177870 2385.8
1177880 2385.8
1177890 2389.4
1177900 2396.8
1177910 2396.8
1177920 2407.0
1177930 2418.1
1177940 2418.1
1177950 2437.2
1177960 2447.0
1177970 2447.0
1177980 2455.0
1177990 2462.7
1178000 2462.7
1178010 2458.2
1178020 2452.9
1178030 2452.9
1178040 2450.2
1178050 2460.8
1178060 2460.8
1178070 2471.5
1178080 2473.1
1178090 2477.8
1178100 2477.8
1178110 2503.6
1178120 2513.9
1178130 2513.9
1178140 2518.3
1178150 2532.2
1178160 2532.2
1178170 2541.3
1178180 2547.0
1178190 2547.0
1178200 2549.9
1178210 2554.0
1178220 2554.0
1178230 2554.0
1178240 2553.9
1178250 2553.9
1178260 2557.7
1178270 2561.0
1178280 2561.0
1178290 2564.3
1178300 2567.0
1178310 2567.0
1178320 2568.3
1178330 2570.4
1178340 2570.4
1178350 2572.6
1178360 2575.1
1178370 2575.7
1178380 2575.7
1178390 2572.6
1178400 2570.7
1178410 2570.7
1178420 2564.9
1178430 2554.3
1178440 2554.3
1178450 2543.5
1178460 2543.2
1178470 2543.2
1178480 2542.9
1178490 2541.6
1178500 2541.6
1178510 2539.4
1178520 2533.4
1178530 2533.4
1178540 2527.4
1178550 2522.4
1178560 2522.4
1178570 2518.2
1178580 2513.0
1178590 2513.0
1178600 2511.7
1178610 2509.0
1178620 2506.9
1178630 2506.9
1178640 2503.3
1178650 2505.6
1178660 2505.6
1178670 2510.6
1178680 2514.2
1178690 2514.2
1178700 2513.4
1178710 2514.8
1178720 2514.8
1178730 2513.9
1178740 2514.0
1178750 2514.0
1178760 2508.3
1178770 2494.8
1178780 2494.8
1178790 2480.1
1178800 2469.7
1178810 2469.7
1178820 2460.4
1178830 2450.7
1178840 2450.7
1178850 2440.9
1178860 2429.1
1178870 2431.6
1178880 2431.6
1178890 2420.0
1178900 2407.3
1178910 2407.3
1178920 2390.4
1178930 2382.9
1178940 2382.9
1178950 2382.6
1178960 2382.2
1178970 2382.2
1178980 2381.6
1178990 2380.8
1179000 2380.8
1179010 2379.6
1179020 2377.5
1179030 2377.5
1179040 2374.3
1179050 2370.8
1179060 2370.8
1179070 2370.3
1179080 2370.4
1179090 2370.4
1179100 2372.1
1179110 2376.3
1179120 2380.9
1179130 2380.9
1179140 2387.3
1179150 2404.5
1179160 2404.5
1179170 2414.5
1179180 2429.0
1179190 2429.0
1179200 2450.4
1179210 2481.2
1179220 2481.2
1179230 2497.3
1179240 2512.2
1179250 2512.2
1179260 2539.2
1179270 2563.4
1179280 2563.4
1179290 2555.8
1179300 2553.3
1179310 2553.3
1179320 2562.7
1179330 2584.2
1179340 2584.2
1179350 2592.0
1179360 2601.6
1179370 2601.6
1179380 2613.4
1179390 2617.6
1179400 2624.2
1179410 2624.2
1179420 2628.5
1179430 2637.7
1179440 2637.7
1179450 2649.5
1179460 2653.7
1179470 2653.7
1179480 2658.7
1179490 2663.9
1179500 2663.9
1179510 2670.1
1179520 2679.5
1179530 2679.5
1179540 2677.1
1179550 2668.3
1179560 2668.3
1179570 2647.8
1179580 2651.3
1179590 2651.3
1179600 2674.2
1179610 2677.8
1179620 2677.8
1179630 2664.2
1179640 2651.5
1179650 2640.0
1179660 2640.0
1179670 2624.0
1179680 2604.7
1179690 2604.7
1179700 2588.3
1179710 2573.6
1179720 2573.6
1179730 2552.5
1179740 2542.3
1179750 2542.3
1179760 2521.6
1179770 2506.3
1179780 2506.3
1179790 2500.8
1179800 2490.7
1179810 2490.7
1179820 2481.8
1179830 2474.0
1179840 2474.0
1179850 2468.8
1179860 2464.3
1179870 2464.3
1179880 2458.7
1179890 2453.2
1179900 2448.1
1179910 2448.1
1179920 2444.6
1179930 2442.1
1179940 2442.1
1179950 2439.8
1179960 2438.2
1179970 2438.2
1179980 2435.7
1179990 2432.0
