1160000 1215.6
1160010 1219.9
1160020 1224.9
1160030 1224.9
1160040 1230.2
1160050 1235.6
1160060 1235.6
1160070 1241.3
1160080 1246.5
1160090 1251.8
1160100 1251.8
1160110 1256.8
1160120 1261.3
1160130 1261.3
1160140 1264.5
1160150 1269.5
1160160 1269.5
1160170 1275.3
1160180 1280.9
1160190 1280.9
1160200 1281.2
1160210 1285.3
1160220 1285.3
1160230 1289.0
1160240 1292.6
1160250 1292.6
1160260 1296.4
1160270 1299.6
1160280 1299.6
1160290 1302.3
1160300 1304.8
1160310 1304.8
1160320 1307.1
1160330 1309.3
1160340 1315.5
1160350 1315.5
1160360 1322.6
1160370 1328.0
1160380 1328.0
1160390 1332.4
1160400 1337.0
1160410 1337.0
1160420 1341.5
1160430 1345.7
1160440 1345.7
1160450 1350.0
1160460 1354.3
1160470 1354.3
1160480 1358.8
1160490 1363.6
1160500 1363.6
1160510 1367.0
1160520 1370.6
1160530 1370.6
1160540 1377.3
1160550 1386.6
1160560 1386.6
1160570 1393.3
1160580 1397.8
1160590 1397.8
1160600 1395.2
1160610 1398.3
1160620 1400.9
1160630 1400.9
1160640 1403.0
1160650 1402.3
1160660 1402.3
1160670 1398.7
1160680 1396.2
1160690 1396.2
1160700 1393.5
1160710 1398.8
1160720 1398.8
1160730 1404.0
1160740 1410.4
1160750 1410.4
1160760 1418.4
1160770 1426.2
1160780 1426.2
1160790 1434.6
1160800 1442.7
1160810 1442.7
1160820 1445.6
1160830 1445.7
1160840 1445.7
1160850 1447.8
1160860 1451.0
1160870 1452.0
1160880 1452.0
1160890 1447.1
1160900 1441.9
1160910 1441.9
1160920 1449.8
1160930 1459.2
1160940 1459.2
1160950 1466.9
1160960 1475.1
1160970 1475.1
1160980 1485.1
1160990 1499.2
1161000 1499.2
1161010 1509.4
1161020 1514.8
1161030 1514.8
1161040 1519.8
1161050 1524.6
1161060 1524.6
1161070 1529.1
1161080 1535.1
1161090 1535.1
1161100 1541.9
1161110 1547.9
1161120 1547.9
1161130 1553.8
1161140 1562.1
1161150 1572.2
1161160 1572.2
1161170 1575.2
1161180 1576.4
1161190 1576.4
1161200 1577.9
1161210 1580.9
1161220 1580.9
1161230 1584.1
1161240 1587.1
1161250 1587.1
1161260 1592.3
1161270 1599.4
1161280 1599.4
1161290 1604.4
1161300 1608.8
1161310 1608.8
1161320 1610.3
1161330 1608.4
1161340 1608.4
1161350 1608.8
1161360 1612.8
1161370 1612.8
1161380 1615.6
1161390 1620.5
1161400 1623.6
1161410 1623.6
1161420 1626.9
1161430 1631.5
1161440 1631.5
1161450 1631.0
1161460 1622.4
1161470 1622.4
1161480 1609.3
1161490 1609.6
1161500 1609.6
1161510 1615.5
1161520 1614.8
1161530 1614.8
1161540 1611.4
1161550 1614.8
1161560 1614.8
1161570 1618.0
1161580 1627.0
1161590 1627.0
1161600 1630.0
1161610 1632.2
1161620 1632.2
1161630 1632.8
1161640 1634.9
1161650 1644.1
1161660 1644.1
1161670 1653.7
1161680 1668.3
1161690 1668.3
1161700 1683.4
1161710 1686.7
1161720 1686.7
1161730 1688.2
1161740 1690.7
1161750 1690.7
1161760 1693.7
1161770 1696.1
1161780 1691.1
1161790 1693.5
1161800 1696.2
1161810 1696.2
1161820 1698.5
1161830 1699.9
1161840 1699.9
1161850 1698.8
1161860 1697.8
1161870 1697.8
1161880 1699.5
1161890 1701.7
1161900 1701.7
1161910 1703.9
1161920 1705.8
1161930 1706.2
1161940 1706.2
1161950 1705.2
1161960 1708.8
1161970 1708.8
1161980 1713.8
1161990 1717.1
1162000 1717.1
1162010 1720.5
1162020 1723.8
1162030 1723.8
1162040 1724.9
1162050 1726.0
1162060 1726.0
1162070 1726.7
1162080 1728.0
1162090 1728.0
1162100 1730.6
1162110 1732.4
1162120 1732.4
1162130 1734.0
1162140 1735.3
1162150 1735.3
1162160 1737.2
1162170 1735.2
1162180 1737.9
1162190 1737.9
1162200 1739.6
1162210 1742.1
1162220 1742.1
1162230 1746.3
1162240 1749.9
1162250 1749.9
1162260 1752.3
1162270 1755.6
1162280 1755.6
1162290 1758.7
1162300 1761.4
1162310 1761.4
1162320 1762.3
1162330 1762.8
1162340 1762.8
1162350 1762.1
1162360 1757.9
1162370 1757.9
1162380 1760.1
1162390 1765.3
1162400 1765.3
1162410 1766.1
1162420 1766.1
1162430 1766.1
1162440 1766.7
1162450 1767.8
1162460 1769.5
1162470 1769.5
1162480 1770.6
1162490 1770.9
1162500 1770.9
1162510 1771.3
1162520 1770.9
1162530 1770.9
1162540 1770.6
1162550 1770.6
1162560 1770.6
1162570 1765.0
1162580 1766.0
1162590 1766.0
1162600 1769.0
1162610 1771.2
1162620 1771.2
1162630 1773.1
1162640 1774.7
1162650 1774.7
1162660 1775.9
1162670 1778.0
1162680 1778.0
1162690 1780.2
1162700 1781.9
1162710 1782.5
1162720 1782.5
1162730 1782.0
1162740 1781.8
1162750 1781.8
1162760 1782.2
1162770 1782.7
1162780 1782.7
1162790 1783.3
1162800 1783.7
1162810 1783.7
1162820 1783.7
1162830 1783.1
1162840 1783.1
1162850 1781.8
1162860 1775.8
1162870 1775.8
1162880 1766.3
1162890 1757.3
1162900 1757.3
1162910 1753.9
1162920 1751.1
1162930 1751.1
1162940 1743.8
1162950 1738.0
1162960 1734.8
1162970 1734.8
1162980 1744.5
1162990 1756.8
1163000 1756.8
1163010 1767.0
1163020 1773.9
1163030 1773.9
1163040 1782.5
1163050 1790.4
1163060 1790.4
1163070 1797.3
1163080 1805.2
1163090 1805.2
1163100 1815.9
1163110 1830.2
1163120 1830.2
1163130 1838.2
1163140 1845.5
1163150 1845.5
1163160 1855.1
1163170 1863.8
1163180 1863.8
1163190 1871.1
1163200 1879.1
1163210 1879.1
1163220 1886.2
1163230 1892.3
1163240 1898.4
1163250 1898.4
1163260 1904.1
1163270 1909.2
1163280 1909.2
1163290 1914.2
1163300 1920.0
1163310 1920.0
1163320 1924.4
1163330 1927.5
1163340 1927.5
1163350 1929.7
1163360 1928.2
1163370 1928.2
1163380 1929.5
1163390 1930.6
1163400 1930.6
1163410 1931.8
1163420 1933.7
1163430 1933.7
1163440 1935.8
1163450 1937.6
1163460 1937.6
1163470 1938.4
1163480 1939.1
1163490 1939.0
1163500 1939.0
1163510 1938.5
1163520 1938.1
1163530 1938.1
1163540 1937.3
1163550 1935.9
1163560 1935.9
1163570 1934.7
1163580 1933.4
1163590 1933.4
1163600 1932.3
1163610 1930.7
1163620 1930.7
1163630 1930.6
1163640 1930.1
1163650 1930.1
1163660 1930.9
1163670 1932.6
1163680 1932.6
1163690 1934.7
1163700 1935.2
1163710 1935.2
1163720 1928.9
1163730 1919.6
1163740 1919.6
1163750 1908.4
1163760 1901.9
1163770 1898.6
1163780 1898.6
1163790 1892.7
1163800 1885.3
1163810 1885.3
1163820 1876.6
1163830 1873.8
1163840 1873.8
1163850 1876.0
1163860 1880.3
1163870 1880.3
1163880 1882.0
1163890 1880.4
1163900 1880.4
1163910 1882.1
1163920 1885.4
1163930 1885.4
1163940 1887.6
1163950 1887.2
1163960 1887.2
1163970 1885.7
1163980 1885.6
1163990 1885.6
1164000 1883.8
1164010 1881.6
1164020 1880.0
1164030 1880.0
1164040 1882.5
1164050 1887.4
1164060 1887.4
1164070 1894.5
1164080 1902.1
1164090 1902.1
1164100 1905.9
1164110 1902.8
1164120 1902.8
1164130 1893.0
1164140 1879.2
1164150 1877.5
1164160 1866.5
1164170 1875.2
1164180 1875.2
1164190 1887.5
1164200 1895.5
1164210 1895.5
1164220 1897.6
1164230 1902.5
1164240 1902.5
1164250 1908.7
1164260 1916.3
1164270 1922.8
1164280 1922.8
1164290 1923.7
1164300 1929.1
1164310 1929.1
1164320 1939.4
1164330 1943.6
1164340 1943.6
1164350 1948.0
1164360 1949.6
1164370 1949.6
1164380 1944.3
1164390 1940.8
1164400 1940.8
1164410 1946.1
1164420 1952.5
1164430 1952.5
1164440 1958.6
1164450 1962.7
1164460 1962.7
1164470 1958.6
1164480 1950.6
1164490 1950.6
1164500 1944.7
1164510 1939.0
1164520 1939.0
1164530 1951.5
1164540 1978.3
1164550 1997.0
1164560 1997.0
1164570 2003.5
1164580 2009.0
1164590 2009.0
1164600 2015.0
1164610 2018.7
1164620 2018.7
1164630 2020.2
1164640 2026.6
1164650 2026.6
1164660 2031.2
1164670 2032.1
1164680 2032.1
1164690 2028.6
1164700 2029.7
1164710 2029.7
1164720 2039.2
1164730 2040.5
1164740 2040.5
1164750 2043.5
1164760 2044.9
1164770 2044.9
1164780 2045.0
1164790 2047.8
1164800 2047.5
1164810 2047.5
1164820 2046.3
1164830 2044.6
1164840 2044.6
1164850 2046.5
1164860 2050.4
1164870 2050.4
1164880 2050.2
1164890 2049.8
1164900 2049.8
1164910 2045.1
1164920 2039.9
1164930 2039.9
1164940 2037.6
1164950 2045.1
1164960 2045.1
1164970 2059.4
1164980 2064.6
1164990 2064.6
1165000 2066.4
1165010 2067.1
1165020 2067.1
1165030 2066.1
1165040 2060.1
1165050 2060.1
1165060 2054.4
1165070 2057.8
1165080 2055.1
1165090 2055.1
1165100 2053.5
1165110 2048.5
1165120 2048.5
1165130 2043.9
1165140 2045.2
1165150 2045.2
1165160 2054.2
1165170 2065.0
1165180 2065.0
1165190 2078.5
1165200 2093.1
1165210 2093.1
1165220 2117.3
1165230 2130.4
1165240 2130.4
1165250 2132.5
1165260 2128.9
1165270 2128.9
1165280 2122.6
1165290 2129.3
1165300 2129.3
1165310 2138.3
1165320 2133.9
1165330 2135.3
1165340 2120.7
1165350 2115.6
1165360 2110.3
1165370 2110.3
1165380 2108.6
1165390 2111.5
1165400 2111.5
1165410 2110.9
1165420 2117.1
1165430 2117.1
1165440 2120.5
1165450 2115.5
1165460 2115.5
1165470 2112.9
1165480 2118.9
1165490 2118.9
1165500 2121.4
1165510 2120.1
1165520 2120.1
1165530 2119.7
1165540 2117.7
1165550 2117.7
1165560 2117.4
1165570 2116.2
1165580 2111.9
1165590 2111.9
1165600 2109.4
1165610 2106.7
1165620 2106.7
1165630 2110.4
1165640 2113.7
1165650 2113.7
1165660 2117.3
1165670 2119.5
1165680 2119.5
1165690 2122.2
1165700 2124.1
1165710 2124.1
1165720 2124.3
1165730 2126.5
1165740 2121.4
1165750 2124.8
1165760 2127.0
1165770 2127.0
1165780 2130.6
1165790 2134.3
1165800 2134.3
1165810 2137.2
1165820 2140.3
1165830 2140.3
1165840 2142.8
1165850 2146.3
1165860 2149.4
1165870 2149.4
1165880 2153.4
1165890 2156.3
1165900 2156.3
1165910 2159.6
1165920 2161.6
1165930 2161.6
1165940 2163.9
1165950 2165.4
1165960 2165.4
1165970 2166.6
1165980 2167.4
1165990 2167.4
1166000 2167.6
1166010 2167.3
1166020 2167.3
1166030 2167.4
1166040 2168.1
1166050 2168.1
1166060 2169.4
1166070 2171.6
1166080 2171.6
1166090 2173.3
1166100 2175.2
1166110 2176.7
1166120 2176.7
1166130 2177.4
1166140 2172.8
1166150 2172.8
1166160 2172.6
1166170 2172.9
1166180 2172.9
1166190 2173.2
1166200 2174.0
1166210 2174.0
1166220 2174.0
1166230 2174.7
1166240 2174.7
1166250 2175.4
1166260 2176.0
1166270 2176.0
1166280 2176.8
1166290 2178.1
1166300 2178.1
1166310 2179.5
1166320 2183.2
1166330 2183.2
1166340 2187.8
1166350 2190.5
1166360 2191.1
1166370 2191.1
1166380 2192.4
1166390 2193.7
1166400 2193.7
1166410 2195.7
1166420 2198.1
1166430 2198.1
1166440 2200.8
1166450 2203.5
1166460 2203.5
1166470 2205.1
1166480 2207.1
1166490 2207.1
1166500 2209.2
1166510 2208.5
1166520 2208.5
1166530 2203.9
1166540 2202.6
1166550 2202.6
1166560 2204.9
1166570 2208.2
1166580 2208.2
1166590 2211.8
1166600 2214.1
1166610 2214.1
1166620 2215.8
1166630 2218.2
1166640 2220.1
1166650 2220.1
1166660 2220.9
1166670 2221.2
1166680 2221.2
1166690 2223.1
1166700 2224.3
1166710 2224.3
1166720 2225.1
1166730 2225.8
1166740 2225.8
1166750 2227.0
1166760 2228.2
1166770 2228.2
1166780 2229.1
1166790 2230.4
1166800 2230.4
1166810 2231.9
1166820 2233.2
1166830 2233.2
1166840 2235.0
1166850 2237.4
1166860 2237.4
1166870 2240.0
1166880 2242.9
1166890 2246.1
1166900 2246.1
1166910 2249.1
1166920 2252.4
1166930 2252.4
1166940 2255.3
1166950 2260.3
1166960 2260.3
1166970 2265.4
1166980 2270.4
1166990 2270.4
1167000 2275.1
1167010 2279.6
1167020 2279.6
1167030 2284.7
1167040 2291.2
1167050 2291.2
1167060 2298.6
1167070 2303.8
1167080 2303.8
1167090 2308.9
1167100 2316.4
1167110 2316.4
1167120 2320.4
1167130 2320.5
1167140 2320.5
1167150 2319.5
1167160 2317.8
1167170 2319.6
1167180 2319.6
1167190 2324.6
1167200 2327.6
1167210 2327.6
1167220 2331.6
1167230 2333.7
1167240 2333.7
1167250 2334.0
1167260 2337.2
1167270 2337.2
1167280 2339.1
1167290 2339.3
1167300 2339.3
1167310 2338.3
1167320 2336.3
1167330 2336.3
1167340 2346.7
1167350 2347.3
1167360 2347.3
1167370 2345.4
1167380 2344.1
1167390 2344.1
1167400 2344.2
1167410 2347.1
1167420 2354.2
1167430 2354.2
1167440 2362.5
1167450 2368.0
1167460 2368.0
1167470 2371.1
1167480 2373.9
1167490 2373.9
1167500 2374.8
1167510 2375.5
1167520 2375.5
1167530 2376.1
1167540 2379.4
1167550 2379.4
1167560 2384.5
1167570 2389.2
1167580 2389.2
1167590 2394.4
1167600 2399.4
1167610 2399.4
1167620 2404.7
1167630 2410.3
1167640 2410.3
1167650 2415.8
1167660 2422.1
1167670 2430.7
1167680 2430.7
1167690 2441.5
1167700 2448.8
1167710 2448.8
1167720 2455.7
1167730 2462.3
1167740 2465.4
1167750 2471.2
1167760 2476.5
1167770 2476.5
1167780 2481.4
1167790 2486.5
1167800 2486.5
1167810 2493.5
1167820 2498.8
1167830 2498.8
1167840 2504.2
1167850 2510.7
1167860 2510.7
1167870 2516.4
1167880 2524.4
1167890 2524.4
1167900 2528.2
1167910 2528.2
1167920 2528.2
1167930 2527.1
1167940 2521.1
1167950 2506.8
1167960 2506.8
1167970 2482.8
1167980 2472.0
1167990 2472.0
1168000 2465.5
1168010 2458.7
1168020 2458.7
1168030 2452.1
1168040 2441.3
1168050 2441.3
1168060 2432.3
1168070 2414.2
1168080 2414.2
1168090 2391.1
1168100 2371.0
1168110 2371.0
1168120 2361.1
1168130 2354.5
1168140 2355.4
1168150 2349.4
1168160 2343.9
1168170 2343.9
1168180 2338.5
1168190 2332.3
1168200 2326.6
1168210 2326.6
1168220 2323.3
1168230 2319.4
1168240 2319.4
1168250 2316.9
1168260 2315.5
1168270 2315.5
1168280 2315.9
1168290 2317.4
1168300 2317.4
1168310 2316.2
1168320 2315.2
1168330 2315.2
1168340 2314.0
1168350 2310.6
1168360 2310.6
1168370 2310.2
1168380 2309.8
1168390 2309.8
1168400 2306.7
1168410 2305.8
1168420 2305.8
1168430 2302.6
1168440 2300.6
1168450 2300.6
1168460 2296.2
1168470 2287.6
1168480 2282.2
1168490 2282.2
1168500 2279.7
1168510 2279.3
1168520 2279.3
1168530 2274.9
1168540 2272.1
1168550 2276.1
1168560 2274.1
1168570 2272.2
1168580 2272.2
1168590 2271.5
1168600 2274.6
1168610 2274.6
1168620 2276.1
1168630 2276.4
1168640 2276.4
1168650 2272.5
1168660 2268.7
1168670 2268.7
1168680 2267.2
1168690 2267.0
1168700 2267.0
1168710 2266.6
1168720 2266.1
1168730 2267.3
1168740 2267.3
1168750 2264.5
1168760 2260.6
1168770 2260.6
1168780 2257.4
1168790 2252.7
1168800 2252.7
1168810 2248.5
1168820 2247.2
1168830 2247.2
1168840 2246.4
1168850 2244.0
1168860 2244.0
1168870 2239.9
1168880 2235.7
1168890 2235.7
1168900 2231.8
1168910 2231.9
1168920 2231.9
1168930 2233.9
1168940 2234.1
1168950 2235.1
1168960 2232.8
1168970 2229.9
1168980 2226.3
1168990 2226.3
1169000 2222.4
1169010 2220.9
1169020 2220.9
1169030 2220.5
1169040 2218.4
1169050 2218.4
1169060 2215.1
1169070 2210.9
1169080 2210.9
1169090 2208.3
1169100 2205.2
1169110 2205.2
1169120 2198.8
1169130 2196.7
1169140 2196.7
1169150 2196.7
1169160 2192.4
1169170 2192.4
1169180 2185.9
1169190 2179.5
1169200 2179.5
1169210 2174.6
1169220 2172.6
1169230 2172.6
1169240 2172.8
1169250 2169.9
1169260 2167.2
1169270 2167.2
1169280 2164.5
1169290 2160.0
1169300 2160.0
1169310 2156.7
1169320 2154.2
1169330 2154.2
1169340 2149.7
1169350 2144.4
1169360 2144.4
1169370 2140.1
1169380 2138.7
1169390 2138.7
1169400 2137.0
1169410 2131.4
1169420 2131.4
1169430 2125.7
1169440 2121.7
1169450 2121.7
1169460 2120.3
1169470 2118.7
1169480 2118.7
1169490 2115.5
1169500 2115.9
1169510 2120.3
1169520 2120.3
1169530 2122.8
1169540 2125.6
1169550 2125.6
1169560 2132.5
1169570 2137.6
1169580 2137.6
1169590 2141.0
1169600 2140.8
1169610 2140.8
1169620 2137.5
1169630 2136.8
1169640 2136.8
1169650 2134.6
1169660 2131.9
1169670 2131.9
1169680 2133.5
1169690 2135.4
1169700 2135.4
1169710 2134.2
1169720 2130.3
1169730 2130.3
1169740 2129.4
1169750 2132.0
1169760 2132.8
1169770 2132.8
1169780 2133.8
1169790 2132.5
1169800 2132.5
1169810 2133.0
1169820 2133.4
1169830 2133.4
1169840 2133.1
1169850 2132.0
1169860 2132.0
1169870 2130.9
1169880 2130.7
1169890 2130.7
1169900 2131.4
1169910 2132.5
1169920 2132.5
1169930 2133.1
1169940 2133.2
1169950 2133.2
1169960 2132.4
1169970 2130.9
1169980 2130.9
1169990 2131.1
1170000 2132.8
1170010 2132.8
1170020 2133.9
1170030 2135.7
1170040 2135.3
1170050 2135.3
1170060 2132.4
1170070 2131.4
1170080 2131.4
1170090 2133.3
1170100 2132.4
1170110 2132.4
1170120 2128.9
1170130 2125.7
1170140 2125.7
1170150 2124.0
1170160 2125.2
1170170 2125.2
1170180 2123.0
1170190 2122.5
1170200 2122.5
1170210 2122.9
1170220 2121.7
1170230 2121.7
1170240 2121.3
1170250 2120.4
1170260 2120.4
1170270 2121.9
1170280 2122.9
1170290 2125.5
1170300 2125.5
1170310 2127.4
1170320 2128.5
1170330 2128.5
1170340 2129.0
1170350 2130.1
1170360 2130.1
1170370 2131.1
1170380 2130.6
1170390 2130.6
1170400 2131.3
1170410 2131.8
1170420 2131.8
1170430 2132.7
1170440 2132.4
1170450 2132.4
1170460 2131.7
1170470 2132.9
1170480 2132.9
1170490 2133.1
1170500 2135.1
1170510 2135.1
1170520 2137.0
1170530 2137.5
1170540 2137.5
1170550 2136.9
1170560 2138.5
1170570 2148.6
1170580 2148.6
1170590 2154.7
1170600 2159.6
1170610 2159.6
1170620 2162.1
1170630 2162.3
1170640 2162.3
1170650 2166.2
1170660 2172.8
1170670 2172.8
1170680 2177.1
1170690 2178.8
1170700 2178.8
1170710 2177.8
1170720 2177.4
1170730 2177.4
1170740 2177.2
1170750 2177.2
1170760 2177.2
1170770 2177.2
1170780 2177.2
1170790 2177.2
1170800 2178.0
1170810 2181.5
1170820 2186.0
1170830 2186.0
1170840 2190.4
1170850 2195.0
1170860 2195.0
1170870 2199.9
1170880 2204.8
1170890 2204.8
1170900 2209.2
1170910 2213.4
1170920 2213.4
1170930 2218.4
1170940 2224.1
1170950 2224.1
1170960 2230.5
1170970 2234.2
1170980 2234.2
1170990 2240.2
1171000 2246.4
1171010 2246.4
1171020 2252.6
1171030 2258.8
1171040 2258.8
1171050 2265.6
1171060 2272.6
1171070 2279.9
1171080 2279.9
1171090 2287.3
1171100 2296.4
1171110 2296.4
1171120 2307.8
1171130 2319.5
1171140 2319.5
1171150 2329.2
1171160 2324.0
1171170 2324.0
1171180 2311.5
1171190 2299.1
1171200 2299.1
1171210 2288.7
1171220 2279.4
1171230 2279.4
1171240 2270.2
1171250 2260.4
1171260 2260.4
1171270 2251.4
1171280 2243.3
1171290 2243.3
1171300 2234.7
1171310 2228.1
1171320 2228.1
1171330 2222.9
1171340 2214.7
1171350 2205.1
1171360 2205.1
1171370 2197.2
1171380 2187.1
1171390 2187.1
1171400 2178.3
1171410 2170.2
1171420 2170.2
1171430 2163.9
1171440 2157.4
1171450 2157.4
1171460 2150.4
1171470 2143.1
1171480 2143.1
1171490 2135.6
1171500 2131.4
1171510 2131.4
1171520 2125.7
1171530 2118.2
1171540 2118.2
1171550 2112.4
1171560 2107.8
1171570 2107.8
1171580 2103.2
1171590 2098.5
1171600 2092.5
1171610 2092.5
1171620 2086.2
1171630 2080.1
1171640 2080.1
1171650 2074.2
1171660 2068.7
1171670 2068.7
1171680 2061.9
1171690 2052.2
1171700 2052.2
1171710 2044.4
1171720 2040.2
1171730 2040.2
1171740 2033.7
1171750 2028.4
1171760 2028.4
1171770 2022.3
1171780 2011.8
1171790 2011.8
1171800 2005.8
1171810 1999.0
1171820 1999.0
1171830 1986.0
1171840 1951.8
1171850 1917.6
1171860 1917.6
1171870 1890.9
1171880 1873.7
1171890 1873.7
1171900 1857.5
1171910 1843.7
1171920 1843.7
1171930 1835.2
1171940 1828.7
1171950 1828.7
1171960 1822.3
1171970 1815.7
1171980 1815.7
1171990 1808.7
1172000 1801.8
1172010 1801.8
1172020 1794.6
1172030 1787.4
1172040 1787.4
1172050 1780.3
1172060 1773.0
1172070 1773.0
1172080 1766.0
1172090 1759.1
1172100 1759.1
1172110 1752.2
1172120 1745.9
1172130 1739.7
1172140 1739.7
1172150 1733.5
1172160 1726.0
1172170 1726.0
1172180 1719.9
1172190 1715.3
1172200 1715.3
1172210 1714.6
1172220 1713.1
1172230 1713.1
1172240 1708.5
1172250 1703.5
1172260 1703.5
1172270 1704.1
1172280 1700.7
1172290 1700.7
1172300 1699.5
1172310 1702.1
1172320 1702.1
1172330 1705.0
1172340 1706.0
1172350 1706.0
1172360 1705.5
1172370 1704.4
1172380 1703.7
1172390 1703.7
1172400 1702.0
1172410 1700.4
1172420 1700.4
1172430 1698.8
1172440 1697.7
1172450 1697.7
1172460 1698.4
1172470 1698.3
1172480 1698.3
1172490 1698.0
1172500 1696.8
1172510 1696.8
1172520 1692.3
1172530 1689.7
1172540 1689.7
1172550 1689.0
1172560 1685.6
1172570 1685.6
1172580 1672.8
1172590 1660.0
1172600 1668.7
1172610 1659.5
1172620 1649.1
1172630 1649.1
1172640 1642.3
1172650 1634.4
1172660 1629.5
1172670 1629.5
1172680 1623.2
1172690 1618.2
1172700 1618.2
1172710 1608.9
1172720 1599.5
1172730 1599.5
1172740 1589.6
1172750 1580.6
1172760 1580.6
1172770 1572.4
1172780 1567.2
1172790 1567.2
1172800 1562.5
1172810 1556.8
1172820 1556.8
1172830 1551.3
1172840 1545.0
1172850 1545.0
1172860 1540.2
1172870 1536.8
1172880 1536.8
1172890 1534.2
1172900 1531.5
1172910 1528.7
1172920 1528.7
1172930 1524.7
1172940 1521.6
1172950 1521.6
1172960 1519.7
1172970 1517.6
1172980 1517.6
1172990 1515.5
1173000 1512.7
1173010 1517.2
1173020 1512.8
1173030 1508.3
1173040 1508.3
1173050 1504.7
1173060 1501.0
1173070 1501.0
1173080 1497.2
1173090 1493.4
1173100 1493.4
1173110 1488.9
1173120 1483.9
1173130 1483.9
1173140 1479.5
1173150 1475.6
1173160 1471.8
1173170 1471.8
1173180 1467.6
1173190 1463.5
1173200 1463.5
1173210 1460.6
1173220 1456.9
1173230 1456.9
1173240 1451.3
1173250 1444.8
1173260 1444.8
1173270 1438.7
1173280 1435.8
1173290 1435.8
1173300 1438.6
1173310 1443.9
1173320 1443.9
1173330 1447.5
1173340 1451.0
1173350 1451.0
1173360 1456.3
1173370 1461.2
1173380 1461.2
1173390 1464.4
1173400 1467.5
1173410 1467.5
1173420 1466.8
1173430 1470.3
1173440 1474.0
1173450 1474.0
1173460 1477.6
1173470 1482.7
1173480 1482.7
1173490 1489.3
1173500 1495.5
1173510 1495.5
1173520 1502.6
1173530 1510.1
1173540 1510.1
1173550 1518.0
1173560 1526.4
1173570 1526.4
1173580 1536.0
1173590 1544.5
1173600 1544.5
1173610 1552.8
1173620 1560.7
1173630 1560.7
1173640 1568.7
1173650 1576.3
1173660 1576.3
1173670 1584.6
1173680 1592.4
1173690 1600.2
1173700 1600.2
1173710 1607.7
1173720 1614.9
1173730 1614.9
1173740 1621.9
1173750 1628.9
1173760 1628.9
1173770 1636.6
1173780 1644.8
1173790 1644.8
1173800 1654.1
1173810 1664.4
1173820 1659.0
1173830 1665.3
1173840 1675.8
1173850 1675.8
1173860 1684.9
1173870 1689.2
1173880 1689.2
1173890 1694.5
1173900 1711.0
1173910 1711.0
1173920 1730.4
1173930 1744.8
1173940 1754.0
1173950 1754.0
1173960 1764.4
1173970 1775.6
1173980 1775.6
1173990 1790.7
1174000 1805.8
1174010 1805.8
1174020 1813.8
1174030 1816.6
1174040 1816.6
1174050 1817.1
1174060 1836.5
1174070 1836.5
1174080 1856.1
1174090 1854.4
1174100 1854.4
1174110 1848.3
1174120 1849.0
1174130 1849.0
1174140 1855.8
1174150 1860.3
1174160 1860.3
1174170 1875.8
1174180 1881.6
1174190 1881.6
1174200 1884.3
1174210 1882.6
1174220 1877.7
1174230 1867.9
1174240 1864.5
1174250 1866.7
1174260 1866.7
1174270 1884.2
1174280 1916.3
1174290 1916.3
1174300 1939.8
1174310 1960.0
1174320 1960.0
1174330 1968.0
1174340 1970.9
1174350 1970.9
1174360 1971.9
1174370 1973.5
1174380 1973.5
1174390 1981.8
1174400 1987.6
1174410 1987.6
1174420 1989.5
1174430 1991.3
1174440 1991.3
1174450 1990.2
1174460 1987.1
1174470 1981.6
1174480 1981.6
1174490 1983.6
1174500 1982.6
1174510 1982.6
1174520 1983.7
1174530 1985.6
1174540 1985.6
1174550 1982.6
1174560 1983.9
1174570 1983.9
1174580 1984.5
1174590 1984.0
1174600 1984.0
1174610 1983.3
1174620 1982.6
1174630 1982.6
1174640 1980.6
1174650 1976.5
1174660 1976.5
1174670 1995.9
1174680 2006.4
1174690 2006.4
1174700 2008.7
1174710 2010.1
1174720 2010.1
1174730 2011.3
1174740 2007.2
1174750 2011.1
1174760 2011.1
1174770 2008.5
1174780 2008.6
1174790 2008.6
1174800 2019.2
1174810 2021.4
1174820 2021.4
1174830 2020.9
1174840 2024.3
1174850 2024.3
1174860 2023.8
1174870 2028.3
1174880 2028.3
1174890 2037.2
1174900 2041.6
1174910 2041.6
1174920 2039.3
1174930 2037.1
1174940 2037.1
1174950 2034.5
1174960 2035.7
1174970 2035.7
1174980 2040.0
1174990 2052.9
1175000 2061.9
1175010 2061.9
1175020 2064.3
1175030 2063.7
1175040 2063.7
1175050 2072.8
1175060 2078.9
1175070 2078.9
1175080 2085.3
1175090 2091.0
1175100 2091.0
1175110 2095.4
1175120 2099.6
1175130 2099.6
1175140 2104.4
1175150 2104.5
1175160 2104.5
1175170 2106.5
1175180 2113.6
1175190 2113.6
1175200 2114.0
1175210 2119.0
1175220 2119.0
1175230 2122.6
1175240 2125.3
1175250 2137.9
1175260 2137.9
1175270 2146.0
1175280 2149.9
1175290 2149.9
1175300 2153.6
1175310 2157.4
1175320 2157.4
1175330 2163.1
1175340 2169.0
1175350 2169.0
1175360 2174.3
1175370 2179.7
1175380 2179.7
1175390 2191.1
1175400 2199.0
1175410 2199.0
1175420 2206.1
1175430 2213.9
1175440 2213.9
1175450 2217.0
1175460 2221.4
1175470 2217.5
1175480 2223.9
1175490 2225.0
1175500 2225.0
1175510 2223.2
1175520 2223.5
1175530 2224.5
1175540 2224.5
1175550 2225.9
1175560 2227.0
1175570 2227.0
1175580 2227.7
1175590 2229.1
1175600 2229.1
1175610 2229.7
1175620 2227.7
1175630 2227.7
1175640 2224.8
1175650 2220.4
1175660 2220.4
1175670 2225.9
1175680 2239.6
1175690 2239.6
1175700 2245.9
1175710 2255.1
1175720 2255.1
1175730 2265.5
1175740 2270.6
1175750 2270.6
1175760 2271.2
1175770 2269.9
1175780 2273.3
1175790 2273.3
1175800 2280.3
1175810 2291.6
1175820 2291.6
1175830 2307.7
1175840 2317.1
1175850 2317.1
1175860 2336.1
1175870 2345.5
1175880 2339.2
1175890 2347.1
1175900 2351.2
1175910 2351.2
1175920 2353.0
1175930 2356.8
1175940 2356.8
1175950 2368.8
1175960 2383.8
1175970 2383.8
1175980 2391.5
1175990 2397.4
1176000 2397.4
1176010 2402.1
1176020 2412.6
1176030 2425.7
1176040 2425.7
1176050 2443.4
1176060 2452.8
1176070 2452.8
1176080 2452.2
1176090 2454.2
1176100 2454.2
1176110 2457.7
1176120 2462.3
1176130 2462.3
1176140 2467.2
1176150 2472.3
1176160 2472.3
1176170 2478.4
1176180 2483.8
1176190 2483.8
1176200 2488.8
1176210 2501.0
1176220 2501.0
1176230 2515.2
1176240 2509.1
1176250 2509.1
1176260 2511.0
1176270 2512.6
1176280 2512.6
1176290 2508.2
1176300 2510.9
1176310 2511.6
1176320 2511.6
1176330 2512.0
1176340 2512.5
1176350 2512.5
1176360 2513.1
1176370 2513.1
1176380 2513.1
1176390 2513.0
1176400 2512.4
1176410 2512.4
1176420 2511.1
1176430 2507.4
1176440 2507.4
1176450 2500.5
1176460 2495.1
1176470 2495.1
1176480 2491.6
1176490 2487.8
1176500 2487.8
1176510 2484.8
1176520 2481.8
1176530 2481.8
1176540 2478.4
1176550 2474.6
1176560 2472.1
1176570 2472.1
1176580 2469.5
1176590 2466.8
1176600 2466.8
1176610 2463.4
1176620 2459.8
1176630 2459.8
1176640 2456.1
1176650 2453.6
1176660 2453.6
1176670 2450.9
1176680 2448.0
1176690 2448.0
1176700 2440.3
1176710 2438.3
1176720 2438.3
1176730 2437.4
1176740 2436.8
1176750 2436.8
1176760 2436.2
1176770 2436.5
1176780 2436.5
1176790 2438.5
1176800 2442.3
1176810 2446.6
1176820 2446.6
1176830 2450.2
1176840 2453.8
1176850 2453.8
1176860 2456.4
1176870 2454.0
1176880 2454.0
1176890 2447.8
1176900 2442.8
1176910 2442.8
1176920 2437.3
1176930 2428.9
1176940 2428.9
1176950 2420.9
1176960 2413.2
1176970 2413.2
1176980 2405.7
1176990 2397.8
1177000 2397.8
1177010 2389.0
1177020 2380.5
1177030 2380.5
1177040 2371.0
1177050 2362.7
1177060 2362.7
1177070 2352.6
1177080 2342.2
1177090 2332.2
1177100 2332.2
1177110 2324.6
1177120 2315.1
1177130 2315.1
1177140 2308.3
1177150 2302.0
1177160 2302.0
1177170 2294.4
1177180 2286.7
1177190 2286.7
1177200 2280.1
1177210 2273.7
1177220 2273.7
1177230 2267.7
1177240 2261.8
1177250 2261.8
1177260 2254.7
1177270 2248.1
1177280 2248.1
1177290 2242.1
1177300 2236.2
1177310 2236.2
1177320 2230.4
1177330 2224.4
1177340 2218.6
1177350 2218.6
1177360 2213.1
1177370 2207.6
1177380 2207.6
1177390 2202.3
1177400 2197.2
1177410 2197.2
1177420 2192.3
1177430 2187.7
1177440 2187.7
1177450 2183.4
1177460 2179.2
1177470 2179.2
1177480 2176.5
1177490 2177.0
1177500 2177.0
1177510 2176.7
1177520 2175.6
1177530 2170.9
1177540 2169.2
1177550 2168.1
1177560 2168.1
1177570 2167.6
1177580 2166.0
1177590 2166.0
1177600 2164.0
1177610 2163.5
1177620 2163.6
1177630 2163.6
1177640 2163.8
1177650 2163.9
1177660 2163.9
1177670 2164.6
1177680 2165.6
1177690 2165.6
1177700 2166.9
1177710 2166.7
1177720 2166.7
1177730 2164.6
1177740 2164.7
1177750 2164.7
1177760 2165.5
1177770 2165.2
1177780 2165.2
1177790 2165.2
1177800 2164.0
1177810 2164.0
1177820 2162.5
1177830 2161.1
1177840 2161.1
1177850 2160.4
1177860 2158.7
1177870 2156.8
1177880 2156.8
1177890 2154.0
1177900 2151.5
1177910 2151.5
1177920 2149.8
1177930 2148.5
1177940 2148.5
1177950 2145.6
1177960 2144.5
1177970 2144.5
1177980 2143.4
1177990 2140.7
1178000 2140.7
1178010 2137.9
1178020 2136.6
1178030 2136.6
1178040 2134.8
1178050 2132.7
1178060 2132.7
1178070 2131.2
1178080 2129.0
1178090 2129.0
1178100 2124.7
1178110 2118.1
1178120 2112.1
1178130 2112.1
1178140 2106.2
1178150 2099.5
1178160 2099.5
1178170 2092.7
1178180 2086.1
1178190 2086.1
1178200 2079.4
1178210 2072.6
1178220 2072.6
1178230 2066.1
1178240 2060.2
1178250 2060.2
1178260 2055.8
1178270 2051.7
1178280 2051.7
1178290 2048.4
1178300 2045.8
1178310 2045.8
1178320 2042.5
1178330 2040.6
1178340 2040.6
1178350 2040.7
1178360 2042.0
1178370 2042.0
1178380 2040.6
1178390 2040.1
1178400 2038.4
1178410 2038.4
1178420 2039.1
1178430 2040.3
1178440 2040.3
1178450 2044.8
1178460 2049.8
1178470 2049.8
1178480 2053.3
1178490 2055.2
1178500 2055.2
1178510 2057.4
1178520 2060.0
1178530 2060.0
1178540 2059.8
1178550 2058.2
1178560 2058.2
1178570 2058.8
1178580 2055.0
1178590 2055.0
1178600 2050.8
1178610 2049.5
1178620 2049.5
1178630 2047.7
1178640 2047.1
1178650 2047.0
1178660 2047.0
1178670 2045.9
1178680 2043.5
1178690 2043.5
1178700 2039.0
1178710 2031.8
1178720 2031.8
1178730 2025.3
1178740 2020.8
1178750 2020.8
1178760 2014.9
1178770 2006.4
1178780 2006.5
1178790 1999.9
1178800 1993.0
1178810 1993.0
1178820 1987.0
1178830 1981.3
1178840 1981.3
1178850 1974.5
1178860 1968.3
1178870 1968.3
1178880 1961.9
1178890 1956.1
1178900 1952.0
1178910 1952.0
1178920 1950.4
1178930 1948.4
1178940 1948.4
1178950 1947.0
1178960 1947.6
1178970 1947.6
1178980 1950.6
1178990 1952.8
1179000 1952.8
1179010 1955.5
1179020 1957.0
1179030 1957.0
1179040 1956.2
1179050 1955.8
1179060 1955.8
1179070 1955.4
1179080 1954.7
1179090 1954.7
1179100 1953.5
1179110 1951.2
1179120 1951.2
1179130 1948.3
1179140 1946.1
1179150 1946.1
1179160 1943.7
1179170 1942.8
1179180 1941.0
1179190 1943.0
1179200 1941.8
1179210 1940.4
1179220 1940.4
1179230 1939.3
1179240 1938.7
1179250 1938.7
1179260 1937.8
1179270 1938.0
1179280 1938.0
1179290 1938.5
1179300 1939.1
1179310 1939.1
1179320 1941.1
1179330 1943.4
1179340 1943.4
1179350 1945.1
1179360 1947.2
1179370 1947.2
1179380 1949.2
1179390 1951.7
1179400 1951.7
1179410 1954.3
1179420 1957.3
1179430 1959.6
1179440 1959.6
1179450 1961.8
1179460 1964.6
1179470 1964.6
1179480 1967.6
1179490 1971.7
1179500 1971.7
1179510 1975.5
1179520 1979.4
1179530 1979.4
1179540 1983.6
1179550 1987.6
1179560 1987.6
1179570 1992.1
1179580 1995.9
1179590 1995.9
1179600 1999.8
1179610 2003.4
1179620 2003.4
1179630 2007.5
1179640 2011.4
1179650 2011.4
1179660 2015.6
1179670 2020.2
1179680 2025.2
1179690 2025.2
1179700 2030.0
1179710 2034.6
1179720 2034.6
1179730 2039.3
1179740 2044.0
1179750 2044.0
1179760 2049.2
1179770 2054.4
1179780 2054.4
1179790 2059.1
1179800 2063.8
1179810 2063.8
1179820 2068.7
1179830 2073.1
1179840 2073.1
1179850 2077.9
1179860 2082.9
1179870 2082.9
1179880 2088.0
1179890 2093.3
1179900 2093.3
1179910 2098.5
1179920 2104.2
1179930 2104.2
1179940 2109.7
1179950 2115.2
1179960 2120.9
1179970 2120.9
1179980 2126.5
1179990 2132.2
