1160000 1380.5
1160010 1380.5
1160020 1387.2
1160030 1394.4
1160040 1394.4
1160050 1402.1
1160060 1411.6
1160070 1411.6
1160080 1432.5
1160090 1446.7
1160100 1446.7
1160110 1455.0
1160120 1464.2
1160130 1464.2
1160140 1473.2
1160150 1482.2
1160160 1482.2
1160170 1491.8
1160180 1501.1
1160190 1501.1
1160200 1511.9
1160210 1522.0
1160220 1522.0
1160230 1532.5
1160240 1546.4
1160250 1546.4
1160260 1559.4
1160270 1568.3
1160280 1576.8
1160290 1574.3
1160300 1582.8
1160310 1591.7
1160320 1591.7
1160330 1601.4
1160340 1617.2
1160350 1617.2
1160360 1636.3
1160370 1645.3
1160380 1645.3
1160390 1655.1
1160400 1669.9
1160410 1669.9
1160420 1682.9
1160430 1686.9
1160440 1686.9
1160450 1690.2
1160460 1702.9
1160470 1702.9
1160480 1717.4
1160490 1728.7
1160500 1728.7
1160510 1739.0
1160520 1750.6
1160530 1757.6
1160540 1757.6
1160550 1761.8
1160560 1765.9
1160570 1765.9
1160580 1767.5
1160590 1769.3
1160600 1769.3
1160610 1773.1
1160620 1776.6
1160630 1776.6
1160640 1778.5
1160650 1780.8
1160660 1780.8
1160670 1785.6
1160680 1787.7
1160690 1787.7
1160700 1792.0
1160710 1795.5
1160720 1795.5
1160730 1799.0
1160740 1802.3
1160750 1802.3
1160760 1804.9
1160770 1807.2
1160780 1809.8
1160790 1809.8
1160800 1811.7
1160810 1811.5
1160820 1811.5
1160830 1809.8
1160840 1806.2
1160850 1806.2
1160860 1805.9
1160870 1815.2
1160880 1815.2
1160890 1821.2
1160900 1821.2
1160910 1821.2
1160920 1820.1
1160930 1817.7
1160940 1817.7
1160950 1817.1
1160960 1820.0
1160970 1820.0
1160980 1827.4
1160990 1838.7
1161000 1838.7
1161010 1856.2
1161020 1868.3
1161030 1868.3
1161040 1876.4
1161050 1883.5
1161060 1887.3
1161070 1883.2
1161080 1885.7
1161090 1887.4
1161100 1887.4
1161110 1889.7
1161120 1892.3
1161130 1892.3
1161140 1895.2
1161150 1897.8
1161160 1897.8
1161170 1900.4
1161180 1904.8
1161190 1904.8
1161200 1908.7
1161210 1912.9
1161220 1912.9
1161230 1917.0
1161240 1921.4
1161250 1921.4
1161260 1924.5
1161270 1927.2
1161280 1927.2
1161290 1929.6
1161300 1932.1
1161310 1934.9
1161320 1934.9
1161330 1937.4
1161340 1939.5
1161350 1939.5
1161360 1941.0
1161370 1942.2
1161380 1942.2
1161390 1943.8
1161400 1944.4
1161410 1944.4
1161420 1947.6
1161430 1950.7
1161440 1950.7
1161450 1952.5
1161460 1951.6
1161470 1940.5
1161480 1941.9
1161490 1945.7
1161500 1945.7
1161510 1955.3
1161520 1963.9
1161530 1963.9
1161540 1972.9
1161550 1980.0
1161560 1980.0
1161570 1987.6
1161580 1995.2
1161590 2000.9
1161600 2000.9
1161610 2005.6
1161620 2010.1
1161630 2010.1
1161640 2014.4
1161650 2018.5
1161660 2018.5
1161670 2021.8
1161680 2024.7
1161690 2024.7
1161700 2026.7
1161710 2027.8
1161720 2027.8
1161730 2029.0
1161740 2030.2
1161750 2030.2
1161760 2031.3
1161770 2032.6
1161780 2032.6
1161790 2033.5
1161800 2035.8
1161810 2035.8
1161820 2039.3
1161830 2042.5
1161840 2044.1
1161850 2044.1
1161860 2037.5
1161870 2041.5
1161880 2041.5
1161890 2045.8
1161900 2049.5
1161910 2049.5
1161920 2052.5
1161930 2055.2
1161940 2055.2
1161950 2058.1
1161960 2060.8
1161970 2060.8
1161980 2064.0
1161990 2066.9
1162000 2066.9
1162010 2069.1
1162020 2070.1
1162030 2070.1
1162040 2072.4
1162050 2075.4
1162060 2075.4
1162070 2077.6
1162080 2078.5
1162090 2078.5
1162100 2077.7
1162110 2078.2
1162120 2081.1
1162130 2081.1
1162140 2082.6
1162150 2083.0
1162160 2083.0
1162170 2079.6
1162180 2074.8
1162190 2074.8
1162200 2076.4
1162210 2081.5
1162220 2081.5
1162230 2083.9
1162240 2087.0
1162250 2087.0
1162260 2083.0
1162270 2082.8
1162280 2082.8
1162290 2083.2
1162300 2086.4
1162310 2086.4
1162320 2091.4
1162330 2095.9
1162340 2095.9
1162350 2098.4
1162360 2097.7
1162370 2098.2
1162380 2098.2
1162390 2097.6
1162400 2096.2
1162410 2096.2
1162420 2098.6
1162430 2100.8
1162440 2100.8
1162450 2103.9
1162460 2108.0
1162470 2108.0
1162480 2111.4
1162490 2114.9
1162500 2114.9
1162510 2118.0
1162520 2120.7
1162530 2120.7
1162540 2124.3
1162550 2126.1
1162560 2126.1
1162570 2127.8
1162580 2127.4
1162590 2127.4
1162600 2128.3
1162610 2129.1
1162620 2129.1
1162630 2132.4
1162640 2135.1
1162650 2127.9
1162660 2127.9
1162670 2128.2
1162680 2127.5
1162690 2127.5
1162700 2126.7
1162710 2127.7
1162720 2127.7
1162730 2126.7
1162740 2124.9
1162750 2124.9
1162760 2123.1
1162770 2121.0
1162780 2121.0
1162790 2121.1
1162800 2121.1
1162810 2121.1
1162820 2122.8
1162830 2124.4
1162840 2124.4
1162850 2125.9
1162860 2126.4
1162870 2126.4
1162880 2126.0
1162890 2126.5
1162900 2126.9
1162910 2126.9
1162920 2126.7
1162930 2126.1
1162940 2126.1
1162950 2125.4
1162960 2122.7
1162970 2122.7
1162980 2117.1
1162990 2118.2
1163000 2118.2
1163010 2122.4
1163020 2123.6
1163030 2123.6
1163040 2124.7
1163050 2119.1
1163060 2119.1
1163070 2116.5
1163080 2112.5
1163090 2112.5
1163100 2107.4
1163110 2105.2
1163120 2105.2
1163130 2102.8
1163140 2099.2
1163150 2096.6
1163160 2096.6
1163170 2097.7
1163180 2099.8
1163190 2099.8
1163200 2097.9
1163210 2101.4
1163220 2101.4
1163230 2105.0
1163240 2108.7
1163250 2108.7
1163260 2111.9
1163270 2120.2
1163280 2120.2
1163290 2129.6
1163300 2136.2
1163310 2136.2
1163320 2141.4
1163330 2146.1
1163340 2146.1
1163350 2150.9
1163360 2155.3
1163370 2155.3
1163380 2156.4
1163390 2156.7
1163400 2156.7
1163410 2157.1
1163420 2155.7
1163430 2153.9
1163440 2146.9
1163450 2147.7
1163460 2149.6
1163470 2149.6
1163480 2151.5
1163490 2153.2
1163500 2153.2
1163510 2152.5
1163520 2151.1
1163530 2151.1
1163540 2152.6
1163550 2155.5
1163560 2155.5
1163570 2163.9
1163580 2172.8
1163590 2172.8
1163600 2185.5
1163610 2197.3
1163620 2197.3
1163630 2206.1
1163640 2214.8
1163650 2214.8
1163660 2224.0
1163670 2235.3
1163680 2244.9
1163690 2244.9
1163700 2254.0
1163710 2267.2
1163720 2267.2
1163730 2282.5
1163740 2289.9
1163750 2289.9
1163760 2291.8
1163770 2289.9
1163780 2289.9
1163790 2288.9
1163800 2287.4
1163810 2287.4
1163820 2285.5
1163830 2284.6
1163840 2276.8
1163850 2277.4
1163860 2277.4
1163870 2277.4
1163880 2275.5
1163890 2271.1
1163900 2271.1
1163910 2267.1
1163920 2264.0
1163930 2264.0
1163940 2264.5
1163950 2265.8
1163960 2267.5
1163970 2267.5
1163980 2265.4
1163990 2262.2
1164000 2262.2
1164010 2260.3
1164020 2257.4
1164030 2257.4
1164040 2255.6
1164050 2252.3
1164060 2252.3
1164070 2248.9
1164080 2250.5
1164090 2250.5
1164100 2255.8
1164110 2252.3
1164120 2252.3
1164130 2240.9
1164140 2236.5
1164150 2236.5
1164160 2240.3
1164170 2246.5
1164180 2246.5
1164190 2250.6
1164200 2248.2
1164210 2242.1
1164220 2242.1
1164230 2240.7
1164240 2239.6
1164250 2239.6
1164260 2245.5
1164270 2254.4
1164280 2254.4
1164290 2261.9
1164300 2268.2
1164310 2268.2
1164320 2272.6
1164330 2273.4
1164340 2273.4
1164350 2276.3
1164360 2278.8
1164370 2278.8
1164380 2281.7
1164390 2291.2
1164400 2291.2
1164410 2297.4
1164420 2296.2
1164430 2296.2
1164440 2300.7
1164450 2306.3
1164460 2306.3
1164470 2313.1
1164480 2320.2
1164490 2328.0
1164500 2328.0
1164510 2338.4
1164520 2354.9
1164530 2354.9
1164540 2365.5
1164550 2375.2
1164560 2375.2
1164570 2384.4
1164580 2394.2
1164590 2394.2
1164600 2400.4
1164610 2403.5
1164620 2403.5
1164630 2403.6
1164640 2405.3
1164650 2405.3
1164660 2405.2
1164670 2404.4
1164680 2404.4
1164690 2404.0
1164700 2407.4
1164710 2407.4
1164720 2406.2
1164730 2410.8
1164740 2416.7
1164750 2416.7
1164760 2423.8
1164770 2430.0
1164780 2430.0
1164790 2437.2
1164800 2444.3
1164810 2444.3
1164820 2447.2
1164830 2448.9
1164840 2448.9
1164850 2453.3
1164860 2459.7
1164870 2459.7
1164880 2469.6
1164890 2482.2
1164900 2482.2
1164910 2494.5
1164920 2509.3
1164930 2509.3
1164940 2521.9
1164950 2530.9
1164960 2530.9
1164970 2531.4
1164980 2524.1
1164990 2524.1
1165000 2507.5
1165010 2490.8
1165020 2483.9
1165030 2478.7
1165040 2472.1
1165050 2469.3
1165060 2469.3
1165070 2470.2
1165080 2468.6
1165090 2468.6
1165100 2471.8
1165110 2471.5
1165120 2471.5
1165130 2466.8
1165140 2467.9
1165150 2467.9
1165160 2473.6
1165170 2471.8
1165180 2471.8
1165190 2463.3
1165200 2462.7
1165210 2462.7
1165220 2466.5
1165230 2464.3
1165240 2464.3
1165250 2463.9
1165260 2465.5
1165270 2466.4
1165280 2466.4
1165290 2466.2
1165300 2468.5
1165310 2468.5
1165320 2470.4
1165330 2466.2
1165340 2466.2
1165350 2458.9
1165360 2448.4
1165370 2448.4
1165380 2445.7
1165390 2436.9
1165400 2436.9
1165410 2430.1
1165420 2422.8
1165430 2436.4
1165440 2426.9
1165450 2418.4
1165460 2418.4
1165470 2411.1
1165480 2403.2
1165490 2403.2
1165500 2403.6
1165510 2412.2
1165520 2421.0
1165530 2421.0
1165540 2428.2
1165550 2433.0
1165560 2433.0
1165570 2431.1
1165580 2424.1
1165590 2424.1
1165600 2415.2
1165610 2406.0
1165620 2406.0
1165630 2399.8
1165640 2394.1
1165650 2394.1
1165660 2385.3
1165670 2376.5
1165680 2376.5
1165690 2369.7
1165700 2363.8
1165710 2363.8
1165720 2363.3
1165730 2363.8
1165740 2363.8
1165750 2362.8
1165760 2357.5
1165770 2357.5
1165780 2348.2
1165790 2340.4
1165800 2334.9
1165810 2334.9
1165820 2325.9
1165830 2327.4
1165840 2327.4
1165850 2317.6
1165860 2310.1
1165870 2310.1
1165880 2309.6
1165890 2308.0
1165900 2308.0
1165910 2304.5
1165920 2301.6
1165930 2301.6
1165940 2301.7
1165950 2306.6
1165960 2306.6
1165970 2307.2
1165980 2302.3
1165990 2302.3
1166000 2294.8
1166010 2294.0
1166020 2294.0
1166030 2297.5
1166040 2298.6
1166050 2296.1
1166060 2296.1
1166070 2295.6
1166080 2296.0
1166090 2296.0
1166100 2296.1
1166110 2296.2
1166120 2296.2
1166130 2295.8
1166140 2296.0
1166150 2296.0
1166160 2295.3
1166170 2297.3
1166180 2297.3
1166190 2297.9
1166200 2297.2
1166210 2297.2
1166220 2295.3
1166230 2299.7
1166240 2299.7
1166250 2303.3
1166260 2307.5
1166270 2307.5
1166280 2311.5
1166290 2315.1
1166300 2315.1
1166310 2319.1
1166320 2323.0
1166330 2326.0
1166340 2326.0
1166350 2330.2
1166360 2335.0
1166370 2335.0
1166380 2339.7
1166390 2343.7
1166400 2343.7
1166410 2348.4
1166420 2354.9
1166430 2354.9
1166440 2362.2
1166450 2368.6
1166460 2368.6
1166470 2374.5
1166480 2383.2
1166490 2383.2
1166500 2388.0
1166510 2393.1
1166520 2393.1
1166530 2398.6
1166540 2405.0
1166550 2405.0
1166560 2409.8
1166570 2414.4
1166580 2422.1
1166590 2422.1
1166600 2430.1
1166610 2438.1
1166620 2438.1
1166630 2457.0
1166640 2462.1
1166650 2462.1
1166660 2456.2
1166670 2446.2
1166680 2446.2
1166690 2436.8
1166700 2434.2
1166710 2434.2
1166720 2433.8
1166730 2431.2
1166740 2431.2
1166750 2428.7
1166760 2426.6
1166770 2426.6
1166780 2427.5
1166790 2434.5
1166800 2434.5
1166810 2432.9
1166820 2427.0
1166830 2427.0
1166840 2422.4
1166850 2422.2
1166860 2415.4
1166870 2415.4
1166880 2406.0
1166890 2397.0
1166900 2397.0
1166910 2390.0
1166920 2384.3
1166930 2384.3
1166940 2374.3
1166950 2362.9
1166960 2362.9
1166970 2352.0
1166980 2336.9
1166990 2336.9
1167000 2323.7
1167010 2313.7
1167020 2313.7
1167030 2326.3
1167040 2320.7
1167050 2320.7
1167060 2312.4
1167070 2295.2
1167080 2295.2
1167090 2274.4
1167100 2277.8
1167110 2282.9
1167120 2282.9
1167130 2282.3
1167140 2269.3
1167150 2269.3
1167160 2252.7
1167170 2238.9
1167180 2238.9
1167190 2231.4
1167200 2226.1
1167210 2226.1
1167220 2222.0
1167230 2221.2
1167240 2221.2
1167250 2220.3
1167260 2216.8
1167270 2216.8
1167280 2211.0
1167290 2210.3
1167300 2210.3
1167310 2210.5
1167320 2206.7
1167330 2206.7
1167340 2202.6
1167350 2199.7
1167360 2198.4
1167370 2198.4
1167380 2197.8
1167390 2197.6
1167400 2197.6
1167410 2199.4
1167420 2199.4
1167430 2205.0
1167440 2203.1
1167450 2201.2
1167460 2201.2
1167470 2198.1
1167480 2194.3
1167490 2194.3
1167500 2192.7
1167510 2192.2
1167520 2192.2
1167530 2191.4
1167540 2190.0
1167550 2190.0
1167560 2188.8
1167570 2188.2
1167580 2188.2
1167590 2187.1
1167600 2186.4
1167610 2186.4
1167620 2186.5
1167630 2187.2
1167640 2188.9
1167650 2188.9
1167660 2193.4
1167670 2199.5
1167680 2199.5
1167690 2205.8
1167700 2212.4
1167710 2212.4
1167720 2218.9
1167730 2223.1
1167740 2223.1
1167750 2223.5
1167760 2223.6
1167770 2223.6
1167780 2225.4
1167790 2228.0
1167800 2228.0
1167810 2229.6
1167820 2230.1
1167830 2235.5
1167840 2235.8
1167850 2236.3
1167860 2236.3
1167870 2239.0
1167880 2242.2
1167890 2245.9
1167900 2245.9
1167910 2250.4
1167920 2256.6
1167930 2256.6
1167940 2264.2
1167950 2275.1
1167960 2275.1
1167970 2284.3
1167980 2293.5
1167990 2293.5
1168000 2305.8
1168010 2315.9
1168020 2315.9
1168030 2328.9
1168040 2336.2
1168050 2336.2
1168060 2339.3
1168070 2351.1
1168080 2351.1
1168090 2361.8
1168100 2367.2
1168110 2367.2
1168120 2372.9
1168130 2378.2
1168140 2378.2
1168150 2382.1
1168160 2384.9
1168170 2388.9
1168180 2388.9
1168190 2393.8
1168200 2400.1
1168210 2400.1
1168220 2407.6
1168230 2410.5
1168240 2410.5
1168250 2417.5
1168260 2424.7
1168270 2424.7
1168280 2432.3
1168290 2439.6
1168300 2439.6
1168310 2446.9
1168320 2455.2
1168330 2455.2
1168340 2450.5
1168350 2434.8
1168360 2434.8
1168370 2423.7
1168380 2411.1
1168390 2411.1
1168400 2398.7
1168410 2379.1
1168420 2362.3
1168430 2362.3
1168440 2353.9
1168450 2348.3
1168460 2348.3
1168470 2337.2
1168480 2322.4
1168490 2322.4
1168500 2314.8
1168510 2309.4
1168520 2309.4
1168530 2304.1
1168540 2298.4
1168550 2298.4
1168560 2292.8
1168570 2287.2
1168580 2287.2
1168590 2281.5
1168600 2275.9
1168610 2275.9
1168620 2270.3
1168630 2269.5
1168640 2269.5
1168650 2265.0
1168660 2260.9
1168670 2259.3
1168680 2259.3
1168690 2258.6
1168700 2259.1
1168710 2259.1
1168720 2260.8
1168730 2259.7
1168740 2259.7
1168750 2255.0
1168760 2248.0
1168770 2248.0
1168780 2241.7
1168790 2234.1
1168800 2234.1
1168810 2226.5
1168820 2219.8
1168830 2219.8
1168840 2213.5
1168850 2207.2
1168860 2207.2
1168870 2201.4
1168880 2195.8
1168890 2195.8
1168900 2190.4
1168910 2185.1
1168920 2185.1
1168930 2180.1
1168940 2175.4
1168950 2170.6
1168960 2170.6
1168970 2165.8
1168980 2161.1
1168990 2161.1
1169000 2156.1
1169010 2151.6
1169020 2151.6
1169030 2147.7
1169040 2142.8
1169050 2142.8
1169060 2139.9
1169070 2138.7
1169080 2138.7
1169090 2136.9
1169100 2134.5
1169110 2134.5
1169120 2130.9
1169130 2127.8
1169140 2127.8
1169150 2126.7
1169160 2123.6
1169170 2123.6
1169180 2117.3
1169190 2109.4
1169200 2096.6
1169210 2096.6
1169220 2077.9
1169230 2068.7
1169240 2068.7
1169250 2061.0
1169260 2053.7
1169270 2053.7
1169280 2046.8
1169290 2040.5
1169300 2040.5
1169310 2033.3
1169320 2027.0
1169330 2027.0
1169340 2020.8
1169350 2013.5
1169360 2013.5
1169370 2006.2
1169380 1995.8
1169390 1995.8
1169400 1987.5
1169410 1981.4
1169420 1981.4
1169430 1976.9
1169440 1972.2
1169450 1972.2
1169460 1967.9
1169470 1963.1
1169480 1958.3
1169490 1958.3
1169500 1954.4
1169510 1951.2
1169520 1951.2
1169530 1947.1
1169540 1939.2
1169550 1939.2
1169560 1932.7
1169570 1928.3
1169580 1928.3
1169590 1923.6
1169600 1912.5
1169610 1912.5
1169620 1904.4
1169630 1897.1
1169640 1897.1
1169650 1885.3
1169660 1876.0
1169670 1876.0
1169680 1862.3
1169690 1851.8
1169700 1851.8
1169710 1852.6
1169720 1856.2
1169730 1856.2
1169740 1856.2
1169750 1856.1
1169760 1856.0
1169770 1856.0
1169780 1855.8
1169790 1855.7
1169800 1855.7
1169810 1857.0
1169820 1858.4
1169830 1858.4
1169840 1859.0
1169850 1857.5
1169860 1857.5
1169870 1855.9
1169880 1852.7
1169890 1852.7
1169900 1852.6
1169910 1851.6
1169920 1851.6
1169930 1848.3
1169940 1846.9
1169950 1846.9
1169960 1847.6
1169970 1847.0
1169980 1847.0
1169990 1845.4
1170000 1844.6
1170010 1844.5
1170020 1844.5
1170030 1845.0
1170040 1846.4
1170050 1846.4
1170060 1847.0
1170070 1848.4
1170080 1848.4
1170090 1848.8
1170100 1849.5
1170110 1849.5
1170120 1851.3
1170130 1854.4
1170140 1854.4
1170150 1858.3
1170160 1862.0
1170170 1862.0
1170180 1866.8
1170190 1871.8
1170200 1871.8
1170210 1872.1
1170220 1874.1
1170230 1874.1
1170240 1872.1
1170250 1877.6
1170260 1873.9
1170270 1873.9
1170280 1869.3
1170290 1861.6
1170300 1861.6
1170310 1844.6
1170320 1837.2
1170330 1837.2
1170340 1838.6
1170350 1846.7
1170360 1846.7
1170370 1858.6
1170380 1870.1
1170390 1870.1
1170400 1879.6
1170410 1882.6
1170420 1882.6
1170430 1880.6
1170440 1875.4
1170450 1875.4
1170460 1868.6
1170470 1866.1
1170480 1866.1
1170490 1865.2
1170500 1868.5
1170510 1867.3
1170520 1867.3
1170530 1864.8
1170540 1860.0
1170550 1860.0
1170560 1851.0
1170570 1848.1
1170580 1848.1
1170590 1851.0
1170600 1855.4
1170610 1855.4
1170620 1860.8
1170630 1867.4
1170640 1867.4
1170650 1879.6
1170660 1880.1
1170670 1880.1
1170680 1879.6
1170690 1879.0
1170700 1879.0
1170710 1878.4
1170720 1880.9
1170730 1880.9
1170740 1887.1
1170750 1894.7
1170760 1894.7
1170770 1902.5
1170780 1913.1
1170790 1924.4
1170800 1924.4
1170810 1934.3
1170820 1931.3
1170830 1931.3
1170840 1935.6
1170850 1945.4
1170860 1945.4
1170870 1941.8
1170880 1927.4
1170890 1927.4
1170900 1917.8
1170910 1919.1
1170920 1919.1
1170930 1935.5
1170940 1947.4
1170950 1947.4
1170960 1956.7
1170970 1955.9
1170980 1955.9
1170990 1957.6
1171000 1963.6
1171010 1963.6
1171020 1978.1
1171030 1996.5
1171040 2009.7
1171050 2009.7
1171060 2023.3
1171070 2025.9
1171080 2025.9
1171090 2030.1
1171100 2040.3
1171110 2040.3
1171120 2050.6
1171130 2056.8
1171140 2056.8
1171150 2060.2
1171160 2063.9
1171170 2063.9
1171180 2067.9
1171190 2073.1
1171200 2073.1
1171210 2078.1
1171220 2082.6
1171230 2082.6
1171240 2086.8
1171250 2095.7
1171260 2095.7
1171270 2106.0
1171280 2113.2
1171290 2113.2
1171300 2114.2
1171310 2120.0
1171320 2130.5
1171330 2130.5
1171340 2142.0
1171350 2147.2
1171360 2147.2
1171370 2145.9
1171380 2141.3
1171390 2141.3
1171400 2134.9
1171410 2127.6
1171420 2127.6
1171430 2120.9
1171440 2114.3
1171450 2114.3
1171460 2105.9
1171470 2098.3
1171480 2098.3
1171490 2090.7
1171500 2081.5
1171510 2081.5
1171520 2072.1
1171530 2064.8
1171540 2064.8
1171550 2058.8
1171560 2055.2
1171570 2048.9
1171580 2048.9
1171590 2039.7
1171600 2029.2
1171610 2029.2
1171620 2025.3
1171630 2022.2
1171640 2022.2
1171650 2023.8
1171660 2020.0
1171670 2020.0
1171680 2010.7
1171690 1995.5
1171700 1995.5
1171710 1986.4
1171720 1987.4
1171730 1987.4
1171740 1981.3
1171750 1981.1
1171760 1981.1
1171770 1972.3
1171780 1957.4
1171790 1957.4
1171800 1945.5
1171810 1935.7
1171820 1935.7
1171830 1927.8
1171840 1927.8
1171850 1923.7
1171860 1923.7
1171870 1931.4
1171880 1923.8
1171890 1923.8
1171900 1904.5
1171910 1894.0
1171920 1894.0
1171930 1891.9
1171940 1882.5
1171950 1882.5
1171960 1869.2
1171970 1855.9
1171980 1855.9
1171990 1849.0
1172000 1844.3
1172010 1844.3
1172020 1838.0
1172030 1830.7
1172040 1830.7
1172050 1819.9
1172060 1811.5
1172070 1811.5
1172080 1807.7
1172090 1798.7
1172100 1792.7
1172110 1792.7
1172120 1788.0
1172130 1785.4
1172140 1785.4
1172150 1776.9
1172160 1773.1
1172170 1773.1
1172180 1762.5
1172190 1750.8
1172200 1750.8
1172210 1743.9
1172220 1747.2
1172230 1747.2
1172240 1740.4
1172250 1738.2
1172260 1738.2
1172270 1732.1
1172280 1735.4
1172290 1735.4
1172300 1725.7
1172310 1716.0
1172320 1716.0
1172330 1707.9
1172340 1701.3
1172350 1694.4
1172360 1694.4
1172370 1683.9
1172380 1677.3
1172390 1677.3
1172400 1675.0
1172410 1669.6
1172420 1669.6
1172430 1661.9
1172440 1652.7
1172450 1652.7
1172460 1647.0
1172470 1639.2
1172480 1639.2
1172490 1628.6
1172500 1616.1
1172510 1616.1
1172520 1604.7
1172530 1595.4
1172540 1595.4
1172550 1587.6
1172560 1578.2
1172570 1578.2
1172580 1566.5
1172590 1553.7
1172600 1553.7
1172610 1538.9
1172620 1524.9
1172630 1511.8
1172640 1511.8
1172650 1498.1
1172660 1483.2
1172670 1483.2
1172680 1470.1
1172690 1465.4
1172700 1465.4
1172710 1460.3
1172720 1455.7
1172730 1455.7
1172740 1451.4
1172750 1446.6
1172760 1446.6
1172770 1442.8
1172780 1440.3
1172790 1440.3
1172800 1438.8
1172810 1436.2
1172820 1436.2
1172830 1430.6
1172840 1424.3
1172850 1424.3
1172860 1418.4
1172870 1413.3
1172880 1408.0
1172890 1408.0
1172900 1402.1
1172910 1397.6
1172920 1397.6
1172930 1397.2
1172940 1400.5
1172950 1400.5
1172960 1408.0
1172970 1415.5
1172980 1415.5
1172990 1421.5
1173000 1425.9
1173010 1425.9
1173020 1430.2
1173030 1434.9
1173040 1434.9
1173050 1440.0
1173060 1443.8
1173070 1443.8
1173080 1447.4
1173090 1449.6
1173100 1449.6
1173110 1454.2
1173120 1459.2
1173130 1459.2
1173140 1464.3
1173150 1469.4
1173160 1474.4
1173170 1474.4
1173180 1480.1
1173190 1486.0
1173200 1486.0
1173210 1491.8
1173220 1497.9
1173230 1497.9
1173240 1503.8
1173250 1509.6
1173260 1509.6
1173270 1515.2
1173280 1521.0
1173290 1521.0
1173300 1526.8
1173310 1532.9
1173320 1532.9
1173330 1538.8
1173340 1545.0
1173350 1545.0
1173360 1551.4
1173370 1557.4
1173380 1557.4
1173390 1562.6
1173400 1568.8
1173410 1575.7
1173420 1575.7
1173430 1583.3
1173440 1591.7
1173450 1591.7
1173460 1598.9
1173470 1605.9
1173480 1605.9
1173490 1613.4
1173500 1619.7
1173510 1619.7
1173520 1626.0
1173530 1632.9
1173540 1632.9
1173550 1640.4
1173560 1653.0
1173570 1653.0
1173580 1670.7
1173590 1698.7
1173600 1698.7
1173610 1705.9
1173620 1729.5
1173630 1729.5
1173640 1768.8
1173650 1774.1
1173660 1787.7
1173670 1787.7
1173680 1800.3
1173690 1807.5
1173700 1807.5
1173710 1815.4
1173720 1823.0
1173730 1823.0
1173740 1829.1
1173750 1834.6
1173760 1834.6
1173770 1841.0
1173780 1848.6
1173790 1848.6
1173800 1856.6
1173810 1863.1
1173820 1863.1
1173830 1869.5
1173840 1877.2
1173850 1877.2
1173860 1884.4
1173870 1891.1
1173880 1891.1
1173890 1897.7
1173900 1903.8
1173910 1901.4
1173920 1907.0
1173930 1913.5
1173940 1921.8
1173950 1921.8
1173960 1928.3
1173970 1935.2
1173980 1935.2
1173990 1940.9
1174000 1946.3
1174010 1946.3
1174020 1952.9
1174030 1961.5
1174040 1961.5
1174050 1969.2
1174060 1977.6
1174070 1977.6
1174080 1989.0
1174090 1996.8
1174100 1996.8
1174110 2001.1
1174120 2006.5
1174130 2006.5
1174140 2012.5
1174150 2019.6
1174160 2019.6
1174170 2026.7
1174180 2034.3
1174190 2042.5
1174200 2042.5
1174210 2051.1
1174220 2060.6
1174230 2060.6
1174240 2067.8
1174250 2075.2
1174260 2075.2
1174270 2084.8
1174280 2094.9
1174290 2094.9
1174300 2104.8
1174310 2112.4
1174320 2110.1
1174330 2118.5
1174340 2129.1
1174350 2129.1
1174360 2135.7
1174370 2142.1
1174380 2142.1
1174390 2148.3
1174400 2155.2
1174410 2155.2
1174420 2162.5
1174430 2170.4
1174440 2170.4
1174450 2179.4
1174460 2189.6
1174470 2202.1
1174480 2202.1
1174490 2217.5
1174500 2227.7
1174510 2227.7
1174520 2235.5
1174530 2246.2
1174540 2246.2
1174550 2260.2
1174560 2268.0
1174570 2268.0
1174580 2274.9
1174590 2281.9
1174600 2281.9
1174610 2289.4
1174620 2297.1
1174630 2297.1
1174640 2304.5
1174650 2311.4
1174660 2311.4
1174670 2318.4
1174680 2324.7
1174690 2324.7
1174700 2330.8
1174710 2337.1
1174720 2344.0
1174730 2337.0
1174740 2344.1
1174750 2347.1
1174760 2347.1
1174770 2342.4
1174780 2340.5
1174790 2340.5
1174800 2338.8
1174810 2335.1
1174820 2335.1
1174830 2334.1
1174840 2348.1
1174850 2348.1
1174860 2364.5
1174870 2378.8
1174880 2378.8
1174890 2381.4
1174900 2371.8
1174910 2371.8
1174920 2363.4
1174930 2364.6
1174940 2364.6
1174950 2373.1
1174960 2381.0
1174970 2381.0
1174980 2378.1
1174990 2372.2
1175000 2371.2
1175010 2371.2
1175020 2376.0
1175030 2382.5
1175040 2382.5
1175050 2375.7
1175060 2362.6
1175070 2362.6
1175080 2356.5
1175090 2358.2
1175100 2358.2
1175110 2363.1
1175120 2367.0
1175130 2367.0
1175140 2370.1
1175150 2367.1
1175160 2367.1
1175170 2368.1
1175180 2368.6
1175190 2368.6
1175200 2369.0
1175210 2372.4
1175220 2372.4
1175230 2378.0
1175240 2385.7
1175250 2389.4
1175260 2389.4
1175270 2389.8
1175280 2388.4
1175290 2388.4
1175300 2388.6
1175310 2390.3
1175320 2390.3
1175330 2395.1
1175340 2404.4
1175350 2404.4
1175360 2410.5
1175370 2416.7
1175380 2416.7
1175390 2420.9
1175400 2426.1
1175410 2426.1
1175420 2430.2
1175430 2435.2
1175440 2435.2
1175450 2434.7
1175460 2428.8
1175470 2428.8
1175480 2428.0
1175490 2426.0
1175500 2421.6
1175510 2421.6
1175520 2420.9
1175530 2423.7
1175540 2423.7
1175550 2427.5
1175560 2442.4
1175570 2442.4
1175580 2444.1
1175590 2448.7
1175600 2448.7
1175610 2449.8
1175620 2451.8
1175630 2451.8
1175640 2454.0
1175650 2453.0
1175660 2453.0
1175670 2455.5
1175680 2460.5
1175690 2460.5
1175700 2466.5
1175710 2472.2
1175720 2472.2
1175730 2478.5
1175740 2484.8
1175750 2484.8
1175760 2473.4
1175770 2453.7
1175780 2440.9
1175790 2440.9
1175800 2430.3
1175810 2425.4
1175820 2425.4
1175830 2421.0
1175840 2419.8
1175850 2419.8
1175860 2419.5
1175870 2417.4
1175880 2417.4
1175890 2415.1
1175900 2412.1
1175910 2412.1
1175920 2408.9
1175930 2405.2
1175940 2405.2
1175950 2402.2
1175960 2400.3
1175970 2408.0
1175980 2406.2
1175990 2405.0
1176000 2405.0
1176010 2404.7
1176020 2405.9
1176030 2411.0
1176040 2411.0
1176050 2418.9
1176060 2428.3
1176070 2428.3
1176080 2435.9
1176090 2440.8
1176100 2440.8
1176110 2444.9
1176120 2448.7
1176130 2448.7
1176140 2450.8
1176150 2449.4
1176160 2449.4
1176170 2449.7
1176180 2453.6
1176190 2453.6
1176200 2460.0
1176210 2466.0
1176220 2466.0
1176230 2470.9
1176240 2470.1
1176250 2470.1
1176260 2470.0
1176270 2473.0
1176280 2473.0
1176290 2475.6
1176300 2479.7
1176310 2484.4
1176320 2484.4
1176330 2489.7
1176340 2495.9
1176350 2495.9
1176360 2503.3
1176370 2510.4
1176380 2516.3
1176390 2523.0
1176400 2532.8
1176410 2532.8
1176420 2545.1
1176430 2557.2
1176440 2557.2
1176450 2569.2
1176460 2579.4
1176470 2579.4
1176480 2581.5
1176490 2568.3
1176500 2568.3
1176510 2550.3
1176520 2525.8
1176530 2525.8
1176540 2508.0
1176550 2489.1
1176560 2472.9
1176570 2472.9
1176580 2462.5
1176590 2453.7
1176600 2453.7
1176610 2445.8
1176620 2439.2
1176630 2439.2
1176640 2432.3
1176650 2425.4
1176660 2425.4
1176670 2418.6
1176680 2411.7
1176690 2411.7
1176700 2405.3
1176710 2399.2
1176720 2399.2
1176730 2393.7
1176740 2388.4
1176750 2388.4
1176760 2383.4
1176770 2378.9
1176780 2378.9
1176790 2371.4
1176800 2368.3
1176810 2365.2
1176820 2365.2
1176830 2362.2
1176840 2359.8
1176850 2359.8
1176860 2361.0
1176870 2365.0
1176880 2365.0
1176890 2370.6
1176900 2375.4
1176910 2375.4
1176920 2379.8
1176930 2384.5
1176940 2384.5
1176950 2388.7
1176960 2393.2
1176970 2393.2
1176980 2397.3
1176990 2401.1
1177000 2401.1
1177010 2404.8
1177020 2410.1
1177030 2410.1
1177040 2413.9
1177050 2412.7
1177060 2412.7
1177070 2414.3
1177080 2417.9
1177090 2421.4
1177100 2421.4
1177110 2421.0
1177120 2415.3
1177130 2415.3
1177140 2410.5
1177150 2406.9
1177160 2406.9
1177170 2400.1
1177180 2395.9
1177190 2395.9
1177200 2395.3
1177210 2389.3
1177220 2389.3
1177230 2387.2
1177240 2385.4
1177250 2385.4
1177260 2384.7
1177270 2384.9
1177280 2384.9
1177290 2384.6
1177300 2384.1
1177310 2384.1
1177320 2384.0
1177330 2384.7
1177340 2386.1
1177350 2386.1
1177360 2386.8
1177370 2386.5
1177380 2386.5
1177390 2388.1
1177400 2385.9
1177410 2385.9
1177420 2386.0
1177430 2398.1
1177440 2398.1
1177450 2403.5
1177460 2400.5
1177470 2400.5
1177480 2395.0
1177490 2387.9
1177500 2387.9
1177510 2381.1
1177520 2375.6
1177530 2375.6
1177540 2369.9
1177550 2362.7
1177560 2362.7
1177570 2354.1
1177580 2345.1
1177590 2345.1
1177600 2339.1
1177610 2331.1
1177620 2317.3
1177630 2317.3
1177640 2311.2
1177650 2307.0
1177660 2307.0
1177670 2303.2
1177680 2299.9
1177690 2299.9
1177700 2296.6
1177710 2291.8
1177720 2291.8
1177730 2287.4
1177740 2283.4
1177750 2283.4
1177760 2278.1
1177770 2272.1
1177780 2272.1
1177790 2265.9
1177800 2260.4
1177810 2260.4
1177820 2254.4
1177830 2248.6
1177840 2248.6
1177850 2243.3
1177860 2239.6
1177870 2237.0
1177880 2237.0
1177890 2234.1
1177900 2230.5
1177910 2230.5
1177920 2226.7
1177930 2222.8
1177940 2222.8
1177950 2218.7
1177960 2213.9
1177970 2213.9
1177980 2207.5
1177990 2203.6
1178000 2203.6
1178010 2201.9
1178020 2197.2
1178030 2197.2
1178040 2185.5
1178050 2175.0
1178060 2175.0
1178070 2164.9
1178080 2157.3
1178090 2157.3
1178100 2149.5
1178110 2140.9
1178120 2131.7
1178130 2131.7
1178140 2123.0
1178150 2115.2
1178160 2115.2
1178170 2108.4
1178180 2102.4
1178190 2102.4
1178200 2097.8
1178210 2093.1
1178220 2093.1
1178230 2087.4
1178240 2082.1
1178250 2082.1
1178260 2077.1
1178270 2072.5
1178280 2072.5
1178290 2067.9
1178300 2063.3
1178310 2063.3
1178320 2057.8
1178330 2052.6
1178340 2052.6
1178350 2046.8
1178360 2037.2
1178370 2037.2
1178380 2029.6
1178390 2023.3
1178400 2017.7
1178410 2017.7
1178420 2011.7
1178430 2005.9
1178440 2005.9
1178450 1996.8
1178460 1990.3
1178470 1990.3
1178480 1984.2
1178490 1978.9
1178500 1978.9
1178510 1976.5
1178520 1971.4
1178530 1971.4
1178540 1961.8
1178550 1954.5
1178560 1954.5
1178570 1945.6
1178580 1935.5
1178590 1935.5
1178600 1927.7
1178610 1917.2
1178620 1917.2
1178630 1907.8
1178640 1904.4
1178650 1902.6
1178660 1902.6
1178670 1902.6
1178680 1900.9
1178690 1900.9
1178700 1898.8
1178710 1896.7
1178720 1896.7
1178730 1895.3
1178740 1894.7
1178750 1894.7
1178760 1893.6
1178770 1893.8
1178780 1893.8
1178790 1895.1
1178800 1896.9
1178810 1896.9
1178820 1899.2
1178830 1901.2
1178840 1901.2
1178850 1901.5
1178860 1900.7
1178870 1903.0
1178880 1902.7
1178890 1904.5
1178900 1904.5
1178910 1907.6
1178920 1910.6
1178930 1913.6
1178940 1913.6
1178950 1916.3
1178960 1917.0
1178970 1917.0
1178980 1918.3
1178990 1921.3
1179000 1921.3
1179010 1923.7
1179020 1926.5
1179030 1926.5
1179040 1929.3
1179050 1930.2
1179060 1930.2
1179070 1932.9
1179080 1932.9
1179090 1932.9
1179100 1929.0
1179110 1923.9
1179120 1923.9
1179130 1918.5
1179140 1912.2
1179150 1912.2
1179160 1905.0
1179170 1897.2
1179180 1890.8
1179190 1890.8
1179200 1885.6
1179210 1882.8
1179220 1882.8
1179230 1877.1
1179240 1869.8
1179250 1869.8
1179260 1856.8
1179270 1835.3
1179280 1853.6
1179290 1828.6
1179300 1833.4
1179310 1833.4
1179320 1842.0
1179330 1849.2
1179340 1849.2
1179350 1853.5
1179360 1857.9
1179370 1857.9
1179380 1862.1
1179390 1865.8
1179400 1865.8
1179410 1869.3
1179420 1873.5
1179430 1878.8
1179440 1878.8
1179450 1882.6
1179460 1886.8
1179470 1886.8
1179480 1891.0
1179490 1898.0
1179500 1898.0
1179510 1905.6
1179520 1910.4
1179530 1910.4
1179540 1915.5
1179550 1920.4
1179560 1920.4
1179570 1926.0
1179580 1932.7
1179590 1932.7
1179600 1940.5
1179610 1948.2
1179620 1948.2
1179630 1956.2
1179640 1964.6
1179650 1964.6
1179660 1977.3
1179670 1999.4
1179680 1999.4
1179690 2016.0
1179700 2016.8
1179710 2031.8
1179720 2031.8
1179730 2036.7
1179740 2041.2
1179750 2041.2
1179760 2044.3
1179770 2048.0
1179780 2048.0
1179790 2055.7
1179800 2060.1
1179810 2060.1
1179820 2070.3
1179830 2082.6
1179840 2082.6
1179850 2091.6
1179860 2097.8
1179870 2097.8
1179880 2103.0
1179890 2108.2
1179900 2108.2
1179910 2113.2
1179920 2119.7
1179930 2119.7
1179940 2126.3
1179950 2132.7
1179960 2139.2
1179970 2139.2
1179980 2145.1
1179990 2150.2
