1160000 1474.2
1160010 1482.5
1160020 1488.6
1160030 1488.6
1160040 1495.3
1160050 1502.4
1160060 1502.4
1160070 1509.7
1160080 1517.0
1160090 1524.2
1160100 1524.2
1160110 1530.8
1160120 1537.1
1160130 1537.1
1160140 1542.9
1160150 1548.8
1160160 1548.8
1160170 1555.1
1160180 1561.4
1160190 1561.4
1160200 1567.8
1160210 1574.7
1160220 1574.7
1160230 1581.2
1160240 1588.2
1160250 1588.2
1160260 1595.6
1160270 1602.8
1160280 1602.8
1160290 1609.5
1160300 1615.2
1160310 1615.2
1160320 1621.3
1160330 1628.4
1160340 1628.4
1160350 1635.2
1160360 1643.0
1160370 1650.9
1160380 1650.9
1160390 1658.2
1160400 1665.6
1160410 1665.6
1160420 1674.3
1160430 1683.7
1160440 1683.7
1160450 1692.7
1160460 1702.5
1160470 1702.5
1160480 1713.2
1160490 1723.5
1160500 1723.5
1160510 1731.4
1160520 1736.9
1160530 1736.9
1160540 1742.2
1160550 1749.4
1160560 1749.4
1160570 1759.2
1160580 1768.5
1160590 1768.5
1160600 1778.2
1160610 1787.7
1160620 1788.8
1160630 1788.8
1160640 1798.6
1160650 1802.3
1160660 1802.3
1160670 1803.3
1160680 1807.9
1160690 1807.9
1160700 1814.1
1160710 1820.0
1160720 1824.9
1160730 1829.8
1160740 1834.5
1160750 1834.5
1160760 1840.4
1160770 1845.8
1160780 1845.8
1160790 1851.3
1160800 1857.3
1160810 1857.3
1160820 1864.3
1160830 1871.7
1160840 1871.7
1160850 1883.3
1160860 1897.5
1160870 1897.5
1160880 1911.7
1160890 1918.6
1160900 1922.3
1160910 1922.3
1160920 1921.9
1160930 1923.5
1160940 1923.5
1160950 1929.1
1160960 1934.3
1160970 1934.3
1160980 1940.1
1160990 1943.0
1161000 1943.0
1161010 1943.9
1161020 1943.3
1161030 1943.3
1161040 1948.1
1161050 1953.6
1161060 1953.6
1161070 1957.0
1161080 1957.8
1161090 1957.8
1161100 1958.3
1161110 1961.2
1161120 1974.2
1161130 1975.4
1161140 1980.7
1161150 1986.8
1161160 1986.8
1161170 1991.8
1161180 1995.9
1161190 1995.9
1161200 2001.4
1161210 2010.3
1161220 2010.3
1161230 2019.2
1161240 2025.4
1161250 2025.4
1161260 2032.9
1161270 2040.8
1161280 2040.8
1161290 2052.6
1161300 2060.0
1161310 2060.0
1161320 2067.6
1161330 2074.4
1161340 2074.4
1161350 2080.9
1161360 2086.6
1161370 2086.6
1161380 2092.5
1161390 2099.2
1161400 2099.2
1161410 2108.2
1161420 2118.3
1161430 2130.8
1161440 2130.8
1161450 2140.3
1161460 2148.2
1161470 2148.2
1161480 2153.9
1161490 2160.5
1161500 2160.5
1161510 2168.2
1161520 2173.7
1161530 2173.7
1161540 2179.7
1161550 2186.8
1161560 2186.8
1161570 2194.2
1161580 2201.1
1161590 2201.1
1161600 2207.7
1161610 2214.3
1161620 2214.3
1161630 2221.1
1161640 2228.8
1161650 2228.8
1161660 2237.9
1161670 2243.4
1161680 2249.9
1161690 2249.9
1161700 2261.8
1161710 2272.6
1161720 2272.6
1161730 2275.4
1161740 2278.1
1161750 2278.1
1161760 2279.1
1161770 2282.1
1161780 2282.1
1161790 2290.0
1161800 2297.9
1161810 2297.9
1161820 2303.0
1161830 2307.3
1161840 2307.3
1161850 2312.5
1161860 2317.8
1161870 2317.8
1161880 2323.5
1161890 2327.2
1161900 2333.0
1161910 2336.6
1161920 2340.9
1161930 2340.9
1161940 2344.9
1161950 2347.9
1161960 2351.5
1161970 2351.5
1161980 2357.0
1161990 2361.4
1162000 2361.4
1162010 2366.1
1162020 2371.6
1162030 2371.6
1162040 2375.3
1162050 2376.0
1162060 2376.0
1162070 2378.7
1162080 2384.4
1162090 2384.4
1162100 2387.7
1162110 2390.1
1162120 2390.1
1162130 2392.9
1162140 2397.7
1162150 2397.7
1162160 2403.5
1162170 2409.2
1162180 2409.2
1162190 2414.4
1162200 2419.1
1162210 2424.1
1162220 2424.1
1162230 2429.7
1162240 2435.1
1162250 2435.1
1162260 2439.9
1162270 2444.0
1162280 2444.0
1162290 2445.5
1162300 2438.9
1162310 2438.9
1162320 2443.5
1162330 2448.9
1162340 2448.9
1162350 2455.2
1162360 2461.5
1162370 2461.5
1162380 2467.4
1162390 2467.8
1162400 2467.8
1162410 2464.9
1162420 2464.5
1162430 2464.5
1162440 2468.5
1162450 2474.6
1162460 2474.6
1162470 2471.2
1162480 2461.4
1162490 2459.0
1162500 2459.0
1162510 2457.2
1162520 2457.7
1162530 2457.7
1162540 2460.4
1162550 2464.1
1162560 2464.1
1162570 2468.4
1162580 2472.4
1162590 2472.4
1162600 2474.8
1162610 2472.3
1162620 2472.3
1162630 2469.5
1162640 2468.3
1162650 2468.3
1162660 2468.7
1162670 2467.6
1162680 2467.6
1162690 2460.7
1162700 2461.1
1162710 2461.1
1162720 2460.5
1162730 2459.8
1162740 2459.0
1162750 2459.0
1162760 2461.8
1162770 2463.6
1162780 2463.6
1162790 2465.0
1162800 2468.4
1162810 2468.4
1162820 2471.3
1162830 2474.3
1162840 2474.3
1162850 2477.2
1162860 2479.4
1162870 2479.4
1162880 2480.6
1162890 2481.2
1162900 2481.2
1162910 2481.6
1162920 2481.0
1162930 2481.0
1162940 2477.9
1162950 2474.9
1162960 2474.9
1162970 2471.8
1162980 2466.7
1162990 2466.7
1163000 2450.4
1163010 2413.1
1163020 2400.9
1163030 2400.9
1163040 2388.0
1163050 2378.1
1163060 2378.1
1163070 2371.5
1163080 2365.2
1163090 2361.6
1163100 2354.9
1163110 2348.5
1163120 2348.5
1163130 2342.0
1163140 2335.6
1163150 2335.6
1163160 2329.3
1163170 2323.1
1163180 2323.1
1163190 2316.9
1163200 2310.7
1163210 2310.7
1163220 2304.2
1163230 2298.1
1163240 2298.1
1163250 2292.6
1163260 2287.0
1163270 2281.4
1163280 2281.4
1163290 2275.8
1163300 2270.4
1163310 2270.4
1163320 2265.0
1163330 2259.8
1163340 2259.8
1163350 2254.7
1163360 2249.8
1163370 2249.8
1163380 2245.0
1163390 2240.3
1163400 2240.3
1163410 2235.7
1163420 2231.3
1163430 2231.3
1163440 2227.3
1163450 2224.3
1163460 2224.3
1163470 2221.5
1163480 2218.3
1163490 2216.7
1163500 2215.2
1163510 2214.2
1163520 2211.4
1163530 2211.4
1163540 2206.5
1163550 2201.9
1163560 2201.9
1163570 2197.9
1163580 2193.1
1163590 2193.1
1163600 2189.0
1163610 2185.5
1163620 2185.5
1163630 2182.9
1163640 2180.5
1163650 2180.5
1163660 2179.4
1163670 2180.9
1163680 2180.9
1163690 2179.4
1163700 2174.9
1163710 2174.9
1163720 2170.6
1163730 2167.3
1163740 2167.3
1163750 2161.8
1163760 2150.6
1163770 2150.6
1163780 2135.9
1163790 2125.5
1163800 2120.1
1163810 2120.1
1163820 2117.2
1163830 2116.2
1163840 2116.2
1163850 2116.7
1163860 2116.5
1163870 2116.5
1163880 2125.5
1163890 2120.5
1163900 2120.5
1163910 2116.5
1163920 2112.2
1163930 2112.2
1163940 2110.3
1163950 2108.5
1163960 2108.5
1163970 2107.2
1163980 2105.2
1163990 2105.2
1164000 2101.8
1164010 2099.2
1164020 2099.2
1164030 2098.7
1164040 2099.7
1164050 2101.1
1164060 2101.1
1164070 2103.0
1164080 2105.4
1164090 2105.4
1164100 2107.2
1164110 2109.1
1164120 2109.1
1164130 2111.0
1164140 2112.7
1164150 2112.7
1164160 2114.4
1164170 2116.2
1164180 2116.2
1164190 2118.1
1164200 2120.3
1164210 2120.3
1164220 2122.5
1164230 2124.7
1164240 2124.7
1164250 2126.9
1164260 2129.0
1164270 2129.0
1164280 2136.2
1164290 2138.6
1164300 2138.6
1164310 2141.1
1164320 2143.8
1164330 2146.2
1164340 2146.2
1164350 2148.5
1164360 2151.2
1164370 2151.2
1164380 2154.4
1164390 2157.9
1164400 2157.9
1164410 2161.5
1164420 2165.3
1164430 2165.3
1164440 2169.1
1164450 2172.7
1164460 2172.7
1164470 2176.0
1164480 2179.6
1164490 2179.6
1164500 2184.3
1164510 2189.4
1164520 2189.4
1164530 2196.5
1164540 2204.6
1164550 2204.6
1164560 2213.0
1164570 2220.9
1164580 2229.5
1164590 2229.5
1164600 2240.3
1164610 2252.8
1164620 2252.8
1164630 2260.5
1164640 2270.5
1164650 2270.5
1164660 2280.8
1164670 2284.4
1164680 2294.9
1164690 2299.0
1164700 2303.6
1164710 2303.6
1164720 2311.9
1164730 2322.3
1164740 2322.3
1164750 2334.0
1164760 2341.0
1164770 2341.0
1164780 2343.3
1164790 2342.4
1164800 2342.4
1164810 2341.2
1164820 2332.4
1164830 2332.4
1164840 2326.5
1164850 2319.4
1164860 2310.8
1164870 2310.8
1164880 2307.2
1164890 2305.6
1164900 2305.6
1164910 2305.7
1164920 2306.1
1164930 2306.1
1164940 2305.1
1164950 2297.5
1164960 2297.5
1164970 2291.8
1164980 2285.3
1164990 2285.3
1165000 2279.8
1165010 2279.1
1165020 2279.1
1165030 2271.7
1165040 2256.6
1165050 2256.6
1165060 2245.1
1165070 2233.2
1165080 2246.6
1165090 2231.5
1165100 2217.9
1165110 2206.3
1165120 2206.3
1165130 2190.3
1165140 2178.3
1165150 2178.3
1165160 2166.9
1165170 2158.0
1165180 2158.0
1165190 2145.9
1165200 2128.1
1165210 2128.1
1165220 2111.9
1165230 2103.4
1165240 2103.4
1165250 2098.8
1165260 2093.9
1165270 2093.9
1165280 2088.4
1165290 2082.8
1165300 2082.8
1165310 2077.0
1165320 2070.5
1165330 2070.5
1165340 2063.6
1165350 2056.7
1165360 2056.7
1165370 2049.8
1165380 2043.4
1165390 2037.6
1165400 2037.6
1165410 2032.1
1165420 2028.3
1165430 2028.3
1165440 2026.7
1165450 2027.6
1165460 2027.6
1165470 2036.8
1165480 2041.4
1165490 2041.4
1165500 2042.6
1165510 2042.0
1165520 2042.0
1165530 2045.6
1165540 2048.3
1165550 2048.3
1165560 2049.3
1165570 2049.5
1165580 2049.5
1165590 2049.4
1165600 2048.7
1165610 2048.7
1165620 2046.7
1165630 2043.1
1165640 2040.4
1165650 2040.4
1165660 2039.4
1165670 2038.5
1165680 2038.5
1165690 2037.3
1165700 2034.6
1165710 2034.6
1165720 2032.7
1165730 2031.6
1165740 2031.6
1165750 2032.0
1165760 2032.5
1165770 2032.5
1165780 2034.8
1165790 2037.5
1165800 2037.5
1165810 2040.4
1165820 2043.1
1165830 2043.1
1165840 2043.0
1165850 2044.3
1165860 2044.3
1165870 2051.6
1165880 2056.2
1165890 2056.2
1165900 2061.0
1165910 2065.6
1165920 2071.5
1165930 2071.5
1165940 2078.1
1165950 2085.7
1165960 2085.7
1165970 2094.0
1165980 2101.9
1165990 2101.9
1166000 2113.7
1166010 2128.5
1166020 2128.5
1166030 2146.3
1166040 2164.9
1166050 2164.9
1166060 2178.5
1166070 2190.1
1166080 2190.1
1166090 2200.3
1166100 2211.7
1166110 2211.7
1166120 2224.4
1166130 2235.2
1166140 2235.2
1166150 2242.5
1166160 2249.2
1166170 2255.7
1166180 2255.7
1166190 2262.7
1166200 2268.6
1166210 2268.6
1166220 2267.1
1166230 2261.4
1166240 2261.4
1166250 2255.1
1166260 2250.0
1166270 2263.2
1166280 2257.8
1166290 2249.8
1166300 2249.8
1166310 2236.5
1166320 2217.0
1166330 2217.0
1166340 2198.7
1166350 2186.9
1166360 2186.9
1166370 2168.6
1166380 2156.8
1166390 2156.8
1166400 2148.5
1166410 2130.6
1166420 2130.6
1166430 2120.4
1166440 2109.8
1166450 2087.3
1166460 2087.3
1166470 2068.3
1166480 2057.0
1166490 2057.0
1166500 2048.8
1166510 2047.5
1166520 2047.5
1166530 2047.7
1166540 2046.4
1166550 2046.4
1166560 2045.3
1166570 2043.8
1166580 2043.8
1166590 2042.3
1166600 2040.0
1166610 2040.0
1166620 2036.9
1166630 2033.8
1166640 2033.8
1166650 2030.4
1166660 2026.9
1166670 2031.8
1166680 2030.0
1166690 2028.6
1166700 2027.4
1166710 2027.4
1166720 2026.8
1166730 2026.0
1166740 2026.0
1166750 2025.1
1166760 2024.9
1166770 2024.9
1166780 2024.6
1166790 2024.5
1166800 2024.5
1166810 2024.2
1166820 2023.6
1166830 2023.6
1166840 2022.0
1166850 2020.2
1166860 2020.2
1166870 2019.9
1166880 2024.0
1166890 2024.0
1166900 2035.5
1166910 2043.3
1166920 2043.3
1166930 2050.4
1166940 2057.0
1166950 2057.0
1166960 2061.3
1166970 2064.6
1166980 2067.3
1166990 2067.3
1167000 2068.4
1167010 2068.0
1167020 2068.0
1167030 2066.0
1167040 2065.1
1167050 2065.1
1167060 2065.2
1167070 2062.6
1167080 2062.6
1167090 2062.8
1167100 2062.6
1167110 2062.6
1167120 2063.3
1167130 2064.5
1167140 2064.5
1167150 2065.4
1167160 2067.0
1167170 2067.0
1167180 2069.1
1167190 2072.9
1167200 2072.9
1167210 2077.3
1167220 2081.6
1167230 2086.4
1167240 2086.4
1167250 2090.3
1167260 2091.9
1167270 2091.9
1167280 2094.8
1167290 2097.7
1167300 2097.7
1167310 2100.0
1167320 2103.1
1167330 2103.1
1167340 2108.2
1167350 2113.9
1167360 2113.9
1167370 2118.2
1167380 2120.8
1167390 2120.8
1167400 2125.4
1167410 2129.9
1167420 2129.9
1167430 2133.4
1167440 2135.6
1167450 2135.6
1167460 2138.9
1167470 2142.5
1167480 2142.5
1167490 2148.4
1167500 2155.1
1167510 2162.8
1167520 2162.8
1167530 2167.7
1167540 2171.6
1167550 2171.6
1167560 2176.1
1167570 2182.0
1167580 2182.0
1167590 2187.2
1167600 2191.6
1167610 2191.6
1167620 2197.2
1167630 2204.6
1167640 2204.6
1167650 2211.4
1167660 2216.9
1167670 2216.9
1167680 2222.6
1167690 2228.0
1167700 2228.0
1167710 2232.4
1167720 2238.6
1167730 2238.6
1167740 2246.0
1167750 2251.3
1167760 2262.2
1167770 2262.2
1167780 2276.3
1167790 2287.3
1167800 2287.3
1167810 2296.6
1167820 2306.5
1167830 2306.5
1167840 2312.3
1167850 2315.7
1167860 2315.7
1167870 2304.6
1167880 2307.6
1167890 2307.6
1167900 2314.1
1167910 2320.3
1167920 2320.3
1167930 2328.2
1167940 2341.3
1167950 2341.3
1167960 2368.7
1167970 2405.1
1167980 2405.1
1167990 2417.5
1168000 2410.9
1168010 2410.9
1168020 2402.5
1168030 2392.6
1168040 2386.6
1168050 2386.6
1168060 2385.8
1168070 2389.3
1168080 2389.3
1168090 2385.2
1168100 2374.9
1168110 2374.9
1168120 2361.2
1168130 2347.1
1168140 2347.1
1168150 2331.0
1168160 2325.9
1168170 2325.9
1168180 2322.8
1168190 2317.8
1168200 2317.8
1168210 2314.9
1168220 2312.3
1168230 2312.3
1168240 2309.6
1168250 2309.1
1168260 2309.1
1168270 2308.6
1168280 2318.5
1168290 2318.2
1168300 2318.2
1168310 2315.3
1168320 2316.1
1168330 2316.1
1168340 2315.3
1168350 2314.2
1168360 2314.2
1168370 2312.3
1168380 2310.6
1168390 2310.6
1168400 2308.8
1168410 2308.5
1168420 2308.5
1168430 2309.8
1168440 2312.0
1168450 2312.0
1168460 2315.2
1168470 2318.6
1168480 2318.6
1168490 2324.8
1168500 2332.7
1168510 2332.7
1168520 2340.6
1168530 2355.0
1168540 2364.7
1168550 2364.7
1168560 2369.0
1168570 2368.2
1168580 2368.2
1168590 2364.7
1168600 2359.7
1168610 2359.7
1168620 2353.1
1168630 2346.0
1168640 2346.0
1168650 2339.8
1168660 2332.1
1168670 2332.1
1168680 2339.0
1168690 2328.9
1168700 2328.9
1168710 2312.3
1168720 2299.5
1168730 2299.5
1168740 2284.8
1168750 2272.7
1168760 2272.7
1168770 2267.8
1168780 2267.0
1168790 2267.0
1168800 2265.3
1168810 2264.1
1168820 2260.7
1168830 2260.7
1168840 2256.5
1168850 2252.7
1168860 2252.7
1168870 2248.2
1168880 2243.8
1168890 2243.8
1168900 2241.4
1168910 2242.5
1168920 2242.5
1168930 2244.4
1168940 2247.7
1168950 2247.7
1168960 2250.3
1168970 2253.8
1168980 2253.8
1168990 2255.4
1169000 2250.2
1169010 2250.2
1169020 2244.6
1169030 2243.1
1169040 2243.1
1169050 2236.1
1169060 2221.3
1169070 2221.6
1169080 2240.2
1169090 2252.2
1169100 2256.6
1169110 2256.6
1169120 2252.8
1169130 2248.6
1169140 2248.6
1169150 2245.4
1169160 2239.7
1169170 2239.7
1169180 2229.9
1169190 2222.4
1169200 2222.4
1169210 2215.8
1169220 2209.0
1169230 2209.0
1169240 2201.2
1169250 2195.4
1169260 2195.4
1169270 2186.4
1169280 2174.8
1169290 2174.8
1169300 2164.2
1169310 2147.1
1169320 2147.1
1169330 2117.2
1169340 2108.6
1169350 2106.1
1169360 2106.1
1169370 2103.8
1169380 2094.4
1169390 2094.4
1169400 2088.0
1169410 2085.6
1169420 2085.6
1169430 2080.7
1169440 2075.3
1169450 2075.3
1169460 2073.8
1169470 2070.1
1169480 2070.1
1169490 2058.3
1169500 2053.0
1169510 2053.0
1169520 2049.2
1169530 2045.7
1169540 2045.7
1169550 2040.4
1169560 2027.7
1169570 2027.7
1169580 2013.2
1169590 2010.1
1169600 2008.2
1169610 2008.2
1169620 2008.0
1169630 2008.2
1169640 2008.2
1169650 2007.9
1169660 2000.5
1169670 2000.5
1169680 1993.1
1169690 1984.0
1169700 1984.0
1169710 1972.6
1169720 1946.9
1169730 1946.9
1169740 1916.6
1169750 1893.5
1169760 1893.5
1169770 1885.4
1169780 1883.0
1169790 1883.0
1169800 1882.6
1169810 1876.9
1169820 1876.9
1169830 1875.2
1169840 1877.2
1169850 1877.2
1169860 1881.3
1169870 1882.3
1169880 1869.2
1169890 1859.7
1169900 1844.1
1169910 1830.2
1169920 1830.2
1169930 1820.3
1169940 1811.3
1169950 1811.3
1169960 1800.4
1169970 1787.8
1169980 1787.8
1169990 1779.2
1170000 1773.2
1170010 1773.2
1170020 1767.2
1170030 1763.4
1170040 1763.4
1170050 1760.0
1170060 1755.2
1170070 1755.2
1170080 1749.5
1170090 1743.4
1170100 1743.4
1170110 1736.1
1170120 1730.8
1170130 1726.8
1170140 1726.8
1170150 1721.9
1170160 1715.9
1170170 1715.9
1170180 1710.4
1170190 1705.8
1170200 1705.8
1170210 1704.6
1170220 1704.8
1170230 1704.8
1170240 1701.0
1170250 1695.6
1170260 1695.6
1170270 1690.7
1170280 1681.9
1170290 1673.7
1170300 1666.7
1170310 1660.7
1170320 1660.7
1170330 1650.8
1170340 1642.0
1170350 1642.0
1170360 1636.3
1170370 1630.6
1170380 1630.6
1170390 1624.4
1170400 1618.0
1170410 1611.9
1170420 1611.9
1170430 1605.8
1170440 1600.3
1170450 1600.3
1170460 1594.7
1170470 1589.0
1170480 1589.0
1170490 1583.3
1170500 1578.0
1170510 1578.0
1170520 1573.1
1170530 1568.6
1170540 1568.6
1170550 1561.8
1170560 1554.0
1170570 1554.0
1170580 1549.0
1170590 1546.0
1170600 1546.0
1170610 1543.7
1170620 1544.0
1170630 1544.0
1170640 1548.3
1170650 1551.3
1170660 1553.5
1170670 1553.5
1170680 1554.2
1170690 1554.2
1170700 1559.9
1170710 1559.8
1170720 1558.9
1170730 1558.9
1170740 1560.1
1170750 1561.2
1170760 1561.2
1170770 1560.2
1170780 1559.9
1170790 1559.9
1170800 1561.5
1170810 1560.8
1170820 1560.8
1170830 1559.4
1170840 1558.8
1170850 1558.8
1170860 1561.9
1170870 1565.5
1170880 1565.5
1170890 1568.3
1170900 1572.7
1170910 1572.7
1170920 1576.7
1170930 1577.4
1170940 1580.1
1170950 1580.1
1170960 1585.2
1170970 1589.4
1170980 1589.4
1170990 1593.9
1171000 1598.2
1171010 1598.2
1171020 1599.9
1171030 1602.6
1171040 1602.6
1171050 1606.2
1171060 1610.9
1171070 1610.9
1171080 1614.2
1171090 1614.3
1171100 1614.3
1171110 1622.1
1171120 1621.0
1171130 1621.0
1171140 1623.9
1171150 1630.8
1171160 1630.8
1171170 1638.8
1171180 1647.0
1171190 1652.2
1171200 1652.2
1171210 1656.5
1171220 1662.1
1171230 1662.1
1171240 1666.5
1171250 1669.2
1171260 1669.2
1171270 1673.9
1171280 1681.2
1171290 1681.2
1171300 1688.5
1171310 1695.8
1171320 1695.8
1171330 1704.8
1171340 1713.7
1171350 1713.7
1171360 1721.8
1171370 1719.5
1171380 1719.5
1171390 1717.0
1171400 1724.7
1171410 1724.7
1171420 1735.3
1171430 1744.4
1171440 1744.4
1171450 1752.3
1171460 1759.9
1171470 1761.2
1171480 1761.2
1171490 1766.9
1171500 1773.2
1171510 1782.3
1171520 1789.0
1171530 1797.7
1171540 1797.7
1171550 1800.7
1171560 1805.5
1171570 1805.5
1171580 1808.8
1171590 1818.9
1171600 1818.9
1171610 1830.8
1171620 1840.1
1171630 1840.1
1171640 1846.8
1171650 1849.0
1171660 1849.0
1171670 1856.7
1171680 1867.2
1171690 1867.2
1171700 1875.9
1171710 1883.7
1171720 1894.6
1171730 1894.6
1171740 1904.9
1171750 1910.6
1171760 1910.6
1171770 1912.4
1171780 1915.6
1171790 1915.6
1171800 1916.8
1171810 1915.6
1171820 1915.6
1171830 1916.3
1171840 1916.0
1171850 1916.0
1171860 1915.3
1171870 1912.9
1171880 1912.9
1171890 1910.9
1171900 1909.5
1171910 1909.5
1171920 1907.7
1171930 1904.0
1171940 1904.0
1171950 1900.0
1171960 1896.1
1171970 1896.1
1171980 1892.2
1171990 1888.6
1172000 1881.9
1172010 1881.9
1172020 1872.7
1172030 1863.2
1172040 1863.2
1172050 1853.4
1172060 1842.7
1172070 1842.7
1172080 1833.5
1172090 1824.0
1172100 1824.0
1172110 1815.2
1172120 1808.5
1172130 1808.5
1172140 1799.3
1172150 1790.4
1172160 1790.4
1172170 1782.8
1172180 1774.1
1172190 1774.1
1172200 1766.7
1172210 1757.9
1172220 1757.9
1172230 1749.1
1172240 1741.4
1172250 1734.7
1172260 1734.7
1172270 1726.9
1172280 1718.6
1172290 1718.6
1172300 1712.5
1172310 1707.0
1172320 1707.0
1172330 1701.6
1172340 1695.8
1172350 1695.8
1172360 1687.9
1172370 1678.5
1172380 1678.5
1172390 1669.4
1172400 1661.7
1172410 1661.7
1172420 1655.4
1172430 1649.0
1172440 1649.0
1172450 1641.8
1172460 1634.5
1172470 1634.5
1172480 1625.8
1172490 1617.1
1172500 1608.7
1172510 1608.7
1172520 1600.8
1172530 1592.8
1172540 1592.8
1172550 1584.8
1172560 1576.8
1172570 1576.8
1172580 1568.5
1172590 1558.5
1172600 1558.5
1172610 1548.0
1172620 1533.8
1172630 1533.8
1172640 1512.0
1172650 1491.7
1172660 1491.7
1172670 1479.7
1172680 1466.1
1172690 1466.1
1172700 1450.3
1172710 1437.8
1172720 1437.8
1172730 1424.3
1172740 1416.6
1172750 1416.6
1172760 1409.6
1172770 1404.5
1172780 1400.2
1172790 1400.2
1172800 1395.7
1172810 1391.3
1172820 1391.3
1172830 1386.4
1172840 1381.7
1172850 1381.7
1172860 1377.1
1172870 1371.4
1172880 1371.4
1172890 1369.4
1172900 1369.9
1172910 1369.9
1172920 1370.9
1172930 1374.7
1172940 1374.7
1172950 1375.9
1172960 1377.0
1172970 1377.0
1172980 1380.0
1172990 1384.5
1173000 1384.5
1173010 1389.5
1173020 1395.3
1173030 1401.1
1173040 1401.1
1173050 1406.7
1173060 1412.6
1173070 1412.6
1173080 1418.9
1173090 1424.9
1173100 1424.9
1173110 1430.7
1173120 1436.6
1173130 1436.6
1173140 1442.9
1173150 1448.9
1173160 1448.9
1173170 1455.1
1173180 1461.5
1173190 1461.5
1173200 1468.0
1173210 1474.2
1173220 1474.2
1173230 1480.3
1173240 1486.4
1173250 1486.4
1173260 1492.2
1173270 1498.3
1173280 1498.3
1173290 1504.4
1173300 1510.8
1173310 1517.3
1173320 1517.3
1173330 1524.2
1173340 1531.1
1173350 1531.1
1173360 1537.6
1173370 1544.4
1173380 1544.4
1173390 1550.4
1173400 1556.5
1173410 1556.5
1173420 1565.4
1173430 1580.0
1173440 1580.0
1173450 1595.7
1173460 1608.8
1173470 1608.8
1173480 1620.5
1173490 1634.7
1173500 1634.7
1173510 1651.2
1173520 1666.4
1173530 1666.4
1173540 1683.0
1173550 1679.9
1173560 1687.9
1173570 1687.9
1173580 1695.1
1173590 1702.6
1173600 1702.6
1173610 1715.4
1173620 1730.0
1173630 1730.0
1173640 1746.2
1173650 1763.9
1173660 1763.9
1173670 1796.7
1173680 1809.8
1173690 1809.8
1173700 1810.0
1173710 1822.5
1173720 1822.5
1173730 1838.4
1173740 1850.3
1173750 1850.3
1173760 1863.2
1173770 1878.2
1173780 1878.2
1173790 1894.6
1173800 1910.0
1173810 1910.0
1173820 1919.0
1173830 1927.1
1173840 1935.2
1173850 1935.2
1173860 1944.3
1173870 1951.9
1173880 1951.9
1173890 1961.4
1173900 1970.9
1173910 1970.9
1173920 1980.6
1173930 1989.6
1173940 1989.6
1173950 1999.4
1173960 2008.4
1173970 2008.4
1173980 2015.2
1173990 2021.4
1174000 2021.4
1174010 2022.3
1174020 2011.1
1174030 2011.1
1174040 2004.5
1174050 1995.4
1174060 1995.4
1174070 2001.3
1174080 2013.2
1174090 2017.1
1174100 2017.1
1174110 2019.8
1174120 2027.7
1174130 2027.7
1174140 2037.3
1174150 2046.9
1174160 2046.9
1174170 2057.9
1174180 2071.7
1174190 2071.7
1174200 2079.7
1174210 2084.0
1174220 2084.0
1174230 2088.3
1174240 2093.7
1174250 2093.7
1174260 2099.2
1174270 2105.2
1174280 2105.2
1174290 2111.3
1174300 2117.7
1174310 2117.7
1174320 2122.7
1174330 2125.7
1174340 2125.7
1174350 2128.2
1174360 2128.2
1174370 2129.5
1174380 2129.5
1174390 2126.6
1174400 2119.9
1174410 2119.9
1174420 2102.5
1174430 2084.3
1174440 2084.3
1174450 2073.3
1174460 2072.9
1174470 2072.9
1174480 2074.5
1174490 2075.5
1174500 2075.5
1174510 2075.0
1174520 2073.7
1174530 2073.7
1174540 2072.6
1174550 2073.1
1174560 2073.1
1174570 2073.6
1174580 2074.2
1174590 2074.2
1174600 2075.4
1174610 2076.8
1174620 2077.8
1174630 2077.8
1174640 2079.0
1174650 2079.4
1174660 2079.4
1174670 2079.7
1174680 2079.7
1174690 2079.7
1174700 2079.8
1174710 2079.3
1174720 2079.3
1174730 2080.2
1174740 2083.4
1174750 2083.4
1174760 2087.4
1174770 2090.2
1174780 2092.3
1174790 2096.6
1174800 2099.0
1174810 2099.0
1174820 2100.5
1174830 2101.4
1174840 2101.4
1174850 2101.6
1174860 2100.7
1174870 2099.6
1174880 2099.6
1174890 2100.7
1174900 2103.4
1174910 2103.4
1174920 2105.3
1174930 2107.2
1174940 2107.2
1174950 2108.5
1174960 2109.1
1174970 2109.1
1174980 2110.2
1174990 2111.0
1175000 2111.0
1175010 2111.6
1175020 2112.5
1175030 2112.5
1175040 2114.6
1175050 2119.5
1175060 2119.5
1175070 2123.9
1175080 2125.0
1175090 2125.0
1175100 2125.4
1175110 2125.3
1175120 2125.3
1175130 2127.5
1175140 2130.6
1175150 2132.7
1175160 2132.7
1175170 2134.2
1175180 2135.5
1175190 2135.7
1175200 2137.2
1175210 2138.7
1175220 2138.7
1175230 2140.1
1175240 2142.9
1175250 2142.9
1175260 2147.9
1175270 2153.2
1175280 2153.2
1175290 2158.5
1175300 2164.2
1175310 2164.2
1175320 2169.3
1175330 2172.7
1175340 2172.7
1175350 2173.7
1175360 2172.6
1175370 2172.6
1175380 2172.4
1175390 2172.9
1175400 2173.8
1175410 2173.8
1175420 2174.1
1175430 2174.6
1175440 2174.6
1175450 2175.0
1175460 2175.6
1175470 2175.6
1175480 2176.1
1175490 2176.6
1175500 2176.6
1175510 2177.0
1175520 2177.7
1175530 2177.7
1175540 2178.2
1175550 2178.5
1175560 2178.5
1175570 2178.4
1175580 2178.6
1175590 2178.6
1175600 2179.1
1175610 2178.9
1175620 2178.9
1175630 2178.8
1175640 2179.4
1175650 2179.4
1175660 2180.3
1175670 2182.1
1175680 2185.6
1175690 2185.6
1175700 2189.7
1175710 2194.2
1175720 2194.2
1175730 2199.2
1175740 2204.4
1175750 2204.4
1175760 2208.4
1175770 2210.8
1175780 2210.8
1175790 2209.9
1175800 2207.5
1175810 2207.5
1175820 2210.3
1175830 2212.9
1175840 2212.9
1175850 2215.4
1175860 2218.0
1175870 2218.0
1175880 2220.0
1175890 2222.0
1175900 2222.0
1175910 2226.0
1175920 2230.7
1175930 2232.2
1175940 2232.2
1175950 2234.5
1175960 2237.7
1175970 2237.7
1175980 2241.1
1175990 2244.8
1176000 2244.8
1176010 2248.7
1176020 2250.4
1176030 2250.4
1176040 2254.8
1176050 2260.0
1176060 2260.0
1176070 2266.6
1176080 2273.2
1176090 2273.2
1176100 2279.8
1176110 2286.9
1176120 2286.9
1176130 2295.3
1176140 2306.8
1176150 2306.8
1176160 2325.7
1176170 2336.6
1176180 2336.6
1176190 2342.7
1176200 2351.8
1176210 2363.7
1176220 2363.7
1176230 2373.5
1176240 2381.6
1176250 2381.6
1176260 2388.9
1176270 2396.7
1176280 2396.7
1176290 2405.0
1176300 2412.4
1176310 2412.4
1176320 2420.2
1176330 2428.4
1176340 2428.4
1176350 2440.6
1176360 2455.1
1176370 2455.1
1176380 2461.5
1176390 2466.1
1176400 2466.1
1176410 2476.1
1176420 2478.6
1176430 2478.1
1176440 2466.0
1176450 2458.1
1176460 2441.3
1176470 2441.3
1176480 2415.3
1176490 2397.9
1176500 2397.9
1176510 2384.3
1176520 2373.0
1176530 2373.0
1176540 2366.3
1176550 2360.3
1176560 2360.3
1176570 2354.9
1176580 2350.3
1176590 2350.3
1176600 2346.8
1176610 2343.6
1176620 2343.6
1176630 2339.1
1176640 2334.7
1176650 2334.7
1176660 2330.3
1176670 2326.8
1176680 2326.8
1176690 2322.7
1176700 2318.0
1176710 2318.0
1176720 2313.1
1176730 2308.1
1176740 2302.6
1176750 2302.6
1176760 2297.8
1176770 2293.3
1176780 2293.3
1176790 2288.8
1176800 2284.3
1176810 2284.3
1176820 2280.4
1176830 2277.1
1176840 2271.8
1176850 2268.3
1176860 2265.2
1176870 2265.2
1176880 2262.5
1176890 2259.8
1176900 2259.8
1176910 2255.9
1176920 2251.8
1176930 2251.8
1176940 2247.7
1176950 2243.7
1176960 2243.7
1176970 2240.6
1176980 2235.9
1176990 2230.8
1177000 2230.8
1177010 2226.2
1177020 2222.3
1177030 2222.3
1177040 2218.5
1177050 2214.8
1177060 2214.8
1177070 2211.4
1177080 2207.6
1177090 2207.6
1177100 2203.6
1177110 2198.9
1177120 2198.9
1177130 2194.8
1177140 2190.9
1177150 2190.9
1177160 2186.6
1177170 2183.4
1177180 2183.4
1177190 2180.6
1177200 2179.0
1177210 2179.0
1177220 2178.3
1177230 2178.1
1177240 2177.6
1177250 2177.6
1177260 2182.0
1177270 2182.2
1177280 2182.2
1177290 2182.7
1177300 2183.2
1177310 2183.2
1177320 2183.6
1177330 2183.6
1177340 2183.6
1177350 2183.2
1177360 2183.0
1177370 2183.0
1177380 2183.7
1177390 2185.3
1177400 2185.3
1177410 2186.7
1177420 2189.8
1177430 2189.8
1177440 2198.3
1177450 2205.4
1177460 2205.4
1177470 2213.2
1177480 2218.9
1177490 2218.9
1177500 2223.9
1177510 2231.7
1177520 2241.7
1177530 2241.7
1177540 2248.2
1177550 2243.7
1177560 2243.7
1177570 2238.0
1177580 2232.5
1177590 2232.5
1177600 2226.7
1177610 2221.1
1177620 2221.1
1177630 2215.5
1177640 2210.9
1177650 2210.9
1177660 2205.9
1177670 2192.7
1177680 2192.7
1177690 2186.9
1177700 2181.9
1177710 2181.9
1177720 2174.7
1177730 2170.2
1177740 2170.2
1177750 2165.7
1177760 2159.9
1177770 2156.3
1177780 2156.3
1177790 2152.7
1177800 2146.7
1177810 2146.7
1177820 2138.2
1177830 2134.2
1177840 2134.2
1177850 2131.9
1177860 2131.3
1177870 2131.3
1177880 2129.4
1177890 2125.2
1177900 2125.2
1177910 2119.7
1177920 2113.7
1177930 2113.7
1177940 2109.7
1177950 2105.5
1177960 2105.5
1177970 2099.9
1177980 2094.0
1177990 2094.0
1178000 2089.4
1178010 2084.8
1178020 2084.8
1178030 2080.5
1178040 2079.1
1178050 2079.0
1178060 2079.0
1178070 2078.5
1178080 2074.1
1178090 2074.1
1178100 2072.1
1178110 2072.1
1178120 2072.1
1178130 2071.7
1178140 2066.7
1178150 2066.7
1178160 2059.3
1178170 2052.1
1178180 2052.1
1178190 2045.3
1178200 2038.2
1178210 2038.2
1178220 2031.4
1178230 2025.0
1178240 2025.0
1178250 2019.1
1178260 2013.1
1178270 2013.1
1178280 2007.5
1178290 2001.9
1178300 1996.6
1178310 1996.6
1178320 1992.3
1178330 1988.2
1178340 1988.2
1178350 1983.7
1178360 1978.3
1178370 1978.3
1178380 1971.9
1178390 1965.3
1178400 1965.3
1178410 1959.7
1178420 1953.3
1178430 1953.3
1178440 1947.2
1178450 1940.2
1178460 1940.2
1178470 1936.0
1178480 1931.3
1178490 1931.3
1178500 1924.4
1178510 1920.8
1178520 1920.8
1178530 1916.1
1178540 1907.7
1178550 1907.7
1178560 1899.9
1178570 1891.6
1178580 1882.2
1178590 1882.2
1178600 1874.6
1178610 1868.1
1178620 1868.1
1178630 1862.9
1178640 1858.2
1178650 1858.2
1178660 1851.5
1178670 1844.8
1178680 1844.8
1178690 1838.9
1178700 1833.4
1178710 1833.4
1178720 1828.4
1178730 1820.9
1178740 1820.9
1178750 1809.2
1178760 1797.8
1178770 1797.8
1178780 1789.8
1178790 1783.8
1178800 1783.8
1178810 1777.9
1178820 1773.0
1178830 1767.3
1178840 1767.3
1178850 1759.8
1178860 1753.6
1178870 1753.6
1178880 1747.2
1178890 1743.7
1178900 1743.7
1178910 1736.3
1178920 1725.4
1178930 1725.4
1178940 1718.7
1178950 1713.1
1178960 1713.1
1178970 1707.6
1178980 1703.2
1178990 1703.2
1179000 1698.1
1179010 1692.1
1179020 1692.1
1179030 1684.9
1179040 1685.5
1179050 1685.5
1179060 1687.5
1179070 1684.1
1179080 1684.1
1179090 1680.1
1179100 1674.9
1179110 1669.5
1179120 1669.5
1179130 1662.0
1179140 1652.9
1179150 1652.9
1179160 1644.6
1179170 1637.7
1179180 1637.7
1179190 1630.7
1179200 1627.4
1179210 1627.4
1179220 1625.5
1179230 1629.0
1179240 1629.0
1179250 1635.9
1179260 1639.2
1179270 1639.2
1179280 1641.4
1179290 1644.1
1179300 1644.1
1179310 1646.5
1179320 1649.6
1179330 1653.0
1179340 1656.2
1179350 1659.2
1179360 1661.2
1179370 1661.2
1179380 1663.6
1179390 1665.7
1179400 1665.7
1179410 1670.2
1179420 1674.1
1179430 1674.1
1179440 1678.8
1179450 1682.9
1179460 1682.9
1179470 1687.1
1179480 1691.6
1179490 1691.6
1179500 1696.7
1179510 1700.7
1179520 1700.7
1179530 1707.2
1179540 1717.0
1179550 1717.0
1179560 1729.0
1179570 1740.2
1179580 1740.2
1179590 1748.3
1179600 1756.9
1179610 1756.9
1179620 1764.8
1179630 1772.1
1179640 1782.6
1179650 1782.6
1179660 1797.3
1179670 1805.0
1179680 1805.0
1179690 1813.3
1179700 1819.7
1179710 1819.7
1179720 1824.8
1179730 1830.3
1179740 1830.3
1179750 1842.5
1179760 1847.3
1179770 1847.3
1179780 1851.6
1179790 1856.0
1179800 1856.0
1179810 1860.8
1179820 1864.3
1179830 1864.3
1179840 1868.6
1179850 1873.7
1179860 1873.7
1179870 1876.1
1179880 1875.2
1179890 1886.7
1179900 1886.7
1179910 1895.1
1179920 1901.8
1179930 1901.8
1179940 1908.0
1179950 1913.3
1179960 1913.3
1179970 1917.4
1179980 1922.0
1179990 1922.0
