1160000 1456.2
1160010 1457.1
1160020 1458.1
1160030 1458.1
1160040 1461.4
1160050 1465.6
1160060 1465.6
1160070 1470.1
1160080 1475.1
1160090 1475.1
1160100 1481.0
1160110 1487.7
1160120 1487.7
1160130 1494.3
1160140 1499.8
1160150 1498.1
1160160 1504.9
1160170 1512.3
1160180 1512.3
1160190 1521.2
1160200 1533.7
1160210 1545.1
1160220 1545.1
1160230 1552.4
1160240 1559.1
1160250 1559.1
1160260 1573.7
1160270 1586.1
1160280 1586.1
1160290 1595.6
1160300 1608.6
1160310 1608.6
1160320 1625.4
1160330 1642.7
1160340 1642.7
1160350 1659.1
1160360 1671.8
1160370 1671.8
1160380 1682.9
1160390 1696.5
1160400 1696.5
1160410 1709.2
1160420 1719.6
1160430 1719.6
1160440 1732.3
1160450 1748.0
1160460 1755.3
1160470 1755.3
1160480 1762.9
1160490 1772.9
1160500 1772.9
1160510 1782.0
1160520 1789.7
1160530 1789.7
1160540 1796.0
1160550 1801.3
1160560 1801.3
1160570 1808.1
1160580 1814.1
1160590 1814.1
1160600 1818.6
1160610 1824.5
1160620 1824.5
1160630 1831.8
1160640 1838.7
1160650 1838.7
1160660 1843.5
1160670 1848.0
1160680 1848.0
1160690 1854.4
1160700 1861.7
1160710 1861.7
1160720 1869.9
1160730 1874.2
1160740 1878.5
1160750 1878.5
1160760 1885.0
1160770 1889.9
1160780 1889.9
1160790 1892.9
1160800 1897.4
1160810 1897.4
1160820 1904.1
1160830 1912.4
1160840 1912.4
1160850 1921.1
1160860 1927.4
1160870 1927.4
1160880 1933.9
1160890 1940.4
1160900 1940.4
1160910 1946.5
1160920 1953.9
1160930 1951.4
1160940 1957.9
1160950 1964.1
1160960 1964.1
1160970 1971.4
1160980 1979.6
1160990 1986.3
1161000 1986.3
1161010 1992.0
1161020 1993.8
1161030 1993.8
1161040 1993.7
1161050 1990.3
1161060 1990.3
1161070 1986.2
1161080 1984.0
1161090 1984.0
1161100 1984.1
1161110 1986.4
1161120 1986.4
1161130 1991.9
1161140 2000.3
1161150 2000.3
1161160 2011.7
1161170 2023.1
1161180 2023.1
1161190 2031.1
1161200 2041.0
1161210 2041.0
1161220 2050.5
1161230 2052.9
1161240 2052.9
1161250 2053.3
1161260 2055.8
1161270 2059.5
1161280 2059.5
1161290 2063.1
1161300 2066.1
1161310 2066.1
1161320 2061.1
1161330 2062.4
1161340 2062.4
1161350 2063.1
1161360 2063.5
1161370 2063.5
1161380 2064.1
1161390 2065.3
1161400 2065.3
1161410 2066.9
1161420 2067.5
1161430 2067.5
1161440 2068.6
1161450 2071.3
1161460 2071.3
1161470 2075.0
1161480 2077.4
1161490 2077.4
1161500 2080.4
1161510 2083.4
1161520 2085.5
1161530 2085.5
1161540 2087.1
1161550 2088.6
1161560 2088.6
1161570 2090.4
1161580 2092.2
1161590 2092.2
1161600 2094.4
1161610 2098.6
1161620 2098.6
1161630 2098.2
1161640 2098.8
1161650 2098.8
1161660 2102.9
1161670 2112.5
1161680 2112.5
1161690 2119.3
1161700 2124.8
1161710 2124.8
1161720 2121.2
1161730 2125.9
1161740 2125.9
1161750 2131.2
1161760 2136.6
1161770 2136.6
1161780 2141.8
1161790 2146.9
1161800 2151.6
1161810 2151.6
1161820 2154.7
1161830 2158.5
1161840 2158.5
1161850 2162.6
1161860 2168.0
1161870 2168.0
1161880 2172.4
1161890 2176.3
1161900 2176.3
1161910 2180.7
1161920 2185.7
1161930 2185.7
1161940 2192.3
1161950 2196.8
1161960 2196.8
1161970 2196.4
1161980 2199.0
1161990 2199.0
1162000 2203.8
1162010 2208.9
1162020 2208.9
1162030 2210.6
1162040 2212.6
1162050 2215.9
1162060 2215.9
1162070 2215.4
1162080 2217.6
1162090 2217.6
1162100 2223.4
1162110 2220.3
1162120 2220.3
1162130 2222.3
1162140 2224.5
1162150 2224.5
1162160 2226.7
1162170 2219.8
1162180 2219.8
1162190 2213.5
1162200 2215.9
1162210 2215.9
1162220 2220.3
1162230 2224.5
1162240 2224.5
1162250 2227.5
1162260 2230.5
1162270 2230.5
1162280 2236.8
1162290 2239.7
1162300 2239.7
1162310 2239.7
1162320 2240.2
1162330 2239.2
1162340 2239.2
1162350 2237.9
1162360 2237.4
1162370 2237.4
1162380 2237.6
1162390 2237.2
1162400 2237.2
1162410 2236.3
1162420 2234.7
1162430 2234.7
1162440 2235.5
1162450 2235.7
1162460 2235.7
1162470 2239.7
1162480 2245.8
1162490 2245.8
1162500 2250.0
1162510 2245.3
1162520 2245.3
1162530 2247.7
1162540 2250.2
1162550 2250.2
1162560 2258.0
1162570 2265.5
1162580 2272.3
1162590 2272.3
1162600 2278.5
1162610 2282.5
1162620 2282.5
1162630 2284.9
1162640 2286.6
1162650 2286.6
1162660 2287.9
1162670 2289.4
1162680 2289.4
1162690 2290.2
1162700 2290.8
1162710 2290.8
1162720 2290.0
1162730 2288.7
1162740 2288.7
1162750 2286.7
1162760 2285.4
1162770 2285.4
1162780 2286.9
1162790 2287.6
1162800 2287.6
1162810 2288.2
1162820 2289.3
1162830 2289.3
1162840 2290.0
1162850 2289.2
1162860 2286.4
1162870 2286.4
1162880 2283.3
1162890 2280.5
1162900 2272.0
1162910 2266.3
1162920 2262.3
1162930 2262.3
1162940 2260.9
1162950 2257.5
1162960 2257.5
1162970 2256.2
1162980 2254.8
1162990 2254.8
1163000 2253.4
1163010 2256.5
1163020 2256.5
1163030 2260.4
1163040 2264.4
1163050 2264.4
1163060 2266.7
1163070 2265.4
1163080 2265.4
1163090 2261.4
1163100 2256.4
1163110 2249.5
1163120 2249.5
1163130 2241.5
1163140 2238.9
1163150 2238.9
1163160 2236.8
1163170 2238.3
1163180 2238.3
1163190 2241.1
1163200 2243.1
1163210 2243.1
1163220 2245.0
1163230 2245.3
1163240 2245.3
1163250 2245.5
1163260 2246.7
1163270 2246.7
1163280 2247.6
1163290 2250.4
1163300 2245.0
1163310 2249.3
1163320 2252.2
1163330 2252.2
1163340 2254.9
1163350 2256.0
1163360 2256.0
1163370 2256.8
1163380 2256.8
1163390 2256.9
1163400 2256.9
1163410 2254.7
1163420 2249.7
1163430 2249.7
1163440 2245.1
1163450 2242.5
1163460 2242.5
1163470 2239.4
1163480 2236.2
1163490 2236.2
1163500 2231.3
1163510 2224.7
1163520 2224.7
1163530 2219.6
1163540 2215.3
1163550 2215.3
1163560 2209.5
1163570 2206.0
1163580 2206.0
1163590 2205.0
1163600 2205.8
1163610 2205.8
1163620 2200.5
1163630 2194.6
1163640 2190.8
1163650 2190.8
1163660 2187.9
1163670 2186.5
1163680 2186.5
1163690 2185.5
1163700 2190.4
1163710 2190.4
1163720 2189.9
1163730 2190.5
1163740 2190.5
1163750 2191.7
1163760 2193.0
1163770 2193.0
1163780 2194.1
1163790 2195.0
1163800 2195.0
1163810 2195.4
1163820 2195.3
1163830 2195.3
1163840 2196.6
1163850 2199.7
1163860 2199.7
1163870 2202.5
1163880 2204.0
1163890 2204.3
1163900 2204.3
1163910 2205.8
1163920 2208.7
1163930 2208.7
1163940 2211.4
1163950 2212.8
1163960 2212.8
1163970 2216.9
1163980 2221.8
1163990 2221.8
1164000 2224.2
1164010 2227.7
1164020 2227.7
1164030 2230.7
1164040 2234.5
1164050 2234.5
1164060 2235.1
1164070 2238.0
1164080 2238.0
1164090 2258.5
1164100 2262.5
1164110 2262.5
1164120 2267.6
1164130 2275.3
1164140 2275.3
1164150 2284.5
1164160 2286.7
1164170 2281.7
1164180 2281.7
1164190 2287.1
1164200 2285.5
1164210 2285.5
1164220 2285.4
1164230 2291.7
1164240 2291.7
1164250 2301.7
1164260 2309.3
1164270 2309.3
1164280 2314.5
1164290 2315.2
1164300 2315.2
1164310 2312.3
1164320 2307.2
1164330 2307.2
1164340 2303.5
1164350 2307.9
1164360 2307.9
1164370 2313.1
1164380 2312.1
1164390 2312.1
1164400 2315.8
1164410 2325.0
1164420 2333.8
1164430 2333.8
1164440 2337.8
1164450 2336.8
1164460 2336.8
1164470 2331.8
1164480 2334.0
1164490 2341.4
1164500 2345.3
1164510 2351.1
1164520 2351.1
1164530 2356.2
1164540 2363.4
1164550 2363.4
1164560 2369.5
1164570 2374.8
1164580 2374.8
1164590 2378.4
1164600 2382.5
1164610 2382.5
1164620 2386.5
1164630 2389.1
1164640 2389.1
1164650 2396.1
1164660 2402.0
1164670 2402.0
1164680 2411.8
1164690 2416.8
1164700 2420.1
1164710 2420.1
1164720 2422.0
1164730 2428.7
1164740 2428.7
1164750 2436.2
1164760 2443.2
1164770 2443.2
1164780 2449.1
1164790 2453.8
1164800 2453.8
1164810 2458.7
1164820 2462.9
1164830 2462.9
1164840 2467.2
1164850 2473.7
1164860 2473.7
1164870 2478.8
1164880 2489.4
1164890 2493.8
1164900 2503.6
1164910 2516.3
1164920 2516.3
1164930 2528.6
1164940 2541.2
1164950 2550.7
1164960 2550.7
1164970 2550.8
1164980 2535.9
1164990 2535.9
1165000 2510.2
1165010 2492.1
1165020 2492.1
1165030 2483.2
1165040 2474.6
1165050 2474.6
1165060 2466.0
1165070 2451.1
1165080 2451.1
1165090 2434.2
1165100 2417.1
1165110 2417.1
1165120 2402.7
1165130 2390.6
1165140 2390.6
1165150 2376.6
1165160 2361.6
1165170 2361.6
1165180 2350.8
1165190 2342.6
1165200 2342.6
1165210 2336.3
1165220 2332.3
1165230 2328.2
1165240 2328.2
1165250 2325.0
1165260 2324.2
1165270 2324.2
1165280 2325.4
1165290 2320.2
1165300 2320.2
1165310 2318.3
1165320 2310.3
1165330 2310.3
1165340 2302.0
1165350 2294.9
1165360 2294.9
1165370 2281.1
1165380 2272.0
1165390 2272.0
1165400 2262.6
1165410 2252.1
1165420 2252.1
1165430 2242.9
1165440 2238.7
1165450 2238.7
1165460 2237.2
1165470 2237.1
1165480 2235.3
1165490 2235.3
1165500 2231.3
1165510 2228.9
1165520 2228.9
1165530 2224.6
1165540 2219.6
1165550 2219.6
1165560 2214.6
1165570 2210.0
1165580 2210.0
1165590 2206.9
1165600 2204.2
1165610 2204.2
1165620 2200.5
1165630 2195.9
1165640 2195.9
1165650 2191.8
1165660 2188.2
1165670 2188.2
1165680 2192.9
1165690 2191.5
1165700 2191.5
1165710 2189.5
1165720 2187.5
1165730 2187.5
1165740 2185.7
1165750 2185.6
1165760 2185.1
1165770 2185.1
1165780 2184.5
1165790 2184.3
1165800 2184.3
1165810 2184.0
1165820 2183.1
1165830 2183.1
1165840 2182.0
1165850 2180.8
1165860 2180.8
1165870 2179.9
1165880 2178.5
1165890 2178.5
1165900 2176.9
1165910 2175.6
1165920 2175.6
1165930 2174.4
1165940 2173.6
1165950 2173.6
1165960 2172.8
1165970 2171.3
1165980 2171.3
1165990 2169.7
1166000 2168.6
1166010 2167.2
1166020 2167.2
1166030 2167.4
1166040 2169.3
1166050 2169.3
1166060 2170.6
1166070 2171.6
1166080 2176.5
1166090 2178.1
1166100 2180.4
1166110 2180.4
1166120 2181.8
1166130 2183.4
1166140 2183.4
1166150 2185.5
1166160 2187.8
1166170 2187.8
1166180 2190.7
1166190 2194.1
1166200 2194.1
1166210 2198.0
1166220 2202.2
1166230 2202.2
1166240 2206.8
1166250 2211.6
1166260 2216.2
1166270 2216.2
1166280 2220.2
1166290 2223.6
1166300 2223.6
1166310 2227.1
1166320 2231.0
1166330 2231.0
1166340 2234.9
1166350 2238.7
1166360 2238.7
1166370 2242.9
1166380 2247.2
1166390 2247.2
1166400 2251.2
1166410 2255.7
1166420 2255.7
1166430 2260.4
1166440 2266.2
1166450 2266.2
1166460 2272.8
1166470 2283.3
1166480 2283.8
1166490 2292.9
1166500 2302.7
1166510 2302.7
1166520 2309.3
1166530 2305.3
1166540 2299.0
1166550 2299.0
1166560 2292.6
1166570 2287.7
1166580 2287.7
1166590 2281.8
1166600 2274.7
1166610 2274.7
1166620 2269.7
1166630 2263.6
1166640 2263.6
1166650 2255.7
1166660 2248.5
1166670 2248.5
1166680 2244.5
1166690 2243.2
1166700 2243.2
1166710 2243.2
1166720 2241.8
1166730 2241.8
1166740 2238.4
1166750 2229.4
1166760 2229.4
1166770 2218.7
1166780 2217.4
1166790 2217.1
1166800 2217.1
1166810 2213.8
1166820 2203.4
1166830 2203.4
1166840 2193.5
1166850 2189.5
1166860 2189.5
1166870 2184.6
1166880 2185.5
1166890 2185.5
1166900 2183.4
1166910 2178.1
1166920 2178.1
1166930 2171.8
1166940 2165.8
1166950 2165.8
1166960 2160.3
1166970 2155.7
1166980 2155.7
1166990 2151.5
1167000 2147.6
1167010 2147.6
1167020 2144.2
1167030 2140.3
1167040 2140.3
1167050 2135.6
1167060 2131.1
1167070 2126.8
1167080 2126.8
1167090 2122.8
1167100 2118.8
1167110 2118.8
1167120 2115.4
1167130 2112.5
1167140 2112.5
1167150 2109.8
1167160 2106.9
1167170 2106.9
1167180 2103.9
1167190 2100.8
1167200 2100.8
1167210 2098.9
1167220 2098.0
1167230 2098.0
1167240 2096.9
1167250 2094.8
1167260 2094.8
1167270 2094.1
1167280 2099.3
1167290 2099.3
1167300 2098.0
1167310 2096.5
1167320 2095.9
1167330 2095.9
1167340 2094.8
1167350 2094.0
1167360 2094.0
1167370 2094.3
1167380 2095.5
1167390 2095.5
1167400 2094.9
1167410 2092.9
1167420 2092.9
1167430 2090.0
1167440 2089.7
1167450 2089.7
1167460 2093.3
1167470 2098.0
1167480 2098.0
1167490 2102.7
1167500 2107.3
1167510 2107.3
1167520 2111.4
1167530 2115.4
1167540 2115.4
1167550 2119.7
1167560 2124.0
1167570 2124.0
1167580 2127.8
1167590 2132.0
1167600 2136.4
1167610 2136.4
1167620 2140.3
1167630 2143.8
1167640 2143.8
1167650 2149.7
1167660 2159.6
1167670 2159.6
1167680 2167.9
1167690 2175.5
1167700 2175.5
1167710 2180.4
1167720 2183.3
1167730 2183.3
1167740 2185.4
1167750 2188.4
1167760 2188.4
1167770 2192.2
1167780 2196.5
1167790 2196.5
1167800 2200.5
1167810 2204.3
1167820 2204.3
1167830 2208.4
1167840 2212.8
1167850 2217.8
1167860 2217.8
1167870 2223.7
1167880 2231.3
1167890 2231.3
1167900 2247.0
1167910 2267.4
1167920 2267.4
1167930 2287.5
1167940 2300.9
1167950 2300.9
1167960 2310.0
1167970 2318.0
1167980 2318.0
1167990 2328.1
1168000 2338.1
1168010 2338.1
1168020 2355.1
1168030 2362.6
1168040 2362.6
1168050 2374.0
1168060 2396.6
1168070 2396.6
1168080 2407.2
1168090 2396.4
1168100 2396.4
1168110 2401.3
1168120 2406.1
1168130 2404.0
1168140 2404.0
1168150 2411.8
1168160 2425.6
1168170 2425.6
1168180 2436.6
1168190 2445.1
1168200 2445.1
1168210 2450.0
1168220 2451.6
1168230 2451.6
1168240 2437.6
1168250 2423.6
1168260 2423.6
1168270 2415.1
1168280 2409.3
1168290 2409.3
1168300 2408.4
1168310 2392.8
1168320 2392.8
1168330 2377.5
1168340 2368.2
1168350 2368.2
1168360 2361.0
1168370 2353.4
1168380 2347.3
1168390 2347.3
1168400 2341.6
1168410 2335.3
1168420 2335.3
1168430 2328.7
1168440 2322.6
1168450 2322.6
1168460 2317.0
1168470 2312.2
1168480 2312.2
1168490 2303.7
1168500 2299.9
1168510 2299.9
1168520 2296.1
1168530 2292.1
1168540 2292.1
1168550 2287.9
1168560 2283.3
1168570 2283.3
1168580 2278.6
1168590 2274.1
1168600 2274.1
1168610 2269.6
1168620 2265.3
1168630 2261.0
1168640 2261.0
1168650 2256.5
1168660 2252.0
1168670 2252.0
1168680 2247.9
1168690 2243.8
1168700 2243.8
1168710 2239.5
1168720 2235.7
1168730 2235.7
1168740 2232.0
1168750 2228.1
1168760 2228.1
1168770 2224.9
1168780 2223.4
1168790 2223.4
1168800 2222.1
1168810 2219.9
1168820 2219.9
1168830 2217.9
1168840 2216.0
1168850 2216.0
1168860 2214.3
1168870 2212.3
1168880 2212.3
1168890 2208.2
1168900 2203.9
1168910 2200.2
1168920 2200.2
1168930 2197.7
1168940 2195.2
1168950 2195.2
1168960 2191.4
1168970 2185.4
1168980 2185.4
1168990 2179.1
1169000 2173.1
1169010 2173.1
1169020 2167.3
1169030 2161.4
1169040 2161.4
1169050 2155.6
1169060 2149.5
1169070 2149.5
1169080 2140.8
1169090 2128.5
1169100 2128.5
1169110 2118.7
1169120 2109.0
1169130 2109.0
1169140 2099.8
1169150 2092.6
1169160 2091.3
1169170 2091.3
1169180 2090.5
1169190 2086.9
1169200 2086.9
1169210 2078.2
1169220 2070.6
1169230 2070.6
1169240 2068.5
1169250 2066.0
1169260 2066.0
1169270 2063.9
1169280 2062.5
1169290 2053.1
1169300 2050.9
1169310 2042.6
1169320 2042.6
1169330 2029.3
1169340 2017.0
1169350 2017.0
1169360 2000.1
1169370 1989.6
1169380 1989.6
1169390 1984.6
1169400 1980.6
1169410 1980.6
1169420 1976.0
1169430 1970.2
1169440 1964.2
1169450 1964.2
1169460 1958.6
1169470 1952.5
1169480 1952.5
1169490 1946.3
1169500 1940.1
1169510 1940.1
1169520 1933.9
1169530 1927.5
1169540 1927.5
1169550 1921.5
1169560 1915.4
1169570 1915.4
1169580 1909.9
1169590 1904.7
1169600 1904.7
1169610 1898.7
1169620 1892.9
1169630 1892.9
1169640 1887.1
1169650 1881.1
1169660 1881.1
1169670 1875.1
1169680 1869.3
1169690 1863.6
1169700 1862.4
1169710 1856.5
1169720 1850.7
1169730 1850.7
1169740 1845.1
1169750 1839.6
1169760 1839.6
1169770 1834.4
1169780 1829.4
1169790 1829.4
1169800 1824.3
1169810 1819.2
1169820 1819.2
1169830 1813.0
1169840 1807.4
1169850 1807.4
1169860 1803.9
1169870 1802.6
1169880 1802.6
1169890 1802.9
1169900 1802.0
1169910 1802.0
1169920 1800.2
1169930 1796.6
1169940 1796.6
1169950 1791.8
1169960 1787.0
1169970 1784.0
1169980 1784.0
1169990 1782.1
1170000 1783.6
1170010 1783.6
1170020 1780.7
1170030 1770.3
1170040 1770.3
1170050 1762.8
1170060 1754.5
1170070 1754.5
1170080 1749.0
1170090 1747.3
1170100 1752.8
1170110 1749.2
1170120 1742.1
1170130 1742.1
1170140 1732.6
1170150 1727.3
1170160 1727.3
1170170 1725.6
1170180 1723.4
1170190 1723.4
1170200 1721.2
1170210 1719.6
1170220 1714.3
1170230 1714.3
1170240 1707.2
1170250 1699.0
1170260 1699.0
1170270 1690.9
1170280 1675.1
1170290 1675.1
1170300 1667.2
1170310 1667.1
1170320 1667.1
1170330 1665.1
1170340 1668.6
1170350 1668.6
1170360 1672.6
1170370 1675.9
1170380 1675.9
1170390 1678.8
1170400 1682.2
1170410 1682.2
1170420 1684.9
1170430 1686.7
1170440 1686.7
1170450 1688.4
1170460 1689.4
1170470 1689.4
1170480 1691.4
1170490 1695.4
1170500 1699.2
1170510 1703.6
1170520 1706.3
1170530 1707.7
1170540 1707.7
1170550 1709.7
1170560 1711.4
1170570 1711.4
1170580 1711.9
1170590 1712.1
1170600 1712.1
1170610 1711.5
1170620 1710.9
1170630 1710.9
1170640 1710.3
1170650 1711.3
1170660 1711.3
1170670 1711.9
1170680 1711.4
1170690 1711.4
1170700 1711.8
1170710 1710.6
1170720 1710.6
1170730 1715.5
1170740 1722.6
1170750 1728.2
1170760 1728.2
1170770 1734.3
1170780 1741.3
1170790 1741.3
1170800 1744.5
1170810 1745.0
1170820 1745.0
1170830 1746.6
1170840 1750.5
1170850 1750.5
1170860 1756.8
1170870 1758.3
1170880 1758.3
1170890 1757.0
1170900 1763.1
1170910 1769.2
1170920 1776.7
1170930 1784.4
1170940 1784.4
1170950 1795.0
1170960 1806.0
1170970 1806.0
1170980 1815.3
1170990 1833.0
1171000 1846.4
1171010 1846.4
1171020 1857.1
1171030 1868.7
1171040 1868.7
1171050 1879.2
1171060 1887.4
1171070 1887.4
1171080 1894.0
1171090 1897.8
1171100 1897.8
1171110 1894.2
1171120 1886.9
1171130 1886.9
1171140 1880.9
1171150 1880.1
1171160 1880.1
1171170 1880.4
1171180 1884.1
1171190 1884.1
1171200 1889.1
1171210 1896.6
1171220 1896.6
1171230 1904.8
1171240 1913.2
1171250 1913.2
1171260 1923.9
1171270 1937.2
1171280 1943.7
1171290 1943.7
1171300 1949.2
1171310 1959.2
1171320 1966.6
1171330 1971.1
1171340 1971.9
1171350 1971.9
1171360 1976.6
1171370 1978.6
1171380 1978.6
1171390 1984.9
1171400 1991.7
1171410 1991.7
1171420 1998.2
1171430 2001.7
1171440 2001.7
1171450 2009.6
1171460 2010.5
1171470 2010.5
1171480 2015.3
1171490 2032.2
1171500 2032.2
1171510 2042.1
1171520 2043.7
1171530 2043.6
1171540 2043.6
1171550 2040.5
1171560 2037.5
1171570 2037.5
1171580 2034.9
1171590 2031.5
1171600 2031.5
1171610 2028.4
1171620 2024.1
1171630 2024.1
1171640 2018.5
1171650 2014.9
1171660 2014.9
1171670 2010.7
1171680 2006.5
1171690 2006.5
1171700 2000.7
1171710 1994.9
1171720 1994.9
1171730 1988.5
1171740 1981.3
1171750 1981.3
1171760 1972.9
1171770 1963.6
1171780 1963.6
1171790 1951.4
1171800 1940.2
1171810 1928.4
1171820 1928.4
1171830 1917.6
1171840 1908.8
1171850 1908.8
1171860 1900.2
1171870 1891.7
1171880 1891.7
1171890 1884.3
1171900 1876.9
1171910 1876.9
1171920 1869.6
1171930 1862.1
1171940 1862.1
1171950 1855.9
1171960 1848.6
1171970 1848.6
1171980 1841.5
1171990 1834.6
1172000 1834.6
1172010 1828.7
1172020 1823.0
1172030 1823.0
1172040 1816.6
1172050 1810.7
1172060 1804.8
1172070 1804.8
1172080 1798.7
1172090 1792.3
1172100 1792.3
1172110 1785.2
1172120 1778.6
1172130 1777.5
1172140 1771.7
1172150 1765.4
1172160 1765.4
1172170 1758.5
1172180 1753.0
1172190 1753.0
1172200 1747.5
1172210 1741.5
1172220 1741.5
1172230 1735.7
1172240 1729.3
1172250 1729.3
1172260 1721.3
1172270 1715.6
1172280 1715.6
1172290 1710.8
1172300 1705.7
1172310 1705.7
1172320 1700.0
1172330 1694.1
1172340 1687.9
1172350 1687.9
1172360 1681.5
1172370 1674.7
1172380 1674.7
1172390 1668.3
1172400 1662.2
1172410 1662.2
1172420 1655.8
1172430 1649.8
1172440 1649.8
1172450 1644.1
1172460 1637.8
1172470 1637.8
1172480 1630.8
1172490 1624.6
1172500 1624.6
1172510 1619.0
1172520 1614.7
1172530 1614.7
1172540 1604.3
1172550 1597.6
1172560 1597.6
1172570 1587.7
1172580 1576.5
1172590 1562.9
1172600 1562.9
1172610 1542.5
1172620 1523.0
1172630 1523.0
1172640 1511.9
1172650 1499.1
1172660 1499.1
1172670 1486.1
1172680 1472.4
1172690 1472.4
1172700 1455.8
1172710 1440.9
1172720 1440.9
1172730 1426.8
1172740 1415.4
1172750 1415.4
1172760 1408.0
1172770 1400.7
1172780 1400.7
1172790 1393.4
1172800 1387.7
1172810 1387.7
1172820 1385.4
1172830 1386.5
1172840 1386.5
1172850 1391.4
1172860 1395.5
1172870 1398.6
1172880 1398.6
1172890 1403.1
1172900 1407.6
1172910 1407.6
1172920 1411.8
1172930 1415.5
1172940 1415.5
1172950 1419.7
1172960 1424.7
1172970 1424.7
1172980 1429.7
1172990 1434.5
1173000 1434.5
1173010 1439.7
1173020 1445.1
1173030 1445.1
1173040 1450.9
1173050 1456.5
1173060 1456.5
1173070 1462.1
1173080 1468.0
1173090 1468.0
1173100 1473.7
1173110 1479.3
1173120 1484.8
1173130 1484.8
1173140 1490.3
1173150 1495.9
1173160 1495.9
1173170 1501.6
1173180 1507.3
1173190 1507.3
1173200 1513.2
1173210 1519.1
1173220 1519.1
1173230 1524.8
1173240 1530.3
1173250 1530.3
1173260 1535.7
1173270 1541.0
1173280 1541.0
1173290 1546.3
1173300 1551.6
1173310 1551.6
1173320 1557.2
1173330 1562.6
1173340 1562.6
1173350 1565.8
1173360 1573.0
1173370 1576.5
1173380 1576.5
1173390 1580.7
1173400 1585.2
1173410 1585.2
1173420 1590.8
1173430 1595.1
1173440 1595.1
1173450 1599.5
1173460 1604.6
1173470 1604.6
1173480 1610.5
1173490 1616.2
1173500 1616.2
1173510 1622.2
1173520 1630.6
1173530 1630.6
1173540 1635.0
1173550 1639.6
1173560 1639.6
1173570 1651.9
1173580 1660.2
1173590 1660.2
1173600 1663.5
1173610 1669.4
1173620 1669.4
1173630 1676.1
1173640 1683.8
1173650 1690.8
1173660 1690.8
1173670 1697.6
1173680 1704.0
1173690 1704.0
1173700 1711.7
1173710 1726.7
1173720 1726.7
1173730 1735.3
1173740 1740.0
1173750 1740.0
1173760 1751.4
1173770 1769.1
1173780 1769.1
1173790 1780.5
1173800 1787.3
1173810 1787.3
1173820 1792.4
1173830 1794.7
1173840 1794.7
1173850 1799.9
1173860 1805.4
1173870 1805.4
1173880 1810.7
1173890 1822.2
1173900 1832.6
1173910 1832.6
1173920 1842.7
1173930 1858.0
1173940 1858.0
1173950 1875.4
1173960 1892.8
1173970 1892.8
1173980 1907.6
1173990 1915.4
1174000 1915.4
1174010 1924.3
1174020 1943.2
1174030 1943.2
1174040 1967.7
1174050 1987.7
1174060 1987.7
1174070 2000.5
1174080 2014.6
1174090 2014.6
1174100 2026.9
1174110 2036.4
1174120 2036.4
1174130 2044.7
1174140 2054.0
1174150 2054.0
1174160 2066.0
1174170 2076.2
1174180 2070.4
1174190 2070.4
1174200 2074.5
1174210 2079.7
1174220 2079.7
1174230 2085.5
1174240 2094.4
1174250 2094.4
1174260 2111.2
1174270 2129.2
1174280 2129.2
1174290 2140.8
1174300 2149.0
1174310 2149.0
1174320 2155.4
1174330 2162.2
1174340 2162.2
1174350 2169.6
1174360 2178.1
1174370 2178.1
1174380 2187.1
1174390 2196.6
1174400 2196.6
1174410 2205.3
1174420 2215.8
1174430 2231.4
1174440 2231.4
1174450 2246.7
1174460 2258.0
1174470 2258.0
1174480 2265.4
1174490 2275.5
1174500 2275.5
1174510 2283.6
1174520 2291.6
1174530 2291.6
1174540 2299.5
1174550 2307.7
1174560 2307.7
1174570 2318.6
1174580 2329.6
1174590 2326.4
1174600 2334.5
1174610 2338.8
1174620 2338.8
1174630 2334.5
1174640 2322.7
1174650 2322.7
1174660 2312.7
1174670 2306.9
1174680 2302.9
1174690 2302.9
1174700 2299.4
1174710 2294.7
1174720 2294.7
1174730 2305.1
1174740 2311.4
1174750 2311.4
1174760 2322.0
1174770 2323.3
1174780 2323.3
1174790 2317.8
1174800 2308.6
1174810 2308.6
1174820 2297.4
1174830 2287.5
1174840 2287.5
1174850 2275.6
1174860 2263.9
1174870 2263.9
1174880 2253.9
1174890 2245.1
1174900 2245.1
1174910 2238.3
1174920 2234.4
1174930 2234.4
1174940 2230.6
1174950 2226.7
1174960 2223.5
1174970 2223.5
1174980 2220.9
1174990 2218.5
1175000 2223.6
1175010 2222.5
1175020 2222.5
1175030 2222.5
1175040 2223.5
1175050 2224.9
1175060 2224.9
1175070 2226.4
1175080 2228.0
1175090 2228.0
1175100 2229.8
1175110 2231.9
1175120 2231.9
1175130 2233.9
1175140 2235.6
1175150 2235.6
1175160 2237.3
1175170 2238.9
1175180 2238.9
1175190 2240.4
1175200 2241.4
1175210 2241.9
1175220 2241.9
1175230 2242.7
1175240 2243.9
1175250 2243.9
1175260 2244.9
1175270 2245.5
1175280 2245.5
1175290 2245.6
1175300 2245.2
1175310 2245.2
1175320 2245.2
1175330 2246.8
1175340 2246.8
1175350 2249.2
1175360 2251.5
1175370 2251.5
1175380 2253.7
1175390 2255.8
1175400 2255.8
1175410 2263.9
1175420 2263.8
1175430 2263.8
1175440 2263.7
1175450 2264.9
1175460 2264.9
1175470 2267.0
1175480 2269.0
1175490 2270.3
1175500 2270.3
1175510 2270.9
1175520 2270.7
1175530 2270.7
1175540 2269.1
1175550 2267.2
1175560 2267.2
1175570 2265.0
1175580 2262.8
1175590 2262.8
1175600 2261.6
1175610 2259.6
1175620 2259.6
1175630 2257.8
1175640 2256.6
1175650 2256.6
1175660 2255.7
1175670 2253.3
1175680 2253.3
1175690 2251.1
1175700 2249.0
1175710 2249.0
1175720 2246.6
1175730 2244.4
1175740 2242.8
1175750 2242.8
1175760 2242.8
1175770 2246.9
1175780 2246.9
1175790 2251.2
1175800 2255.4
1175810 2255.4
1175820 2264.5
1175830 2267.4
1175840 2267.4
1175850 2269.6
1175860 2271.4
1175870 2271.4
1175880 2273.2
1175890 2274.0
1175900 2274.0
1175910 2274.3
1175920 2275.6
1175930 2275.6
1175940 2277.7
1175950 2280.6
1175960 2280.6
1175970 2283.9
1175980 2287.5
1175990 2287.5
1176000 2291.4
1176010 2295.6
1176020 2299.9
1176030 2299.9
1176040 2304.3
1176050 2308.7
1176060 2308.7
1176070 2313.1
1176080 2317.1
1176090 2317.1
1176100 2320.7
1176110 2324.0
1176120 2324.0
1176130 2326.8
1176140 2329.5
1176150 2329.5
1176160 2331.7
1176170 2333.8
1176180 2333.8
1176190 2336.0
1176200 2338.1
1176210 2338.1
1176220 2339.8
1176230 2347.1
1176240 2347.1
1176250 2348.8
1176260 2350.8
1176270 2354.5
1176280 2354.5
1176290 2358.3
1176300 2361.8
1176310 2361.8
1176320 2366.9
1176330 2372.4
1176340 2372.4
1176350 2377.6
1176360 2383.1
1176370 2383.1
1176380 2393.0
1176390 2404.3
1176400 2404.3
1176410 2410.1
1176420 2417.3
1176430 2417.3
1176440 2428.0
1176450 2437.2
1176460 2437.2
1176470 2443.4
1176480 2446.1
1176490 2446.1
1176500 2447.3
1176510 2448.8
1176520 2451.8
1176530 2451.8
1176540 2457.1
1176550 2462.6
1176560 2462.6
1176570 2468.4
1176580 2473.6
1176590 2473.6
1176600 2481.9
1176610 2490.3
1176620 2490.3
1176630 2497.0
1176640 2504.3
1176650 2507.3
1176660 2514.1
1176670 2520.6
1176680 2520.6
1176690 2528.0
1176700 2527.1
1176710 2527.1
1176720 2522.7
1176730 2518.9
1176740 2518.9
1176750 2514.9
1176760 2512.6
1176770 2512.6
1176780 2508.0
1176790 2499.6
1176800 2493.7
1176810 2493.7
1176820 2495.0
1176830 2494.4
1176840 2494.4
1176850 2494.4
1176860 2495.7
1176870 2495.7
1176880 2496.1
1176890 2495.3
1176900 2495.3
1176910 2492.5
1176920 2490.5
1176930 2490.5
1176940 2493.2
1176950 2496.9
1176960 2496.9
1176970 2498.6
1176980 2499.1
1176990 2499.1
1177000 2496.5
1177010 2495.5
1177020 2495.5
1177030 2498.3
1177040 2500.0
1177050 2497.8
1177060 2514.2
1177070 2510.4
1177080 2508.5
1177090 2508.5
1177100 2512.1
1177110 2515.3
1177120 2515.3
1177130 2515.2
1177140 2513.1
1177150 2513.1
1177160 2509.4
1177170 2504.3
1177180 2504.3
1177190 2499.9
1177200 2498.6
1177210 2498.6
1177220 2495.4
1177230 2491.6
1177240 2491.6
1177250 2491.4
1177260 2486.1
1177270 2486.1
1177280 2481.0
1177290 2482.6
1177300 2482.6
1177310 2488.8
1177320 2492.6
1177330 2493.3
1177340 2493.3
1177350 2496.3
1177360 2491.9
1177370 2491.9
1177380 2490.7
1177390 2487.8
1177400 2487.8
1177410 2483.4
1177420 2483.2
1177430 2483.2
1177440 2483.2
1177450 2482.4
1177460 2482.4
1177470 2495.8
1177480 2501.9
1177490 2501.9
1177500 2500.5
1177510 2497.4
1177520 2497.4
1177530 2492.1
1177540 2486.7
1177550 2486.7
1177560 2480.3
1177570 2475.4
1177580 2470.2
1177590 2470.2
1177600 2465.5
1177610 2459.8
1177620 2459.8
1177630 2453.9
1177640 2448.3
1177650 2448.3
1177660 2445.2
1177670 2447.3
1177680 2447.3
1177690 2455.9
1177700 2458.1
1177710 2458.1
1177720 2451.8
1177730 2444.3
1177740 2444.3
1177750 2436.6
1177760 2427.3
1177770 2427.3
1177780 2418.7
1177790 2409.0
1177800 2409.0
1177810 2403.9
1177820 2396.8
1177830 2396.8
1177840 2388.7
1177850 2378.7
1177860 2367.6
1177870 2367.6
1177880 2366.9
1177890 2354.4
1177900 2354.4
1177910 2344.9
1177920 2333.9
1177930 2333.9
1177940 2325.7
1177950 2314.8
1177960 2314.8
1177970 2304.8
1177980 2295.4
1177990 2295.4
1178000 2284.2
1178010 2272.9
1178020 2272.9
1178030 2258.4
1178040 2245.8
1178050 2245.8
1178060 2230.2
1178070 2220.8
1178080 2220.8
1178090 2214.3
1178100 2201.6
1178110 2188.3
1178120 2188.3
1178130 2176.2
1178140 2166.3
1178150 2166.3
1178160 2159.4
1178170 2154.3
1178180 2154.3
1178190 2147.5
1178200 2138.9
1178210 2138.9
1178220 2131.5
1178230 2124.8
1178240 2124.8
1178250 2118.6
1178260 2112.7
1178270 2112.7
1178280 2107.3
1178290 2103.4
1178300 2105.1
1178310 2099.4
1178320 2092.6
1178330 2092.6
1178340 2083.9
1178350 2067.9
1178360 2055.7
1178370 2055.7
1178380 2041.8
1178390 2031.3
1178400 2031.3
1178410 2017.4
1178420 2006.9
1178430 2006.9
1178440 1994.2
1178450 1981.0
1178460 1981.0
1178470 1973.0
1178480 1965.2
1178490 1965.2
1178500 1956.9
1178510 1948.3
1178520 1948.3
1178530 1939.1
1178540 1930.4
1178550 1930.4
1178560 1920.3
1178570 1911.0
1178580 1911.0
1178590 1905.5
1178600 1900.0
1178610 1900.0
1178620 1893.4
1178630 1886.1
1178640 1878.8
1178650 1878.8
1178660 1872.2
1178670 1865.7
1178680 1865.7
1178690 1859.4
1178700 1852.7
1178710 1852.7
1178720 1846.7
1178730 1840.5
1178740 1840.5
1178750 1834.8
1178760 1829.1
1178770 1829.1
1178780 1822.8
1178790 1816.1
1178800 1816.1
1178810 1809.3
1178820 1802.8
1178830 1802.8
1178840 1796.5
1178850 1790.5
1178860 1790.5
1178870 1784.8
1178880 1780.1
1178890 1780.2
1178900 1780.2
1178910 1780.5
1178920 1778.1
1178930 1778.1
1178940 1775.8
1178950 1775.5
1178960 1775.5
1178970 1775.5
1178980 1774.5
1178990 1774.5
1179000 1772.0
1179010 1768.5
1179020 1768.5
1179030 1765.5
1179040 1762.4
1179050 1762.4
1179060 1759.4
1179070 1756.5
1179080 1756.5
1179090 1752.0
1179100 1747.4
1179110 1747.4
1179120 1743.5
1179130 1738.8
1179140 1742.9
1179150 1736.6
1179160 1730.5
1179170 1725.2
1179180 1725.2
1179190 1720.5
1179200 1717.4
1179210 1717.4
1179220 1718.1
1179230 1719.1
1179240 1719.1
1179250 1721.9
1179260 1725.4
1179270 1725.4
1179280 1728.0
1179290 1730.5
1179300 1730.5
1179310 1733.3
1179320 1735.6
1179330 1735.6
1179340 1736.3
1179350 1736.4
1179360 1736.4
1179370 1737.3
1179380 1740.2
1179390 1740.2
1179400 1744.7
1179410 1750.0
1179420 1754.2
1179430 1754.2
1179440 1757.5
1179450 1761.9
1179460 1761.9
1179470 1773.3
1179480 1787.0
1179490 1787.0
1179500 1798.6
1179510 1808.6
1179520 1808.6
1179530 1818.3
1179540 1827.0
1179550 1838.9
1179560 1845.7
1179570 1854.9
1179580 1854.9
1179590 1863.4
1179600 1872.4
1179610 1872.4
1179620 1881.7
1179630 1886.4
1179640 1886.4
1179650 1893.1
1179660 1902.4
1179670 1902.4
1179680 1910.3
1179690 1920.5
1179700 1934.1
1179710 1934.1
1179720 1948.4
1179730 1960.3
1179740 1960.3
1179750 1969.5
1179760 1975.7
1179770 1975.7
1179780 1978.9
1179790 1985.2
1179800 1985.2
1179810 1991.5
1179820 1997.4
1179830 1997.4
1179840 2002.6
1179850 2008.3
1179860 2008.3
1179870 2017.7
1179880 2030.8
1179890 2030.8
1179900 2042.5
1179910 2057.6
1179920 2057.6
1179930 2068.2
1179940 2078.2
1179950 2091.4
1179960 2091.4
1179970 2116.4
1179980 2123.6
1179990 2123.6
