1160000 1555.2
1160010 1548.5
1160020 1544.4
1160030 1544.4
1160040 1541.4
1160050 1538.5
1160060 1538.5
1160070 1536.8
1160080 1536.2
1160090 1536.2
1160100 1536.2
1160110 1536.3
1160120 1536.3
1160130 1537.1
1160140 1540.3
1160150 1540.3
1160160 1546.1
1160170 1553.3
1160180 1553.3
1160190 1560.5
1160200 1566.6
1160210 1571.6
1160220 1571.6
1160230 1572.8
1160240 1569.8
1160250 1569.8
1160260 1567.0
1160270 1564.7
1160280 1564.7
1160290 1560.4
1160300 1558.5
1160310 1558.5
1160320 1563.5
1160330 1570.8
1160340 1576.1
1160350 1585.3
1160360 1595.1
1160370 1595.1
1160380 1604.0
1160390 1612.1
1160400 1612.1
1160410 1619.4
1160420 1625.9
1160430 1625.9
1160440 1632.0
1160450 1636.9
1160460 1643.4
1160470 1643.4
1160480 1650.3
1160490 1656.7
1160500 1656.7
1160510 1662.9
1160520 1669.1
1160530 1669.1
1160540 1676.2
1160550 1682.4
1160560 1682.4
1160570 1687.7
1160580 1693.1
1160590 1693.1
1160600 1698.6
1160610 1703.9
1160620 1703.9
1160630 1708.9
1160640 1714.0
1160650 1714.0
1160660 1719.7
1160670 1725.6
1160680 1725.6
1160690 1730.6
1160700 1732.8
1160710 1732.8
1160720 1730.4
1160730 1741.7
1160740 1739.1
1160750 1739.1
1160760 1737.8
1160770 1741.2
1160780 1741.2
1160790 1747.5
1160800 1752.5
1160810 1752.5
1160820 1755.2
1160830 1759.1
1160840 1759.1
1160850 1766.1
1160860 1773.0
1160870 1773.0
1160880 1777.5
1160890 1781.9
1160900 1781.9
1160910 1792.2
1160920 1809.7
1160930 1809.7
1160940 1825.4
1160950 1834.7
1160960 1834.7
1160970 1843.6
1160980 1848.2
1160990 1851.0
1161000 1851.0
1161010 1858.8
1161020 1870.4
1161030 1870.4
1161040 1882.3
1161050 1893.5
1161060 1893.5
1161070 1899.5
1161080 1905.5
1161090 1905.5
1161100 1911.8
1161110 1917.4
1161120 1917.4
1161130 1927.5
1161140 1936.4
1161150 1936.4
1161160 1945.6
1161170 1954.2
1161180 1954.2
1161190 1962.5
1161200 1971.0
1161210 1971.0
1161220 1976.2
1161230 1980.3
1161240 1980.3
1161250 1986.7
1161260 1992.7
1161270 1997.6
1161280 1997.6
1161290 2003.3
1161300 2009.1
1161310 2009.1
1161320 2016.4
1161330 2025.4
1161340 2025.4
1161350 2035.2
1161360 2043.4
1161370 2043.4
1161380 2052.0
1161390 2058.4
1161400 2058.4
1161410 2063.6
1161420 2069.7
1161430 2069.7
1161440 2075.2
1161450 2078.2
1161460 2078.2
1161470 2081.0
1161480 2087.1
1161490 2087.1
1161500 2093.4
1161510 2098.8
1161520 2101.3
1161530 2101.3
1161540 2106.7
1161550 2112.5
1161560 2112.5
1161570 2119.3
1161580 2125.1
1161590 2125.1
1161600 2129.7
1161610 2134.1
1161620 2134.1
1161630 2138.7
1161640 2143.3
1161650 2143.3
1161660 2147.7
1161670 2152.4
1161680 2152.4
1161690 2157.1
1161700 2161.9
1161710 2161.9
1161720 2166.4
1161730 2171.1
1161740 2171.1
1161750 2176.2
1161760 2181.4
1161770 2181.4
1161780 2186.8
1161790 2191.8
1161800 2196.7
1161810 2196.7
1161820 2201.6
1161830 2206.1
1161840 2206.1
1161850 2210.8
1161860 2215.6
1161870 2215.6
1161880 2220.4
1161890 2225.3
1161900 2225.3
1161910 2230.4
1161920 2234.9
1161930 2234.9
1161940 2240.0
1161950 2246.2
1161960 2246.2
1161970 2253.4
1161980 2260.3
1161990 2260.3
1162000 2267.7
1162010 2274.5
1162020 2274.5
1162030 2281.2
1162040 2286.9
1162050 2292.7
1162060 2292.7
1162070 2299.7
1162080 2306.9
1162090 2306.9
1162100 2314.6
1162110 2323.2
1162120 2323.2
1162130 2331.2
1162140 2338.4
1162150 2338.4
1162160 2345.2
1162170 2351.5
1162180 2351.5
1162190 2358.2
1162200 2365.3
1162210 2365.3
1162220 2373.2
1162230 2380.3
1162240 2380.3
1162250 2387.2
1162260 2394.3
1162270 2394.3
1162280 2401.9
1162290 2409.5
1162300 2409.5
1162310 2416.9
1162320 2424.3
1162330 2431.6
1162340 2431.6
1162350 2438.2
1162360 2444.8
1162370 2444.8
1162380 2451.3
1162390 2458.4
1162400 2458.4
1162410 2465.8
1162420 2471.7
1162430 2471.7
1162440 2471.4
1162450 2467.2
1162460 2467.2
1162470 2466.9
1162480 2464.6
1162490 2464.6
1162500 2461.1
1162510 2455.8
1162520 2455.8
1162530 2453.6
1162540 2456.8
1162550 2456.8
1162560 2462.9
1162570 2467.5
1162580 2470.3
1162590 2470.3
1162600 2470.8
1162610 2465.4
1162620 2465.4
1162630 2464.6
1162640 2470.6
1162650 2470.6
1162660 2476.5
1162670 2474.1
1162680 2474.1
1162690 2477.3
1162700 2483.2
1162710 2483.2
1162720 2479.4
1162730 2481.5
1162740 2481.5
1162750 2487.5
1162760 2495.9
1162770 2495.9
1162780 2500.9
1162790 2498.6
1162800 2498.6
1162810 2498.9
1162820 2501.9
1162830 2501.9
1162840 2491.9
1162850 2483.7
1162860 2497.4
1162870 2497.4
1162880 2509.3
1162890 2520.0
1162900 2520.0
1162910 2524.3
1162920 2520.7
1162930 2520.7
1162940 2514.1
1162950 2513.6
1162960 2513.6
1162970 2510.9
1162980 2510.9
1162990 2510.9
1163000 2511.5
1163010 2511.0
1163020 2511.0
1163030 2505.8
1163040 2492.1
1163050 2492.1
1163060 2479.2
1163070 2465.2
1163080 2465.2
1163090 2452.7
1163100 2418.5
1163110 2403.6
1163120 2403.6
1163130 2394.1
1163140 2383.6
1163150 2383.6
1163160 2381.6
1163170 2368.4
1163180 2368.4
1163190 2342.7
1163200 2333.8
1163210 2333.8
1163220 2327.9
1163230 2322.1
1163240 2322.1
1163250 2316.4
1163260 2306.9
1163270 2306.9
1163280 2297.2
1163290 2289.4
1163300 2289.4
1163310 2283.3
1163320 2277.4
1163330 2277.4
1163340 2270.9
1163350 2264.1
1163360 2264.1
1163370 2257.8
1163380 2251.7
1163390 2245.5
1163400 2245.5
1163410 2239.6
1163420 2234.0
1163430 2234.0
1163440 2228.2
1163450 2222.6
1163460 2222.6
1163470 2217.0
1163480 2211.4
1163490 2211.4
1163500 2203.5
1163510 2198.1
1163520 2198.1
1163530 2192.9
1163540 2188.1
1163550 2188.1
1163560 2183.1
1163570 2177.9
1163580 2177.9
1163590 2173.0
1163600 2168.0
1163610 2168.0
1163620 2162.9
1163630 2157.9
1163640 2153.4
1163650 2153.4
1163660 2149.5
1163670 2146.5
1163680 2146.5
1163690 2143.7
1163700 2140.5
1163710 2140.5
1163720 2137.9
1163730 2134.6
1163740 2134.6
1163750 2130.9
1163760 2127.2
1163770 2127.2
1163780 2124.3
1163790 2121.2
1163800 2121.2
1163810 2117.5
1163820 2113.9
1163830 2113.9
1163840 2110.3
1163850 2106.8
1163860 2106.8
1163870 2103.8
1163880 2101.1
1163890 2098.8
1163900 2096.3
1163910 2092.5
1163920 2087.3
1163930 2087.3
1163940 2083.5
1163950 2080.8
1163960 2080.8
1163970 2078.0
1163980 2074.3
1163990 2074.3
1164000 2072.3
1164010 2073.4
1164020 2073.4
1164030 2071.9
1164040 2068.6
1164050 2068.6
1164060 2066.2
1164070 2065.9
1164080 2065.9
1164090 2065.3
1164100 2064.4
1164110 2064.4
1164120 2061.8
1164130 2061.3
1164140 2061.3
1164150 2059.8
1164160 2059.9
1164170 2061.4
1164180 2061.4
1164190 2061.0
1164200 2059.5
1164210 2059.5
1164220 2062.0
1164230 2063.3
1164240 2063.3
1164250 2063.9
1164260 2063.2
1164270 2063.2
1164280 2062.9
1164290 2063.9
1164300 2063.9
1164310 2060.3
1164320 2055.2
1164330 2055.2
1164340 2051.7
1164350 2049.2
1164360 2049.2
1164370 2048.1
1164380 2049.4
1164390 2049.4
1164400 2050.5
1164410 2050.9
1164420 2050.9
1164430 2050.7
1164440 2052.4
1164450 2054.8
1164460 2054.8
1164470 2056.7
1164480 2059.8
1164490 2059.8
1164500 2063.2
1164510 2065.6
1164520 2065.6
1164530 2068.0
1164540 2070.5
1164550 2070.5
1164560 2072.6
1164570 2073.0
1164580 2073.0
1164590 2074.6
1164600 2070.4
1164610 2070.4
1164620 2074.5
1164630 2083.3
1164640 2083.3
1164650 2089.3
1164660 2093.3
1164670 2093.3
1164680 2099.3
1164690 2112.6
1164700 2119.3
1164710 2119.3
1164720 2126.3
1164730 2131.1
1164740 2131.1
1164750 2130.8
1164760 2125.9
1164770 2125.9
1164780 2118.9
1164790 2117.5
1164800 2117.5
1164810 2115.6
1164820 2114.8
1164830 2114.8
1164840 2112.6
1164850 2108.6
1164860 2108.6
1164870 2105.6
1164880 2101.3
1164890 2101.3
1164900 2097.0
1164910 2096.9
1164920 2096.9
1164930 2099.6
1164940 2100.2
1164950 2100.2
1164960 2101.0
1164970 2098.5
1164980 2095.2
1164990 2095.2
1165000 2091.6
1165010 2085.3
1165020 2085.3
1165030 2076.1
1165040 2067.1
1165050 2067.1
1165060 2060.4
1165070 2053.6
1165080 2051.4
1165090 2034.6
1165100 2026.0
1165110 2026.0
1165120 2019.3
1165130 2013.0
1165140 2013.0
1165150 2006.5
1165160 1999.2
1165170 1999.2
1165180 1989.4
1165190 1976.8
1165200 1976.8
1165210 1967.4
1165220 1960.4
1165230 1953.9
1165240 1953.9
1165250 1946.6
1165260 1939.1
1165270 1939.1
1165280 1932.3
1165290 1924.1
1165300 1924.1
1165310 1914.6
1165320 1906.9
1165330 1906.9
1165340 1901.3
1165350 1897.6
1165360 1897.6
1165370 1894.9
1165380 1895.1
1165390 1895.1
1165400 1894.9
1165410 1893.8
1165420 1893.8
1165430 1892.1
1165440 1890.5
1165450 1890.5
1165460 1888.9
1165470 1888.9
1165480 1893.7
1165490 1895.0
1165500 1899.9
1165510 1906.5
1165520 1906.5
1165530 1910.9
1165540 1911.2
1165550 1911.2
1165560 1911.1
1165570 1910.5
1165580 1910.5
1165590 1909.1
1165600 1907.3
1165610 1907.3
1165620 1905.5
1165630 1903.5
1165640 1903.5
1165650 1903.1
1165660 1903.6
1165670 1903.6
1165680 1903.4
1165690 1903.4
1165700 1903.4
1165710 1903.7
1165720 1904.4
1165730 1904.4
1165740 1905.0
1165750 1903.8
1165760 1901.3
1165770 1901.3
1165780 1901.0
1165790 1901.1
1165800 1901.1
1165810 1903.4
1165820 1906.4
1165830 1906.4
1165840 1909.8
1165850 1913.2
1165860 1913.2
1165870 1916.5
1165880 1924.9
1165890 1924.9
1165900 1928.7
1165910 1933.3
1165920 1933.3
1165930 1939.0
1165940 1944.9
1165950 1944.9
1165960 1953.3
1165970 1962.2
1165980 1962.2
1165990 1970.6
1166000 1989.2
1166010 1989.2
1166020 2015.5
1166030 2028.1
1166040 2039.2
1166050 2039.2
1166060 2048.6
1166070 2054.0
1166080 2054.0
1166090 2057.8
1166100 2065.7
1166110 2065.7
1166120 2070.8
1166130 2076.6
1166140 2076.6
1166150 2082.0
1166160 2085.3
1166170 2085.3
1166180 2088.9
1166190 2093.5
1166200 2093.5
1166210 2096.3
1166220 2098.0
1166230 2098.0
1166240 2099.3
1166250 2096.9
1166260 2096.9
1166270 2090.6
1166280 2076.2
1166290 2058.8
1166300 2058.8
1166310 2045.5
1166320 2033.1
1166330 2033.1
1166340 2016.9
1166350 1989.6
1166360 1989.6
1166370 1967.5
1166380 1958.0
1166390 1958.0
1166400 1949.4
1166410 1941.0
1166420 1941.0
1166430 1933.7
1166440 1930.7
1166450 1930.7
1166460 1931.1
1166470 1927.7
1166480 1927.7
1166490 1926.7
1166500 1930.4
1166510 1930.4
1166520 1933.7
1166530 1933.2
1166540 1933.2
1166550 1931.9
1166560 1930.9
1166570 1929.3
1166580 1929.3
1166590 1928.9
1166600 1924.9
1166610 1924.9
1166620 1923.4
1166630 1921.4
1166640 1921.4
1166650 1923.1
1166660 1928.7
1166670 1928.7
1166680 1938.7
1166690 1941.4
1166700 1941.4
1166710 1943.2
1166720 1945.5
1166730 1945.5
1166740 1946.6
1166750 1946.5
1166760 1946.5
1166770 1945.4
1166780 1944.6
1166790 1944.6
1166800 1945.1
1166810 1946.5
1166820 1949.0
1166830 1949.0
1166840 1953.5
1166850 1956.2
1166860 1956.2
1166870 1956.4
1166880 1956.8
1166890 1956.8
1166900 1957.1
1166910 1957.9
1166920 1957.9
1166930 1959.1
1166940 1960.8
1166950 1960.8
1166960 1960.9
1166970 1961.4
1166980 1961.4
1166990 1962.4
1167000 1962.3
1167010 1962.3
1167020 1965.5
1167030 1972.5
1167040 1972.5
1167050 1978.2
1167060 1980.0
1167070 1980.0
1167080 1986.4
1167090 1989.3
1167100 1995.8
1167110 1995.8
1167120 2006.1
1167130 2018.3
1167140 2018.3
1167150 2028.8
1167160 2040.0
1167170 2040.0
1167180 2052.1
1167190 2062.4
1167200 2062.4
1167210 2072.0
1167220 2080.3
1167230 2080.3
1167240 2088.8
1167250 2099.2
1167260 2099.2
1167270 2107.2
1167280 2115.4
1167290 2115.4
1167300 2124.3
1167310 2132.6
1167320 2132.6
1167330 2138.8
1167340 2143.2
1167350 2148.2
1167360 2148.2
1167370 2153.6
1167380 2159.0
1167390 2159.0
1167400 2163.5
1167410 2168.6
1167420 2168.6
1167430 2174.6
1167440 2179.6
1167450 2179.6
1167460 2183.7
1167470 2189.0
1167480 2190.5
1167490 2195.1
1167500 2200.0
1167510 2200.0
1167520 2205.9
1167530 2213.6
1167540 2213.6
1167550 2222.4
1167560 2230.4
1167570 2230.4
1167580 2240.6
1167590 2250.2
1167600 2250.2
1167610 2263.1
1167620 2274.3
1167630 2282.3
1167640 2282.3
1167650 2289.5
1167660 2297.0
1167670 2297.0
1167680 2303.7
1167690 2310.6
1167700 2310.6
1167710 2317.3
1167720 2324.0
1167730 2324.0
1167740 2330.2
1167750 2336.7
1167760 2336.7
1167770 2344.9
1167780 2353.1
1167790 2353.1
1167800 2360.7
1167810 2367.7
1167820 2367.7
1167830 2374.9
1167840 2381.8
1167850 2381.8
1167860 2385.8
1167870 2369.8
1167880 2358.0
1167890 2358.0
1167900 2342.7
1167910 2330.0
1167920 2330.0
1167930 2317.0
1167940 2303.4
1167950 2303.4
1167960 2292.6
1167970 2284.2
1167980 2284.2
1167990 2277.0
1168000 2269.8
1168010 2269.8
1168020 2262.7
1168030 2255.7
1168040 2255.7
1168050 2249.1
1168060 2242.9
1168070 2242.9
1168080 2236.8
1168090 2230.8
1168100 2230.8
1168110 2225.0
1168120 2219.4
1168130 2219.4
1168140 2214.1
1168150 2209.4
1168160 2204.8
1168170 2204.8
1168180 2199.9
1168190 2195.7
1168200 2195.7
1168210 2192.6
1168220 2189.8
1168230 2189.8
1168240 2187.8
1168250 2185.4
1168260 2185.4
1168270 2183.2
1168280 2182.0
1168290 2184.9
1168300 2183.3
1168310 2182.6
1168320 2182.6
1168330 2182.7
1168340 2183.3
1168350 2183.3
1168360 2184.7
1168370 2186.3
1168380 2186.3
1168390 2189.6
1168400 2194.2
1168410 2199.2
1168420 2199.2
1168430 2205.2
1168440 2212.0
1168450 2212.0
1168460 2218.6
1168470 2228.1
1168480 2228.1
1168490 2236.8
1168500 2248.3
1168510 2248.3
1168520 2262.4
1168530 2272.3
1168540 2272.3
1168550 2281.2
1168560 2292.4
1168570 2292.4
1168580 2304.1
1168590 2313.1
1168600 2313.1
1168610 2313.6
1168620 2307.7
1168630 2307.7
1168640 2303.1
1168650 2296.8
1168660 2296.8
1168670 2286.5
1168680 2271.6
1168690 2262.7
1168700 2262.7
1168710 2243.9
1168720 2232.8
1168730 2232.8
1168740 2226.6
1168750 2220.6
1168760 2220.6
1168770 2213.4
1168780 2207.6
1168790 2207.6
1168800 2201.3
1168810 2194.5
1168820 2194.5
1168830 2186.2
1168840 2180.7
1168850 2180.7
1168860 2176.6
1168870 2174.7
1168880 2174.7
1168890 2173.5
1168900 2172.3
1168910 2172.3
1168920 2170.0
1168930 2164.9
1168940 2159.4
1168950 2159.4
1168960 2153.5
1168970 2147.6
1168980 2147.6
1168990 2141.8
1169000 2137.0
1169010 2137.0
1169020 2133.1
1169030 2128.8
1169040 2128.8
1169050 2124.9
1169060 2121.5
1169070 2121.5
1169080 2117.9
1169090 2117.4
1169100 2117.4
1169110 2112.8
1169120 2108.5
1169130 2108.5
1169140 2104.8
1169150 2101.5
1169160 2101.5
1169170 2098.8
1169180 2097.5
1169190 2097.5
1169200 2098.2
1169210 2098.8
1169220 2099.0
1169230 2099.0
1169240 2098.7
1169250 2099.5
1169260 2099.5
1169270 2098.3
1169280 2096.1
1169290 2096.1
1169300 2093.1
1169310 2089.1
1169320 2089.1
1169330 2085.5
1169340 2083.1
1169350 2083.1
1169360 2081.6
1169370 2079.9
1169380 2079.9
1169390 2077.8
1169400 2074.7
1169410 2074.7
1169420 2072.0
1169430 2069.7
1169440 2069.7
1169450 2067.8
1169460 2069.0
1169470 2072.3
1169480 2072.3
1169490 2076.6
1169500 2086.8
1169510 2086.8
1169520 2093.4
1169530 2108.2
1169540 2108.2
1169550 2110.7
1169560 2111.2
1169570 2111.2
1169580 2109.5
1169590 2107.1
1169600 2107.1
1169610 2103.9
1169620 2096.7
1169630 2096.7
1169640 2090.1
1169650 2083.6
1169660 2083.6
1169670 2077.9
1169680 2072.4
1169690 2072.4
1169700 2066.3
1169710 2058.0
1169720 2058.0
1169730 2049.6
1169740 2041.8
1169750 2035.3
1169760 2035.3
1169770 2032.3
1169780 2029.3
1169790 2029.3
1169800 2022.3
1169810 2017.7
1169820 2017.7
1169830 2017.6
1169840 2014.8
1169850 2014.8
1169860 2010.4
1169870 2003.1
1169880 2003.1
1169890 1990.5
1169900 1974.7
1169910 1974.7
1169920 1962.2
1169930 1943.2
1169940 1943.2
1169950 1937.2
1169960 1935.2
1169970 1935.2
1169980 1928.2
1169990 1917.9
1170000 1911.1
1170010 1911.1
1170020 1910.4
1170030 1906.4
1170040 1906.4
1170050 1901.6
1170060 1901.1
1170070 1901.1
1170080 1904.9
1170090 1907.7
1170100 1907.7
1170110 1908.9
1170120 1910.5
1170130 1910.5
1170140 1911.4
1170150 1911.3
1170160 1911.3
1170170 1909.7
1170180 1907.7
1170190 1907.7
1170200 1908.0
1170210 1908.0
1170220 1908.0
1170230 1903.0
1170240 1894.8
1170250 1894.8
1170260 1884.7
1170270 1876.4
1170280 1865.9
1170290 1865.9
1170300 1846.2
1170310 1836.7
1170320 1836.7
1170330 1829.1
1170340 1804.2
1170350 1804.2
1170360 1782.0
1170370 1771.0
1170380 1771.0
1170390 1761.4
1170400 1752.8
1170410 1752.8
1170420 1741.7
1170430 1727.9
1170440 1727.9
1170450 1714.0
1170460 1700.2
1170470 1700.2
1170480 1689.0
1170490 1676.1
1170500 1676.1
1170510 1668.2
1170520 1663.1
1170530 1660.2
1170540 1660.2
1170550 1657.1
1170560 1656.6
1170570 1656.6
1170580 1651.5
1170590 1640.4
1170600 1640.4
1170610 1619.6
1170620 1602.5
1170630 1602.5
1170640 1593.4
1170650 1586.4
1170660 1586.4
1170670 1580.6
1170680 1574.8
1170690 1574.8
1170700 1568.5
1170710 1557.9
1170720 1557.9
1170730 1551.4
1170740 1544.6
1170750 1544.6
1170760 1538.1
1170770 1531.8
1170780 1531.8
1170790 1525.2
1170800 1518.6
1170810 1512.0
1170820 1512.0
1170830 1505.4
1170840 1499.1
1170850 1499.1
1170860 1492.9
1170870 1486.8
1170880 1486.8
1170890 1482.1
1170900 1480.3
1170910 1480.3
1170920 1478.0
1170930 1475.2
1170940 1475.2
1170950 1473.2
1170960 1470.9
1170970 1470.9
1170980 1471.2
1170990 1472.7
1171000 1472.7
1171010 1475.9
1171020 1481.5
1171030 1481.5
1171040 1488.0
1171050 1491.8
1171060 1494.9
1171070 1494.9
1171080 1498.9
1171090 1501.2
1171100 1501.2
1171110 1502.2
1171120 1510.0
1171130 1510.0
1171140 1512.0
1171150 1515.2
1171160 1515.2
1171170 1517.8
1171180 1520.8
1171190 1520.8
1171200 1522.9
1171210 1523.2
1171220 1523.2
1171230 1521.5
1171240 1523.5
1171250 1523.5
1171260 1521.9
1171270 1521.5
1171280 1521.5
1171290 1525.7
1171300 1535.1
1171310 1535.1
1171320 1543.6
1171330 1550.0
1171340 1553.8
1171350 1553.8
1171360 1556.6
1171370 1556.0
1171380 1556.0
1171390 1560.1
1171400 1569.1
1171410 1569.1
1171420 1579.5
1171430 1591.0
1171440 1591.0
1171450 1599.6
1171460 1606.2
1171470 1606.2
1171480 1612.7
1171490 1619.3
1171500 1619.3
1171510 1626.8
1171520 1639.1
1171530 1639.1
1171540 1646.2
1171550 1650.3
1171560 1650.3
1171570 1656.1
1171580 1663.9
1171590 1671.8
1171600 1671.8
1171610 1676.4
1171620 1681.1
1171630 1681.1
1171640 1690.2
1171650 1698.7
1171660 1698.7
1171670 1707.8
1171680 1717.7
1171690 1717.7
1171700 1725.6
1171710 1727.1
1171720 1727.1
1171730 1722.8
1171740 1719.4
1171750 1719.4
1171760 1724.2
1171770 1733.4
1171780 1733.4
1171790 1742.1
1171800 1750.5
1171810 1750.5
1171820 1758.9
1171830 1767.4
1171840 1773.9
1171850 1773.9
1171860 1775.5
1171870 1783.1
1171880 1783.1
1171890 1798.8
1171900 1812.7
1171910 1812.7
1171920 1819.9
1171930 1841.7
1171940 1841.7
1171950 1841.3
1171960 1843.6
1171970 1843.6
1171980 1841.6
1171990 1842.3
1172000 1842.3
1172010 1841.0
1172020 1837.0
1172030 1837.0
1172040 1830.0
1172050 1823.5
1172060 1823.5
1172070 1815.1
1172080 1806.1
1172090 1806.1
1172100 1797.3
1172110 1788.7
1172120 1780.3
1172130 1780.3
1172140 1771.7
1172150 1764.5
1172160 1764.5
1172170 1756.2
1172180 1746.8
1172190 1746.8
1172200 1738.9
1172210 1731.0
1172220 1731.0
1172230 1722.9
1172240 1714.6
1172250 1714.6
1172260 1707.1
1172270 1701.2
1172280 1701.2
1172290 1695.5
1172300 1686.9
1172310 1686.9
1172320 1674.8
1172330 1663.4
1172340 1654.4
1172350 1639.8
1172360 1626.1
1172370 1611.1
1172380 1611.1
1172390 1589.5
1172400 1567.9
1172410 1567.9
1172420 1565.0
1172430 1564.1
1172440 1564.1
1172450 1554.9
1172460 1546.6
1172470 1546.6
1172480 1535.5
1172490 1529.7
1172500 1529.7
1172510 1520.2
1172520 1499.7
1172530 1499.7
1172540 1484.7
1172550 1470.3
1172560 1470.3
1172570 1453.0
1172580 1445.0
1172590 1445.0
1172600 1439.7
1172610 1433.6
1172620 1433.6
1172630 1427.3
1172640 1421.0
1172650 1415.0
1172660 1415.0
1172670 1408.9
1172680 1402.7
1172690 1402.7
1172700 1396.3
1172710 1390.0
1172720 1390.0
1172730 1384.2
1172740 1379.2
1172750 1379.2
1172760 1373.5
1172770 1368.2
1172780 1368.2
1172790 1363.7
1172800 1361.3
1172810 1361.3
1172820 1360.2
1172830 1359.8
1172840 1359.8
1172850 1361.4
1172860 1365.5
1172870 1365.5
1172880 1370.1
1172890 1373.6
1172900 1376.9
1172910 1376.9
1172920 1380.3
1172930 1383.8
1172940 1383.8
1172950 1387.0
1172960 1390.1
1172970 1390.1
1172980 1393.1
1172990 1397.0
1173000 1397.0
1173010 1400.4
1173020 1403.8
1173030 1403.8
1173040 1407.1
1173050 1409.4
1173060 1409.4
1173070 1412.3
1173080 1415.1
1173090 1415.1
1173100 1417.4
1173110 1418.8
1173120 1418.8
1173130 1420.9
1173140 1423.1
1173150 1418.8
1173160 1421.1
1173170 1424.5
1173180 1431.8
1173190 1431.8
1173200 1439.8
1173210 1447.4
1173220 1447.4
1173230 1454.8
1173240 1463.8
1173250 1463.8
1173260 1477.8
1173270 1502.1
1173280 1502.1
1173290 1522.5
1173300 1540.5
1173310 1540.5
1173320 1553.4
1173330 1564.7
1173340 1564.7
1173350 1573.6
1173360 1580.8
1173370 1580.8
1173380 1588.5
1173390 1599.2
1173400 1599.2
1173410 1612.7
1173420 1621.4
1173430 1631.9
1173440 1631.9
1173450 1645.0
1173460 1655.4
1173470 1655.4
1173480 1667.9
1173490 1683.2
1173500 1683.2
1173510 1696.1
1173520 1699.9
1173530 1699.9
1173540 1692.5
1173550 1683.3
1173560 1694.8
1173570 1708.7
1173580 1715.0
1173590 1715.0
1173600 1712.1
1173610 1720.5
1173620 1720.5
1173630 1717.3
1173640 1720.7
1173650 1720.7
1173660 1722.6
1173670 1730.4
1173680 1730.4
1173690 1743.9
1173700 1749.7
1173710 1756.1
1173720 1756.1
1173730 1763.6
1173740 1769.1
1173750 1769.1
1173760 1775.4
1173770 1782.4
1173780 1782.4
1173790 1789.6
1173800 1797.4
1173810 1797.4
1173820 1805.6
1173830 1814.6
1173840 1814.6
1173850 1822.6
1173860 1829.4
1173870 1829.4
1173880 1837.0
1173890 1844.8
1173900 1844.8
1173910 1852.9
1173920 1864.3
1173930 1864.3
1173940 1874.7
1173950 1880.4
1173960 1889.9
1173970 1884.5
1173980 1892.2
1173990 1900.1
1174000 1900.1
1174010 1909.5
1174020 1919.1
1174030 1919.1
1174040 1928.7
1174050 1939.5
1174060 1939.5
1174070 1948.9
1174080 1954.4
1174090 1954.4
1174100 1946.0
1174110 1942.7
1174120 1942.7
1174130 1943.7
1174140 1936.5
1174150 1936.5
1174160 1927.1
1174170 1926.5
1174180 1926.5
1174190 1924.1
1174200 1920.6
1174210 1920.6
1174220 1921.4
1174230 1922.2
1174240 1924.2
1174250 1924.2
1174260 1929.3
1174270 1936.5
1174280 1936.5
1174290 1944.1
1174300 1951.0
1174310 1951.0
1174320 1957.8
1174330 1964.3
1174340 1964.3
1174350 1970.8
1174360 1977.7
1174370 1977.7
1174380 1982.5
1174390 1989.8
1174400 1989.8
1174410 1996.9
1174420 2003.0
1174430 2003.0
1174440 2005.7
1174450 2006.5
1174460 2006.5
1174470 2007.2
1174480 2007.8
1174490 2007.6
1174500 2007.6
1174510 2006.7
1174520 2006.2
1174530 2006.2
1174540 2006.9
1174550 2009.3
1174560 2009.3
1174570 2012.2
1174580 2015.1
1174590 2015.1
1174600 2017.5
1174610 2022.0
1174620 2022.0
1174630 2026.0
1174640 2029.0
1174650 2029.0
1174660 2030.4
1174670 2032.5
1174680 2032.5
1174690 2036.8
1174700 2041.6
1174710 2041.6
1174720 2046.7
1174730 2052.0
1174740 2052.0
1174750 2057.5
1174760 2063.3
1174770 2068.9
1174780 2068.9
1174790 2074.0
1174800 2079.8
1174810 2079.8
1174820 2085.8
1174830 2091.6
1174840 2091.6
1174850 2097.2
1174860 2103.1
1174870 2103.1
1174880 2109.3
1174890 2116.7
1174900 2116.7
1174910 2124.0
1174920 2130.7
1174930 2130.7
1174940 2137.0
1174950 2143.6
1174960 2143.6
1174970 2149.4
1174980 2154.4
1174990 2154.4
1175000 2160.5
1175010 2167.3
1175020 2177.1
1175030 2177.1
1175040 2186.8
1175050 2190.3
1175060 2190.3
1175070 2193.6
1175080 2199.7
1175090 2199.7
1175100 2212.5
1175110 2218.9
1175120 2218.9
1175130 2223.6
1175140 2226.8
1175150 2226.8
1175160 2227.3
1175170 2223.3
1175180 2223.3
1175190 2216.6
1175200 2210.3
1175210 2210.3
1175220 2204.2
1175230 2198.7
1175240 2198.7
1175250 2197.1
1175260 2193.6
1175270 2193.6
1175280 2188.8
1175290 2185.7
1175300 2183.6
1175310 2183.6
1175320 2182.9
1175330 2181.6
1175340 2181.6
1175350 2178.2
1175360 2176.3
1175370 2176.3
1175380 2175.4
1175390 2173.9
1175400 2173.9
1175410 2171.6
1175420 2170.5
1175430 2170.5
1175440 2170.2
1175450 2170.2
1175460 2170.2
1175470 2170.2
1175480 2170.2
1175490 2170.2
1175500 2170.2
1175510 2170.2
1175520 2170.2
1175530 2170.2
1175540 2170.2
1175550 2170.2
1175560 2170.2
1175570 2170.2
1175580 2170.2
1175590 2170.2
1175600 2170.2
1175610 2170.2
1175620 2170.2
1175630 2170.2
1175640 2170.2
1175650 2170.2
1175660 2170.2
1175670 2170.2
1175680 2170.2
1175690 2170.2
1175700 2171.2
1175710 2171.2
1175720 2174.7
1175730 2178.3
1175740 2178.3
1175750 2182.3
1175760 2186.1
1175770 2186.1
1175780 2189.7
1175790 2193.6
1175800 2197.7
1175810 2197.7
1175820 2201.5
1175830 2205.5
1175840 2205.5
1175850 2209.8
1175860 2214.1
1175870 2214.1
1175880 2218.3
1175890 2223.1
1175900 2223.1
1175910 2228.2
1175920 2233.3
1175930 2233.3
1175940 2238.2
1175950 2243.0
1175960 2243.0
1175970 2247.9
1175980 2252.6
1175990 2252.6
1176000 2257.0
1176010 2261.9
1176020 2261.9
1176030 2269.3
1176040 2278.7
1176050 2278.7
1176060 2292.8
1176070 2307.8
1176080 2327.8
1176090 2327.8
1176100 2339.4
1176110 2350.6
1176120 2350.6
1176130 2356.3
1176140 2365.1
1176150 2365.1
1176160 2378.2
1176170 2395.1
1176180 2395.1
1176190 2411.5
1176200 2418.0
1176210 2418.0
1176220 2429.6
1176230 2438.6
1176240 2438.6
1176250 2446.0
1176260 2453.6
1176270 2453.6
1176280 2461.0
1176290 2466.3
1176300 2466.3
1176310 2468.4
1176320 2477.5
1176330 2491.4
1176340 2491.4
1176350 2509.4
1176360 2519.2
1176370 2519.2
1176380 2534.6
1176390 2560.9
1176400 2560.9
1176410 2580.6
1176420 2595.7
1176430 2595.7
1176440 2593.4
1176450 2590.6
1176460 2590.6
1176470 2581.3
1176480 2569.7
1176490 2569.7
1176500 2558.1
1176510 2545.8
1176520 2545.8
1176530 2535.1
1176540 2522.5
1176550 2522.5
1176560 2512.4
1176570 2503.8
1176580 2503.8
1176590 2494.8
1176600 2481.1
1176610 2471.7
1176620 2471.7
1176630 2453.7
1176640 2438.6
1176650 2438.6
1176660 2397.7
1176670 2362.7
1176680 2362.7
1176690 2353.5
1176700 2346.4
1176710 2346.4
1176720 2341.5
1176730 2326.7
1176740 2326.7
1176750 2301.1
1176760 2282.6
1176770 2282.6
1176780 2272.0
1176790 2258.8
1176800 2258.8
1176810 2248.6
1176820 2241.3
1176830 2241.3
1176840 2235.0
1176850 2230.4
1176860 2224.1
1176870 2224.1
1176880 2218.6
1176890 2213.2
1176900 2213.2
1176910 2207.4
1176920 2201.1
1176930 2201.1
1176940 2194.6
1176950 2188.3
1176960 2188.3
1176970 2182.3
1176980 2176.5
1176990 2176.5
1177000 2171.3
1177010 2165.8
1177020 2165.8
1177030 2159.7
1177040 2153.7
1177050 2153.7
1177060 2147.6
1177070 2141.7
1177080 2141.7
1177090 2135.6
1177100 2129.8
1177110 2129.8
1177120 2124.2
1177130 2118.4
1177140 2112.7
1177150 2112.7
1177160 2107.3
1177170 2102.4
1177180 2102.4
1177190 2097.7
1177200 2093.6
1177210 2093.6
1177220 2090.1
1177230 2087.3
1177240 2087.3
1177250 2084.7
1177260 2081.1
1177270 2080.8
1177280 2078.8
1177290 2079.7
1177300 2079.7
1177310 2080.0
1177320 2080.2
1177330 2080.2
1177340 2081.2
1177350 2078.9
1177360 2078.9
1177370 2078.3
1177380 2078.6
1177390 2077.9
1177400 2077.9
1177410 2079.8
1177420 2079.3
1177430 2079.3
1177440 2080.4
1177450 2082.0
1177460 2082.0
1177470 2080.3
1177480 2074.1
1177490 2074.1
1177500 2066.8
1177510 2061.6
1177520 2061.6
1177530 2062.7
1177540 2061.7
1177550 2061.7
1177560 2054.8
1177570 2048.1
1177580 2048.1
1177590 2042.7
1177600 2038.1
1177610 2038.1
1177620 2032.8
1177630 2027.2
1177640 2027.2
1177650 2023.2
1177660 2019.7
1177670 2015.0
1177680 2020.9
1177690 2017.5
1177700 2015.2
1177710 2015.2
1177720 2011.2
1177730 2006.3
1177740 2006.3
1177750 2002.2
1177760 1998.7
1177770 1998.7
1177780 1994.3
1177790 1989.1
1177800 1989.1
1177810 1984.2
1177820 1980.4
1177830 1980.4
1177840 1979.3
1177850 1979.2
1177860 1979.2
1177870 1977.8
1177880 1976.4
1177890 1976.4
1177900 1975.3
1177910 1973.2
1177920 1971.4
1177930 1971.4
1177940 1972.1
1177950 1972.6
1177960 1972.6
1177970 1972.1
1177980 1970.6
1177990 1970.6
1178000 1968.0
1178010 1966.5
1178020 1966.5
1178030 1964.1
1178040 1961.9
1178050 1961.9
1178060 1961.4
1178070 1960.5
1178080 1960.5
1178090 1959.7
1178100 1968.4
1178110 1968.4
1178120 1975.9
1178130 1983.0
1178140 1983.0
1178150 1982.1
1178160 1982.6
1178170 1982.6
1178180 1985.8
1178190 1994.2
1178200 1995.8
1178210 1995.8
1178220 1998.3
1178230 2006.5
1178240 2006.5
1178250 2013.6
1178260 2015.0
1178270 2015.0
1178280 2014.4
1178290 2018.6
1178300 2018.6
1178310 2022.3
1178320 2019.3
1178330 2019.3
1178340 2014.6
1178350 2012.6
1178360 2012.6
1178370 2009.7
1178380 2000.4
1178390 2000.4
1178400 1986.5
1178410 1972.7
1178420 1972.7
1178430 1956.8
1178440 1942.7
1178450 1930.2
1178460 1930.2
1178470 1919.1
1178480 1907.2
1178490 1907.2
1178500 1899.9
1178510 1884.1
1178520 1884.1
1178530 1871.1
1178540 1863.8
1178550 1863.8
1178560 1855.3
1178570 1842.0
1178580 1842.0
1178590 1833.6
1178600 1828.5
1178610 1828.5
1178620 1822.9
1178630 1817.3
1178640 1817.3
1178650 1811.7
1178660 1805.2
1178670 1805.2
1178680 1798.4
1178690 1790.9
1178700 1790.9
1178710 1783.3
1178720 1776.1
1178730 1768.7
1178740 1768.7
1178750 1761.4
1178760 1754.4
1178770 1754.4
1178780 1746.6
1178790 1739.6
1178800 1739.6
1178810 1732.7
1178820 1725.4
1178830 1725.4
1178840 1717.6
1178850 1709.6
1178860 1709.6
1178870 1702.7
1178880 1695.1
1178890 1695.1
1178900 1687.8
1178910 1680.6
1178920 1680.6
1178930 1679.2
1178940 1672.6
1178950 1672.6
1178960 1665.8
1178970 1658.7
1178980 1651.5
1178990 1651.5
1179000 1645.1
1179010 1640.2
1179020 1640.2
1179030 1635.5
1179040 1629.4
1179050 1629.4
1179060 1622.2
1179070 1614.9
1179080 1614.9
1179090 1608.2
1179100 1601.9
1179110 1601.9
1179120 1596.2
1179130 1591.1
1179140 1591.1
1179150 1585.8
1179160 1583.6
1179170 1583.6
1179180 1583.3
1179190 1584.1
1179200 1584.1
1179210 1586.3
1179220 1587.5
1179230 1587.5
1179240 1588.5
1179250 1588.5
1179260 1588.5
1179270 1588.5
1179280 1590.8
1179290 1594.5
1179300 1594.5
1179310 1596.6
1179320 1597.4
1179330 1597.4
1179340 1599.9
1179350 1601.6
1179360 1601.6
1179370 1606.3
1179380 1612.9
1179390 1612.9
1179400 1620.9
1179410 1628.3
1179420 1628.3
1179430 1635.0
1179440 1642.3
1179450 1642.3
1179460 1650.2
1179470 1658.0
1179480 1658.0
1179490 1665.8
1179500 1672.7
1179510 1678.8
1179520 1678.8
1179530 1687.8
1179540 1703.5
1179550 1703.5
1179560 1718.1
1179570 1730.1
1179580 1730.1
1179590 1745.2
1179600 1754.3
1179610 1754.3
1179620 1761.1
1179630 1764.5
1179640 1764.5
1179650 1768.1
1179660 1773.6
1179670 1773.6
1179680 1778.9
1179690 1785.3
1179700 1785.3
1179710 1794.4
1179720 1810.5
1179730 1810.5
1179740 1825.7
1179750 1842.3
1179760 1858.8
1179770 1858.8
1179780 1872.1
1179790 1879.3
1179800 1879.3
1179810 1887.2
1179820 1895.5
1179830 1895.5
1179840 1904.2
1179850 1912.8
1179860 1912.8
1179870 1921.5
1179880 1931.8
1179890 1931.8
1179900 1935.2
1179910 1935.1
1179920 1935.1
1179930 1936.7
1179940 1939.9
1179950 1939.9
1179960 1941.5
1179970 1944.9
1179980 1944.9
1179990 1950.0
