1160000 1490.0
1160010 1492.0
1160020 1492.0
1160030 1498.3
1160040 1506.0
1160050 1506.0
1160060 1512.8
1160070 1513.7
1160080 1513.7
1160090 1512.8
1160100 1512.3
1160110 1512.3
1160120 1511.8
1160130 1512.6
1160140 1512.6
1160150 1512.9
1160160 1512.1
1160170 1512.1
1160180 1515.3
1160190 1521.7
1160200 1521.7
1160210 1529.5
1160220 1538.6
1160230 1548.0
1160240 1548.0
1160250 1557.3
1160260 1566.7
1160270 1566.7
1160280 1579.6
1160290 1588.7
1160300 1588.7
1160310 1596.6
1160320 1602.1
1160330 1602.1
1160340 1606.9
1160350 1611.0
1160360 1611.0
1160370 1614.1
1160380 1616.6
1160390 1616.6
1160400 1622.8
1160410 1632.3
1160420 1632.3
1160430 1641.9
1160440 1650.1
1160450 1650.1
1160460 1658.2
1160470 1666.4
1160480 1666.4
1160490 1673.6
1160500 1680.5
1160510 1686.4
1160520 1686.4
1160530 1692.7
1160540 1700.2
1160550 1700.2
1160560 1708.1
1160570 1715.8
1160580 1715.8
1160590 1723.2
1160600 1731.2
1160610 1731.2
1160620 1740.3
1160630 1748.7
1160640 1748.7
1160650 1755.4
1160660 1762.2
1160670 1768.2
1160680 1773.9
1160690 1779.4
1160700 1779.4
1160710 1784.6
1160720 1790.7
1160730 1790.7
1160740 1797.5
1160750 1804.3
1160760 1810.1
1160770 1810.1
1160780 1812.6
1160790 1814.5
1160800 1814.5
1160810 1815.2
1160820 1818.1
1160830 1818.1
1160840 1821.1
1160850 1821.4
1160860 1821.4
1160870 1822.1
1160880 1823.0
1160890 1823.0
1160900 1827.6
1160910 1836.2
1160920 1836.2
1160930 1846.1
1160940 1857.2
1160950 1857.2
1160960 1868.1
1160970 1878.4
1160980 1878.4
1160990 1887.1
1161000 1894.8
1161010 1894.8
1161020 1901.7
1161030 1909.1
1161040 1915.1
1161050 1915.1
1161060 1918.2
1161070 1923.7
1161080 1923.7
1161090 1930.5
1161100 1939.5
1161110 1939.5
1161120 1947.1
1161130 1954.0
1161140 1954.0
1161150 1961.3
1161160 1967.3
1161170 1967.3
1161180 1973.4
1161190 1981.7
1161200 1981.7
1161210 1989.9
1161220 1996.4
1161230 1996.4
1161240 2002.4
1161250 2009.0
1161260 2009.0
1161270 2015.7
1161280 2020.3
1161290 2023.0
1161300 2023.0
1161310 2025.8
1161320 2029.5
1161330 2029.5
1161340 2030.5
1161350 2031.8
1161360 2031.8
1161370 2035.8
1161380 2043.3
1161390 2043.3
1161400 2053.5
1161410 2060.4
1161420 2060.4
1161430 2066.2
1161440 2072.1
1161450 2072.1
1161460 2075.2
1161470 2081.8
1161480 2081.8
1161490 2088.7
1161500 2095.7
1161510 2095.7
1161520 2107.8
1161530 2120.7
1161540 2120.7
1161550 2130.4
1161560 2139.8
1161570 2148.6
1161580 2148.6
1161590 2154.8
1161600 2159.2
1161610 2159.2
1161620 2164.5
1161630 2169.8
1161640 2169.8
1161650 2174.5
1161660 2180.2
1161670 2180.2
1161680 2183.5
1161690 2186.4
1161700 2186.4
1161710 2189.0
1161720 2191.3
1161730 2191.3
1161740 2193.4
1161750 2196.5
1161760 2196.5
1161770 2200.6
1161780 2204.7
1161790 2204.7
1161800 2208.6
1161810 2212.9
1161820 2217.2
1161830 2217.2
1161840 2222.1
1161850 2232.1
1161860 2232.1
1161870 2236.2
1161880 2240.8
1161890 2240.8
1161900 2245.5
1161910 2249.8
1161920 2249.8
1161930 2253.5
1161940 2258.4
1161950 2258.4
1161960 2263.5
1161970 2268.7
1161980 2268.7
1161990 2274.4
1162000 2279.6
1162010 2279.6
1162020 2284.1
1162030 2292.1
1162040 2292.1
1162050 2304.8
1162060 2313.3
1162070 2313.3
1162080 2317.7
1162090 2322.8
1162100 2327.3
1162110 2327.3
1162120 2332.4
1162130 2338.4
1162140 2338.4
1162150 2344.2
1162160 2350.0
1162170 2350.0
1162180 2356.2
1162190 2363.1
1162200 2363.1
1162210 2371.7
1162220 2383.7
1162230 2383.7
1162240 2393.5
1162250 2408.5
1162260 2408.5
1162270 2416.9
1162280 2426.2
1162290 2426.2
1162300 2434.1
1162310 2440.8
1162320 2440.8
1162330 2447.7
1162340 2451.2
1162350 2453.4
1162360 2453.4
1162370 2464.0
1162380 2471.2
1162390 2471.2
1162400 2477.8
1162410 2484.5
1162420 2484.5
1162430 2492.4
1162440 2499.7
1162450 2499.7
1162460 2505.1
1162470 2510.2
1162480 2510.2
1162490 2515.5
1162500 2521.1
1162510 2521.1
1162520 2526.8
1162530 2532.4
1162540 2532.4
1162550 2537.9
1162560 2543.8
1162570 2543.8
1162580 2549.4
1162590 2553.6
1162600 2553.6
1162610 2553.9
1162620 2553.6
1162630 2553.6
1162640 2549.3
1162650 2549.5
1162660 2549.6
1162670 2549.6
1162680 2548.7
1162690 2547.8
1162700 2547.8
1162710 2547.5
1162720 2546.4
1162730 2546.4
1162740 2545.3
1162750 2544.3
1162760 2544.3
1162770 2546.6
1162780 2550.1
1162790 2550.1
1162800 2552.7
1162810 2554.8
1162820 2554.8
1162830 2557.7
1162840 2561.4
1162850 2561.4
1162860 2564.6
1162870 2567.6
1162880 2567.8
1162890 2567.8
1162900 2560.1
1162910 2551.8
1162920 2551.8
1162930 2542.4
1162940 2532.6
1162950 2532.6
1162960 2524.8
1162970 2517.3
1162980 2517.3
1162990 2507.4
1163000 2488.9
1163010 2488.9
1163020 2466.2
1163030 2455.1
1163040 2456.6
1163050 2442.5
1163060 2426.0
1163070 2426.0
1163080 2407.9
1163090 2399.9
1163100 2399.9
1163110 2392.7
1163120 2384.6
1163130 2384.6
1163140 2376.8
1163150 2369.3
1163160 2362.5
1163170 2362.5
1163180 2358.1
1163190 2356.0
1163200 2356.0
1163210 2348.4
1163220 2339.7
1163230 2339.7
1163240 2333.6
1163250 2329.9
1163260 2329.9
1163270 2325.9
1163280 2315.3
1163290 2315.3
1163300 2300.8
1163310 2273.9
1163320 2273.9
1163330 2261.0
1163340 2254.6
1163350 2254.6
1163360 2250.0
1163370 2245.2
1163380 2245.2
1163390 2240.1
1163400 2234.2
1163410 2227.9
1163420 2227.9
1163430 2224.5
1163440 2218.1
1163450 2218.1
1163460 2211.4
1163470 2204.7
1163480 2204.7
1163490 2198.1
1163500 2191.8
1163510 2191.8
1163520 2185.7
1163530 2179.8
1163540 2179.8
1163550 2174.0
1163560 2167.9
1163570 2167.9
1163580 2161.8
1163590 2156.0
1163600 2156.0
1163610 2150.4
1163620 2145.0
1163630 2145.0
1163640 2139.7
1163650 2134.8
1163660 2134.8
1163670 2130.1
1163680 2125.4
1163690 2120.9
1163700 2120.9
1163710 2116.7
1163720 2112.7
1163730 2112.7
1163740 2108.6
1163750 2105.3
1163760 2105.3
1163770 2102.7
1163780 2099.5
1163790 2099.5
1163800 2096.3
1163810 2093.6
1163820 2093.6
1163830 2091.2
1163840 2089.0
1163850 2089.0
1163860 2088.2
1163870 2088.4
1163880 2088.4
1163890 2088.4
1163900 2088.9
1163910 2088.9
1163920 2088.6
1163930 2088.0
1163940 2088.0
1163950 2088.0
1163960 2086.5
1163970 2084.2
1163980 2084.2
1163990 2081.5
1164000 2079.8
1164010 2079.8
1164020 2078.1
1164030 2077.2
1164040 2077.2
1164050 2075.5
1164060 2076.8
1164070 2076.8
1164080 2076.6
1164090 2074.6
1164100 2074.6
1164110 2073.6
1164120 2073.2
1164130 2073.2
1164140 2071.7
1164150 2072.5
1164160 2072.5
1164170 2073.4
1164180 2074.3
1164190 2074.3
1164200 2076.1
1164210 2078.1
1164220 2079.9
1164230 2081.7
1164240 2083.3
1164250 2084.8
1164260 2084.8
1164270 2085.6
1164280 2085.5
1164290 2085.5
1164300 2084.5
1164310 2084.2
1164320 2084.2
1164330 2084.9
1164340 2086.5
1164350 2086.5
1164360 2087.7
1164370 2089.3
1164380 2089.3
1164390 2091.8
1164400 2095.0
1164410 2095.0
1164420 2098.6
1164430 2102.9
1164440 2102.9
1164450 2105.5
1164460 2108.1
1164470 2113.1
1164480 2113.1
1164490 2119.5
1164500 2125.7
1164510 2125.7
1164520 2131.8
1164530 2139.5
1164540 2139.5
1164550 2148.5
1164560 2156.0
1164570 2156.0
1164580 2161.9
1164590 2166.5
1164600 2166.5
1164610 2168.0
1164620 2176.3
1164630 2176.3
1164640 2177.0
1164650 2178.3
1164660 2178.3
1164670 2184.1
1164680 2184.0
1164690 2184.0
1164700 2186.4
1164710 2192.9
1164720 2192.9
1164730 2195.3
1164740 2199.5
1164750 2205.2
1164760 2205.2
1164770 2212.0
1164780 2213.6
1164790 2213.6
1164800 2205.2
1164810 2198.9
1164820 2198.9
1164830 2193.2
1164840 2185.5
1164850 2185.5
1164860 2179.2
1164870 2173.9
1164880 2173.9
1164890 2168.4
1164900 2160.4
1164910 2160.4
1164920 2151.9
1164930 2143.2
1164940 2143.2
1164950 2131.0
1164960 2114.0
1164970 2114.0
1164980 2103.8
1164990 2097.4
1165000 2090.7
1165010 2090.7
1165020 2085.7
1165030 2077.9
1165040 2077.9
1165050 2071.4
1165060 2064.4
1165070 2064.4
1165080 2057.9
1165090 2052.6
1165100 2052.6
1165110 2050.4
1165120 2049.4
1165130 2049.4
1165140 2045.9
1165150 2042.7
1165160 2042.7
1165170 2039.0
1165180 2033.9
1165190 2033.9
1165200 2027.2
1165210 2020.7
1165220 2020.7
1165230 2014.9
1165240 2007.5
1165250 2007.5
1165260 2001.8
1165270 1996.0
1165280 1988.4
1165290 1988.4
1165300 1982.0
1165310 1976.4
1165320 1976.4
1165330 1971.2
1165340 1965.8
1165350 1965.8
1165360 1958.5
1165370 1951.6
1165380 1951.6
1165390 1948.7
1165400 1948.6
1165410 1948.6
1165420 1954.9
1165430 1954.4
1165440 1954.4
1165450 1953.6
1165460 1952.1
1165470 1952.1
1165480 1952.3
1165490 1954.8
1165500 1954.8
1165510 1956.3
1165520 1958.5
1165530 1961.5
1165540 1961.5
1165550 1962.5
1165560 1961.9
1165570 1961.9
1165580 1962.1
1165590 1967.6
1165600 1967.6
1165610 1969.3
1165620 1967.7
1165630 1967.7
1165640 1965.3
1165650 1962.1
1165660 1962.1
1165670 1958.5
1165680 1955.4
1165690 1955.4
1165700 1953.3
1165710 1951.5
1165720 1951.5
1165730 1950.3
1165740 1949.2
1165750 1949.2
1165760 1949.8
1165770 1950.3
1165780 1950.3
1165790 1950.2
1165800 1949.6
1165810 1948.5
1165820 1953.1
1165830 1955.8
1165840 1958.0
1165850 1958.0
1165860 1964.0
1165870 1979.2
1165880 1979.2
1165890 1994.8
1165900 2008.1
1165910 2008.1
1165920 2018.3
1165930 2028.8
1165940 2028.8
1165950 2039.5
1165960 2051.1
1165970 2051.1
1165980 2058.8
1165990 2068.4
1166000 2068.4
1166010 2077.2
1166020 2087.9
1166030 2087.9
1166040 2101.3
1166050 2111.0
1166060 2120.1
1166070 2120.1
1166080 2128.5
1166090 2134.9
1166100 2134.9
1166110 2142.1
1166120 2145.9
1166130 2145.9
1166140 2149.6
1166150 2154.3
1166160 2154.3
1166170 2157.9
1166180 2160.3
1166190 2160.3
1166200 2158.1
1166210 2150.1
1166220 2160.0
1166230 2150.3
1166240 2135.1
1166250 2135.1
1166260 2121.9
1166270 2113.7
1166280 2113.7
1166290 2109.7
1166300 2107.2
1166310 2107.2
1166320 2100.6
1166330 2088.9
1166340 2079.1
1166350 2079.1
1166360 2076.3
1166370 2062.4
1166380 2062.4
1166390 2044.2
1166400 2032.1
1166410 2032.1
1166420 2023.1
1166430 2016.5
1166440 2016.5
1166450 2010.4
1166460 2005.6
1166470 2005.6
1166480 2000.0
1166490 1995.9
1166500 1995.9
1166510 1993.0
1166520 1990.4
1166530 1990.4
1166540 1987.6
1166550 1985.4
1166560 1985.4
1166570 1982.9
1166580 1977.5
1166590 1972.7
1166600 1972.7
1166610 1968.0
1166620 1970.5
1166630 1970.5
1166640 1970.4
1166650 1974.8
1166660 1974.8
1166670 1981.2
1166680 1986.3
1166690 1986.3
1166700 1989.0
1166710 1989.0
1166720 1989.0
1166730 1989.4
1166740 1990.5
1166750 1990.5
1166760 1990.3
1166770 1990.7
1166780 1990.7
1166790 1989.1
1166800 1987.0
1166810 1987.0
1166820 1986.8
1166830 1988.7
1166840 1988.7
1166850 1992.2
1166860 1995.9
1166870 2000.0
1166880 2000.0
1166890 2003.8
1166900 2009.3
1166910 2009.3
1166920 2014.3
1166930 2016.1
1166940 2016.1
1166950 2018.5
1166960 2020.3
1166970 2020.3
1166980 2021.7
1166990 2022.6
1167000 2022.6
1167010 2023.0
1167020 2029.2
1167030 2029.2
1167040 2029.9
1167050 2030.2
1167060 2030.2
1167070 2031.2
1167080 2032.7
1167090 2032.7
1167100 2034.0
1167110 2037.0
1167120 2039.6
1167130 2039.6
1167140 2041.8
1167150 2045.8
1167160 2045.8
1167170 2051.0
1167180 2057.5
1167190 2057.5
1167200 2065.3
1167210 2075.6
1167220 2075.6
1167230 2090.9
1167240 2103.2
1167250 2103.2
1167260 2110.7
1167270 2114.2
1167280 2114.2
1167290 2117.4
1167300 2124.4
1167310 2124.4
1167320 2130.6
1167330 2136.6
1167340 2136.6
1167350 2143.4
1167360 2149.4
1167370 2149.4
1167380 2155.2
1167390 2160.6
1167400 2166.8
1167410 2166.8
1167420 2173.4
1167430 2180.1
1167440 2180.1
1167450 2187.0
1167460 2193.2
1167470 2193.2
1167480 2199.5
1167490 2205.6
1167500 2205.6
1167510 2211.8
1167520 2218.6
1167530 2218.6
1167540 2226.5
1167550 2235.5
1167560 2235.5
1167570 2244.3
1167580 2251.5
1167590 2251.5
1167600 2258.2
1167610 2266.6
1167620 2266.6
1167630 2276.0
1167640 2284.5
1167650 2292.6
1167660 2292.6
1167670 2300.3
1167680 2307.8
1167690 2307.8
1167700 2315.6
1167710 2322.9
1167720 2322.9
1167730 2329.8
1167740 2336.7
1167750 2336.7
1167760 2343.0
1167770 2348.8
1167780 2348.8
1167790 2354.9
1167800 2361.0
1167810 2361.0
1167820 2363.3
1167830 2370.3
1167840 2370.3
1167850 2376.2
1167860 2377.1
1167870 2377.1
1167880 2375.5
1167890 2377.5
1167900 2377.5
1167910 2371.8
1167920 2368.7
1167930 2350.6
1167940 2350.6
1167950 2336.2
1167960 2322.3
1167970 2322.3
1167980 2311.1
1167990 2303.3
1168000 2303.3
1168010 2296.3
1168020 2289.8
1168030 2289.8
1168040 2283.5
1168050 2277.5
1168060 2277.5
1168070 2271.6
1168080 2266.5
1168090 2266.5
1168100 2263.6
1168110 2261.1
1168120 2261.1
1168130 2258.1
1168140 2254.9
1168150 2254.9
1168160 2251.4
1168170 2247.3
1168180 2242.8
1168190 2242.8
1168200 2239.4
1168210 2236.9
1168220 2242.0
1168230 2238.6
1168240 2235.8
1168250 2235.8
1168260 2233.2
1168270 2231.4
1168280 2231.4
1168290 2230.5
1168300 2230.5
1168310 2230.5
1168320 2230.5
1168330 2230.2
1168340 2230.2
1168350 2229.1
1168360 2229.1
1168370 2229.1
1168380 2229.1
1168390 2229.0
1168400 2229.0
1168410 2229.0
1168420 2228.8
1168430 2228.8
1168440 2229.8
1168450 2233.3
1168460 2236.6
1168470 2236.6
1168480 2241.2
1168490 2250.2
1168500 2250.2
1168510 2259.3
1168520 2265.5
1168530 2265.5
1168540 2272.9
1168550 2279.3
1168560 2279.3
1168570 2285.3
1168580 2285.0
1168590 2285.0
1168600 2282.1
1168610 2276.6
1168620 2276.6
1168630 2268.2
1168640 2260.7
1168650 2260.7
1168660 2254.3
1168670 2247.0
1168680 2247.0
1168690 2241.0
1168700 2236.6
1168710 2232.5
1168720 2232.5
1168730 2228.7
1168740 2224.5
1168750 2224.5
1168760 2218.5
1168770 2215.1
1168780 2215.1
1168790 2212.5
1168800 2209.5
1168810 2209.5
1168820 2204.9
1168830 2199.6
1168840 2199.6
1168850 2195.6
1168860 2192.4
1168870 2192.4
1168880 2188.2
1168890 2183.5
1168900 2183.5
1168910 2179.8
1168920 2178.0
1168930 2178.0
1168940 2176.1
1168950 2174.0
1168960 2174.0
1168970 2174.0
1168980 2174.1
1168990 2173.3
1169000 2173.3
1169010 2171.6
1169020 2169.6
1169030 2172.6
1169040 2170.5
1169050 2169.1
1169060 2169.1
1169070 2168.3
1169080 2167.6
1169090 2167.6
1169100 2164.9
1169110 2158.8
1169120 2158.8
1169130 2153.0
1169140 2148.6
1169150 2148.6
1169160 2146.8
1169170 2145.6
1169180 2145.6
1169190 2144.7
1169200 2142.8
1169210 2142.8
1169220 2138.9
1169230 2136.5
1169240 2135.9
1169250 2135.9
1169260 2139.5
1169270 2145.6
1169280 2145.6
1169290 2158.5
1169300 2164.2
1169310 2164.2
1169320 2163.9
1169330 2162.9
1169340 2162.9
1169350 2163.9
1169360 2164.6
1169370 2164.6
1169380 2164.3
1169390 2161.2
1169400 2161.2
1169410 2156.9
1169420 2152.4
1169430 2146.5
1169440 2143.1
1169450 2142.2
1169460 2142.2
1169470 2141.2
1169480 2137.0
1169490 2130.7
1169500 2130.7
1169510 2124.3
1169520 2118.4
1169530 2118.4
1169540 2111.4
1169550 2104.7
1169560 2104.7
1169570 2095.6
1169580 2082.7
1169590 2082.7
1169600 2071.9
1169610 2065.5
1169620 2065.5
1169630 2060.5
1169640 2053.2
1169650 2053.2
1169660 2042.0
1169670 2034.6
1169680 2034.6
1169690 2034.0
1169700 2035.6
1169710 2035.6
1169720 2031.0
1169730 2023.1
1169740 2023.1
1169750 2014.4
1169760 2004.5
1169770 1996.0
1169780 1996.0
1169790 1984.1
1169800 1973.9
1169810 1973.9
1169820 1965.9
1169830 1958.2
1169840 1960.0
1169850 1952.8
1169860 1945.8
1169870 1945.8
1169880 1937.3
1169890 1929.2
1169900 1929.2
1169910 1922.4
1169920 1913.9
1169930 1913.9
1169940 1900.1
1169950 1887.4
1169960 1887.4
1169970 1873.5
1169980 1865.5
1169990 1865.5
1170000 1851.9
1170010 1835.2
1170020 1826.7
1170030 1826.7
1170040 1823.6
1170050 1830.1
1170060 1830.1
1170070 1835.3
1170080 1836.8
1170090 1836.8
1170100 1836.7
1170110 1832.4
1170120 1832.4
1170130 1828.7
1170140 1829.0
1170150 1829.0
1170160 1830.0
1170170 1832.7
1170180 1832.7
1170190 1833.7
1170200 1825.8
1170210 1825.8
1170220 1813.7
1170230 1805.1
1170240 1794.5
1170250 1790.0
1170260 1785.0
1170270 1785.0
1170280 1779.7
1170290 1770.7
1170300 1758.6
1170310 1758.6
1170320 1745.3
1170330 1729.2
1170340 1729.2
1170350 1709.4
1170360 1691.5
1170370 1691.5
1170380 1683.3
1170390 1678.9
1170400 1678.9
1170410 1676.2
1170420 1670.2
1170430 1670.2
1170440 1660.2
1170450 1646.1
1170460 1646.1
1170470 1634.8
1170480 1627.6
1170490 1627.6
1170500 1623.8
1170510 1619.6
1170520 1619.6
1170530 1614.2
1170540 1607.8
1170550 1600.9
1170560 1600.9
1170570 1593.9
1170580 1588.4
1170590 1588.4
1170600 1584.2
1170610 1580.6
1170620 1580.6
1170630 1576.7
1170640 1572.7
1170650 1567.5
1170660 1563.1
1170670 1558.3
1170680 1558.3
1170690 1553.5
1170700 1548.3
1170710 1548.3
1170720 1543.0
1170730 1538.0
1170740 1538.0
1170750 1532.3
1170760 1526.7
1170770 1526.7
1170780 1521.3
1170790 1515.5
1170800 1515.5
1170810 1509.0
1170820 1502.3
1170830 1497.6
1170840 1497.6
1170850 1497.2
1170860 1501.4
1170870 1501.4
1170880 1507.5
1170890 1511.3
1170900 1511.3
1170910 1515.5
1170920 1519.2
1170930 1519.2
1170940 1520.2
1170950 1521.1
1170960 1521.1
1170970 1524.6
1170980 1527.4
1170990 1527.4
1171000 1529.8
1171010 1531.8
1171020 1531.8
1171030 1533.3
1171040 1537.6
1171050 1542.3
1171060 1546.7
1171070 1551.0
1171080 1555.6
1171090 1555.6
1171100 1559.5
1171110 1562.7
1171120 1562.7
1171130 1565.7
1171140 1570.0
1171150 1570.0
1171160 1572.9
1171170 1575.4
1171180 1575.4
1171190 1576.6
1171200 1577.5
1171210 1577.5
1171220 1580.0
1171230 1582.8
1171240 1582.8
1171250 1581.8
1171260 1586.7
1171270 1586.7
1171280 1592.0
1171290 1598.4
1171300 1598.4
1171310 1607.5
1171320 1615.8
1171330 1615.8
1171340 1624.8
1171350 1630.2
1171360 1635.3
1171370 1635.3
1171380 1640.0
1171390 1640.6
1171400 1640.6
1171410 1643.2
1171420 1651.0
1171430 1651.0
1171440 1660.5
1171450 1668.5
1171460 1671.0
1171470 1680.7
1171480 1689.7
1171490 1689.7
1171500 1697.0
1171510 1700.4
1171520 1700.4
1171530 1699.0
1171540 1697.0
1171550 1697.0
1171560 1698.4
1171570 1696.8
1171580 1696.8
1171590 1699.2
1171600 1707.3
1171610 1715.5
1171620 1715.5
1171630 1724.6
1171640 1733.9
1171650 1733.9
1171660 1743.3
1171670 1751.8
1171680 1751.8
1171690 1758.6
1171700 1761.7
1171710 1761.7
1171720 1766.4
1171730 1769.8
1171740 1769.8
1171750 1774.8
1171760 1784.4
1171770 1784.4
1171780 1799.9
1171790 1815.2
1171800 1815.2
1171810 1827.9
1171820 1839.3
1171830 1839.3
1171840 1848.6
1171850 1861.9
1171860 1867.0
1171870 1875.8
1171880 1883.0
1171890 1889.0
1171900 1889.0
1171910 1893.3
1171920 1896.8
1171930 1896.8
1171940 1896.1
1171950 1893.5
1171960 1893.5
1171970 1890.1
1171980 1886.8
1171990 1886.8
1172000 1883.0
1172010 1875.2
1172020 1875.2
1172030 1865.1
1172040 1855.6
1172050 1855.6
1172060 1847.1
1172070 1837.5
1172080 1837.5
1172090 1826.0
1172100 1816.9
1172110 1816.9
1172120 1808.0
1172130 1797.8
1172140 1786.2
1172150 1786.2
1172160 1774.2
1172170 1764.8
1172180 1764.8
1172190 1755.9
1172200 1747.1
1172210 1747.1
1172220 1738.3
1172230 1729.5
1172240 1729.5
1172250 1721.2
1172260 1713.3
1172270 1716.5
1172280 1709.7
1172290 1702.0
1172300 1702.0
1172310 1693.9
1172320 1686.0
1172330 1686.0
1172340 1678.4
1172350 1669.4
1172360 1669.4
1172370 1659.2
1172380 1649.4
1172390 1649.4
1172400 1639.5
1172410 1635.8
1172420 1636.4
1172430 1636.4
1172440 1630.4
1172450 1623.3
1172460 1623.3
1172470 1615.1
1172480 1599.5
1172490 1599.5
1172500 1577.5
1172510 1558.3
1172520 1558.3
1172530 1550.7
1172540 1538.0
1172550 1538.0
1172560 1525.8
1172570 1515.0
1172580 1515.0
1172590 1503.5
1172600 1492.2
1172610 1492.2
1172620 1478.7
1172630 1460.5
1172640 1460.5
1172650 1445.3
1172660 1430.8
1172670 1415.1
1172680 1422.3
1172690 1410.9
1172700 1403.4
1172710 1403.4
1172720 1395.9
1172730 1388.3
1172740 1388.3
1172750 1381.3
1172760 1375.7
1172770 1375.7
1172780 1371.3
1172790 1367.2
1172800 1367.2
1172810 1365.8
1172820 1365.8
1172830 1365.8
1172840 1365.6
1172850 1365.5
1172860 1365.5
1172870 1365.0
1172880 1363.7
1172890 1363.7
1172900 1363.9
1172910 1364.9
1172920 1364.9
1172930 1366.9
1172940 1370.1
1172950 1372.4
1172960 1372.4
1172970 1374.1
1172980 1376.0
1172990 1376.0
1173000 1378.0
1173010 1381.3
1173020 1381.3
1173030 1385.7
1173040 1389.4
1173050 1389.4
1173060 1392.9
1173070 1396.5
1173080 1396.5
1173090 1400.4
1173100 1405.1
1173110 1405.1
1173120 1410.1
1173130 1415.5
1173140 1415.5
1173150 1421.2
1173160 1426.8
1173170 1426.8
1173180 1432.3
1173190 1437.3
1173200 1443.2
1173210 1443.2
1173220 1450.1
1173230 1457.1
1173240 1457.1
1173250 1464.3
1173260 1471.6
1173270 1471.6
1173280 1479.4
1173290 1487.3
1173300 1487.3
1173310 1494.6
1173320 1502.4
1173330 1502.4
1173340 1515.0
1173350 1536.3
1173360 1536.3
1173370 1560.4
1173380 1578.7
1173390 1578.7
1173400 1595.7
1173410 1606.7
1173420 1606.7
1173430 1610.0
1173440 1627.9
1173450 1627.9
1173460 1651.2
1173470 1668.1
1173480 1684.0
1173490 1684.0
1173500 1699.5
1173510 1698.6
1173520 1698.6
1173530 1702.4
1173540 1719.4
1173550 1719.4
1173560 1736.4
1173570 1748.9
1173580 1748.9
1173590 1756.7
1173600 1763.9
1173610 1763.9
1173620 1772.5
1173630 1782.4
1173640 1782.4
1173650 1793.9
1173660 1805.4
1173670 1805.4
1173680 1819.5
1173690 1830.1
1173700 1830.1
1173710 1837.5
1173720 1844.4
1173730 1850.9
1173740 1850.9
1173750 1858.9
1173760 1867.0
1173770 1867.0
1173780 1872.6
1173790 1875.3
1173800 1875.3
1173810 1881.9
1173820 1892.9
1173830 1892.9
1173840 1898.2
1173850 1905.5
1173860 1905.5
1173870 1913.2
1173880 1917.7
1173890 1917.7
1173900 1919.5
1173910 1934.2
1173920 1934.2
1173930 1935.9
1173940 1943.3
1173950 1943.3
1173960 1951.4
1173970 1958.9
1173980 1966.0
1173990 1966.0
1174000 1972.0
1174010 1974.3
1174020 1974.3
1174030 1978.0
1174040 1981.5
1174050 1981.5
1174060 1980.2
1174070 1981.4
1174080 1981.4
1174090 1989.2
1174100 1999.4
1174110 1999.4
1174120 2006.3
1174130 2007.7
1174140 2007.7
1174150 2008.1
1174160 2010.5
1174170 2010.5
1174180 2013.1
1174190 2015.7
1174200 2015.7
1174210 2017.4
1174220 2018.5
1174230 2018.5
1174240 2022.1
1174250 2025.2
1174260 2024.4
1174270 2024.4
1174280 2024.0
1174290 2021.7
1174300 2021.7
1174310 2020.9
1174320 2031.0
1174330 2031.0
1174340 2025.4
1174350 2019.9
1174360 2019.9
1174370 2014.8
1174380 2011.1
1174390 2011.1
1174400 2007.7
1174410 2006.3
1174420 2006.3
1174430 2006.3
1174440 2008.0
1174450 2008.0
1174460 2012.0
1174470 2017.1
1174480 2017.1
1174490 2023.0
1174500 2029.5
1174510 2035.2
1174520 2035.2
1174530 2040.0
1174540 2043.3
1174550 2043.3
1174560 2046.3
1174570 2049.7
1174580 2049.7
1174590 2052.9
1174600 2054.2
1174610 2054.2
1174620 2055.1
1174630 2055.8
1174640 2055.8
1174650 2057.3
1174660 2061.4
1174670 2061.4
1174680 2066.1
1174690 2069.2
1174700 2069.2
1174710 2071.5
1174720 2073.2
1174730 2072.4
1174740 2075.9
1174750 2079.2
1174760 2079.2
1174770 2082.2
1174780 2086.1
1174790 2089.4
1174800 2089.4
1174810 2089.8
1174820 2090.5
1174830 2090.5
1174840 2093.3
1174850 2098.1
1174860 2098.1
1174870 2103.1
1174880 2107.3
1174890 2107.3
1174900 2111.0
1174910 2113.6
1174920 2113.6
1174930 2116.8
1174940 2119.9
1174950 2119.9
1174960 2120.0
1174970 2120.2
1174980 2120.2
1174990 2121.4
1175000 2122.7
1175010 2122.7
1175020 2125.1
1175030 2127.6
1175040 2130.1
1175050 2130.1
1175060 2132.6
1175070 2134.6
1175080 2134.6
1175090 2137.4
1175100 2141.1
1175110 2141.1
1175120 2144.0
1175130 2146.8
1175140 2144.7
1175150 2148.3
1175160 2150.9
1175170 2150.9
1175180 2153.6
1175190 2157.8
1175200 2157.8
1175210 2161.8
1175220 2165.6
1175230 2165.6
1175240 2170.0
1175250 2174.4
1175260 2174.4
1175270 2179.3
1175280 2182.3
1175290 2182.3
1175300 2184.0
1175310 2185.7
1175320 2185.8
1175330 2185.8
1175340 2185.2
1175350 2185.1
1175360 2185.1
1175370 2184.5
1175380 2183.7
1175390 2183.7
1175400 2183.7
1175410 2184.4
1175420 2184.4
1175430 2183.8
1175440 2182.9
1175450 2182.9
1175460 2180.9
1175470 2179.0
1175480 2179.0
1175490 2176.7
1175500 2175.6
1175510 2175.6
1175520 2174.2
1175530 2173.0
1175540 2173.0
1175550 2173.9
1175560 2174.0
1175570 2175.5
1175580 2175.5
1175590 2176.4
1175600 2176.2
1175610 2176.2
1175620 2176.2
1175630 2177.0
1175640 2177.0
1175650 2178.0
1175660 2179.1
1175670 2179.1
1175680 2179.4
1175690 2179.8
1175700 2179.8
1175710 2180.3
1175720 2180.8
1175730 2180.8
1175740 2181.2
1175750 2183.1
1175760 2183.1
1175770 2186.1
1175780 2189.3
1175790 2189.3
1175800 2193.1
1175810 2197.5
1175820 2197.5
1175830 2201.7
1175840 2206.5
1175850 2211.2
1175860 2211.2
1175870 2216.0
1175880 2220.8
1175890 2220.8
1175900 2225.8
1175910 2230.8
1175920 2230.8
1175930 2236.1
1175940 2241.5
1175950 2241.5
1175960 2247.6
1175970 2253.3
1175980 2253.3
1175990 2258.5
1176000 2263.9
1176010 2263.9
1176020 2269.0
1176030 2273.3
1176040 2273.3
1176050 2277.7
1176060 2283.7
1176070 2283.7
1176080 2294.2
1176090 2308.1
1176100 2324.5
1176110 2324.5
1176120 2341.6
1176130 2351.7
1176140 2351.7
1176150 2360.6
1176160 2367.5
1176170 2367.5
1176180 2375.6
1176190 2387.2
1176200 2387.2
1176210 2401.9
1176220 2419.1
1176230 2419.1
1176240 2431.9
1176250 2449.3
1176260 2449.3
1176270 2463.6
1176280 2470.4
1176290 2470.4
1176300 2477.1
1176310 2485.1
1176320 2485.1
1176330 2500.7
1176340 2513.1
1176350 2513.1
1176360 2524.7
1176370 2535.4
1176380 2536.9
1176390 2536.9
1176400 2539.3
1176410 2544.1
1176420 2544.1
1176430 2541.0
1176440 2533.6
1176450 2533.6
1176460 2521.8
1176470 2515.0
1176480 2515.0
1176490 2496.7
1176500 2471.6
1176510 2471.6
1176520 2454.6
1176530 2443.2
1176540 2443.2
1176550 2441.4
1176560 2443.9
1176570 2443.9
1176580 2434.3
1176590 2426.5
1176600 2426.5
1176610 2422.1
1176620 2416.3
1176630 2412.0
1176640 2412.0
1176650 2407.3
1176660 2402.1
1176670 2402.1
1176680 2401.7
1176690 2394.3
1176700 2394.3
1176710 2393.1
1176720 2397.7
1176730 2397.7
1176740 2400.9
1176750 2365.3
1176760 2365.3
1176770 2339.0
1176780 2316.1
1176790 2351.6
1176800 2306.0
1176810 2284.0
1176820 2284.0
1176830 2275.5
1176840 2268.1
1176850 2268.1
1176860 2260.7
1176870 2253.5
1176880 2246.4
1176890 2246.4
1176900 2239.3
1176910 2232.4
1176920 2232.4
1176930 2225.4
1176940 2218.4
1176950 2218.4
1176960 2211.5
1176970 2204.9
1176980 2204.9
1176990 2198.8
1177000 2192.5
1177010 2192.5
1177020 2186.4
1177030 2180.6
1177040 2180.6
1177050 2175.2
1177060 2170.1
1177070 2170.1
1177080 2166.5
1177090 2174.5
1177100 2174.5
1177110 2193.5
1177120 2183.2
1177130 2183.2
1177140 2167.2
1177150 2158.0
1177160 2152.8
1177170 2152.8
1177180 2150.0
1177190 2143.8
1177200 2152.5
1177210 2140.0
1177220 2125.7
1177230 2125.7
1177240 2120.5
1177250 2117.9
1177260 2117.9
1177270 2117.2
1177280 2116.8
1177290 2116.8
1177300 2115.9
1177310 2113.9
1177320 2113.9
1177330 2111.4
1177340 2110.5
1177350 2110.5
1177360 2110.5
1177370 2110.6
1177380 2110.6
1177390 2110.9
1177400 2112.2
1177410 2113.3
1177420 2113.3
1177430 2115.2
1177440 2117.2
1177450 2117.2
1177460 2118.9
1177470 2120.8
1177480 2120.8
1177490 2122.4
1177500 2122.3
1177510 2122.3
1177520 2123.1
1177530 2128.3
1177540 2128.3
1177550 2128.0
1177560 2123.1
1177570 2123.1
1177580 2117.7
1177590 2111.7
1177600 2111.7
1177610 2123.7
1177620 2124.9
1177630 2124.9
1177640 2125.2
1177650 2125.6
1177660 2125.6
1177670 2127.4
1177680 2125.8
1177690 2125.0
1177700 2125.0
1177710 2124.1
1177720 2116.8
1177730 2116.8
1177740 2115.5
1177750 2120.4
1177760 2120.4
1177770 2123.6
1177780 2123.0
1177790 2123.0
1177800 2118.2
1177810 2113.1
1177820 2113.1
1177830 2110.1
1177840 2107.1
1177850 2107.1
1177860 2105.5
1177870 2101.4
1177880 2101.4
1177890 2093.3
1177900 2086.6
1177910 2086.6
1177920 2075.6
1177930 2070.6
1177940 2066.1
1177950 2066.1
1177960 2062.7
1177970 2064.4
1177980 2064.4
1177990 2069.5
1178000 2072.0
1178010 2072.0
1178020 2074.4
1178030 2083.9
1178040 2083.9
1178050 2085.7
1178060 2090.7
1178070 2090.7
1178080 2096.8
1178090 2098.7
1178100 2098.7
1178110 2097.7
1178120 2092.8
1178130 2092.8
1178140 2090.4
1178150 2086.7
1178160 2086.7
1178170 2082.8
1178180 2078.2
1178190 2078.2
1178200 2073.1
1178210 2067.0
1178220 2059.9
1178230 2059.9
1178240 2053.5
1178250 2047.6
1178260 2047.6
1178270 2040.6
1178280 2035.1
1178290 2035.1
1178300 2030.0
1178310 2023.3
1178320 2023.3
1178330 2014.9
1178340 2006.6
1178350 2006.6
1178360 1997.8
1178370 1991.5
1178380 1991.5
1178390 1986.6
1178400 1981.7
1178410 1981.7
1178420 1978.2
1178430 1974.6
1178440 1974.6
1178450 1965.7
1178460 1962.2
1178470 1958.3
1178480 1958.3
1178490 1953.5
1178500 1947.8
1178510 1947.8
1178520 1942.5
1178530 1939.4
1178540 1939.4
1178550 1936.6
1178560 1930.8
1178570 1930.8
1178580 1925.0
1178590 1918.1
1178600 1918.1
1178610 1905.3
1178620 1895.5
1178630 1895.5
1178640 1880.1
1178650 1867.5
1178660 1867.5
1178670 1854.6
1178680 1842.9
1178690 1842.9
1178700 1834.8
1178710 1825.1
1178720 1825.1
1178730 1811.8
1178740 1798.6
1178750 1786.7
1178760 1786.7
1178770 1778.9
1178780 1774.2
1178790 1774.2
1178800 1766.8
1178810 1758.3
1178820 1758.3
1178830 1750.1
1178840 1744.7
1178850 1744.7
1178860 1749.0
1178870 1737.4
1178880 1737.4
1178890 1724.2
1178900 1715.2
1178910 1715.2
1178920 1708.4
1178930 1701.7
1178940 1701.7
1178950 1695.3
1178960 1688.2
1178970 1688.2
1178980 1681.6
1178990 1676.0
1179000 1670.4
1179010 1670.4
1179020 1665.1
1179030 1660.5
1179040 1660.5
1179050 1656.1
1179060 1651.0
1179070 1651.0
1179080 1645.5
1179090 1640.5
1179100 1640.5
1179110 1635.7
1179120 1631.0
1179130 1631.0
1179140 1627.0
1179150 1622.1
1179160 1622.1
1179170 1618.0
1179180 1613.2
1179190 1613.2
1179200 1609.8
1179210 1605.2
1179220 1605.2
1179230 1601.3
1179240 1600.4
1179250 1600.4
1179260 1601.8
1179270 1605.4
1179280 1609.3
1179290 1609.3
1179300 1611.0
1179310 1612.8
1179320 1612.8
1179330 1615.2
1179340 1617.1
1179350 1617.1
1179360 1618.8
1179370 1620.1
1179380 1620.1
1179390 1622.0
1179400 1624.2
1179410 1624.2
1179420 1625.6
1179430 1625.7
1179440 1625.7
1179450 1624.0
1179460 1623.4
1179470 1623.4
1179480 1626.0
1179490 1630.5
1179500 1630.5
1179510 1635.9
1179520 1635.9
1179530 1639.7
1179540 1639.7
1179550 1648.2
1179560 1662.4
1179570 1662.4
1179580 1701.4
1179590 1715.9
1179600 1715.9
1179610 1726.3
1179620 1737.3
1179630 1737.3
1179640 1748.5
1179650 1759.9
1179660 1759.9
1179670 1771.2
1179680 1790.0
1179690 1790.0
1179700 1798.9
1179710 1805.0
1179720 1805.0
1179730 1808.8
1179740 1817.1
1179750 1817.1
1179760 1823.6
1179770 1832.4
1179780 1836.2
1179790 1836.2
1179800 1838.8
1179810 1842.8
1179820 1842.8
1179830 1847.3
1179840 1852.1
1179850 1852.1
1179860 1856.9
1179870 1863.5
1179880 1863.5
1179890 1870.0
1179900 1873.3
1179910 1873.3
1179920 1881.1
1179930 1892.5
1179940 1892.5
1179950 1896.4
1179960 1900.4
1179970 1900.4
1179980 1904.2
1179990 1908.9
