1160000 1217.3
1160010 1217.3
1160020 1222.0
1160030 1226.8
1160040 1226.8
1160050 1231.3
1160060 1236.7
1160070 1236.7
1160080 1240.3
1160090 1242.1
1160100 1242.1
1160110 1243.7
1160120 1246.4
1160130 1246.4
1160140 1248.7
1160150 1248.9
1160160 1248.0
1160170 1248.6
1160180 1251.6
1160190 1251.6
1160200 1255.4
1160210 1259.1
1160220 1259.1
1160230 1262.6
1160240 1265.4
1160250 1265.4
1160260 1267.7
1160270 1271.6
1160280 1273.5
1160290 1273.5
1160300 1273.3
1160310 1273.3
1160320 1273.3
1160330 1273.1
1160340 1272.9
1160350 1272.9
1160360 1273.6
1160370 1276.0
1160380 1276.0
1160390 1277.1
1160400 1278.0
1160410 1278.0
1160420 1280.5
1160430 1284.2
1160440 1284.2
1160450 1288.7
1160460 1293.2
1160470 1293.2
1160480 1298.0
1160490 1301.9
1160500 1301.9
1160510 1304.3
1160520 1306.3
1160530 1309.7
1160540 1309.7
1160550 1313.4
1160560 1318.9
1160570 1318.9
1160580 1322.5
1160590 1327.4
1160600 1327.4
1160610 1332.8
1160620 1338.1
1160630 1338.1
1160640 1343.1
1160650 1346.7
1160660 1346.7
1160670 1344.8
1160680 1341.0
1160690 1341.0
1160700 1336.9
1160710 1330.0
1160720 1330.0
1160730 1319.3
1160740 1312.2
1160750 1312.2
1160760 1317.7
1160770 1330.7
1160780 1330.7
1160790 1340.3
1160800 1350.3
1160810 1357.2
1160820 1357.2
1160830 1361.5
1160840 1367.5
1160850 1367.5
1160860 1372.6
1160870 1376.0
1160880 1376.0
1160890 1378.4
1160900 1382.3
1160910 1382.3
1160920 1388.2
1160930 1394.4
1160940 1394.4
1160950 1400.4
1160960 1410.4
1160970 1410.4
1160980 1418.8
1160990 1424.9
1161000 1424.9
1161010 1430.7
1161020 1434.1
1161030 1434.1
1161040 1435.3
1161050 1433.8
1161060 1433.8
1161070 1430.0
1161080 1427.7
1161090 1427.6
1161100 1427.6
1161110 1432.2
1161120 1439.2
1161130 1439.2
1161140 1449.5
1161150 1451.7
1161160 1451.7
1161170 1452.4
1161180 1453.5
1161190 1453.5
1161200 1455.7
1161210 1458.5
1161220 1458.5
1161230 1460.5
1161240 1464.2
1161250 1464.2
1161260 1468.7
1161270 1473.7
1161280 1473.7
1161290 1479.3
1161300 1486.6
1161310 1486.6
1161320 1492.4
1161330 1499.3
1161340 1498.3
1161350 1498.3
1161360 1503.4
1161370 1507.6
1161380 1507.6
1161390 1510.9
1161400 1514.2
1161410 1514.2
1161420 1518.0
1161430 1523.1
1161440 1523.1
1161450 1528.5
1161460 1534.1
1161470 1534.1
1161480 1540.5
1161490 1546.7
1161500 1546.7
1161510 1554.6
1161520 1562.6
1161530 1562.6
1161540 1570.7
1161550 1579.4
1161560 1579.4
1161570 1586.4
1161580 1592.1
1161590 1592.1
1161600 1597.9
1161610 1604.8
1161620 1612.7
1161630 1612.7
1161640 1620.0
1161650 1626.6
1161660 1626.6
1161670 1633.9
1161680 1641.1
1161690 1641.1
1161700 1647.9
1161710 1654.7
1161720 1654.7
1161730 1660.8
1161740 1662.2
1161750 1662.2
1161760 1666.8
1161770 1671.6
1161780 1671.6
1161790 1674.4
1161800 1676.9
1161810 1676.9
1161820 1679.7
1161830 1683.0
1161840 1683.0
1161850 1684.8
1161860 1685.0
1161870 1686.3
1161880 1686.3
1161890 1689.3
1161900 1692.1
1161910 1692.1
1161920 1695.9
1161930 1700.1
1161940 1700.1
1161950 1704.5
1161960 1707.5
1161970 1707.5
1161980 1708.1
1161990 1707.5
1162000 1707.5
1162010 1706.2
1162020 1706.0
1162030 1706.0
1162040 1706.0
1162050 1702.9
1162060 1702.9
1162070 1703.4
1162080 1711.4
1162090 1711.4
1162100 1719.9
1162110 1729.4
1162120 1729.4
1162130 1737.5
1162140 1743.7
1162150 1749.5
1162160 1749.5
1162170 1754.8
1162180 1760.4
1162190 1760.4
1162200 1766.8
1162210 1771.7
1162220 1771.7
1162230 1776.7
1162240 1783.9
1162250 1783.9
1162260 1792.6
1162270 1801.3
1162280 1801.3
1162290 1808.4
1162300 1813.4
1162310 1813.4
1162320 1818.2
1162330 1824.9
1162340 1824.9
1162350 1830.9
1162360 1836.8
1162370 1836.8
1162380 1842.5
1162390 1848.7
1162400 1848.7
1162410 1854.8
1162420 1860.7
1162430 1865.8
1162440 1865.8
1162450 1870.4
1162460 1876.0
1162470 1876.0
1162480 1883.0
1162490 1891.0
1162500 1891.0
1162510 1898.7
1162520 1903.4
1162530 1897.8
1162540 1900.2
1162550 1902.8
1162560 1902.8
1162570 1906.4
1162580 1910.1
1162590 1910.1
1162600 1914.6
1162610 1919.8
1162620 1919.8
1162630 1924.7
1162640 1928.5
1162650 1928.5
1162660 1934.1
1162670 1941.2
1162680 1948.3
1162690 1948.3
1162700 1955.7
1162710 1961.8
1162720 1961.8
1162730 1965.9
1162740 1970.5
1162750 1970.5
1162760 1975.0
1162770 1979.5
1162780 1979.5
1162790 1981.8
1162800 1985.8
1162810 1985.8
1162820 1991.3
1162830 1994.4
1162840 1994.4
1162850 1996.2
1162860 2001.1
1162870 2001.1
1162880 2007.5
1162890 2014.0
1162900 2014.0
1162910 2020.5
1162920 2028.9
1162930 2028.9
1162940 2032.6
1162950 2037.2
1162960 2040.8
1162970 2040.8
1162980 2043.0
1162990 2046.8
1163000 2046.8
1163010 2050.8
1163020 2053.0
1163030 2053.0
1163040 2055.1
1163050 2057.0
1163060 2057.0
1163070 2059.3
1163080 2059.8
1163090 2059.8
1163100 2058.0
1163110 2057.0
1163120 2057.0
1163130 2057.1
1163140 2055.4
1163150 2055.4
1163160 2051.2
1163170 2047.3
1163180 2047.3
1163190 2041.8
1163200 2034.9
1163210 2034.9
1163220 2030.5
1163230 2028.9
1163240 2027.2
1163250 2027.2
1163260 2025.0
1163270 2025.3
1163280 2025.3
1163290 2024.5
1163300 2024.5
1163310 2024.5
1163320 2028.8
1163330 2028.7
1163340 2028.7
1163350 2028.0
1163360 2025.9
1163370 2025.9
1163380 2023.4
1163390 2022.7
1163400 2022.7
1163410 2022.4
1163420 2021.7
1163430 2021.7
1163440 2019.9
1163450 2020.1
1163460 2020.1
1163470 2022.1
1163480 2026.3
1163490 2030.0
1163500 2030.0
1163510 2031.0
1163520 2028.1
1163530 2028.1
1163540 2026.1
1163550 2025.5
1163560 2025.5
1163570 2021.7
1163580 2018.2
1163590 2018.2
1163600 2016.0
1163610 2012.3
1163620 2012.3
1163630 2008.9
1163640 2004.1
1163650 2004.1
1163660 2000.0
1163670 1995.0
1163680 1995.0
1163690 1989.6
1163700 1985.5
1163710 1993.5
1163720 1990.8
1163730 1987.6
1163740 1987.6
1163750 1983.6
1163760 1979.2
1163770 1975.6
1163780 1975.6
1163790 1969.5
1163800 1962.8
1163810 1962.8
1163820 1950.7
1163830 1937.2
1163840 1937.2
1163850 1926.0
1163860 1922.8
1163870 1922.8
1163880 1917.8
1163890 1922.5
1163900 1922.5
1163910 1927.7
1163920 1925.4
1163930 1925.4
1163940 1922.7
1163950 1917.8
1163960 1917.8
1163970 1912.2
1163980 1906.4
1163990 1906.4
1164000 1900.4
1164010 1894.6
1164020 1894.6
1164030 1888.8
1164040 1882.6
1164050 1876.0
1164060 1876.0
1164070 1868.8
1164080 1861.7
1164090 1861.7
1164100 1855.4
1164110 1849.8
1164120 1849.8
1164130 1844.1
1164140 1838.9
1164150 1838.9
1164160 1833.5
1164170 1828.6
1164180 1828.6
1164190 1823.6
1164200 1819.2
1164210 1819.2
1164220 1814.9
1164230 1809.3
1164240 1809.3
1164250 1802.6
1164260 1795.3
1164270 1795.3
1164280 1787.5
1164290 1779.1
1164300 1769.7
1164310 1769.7
1164320 1760.0
1164330 1748.3
1164340 1748.3
1164350 1737.7
1164360 1728.9
1164370 1728.9
1164380 1718.3
1164390 1709.9
1164400 1709.9
1164410 1701.3
1164420 1693.5
1164430 1693.5
1164440 1686.2
1164450 1680.5
1164460 1680.5
1164470 1674.2
1164480 1668.3
1164490 1668.3
1164500 1663.2
1164510 1651.4
1164520 1651.4
1164530 1645.8
1164540 1639.1
1164550 1639.1
1164560 1629.7
1164570 1619.8
1164580 1607.8
1164590 1607.8
1164600 1598.3
1164610 1591.1
1164620 1591.1
1164630 1585.7
1164640 1578.7
1164650 1578.7
1164660 1571.5
1164670 1562.9
1164680 1562.9
1164690 1553.7
1164700 1545.8
1164710 1545.8
1164720 1538.4
1164730 1530.7
1164740 1530.7
1164750 1523.5
1164760 1516.8
1164770 1516.8
1164780 1509.4
1164790 1501.9
1164800 1501.9
1164810 1494.1
1164820 1486.3
1164830 1478.7
1164840 1478.7
1164850 1471.2
1164860 1462.2
1164870 1462.2
1164880 1453.2
1164890 1446.6
1164900 1446.6
1164910 1444.0
1164920 1437.8
1164930 1437.8
1164940 1432.0
1164950 1425.5
1164960 1425.5
1164970 1417.5
1164980 1406.1
1164990 1406.1
1165000 1386.5
1165010 1377.3
1165020 1377.3
1165030 1371.6
1165040 1365.1
1165050 1365.1
1165060 1360.4
1165070 1356.6
1165080 1356.6
1165090 1357.0
1165100 1358.0
1165110 1357.5
1165120 1357.5
1165130 1357.7
1165140 1359.1
1165150 1359.1
1165160 1359.2
1165170 1358.5
1165180 1358.5
1165190 1356.1
1165200 1357.8
1165210 1357.8
1165220 1360.9
1165230 1362.1
1165240 1362.1
1165250 1363.1
1165260 1363.4
1165270 1363.4
1165280 1361.0
1165290 1359.1
1165300 1359.1
1165310 1361.2
1165320 1361.5
1165330 1361.5
1165340 1365.8
1165350 1373.0
1165360 1373.0
1165370 1380.0
1165380 1387.2
1165390 1395.2
1165400 1395.2
1165410 1402.3
1165420 1408.2
1165430 1408.2
1165440 1413.8
1165450 1420.6
1165460 1420.6
1165470 1427.5
1165480 1434.1
1165490 1434.1
1165500 1440.8
1165510 1447.6
1165520 1447.6
1165530 1453.6
1165540 1458.4
1165550 1458.4
1165560 1462.7
1165570 1466.8
1165580 1466.8
1165590 1471.6
1165600 1478.0
1165610 1478.0
1165620 1485.1
1165630 1494.2
1165640 1503.9
1165650 1503.9
1165660 1512.2
1165670 1521.2
1165680 1521.2
1165690 1529.3
1165700 1534.3
1165710 1534.3
1165720 1543.7
1165730 1553.2
1165740 1553.2
1165750 1562.0
1165760 1570.2
1165770 1570.2
1165780 1578.6
1165790 1587.4
1165800 1587.4
1165810 1596.4
1165820 1604.4
1165830 1604.4
1165840 1613.1
1165850 1622.5
1165860 1622.5
1165870 1629.6
1165880 1636.0
1165890 1636.0
1165900 1643.1
1165910 1652.1
1165920 1660.2
1165930 1660.2
1165940 1668.0
1165950 1675.5
1165960 1675.5
1165970 1679.0
1165980 1676.7
1165990 1676.7
1166000 1677.7
1166010 1684.7
1166020 1684.7
1166030 1692.7
1166040 1701.4
1166050 1701.4
1166060 1709.9
1166070 1718.2
1166080 1718.2
1166090 1727.6
1166100 1743.1
1166110 1743.1
1166120 1752.3
1166130 1758.3
1166140 1758.3
1166150 1764.7
1166160 1771.6
1166170 1771.6
1166180 1779.5
1166190 1788.2
1166200 1795.6
1166210 1795.6
1166220 1802.1
1166230 1807.8
1166240 1807.8
1166250 1812.8
1166260 1818.3
1166270 1818.3
1166280 1822.8
1166290 1827.0
1166300 1827.0
1166310 1831.8
1166320 1836.0
1166330 1836.0
1166340 1838.6
1166350 1843.4
1166360 1843.4
1166370 1846.7
1166380 1848.6
1166390 1848.6
1166400 1850.3
1166410 1852.6
1166420 1852.6
1166430 1855.0
1166440 1857.0
1166450 1858.0
1166460 1858.0
1166470 1859.1
1166480 1859.1
1166490 1859.1
1166500 1850.1
1166510 1849.3
1166520 1849.3
1166530 1850.7
1166540 1848.5
1166550 1848.5
1166560 1845.4
1166570 1842.2
1166580 1842.2
1166590 1837.1
1166600 1834.4
1166610 1834.4
1166620 1834.9
1166630 1834.7
1166640 1834.7
1166650 1838.1
1166660 1840.9
1166670 1840.9
1166680 1843.7
1166690 1848.8
1166700 1848.8
1166710 1853.2
1166720 1856.7
1166730 1861.0
1166740 1861.0
1166750 1865.5
1166760 1870.3
1166770 1870.3
1166780 1874.9
1166790 1878.8
1166800 1878.8
1166810 1883.9
1166820 1891.3
1166830 1891.3
1166840 1904.1
1166850 1928.1
1166860 1928.1
1166870 1938.8
1166880 1943.8
1166890 1943.8
1166900 1937.6
1166910 1943.6
1166920 1943.6
1166930 1950.2
1166940 1958.1
1166950 1958.1
1166960 1966.4
1166970 1975.1
1166980 1975.1
1166990 1979.9
1167000 1984.3
1167010 1989.3
1167020 1989.3
1167030 1994.4
1167040 1999.7
1167050 1999.7
1167060 2004.4
1167070 2009.1
1167080 2009.1
1167090 2013.6
1167100 2018.0
1167110 2018.0
1167120 2022.1
1167130 2027.0
1167140 2027.0
1167150 2032.5
1167160 2037.5
1167170 2037.5
1167180 2041.7
1167190 2045.9
1167200 2045.9
1167210 2050.8
1167220 2056.9
1167230 2056.9
1167240 2064.1
1167250 2070.4
1167260 2075.8
1167270 2075.8
1167280 2082.5
1167290 2091.0
1167300 2091.0
1167310 2089.9
1167320 2096.0
1167330 2096.0
1167340 2106.4
1167350 2116.6
1167360 2116.6
1167370 2121.3
1167380 2123.9
1167390 2123.9
1167400 2127.0
1167410 2129.3
1167420 2129.3
1167430 2131.6
1167440 2134.0
1167450 2134.0
1167460 2136.3
1167470 2137.0
1167480 2137.0
1167490 2135.5
1167500 2133.3
1167510 2133.3
1167520 2139.4
1167530 2143.3
1167540 2145.6
1167550 2145.6
1167560 2147.3
1167570 2151.0
1167580 2151.0
1167590 2157.4
1167600 2162.5
1167610 2162.5
1167620 2166.4
1167630 2168.5
1167640 2168.5
1167650 2172.9
1167660 2177.9
1167670 2177.9
1167680 2180.9
1167690 2184.1
1167700 2184.1
1167710 2178.9
1167720 2179.4
1167730 2179.4
1167740 2183.1
1167750 2187.3
1167760 2187.3
1167770 2188.9
1167780 2191.4
1167790 2196.8
1167800 2196.8
1167810 2201.7
1167820 2206.8
1167830 2206.8
1167840 2211.7
1167850 2215.9
1167860 2215.9
1167870 2219.3
1167880 2221.8
1167890 2221.8
1167900 2224.4
1167910 2227.5
1167920 2227.5
1167930 2231.4
1167940 2236.2
1167950 2236.2
1167960 2241.3
1167970 2245.9
1167980 2245.9
1167990 2249.1
1168000 2248.4
1168010 2248.4
1168020 2248.2
1168030 2247.4
1168040 2247.4
1168050 2245.5
1168060 2243.5
1168070 2241.2
1168080 2241.2
1168090 2233.7
1168100 2223.9
1168110 2231.5
1168120 2239.0
1168130 2230.9
1168140 2230.9
1168150 2220.2
1168160 2209.7
1168170 2209.7
1168180 2199.1
1168190 2190.9
1168200 2190.9
1168210 2189.1
1168220 2195.2
1168230 2195.2
1168240 2194.6
1168250 2197.6
1168260 2197.6
1168270 2204.2
1168280 2208.0
1168290 2208.0
1168300 2207.6
1168310 2199.6
1168320 2199.6
1168330 2190.2
1168340 2181.3
1168350 2174.3
1168360 2174.3
1168370 2171.6
1168380 2169.6
1168390 2169.6
1168400 2166.7
1168410 2164.1
1168420 2164.1
1168430 2158.8
1168440 2155.1
1168450 2155.1
1168460 2152.2
1168470 2149.4
1168480 2149.4
1168490 2149.7
1168500 2148.7
1168510 2141.2
1168520 2137.3
1168530 2132.0
1168540 2132.0
1168550 2126.9
1168560 2122.0
1168570 2122.0
1168580 2116.6
1168590 2110.7
1168600 2104.2
1168610 2104.2
1168620 2097.3
1168630 2090.4
1168640 2090.4
1168650 2082.7
1168660 2074.6
1168670 2074.6
1168680 2067.1
1168690 2060.1
1168700 2060.1
1168710 2054.7
1168720 2049.0
1168730 2049.0
1168740 2045.9
1168750 2045.4
1168760 2045.4
1168770 2046.4
1168780 2047.4
1168790 2047.4
1168800 2043.9
1168810 2038.1
1168820 2038.1
1168830 2031.9
1168840 2023.1
1168850 2023.1
1168860 2016.2
1168870 2009.3
1168880 2002.4
1168890 2002.4
1168900 1995.4
1168910 1985.0
1168920 1985.0
1168930 1980.5
1168940 1976.8
1168950 1976.8
1168960 1972.4
1168970 1967.2
1168980 1967.2
1168990 1962.1
1169000 1955.1
1169010 1955.1
1169020 1944.1
1169030 1934.6
1169040 1934.6
1169050 1925.5
1169060 1917.2
1169070 1917.2
1169080 1910.6
1169090 1906.1
1169100 1906.1
1169110 1903.0
1169120 1901.8
1169130 1901.8
1169140 1902.0
1169150 1904.2
1169160 1904.1
1169170 1904.1
1169180 1901.0
1169190 1897.6
1169200 1897.6
1169210 1894.9
1169220 1892.4
1169230 1892.4
1169240 1885.8
1169250 1879.9
1169260 1879.9
1169270 1876.3
1169280 1873.9
1169290 1873.9
1169300 1870.2
1169310 1864.9
1169320 1863.7
1169330 1858.9
1169340 1855.8
1169350 1855.8
1169360 1852.4
1169370 1848.0
1169380 1848.0
1169390 1843.7
1169400 1840.4
1169410 1836.7
1169420 1836.7
1169430 1833.5
1169440 1830.0
1169450 1830.0
1169460 1825.8
1169470 1820.7
1169480 1820.7
1169490 1815.6
1169500 1810.9
1169510 1810.9
1169520 1805.9
1169530 1800.4
1169540 1800.4
1169550 1794.7
1169560 1789.1
1169570 1789.1
1169580 1783.5
1169590 1778.6
1169600 1778.6
1169610 1774.5
1169620 1769.7
1169630 1769.7
1169640 1766.3
1169650 1760.3
1169660 1760.3
1169670 1751.7
1169680 1743.6
1169690 1736.6
1169700 1736.6
1169710 1729.5
1169720 1721.9
1169730 1721.9
1169740 1714.2
1169750 1706.4
1169760 1706.4
1169770 1698.7
1169780 1691.7
1169790 1691.7
1169800 1684.9
1169810 1677.6
1169820 1677.6
1169830 1669.8
1169840 1662.7
1169850 1662.7
1169860 1656.8
1169870 1652.6
1169880 1652.6
1169890 1648.8
1169900 1643.7
1169910 1643.7
1169920 1638.7
1169930 1633.6
1169940 1629.1
1169950 1629.1
1169960 1624.5
1169970 1620.1
1169980 1620.1
1169990 1615.6
1170000 1609.7
1170010 1609.7
1170020 1603.6
1170030 1598.0
1170040 1598.0
1170050 1592.6
1170060 1586.9
1170070 1586.9
1170080 1580.8
1170090 1574.5
1170100 1574.5
1170110 1569.1
1170120 1563.6
1170130 1561.4
1170140 1555.6
1170150 1549.0
1170160 1549.0
1170170 1542.5
1170180 1536.4
1170190 1536.4
1170200 1531.2
1170210 1527.0
1170220 1524.1
1170230 1524.1
1170240 1521.2
1170250 1518.2
1170260 1518.2
1170270 1515.0
1170280 1512.5
1170290 1512.5
1170300 1509.8
1170310 1506.3
1170320 1506.3
1170330 1501.7
1170340 1496.9
1170350 1496.9
1170360 1490.7
1170370 1483.6
1170380 1483.6
1170390 1476.1
1170400 1470.6
1170410 1470.6
1170420 1467.1
1170430 1463.9
1170440 1463.9
1170450 1459.3
1170460 1454.1
1170470 1454.1
1170480 1449.2
1170490 1445.5
1170500 1440.7
1170510 1440.7
1170520 1436.0
1170530 1430.9
1170540 1430.9
1170550 1427.5
1170560 1424.2
1170570 1424.2
1170580 1420.6
1170590 1414.4
1170600 1414.4
1170610 1408.9
1170620 1405.5
1170630 1405.5
1170640 1405.6
1170650 1408.6
1170660 1408.6
1170670 1415.1
1170680 1418.1
1170690 1418.1
1170700 1419.3
1170710 1420.3
1170720 1420.3
1170730 1421.7
1170740 1419.3
1170750 1416.2
1170760 1416.2
1170770 1415.3
1170780 1413.7
1170790 1413.7
1170800 1413.7
1170810 1415.1
1170820 1415.1
1170830 1418.0
1170840 1415.4
1170850 1415.4
1170860 1409.4
1170870 1405.6
1170880 1405.6
1170890 1405.0
1170900 1409.9
1170910 1409.9
1170920 1412.9
1170930 1412.9
1170940 1417.1
1170950 1417.5
1170960 1420.6
1170970 1420.6
1170980 1422.6
1170990 1423.1
1171000 1423.1
1171010 1420.3
1171020 1417.7
1171030 1413.6
1171040 1413.6
1171050 1409.1
1171060 1409.6
1171070 1409.6
1171080 1413.9
1171090 1418.9
1171100 1418.9
1171110 1424.8
1171120 1428.7
1171130 1428.7
1171140 1426.4
1171150 1422.6
1171160 1422.6
1171170 1420.4
1171180 1418.8
1171190 1418.8
1171200 1420.5
1171210 1426.0
1171220 1426.0
1171230 1433.3
1171240 1441.3
1171250 1441.3
1171260 1448.1
1171270 1453.7
1171280 1453.7
1171290 1457.6
1171300 1461.3
1171310 1466.3
1171320 1466.3
1171330 1471.2
1171340 1478.6
1171350 1478.6
1171360 1481.0
1171370 1482.7
1171380 1482.7
1171390 1483.6
1171400 1483.6
1171410 1483.6
1171420 1483.2
1171430 1483.3
1171440 1483.3
1171450 1483.0
1171460 1482.4
1171470 1482.4
1171480 1481.0
1171490 1478.8
1171500 1478.8
1171510 1476.1
1171520 1474.1
1171530 1474.1
1171540 1472.3
1171550 1470.8
1171560 1468.6
1171570 1468.6
1171580 1464.8
1171590 1459.3
1171600 1459.3
1171610 1451.0
1171620 1445.1
1171630 1445.1
1171640 1440.5
1171650 1437.0
1171660 1437.0
1171670 1432.3
1171680 1427.4
1171690 1427.4
1171700 1422.3
1171710 1417.6
1171720 1417.6
1171730 1412.4
1171740 1406.8
1171750 1414.4
1171760 1409.1
1171770 1405.4
1171780 1405.4
1171790 1400.8
1171800 1395.6
1171810 1395.6
1171820 1390.7
1171830 1386.9
1171840 1382.2
1171850 1382.2
1171860 1377.6
1171870 1374.4
1171880 1374.4
1171890 1371.6
1171900 1366.3
1171910 1366.3
1171920 1359.4
1171930 1355.6
1171940 1355.6
1171950 1353.0
1171960 1349.2
1171970 1349.2
1171980 1344.4
1171990 1336.6
1172000 1336.6
1172010 1330.4
1172020 1326.9
1172030 1326.9
1172040 1324.0
1172050 1321.0
1172060 1321.0
1172070 1317.8
1172080 1312.9
1172090 1307.9
1172100 1307.9
1172110 1303.5
1172120 1299.5
1172130 1299.5
1172140 1295.4
1172150 1290.5
1172160 1297.1
1172170 1292.4
1172180 1286.4
1172190 1286.4
1172200 1280.7
1172210 1275.8
1172220 1275.8
1172230 1271.6
1172240 1267.2
1172250 1267.2
1172260 1264.1
1172270 1260.7
1172280 1260.7
1172290 1257.8
1172300 1256.0
1172310 1256.0
1172320 1255.7
1172330 1256.2
1172340 1256.2
1172350 1257.0
1172360 1258.1
1172370 1259.3
1172380 1259.3
1172390 1262.9
1172400 1267.9
1172410 1267.9
1172420 1270.4
1172430 1270.6
1172440 1270.6
1172450 1271.5
1172460 1272.8
1172470 1272.8
1172480 1274.4
1172490 1277.7
1172500 1277.7
1172510 1281.1
1172520 1284.4
1172530 1284.4
1172540 1288.8
1172550 1295.6
1172560 1295.6
1172570 1301.5
1172580 1306.8
1172590 1306.8
1172600 1311.7
1172610 1317.1
1172620 1317.1
1172630 1323.1
1172640 1329.1
1172650 1334.8
1172660 1334.8
1172670 1339.5
1172680 1347.6
1172690 1347.6
1172700 1353.7
1172710 1358.2
1172720 1358.2
1172730 1363.2
1172740 1367.2
1172750 1367.2
1172760 1370.1
1172770 1372.9
1172780 1372.9
1172790 1375.1
1172800 1377.9
1172810 1377.9
1172820 1381.2
1172830 1385.3
1172840 1385.3
1172850 1389.9
1172860 1394.2
1172870 1394.2
1172880 1398.7
1172890 1403.2
1172900 1406.9
1172910 1406.9
1172920 1410.9
1172930 1415.6
1172940 1415.6
1172950 1420.8
1172960 1426.3
1172970 1425.0
1172980 1431.6
1172990 1437.3
1173000 1437.3
1173010 1441.8
1173020 1446.3
1173030 1446.3
1173040 1450.8
1173050 1454.1
1173060 1454.1
1173070 1454.5
1173080 1458.2
1173090 1458.2
1173100 1462.8
1173110 1465.7
1173120 1465.7
1173130 1467.4
1173140 1469.5
1173150 1469.5
1173160 1471.4
1173170 1473.8
1173180 1477.0
1173190 1477.0
1173200 1480.4
1173210 1484.6
1173220 1484.6
1173230 1489.2
1173240 1493.8
1173250 1493.8
1173260 1498.0
1173270 1501.1
1173280 1501.1
1173290 1503.5
1173300 1506.2
1173310 1506.2
1173320 1509.5
1173330 1512.9
1173340 1512.9
1173350 1515.5
1173360 1516.5
1173370 1516.5
1173380 1506.1
1173390 1505.9
1173400 1505.9
1173410 1506.1
1173420 1506.4
1173430 1508.1
1173440 1508.1
1173450 1510.4
1173460 1511.6
1173470 1511.6
1173480 1514.9
1173490 1515.8
1173500 1515.8
1173510 1514.7
1173520 1512.0
1173530 1512.0
1173540 1510.2
1173550 1513.1
1173560 1513.1
1173570 1518.0
1173580 1523.2
1173590 1523.2
1173600 1527.3
1173610 1530.8
1173620 1530.8
1173630 1534.1
1173640 1537.9
1173650 1537.9
1173660 1542.4
1173670 1546.1
1173680 1546.1
1173690 1548.9
1173700 1550.1
1173710 1550.6
1173720 1550.6
1173730 1549.8
1173740 1550.8
1173750 1550.8
1173760 1552.6
1173770 1553.8
1173780 1553.8
1173790 1547.9
1173800 1548.9
1173810 1548.9
1173820 1551.2
1173830 1554.5
1173840 1554.5
1173850 1557.5
1173860 1559.4
1173870 1559.4
1173880 1561.4
1173890 1564.2
1173900 1564.2
1173910 1566.5
1173920 1567.5
1173930 1567.5
1173940 1566.6
1173950 1565.4
1173960 1565.4
1173970 1566.0
1173980 1567.2
1173990 1567.6
1174000 1567.6
1174010 1567.1
1174020 1567.0
1174030 1567.0
1174040 1565.2
1174050 1564.2
1174060 1564.2
1174070 1565.0
1174080 1564.9
1174090 1564.9
1174100 1564.6
1174110 1565.2
1174120 1565.2
1174130 1566.3
1174140 1567.0
1174150 1567.0
1174160 1568.1
1174170 1569.1
1174180 1569.1
1174190 1570.3
1174200 1564.3
1174210 1564.3
1174220 1565.4
1174230 1564.4
1174240 1562.2
1174250 1562.2
1174260 1563.8
1174270 1564.2
1174280 1564.2
1174290 1562.6
1174300 1564.1
1174310 1564.1
1174320 1560.9
1174330 1557.6
1174340 1557.6
1174350 1557.1
1174360 1558.4
1174370 1558.4
1174380 1561.4
1174390 1556.0
1174400 1556.0
1174410 1552.4
1174420 1551.2
1174430 1551.2
1174440 1550.5
1174450 1551.2
1174460 1551.2
1174470 1553.5
1174480 1554.9
1174490 1554.9
1174500 1555.0
1174510 1554.1
1174520 1554.8
1174530 1554.8
1174540 1557.6
1174550 1559.7
1174560 1559.7
1174570 1562.4
1174580 1563.4
1174590 1563.4
1174600 1563.1
1174610 1554.8
1174620 1554.8
1174630 1554.9
1174640 1557.0
1174650 1557.0
1174660 1559.8
1174670 1563.3
1174680 1563.3
1174690 1567.3
1174700 1570.6
1174710 1570.6
1174720 1573.4
1174730 1576.6
1174740 1576.6
1174750 1579.2
1174760 1582.7
1174770 1585.9
1174780 1585.9
1174790 1589.6
1174800 1593.9
1174810 1593.9
1174820 1598.4
1174830 1602.5
1174840 1602.5
1174850 1606.0
1174860 1609.5
1174870 1609.5
1174880 1616.6
1174890 1626.7
1174900 1626.7
1174910 1636.7
1174920 1647.3
1174930 1647.3
1174940 1656.0
1174950 1656.2
1174960 1656.2
1174970 1649.4
1174980 1655.6
1174990 1655.6
1175000 1668.0
1175010 1683.5
1175020 1672.5
1175030 1686.4
1175040 1702.5
1175050 1713.4
1175060 1713.4
1175070 1720.8
1175080 1721.6
1175090 1721.6
1175100 1730.1
1175110 1746.1
1175120 1746.1
1175130 1757.9
1175140 1765.4
1175150 1765.4
1175160 1776.9
1175170 1791.1
1175180 1791.1
1175190 1796.8
1175200 1799.1
1175210 1799.1
1175220 1802.7
1175230 1811.5
1175240 1811.5
1175250 1816.6
1175260 1816.5
1175270 1816.5
1175280 1813.0
1175290 1811.9
1175300 1811.9
1175310 1817.0
1175320 1824.6
1175330 1833.0
1175340 1833.0
1175350 1842.7
1175360 1862.4
1175370 1862.4
1175380 1880.3
1175390 1889.5
1175400 1889.5
1175410 1894.8
1175420 1900.1
1175430 1893.6
1175440 1896.9
1175450 1897.5
1175460 1897.5
1175470 1900.0
1175480 1908.2
1175490 1908.2
1175500 1919.6
1175510 1930.3
1175520 1930.3
1175530 1936.7
1175540 1947.6
1175550 1947.6
1175560 1948.3
1175570 1949.0
1175580 1941.4
1175590 1941.4
1175600 1934.1
1175610 1941.9
1175620 1941.9
1175630 1936.8
1175640 1924.7
1175650 1924.7
1175660 1916.2
1175670 1923.6
1175680 1923.6
1175690 1934.2
1175700 1928.3
1175710 1928.3
1175720 1920.8
1175730 1923.8
1175740 1923.8
1175750 1935.4
1175760 1948.5
1175770 1948.5
1175780 1942.3
1175790 1942.3
1175800 1942.3
1175810 1934.7
1175820 1928.3
1175830 1928.3
1175840 1929.9
1175850 1957.6
1175860 1958.0
1175870 1958.0
1175880 1952.6
1175890 1944.4
1175900 1944.4
1175910 1948.4
1175920 1955.7
1175930 1955.7
1175940 1965.1
1175950 1976.1
1175960 1976.1
1175970 1985.2
1175980 1989.6
1175990 1989.6
1176000 1994.0
1176010 1999.0
1176020 1999.0
1176030 2007.7
1176040 2015.0
1176050 2015.0
1176060 2022.2
1176070 2028.4
1176080 2028.4
1176090 2035.3
1176100 2049.8
1176110 2068.6
1176120 2068.6
1176130 2084.8
1176140 2099.3
1176150 2099.3
1176160 2108.1
1176170 2119.2
1176180 2119.2
1176190 2133.5
1176200 2137.5
1176210 2137.5
1176220 2136.9
1176230 2140.6
1176240 2140.6
1176250 2150.3
1176260 2173.3
1176270 2173.3
1176280 2182.5
1176290 2189.8
1176300 2189.8
1176310 2198.6
1176320 2208.0
1176330 2208.0
1176340 2217.9
1176350 2222.9
1176360 2222.9
1176370 2228.1
1176380 2233.3
1176390 2242.2
1176400 2242.2
1176410 2252.1
1176420 2260.3
1176430 2260.3
1176440 2265.8
1176450 2269.7
1176460 2269.7
1176470 2274.3
1176480 2280.5
1176490 2280.5
1176500 2288.9
1176510 2296.3
1176520 2296.3
1176530 2303.1
1176540 2309.2
1176550 2309.2
1176560 2314.0
1176570 2319.7
1176580 2319.7
1176590 2326.1
1176600 2332.2
1176610 2332.2
1176620 2336.7
1176630 2341.4
1176640 2341.4
1176650 2342.7
1176660 2335.3
1176670 2340.0
1176680 2340.0
1176690 2345.0
1176700 2351.7
1176710 2351.7
1176720 2352.7
1176730 2325.1
1176740 2325.1
1176750 2299.5
1176760 2287.9
1176770 2287.9
1176780 2278.6
1176790 2269.2
1176800 2269.2
1176810 2258.2
1176820 2249.8
1176830 2249.8
1176840 2242.6
1176850 2237.2
1176860 2237.2
1176870 2234.4
1176880 2230.4
1176890 2230.4
1176900 2225.6
1176910 2226.0
1176920 2233.4
1176930 2233.4
1176940 2240.3
1176950 2243.6
1176960 2243.6
1176970 2241.8
1176980 2242.3
1176990 2242.3
1177000 2239.7
1177010 2238.6
1177020 2238.6
1177030 2232.3
1177040 2226.2
1177050 2226.2
1177060 2223.3
1177070 2222.2
1177080 2222.2
1177090 2230.5
1177100 2225.9
1177110 2225.9
1177120 2221.0
1177130 2214.6
1177140 2214.6
1177150 2207.9
1177160 2201.3
1177170 2201.3
1177180 2195.5
1177190 2188.2
1177200 2180.3
1177210 2180.3
1177220 2175.0
1177230 2169.8
1177240 2169.8
1177250 2163.8
1177260 2160.4
1177270 2160.4
1177280 2157.0
1177290 2155.0
1177300 2155.0
1177310 2153.6
1177320 2155.9
1177330 2155.9
1177340 2155.1
1177350 2153.9
1177360 2153.9
1177370 2153.4
1177380 2152.2
1177390 2152.2
1177400 2147.6
1177410 2146.7
1177420 2146.7
1177430 2142.9
1177440 2141.3
1177450 2139.8
1177460 2139.8
1177470 2137.6
1177480 2137.9
1177490 2137.9
1177500 2147.7
1177510 2150.5
1177520 2150.5
1177530 2149.5
1177540 2145.0
1177550 2145.0
1177560 2136.5
1177570 2134.8
1177580 2134.8
1177590 2141.0
1177600 2140.3
1177610 2140.3
1177620 2140.0
1177630 2137.6
1177640 2137.6
1177650 2132.8
1177660 2127.3
1177670 2127.3
1177680 2126.7
1177690 2126.6
1177700 2126.6
1177710 2128.5
1177720 2128.7
1177730 2128.2
1177740 2128.2
1177750 2127.7
1177760 2127.1
1177770 2127.1
1177780 2128.2
1177790 2127.9
1177800 2127.9
1177810 2125.5
1177820 2123.2
1177830 2123.2
1177840 2118.7
1177850 2115.8
1177860 2115.8
1177870 2113.4
1177880 2111.0
1177890 2111.0
1177900 2108.3
1177910 2112.1
1177920 2112.1
1177930 2108.2
1177940 2102.6
1177950 2102.6
1177960 2093.6
1177970 2087.9
1177980 2087.9
1177990 2080.8
1178000 2073.2
1178010 2066.1
1178020 2066.1
1178030 2056.1
1178040 2043.8
1178050 2043.8
1178060 2025.5
1178070 2009.1
1178080 2009.1
1178090 1999.5
1178100 1997.1
1178110 1997.1
1178120 1985.5
1178130 1972.9
1178140 1972.9
1178150 1964.1
1178160 1955.2
1178170 1955.2
1178180 1947.8
1178190 1941.6
1178200 1941.6
1178210 1934.8
1178220 1923.5
1178230 1923.5
1178240 1914.5
1178250 1905.8
1178260 1895.6
1178270 1895.6
1178280 1886.4
1178290 1877.8
1178300 1877.8
1178310 1870.4
1178320 1858.6
1178330 1852.2
1178340 1843.3
1178350 1835.6
1178360 1835.6
1178370 1823.8
1178380 1812.6
1178390 1812.6
1178400 1802.9
1178410 1792.1
1178420 1792.1
1178430 1781.3
1178440 1768.9
1178450 1768.9
1178460 1758.6
1178470 1751.2
1178480 1751.2
1178490 1743.9
1178500 1736.4
1178510 1736.4
1178520 1726.7
1178530 1719.0
1178540 1712.1
1178550 1712.1
1178560 1704.6
1178570 1695.9
1178580 1695.9
1178590 1686.8
1178600 1679.7
1178610 1679.7
1178620 1673.5
1178630 1666.4
1178640 1666.4
1178650 1657.4
1178660 1637.4
1178670 1637.4
1178680 1618.3
1178690 1606.8
1178700 1606.8
1178710 1596.5
1178720 1587.0
1178730 1587.0
1178740 1578.7
1178750 1571.4
1178760 1571.4
1178770 1564.4
1178780 1557.7
1178790 1552.0
1178800 1552.0
1178810 1546.3
1178820 1540.6
1178830 1540.6
1178840 1534.7
1178850 1528.8
1178860 1528.8
1178870 1522.8
1178880 1516.7
1178890 1516.7
1178900 1510.5
1178910 1504.6
1178920 1504.6
1178930 1499.1
1178940 1493.7
1178950 1493.7
1178960 1488.3
1178970 1482.6
1178980 1482.6
1178990 1476.4
1179000 1470.8
1179010 1470.8
1179020 1467.4
1179030 1465.2
1179040 1465.2
1179050 1461.9
1179060 1457.3
1179070 1451.5
1179080 1451.5
1179090 1443.9
1179100 1436.6
1179110 1436.6
1179120 1434.2
1179130 1433.9
1179140 1433.9
1179150 1433.9
1179160 1433.1
1179170 1433.1
1179180 1432.7
1179190 1432.6
1179200 1432.6
1179210 1432.8
1179220 1433.2
1179230 1433.2
1179240 1432.9
1179250 1432.9
1179260 1432.9
1179270 1435.1
1179280 1438.8
1179290 1438.8
1179300 1440.6
1179310 1441.8
1179320 1441.8
1179330 1444.3
1179340 1446.5
1179350 1449.2
1179360 1449.2
1179370 1451.8
1179380 1453.9
1179390 1453.9
1179400 1457.5
1179410 1461.2
1179420 1461.2
1179430 1463.7
1179440 1465.1
1179450 1465.1
1179460 1466.0
1179470 1467.6
1179480 1467.6
1179490 1469.0
1179500 1471.2
1179510 1471.2
1179520 1472.7
1179530 1476.1
1179540 1476.1
1179550 1481.9
1179560 1487.7
1179570 1487.7
1179580 1496.3
1179590 1502.5
1179600 1508.6
1179610 1508.6
1179620 1514.5
1179630 1520.3
1179640 1520.3
1179650 1526.3
1179660 1531.8
1179670 1531.8
1179680 1537.4
1179690 1542.8
1179700 1542.8
1179710 1549.0
1179720 1555.9
1179730 1555.9
1179740 1562.5
1179750 1573.3
1179760 1573.3
1179770 1597.0
1179780 1626.4
1179790 1626.4
1179800 1630.9
1179810 1623.7
1179820 1623.7
1179830 1625.3
1179840 1633.6
1179850 1633.6
1179860 1641.7
1179870 1650.1
1179880 1659.9
1179890 1659.9
1179900 1666.6
1179910 1673.6
1179920 1673.6
1179930 1680.8
1179940 1686.0
1179950 1686.0
1179960 1689.3
1179970 1690.9
1179980 1690.9
1179990 1690.5
