1160000 1044.7
1160010 1044.6
1160020 1044.5
1160030 1044.5
1160040 1044.5
1160050 1044.7
1160060 1044.8
1160070 1044.8
1160080 1044.7
1160090 1044.5
1160100 1044.5
1160110 1044.3
1160120 1044.3
1160130 1044.3
1160140 1044.3
1160150 1044.2
1160160 1044.2
1160170 1044.2
1160180 1044.1
1160190 1044.1
1160200 1044.0
1160210 1043.9
1160220 1043.9
1160230 1043.7
1160240 1043.9
1160250 1043.9
1160260 1043.7
1160270 1043.4
1160280 1043.5
1160290 1043.5
1160300 1043.5
1160310 1043.6
1160320 1043.6
1160330 1043.7
1160340 1043.5
1160350 1043.5
1160360 1043.3
1160370 1043.2
1160380 1043.2
1160390 1043.1
1160400 1043.0
1160410 1043.0
1160420 1042.9
1160430 1042.8
1160440 1042.8
1160450 1042.7
1160460 1042.8
1160470 1042.8
1160480 1042.9
1160490 1042.9
1160500 1042.9
1160510 1042.8
1160520 1042.7
1160530 1042.7
1160540 1042.6
1160550 1042.6
1160560 1042.5
1160570 1042.5
1160580 1042.5
1160590 1042.3
1160600 1042.3
1160610 1041.6
1160620 1041.7
1160630 1041.8
1160640 1041.7
1160650 1041.6
1160660 1041.6
1160670 1041.7
1160680 1041.5
1160690 1041.5
1160700 1041.2
1160710 1041.4
1160720 1041.4
1160730 1041.5
1160740 1041.3
1160750 1041.3
1160760 1041.2
1160770 1041.6
1160780 1041.6
1160790 1041.9
1160800 1041.9
1160810 1041.9
1160820 1041.7
1160830 1041.7
1160840 1041.8
1160850 1041.8
1160860 1043.6
1160870 1048.1
1160880 1048.1
1160890 1059.1
1160900 1066.7
1160910 1066.7
1160920 1072.3
1160930 1075.6
1160940 1075.6
1160950 1079.3
1160960 1081.9
1160970 1081.9
1160980 1082.5
1160990 1084.1
1161000 1084.1
1161010 1084.4
1161020 1086.0
1161030 1091.5
1161040 1095.1
1161050 1096.6
1161060 1096.6
1161070 1098.5
1161080 1100.5
1161090 1100.5
1161100 1103.9
1161110 1108.9
1161120 1111.7
1161130 1111.7
1161140 1113.2
1161150 1114.6
1161160 1114.6
1161170 1115.8
1161180 1114.8
1161190 1114.8
1161200 1114.3
1161210 1115.5
1161220 1115.5
1161230 1116.1
1161240 1118.8
1161250 1118.8
1161260 1124.5
1161270 1130.3
1161280 1130.3
1161290 1136.7
1161300 1143.1
1161310 1143.1
1161320 1150.3
1161330 1156.8
1161340 1156.8
1161350 1161.8
1161360 1164.6
1161370 1167.8
1161380 1167.8
1161390 1171.8
1161400 1177.5
1161410 1177.5
1161420 1189.6
1161430 1195.0
1161440 1195.0
1161450 1201.0
1161460 1207.0
1161470 1207.0
1161480 1211.1
1161490 1216.5
1161500 1216.5
1161510 1223.3
1161520 1226.9
1161530 1226.9
1161540 1223.8
1161550 1225.5
1161560 1225.5
1161570 1237.4
1161580 1248.8
1161590 1248.8
1161600 1255.4
1161610 1258.0
1161620 1258.0
1161630 1260.2
1161640 1264.3
1161650 1268.7
1161660 1268.7
1161670 1277.9
1161680 1282.2
1161690 1282.2
1161700 1281.7
1161710 1284.4
1161720 1284.4
1161730 1289.9
1161740 1297.7
1161750 1297.7
1161760 1308.2
1161770 1315.3
1161780 1315.3
1161790 1321.5
1161800 1327.9
1161810 1327.9
1161820 1338.7
1161830 1344.2
1161840 1344.2
1161850 1349.9
1161860 1358.3
1161870 1358.3
1161880 1369.7
1161890 1377.0
1161900 1377.0
1161910 1382.7
1161920 1388.0
1161930 1396.0
1161940 1396.0
1161950 1408.6
1161960 1415.4
1161970 1415.4
1161980 1420.5
1161990 1432.6
1162000 1432.6
1162010 1440.8
1162020 1448.5
1162030 1448.5
1162040 1448.5
1162050 1455.4
1162060 1455.4
1162070 1458.7
1162080 1461.8
1162090 1461.8
1162100 1466.7
1162110 1472.4
1162120 1472.4
1162130 1479.0
1162140 1487.0
1162150 1487.0
1162160 1495.0
1162170 1499.5
1162180 1509.8
1162190 1509.8
1162200 1521.5
1162210 1532.8
1162220 1532.8
1162230 1538.9
1162240 1542.8
1162250 1542.8
1162260 1546.8
1162270 1551.4
1162280 1551.4
1162290 1554.3
1162300 1556.0
1162310 1556.0
1162320 1558.3
1162330 1562.5
1162340 1562.5
1162350 1565.9
1162360 1570.3
1162370 1570.3
1162380 1575.8
1162390 1578.9
1162400 1578.9
1162410 1581.2
1162420 1585.0
1162430 1585.0
1162440 1588.5
1162450 1592.4
1162460 1596.3
1162470 1596.3
1162480 1601.9
1162490 1609.5
1162500 1609.5
1162510 1615.5
1162520 1620.1
1162530 1620.1
1162540 1624.2
1162550 1628.0
1162560 1628.0
1162570 1631.1
1162580 1633.7
1162590 1633.7
1162600 1638.5
1162610 1651.4
1162620 1651.4
1162630 1656.5
1162640 1659.6
1162650 1659.6
1162660 1662.1
1162670 1664.2
1162680 1664.2
1162690 1666.1
1162700 1670.1
1162710 1670.1
1162720 1675.3
1162730 1679.2
1162740 1681.5
1162750 1681.5
1162760 1683.6
1162770 1685.5
1162780 1685.5
1162790 1686.7
1162800 1686.4
1162810 1686.4
1162820 1687.8
1162830 1694.0
1162840 1694.0
1162850 1699.9
1162860 1706.4
1162870 1706.4
1162880 1713.3
1162890 1721.9
1162900 1721.9
1162910 1729.2
1162920 1734.6
1162930 1734.6
1162940 1738.3
1162950 1743.0
1162960 1743.0
1162970 1747.2
1162980 1749.3
1162990 1752.3
1163000 1757.0
1163010 1758.9
1163020 1760.2
1163030 1760.2
1163040 1760.7
1163050 1762.1
1163060 1762.1
1163070 1764.3
1163080 1767.7
1163090 1767.7
1163100 1770.3
1163110 1772.4
1163120 1772.4
1163130 1773.5
1163140 1772.9
1163150 1772.9
1163160 1772.2
1163170 1771.5
1163180 1771.5
1163190 1771.8
1163200 1773.9
1163210 1773.9
1163220 1774.0
1163230 1774.7
1163240 1774.7
1163250 1776.4
1163260 1779.4
1163270 1782.0
1163280 1782.0
1163290 1784.5
1163300 1785.2
1163310 1785.2
1163320 1785.9
1163330 1787.4
1163340 1787.4
1163350 1788.3
1163360 1787.8
1163370 1787.8
1163380 1784.9
1163390 1781.6
1163400 1786.2
1163410 1786.7
1163420 1788.1
1163430 1788.1
1163440 1789.8
1163450 1790.6
1163460 1790.6
1163470 1790.1
1163480 1784.7
1163490 1784.7
1163500 1776.3
1163510 1768.5
1163520 1768.5
1163530 1764.4
1163540 1758.4
1163550 1753.5
1163560 1753.5
1163570 1747.7
1163580 1739.7
1163590 1739.7
1163600 1732.1
1163610 1725.7
1163620 1725.7
1163630 1720.9
1163640 1715.7
1163650 1715.7
1163660 1709.8
1163670 1703.4
1163680 1703.4
1163690 1696.3
1163700 1688.6
1163710 1688.6
1163720 1682.1
1163730 1676.6
1163740 1676.6
1163750 1670.9
1163760 1665.1
1163770 1665.1
1163780 1658.5
1163790 1644.5
1163800 1644.5
1163810 1632.2
1163820 1623.2
1163830 1618.1
1163840 1618.1
1163850 1613.7
1163860 1606.5
1163870 1606.5
1163880 1597.0
1163890 1586.7
1163900 1586.7
1163910 1574.8
1163920 1566.8
1163930 1566.8
1163940 1562.0
1163950 1555.7
1163960 1555.7
1163970 1546.4
1163980 1542.6
1163990 1542.6
1164000 1537.0
1164010 1537.2
1164020 1537.2
1164030 1537.5
1164040 1523.5
1164050 1523.5
1164060 1514.9
1164070 1510.8
1164080 1506.9
1164090 1506.9
1164100 1500.6
1164110 1496.5
1164120 1496.5
1164130 1502.0
1164140 1503.2
1164150 1503.2
1164160 1502.2
1164170 1502.8
1164180 1502.8
1164190 1490.8
1164200 1493.7
1164210 1493.7
1164220 1496.3
1164230 1490.8
1164240 1490.8
1164250 1485.9
1164260 1483.9
1164270 1483.9
1164280 1480.4
1164290 1475.2
1164300 1475.2
1164310 1469.7
1164320 1464.1
1164330 1464.1
1164340 1457.0
1164350 1450.1
1164360 1443.9
1164370 1443.9
1164380 1440.1
1164390 1437.5
1164400 1437.5
1164410 1434.1
1164420 1430.5
1164430 1430.5
1164440 1426.4
1164450 1421.9
1164460 1421.9
1164470 1416.6
1164480 1411.4
1164490 1411.4
1164500 1407.2
1164510 1402.6
1164520 1402.6
1164530 1397.5
1164540 1391.2
1164550 1391.2
1164560 1384.8
1164570 1378.0
1164580 1378.0
1164590 1368.8
1164600 1362.1
1164610 1362.1
1164620 1355.1
1164630 1349.3
1164640 1345.0
1164650 1345.0
1164660 1340.4
1164670 1334.7
1164680 1334.7
1164690 1329.0
1164700 1322.6
1164710 1322.6
1164720 1316.7
1164730 1311.0
1164740 1311.0
1164750 1305.2
1164760 1299.9
1164770 1299.9
1164780 1293.7
1164790 1286.0
1164800 1286.0
1164810 1278.9
1164820 1272.8
1164830 1272.8
1164840 1268.2
1164850 1264.2
1164860 1264.2
1164870 1258.2
1164880 1248.5
1164890 1241.1
1164900 1241.1
1164910 1240.9
1164920 1243.7
1164930 1243.7
1164940 1248.8
1164950 1253.2
1164960 1253.2
1164970 1257.8
1164980 1264.3
1164990 1266.3
1165000 1272.9
1165010 1277.3
1165020 1277.3
1165030 1281.1
1165040 1284.5
1165050 1284.5
1165060 1288.1
1165070 1291.2
1165080 1291.2
1165090 1294.3
1165100 1297.8
1165110 1297.8
1165120 1300.1
1165130 1300.7
1165140 1300.7
1165150 1304.8
1165160 1307.8
1165170 1311.9
1165180 1311.9
1165190 1315.6
1165200 1320.5
1165210 1320.5
1165220 1326.9
1165230 1332.6
1165240 1332.6
1165250 1335.5
1165260 1335.8
1165270 1335.8
1165280 1334.4
1165290 1334.2
1165300 1334.2
1165310 1334.7
1165320 1342.2
1165330 1342.2
1165340 1348.8
1165350 1352.1
1165360 1352.1
1165370 1357.3
1165380 1368.7
1165390 1367.0
1165400 1381.1
1165410 1392.2
1165420 1392.2
1165430 1399.4
1165440 1406.9
1165450 1415.0
1165460 1415.0
1165470 1425.1
1165480 1433.0
1165490 1433.0
1165500 1441.5
1165510 1449.5
1165520 1449.5
1165530 1455.1
1165540 1460.5
1165550 1460.5
1165560 1466.2
1165570 1472.9
1165580 1472.9
1165590 1479.3
1165600 1485.9
1165610 1485.9
1165620 1491.9
1165630 1497.9
1165640 1497.9
1165650 1503.8
1165660 1510.2
1165670 1510.2
1165680 1517.0
1165690 1523.7
1165700 1530.4
1165710 1530.4
1165720 1536.7
1165730 1542.5
1165740 1542.5
1165750 1548.6
1165760 1554.7
1165770 1554.7
1165780 1563.4
1165790 1569.4
1165800 1569.4
1165810 1575.1
1165820 1581.7
1165830 1581.7
1165840 1589.1
1165850 1596.0
1165860 1596.0
1165870 1602.7
1165880 1609.4
1165890 1609.4
1165900 1616.2
1165910 1623.0
1165920 1623.0
1165930 1629.9
1165940 1637.0
1165950 1637.0
1165960 1644.1
1165970 1651.1
1165980 1658.1
1165990 1658.1
1166000 1665.5
1166010 1673.3
1166020 1673.3
1166030 1681.5
1166040 1688.3
1166050 1688.3
1166060 1695.4
1166070 1702.9
1166080 1702.9
1166090 1710.0
1166100 1717.7
1166110 1717.7
1166120 1726.9
1166130 1735.5
1166140 1735.5
1166150 1744.9
1166160 1754.7
1166170 1754.7
1166180 1762.9
1166190 1768.6
1166200 1768.6
1166210 1773.3
1166220 1776.5
1166230 1776.5
1166240 1780.3
1166250 1783.9
1166260 1788.1
1166270 1788.1
1166280 1793.7
1166290 1800.9
1166300 1800.9
1166310 1808.4
1166320 1814.3
1166330 1814.3
1166340 1820.2
1166350 1827.5
1166360 1827.5
1166370 1834.7
1166380 1841.4
1166390 1841.4
1166400 1847.4
1166410 1854.6
1166420 1854.6
1166430 1862.0
1166440 1867.2
1166450 1867.2
1166460 1872.6
1166470 1880.8
1166480 1880.8
1166490 1890.2
1166500 1897.6
1166510 1897.6
1166520 1904.3
1166530 1911.2
1166540 1920.1
1166550 1920.1
1166560 1927.4
1166570 1931.1
1166580 1935.5
1166590 1942.4
1166600 1947.1
1166610 1947.1
1166620 1950.2
1166630 1955.5
1166640 1955.5
1166650 1962.0
1166660 1970.2
1166670 1970.2
1166680 1978.6
1166690 1985.7
1166700 1985.7
1166710 1992.4
1166720 1996.6
1166730 1996.6
1166740 2000.6
1166750 2005.4
1166760 2005.4
1166770 2008.6
1166780 2010.7
1166790 2014.7
1166800 2014.7
1166810 2018.9
1166820 2023.3
1166830 2023.3
1166840 2026.4
1166850 2028.0
1166860 2028.0
1166870 2029.0
1166880 2030.8
1166890 2030.8
1166900 2033.9
1166910 2037.1
1166920 2037.1
1166930 2040.3
1166940 2044.2
1166950 2044.2
1166960 2046.4
1166970 2048.5
1166980 2056.3
1166990 2060.4
1167000 2065.5
1167010 2065.5
1167020 2071.1
1167030 2076.7
1167040 2076.7
1167050 2084.6
1167060 2091.6
1167070 2098.1
1167080 2098.1
1167090 2106.1
1167100 2113.2
1167110 2113.2
1167120 2119.3
1167130 2126.3
1167140 2126.3
1167150 2134.4
1167160 2142.2
1167170 2142.2
1167180 2149.5
1167190 2154.6
1167200 2154.6
1167210 2156.9
1167220 2160.0
1167230 2160.0
1167240 2164.8
1167250 2171.4
1167260 2171.4
1167270 2171.9
1167280 2171.8
1167290 2171.8
1167300 2174.9
1167310 2178.5
1167320 2178.5
1167330 2178.2
1167340 2177.5
1167350 2171.3
1167360 2171.3
1167370 2157.1
1167380 2147.0
1167390 2162.2
1167400 2150.1
1167410 2135.3
1167420 2135.3
1167430 2116.0
1167440 2107.6
1167450 2107.6
1167460 2098.0
1167470 2087.8
1167480 2087.8
1167490 2077.1
1167500 2066.7
1167510 2066.7
1167520 2056.5
1167530 2050.5
1167540 2050.5
1167550 2045.2
1167560 2039.8
1167570 2039.8
1167580 2035.1
1167590 2030.5
1167600 2025.9
1167610 2025.9
1167620 2021.5
1167630 2018.3
1167640 2018.3
1167650 2015.1
1167660 2010.7
1167670 2010.7
1167680 2005.9
1167690 2001.6
1167700 2001.6
1167710 1997.2
1167720 1993.1
1167730 1993.1
1167740 1988.3
1167750 1983.2
1167760 1983.2
1167770 1979.1
1167780 1975.1
1167790 1980.4
1167800 1975.8
1167810 1970.9
1167820 1970.9
1167830 1966.1
1167840 1961.4
1167850 1961.4
1167860 1956.5
1167870 1951.8
1167880 1946.4
1167890 1946.4
1167900 1941.5
1167910 1938.0
1167920 1938.0
1167930 1934.2
1167940 1930.0
1167950 1930.0
1167960 1923.4
1167970 1916.0
1167980 1916.0
1167990 1910.8
1168000 1908.6
1168010 1908.6
1168020 1909.4
1168030 1911.9
1168040 1911.9
1168050 1909.7
1168060 1909.4
1168070 1909.4
1168080 1909.5
1168090 1908.5
1168100 1908.5
1168110 1913.6
1168120 1915.8
1168130 1915.8
1168140 1919.3
1168150 1927.3
1168160 1929.5
1168170 1929.5
1168180 1927.2
1168190 1935.8
1168200 1935.8
1168210 1942.7
1168220 1942.3
1168230 1942.3
1168240 1937.2
1168250 1932.3
1168260 1932.3
1168270 1931.9
1168280 1934.8
1168290 1934.8
1168300 1934.6
1168310 1934.6
1168320 1934.6
1168330 1943.3
1168340 1943.6
1168350 1943.6
1168360 1944.7
1168370 1946.0
1168380 1946.0
1168390 1943.4
1168400 1940.2
1168410 1936.2
1168420 1936.2
1168430 1932.1
1168440 1927.8
1168450 1927.8
1168460 1922.8
1168470 1917.7
1168480 1917.7
1168490 1912.2
1168500 1905.1
1168510 1905.1
1168520 1899.5
1168530 1895.1
1168540 1895.1
1168550 1889.8
1168560 1887.1
1168570 1887.1
1168580 1884.2
1168590 1878.9
1168600 1878.9
1168610 1872.5
1168620 1865.9
1168630 1865.9
1168640 1859.8
1168650 1853.6
1168660 1853.6
1168670 1847.9
1168680 1842.9
1168690 1837.1
1168700 1837.1
1168710 1831.2
1168720 1826.6
1168730 1826.6
1168740 1823.2
1168750 1816.3
1168760 1816.3
1168770 1810.1
1168780 1804.4
1168790 1804.4
1168800 1800.0
1168810 1797.7
1168820 1797.7
1168830 1795.3
1168840 1792.0
1168850 1792.0
1168860 1788.0
1168870 1783.5
1168880 1783.5
1168890 1778.8
1168900 1773.8
1168910 1773.8
1168920 1769.6
1168930 1765.4
1168940 1765.4
1168950 1761.8
1168960 1757.6
1168970 1752.0
1168980 1752.0
1168990 1743.5
1169000 1734.4
1169010 1734.4
1169020 1730.1
1169030 1726.6
1169040 1726.6
1169050 1722.7
1169060 1716.2
1169070 1716.2
1169080 1708.8
1169090 1701.0
1169100 1701.0
1169110 1693.2
1169120 1685.4
1169130 1685.4
1169140 1679.0
1169150 1673.1
1169160 1673.1
1169170 1667.5
1169180 1662.9
1169190 1662.9
1169200 1658.4
1169210 1649.4
1169220 1649.4
1169230 1637.0
1169240 1627.4
1169250 1617.6
1169260 1617.6
1169270 1608.7
1169280 1599.6
1169290 1599.6
1169300 1590.0
1169310 1581.1
1169320 1581.1
1169330 1574.2
1169340 1566.2
1169350 1566.2
1169360 1558.8
1169370 1552.9
1169380 1552.9
1169390 1547.2
1169400 1539.5
1169410 1539.5
1169420 1533.7
1169430 1528.2
1169440 1528.2
1169450 1522.0
1169460 1515.9
1169470 1515.9
1169480 1510.1
1169490 1504.8
1169500 1499.2
1169510 1499.2
1169520 1493.6
1169530 1488.7
1169540 1488.7
1169550 1491.7
1169560 1491.3
1169570 1491.3
1169580 1490.1
1169590 1491.3
1169600 1491.3
1169610 1489.2
1169620 1488.6
1169630 1488.6
1169640 1483.4
1169650 1475.5
1169660 1475.5
1169670 1470.6
1169680 1469.2
1169690 1469.2
1169700 1466.9
1169710 1468.9
1169720 1468.9
1169730 1464.3
1169740 1461.8
1169750 1461.8
1169760 1459.6
1169770 1456.2
1169780 1452.9
1169790 1452.9
1169800 1457.3
1169810 1453.8
1169820 1453.8
1169830 1450.2
1169840 1445.8
1169850 1445.8
1169860 1440.5
1169870 1435.0
1169880 1435.0
1169890 1429.2
1169900 1422.4
1169910 1422.4
1169920 1416.1
1169930 1410.5
1169940 1410.5
1169950 1404.9
1169960 1398.9
1169970 1398.9
1169980 1393.4
1169990 1387.9
1170000 1387.9
1170010 1382.8
1170020 1376.6
1170030 1376.6
1170040 1371.1
1170050 1366.6
1170060 1362.4
1170070 1362.4
1170080 1358.3
1170090 1353.6
1170100 1353.6
1170110 1347.8
1170120 1342.4
1170130 1342.4
1170140 1337.7
1170150 1332.9
1170160 1332.9
1170170 1327.6
1170180 1322.1
1170190 1322.1
1170200 1317.4
1170210 1318.4
1170220 1318.4
1170230 1314.8
1170240 1311.9
1170250 1311.9
1170260 1310.1
1170270 1308.2
1170280 1308.2
1170290 1306.0
1170300 1304.0
1170310 1302.2
1170320 1302.2
1170330 1299.4
1170340 1297.3
1170350 1297.3
1170360 1296.0
1170370 1294.8
1170380 1294.8
1170390 1293.9
1170400 1293.4
1170410 1293.4
1170420 1293.1
1170430 1291.3
1170440 1291.3
1170450 1288.5
1170460 1285.9
1170470 1285.9
1170480 1281.1
1170490 1274.6
1170500 1274.6
1170510 1270.0
1170520 1267.2
1170530 1267.2
1170540 1266.7
1170550 1264.2
1170560 1264.2
1170570 1259.9
1170580 1256.3
1170590 1251.4
1170600 1251.4
1170610 1248.4
1170620 1244.7
1170630 1244.7
1170640 1240.5
1170650 1235.4
1170660 1235.4
1170670 1230.4
1170680 1226.0
1170690 1226.0
1170700 1222.8
1170710 1217.1
1170720 1217.1
1170730 1211.0
1170740 1206.9
1170750 1206.9
1170760 1200.9
1170770 1197.1
1170780 1197.1
1170790 1201.7
1170800 1204.9
1170810 1204.9
1170820 1207.1
1170830 1208.1
1170840 1208.1
1170850 1211.8
1170860 1213.6
1170870 1216.5
1170880 1216.5
1170890 1221.5
1170900 1225.6
1170910 1225.6
1170920 1225.1
1170930 1223.1
1170940 1223.1
1170950 1222.2
1170960 1219.5
1170970 1219.5
1170980 1225.4
1170990 1234.1
1171000 1234.1
1171010 1233.1
1171020 1223.6
1171030 1223.6
1171040 1227.1
1171050 1229.7
1171060 1229.7
1171070 1232.5
1171080 1238.1
1171090 1238.1
1171100 1243.7
1171110 1243.4
1171120 1243.6
1171130 1243.6
1171140 1249.0
1171150 1252.0
1171160 1252.0
1171170 1254.3
1171180 1258.3
1171190 1258.3
1171200 1261.5
1171210 1263.9
1171220 1263.9
1171230 1265.5
1171240 1267.6
1171250 1267.6
1171260 1269.3
1171270 1271.3
1171280 1271.3
1171290 1273.2
1171300 1277.4
1171310 1277.4
1171320 1280.3
1171330 1278.1
1171340 1278.1
1171350 1275.7
1171360 1272.9
1171370 1272.9
1171380 1268.1
1171390 1264.8
1171400 1262.5
1171410 1262.5
1171420 1258.3
1171430 1256.1
1171440 1256.1
1171450 1256.6
1171460 1259.3
1171470 1259.3
1171480 1261.5
1171490 1266.0
1171500 1266.0
1171510 1272.2
1171520 1280.4
1171530 1280.4
1171540 1288.5
1171550 1295.6
1171560 1295.6
1171570 1300.7
1171580 1304.3
1171590 1304.3
1171600 1308.2
1171610 1312.1
1171620 1312.1
1171630 1317.3
1171640 1321.5
1171650 1321.5
1171660 1324.5
1171670 1328.5
1171680 1331.6
1171690 1331.6
1171700 1333.8
1171710 1338.5
1171720 1338.5
1171730 1343.6
1171740 1347.5
1171750 1347.5
1171760 1351.4
1171770 1355.3
1171780 1355.3
1171790 1359.4
1171800 1363.8
1171810 1363.8
1171820 1368.4
1171830 1373.6
1171840 1373.6
1171850 1378.4
1171860 1383.2
1171870 1383.2
1171880 1387.3
1171890 1391.3
1171900 1391.3
1171910 1394.9
1171920 1398.1
1171930 1401.2
1171940 1401.2
1171950 1404.9
1171960 1409.0
1171970 1409.0
1171980 1414.1
1171990 1418.7
1172000 1418.7
1172010 1421.8
1172020 1424.4
1172030 1424.4
1172040 1426.8
1172050 1428.7
1172060 1428.7
1172070 1430.0
1172080 1430.7
1172090 1430.7
1172100 1430.9
1172110 1431.1
1172120 1431.1
1172130 1430.4
1172140 1430.4
1172150 1430.4
1172160 1429.5
1172170 1427.7
1172180 1427.7
1172190 1427.2
1172200 1427.8
1172210 1428.7
1172220 1428.7
1172230 1429.0
1172240 1419.5
1172250 1419.5
1172260 1419.0
1172270 1417.2
1172280 1417.2
1172290 1415.2
1172300 1412.0
1172310 1412.0
1172320 1407.7
1172330 1405.1
1172340 1405.1
1172350 1405.6
1172360 1406.9
1172370 1406.9
1172380 1408.0
1172390 1409.6
1172400 1409.6
1172410 1409.8
1172420 1408.7
1172430 1408.7
1172440 1407.8
1172450 1405.4
1172460 1405.4
1172470 1403.1
1172480 1403.1
1172490 1405.5
1172500 1405.5
1172510 1410.5
1172520 1416.9
1172530 1416.9
1172540 1426.3
1172550 1436.8
1172560 1436.8
1172570 1446.3
1172580 1455.0
1172590 1455.0
1172600 1462.7
1172610 1469.8
1172620 1469.8
1172630 1476.5
1172640 1483.0
1172650 1487.9
1172660 1494.9
1172670 1499.6
1172680 1499.6
1172690 1503.9
1172700 1510.9
1172710 1510.9
1172720 1519.8
1172730 1527.7
1172740 1535.3
1172750 1535.3
1172760 1540.4
1172770 1545.7
1172780 1545.7
1172790 1550.8
1172800 1554.8
1172810 1554.8
1172820 1557.5
1172830 1561.8
1172840 1561.8
1172850 1566.8
1172860 1572.9
1172870 1572.9
1172880 1580.1
1172890 1587.5
1172900 1587.5
1172910 1594.2
1172920 1599.7
1172930 1599.7
1172940 1604.3
1172950 1608.2
1172960 1608.2
1172970 1608.6
1172980 1606.5
1172990 1606.5
1173000 1606.8
1173010 1609.0
1173020 1612.7
1173030 1612.7
1173040 1617.8
1173050 1621.4
1173060 1629.7
1173070 1631.7
1173080 1629.8
1173090 1629.8
1173100 1631.0
1173110 1635.1
1173120 1635.1
1173130 1640.0
1173140 1644.6
1173150 1644.6
1173160 1650.2
1173170 1658.3
1173180 1658.3
1173190 1666.2
1173200 1673.3
1173210 1673.3
1173220 1679.7
1173230 1686.0
1173240 1686.0
1173250 1692.7
1173260 1700.0
1173270 1700.0
1173280 1708.3
1173290 1715.7
1173300 1723.2
1173310 1723.2
1173320 1731.4
1173330 1740.3
1173340 1740.3
1173350 1747.8
1173360 1752.6
1173370 1752.6
1173380 1754.5
1173390 1756.2
1173400 1756.2
1173410 1759.3
1173420 1764.3
1173430 1764.3
1173440 1771.4
1173450 1778.5
1173460 1778.5
1173470 1787.9
1173480 1793.4
1173490 1793.4
1173500 1798.9
1173510 1804.9
1173520 1804.9
1173530 1811.8
1173540 1818.3
1173550 1824.3
1173560 1824.3
1173570 1831.0
1173580 1838.2
1173590 1838.2
1173600 1845.6
1173610 1854.1
1173620 1854.1
1173630 1862.7
1173640 1870.4
1173650 1870.4
1173660 1877.8
1173670 1884.9
1173680 1884.9
1173690 1891.7
1173700 1898.0
1173710 1898.0
1173720 1903.9
1173730 1909.9
1173740 1909.9
1173750 1916.6
1173760 1925.2
1173770 1925.2
1173780 1933.9
1173790 1942.1
1173800 1942.1
1173810 1949.9
1173820 1957.3
1173830 1964.5
1173840 1964.5
1173850 1971.5
1173860 1978.8
1173870 1979.7
1173880 1986.5
1173890 1993.4
1173900 1993.4
1173910 2000.1
1173920 2006.9
1173930 2006.9
1173940 2014.8
1173950 2022.0
1173960 2022.0
1173970 2030.9
1173980 2038.1
1173990 2038.1
1174000 2045.2
1174010 2050.9
1174020 2050.9
1174030 2054.7
1174040 2056.4
1174050 2056.4
1174060 2057.6
1174070 2060.1
1174080 2060.1
1174090 2063.0
1174100 2065.9
1174110 2068.2
1174120 2068.2
1174130 2070.4
1174140 2073.0
1174150 2073.0
1174160 2075.4
1174170 2077.2
1174180 2077.2
1174190 2079.0
1174200 2080.1
1174210 2080.1
1174220 2080.4
1174230 2081.2
1174240 2081.2
1174250 2081.7
1174260 2082.1
1174270 2082.1
1174280 2075.4
1174290 2076.8
1174300 2076.8
1174310 2077.6
1174320 2078.5
1174330 2078.5
1174340 2079.5
1174350 2079.7
1174360 2079.7
1174370 2078.9
1174380 2078.3
1174390 2078.1
1174400 2078.1
1174410 2078.4
1174420 2079.8
1174430 2079.8
1174440 2080.4
1174450 2080.0
1174460 2080.0
1174470 2077.1
1174480 2074.0
1174490 2074.0
1174500 2071.4
1174510 2068.8
1174520 2068.8
1174530 2064.7
1174540 2060.6
1174550 2060.6
1174560 2057.5
1174570 2054.2
1174580 2054.2
1174590 2052.2
1174600 2052.0
1174610 2052.0
1174620 2051.8
1174630 2053.1
1174640 2055.0
1174650 2055.0
1174660 2054.5
1174670 2053.8
1174680 2053.8
1174690 2053.3
1174700 2045.3
1174710 2045.3
1174720 2043.9
1174730 2042.8
1174740 2042.8
1174750 2041.0
1174760 2038.9
1174770 2038.9
1174780 2036.6
1174790 2034.7
1174800 2034.7
1174810 2031.9
1174820 2030.2
1174830 2030.2
1174840 2027.4
1174850 2024.8
1174860 2024.8
1174870 2020.8
1174880 2017.4
1174890 2017.4
1174900 2014.3
1174910 2012.3
1174920 2011.5
1174930 2011.5
1174940 2009.6
1174950 2002.6
1174960 2002.6
1174970 1994.7
1174980 1988.1
1174990 1988.1
1175000 1982.3
1175010 1976.5
1175020 1976.5
1175030 1971.4
1175040 1969.9
1175050 1969.9
1175060 1970.3
1175070 1974.9
1175080 1974.9
1175090 1980.8
1175100 1985.5
1175110 1979.2
1175120 1981.7
1175130 1978.6
1175140 1978.6
1175150 1974.9
1175160 1975.9
1175170 1975.9
1175180 1981.7
1175190 1988.3
1175200 1995.7
1175210 1995.7
1175220 2004.0
1175230 2010.7
1175240 2010.7
1175250 2016.0
1175260 2021.0
1175270 2021.0
1175280 2026.2
1175290 2031.3
1175300 2031.3
1175310 2036.9
1175320 2042.4
1175330 2042.4
1175340 2047.3
1175350 2052.4
1175360 2052.4
1175370 2057.2
1175380 2061.3
1175390 2061.3
1175400 2065.4
1175410 2069.9
1175420 2069.9
1175430 2074.6
1175440 2079.6
1175450 2084.7
1175460 2084.7
1175470 2089.8
1175480 2094.9
1175490 2094.9
1175500 2099.8
1175510 2104.0
1175520 2100.8
1175530 2104.6
1175540 2107.9
1175550 2107.9
1175560 2111.0
1175570 2113.7
1175580 2113.7
1175590 2116.3
1175600 2118.3
1175610 2118.3
1175620 2119.5
1175630 2120.6
1175640 2120.6
1175650 2121.6
1175660 2122.2
1175670 2122.2
1175680 2122.8
1175690 2122.2
1175700 2122.2
1175710 2124.6
1175720 2127.8
1175730 2129.8
1175740 2129.8
1175750 2131.1
1175760 2133.1
1175770 2133.1
1175780 2136.0
1175790 2139.6
1175800 2139.6
1175810 2144.1
1175820 2148.7
1175830 2148.7
1175840 2153.9
1175850 2159.1
1175860 2159.1
1175870 2164.0
1175880 2168.9
1175890 2168.9
1175900 2173.9
1175910 2178.0
1175920 2178.0
1175930 2173.1
1175940 2175.2
1175950 2175.2
1175960 2177.6
1175970 2179.8
1175980 2179.8
1175990 2182.0
1176000 2185.4
1176010 2189.1
1176020 2189.1
1176030 2192.2
1176040 2195.8
1176050 2195.8
1176060 2199.9
1176070 2204.0
1176080 2204.0
1176090 2208.6
1176100 2213.5
1176110 2213.5
1176120 2218.3
1176130 2223.7
1176140 2223.7
1176150 2229.8
1176160 2235.7
1176170 2235.7
1176180 2241.1
1176190 2245.6
1176200 2245.6
1176210 2250.8
1176220 2255.6
1176230 2255.6
1176240 2256.9
1176250 2252.0
1176260 2243.1
1176270 2243.1
1176280 2238.5
1176290 2235.3
1176300 2235.3
1176310 2234.8
1176320 2234.1
1176330 2234.1
1176340 2242.0
1176350 2240.4
1176360 2240.4
1176370 2239.0
1176380 2236.9
1176390 2236.9
1176400 2235.3
1176410 2233.6
1176420 2233.6
1176430 2231.5
1176440 2230.4
1176450 2230.4
1176460 2230.8
1176470 2232.7
1176480 2232.7
1176490 2233.9
1176500 2235.5
1176510 2235.5
1176520 2234.5
1176530 2238.3
1176540 2242.2
1176550 2242.2
1176560 2246.7
1176570 2252.9
1176580 2252.9
1176590 2252.1
1176600 2251.8
1176610 2251.8
1176620 2256.0
1176630 2261.4
1176640 2261.4
1176650 2269.5
1176660 2283.0
1176670 2283.0
1176680 2302.0
1176690 2317.5
1176700 2317.5
1176710 2330.3
1176720 2334.6
1176730 2334.6
1176740 2337.5
1176750 2339.2
1176760 2330.8
1176770 2328.5
1176780 2325.6
1176790 2322.8
1176800 2322.8
1176810 2321.6
1176820 2318.7
1176830 2318.7
1176840 2314.8
1176850 2311.6
1176860 2311.6
1176870 2309.3
1176880 2307.2
1176890 2307.2
1176900 2305.9
1176910 2307.5
1176920 2307.5
1176930 2309.8
1176940 2305.1
1176950 2305.1
1176960 2297.9
1176970 2298.9
1176980 2298.9
1176990 2292.9
1177000 2288.6
1177010 2288.6
1177020 2287.1
1177030 2283.0
1177040 2283.0
1177050 2276.1
1177060 2262.7
1177070 2242.9
1177080 2242.9
1177090 2224.0
1177100 2202.2
1177110 2202.2
1177120 2190.7
1177130 2181.1
1177140 2181.1
1177150 2173.0
1177160 2165.4
1177170 2165.8
1177180 2157.9
1177190 2150.1
1177200 2150.1
1177210 2142.5
1177220 2134.8
1177230 2134.8
1177240 2126.9
1177250 2119.9
1177260 2119.9
1177270 2113.5
1177280 2107.2
1177290 2107.2
1177300 2100.9
1177310 2095.4
1177320 2095.4
1177330 2090.5
1177340 2086.2
1177350 2080.9
1177360 2080.9
1177370 2072.9
1177380 2066.3
1177390 2066.3
1177400 2060.8
1177410 2058.8
1177420 2058.8
1177430 2055.1
1177440 2047.3
1177450 2047.3
1177460 2039.6
1177470 2032.2
1177480 2032.2
1177490 2025.2
1177500 2018.5
1177510 2018.5
1177520 2011.6
1177530 2005.4
1177540 2005.4
1177550 2000.6
1177560 1994.7
1177570 1994.7
1177580 1983.3
1177590 1977.1
1177600 1970.8
1177610 1970.8
1177620 1966.9
1177630 1967.0
1177640 1967.0
1177650 1964.8
1177660 1962.1
1177670 1962.1
1177680 1958.7
1177690 1942.6
1177700 1942.6
1177710 1927.7
1177720 1915.2
1177730 1915.2
1177740 1901.5
1177750 1891.9
1177760 1891.9
1177770 1883.2
1177780 1875.2
1177790 1875.2
1177800 1868.6
1177810 1862.6
1177820 1862.6
1177830 1856.4
1177840 1851.7
1177850 1851.7
1177860 1847.6
1177870 1843.2
1177880 1838.9
1177890 1838.9
1177900 1834.0
1177910 1829.6
1177920 1829.6
1177930 1825.2
1177940 1820.9
1177950 1820.9
1177960 1817.0
1177970 1813.1
1177980 1813.1
1177990 1809.4
1178000 1801.9
1178010 1801.9
1178020 1800.3
1178030 1799.4
1178040 1799.4
1178050 1798.9
1178060 1799.1
1178070 1799.1
1178080 1799.9
1178090 1800.9
1178100 1800.9
1178110 1802.3
1178120 1804.8
1178130 1804.8
1178140 1805.8
1178150 1802.6
1178160 1798.6
1178170 1798.6
1178180 1794.5
1178190 1790.0
1178200 1790.0
1178210 1787.7
1178220 1785.9
1178230 1785.9
1178240 1782.4
1178250 1775.1
1178260 1775.1
1178270 1767.9
1178280 1762.4
1178290 1762.4
1178300 1757.5
1178310 1755.2
1178320 1755.2
1178330 1752.2
1178340 1745.1
1178350 1745.1
1178360 1737.2
1178370 1730.7
1178380 1730.7
1178390 1725.0
1178400 1718.9
1178410 1709.1
1178420 1709.1
1178430 1703.5
1178440 1698.5
1178450 1698.5
1178460 1694.4
1178470 1690.8
1178480 1690.8
1178490 1687.5
1178500 1684.0
1178510 1684.0
1178520 1679.8
1178530 1675.6
1178540 1675.6
1178550 1672.2
1178560 1670.4
1178570 1670.4
1178580 1670.1
1178590 1669.2
1178600 1669.2
1178610 1667.9
1178620 1661.9
1178630 1661.9
1178640 1653.6
1178650 1645.0
1178660 1645.0
1178670 1639.5
1178680 1636.7
1178690 1633.3
1178700 1633.3
1178710 1633.4
1178720 1638.1
1178730 1638.1
1178740 1640.9
1178750 1644.5
1178760 1644.5
1178770 1645.6
1178780 1644.6
1178790 1644.6
1178800 1643.0
1178810 1641.4
1178820 1641.4
1178830 1633.0
1178840 1629.7
1178850 1629.7
1178860 1625.6
1178870 1621.3
1178880 1621.3
1178890 1617.9
1178900 1613.8
1178910 1613.8
1178920 1609.0
1178930 1605.1
1178940 1605.1
1178950 1601.8
1178960 1597.6
1178970 1591.8
1178980 1591.8
1178990 1587.4
1179000 1583.3
1179010 1583.3
1179020 1578.7
1179030 1574.1
1179040 1574.1
1179050 1569.4
1179060 1563.8
1179070 1563.8
1179080 1558.4
1179090 1552.2
1179100 1552.2
1179110 1545.1
1179120 1539.1
1179130 1539.1
1179140 1533.1
1179150 1527.9
1179160 1527.9
1179170 1523.4
1179180 1519.1
1179190 1519.1
1179200 1514.4
1179210 1509.4
1179220 1503.6
1179230 1503.6
1179240 1497.5
1179250 1485.1
1179260 1485.1
1179270 1479.1
1179280 1473.2
1179290 1473.2
1179300 1468.4
1179310 1465.7
1179320 1465.7
1179330 1464.1
1179340 1462.4
1179350 1462.4
1179360 1461.2
1179370 1459.9
1179380 1459.9
1179390 1458.0
1179400 1456.3
1179410 1456.3
1179420 1454.4
1179430 1453.1
1179440 1453.1
1179450 1451.6
1179460 1450.2
1179470 1450.2
1179480 1448.4
1179490 1447.1
1179500 1445.7
1179510 1445.7
1179520 1444.1
1179530 1442.4
1179540 1442.4
1179550 1440.6
1179560 1438.5
1179570 1438.5
1179580 1436.7
1179590 1434.9
1179600 1434.9
1179610 1432.8
1179620 1430.6
1179630 1430.6
1179640 1428.5
1179650 1426.6
1179660 1426.1
1179670 1424.1
1179680 1422.2
1179690 1422.2
1179700 1420.2
1179710 1418.2
1179720 1418.2
1179730 1416.0
1179740 1413.9
1179750 1413.9
1179760 1411.8
1179770 1409.6
1179780 1407.7
1179790 1407.7
1179800 1405.6
1179810 1403.6
1179820 1403.6
1179830 1401.8
1179840 1399.9
1179850 1399.9
1179860 1397.9
1179870 1396.2
1179880 1396.2
1179890 1394.2
1179900 1392.3
1179910 1392.3
1179920 1390.7
1179930 1389.2
1179940 1389.2
1179950 1387.5
1179960 1385.6
1179970 1385.6
1179980 1383.6
1179990 1381.5
