1160000 1047.5
1160010 1047.5
1160020 1047.7
1160030 1047.5
1160040 1047.5
1160050 1047.5
1160060 1047.4
1160070 1047.4
1160080 1047.3
1160090 1047.2
1160100 1047.2
1160110 1047.0
1160120 1046.9
1160130 1046.9
1160140 1046.7
1160150 1046.6
1160160 1046.6
1160170 1046.5
1160180 1046.3
1160190 1046.3
1160200 1046.5
1160210 1046.9
1160220 1046.9
1160230 1046.6
1160240 1046.6
1160250 1046.6
1160260 1046.1
1160270 1045.8
1160280 1045.8
1160290 1045.8
1160300 1045.8
1160310 1045.7
1160320 1045.7
1160330 1045.6
1160340 1045.7
1160350 1045.7
1160360 1045.6
1160370 1045.3
1160380 1045.3
1160390 1045.2
1160400 1045.9
1160410 1045.9
1160420 1049.3
1160430 1054.8
1160440 1054.8
1160450 1060.8
1160460 1067.8
1160470 1067.8
1160480 1073.0
1160490 1074.4
1160500 1074.4
1160510 1075.1
1160520 1073.9
1160530 1073.9
1160540 1073.3
1160550 1075.5
1160560 1075.5
1160570 1080.8
1160580 1086.6
1160590 1091.6
1160600 1097.5
1160610 1101.0
1160620 1103.1
1160630 1103.1
1160640 1104.5
1160650 1108.6
1160660 1108.6
1160670 1113.1
1160680 1117.3
1160690 1117.3
1160700 1122.6
1160710 1127.5
1160720 1127.5
1160730 1130.9
1160740 1132.9
1160750 1132.9
1160760 1134.0
1160770 1131.8
1160780 1131.8
1160790 1132.1
1160800 1134.3
1160810 1134.3
1160820 1137.1
1160830 1141.1
1160840 1146.7
1160850 1146.7
1160860 1152.7
1160870 1158.8
1160880 1158.8
1160890 1164.6
1160900 1170.5
1160910 1170.5
1160920 1175.9
1160930 1180.7
1160940 1180.7
1160950 1185.4
1160960 1190.8
1160970 1190.8
1160980 1196.4
1160990 1200.2
1161000 1202.3
1161010 1199.7
1161020 1194.5
1161030 1194.5
1161040 1189.1
1161050 1187.5
1161060 1187.5
1161070 1188.3
1161080 1191.1
1161090 1191.1
1161100 1195.0
1161110 1197.7
1161120 1200.8
1161130 1200.8
1161140 1206.1
1161150 1212.3
1161160 1212.3
1161170 1218.0
1161180 1224.1
1161190 1224.1
1161200 1229.4
1161210 1234.0
1161220 1234.0
1161230 1240.1
1161240 1247.1
1161250 1247.1
1161260 1253.5
1161270 1258.3
1161280 1258.3
1161290 1263.4
1161300 1267.3
1161310 1267.3
1161320 1272.3
1161330 1278.9
1161340 1278.9
1161350 1286.1
1161360 1292.8
1161370 1292.8
1161380 1298.9
1161390 1308.8
1161400 1316.0
1161410 1316.0
1161420 1323.5
1161430 1331.8
1161440 1331.8
1161450 1340.2
1161460 1349.5
1161470 1349.5
1161480 1360.6
1161490 1368.5
1161500 1368.5
1161510 1373.8
1161520 1380.6
1161530 1380.6
1161540 1391.6
1161550 1403.1
1161560 1403.1
1161570 1411.1
1161580 1413.7
1161590 1413.7
1161600 1416.1
1161610 1419.2
1161620 1419.2
1161630 1421.9
1161640 1425.0
1161650 1427.5
1161660 1427.5
1161670 1429.9
1161680 1432.5
1161690 1432.5
1161700 1435.5
1161710 1438.9
1161720 1438.9
1161730 1442.4
1161740 1446.2
1161750 1446.2
1161760 1450.2
1161770 1454.3
1161780 1454.3
1161790 1465.2
1161800 1470.3
1161810 1470.3
1161820 1476.2
1161830 1483.3
1161840 1483.3
1161850 1490.6
1161860 1496.9
1161870 1496.9
1161880 1502.7
1161890 1508.2
1161900 1508.2
1161910 1514.2
1161920 1520.6
1161930 1527.3
1161940 1527.3
1161950 1532.1
1161960 1535.9
1161970 1535.9
1161980 1539.5
1161990 1542.8
1162000 1542.8
1162010 1546.3
1162020 1549.5
1162030 1549.5
1162040 1553.0
1162050 1557.8
1162060 1557.8
1162070 1564.7
1162080 1572.1
1162090 1572.1
1162100 1578.9
1162110 1585.3
1162120 1585.3
1162130 1591.5
1162140 1598.1
1162150 1598.1
1162160 1604.6
1162170 1611.0
1162180 1619.2
1162190 1623.0
1162200 1626.4
1162210 1630.2
1162220 1630.2
1162230 1634.1
1162240 1638.7
1162250 1638.7
1162260 1641.3
1162270 1643.4
1162280 1643.4
1162290 1644.9
1162300 1648.7
1162310 1648.7
1162320 1653.7
1162330 1658.6
1162340 1658.6
1162350 1664.1
1162360 1669.1
1162370 1669.1
1162380 1674.8
1162390 1680.8
1162400 1680.8
1162410 1687.2
1162420 1692.6
1162430 1692.6
1162440 1698.5
1162450 1705.4
1162460 1713.3
1162470 1713.3
1162480 1721.0
1162490 1726.1
1162500 1726.1
1162510 1730.9
1162520 1736.9
1162530 1736.9
1162540 1743.4
1162550 1750.0
1162560 1750.0
1162570 1756.2
1162580 1769.3
1162590 1769.3
1162600 1776.4
1162610 1777.1
1162620 1777.1
1162630 1777.4
1162640 1780.0
1162650 1780.0
1162660 1783.8
1162670 1786.8
1162680 1786.8
1162690 1786.9
1162700 1792.6
1162710 1792.6
1162720 1797.0
1162730 1799.7
1162740 1803.7
1162750 1803.7
1162760 1809.2
1162770 1816.5
1162780 1816.5
1162790 1825.2
1162800 1832.3
1162810 1832.3
1162820 1837.3
1162830 1839.0
1162840 1839.0
1162850 1842.3
1162860 1847.0
1162870 1847.0
1162880 1851.3
1162890 1853.7
1162900 1853.7
1162910 1855.4
1162920 1859.7
1162930 1859.7
1162940 1860.5
1162950 1861.2
1162960 1861.2
1162970 1866.6
1162980 1868.7
1162990 1868.7
1163000 1870.5
1163010 1872.8
1163020 1873.6
1163030 1873.6
1163040 1875.0
1163050 1876.9
1163060 1876.9
1163070 1878.5
1163080 1880.7
1163090 1880.7
1163100 1883.4
1163110 1886.0
1163120 1886.0
1163130 1887.5
1163140 1884.9
1163150 1884.9
1163160 1878.7
1163170 1873.1
1163180 1873.1
1163190 1868.8
1163200 1865.1
1163210 1865.1
1163220 1858.9
1163230 1850.8
1163240 1850.8
1163250 1842.5
1163260 1834.5
1163270 1827.1
1163280 1827.1
1163290 1820.4
1163300 1814.2
1163310 1814.2
1163320 1808.1
1163330 1802.7
1163340 1802.7
1163350 1798.3
1163360 1793.4
1163370 1785.9
1163380 1782.0
1163390 1777.2
1163400 1777.2
1163410 1772.4
1163420 1766.6
1163430 1766.6
1163440 1760.4
1163450 1753.1
1163460 1753.1
1163470 1745.5
1163480 1738.7
1163490 1738.7
1163500 1732.5
1163510 1724.9
1163520 1724.9
1163530 1716.6
1163540 1709.8
1163550 1701.7
1163560 1701.7
1163570 1693.0
1163580 1686.1
1163590 1686.1
1163600 1679.1
1163610 1670.3
1163620 1670.3
1163630 1663.9
1163640 1658.8
1163650 1658.8
1163660 1653.2
1163670 1648.7
1163680 1648.7
1163690 1642.3
1163700 1635.4
1163710 1635.4
1163720 1629.4
1163730 1623.4
1163740 1623.4
1163750 1618.3
1163760 1610.5
1163770 1610.5
1163780 1603.7
1163790 1599.6
1163800 1599.6
1163810 1598.2
1163820 1600.6
1163830 1602.6
1163840 1602.6
1163850 1597.4
1163860 1586.1
1163870 1586.1
1163880 1576.7
1163890 1576.6
1163900 1576.6
1163910 1578.3
1163920 1582.3
1163930 1582.3
1163940 1584.8
1163950 1583.1
1163960 1583.1
1163970 1579.1
1163980 1574.9
1163990 1574.9
1164000 1570.3
1164010 1565.7
1164020 1565.7
1164030 1560.0
1164040 1556.7
1164050 1556.7
1164060 1554.8
1164070 1545.1
1164080 1531.1
1164090 1531.1
1164100 1520.0
1164110 1505.7
1164120 1505.7
1164130 1499.5
1164140 1497.9
1164150 1497.9
1164160 1504.2
1164170 1509.7
1164180 1509.7
1164190 1511.5
1164200 1509.3
1164210 1509.3
1164220 1505.4
1164230 1500.4
1164240 1500.4
1164250 1496.3
1164260 1490.4
1164270 1490.4
1164280 1483.5
1164290 1475.2
1164300 1475.2
1164310 1466.7
1164320 1459.9
1164330 1459.9
1164340 1458.7
1164350 1457.9
1164360 1456.1
1164370 1456.1
1164380 1450.9
1164390 1446.4
1164400 1446.4
1164410 1444.2
1164420 1439.6
1164430 1439.6
1164440 1435.6
1164450 1430.6
1164460 1430.6
1164470 1423.9
1164480 1416.1
1164490 1416.1
1164500 1407.3
1164510 1399.5
1164520 1399.5
1164530 1399.3
1164540 1399.9
1164550 1399.9
1164560 1407.3
1164570 1402.9
1164580 1402.9
1164590 1397.6
1164600 1393.8
1164610 1393.8
1164620 1388.4
1164630 1381.6
1164640 1375.0
1164650 1375.0
1164660 1370.9
1164670 1370.1
1164680 1370.1
1164690 1365.8
1164700 1360.1
1164710 1360.1
1164720 1354.8
1164730 1348.6
1164740 1348.6
1164750 1341.7
1164760 1336.6
1164770 1336.6
1164780 1330.1
1164790 1322.9
1164800 1322.9
1164810 1316.2
1164820 1312.1
1164830 1312.1
1164840 1306.3
1164850 1299.1
1164860 1299.1
1164870 1291.7
1164880 1283.5
1164890 1275.9
1164900 1275.9
1164910 1270.7
1164920 1271.5
1164930 1271.5
1164940 1275.0
1164950 1281.7
1164960 1278.1
1164970 1285.2
1164980 1292.2
1164990 1292.2
1165000 1300.3
1165010 1307.6
1165020 1307.6
1165030 1313.6
1165040 1319.9
1165050 1319.9
1165060 1325.8
1165070 1332.2
1165080 1332.2
1165090 1339.0
1165100 1345.7
1165110 1345.7
1165120 1352.8
1165130 1359.9
1165140 1359.9
1165150 1367.5
1165160 1375.8
1165170 1382.4
1165180 1382.4
1165190 1387.9
1165200 1393.3
1165210 1393.3
1165220 1398.6
1165230 1404.6
1165240 1404.6
1165250 1410.6
1165260 1416.8
1165270 1416.8
1165280 1422.7
1165290 1428.5
1165300 1428.5
1165310 1434.5
1165320 1440.2
1165330 1440.2
1165340 1446.1
1165350 1451.8
1165360 1452.8
1165370 1458.5
1165380 1464.5
1165390 1464.5
1165400 1470.4
1165410 1476.6
1165420 1476.6
1165430 1482.7
1165440 1488.6
1165450 1494.8
1165460 1494.8
1165470 1501.2
1165480 1507.5
1165490 1507.5
1165500 1513.9
1165510 1519.8
1165520 1519.8
1165530 1525.6
1165540 1531.3
1165550 1531.3
1165560 1537.1
1165570 1543.3
1165580 1543.3
1165590 1550.0
1165600 1557.3
1165610 1557.3
1165620 1564.8
1165630 1572.6
1165640 1572.6
1165650 1580.5
1165660 1588.6
1165670 1588.6
1165680 1597.8
1165690 1609.0
1165700 1617.2
1165710 1617.2
1165720 1624.4
1165730 1632.5
1165740 1632.5
1165750 1648.7
1165760 1654.6
1165770 1654.6
1165780 1661.1
1165790 1668.7
1165800 1668.7
1165810 1676.2
1165820 1686.1
1165830 1686.1
1165840 1698.1
1165850 1709.4
1165860 1709.4
1165870 1717.3
1165880 1725.2
1165890 1725.2
1165900 1733.8
1165910 1740.6
1165920 1740.6
1165930 1746.7
1165940 1757.6
1165950 1757.6
1165960 1770.1
1165970 1777.5
1165980 1783.7
1165990 1783.7
1166000 1790.0
1166010 1795.8
1166020 1795.8
1166030 1798.4
1166040 1803.5
1166050 1803.5
1166060 1805.2
1166070 1807.7
1166080 1807.7
1166090 1806.7
1166100 1809.9
1166110 1809.9
1166120 1811.7
1166130 1808.3
1166140 1808.3
1166150 1814.6
1166160 1815.7
1166170 1815.7
1166180 1818.1
1166190 1821.8
1166200 1821.8
1166210 1827.8
1166220 1834.7
1166230 1834.7
1166240 1842.5
1166250 1849.4
1166260 1854.5
1166270 1854.5
1166280 1860.2
1166290 1861.4
1166300 1861.4
1166310 1861.5
1166320 1864.6
1166330 1864.6
1166340 1870.4
1166350 1875.6
1166360 1875.6
1166370 1881.5
1166380 1886.9
1166390 1886.9
1166400 1891.6
1166410 1899.9
1166420 1899.9
1166430 1911.3
1166440 1922.6
1166450 1922.6
1166460 1933.7
1166470 1943.9
1166480 1943.9
1166490 1941.0
1166500 1939.8
1166510 1943.5
1166520 1943.5
1166530 1954.5
1166540 1958.1
1166550 1967.1
1166560 1972.2
1166570 1978.6
1166580 1978.6
1166590 1979.1
1166600 1984.8
1166610 1984.8
1166620 1992.9
1166630 2001.9
1166640 2001.9
1166650 2009.0
1166660 2014.3
1166670 2014.3
1166680 2017.4
1166690 2021.4
1166700 2021.4
1166710 2028.2
1166720 2037.0
1166730 2037.0
1166740 2044.0
1166750 2052.8
1166760 2052.8
1166770 2060.3
1166780 2066.3
1166790 2075.0
1166800 2075.0
1166810 2088.7
1166820 2103.9
1166830 2103.9
1166840 2113.2
1166850 2122.1
1166860 2122.1
1166870 2129.8
1166880 2136.8
1166890 2136.8
1166900 2142.3
1166910 2147.2
1166920 2147.2
1166930 2150.3
1166940 2156.0
1166950 2162.1
1166960 2167.0
1166970 2173.4
1166980 2173.4
1166990 2177.8
1167000 2184.6
1167010 2184.6
1167020 2190.4
1167030 2197.5
1167040 2197.5
1167050 2202.5
1167060 2206.0
1167070 2211.9
1167080 2211.9
1167090 2218.0
1167100 2223.2
1167110 2223.2
1167120 2230.7
1167130 2238.5
1167140 2238.5
1167150 2246.5
1167160 2254.8
1167170 2254.8
1167180 2261.7
1167190 2266.7
1167200 2266.7
1167210 2271.3
1167220 2279.1
1167230 2279.1
1167240 2288.2
1167250 2296.7
1167260 2296.7
1167270 2305.5
1167280 2315.0
1167290 2315.0
1167300 2315.7
1167310 2307.3
1167320 2307.3
1167330 2295.7
1167340 2285.4
1167350 2283.4
1167360 2300.3
1167370 2295.9
1167380 2293.1
1167390 2293.1
1167400 2292.6
1167410 2306.7
1167420 2306.7
1167430 2313.8
1167440 2312.5
1167450 2312.5
1167460 2305.5
1167470 2301.6
1167480 2301.6
1167490 2298.1
1167500 2292.1
1167510 2292.1
1167520 2287.3
1167530 2284.7
1167540 2284.7
1167550 2278.2
1167560 2278.1
1167570 2278.1
1167580 2274.2
1167590 2265.0
1167600 2255.5
1167610 2255.5
1167620 2252.4
1167630 2248.9
1167640 2248.9
1167650 2248.4
1167660 2257.3
1167670 2257.3
1167680 2265.2
1167690 2272.0
1167700 2272.0
1167710 2279.4
1167720 2279.1
1167730 2279.1
1167740 2271.5
1167750 2267.0
1167760 2285.9
1167770 2278.9
1167780 2268.3
1167790 2268.3
1167800 2261.3
1167810 2255.0
1167820 2255.0
1167830 2256.9
1167840 2249.5
1167850 2249.5
1167860 2241.4
1167870 2236.6
1167880 2223.1
1167890 2223.1
1167900 2206.0
1167910 2190.3
1167920 2190.3
1167930 2173.8
1167940 2160.7
1167950 2160.7
1167960 2151.2
1167970 2143.3
1167980 2143.3
1167990 2135.4
1168000 2123.2
1168010 2123.2
1168020 2113.1
1168030 2106.5
1168040 2106.5
1168050 2100.3
1168060 2094.0
1168070 2094.0
1168080 2087.2
1168090 2078.1
1168100 2078.1
1168110 2067.2
1168120 2062.8
1168130 2062.8
1168140 2063.6
1168150 2057.7
1168160 2037.0
1168170 2037.0
1168180 2020.5
1168190 2007.2
1168200 2007.2
1168210 1997.8
1168220 1991.2
1168230 1991.2
1168240 1984.5
1168250 1978.0
1168260 1978.0
1168270 1971.6
1168280 1965.6
1168290 1965.6
1168300 1960.1
1168310 1955.0
1168320 1955.0
1168330 1950.2
1168340 1945.7
1168350 1945.7
1168360 1941.5
1168370 1937.7
1168380 1937.7
1168390 1933.5
1168400 1929.5
1168410 1925.0
1168420 1925.0
1168430 1920.7
1168440 1916.2
1168450 1916.2
1168460 1911.5
1168470 1907.0
1168480 1907.0
1168490 1902.7
1168500 1898.6
1168510 1898.6
1168520 1894.4
1168530 1890.4
1168540 1890.4
1168550 1886.7
1168560 1883.2
1168570 1883.2
1168580 1879.4
1168590 1876.1
1168600 1876.1
1168610 1873.3
1168620 1869.9
1168630 1869.9
1168640 1866.5
1168650 1862.5
1168660 1862.5
1168670 1864.6
1168680 1864.8
1168690 1861.9
1168700 1861.9
1168710 1855.6
1168720 1848.2
1168730 1848.2
1168740 1840.4
1168750 1832.8
1168760 1832.8
1168770 1825.6
1168780 1818.3
1168790 1818.3
1168800 1811.1
1168810 1803.7
1168820 1803.7
1168830 1796.5
1168840 1789.1
1168850 1789.1
1168860 1782.0
1168870 1774.3
1168880 1774.3
1168890 1766.2
1168900 1758.5
1168910 1758.5
1168920 1750.8
1168930 1743.0
1168940 1743.0
1168950 1735.5
1168960 1732.6
1168970 1739.4
1168980 1739.4
1168990 1735.1
1169000 1735.1
1169010 1735.1
1169020 1736.6
1169030 1740.6
1169040 1740.6
1169050 1744.5
1169060 1749.7
1169070 1749.7
1169080 1750.8
1169090 1750.9
1169100 1750.9
1169110 1754.9
1169120 1756.7
1169130 1756.7
1169140 1755.8
1169150 1751.7
1169160 1751.7
1169170 1747.4
1169180 1742.6
1169190 1742.6
1169200 1737.3
1169210 1732.5
1169220 1728.9
1169230 1728.9
1169240 1724.9
1169250 1723.3
1169260 1723.3
1169270 1727.2
1169280 1727.9
1169290 1727.9
1169300 1728.2
1169310 1728.4
1169320 1728.4
1169330 1726.8
1169340 1723.1
1169350 1723.1
1169360 1719.1
1169370 1718.9
1169380 1718.9
1169390 1715.1
1169400 1711.3
1169410 1711.3
1169420 1706.6
1169430 1702.1
1169440 1702.1
1169450 1698.2
1169460 1694.0
1169470 1694.0
1169480 1689.8
1169490 1685.6
1169500 1681.7
1169510 1681.7
1169520 1678.2
1169530 1674.4
1169540 1674.4
1169550 1669.9
1169560 1666.0
1169570 1666.0
1169580 1664.6
1169590 1663.9
1169600 1663.9
1169610 1660.6
1169620 1656.2
1169630 1656.2
1169640 1650.3
1169650 1645.4
1169660 1645.4
1169670 1641.1
1169680 1637.1
1169690 1637.1
1169700 1633.1
1169710 1628.8
1169720 1628.8
1169730 1623.4
1169740 1618.6
1169750 1618.6
1169760 1614.1
1169770 1609.7
1169780 1604.3
1169790 1604.3
1169800 1599.1
1169810 1593.6
1169820 1593.6
1169830 1588.3
1169840 1582.9
1169850 1582.9
1169860 1576.3
1169870 1569.2
1169880 1569.2
1169890 1562.0
1169900 1554.3
1169910 1554.3
1169920 1547.3
1169930 1540.5
1169940 1540.5
1169950 1533.8
1169960 1527.5
1169970 1527.5
1169980 1520.5
1169990 1512.6
1170000 1512.6
1170010 1502.8
1170020 1488.1
1170030 1476.1
1170040 1476.1
1170050 1473.4
1170060 1470.3
1170070 1470.3
1170080 1460.8
1170090 1444.0
1170100 1444.0
1170110 1431.8
1170120 1421.7
1170130 1421.7
1170140 1416.2
1170150 1432.8
1170160 1432.8
1170170 1444.2
1170180 1464.5
1170190 1464.5
1170200 1460.6
1170210 1455.0
1170220 1455.0
1170230 1450.3
1170240 1445.7
1170250 1445.7
1170260 1441.0
1170270 1436.7
1170280 1436.7
1170290 1432.3
1170300 1427.2
1170310 1422.3
1170320 1422.3
1170330 1419.0
1170340 1415.8
1170350 1415.8
1170360 1410.7
1170370 1405.7
1170380 1405.7
1170390 1401.0
1170400 1396.3
1170410 1396.3
1170420 1392.5
1170430 1390.7
1170440 1390.7
1170450 1388.7
1170460 1385.2
1170470 1385.2
1170480 1380.4
1170490 1374.2
1170500 1374.2
1170510 1368.3
1170520 1362.3
1170530 1362.3
1170540 1357.1
1170550 1355.9
1170560 1355.9
1170570 1354.1
1170580 1356.0
1170590 1352.0
1170600 1352.0
1170610 1347.7
1170620 1342.9
1170630 1342.9
1170640 1337.9
1170650 1332.3
1170660 1332.3
1170670 1326.0
1170680 1320.9
1170690 1320.9
1170700 1315.9
1170710 1310.9
1170720 1310.9
1170730 1309.7
1170740 1312.0
1170750 1312.0
1170760 1310.6
1170770 1308.4
1170780 1308.4
1170790 1306.0
1170800 1304.1
1170810 1304.1
1170820 1302.6
1170830 1300.8
1170840 1299.1
1170850 1299.1
1170860 1297.8
1170870 1298.0
1170880 1298.0
1170890 1294.9
1170900 1291.7
1170910 1291.7
1170920 1288.5
1170930 1287.1
1170940 1287.1
1170950 1286.3
1170960 1284.1
1170970 1284.1
1170980 1279.9
1170990 1275.1
1171000 1275.1
1171010 1272.0
1171020 1270.9
1171030 1270.9
1171040 1269.2
1171050 1265.4
1171060 1265.4
1171070 1260.9
1171080 1254.5
1171090 1254.5
1171100 1248.3
1171110 1245.9
1171120 1249.4
1171130 1249.4
1171140 1257.1
1171150 1261.6
1171160 1261.6
1171170 1264.9
1171180 1264.3
1171190 1264.3
1171200 1262.9
1171210 1261.2
1171220 1261.2
1171230 1259.0
1171240 1256.6
1171250 1256.6
1171260 1255.9
1171270 1256.1
1171280 1256.1
1171290 1256.2
1171300 1256.0
1171310 1256.0
1171320 1255.9
1171330 1255.4
1171340 1255.4
1171350 1254.6
1171360 1253.6
1171370 1253.6
1171380 1253.3
1171390 1254.8
1171400 1254.5
1171410 1254.5
1171420 1253.5
1171430 1253.1
1171440 1253.1
1171450 1253.1
1171460 1252.7
1171470 1252.7
1171480 1251.8
1171490 1251.0
1171500 1251.0
1171510 1248.9
1171520 1246.9
1171530 1246.9
1171540 1246.8
1171550 1243.9
1171560 1243.9
1171570 1237.5
1171580 1228.2
1171590 1228.2
1171600 1225.3
1171610 1226.0
1171620 1226.0
1171630 1229.1
1171640 1232.5
1171650 1234.5
1171660 1234.5
1171670 1237.4
1171680 1240.9
1171690 1240.9
1171700 1244.2
1171710 1247.1
1171720 1247.1
1171730 1249.0
1171740 1251.0
1171750 1251.0
1171760 1252.8
1171770 1254.0
1171780 1254.0
1171790 1255.0
1171800 1256.7
1171810 1256.7
1171820 1263.4
1171830 1269.7
1171840 1269.7
1171850 1274.6
1171860 1279.9
1171870 1279.9
1171880 1285.8
1171890 1292.0
1171900 1292.0
1171910 1297.0
1171920 1297.9
1171930 1299.1
1171940 1299.1
1171950 1303.0
1171960 1306.2
1171970 1306.2
1171980 1309.3
1171990 1313.1
1172000 1313.1
1172010 1317.3
1172020 1321.3
1172030 1321.3
1172040 1324.6
1172050 1328.4
1172060 1328.4
1172070 1332.4
1172080 1335.5
1172090 1335.5
1172100 1339.5
1172110 1344.2
1172120 1344.2
1172130 1349.0
1172140 1353.7
1172150 1353.7
1172160 1358.3
1172170 1362.8
1172180 1362.8
1172190 1366.8
1172200 1370.2
1172210 1370.6
1172220 1370.6
1172230 1373.0
1172240 1377.3
1172250 1377.3
1172260 1382.2
1172270 1387.1
1172280 1387.1
1172290 1392.2
1172300 1397.5
1172310 1397.5
1172320 1403.3
1172330 1409.0
1172340 1409.0
1172350 1414.7
1172360 1420.6
1172370 1420.6
1172380 1426.6
1172390 1433.0
1172400 1433.0
1172410 1439.3
1172420 1446.0
1172430 1446.0
1172440 1452.6
1172450 1459.7
1172460 1467.3
1172470 1467.3
1172480 1475.6
1172490 1484.4
1172500 1484.4
1172510 1492.7
1172520 1501.0
1172530 1501.0
1172540 1508.5
1172550 1515.7
1172560 1515.7
1172570 1523.5
1172580 1531.5
1172590 1531.5
1172600 1539.4
1172610 1547.0
1172620 1540.5
1172630 1546.9
1172640 1552.5
1172650 1552.5
1172660 1558.1
1172670 1561.6
1172680 1561.6
1172690 1565.0
1172700 1569.5
1172710 1569.5
1172720 1575.1
1172730 1581.1
1172740 1587.2
1172750 1587.2
1172760 1593.6
1172770 1599.9
1172780 1599.9
1172790 1605.7
1172800 1611.1
1172810 1611.1
1172820 1616.0
1172830 1621.0
1172840 1621.0
1172850 1626.0
1172860 1630.9
1172870 1630.9
1172880 1635.4
1172890 1640.4
1172900 1640.4
1172910 1645.6
1172920 1650.2
1172930 1650.2
1172940 1654.4
1172950 1658.2
1172960 1658.2
1172970 1661.9
1172980 1665.4
1172990 1665.4
1173000 1669.4
1173010 1673.5
1173020 1678.2
1173030 1672.1
1173040 1677.4
1173050 1682.6
1173060 1682.6
1173070 1687.7
1173080 1692.9
1173090 1692.9
1173100 1697.0
1173110 1701.0
1173120 1701.0
1173130 1705.7
1173140 1711.1
1173150 1711.1
1173160 1716.6
1173170 1722.1
1173180 1722.1
1173190 1727.4
1173200 1732.8
1173210 1732.8
1173220 1739.0
1173230 1745.6
1173240 1745.6
1173250 1751.3
1173260 1756.6
1173270 1762.1
1173280 1762.1
1173290 1767.9
1173300 1774.1
1173310 1774.1
1173320 1780.8
1173330 1786.6
1173340 1786.6
1173350 1791.4
1173360 1796.3
1173370 1796.3
1173380 1801.4
1173390 1807.1
1173400 1807.1
1173410 1812.7
1173420 1817.3
1173430 1810.7
1173440 1817.5
1173450 1823.6
1173460 1823.6
1173470 1828.8
1173480 1833.6
1173490 1833.6
1173500 1838.3
1173510 1843.5
1173520 1843.5
1173530 1849.4
1173540 1855.0
1173550 1860.4
1173560 1860.4
1173570 1864.9
1173580 1868.1
1173590 1868.1
1173600 1870.3
1173610 1871.6
1173620 1871.6
1173630 1872.2
1173640 1873.0
1173650 1873.0
1173660 1873.8
1173670 1874.3
1173680 1874.3
1173690 1874.6
1173700 1874.9
1173710 1874.9
1173720 1875.9
1173730 1877.5
1173740 1877.5
1173750 1878.9
1173760 1880.2
1173770 1880.2
1173780 1881.2
1173790 1881.8
1173800 1882.4
1173810 1882.4
1173820 1883.1
1173830 1884.1
1173840 1877.0
1173850 1878.4
1173860 1879.2
1173870 1879.2
1173880 1879.8
1173890 1880.8
1173900 1880.8
1173910 1882.3
1173920 1883.7
1173930 1883.7
1173940 1885.6
1173950 1887.4
1173960 1887.4
1173970 1889.7
1173980 1892.0
1173990 1892.0
1174000 1893.9
1174010 1895.6
1174020 1895.6
1174030 1897.6
1174040 1899.9
1174050 1899.9
1174060 1902.5
1174070 1905.4
1174080 1907.8
1174090 1907.8
1174100 1910.6
1174110 1913.2
1174120 1913.2
1174130 1915.5
1174140 1917.3
1174150 1917.3
1174160 1919.0
1174170 1920.5
1174180 1920.5
1174190 1921.5
1174200 1922.4
1174210 1922.4
1174220 1923.1
1174230 1923.4
1174240 1923.4
1174250 1917.8
1174260 1918.1
1174270 1918.1
1174280 1918.3
1174290 1918.5
1174300 1918.5
1174310 1919.1
1174320 1919.9
1174330 1919.9
1174340 1920.4
1174350 1920.2
1174360 1919.6
1174370 1919.6
1174380 1919.0
1174390 1918.2
1174400 1918.2
1174410 1916.7
1174420 1915.5
1174430 1915.5
1174440 1914.4
1174450 1912.9
1174460 1912.9
1174470 1911.7
1174480 1905.9
1174490 1905.9
1174500 1897.5
1174510 1891.0
1174520 1891.0
1174530 1883.7
1174540 1882.1
1174550 1882.1
1174560 1887.1
1174570 1889.2
1174580 1889.2
1174590 1880.1
1174600 1870.9
1174610 1862.1
1174620 1862.1
1174630 1853.8
1174640 1847.5
1174650 1847.5
1174660 1837.5
1174670 1835.9
1174680 1835.9
1174690 1833.4
1174700 1831.9
1174710 1831.9
1174720 1831.8
1174730 1832.3
1174740 1832.3
1174750 1832.3
1174760 1831.6
1174770 1831.6
1174780 1833.4
1174790 1840.0
1174800 1840.0
1174810 1838.3
1174820 1835.0
1174830 1835.0
1174840 1834.3
1174850 1834.6
1174860 1834.6
1174870 1833.4
1174880 1828.4
1174890 1822.6
1174900 1822.6
1174910 1818.8
1174920 1816.6
1174930 1816.6
1174940 1815.1
1174950 1813.7
1174960 1813.7
1174970 1811.6
1174980 1809.6
1174990 1809.6
1175000 1807.8
1175010 1806.3
1175020 1806.3
1175030 1805.9
1175040 1812.2
1175050 1812.2
1175060 1821.0
1175070 1820.5
1175080 1820.5
1175090 1828.0
1175100 1834.9
1175110 1834.9
1175120 1841.1
1175130 1848.3
1175140 1848.3
1175150 1853.9
1175160 1858.5
1175170 1862.3
1175180 1862.3
1175190 1867.4
1175200 1873.9
1175210 1873.9
1175220 1881.1
1175230 1887.7
1175240 1887.7
1175250 1893.2
1175260 1898.4
1175270 1898.4
1175280 1903.1
1175290 1907.1
1175300 1907.1
1175310 1911.6
1175320 1916.5
1175330 1916.5
1175340 1921.5
1175350 1925.7
1175360 1925.7
1175370 1928.0
1175380 1929.7
1175390 1929.7
1175400 1931.0
1175410 1930.9
1175420 1932.1
1175430 1932.1
1175440 1933.6
1175450 1935.4
1175460 1935.4
1175470 1938.2
1175480 1934.7
1175490 1927.9
1175500 1916.7
1175510 1914.3
1175520 1914.3
1175530 1921.2
1175540 1929.2
1175550 1929.2
1175560 1934.4
1175570 1936.9
1175580 1936.9
1175590 1940.1
1175600 1945.0
1175610 1945.0
1175620 1947.0
1175630 1948.5
1175640 1948.5
1175650 1954.6
1175660 1960.2
1175670 1960.2
1175680 1963.2
1175690 1961.2
1175700 1960.4
1175710 1960.4
1175720 1965.1
1175730 1970.8
1175740 1970.8
1175750 1973.6
1175760 1979.0
1175770 1979.0
1175780 1984.4
1175790 1989.6
1175800 1989.6
1175810 1997.3
1175820 2004.0
1175830 2004.0
1175840 2008.5
1175850 2005.9
1175860 2005.9
1175870 2005.9
1175880 2010.4
1175890 2010.4
1175900 2003.8
1175910 2007.1
1175920 2007.1
1175930 2013.3
1175940 2020.8
1175950 2020.8
1175960 2028.0
1175970 2033.1
1175980 2035.5
1175990 2035.5
1176000 2035.9
1176010 2037.9
1176020 2037.9
1176030 2042.3
1176040 2046.4
1176050 2046.4
1176060 2053.1
1176070 2055.1
1176080 2055.1
1176090 2053.8
1176100 2056.7
1176110 2056.7
1176120 2058.5
1176130 2063.3
1176140 2063.3
1176150 2070.9
1176160 2072.5
1176170 2072.5
1176180 2073.7
1176190 2080.6
1176200 2080.6
1176210 2087.9
1176220 2092.7
1176230 2092.7
1176240 2092.7
1176250 2096.6
1176260 2100.0
1176270 2100.0
1176280 2102.3
1176290 2108.6
1176300 2108.6
1176310 2096.1
1176320 2098.3
1176330 2098.3
1176340 2103.1
1176350 2115.2
1176360 2115.2
1176370 2133.3
1176380 2144.3
1176390 2144.3
1176400 2146.9
1176410 2156.9
1176420 2156.9
1176430 2167.2
1176440 2168.4
1176450 2168.4
1176460 2165.7
1176470 2164.7
1176480 2164.7
1176490 2163.0
1176500 2168.9
1176510 2180.5
1176520 2180.5
1176530 2182.1
1176540 2174.6
1176550 2174.6
1176560 2167.8
1176570 2164.0
1176580 2164.0
1176590 2156.0
1176600 2148.5
1176610 2148.5
1176620 2147.1
1176630 2144.4
1176640 2144.4
1176650 2134.5
1176660 2129.8
1176670 2129.8
1176680 2130.2
1176690 2127.4
1176700 2127.4
1176710 2119.8
1176720 2108.8
1176730 2108.8
1176740 2104.9
1176750 2101.1
1176760 2101.1
1176770 2098.8
1176780 2097.0
1176790 2095.3
1176800 2095.3
1176810 2093.9
1176820 2092.1
1176830 2092.1
1176840 2090.1
1176850 2087.5
1176860 2087.5
1176870 2084.7
1176880 2082.4
1176890 2082.4
1176900 2081.4
1176910 2079.4
1176920 2079.4
1176930 2077.8
1176940 2076.2
1176950 2076.2
1176960 2072.9
1176970 2069.3
1176980 2069.3
1176990 2063.5
1177000 2055.3
1177010 2055.3
1177020 2052.5
1177030 2057.1
1177040 2055.6
1177050 2055.6
1177060 2051.4
1177070 2043.3
1177080 2043.3
1177090 2039.8
1177100 2037.5
1177110 2037.5
1177120 2033.1
1177130 2029.1
1177140 2020.7
1177150 2016.4
1177160 2010.0
1177170 2010.0
1177180 2006.8
1177190 2008.1
1177200 2008.1
1177210 2008.8
1177220 2002.8
1177230 2002.8
1177240 1995.9
1177250 1986.6
1177260 1986.6
1177270 1977.5
1177280 1970.2
1177290 1970.2
1177300 1965.3
1177310 1960.7
1177320 1955.8
1177330 1955.8
1177340 1950.6
1177350 1945.6
1177360 1945.6
1177370 1940.0
1177380 1934.8
1177390 1934.8
1177400 1929.7
1177410 1924.4
1177420 1924.4
1177430 1919.5
1177440 1914.4
1177450 1914.4
1177460 1908.3
1177470 1902.3
1177480 1902.3
1177490 1896.1
1177500 1890.1
1177510 1890.1
1177520 1884.1
1177530 1878.9
1177540 1878.9
1177550 1869.3
1177560 1864.0
1177570 1858.9
1177580 1858.9
1177590 1853.8
1177600 1848.2
1177610 1848.2
1177620 1842.2
1177630 1835.6
1177640 1835.6
1177650 1829.7
1177660 1824.5
1177670 1824.5
1177680 1819.3
1177690 1813.4
1177700 1813.4
1177710 1807.6
1177720 1802.0
1177730 1802.0
1177740 1797.5
1177750 1795.2
1177760 1795.2
1177770 1791.3
1177780 1786.8
1177790 1786.8
1177800 1782.3
1177810 1777.2
1177820 1777.2
1177830 1771.2
1177840 1764.8
1177850 1760.2
1177860 1760.2
1177870 1757.2
1177880 1752.9
1177890 1752.9
1177900 1748.0
1177910 1743.4
1177920 1743.4
1177930 1738.5
1177940 1734.1
1177950 1734.1
1177960 1730.4
1177970 1724.5
1177980 1724.5
1177990 1720.4
1178000 1716.5
1178010 1716.5
1178020 1712.7
1178030 1708.7
1178040 1708.7
1178050 1704.8
1178060 1701.0
1178070 1701.0
1178080 1697.1
1178090 1693.2
1178100 1693.2
1178110 1689.5
1178120 1686.0
1178130 1682.7
1178140 1682.7
1178150 1679.8
1178160 1677.1
1178170 1677.1
1178180 1674.2
1178190 1671.3
1178200 1671.3
1178210 1668.7
1178220 1665.9
1178230 1665.9
1178240 1663.2
1178250 1660.8
1178260 1660.8
1178270 1658.5
1178280 1656.2
1178290 1656.2
1178300 1653.8
1178310 1651.3
1178320 1651.3
1178330 1648.8
1178340 1646.3
1178350 1646.3
1178360 1643.5
1178370 1641.1
1178380 1638.4
1178390 1638.4
1178400 1635.8
1178410 1633.3
1178420 1633.3
1178430 1630.5
1178440 1627.6
1178450 1627.6
1178460 1624.7
1178470 1621.9
1178480 1621.9
1178490 1619.1
1178500 1616.3
1178510 1616.3
1178520 1613.7
1178530 1611.5
1178540 1611.5
1178550 1609.8
1178560 1609.3
1178570 1609.3
1178580 1609.8
1178590 1611.6
1178600 1611.6
1178610 1615.2
1178620 1618.9
1178630 1618.9
1178640 1622.1
1178650 1625.5
1178660 1628.5
1178670 1628.5
1178680 1631.7
1178690 1631.0
1178700 1631.0
1178710 1632.8
1178720 1634.8
1178730 1634.8
1178740 1633.5
1178750 1627.9
1178760 1627.9
1178770 1621.5
1178780 1614.2
1178790 1614.2
1178800 1607.6
1178810 1597.1
1178820 1597.1
1178830 1588.2
1178840 1579.8
1178850 1579.8
1178860 1572.9
1178870 1566.1
1178880 1566.1
1178890 1557.5
1178900 1548.4
1178910 1548.4
1178920 1539.6
1178930 1531.4
1178940 1524.1
1178950 1524.1
1178960 1517.8
1178970 1511.8
1178980 1511.8
1178990 1506.1
1179000 1504.5
1179010 1504.5
1179020 1502.6
1179030 1502.9
1179040 1502.9
1179050 1503.2
1179060 1502.0
1179070 1502.0
1179080 1500.7
1179090 1499.0
1179100 1499.0
1179110 1497.1
1179120 1495.2
1179130 1495.2
1179140 1492.6
1179150 1489.8
1179160 1489.8
1179170 1486.9
1179180 1484.7
1179190 1482.5
1179200 1482.5
1179210 1478.2
1179220 1475.9
1179230 1475.9
1179240 1473.9
1179250 1471.4
1179260 1471.4
1179270 1469.1
1179280 1467.2
1179290 1467.2
1179300 1465.3
1179310 1462.8
1179320 1462.8
1179330 1459.9
1179340 1457.4
1179350 1457.4
1179360 1455.1
1179370 1453.2
1179380 1453.2
1179390 1451.0
1179400 1449.1
1179410 1449.1
1179420 1447.0
1179430 1444.1
1179440 1444.1
1179450 1441.5
1179460 1439.5
1179470 1437.4
1179480 1437.4
1179490 1435.3
1179500 1433.3
1179510 1433.3
1179520 1431.3
1179530 1429.0
1179540 1429.0
1179550 1426.6
1179560 1424.2
1179570 1424.2
1179580 1422.3
1179590 1420.8
1179600 1420.8
1179610 1418.3
1179620 1415.3
1179630 1408.7
1179640 1406.7
1179650 1404.4
1179660 1404.4
1179670 1403.0
1179680 1398.7
1179690 1398.7
1179700 1395.9
1179710 1393.4
1179720 1393.4
1179730 1391.5
1179740 1390.2
1179750 1389.2
1179760 1389.2
1179770 1388.5
1179780 1387.8
1179790 1387.8
1179800 1387.6
1179810 1388.5
1179820 1388.5
1179830 1389.9
1179840 1391.0
1179850 1391.0
1179860 1391.8
1179870 1391.8
1179880 1391.8
1179890 1392.0
1179900 1393.2
1179910 1393.2
1179920 1395.1
1179930 1400.9
1179940 1400.9
1179950 1407.3
1179960 1414.4
1179970 1414.4
1179980 1420.9
1179990 1427.8
