1160000 1138.8
1160010 1134.6
1160020 1133.7
1160030 1133.7
1160040 1132.8
1160050 1130.0
1160060 1130.0
1160070 1125.7
1160080 1121.3
1160090 1121.3
1160100 1117.1
1160110 1113.0
1160120 1113.0
1160130 1107.8
1160140 1100.9
1160150 1100.9
1160160 1096.7
1160170 1095.7
1160180 1095.7
1160190 1093.6
1160200 1090.7
1160210 1090.7
1160220 1087.2
1160230 1085.1
1160240 1082.3
1160250 1082.3
1160260 1079.2
1160270 1076.3
1160280 1077.3
1160290 1074.2
1160300 1071.7
1160310 1071.7
1160320 1069.9
1160330 1068.8
1160340 1068.8
1160350 1067.8
1160360 1066.7
1160370 1066.7
1160380 1065.2
1160390 1063.8
1160400 1063.8
1160410 1062.3
1160420 1060.6
1160430 1060.6
1160440 1058.8
1160450 1057.1
1160460 1057.1
1160470 1055.5
1160480 1054.1
1160490 1052.4
1160500 1052.4
1160510 1051.1
1160520 1050.4
1160530 1050.4
1160540 1049.6
1160550 1049.2
1160560 1049.2
1160570 1048.8
1160580 1048.5
1160590 1048.5
1160600 1048.3
1160610 1048.2
1160620 1048.2
1160630 1048.3
1160640 1048.5
1160650 1048.5
1160660 1049.5
1160670 1048.5
1160680 1048.5
1160690 1047.1
1160700 1046.4
1160710 1046.4
1160720 1045.2
1160730 1043.7
1160740 1043.7
1160750 1042.2
1160760 1041.8
1160770 1041.5
1160780 1041.5
1160790 1040.5
1160800 1039.9
1160810 1039.9
1160820 1039.8
1160830 1039.6
1160840 1039.6
1160850 1039.2
1160860 1039.1
1160870 1039.1
1160880 1039.1
1160890 1039.0
1160900 1039.0
1160910 1039.0
1160920 1038.9
1160930 1038.9
1160940 1038.9
1160950 1038.8
1160960 1038.8
1160970 1038.8
1160980 1038.6
1160990 1038.6
1161000 1038.5
1161010 1038.7
1161020 1038.7
1161030 1039.4
1161040 1041.6
1161050 1043.2
1161060 1043.2
1161070 1041.6
1161080 1042.7
1161090 1042.7
1161100 1043.9
1161110 1045.5
1161120 1045.5
1161130 1046.2
1161140 1045.9
1161150 1045.9
1161160 1045.5
1161170 1045.3
1161180 1045.3
1161190 1045.3
1161200 1045.3
1161210 1045.3
1161220 1045.4
1161230 1045.8
1161240 1045.8
1161250 1046.2
1161260 1045.9
1161270 1045.9
1161280 1045.4
1161290 1045.0
1161300 1045.0
1161310 1044.7
1161320 1044.7
1161330 1044.0
1161340 1044.0
1161350 1043.4
1161360 1042.6
1161370 1042.6
1161380 1041.2
1161390 1040.4
1161400 1040.4
1161410 1040.1
1161420 1039.9
1161430 1039.9
1161440 1040.6
1161450 1041.0
1161460 1040.3
1161470 1041.6
1161480 1043.4
1161490 1043.4
1161500 1043.4
1161510 1043.1
1161520 1043.1
1161530 1042.7
1161540 1042.3
1161550 1042.3
1161560 1041.8
1161570 1041.2
1161580 1041.2
1161590 1040.8
1161600 1040.4
1161610 1040.0
1161620 1040.0
1161630 1039.4
1161640 1038.9
1161650 1038.9
1161660 1038.3
1161670 1038.1
1161680 1038.1
1161690 1038.1
1161700 1037.9
1161710 1037.9
1161720 1037.5
1161730 1036.9
1161740 1036.9
1161750 1036.4
1161760 1035.9
1161770 1035.9
1161780 1035.4
1161790 1035.1
1161800 1035.1
1161810 1034.8
1161820 1034.6
1161830 1034.6
1161840 1034.5
1161850 1033.6
1161860 1033.5
1161870 1033.5
1161880 1033.5
1161890 1033.4
1161900 1033.4
1161910 1033.3
1161920 1033.4
1161930 1033.4
1161940 1033.5
1161950 1033.5
1161960 1033.5
1161970 1033.5
1161980 1033.4
1161990 1033.4
1162000 1033.4
1162010 1033.5
1162020 1033.5
1162030 1033.2
1162040 1032.5
1162050 1032.5
1162060 1031.5
1162070 1030.1
1162080 1030.1
1162090 1029.6
1162100 1029.5
1162110 1029.5
1162120 1029.5
1162130 1029.4
1162140 1029.5
1162150 1029.5
1162160 1030.7
1162170 1034.3
1162180 1034.3
1162190 1037.3
1162200 1039.9
1162210 1039.9
1162220 1044.4
1162230 1049.8
1162240 1049.8
1162250 1068.0
1162260 1076.6
1162270 1076.6
1162280 1081.8
1162290 1085.6
1162300 1085.6
1162310 1088.7
1162320 1095.2
1162330 1095.2
1162340 1104.8
1162350 1114.2
1162360 1114.2
1162370 1120.2
1162380 1125.6
1162390 1125.6
1162400 1132.5
1162410 1140.2
1162420 1147.2
1162430 1147.2
1162440 1150.8
1162450 1154.2
1162460 1154.2
1162470 1159.1
1162480 1164.0
1162490 1164.0
1162500 1170.6
1162510 1175.2
1162520 1175.2
1162530 1177.9
1162540 1179.3
1162550 1179.3
1162560 1179.5
1162570 1180.0
1162580 1180.0
1162590 1182.1
1162600 1184.5
1162610 1184.5
1162620 1186.9
1162630 1188.2
1162640 1186.9
1162650 1188.3
1162660 1189.7
1162670 1189.7
1162680 1191.4
1162690 1193.5
1162700 1195.4
1162710 1195.4
1162720 1196.5
1162730 1196.9
1162740 1196.9
1162750 1197.4
1162760 1198.5
1162770 1198.5
1162780 1200.1
1162790 1201.2
1162800 1201.2
1162810 1202.1
1162820 1202.7
1162830 1202.7
1162840 1202.8
1162850 1202.6
1162860 1202.6
1162870 1202.4
1162880 1203.1
1162890 1203.1
1162900 1204.1
1162910 1205.3
1162920 1205.3
1162930 1206.0
1162940 1206.0
1162950 1205.2
1162960 1205.2
1162970 1204.7
1162980 1204.7
1162990 1204.7
1163000 1205.0
1163010 1205.8
1163020 1205.8
1163030 1206.8
1163040 1208.3
1163050 1208.3
1163060 1209.4
1163070 1210.5
1163080 1210.5
1163090 1211.9
1163100 1213.5
1163110 1213.5
1163120 1215.1
1163130 1216.5
1163140 1216.5
1163150 1217.4
1163160 1217.5
1163170 1217.5
1163180 1217.1
1163190 1217.7
1163200 1217.7
1163210 1218.5
1163220 1219.6
1163230 1220.8
1163240 1220.8
1163250 1221.8
1163260 1223.1
1163270 1223.1
1163280 1224.0
1163290 1223.8
1163300 1223.8
1163310 1224.0
1163320 1224.0
1163330 1224.0
1163340 1224.1
1163350 1225.0
1163360 1225.0
1163370 1226.3
1163380 1227.5
1163390 1227.5
1163400 1229.0
1163410 1230.8
1163420 1230.8
1163430 1231.9
1163440 1235.3
1163450 1235.3
1163460 1234.9
1163470 1235.9
1163480 1235.9
1163490 1236.7
1163500 1236.9
1163510 1236.4
1163520 1236.4
1163530 1236.6
1163540 1237.8
1163550 1237.8
1163560 1238.6
1163570 1238.2
1163580 1238.2
1163590 1238.4
1163600 1238.7
1163610 1238.7
1163620 1239.4
1163630 1240.7
1163640 1240.7
1163650 1243.7
1163660 1246.3
1163670 1246.3
1163680 1247.6
1163690 1249.3
1163700 1249.3
1163710 1249.9
1163720 1250.5
1163730 1250.5
1163740 1251.5
1163750 1253.2
1163760 1253.2
1163770 1254.9
1163780 1256.8
1163790 1257.6
1163800 1257.6
1163810 1258.9
1163820 1260.5
1163830 1266.3
1163840 1268.2
1163850 1270.6
1163860 1270.6
1163870 1273.3
1163880 1276.3
1163890 1276.3
1163900 1278.5
1163910 1279.6
1163920 1279.6
1163930 1280.7
1163940 1283.4
1163950 1283.4
1163960 1286.5
1163970 1289.3
1163980 1289.3
1163990 1292.0
1164000 1294.5
1164010 1294.5
1164020 1298.0
1164030 1304.3
1164040 1309.4
1164050 1309.4
1164060 1308.5
1164070 1307.6
1164080 1307.6
1164090 1308.8
1164100 1311.4
1164110 1311.4
1164120 1320.4
1164130 1329.0
1164140 1329.0
1164150 1331.3
1164160 1332.8
1164170 1332.8
1164180 1333.7
1164190 1331.5
1164200 1331.5
1164210 1329.4
1164220 1329.7
1164230 1338.4
1164240 1338.8
1164250 1339.3
1164260 1339.3
1164270 1338.8
1164280 1336.7
1164290 1336.7
1164300 1333.3
1164310 1330.2
1164320 1327.0
1164330 1327.0
1164340 1323.3
1164350 1322.2
1164360 1322.2
1164370 1320.8
1164380 1320.0
1164390 1320.0
1164400 1318.9
1164410 1319.5
1164420 1319.5
1164430 1318.0
1164440 1318.2
1164450 1318.2
1164460 1319.1
1164470 1320.8
1164480 1320.8
1164490 1319.7
1164500 1318.7
1164510 1318.7
1164520 1318.7
1164530 1318.7
1164540 1318.7
1164550 1319.5
1164560 1320.1
1164570 1320.1
1164580 1321.1
1164590 1322.4
1164600 1323.7
1164610 1323.7
1164620 1323.6
1164630 1331.4
1164640 1331.4
1164650 1331.7
1164660 1332.4
1164670 1332.4
1164680 1332.6
1164690 1333.2
1164700 1333.2
1164710 1332.1
1164720 1330.7
1164730 1330.7
1164740 1329.6
1164750 1328.3
1164760 1328.3
1164770 1327.6
1164780 1327.4
1164790 1327.4
1164800 1326.2
1164810 1325.3
1164820 1325.3
1164830 1324.5
1164840 1321.5
1164850 1321.5
1164860 1317.3
1164870 1314.7
1164880 1312.4
1164890 1312.4
1164900 1309.7
1164910 1307.8
1164920 1307.8
1164930 1306.0
1164940 1303.2
1164950 1303.2
1164960 1300.0
1164970 1297.6
1164980 1297.6
1164990 1294.2
1165000 1290.5
1165010 1290.5
1165020 1285.7
1165030 1287.0
1165040 1287.0
1165050 1281.8
1165060 1277.4
1165070 1277.4
1165080 1273.3
1165090 1268.3
1165100 1268.3
1165110 1262.9
1165120 1254.5
1165130 1240.4
1165140 1240.4
1165150 1223.0
1165160 1209.1
1165170 1209.1
1165180 1198.1
1165190 1180.6
1165200 1180.6
1165210 1160.0
1165220 1150.4
1165230 1150.4
1165240 1137.9
1165250 1137.7
1165260 1137.7
1165270 1149.0
1165280 1161.0
1165290 1161.0
1165300 1168.9
1165310 1178.5
1165320 1178.5
1165330 1192.4
1165340 1213.6
1165350 1213.6
1165360 1228.0
1165370 1236.7
1165380 1236.7
1165390 1244.1
1165400 1252.2
1165410 1260.0
1165420 1261.1
1165430 1269.8
1165440 1277.1
1165450 1277.1
1165460 1284.6
1165470 1291.6
1165480 1291.6
1165490 1298.5
1165500 1305.6
1165510 1305.6
1165520 1312.9
1165530 1319.8
1165540 1319.8
1165550 1326.3
1165560 1332.7
1165570 1332.7
1165580 1338.4
1165590 1344.1
1165600 1344.1
1165610 1350.3
1165620 1356.7
1165630 1356.7
1165640 1363.1
1165650 1369.1
1165660 1369.1
1165670 1374.3
1165680 1379.1
1165690 1384.1
1165700 1384.1
1165710 1389.1
1165720 1394.2
1165730 1394.2
1165740 1399.5
1165750 1404.7
1165760 1404.7
1165770 1410.1
1165780 1415.0
1165790 1415.0
1165800 1419.7
1165810 1425.1
1165820 1426.7
1165830 1432.5
1165840 1438.5
1165850 1438.5
1165860 1444.9
1165870 1451.5
1165880 1451.5
1165890 1458.5
1165900 1465.8
1165910 1465.8
1165920 1472.4
1165930 1478.4
1165940 1478.4
1165950 1483.9
1165960 1489.6
1165970 1495.6
1165980 1495.6
1165990 1501.9
1166000 1508.6
1166010 1508.6
1166020 1514.7
1166030 1520.8
1166040 1520.8
1166050 1527.0
1166060 1533.7
1166070 1533.7
1166080 1540.5
1166090 1547.8
1166100 1547.8
1166110 1555.0
1166120 1562.3
1166130 1562.3
1166140 1569.7
1166150 1575.9
1166160 1575.9
1166170 1581.5
1166180 1587.4
1166190 1587.4
1166200 1593.3
1166210 1597.9
1166220 1591.8
1166230 1597.1
1166240 1600.4
1166250 1602.9
1166260 1602.9
1166270 1606.8
1166280 1610.7
1166290 1610.7
1166300 1614.1
1166310 1617.0
1166320 1617.0
1166330 1619.2
1166340 1624.0
1166350 1624.0
1166360 1630.1
1166370 1636.2
1166380 1636.2
1166390 1642.8
1166400 1649.6
1166410 1649.6
1166420 1657.1
1166430 1663.5
1166440 1663.5
1166450 1668.4
1166460 1672.3
1166470 1672.3
1166480 1676.6
1166490 1681.2
1166500 1686.7
1166510 1686.7
1166520 1692.6
1166530 1698.6
1166540 1698.6
1166550 1705.2
1166560 1712.1
1166570 1712.1
1166580 1719.7
1166590 1728.0
1166600 1728.0
1166610 1734.4
1166620 1740.5
1166630 1740.5
1166640 1746.1
1166650 1749.0
1166660 1749.0
1166670 1752.5
1166680 1756.8
1166690 1756.8
1166700 1762.0
1166710 1768.3
1166720 1768.3
1166730 1773.4
1166740 1775.5
1166750 1775.5
1166760 1778.2
1166770 1782.6
1166780 1787.2
1166790 1787.2
1166800 1791.3
1166810 1796.6
1166820 1796.6
1166830 1803.3
1166840 1808.4
1166850 1808.4
1166860 1809.4
1166870 1812.7
1166880 1812.7
1166890 1817.8
1166900 1824.1
1166910 1824.1
1166920 1830.4
1166930 1836.9
1166940 1836.9
1166950 1842.7
1166960 1849.6
1166970 1849.6
1166980 1853.5
1166990 1856.4
1167000 1856.4
1167010 1858.1
1167020 1861.6
1167030 1861.6
1167040 1863.2
1167050 1866.2
1167060 1868.3
1167070 1868.3
1167080 1871.6
1167090 1875.9
1167100 1875.9
1167110 1880.2
1167120 1884.8
1167130 1884.8
1167140 1889.7
1167150 1893.3
1167160 1893.3
1167170 1895.9
1167180 1899.9
1167190 1899.9
1167200 1903.7
1167210 1906.0
1167220 1906.0
1167230 1909.4
1167240 1912.2
1167250 1912.2
1167260 1915.3
1167270 1919.1
1167280 1919.1
1167290 1922.8
1167300 1924.3
1167310 1924.3
1167320 1926.0
1167330 1928.4
1167340 1930.0
1167350 1930.0
1167360 1930.8
1167370 1931.0
1167380 1931.0
1167390 1929.7
1167400 1929.2
1167410 1929.2
1167420 1929.0
1167430 1935.9
1167440 1935.9
1167450 1937.0
1167460 1939.0
1167470 1939.0
1167480 1941.5
1167490 1944.3
1167500 1944.3
1167510 1948.0
1167520 1950.8
1167530 1950.8
1167540 1952.2
1167550 1952.3
1167560 1952.3
1167570 1950.7
1167580 1947.1
1167590 1941.2
1167600 1941.2
1167610 1934.9
1167620 1929.0
1167630 1929.0
1167640 1923.2
1167650 1918.0
1167660 1918.0
1167670 1912.0
1167680 1908.7
1167690 1908.7
1167700 1903.4
1167710 1898.2
1167720 1898.2
1167730 1894.9
1167740 1890.9
1167750 1890.9
1167760 1886.2
1167770 1880.6
1167780 1880.6
1167790 1875.3
1167800 1871.2
1167810 1871.2
1167820 1865.8
1167830 1854.5
1167840 1854.5
1167850 1845.2
1167860 1843.0
1167870 1844.3
1167880 1844.3
1167890 1842.7
1167900 1838.3
1167910 1838.3
1167920 1834.0
1167930 1830.3
1167940 1830.3
1167950 1828.5
1167960 1827.3
1167970 1827.3
1167980 1827.1
1167990 1828.7
1168000 1828.7
1168010 1827.5
1168020 1825.7
1168030 1825.7
1168040 1824.1
1168050 1821.3
1168060 1821.3
1168070 1822.4
1168080 1824.6
1168090 1824.6
1168100 1825.5
1168110 1821.9
1168120 1821.9
1168130 1817.5
1168140 1812.5
1168150 1809.0
1168160 1809.0
1168170 1804.6
1168180 1799.8
1168190 1799.8
1168200 1793.9
1168210 1787.3
1168220 1787.3
1168230 1785.2
1168240 1778.6
1168250 1778.6
1168260 1772.5
1168270 1767.1
1168280 1767.1
1168290 1762.0
1168300 1756.1
1168310 1756.1
1168320 1749.3
1168330 1742.9
1168340 1742.9
1168350 1735.0
1168360 1728.8
1168370 1728.8
1168380 1725.8
1168390 1717.5
1168400 1717.5
1168410 1710.5
1168420 1703.4
1168430 1697.1
1168440 1697.1
1168450 1691.2
1168460 1683.3
1168470 1683.3
1168480 1674.5
1168490 1668.4
1168500 1668.4
1168510 1662.6
1168520 1654.9
1168530 1654.9
1168540 1646.3
1168550 1637.4
1168560 1637.4
1168570 1628.1
1168580 1618.4
1168590 1618.4
1168600 1613.0
1168610 1608.8
1168620 1608.8
1168630 1609.0
1168640 1603.1
1168650 1603.1
1168660 1596.2
1168670 1586.9
1168680 1579.5
1168690 1579.5
1168700 1571.8
1168710 1563.9
1168720 1563.9
1168730 1556.5
1168740 1549.8
1168750 1549.8
1168760 1543.8
1168770 1538.7
1168780 1538.7
1168790 1533.8
1168800 1528.9
1168810 1528.9
1168820 1523.6
1168830 1518.4
1168840 1518.4
1168850 1512.2
1168860 1504.9
1168870 1504.9
1168880 1498.3
1168890 1492.0
1168900 1492.0
1168910 1485.2
1168920 1478.0
1168930 1478.0
1168940 1470.9
1168950 1462.7
1168960 1454.1
1168970 1454.1
1168980 1445.8
1168990 1436.3
1169000 1436.3
1169010 1428.0
1169020 1420.5
1169030 1420.5
1169040 1416.1
1169050 1408.5
1169060 1408.5
1169070 1401.8
1169080 1395.9
1169090 1395.9
1169100 1389.8
1169110 1383.8
1169120 1383.8
1169130 1377.8
1169140 1372.3
1169150 1372.3
1169160 1367.8
1169170 1363.6
1169180 1363.6
1169190 1359.7
1169200 1355.6
1169210 1355.6
1169220 1350.6
1169230 1345.6
1169240 1340.6
1169250 1340.6
1169260 1333.5
1169270 1326.4
1169280 1326.4
1169290 1316.7
1169300 1306.6
1169310 1306.6
1169320 1303.5
1169330 1304.4
1169340 1304.4
1169350 1301.6
1169360 1295.7
1169370 1295.7
1169380 1291.1
1169390 1287.0
1169400 1287.0
1169410 1282.1
1169420 1276.9
1169430 1276.9
1169440 1275.5
1169450 1270.3
1169460 1270.3
1169470 1266.2
1169480 1262.0
1169490 1262.0
1169500 1256.7
1169510 1251.2
1169520 1245.8
1169530 1245.8
1169540 1241.9
1169550 1237.0
1169560 1237.0
1169570 1231.9
1169580 1227.6
1169590 1227.6
1169600 1224.0
1169610 1218.5
1169620 1218.5
1169630 1211.1
1169640 1199.8
1169650 1199.8
1169660 1188.5
1169670 1178.9
1169680 1178.9
1169690 1166.4
1169700 1153.7
1169710 1153.7
1169720 1161.4
1169730 1177.6
1169740 1177.6
1169750 1189.0
1169760 1195.4
1169770 1201.4
1169780 1201.4
1169790 1206.3
1169800 1210.3
1169810 1210.3
1169820 1215.2
1169830 1219.7
1169840 1218.7
1169850 1223.4
1169860 1227.5
1169870 1227.5
1169880 1232.2
1169890 1237.1
1169900 1237.1
1169910 1242.0
1169920 1246.7
1169930 1246.7
1169940 1249.9
1169950 1255.5
1169960 1255.5
1169970 1260.5
1169980 1265.5
1169990 1265.5
1170000 1270.2
1170010 1275.3
1170020 1275.3
1170030 1280.6
1170040 1286.2
1170050 1292.1
1170060 1292.1
1170070 1298.0
1170080 1304.0
1170090 1304.0
1170100 1310.3
1170110 1316.9
1170120 1316.9
1170130 1323.0
1170140 1329.1
1170150 1329.1
1170160 1335.3
1170170 1341.7
1170180 1341.7
1170190 1348.4
1170200 1355.6
1170210 1355.6
1170220 1363.0
1170230 1370.4
1170240 1370.4
1170250 1374.2
1170260 1381.3
1170270 1381.3
1170280 1388.7
1170290 1395.9
1170300 1395.9
1170310 1403.1
1170320 1410.2
1170330 1416.6
1170340 1416.6
1170350 1424.4
1170360 1431.9
1170370 1431.9
1170380 1437.3
1170390 1444.5
1170400 1444.5
1170410 1451.3
1170420 1456.7
1170430 1456.7
1170440 1460.8
1170450 1466.6
1170460 1466.6
1170470 1472.7
1170480 1478.6
1170490 1478.6
1170500 1484.4
1170510 1488.4
1170520 1488.4
1170530 1491.0
1170540 1494.8
1170550 1494.8
1170560 1498.8
1170570 1502.0
1170580 1502.0
1170590 1503.1
1170600 1502.8
1170610 1506.4
1170620 1506.4
1170630 1514.6
1170640 1521.2
1170650 1516.1
1170660 1519.2
1170670 1521.3
1170680 1521.3
1170690 1522.8
1170700 1522.2
1170710 1522.2
1170720 1521.8
1170730 1523.9
1170740 1523.9
1170750 1530.4
1170760 1536.7
1170770 1536.7
1170780 1540.3
1170790 1546.6
1170800 1546.6
1170810 1556.3
1170820 1564.9
1170830 1564.9
1170840 1574.0
1170850 1584.0
1170860 1594.6
1170870 1594.6
1170880 1604.9
1170890 1611.2
1170900 1611.2
1170910 1601.5
1170920 1585.8
1170930 1585.8
1170940 1587.8
1170950 1599.6
1170960 1599.6
1170970 1616.0
1170980 1631.6
1170990 1631.6
1171000 1645.8
1171010 1661.6
1171020 1661.6
1171030 1672.8
1171040 1686.3
1171050 1686.3
1171060 1701.1
1171070 1710.1
1171080 1710.1
1171090 1717.7
1171100 1726.2
1171110 1726.2
1171120 1734.2
1171130 1740.9
1171140 1747.9
1171150 1747.9
1171160 1755.5
1171170 1761.6
1171180 1761.6
1171190 1766.8
1171200 1773.2
1171210 1773.2
1171220 1779.1
1171230 1785.0
1171240 1785.0
1171250 1790.4
1171260 1795.7
1171270 1795.7
1171280 1800.2
1171290 1805.7
1171300 1805.7
1171310 1809.2
1171320 1809.6
1171330 1809.6
1171340 1810.5
1171350 1810.7
1171360 1810.7
1171370 1811.2
1171380 1812.8
1171390 1812.8
1171400 1813.9
1171410 1815.1
1171420 1816.9
1171430 1816.9
1171440 1817.1
1171450 1816.3
1171460 1816.3
1171470 1811.5
1171480 1812.0
1171490 1812.0
1171500 1813.5
1171510 1815.3
1171520 1815.3
1171530 1816.5
1171540 1816.6
1171550 1816.6
1171560 1816.8
1171570 1815.3
1171580 1815.3
1171590 1812.2
1171600 1809.0
1171610 1809.0
1171620 1807.4
1171630 1808.0
1171640 1808.0
1171650 1806.5
1171660 1802.5
1171670 1802.5
1171680 1799.7
1171690 1797.3
1171700 1793.7
1171710 1793.7
1171720 1789.7
1171730 1786.6
1171740 1786.6
1171750 1782.9
1171760 1778.4
1171770 1778.4
1171780 1771.6
1171790 1764.2
1171800 1764.2
1171810 1759.5
1171820 1756.9
1171830 1756.9
1171840 1751.1
1171850 1744.8
1171860 1744.8
1171870 1731.3
1171880 1737.3
1171890 1737.3
1171900 1741.9
1171910 1742.3
1171920 1742.3
1171930 1741.0
1171940 1738.3
1171950 1735.0
1171960 1735.0
1171970 1731.2
1171980 1731.7
1171990 1731.7
1172000 1733.4
1172010 1731.3
1172020 1731.3
1172030 1728.2
1172040 1724.3
1172050 1724.3
1172060 1718.9
1172070 1715.8
1172080 1715.8
1172090 1713.6
1172100 1711.3
1172110 1711.3
1172120 1708.9
1172130 1707.9
1172140 1707.9
1172150 1705.5
1172160 1701.1
1172170 1701.1
1172180 1696.0
1172190 1690.2
1172200 1690.2
1172210 1684.3
1172220 1685.8
1172230 1689.0
1172240 1689.0
1172250 1690.9
1172260 1688.7
1172270 1688.7
1172280 1678.5
1172290 1670.0
1172300 1670.0
1172310 1663.4
1172320 1668.2
1172330 1668.2
1172340 1675.7
1172350 1680.4
1172360 1680.4
1172370 1679.3
1172380 1676.8
1172390 1676.8
1172400 1673.7
1172410 1668.5
1172420 1668.5
1172430 1668.6
1172440 1673.8
1172450 1673.8
1172460 1679.4
1172470 1684.3
1172480 1684.3
1172490 1689.0
1172500 1693.8
1172510 1698.6
1172520 1698.6
1172530 1703.2
1172540 1708.0
1172550 1708.0
1172560 1713.0
1172570 1717.2
1172580 1717.2
1172590 1721.3
1172600 1727.0
1172610 1727.0
1172620 1732.7
1172630 1737.6
1172640 1737.6
1172650 1743.3
1172660 1749.6
1172670 1749.6
1172680 1756.7
1172690 1765.8
1172700 1765.8
1172710 1773.2
1172720 1780.5
1172730 1780.5
1172740 1789.1
1172750 1798.6
1172760 1798.6
1172770 1805.3
1172780 1812.3
1172790 1819.6
1172800 1819.6
1172810 1827.6
1172820 1835.4
1172830 1835.4
1172840 1842.5
1172850 1849.8
1172860 1849.8
1172870 1857.8
1172880 1873.4
1172890 1873.4
1172900 1879.8
1172910 1894.8
1172920 1894.8
1172930 1906.0
1172940 1909.7
1172950 1909.7
1172960 1915.1
1172970 1919.8
1172980 1919.8
1172990 1922.8
1173000 1924.7
1173010 1924.7
1173020 1927.5
1173030 1929.7
1173040 1932.1
1173050 1932.1
1173060 1934.9
1173070 1936.9
1173080 1936.9
1173090 1938.2
1173100 1930.8
1173110 1930.8
1173120 1923.5
1173130 1917.9
1173140 1917.9
1173150 1919.7
1173160 1922.1
1173170 1922.1
1173180 1924.3
1173190 1926.7
1173200 1926.7
1173210 1927.7
1173220 1925.9
1173230 1925.9
1173240 1922.6
1173250 1922.0
1173260 1922.0
1173270 1919.3
1173280 1912.0
1173290 1912.0
1173300 1904.8
1173310 1902.3
1173320 1909.0
1173330 1909.0
1173340 1916.2
1173350 1921.2
1173360 1921.2
1173370 1924.0
1173380 1925.8
1173390 1925.8
1173400 1925.6
1173410 1924.5
1173420 1924.5
1173430 1923.7
1173440 1923.1
1173450 1923.1
1173460 1922.8
1173470 1923.5
1173480 1923.5
1173490 1923.5
1173500 1923.2
1173510 1912.3
1173520 1908.6
1173530 1901.8
1173540 1901.8
1173550 1899.8
1173560 1903.8
1173570 1903.8
1173580 1907.7
1173590 1911.5
1173600 1910.9
1173610 1910.9
1173620 1915.9
1173630 1918.3
1173640 1918.3
1173650 1923.4
1173660 1930.8
1173670 1930.8
1173680 1938.5
1173690 1944.1
1173700 1944.1
1173710 1943.5
1173720 1940.7
1173730 1940.7
1173740 1938.7
1173750 1939.9
1173760 1939.9
1173770 1943.6
1173780 1949.6
1173790 1949.6
1173800 1957.4
1173810 1965.8
1173820 1965.8
1173830 1973.7
1173840 1981.3
1173850 1981.3
1173860 1988.7
1173870 1995.5
1173880 2001.8
1173890 2001.8
1173900 2007.7
1173910 2013.5
1173920 2012.1
1173930 2017.5
1173940 2023.6
1173950 2023.6
1173960 2029.7
1173970 2035.6
1173980 2035.6
1173990 2041.4
1174000 2047.5
1174010 2047.5
1174020 2052.9
1174030 2059.2
1174040 2059.2
1174050 2065.6
1174060 2071.7
1174070 2071.7
1174080 2078.5
1174090 2086.0
1174100 2086.0
1174110 2095.4
1174120 2105.8
1174130 2113.9
1174140 2113.9
1174150 2120.0
1174160 2126.7
1174170 2126.7
1174180 2134.9
1174190 2139.6
1174200 2139.6
1174210 2145.0
1174220 2151.2
1174230 2151.2
1174240 2157.7
1174250 2164.1
1174260 2164.1
1174270 2170.1
1174280 2176.1
1174290 2176.1
1174300 2182.2
1174310 2188.2
1174320 2188.2
1174330 2188.9
1174340 2194.7
1174350 2194.7
1174360 2202.2
1174370 2207.0
1174380 2207.0
1174390 2211.2
1174400 2217.1
1174410 2219.5
1174420 2219.5
1174430 2223.2
1174440 2229.1
1174450 2229.1
1174460 2236.2
1174470 2243.5
1174480 2243.5
1174490 2250.3
1174500 2256.6
1174510 2256.6
1174520 2262.8
1174530 2267.7
1174540 2267.7
1174550 2265.2
1174560 2258.4
1174570 2258.4
1174580 2251.4
1174590 2245.5
1174600 2245.5
1174610 2238.5
1174620 2224.1
1174630 2224.1
1174640 2207.6
1174650 2197.8
1174660 2197.8
1174670 2189.8
1174680 2182.7
1174690 2176.1
1174700 2176.1
1174710 2169.8
1174720 2164.0
1174730 2164.0
1174740 2156.9
1174750 2151.2
1174760 2151.2
1174770 2146.2
1174780 2141.8
1174790 2141.8
1174800 2138.4
1174810 2136.1
1174820 2136.1
1174830 2134.9
1174840 2133.4
1174850 2133.4
1174860 2132.3
1174870 2135.6
1174880 2135.6
1174890 2136.8
1174900 2135.2
1174910 2135.2
1174920 2137.9
1174930 2139.3
1174940 2137.1
1174950 2137.1
1174960 2137.1
1174970 2138.4
1174980 2138.4
1174990 2139.6
1175000 2141.4
1175010 2141.4
1175020 2142.2
1175030 2142.5
1175040 2142.5
1175050 2142.3
1175060 2142.0
1175070 2142.0
1175080 2141.1
1175090 2139.9
1175100 2139.9
1175110 2139.3
1175120 2138.8
1175130 2138.8
1175140 2136.8
1175150 2131.2
1175160 2131.2
1175170 2129.3
1175180 2127.6
1175190 2127.6
1175200 2126.1
1175210 2124.8
1175220 2123.9
1175230 2123.9
1175240 2123.7
1175250 2123.7
1175260 2123.7
1175270 2122.9
1175280 2120.6
1175290 2120.6
1175300 2116.9
1175310 2112.8
1175320 2112.8
1175330 2109.4
1175340 2107.5
1175350 2107.5
1175360 2106.6
1175370 2105.5
1175380 2105.5
1175390 2104.1
1175400 2103.2
1175410 2103.2
1175420 2102.6
1175430 2101.3
1175440 2101.3
1175450 2100.6
1175460 2102.6
1175470 2102.6
1175480 2103.7
1175490 2102.2
1175500 2100.5
1175510 2100.5
1175520 2098.4
1175530 2097.3
1175540 2097.3
1175550 2094.4
1175560 2092.5
1175570 2092.5
1175580 2092.6
1175590 2092.0
1175600 2092.0
1175610 2092.7
1175620 2095.3
1175630 2095.3
1175640 2099.0
1175650 2102.8
1175660 2102.8
1175670 2107.3
1175680 2112.1
1175690 2112.1
1175700 2117.0
1175710 2122.3
1175720 2122.3
1175730 2127.7
1175740 2132.9
1175750 2132.9
1175760 2137.6
1175770 2142.5
1175780 2149.5
1175790 2149.5
1175800 2158.0
1175810 2165.6
1175820 2165.6
1175830 2173.0
1175840 2179.8
1175850 2179.8
1175860 2180.1
1175870 2173.4
1175880 2173.4
1175890 2167.1
1175900 2160.2
1175910 2160.2
1175920 2151.1
1175930 2140.8
1175940 2140.8
1175950 2132.2
1175960 2124.4
1175970 2121.7
1175980 2113.9
1175990 2106.2
1176000 2106.2
1176010 2097.8
1176020 2089.4
1176030 2081.7
1176040 2081.7
1176050 2074.3
1176060 2069.9
1176070 2069.9
1176080 2068.3
1176090 2065.8
1176100 2065.8
1176110 2060.0
1176120 2046.7
1176130 2046.7
1176140 2033.3
1176150 2024.2
1176160 2024.2
1176170 2016.3
1176180 2009.1
1176190 2009.1
1176200 2003.7
1176210 1998.1
1176220 1998.1
1176230 1992.5
1176240 1986.9
1176250 1986.9
1176260 1981.5
1176270 1976.3
1176280 1976.3
1176290 1971.0
1176300 1965.3
1176310 1959.9
1176320 1959.9
1176330 1954.5
1176340 1949.1
1176350 1949.1
1176360 1944.1
1176370 1939.8
1176380 1942.0
1176390 1938.5
1176400 1935.7
1176410 1935.7
1176420 1934.1
1176430 1933.9
1176440 1933.9
1176450 1934.3
1176460 1936.3
1176470 1936.3
1176480 1938.3
1176490 1940.6
1176500 1940.6
1176510 1942.7
1176520 1945.0
1176530 1945.0
1176540 1947.5
1176550 1949.4
1176560 1949.4
1176570 1951.8
1176580 1955.6
1176590 1961.3
1176600 1961.3
1176610 1967.9
1176620 1974.7
1176630 1974.7
1176640 1981.4
1176650 1987.0
1176660 1987.0
1176670 1992.4
1176680 1998.6
1176690 1998.6
1176700 2004.5
1176710 2010.0
1176720 2010.0
1176730 2015.3
1176740 2020.8
1176750 2020.8
1176760 2026.5
1176770 2032.6
1176780 2032.6
1176790 2038.8
1176800 2047.6
1176810 2047.6
1176820 2054.2
1176830 2060.9
1176840 2060.9
1176850 2067.5
1176860 2076.4
1176870 2086.7
1176880 2086.7
1176890 2095.4
1176900 2102.2
1176910 2102.2
1176920 2112.3
1176930 2122.8
1176940 2122.8
1176950 2138.2
1176960 2154.9
1176970 2154.9
1176980 2165.4
1176990 2174.8
1177000 2174.8
1177010 2185.5
1177020 2195.9
1177030 2195.9
1177040 2205.2
1177050 2218.0
1177060 2218.0
1177070 2228.3
1177080 2235.5
1177090 2235.5
1177100 2242.5
1177110 2249.1
1177120 2256.0
1177130 2256.0
1177140 2261.4
1177150 2266.2
1177160 2266.2
1177170 2274.5
1177180 2286.6
1177190 2286.6
1177200 2293.5
1177210 2302.0
1177220 2302.0
1177230 2298.3
1177240 2294.2
1177250 2294.2
1177260 2289.6
1177270 2284.5
1177280 2284.5
1177290 2278.6
1177300 2273.0
1177310 2273.0
1177320 2268.0
1177330 2262.8
1177340 2262.8
1177350 2257.9
1177360 2254.2
1177370 2254.2
1177380 2250.2
1177390 2245.2
1177400 2240.1
1177410 2240.1
1177420 2236.1
1177430 2232.1
1177440 2232.1
1177450 2229.0
1177460 2226.3
1177470 2226.3
1177480 2224.3
1177490 2221.8
1177500 2221.8
1177510 2218.7
1177520 2215.0
1177530 2215.0
1177540 2209.9
1177550 2203.4
1177560 2203.4
1177570 2198.0
1177580 2196.5
1177590 2196.5
1177600 2196.5
1177610 2194.2
1177620 2194.2
1177630 2184.4
1177640 2180.5
1177650 2180.5
1177660 2176.7
1177670 2171.2
1177680 2161.8
1177690 2161.8
1177700 2151.7
1177710 2145.4
1177720 2145.4
1177730 2144.8
1177740 2146.9
1177750 2146.9
1177760 2145.2
1177770 2142.8
1177780 2142.8
1177790 2142.5
1177800 2141.6
1177810 2141.6
1177820 2138.5
1177830 2132.2
1177840 2132.2
1177850 2130.5
1177860 2131.1
1177870 2131.1
1177880 2128.5
1177890 2126.5
1177900 2126.5
1177910 2124.0
1177920 2120.0
1177930 2118.4
1177940 2118.4
1177950 2116.5
1177960 2114.9
1177970 2114.9
1177980 2113.6
1177990 2113.3
1178000 2113.3
1178010 2113.1
1178020 2112.7
1178030 2112.7
1178040 2104.8
1178050 2104.5
1178060 2104.5
1178070 2102.1
1178080 2102.7
1178090 2102.7
1178100 2104.3
1178110 2104.6
1178120 2104.6
1178130 2103.4
1178140 2102.0
1178150 2102.0
1178160 2101.2
1178170 2100.5
1178180 2100.5
1178190 2099.5
1178200 2099.7
1178210 2099.4
1178220 2099.4
1178230 2096.8
1178240 2094.3
1178250 2094.3
1178260 2091.1
1178270 2085.7
1178280 2085.7
1178290 2084.4
1178300 2080.7
1178310 2080.7
1178320 2074.5
1178330 2070.5
1178340 2070.5
1178350 2066.9
1178360 2064.6
1178370 2064.6
1178380 2062.1
1178390 2059.6
1178400 2059.6
1178410 2057.8
1178420 2055.3
1178430 2055.3
1178440 2053.2
1178450 2051.5
1178460 2048.7
1178470 2047.5
1178480 2046.3
1178490 2045.2
1178500 2045.2
1178510 2044.5
1178520 2044.2
1178530 2044.2
1178540 2043.8
1178550 2042.7
1178560 2042.7
1178570 2042.8
1178580 2043.1
1178590 2043.1
1178600 2041.3
1178610 2035.8
1178620 2035.8
1178630 2032.9
1178640 2029.5
1178650 2029.5
1178660 2024.2
1178670 2020.3
1178680 2020.3
1178690 2017.8
1178700 2015.6
1178710 2015.6
1178720 2013.8
1178730 2010.1
1178740 2010.1
1178750 2002.7
1178760 1990.4
1178770 1982.5
1178780 1982.5
1178790 1982.3
1178800 1987.0
1178810 1987.0
1178820 1990.4
1178830 1991.3
1178840 1991.3
1178850 1991.1
1178860 1988.6
1178870 1985.1
1178880 1980.5
1178890 1977.7
1178900 1977.7
1178910 1974.8
1178920 1971.3
1178930 1971.3
1178940 1967.3
1178950 1963.7
1178960 1963.7
1178970 1961.4
1178980 1960.2
1178990 1960.2
1179000 1955.5
1179010 1949.3
1179020 1946.5
1179030 1946.5
1179040 1943.5
1179050 1936.7
1179060 1936.7
1179070 1928.7
1179080 1921.1
1179090 1921.1
1179100 1913.9
1179110 1906.9
1179120 1906.9
1179130 1898.7
1179140 1891.3
1179150 1891.3
1179160 1884.5
1179170 1876.2
1179180 1876.2
1179190 1867.2
1179200 1859.7
1179210 1859.7
1179220 1854.5
1179230 1848.0
1179240 1848.0
1179250 1833.6
1179260 1821.6
1179270 1821.6
1179280 1814.1
1179290 1810.8
1179300 1805.6
1179310 1805.6
1179320 1801.6
1179330 1795.7
1179340 1795.7
1179350 1787.4
1179360 1779.3
1179370 1779.3
1179380 1770.8
1179390 1760.9
1179400 1760.9
1179410 1749.8
1179420 1736.1
1179430 1736.1
1179440 1718.7
1179450 1706.6
1179460 1706.6
1179470 1698.1
1179480 1689.9
1179490 1689.9
1179500 1679.4
1179510 1669.6
1179520 1669.6
1179530 1661.3
1179540 1654.3
1179550 1654.3
1179560 1648.5
1179570 1641.0
1179580 1630.3
1179590 1630.3
1179600 1615.1
1179610 1591.4
1179620 1591.4
1179630 1576.4
1179640 1578.4
1179650 1578.4
1179660 1572.6
1179670 1550.9
1179680 1550.9
1179690 1534.6
1179700 1523.2
1179710 1523.4
1179720 1511.3
1179730 1501.6
1179740 1501.6
1179750 1493.3
1179760 1485.5
1179770 1485.5
1179780 1478.5
1179790 1471.4
1179800 1471.4
1179810 1464.1
1179820 1456.9
1179830 1456.9
1179840 1450.3
1179850 1442.3
1179860 1435.1
1179870 1435.1
1179880 1428.9
1179890 1422.9
1179900 1422.9
1179910 1416.6
1179920 1411.3
1179930 1411.3
1179940 1406.0
1179950 1400.8
1179960 1400.8
1179970 1395.3
1179980 1389.4
1179990 1389.4
