1160000 1108.7
1160010 1106.7
1160020 1102.1
1160030 1102.1
1160040 1097.3
1160050 1092.8
1160060 1092.8
1160070 1089.0
1160080 1086.2
1160090 1086.2
1160100 1083.5
1160110 1080.1
1160120 1080.1
1160130 1075.4
1160140 1070.8
1160150 1070.8
1160160 1066.9
1160170 1063.7
1160180 1060.8
1160190 1060.8
1160200 1058.1
1160210 1055.5
1160220 1055.5
1160230 1051.7
1160240 1048.7
1160250 1048.7
1160260 1042.6
1160270 1042.5
1160280 1042.5
1160290 1041.9
1160300 1041.4
1160310 1041.4
1160320 1041.3
1160330 1041.3
1160340 1041.3
1160350 1041.3
1160360 1041.2
1160370 1041.2
1160380 1041.1
1160390 1041.0
1160400 1041.0
1160410 1040.9
1160420 1040.9
1160430 1040.9
1160440 1040.9
1160450 1040.8
1160460 1040.6
1160470 1040.6
1160480 1040.4
1160490 1040.3
1160500 1040.3
1160510 1040.1
1160520 1040.1
1160530 1040.1
1160540 1040.1
1160550 1040.0
1160560 1040.0
1160570 1039.9
1160580 1039.9
1160590 1039.9
1160600 1040.0
1160610 1039.9
1160620 1039.9
1160630 1039.8
1160640 1039.8
1160650 1039.8
1160660 1039.5
1160670 1039.5
1160680 1039.5
1160690 1039.6
1160700 1039.6
1160710 1039.6
1160720 1039.6
1160730 1039.5
1160740 1039.4
1160750 1039.4
1160760 1039.4
1160770 1039.3
1160780 1039.3
1160790 1039.2
1160800 1039.0
1160810 1039.0
1160820 1038.9
1160830 1038.8
1160840 1038.8
1160850 1038.8
1160860 1038.7
1160870 1038.7
1160880 1038.6
1160890 1038.6
1160900 1038.6
1160910 1038.5
1160920 1038.4
1160930 1038.4
1160940 1038.3
1160950 1038.2
1160960 1038.2
1160970 1038.0
1160980 1037.8
1160990 1037.7
1161000 1037.7
1161010 1037.5
1161020 1037.4
1161030 1037.4
1161040 1037.4
1161050 1037.4
1161060 1037.4
1161070 1037.5
1161080 1037.5
1161090 1037.5
1161100 1037.4
1161110 1037.3
1161120 1037.3
1161130 1037.2
1161140 1037.1
1161150 1037.1
1161160 1037.1
1161170 1037.0
1161180 1037.0
1161190 1036.8
1161200 1036.3
1161210 1036.3
1161220 1036.1
1161230 1035.9
1161240 1035.9
1161250 1035.1
1161260 1034.6
1161270 1034.9
1161280 1034.9
1161290 1035.2
1161300 1035.1
1161310 1035.1
1161320 1034.7
1161330 1034.3
1161340 1034.3
1161350 1033.5
1161360 1033.1
1161370 1033.1
1161380 1032.9
1161390 1034.6
1161400 1034.6
1161410 1039.1
1161420 1044.2
1161430 1044.2
1161440 1047.6
1161450 1051.8
1161460 1051.8
1161470 1054.6
1161480 1058.0
1161490 1058.0
1161500 1060.9
1161510 1062.3
1161520 1062.3
1161530 1063.3
1161540 1064.0
1161550 1065.1
1161560 1065.1
1161570 1067.1
1161580 1068.6
1161590 1068.6
1161600 1070.6
1161610 1072.8
1161620 1072.8
1161630 1074.2
1161640 1075.6
1161650 1075.6
1161660 1077.6
1161670 1079.6
1161680 1079.6
1161690 1080.6
1161700 1080.4
1161710 1080.4
1161720 1081.3
1161730 1083.8
1161740 1083.8
1161750 1088.1
1161760 1092.5
1161770 1092.5
1161780 1096.1
1161790 1099.6
1161800 1099.6
1161810 1103.1
1161820 1106.7
1161830 1110.3
1161840 1117.3
1161850 1121.7
1161860 1125.8
1161870 1125.8
1161880 1128.9
1161890 1131.8
1161900 1131.8
1161910 1134.4
1161920 1137.0
1161930 1137.0
1161940 1141.0
1161950 1144.8
1161960 1144.8
1161970 1148.0
1161980 1150.9
1161990 1150.9
1162000 1154.0
1162010 1158.3
1162020 1158.3
1162030 1162.3
1162040 1164.3
1162050 1164.3
1162060 1166.2
1162070 1170.1
1162080 1174.1
1162090 1174.1
1162100 1178.4
1162110 1182.2
1162120 1182.2
1162130 1185.0
1162140 1186.3
1162150 1186.3
1162160 1189.5
1162170 1192.6
1162180 1192.6
1162190 1194.2
1162200 1196.8
1162210 1196.8
1162220 1200.6
1162230 1211.0
1162240 1211.0
1162250 1213.7
1162260 1217.3
1162270 1217.3
1162280 1222.0
1162290 1226.3
1162300 1226.3
1162310 1230.6
1162320 1236.0
1162330 1236.0
1162340 1240.1
1162350 1247.3
1162360 1251.0
1162370 1251.0
1162380 1248.7
1162390 1248.8
1162400 1248.8
1162410 1253.8
1162420 1260.1
1162430 1260.1
1162440 1264.3
1162450 1264.9
1162460 1264.9
1162470 1263.5
1162480 1269.6
1162490 1269.6
1162500 1277.2
1162510 1284.1
1162520 1284.1
1162530 1290.7
1162540 1295.8
1162550 1295.8
1162560 1300.2
1162570 1299.1
1162580 1299.1
1162590 1294.0
1162600 1295.1
1162610 1295.1
1162620 1294.7
1162630 1304.4
1162640 1302.7
1162650 1302.7
1162660 1302.8
1162670 1305.5
1162680 1305.5
1162690 1306.4
1162700 1320.2
1162710 1320.2
1162720 1323.6
1162730 1325.4
1162740 1325.4
1162750 1328.5
1162760 1326.8
1162770 1326.8
1162780 1323.0
1162790 1322.6
1162800 1322.6
1162810 1322.4
1162820 1322.4
1162830 1322.4
1162840 1322.4
1162850 1323.2
1162860 1323.2
1162870 1323.9
1162880 1320.8
1162890 1319.6
1162900 1319.6
1162910 1317.3
1162920 1314.8
1162930 1314.8
1162940 1315.8
1162950 1318.9
1162960 1318.9
1162970 1323.3
1162980 1326.0
1162990 1326.0
1163000 1324.8
1163010 1328.3
1163020 1336.8
1163030 1341.3
1163040 1337.5
1163050 1337.5
1163060 1333.9
1163070 1338.3
1163080 1338.3
1163090 1342.8
1163100 1346.4
1163110 1346.4
1163120 1349.6
1163130 1350.3
1163140 1350.3
1163150 1348.8
1163160 1354.1
1163170 1365.7
1163180 1365.7
1163190 1375.4
1163200 1382.9
1163210 1382.9
1163220 1381.0
1163230 1373.2
1163240 1373.2
1163250 1369.9
1163260 1371.5
1163270 1371.5
1163280 1380.2
1163290 1391.1
1163300 1391.1
1163310 1400.2
1163320 1406.9
1163330 1406.9
1163340 1411.5
1163350 1413.8
1163360 1413.8
1163370 1414.2
1163380 1414.5
1163390 1414.5
1163400 1411.1
1163410 1406.2
1163420 1416.2
1163430 1419.3
1163440 1411.4
1163450 1417.8
1163460 1417.8
1163470 1431.2
1163480 1434.1
1163490 1434.1
1163500 1419.4
1163510 1408.1
1163520 1408.1
1163530 1408.6
1163540 1417.8
1163550 1417.8
1163560 1418.2
1163570 1414.5
1163580 1414.5
1163590 1430.2
1163600 1453.1
1163610 1453.1
1163620 1467.2
1163630 1480.9
1163640 1480.9
1163650 1485.8
1163660 1485.8
1163670 1485.8
1163680 1487.0
1163690 1490.6
1163700 1490.6
1163710 1491.4
1163720 1488.9
1163730 1486.6
1163740 1486.6
1163750 1488.3
1163760 1492.1
1163770 1492.1
1163780 1498.0
1163790 1503.0
1163800 1503.0
1163810 1506.8
1163820 1521.7
1163830 1521.7
1163840 1524.2
1163850 1524.8
1163860 1524.8
1163870 1523.5
1163880 1521.7
1163890 1521.7
1163900 1519.2
1163910 1516.5
1163920 1516.5
1163930 1515.0
1163940 1515.9
1163950 1515.9
1163960 1516.4
1163970 1518.0
1163980 1520.2
1163990 1520.2
1164000 1520.7
1164010 1521.0
1164020 1521.0
1164030 1522.9
1164040 1530.5
1164050 1530.5
1164060 1534.1
1164070 1536.7
1164080 1536.7
1164090 1530.8
1164100 1535.3
1164110 1535.3
1164120 1542.9
1164130 1542.9
1164140 1542.9
1164150 1552.1
1164160 1559.3
1164170 1559.3
1164180 1558.6
1164190 1554.5
1164200 1554.5
1164210 1557.2
1164220 1553.7
1164230 1553.7
1164240 1552.3
1164250 1551.7
1164260 1551.0
1164270 1551.0
1164280 1550.8
1164290 1549.9
1164300 1549.9
1164310 1549.1
1164320 1549.2
1164330 1549.2
1164340 1550.6
1164350 1551.4
1164360 1551.4
1164370 1552.2
1164380 1552.0
1164390 1552.0
1164400 1550.8
1164410 1549.0
1164420 1549.0
1164430 1548.2
1164440 1547.1
1164450 1547.1
1164460 1546.2
1164470 1545.8
1164480 1545.8
1164490 1546.2
1164500 1546.2
1164510 1546.2
1164520 1546.0
1164530 1545.9
1164540 1545.5
1164550 1545.5
1164560 1541.9
1164570 1534.6
1164580 1534.6
1164590 1526.2
1164600 1512.3
1164610 1508.6
1164620 1500.3
1164630 1492.7
1164640 1492.7
1164650 1484.6
1164660 1475.8
1164670 1475.8
1164680 1466.9
1164690 1458.6
1164700 1458.6
1164710 1451.5
1164720 1445.1
1164730 1445.1
1164740 1438.8
1164750 1432.5
1164760 1432.5
1164770 1426.0
1164780 1419.7
1164790 1419.7
1164800 1413.5
1164810 1407.4
1164820 1401.0
1164830 1401.0
1164840 1394.2
1164850 1386.5
1164860 1386.5
1164870 1378.4
1164880 1371.0
1164890 1371.0
1164900 1363.9
1164910 1356.3
1164920 1356.3
1164930 1348.9
1164940 1342.0
1164950 1342.0
1164960 1334.9
1164970 1327.2
1164980 1327.2
1164990 1321.0
1165000 1313.9
1165010 1312.6
1165020 1306.0
1165030 1297.8
1165040 1297.8
1165050 1288.0
1165060 1279.3
1165070 1272.5
1165080 1272.5
1165090 1258.7
1165100 1249.3
1165110 1249.3
1165120 1237.6
1165130 1228.3
1165140 1228.3
1165150 1217.4
1165160 1203.1
1165170 1203.1
1165180 1192.5
1165190 1180.2
1165200 1180.2
1165210 1175.2
1165220 1181.8
1165230 1181.8
1165240 1194.8
1165250 1211.3
1165260 1211.3
1165270 1228.9
1165280 1242.5
1165290 1242.5
1165300 1249.5
1165310 1254.8
1165320 1254.8
1165330 1260.9
1165340 1266.9
1165350 1272.7
1165360 1272.7
1165370 1278.0
1165380 1281.9
1165390 1281.9
1165400 1284.0
1165410 1287.2
1165420 1287.2
1165430 1292.0
1165440 1296.7
1165450 1296.7
1165460 1302.1
1165470 1309.5
1165480 1309.5
1165490 1315.8
1165500 1321.1
1165510 1321.1
1165520 1324.6
1165530 1328.3
1165540 1328.3
1165550 1332.4
1165560 1336.7
1165570 1336.7
1165580 1340.5
1165590 1343.6
1165600 1343.6
1165610 1345.8
1165620 1348.9
1165630 1350.0
1165640 1350.0
1165650 1346.2
1165660 1347.9
1165670 1347.9
1165680 1351.4
1165690 1354.4
1165700 1354.4
1165710 1355.3
1165720 1358.7
1165730 1358.7
1165740 1365.3
1165750 1370.9
1165760 1370.9
1165770 1376.3
1165780 1379.2
1165790 1379.2
1165800 1382.6
1165810 1394.0
1165820 1394.0
1165830 1401.4
1165840 1407.5
1165850 1407.5
1165860 1413.7
1165870 1419.4
1165880 1419.4
1165890 1424.7
1165900 1429.0
1165910 1427.8
1165920 1427.8
1165930 1426.2
1165940 1430.4
1165950 1430.4
1165960 1437.0
1165970 1443.3
1165980 1443.3
1165990 1446.0
1166000 1451.5
1166010 1451.5
1166020 1458.4
1166030 1465.0
1166040 1465.0
1166050 1469.6
1166060 1470.3
1166070 1470.3
1166080 1469.0
1166090 1473.8
1166100 1473.8
1166110 1476.4
1166120 1480.1
1166130 1480.1
1166140 1483.4
1166150 1485.2
1166160 1487.1
1166170 1487.1
1166180 1489.1
1166190 1492.2
1166200 1492.2
1166210 1507.9
1166220 1512.4
1166230 1512.4
1166240 1516.6
1166250 1521.3
1166260 1521.3
1166270 1518.8
1166280 1520.3
1166290 1520.3
1166300 1527.6
1166310 1535.6
1166320 1535.6
1166330 1544.7
1166340 1552.9
1166350 1552.9
1166360 1557.8
1166370 1562.9
1166380 1562.9
1166390 1568.8
1166400 1575.5
1166410 1575.5
1166420 1583.2
1166430 1590.8
1166440 1598.9
1166450 1598.9
1166460 1612.7
1166470 1630.5
1166480 1630.5
1166490 1643.9
1166500 1646.7
1166510 1646.7
1166520 1648.3
1166530 1659.4
1166540 1659.4
1166550 1672.7
1166560 1680.3
1166570 1680.3
1166580 1685.8
1166590 1690.3
1166600 1690.3
1166610 1700.0
1166620 1705.2
1166630 1705.2
1166640 1710.7
1166650 1715.7
1166660 1715.7
1166670 1721.2
1166680 1726.5
1166690 1726.5
1166700 1731.0
1166710 1735.1
1166720 1739.7
1166730 1739.7
1166740 1743.6
1166750 1746.7
1166760 1746.7
1166770 1752.5
1166780 1759.8
1166790 1759.8
1166800 1764.9
1166810 1770.6
1166820 1770.6
1166830 1776.9
1166840 1782.9
1166850 1782.9
1166860 1788.4
1166870 1793.4
1166880 1793.4
1166890 1796.9
1166900 1802.1
1166910 1802.1
1166920 1809.2
1166930 1815.1
1166940 1815.1
1166950 1821.2
1166960 1831.0
1166970 1831.0
1166980 1839.0
1166990 1846.0
1167000 1851.3
1167010 1857.6
1167020 1863.9
1167030 1870.2
1167040 1870.2
1167050 1876.6
1167060 1882.5
1167070 1882.5
1167080 1888.0
1167090 1892.9
1167100 1892.9
1167110 1899.8
1167120 1908.2
1167130 1908.2
1167140 1915.5
1167150 1922.8
1167160 1922.8
1167170 1930.0
1167180 1937.2
1167190 1937.2
1167200 1944.0
1167210 1950.9
1167220 1950.9
1167230 1957.9
1167240 1965.3
1167250 1972.0
1167260 1972.0
1167270 1979.0
1167280 1985.9
1167290 1985.9
1167300 1992.7
1167310 1999.5
1167320 1999.5
1167330 2006.6
1167340 2013.0
1167350 2013.0
1167360 2019.4
1167370 2025.8
1167380 2025.8
1167390 2031.2
1167400 2035.7
1167410 2037.4
1167420 2041.5
1167430 2044.8
1167440 2044.8
1167450 2046.8
1167460 2048.1
1167470 2048.1
1167480 2049.1
1167490 2051.7
1167500 2051.7
1167510 2054.7
1167520 2054.4
1167530 2053.7
1167540 2053.7
1167550 2054.2
1167560 2055.0
1167570 2055.0
1167580 2057.5
1167590 2055.7
1167600 2055.7
1167610 2055.2
1167620 2054.9
1167630 2054.9
1167640 2053.6
1167650 2054.1
1167660 2054.1
1167670 2054.4
1167680 2053.0
1167690 2053.0
1167700 2049.7
1167710 2045.1
1167720 2045.1
1167730 2043.0
1167740 2041.5
1167750 2041.5
1167760 2039.7
1167770 2035.6
1167780 2035.6
1167790 2031.4
1167800 2027.3
1167810 2025.6
1167820 2025.6
1167830 2021.6
1167840 2015.1
1167850 2015.1
1167860 2009.2
1167870 2003.4
1167880 2003.4
1167890 1998.0
1167900 1991.5
1167910 1991.5
1167920 1986.6
1167930 1981.6
1167940 1981.6
1167950 1976.3
1167960 1970.1
1167970 1970.1
1167980 1964.4
1167990 1958.8
1168000 1958.8
1168010 1953.3
1168020 1946.8
1168030 1946.8
1168040 1940.5
1168050 1934.7
1168060 1934.7
1168070 1928.4
1168080 1923.3
1168090 1917.5
1168100 1917.5
1168110 1911.9
1168120 1907.3
1168130 1907.3
1168140 1900.1
1168150 1893.4
1168160 1893.4
1168170 1887.1
1168180 1881.2
1168190 1881.2
1168200 1873.5
1168210 1865.5
1168220 1865.5
1168230 1860.5
1168240 1855.3
1168250 1855.3
1168260 1850.3
1168270 1843.9
1168280 1843.9
1168290 1837.3
1168300 1830.2
1168310 1830.2
1168320 1823.3
1168330 1814.0
1168340 1800.5
1168350 1800.5
1168360 1791.4
1168370 1783.0
1168380 1783.0
1168390 1773.7
1168400 1764.7
1168410 1764.7
1168420 1756.5
1168430 1748.7
1168440 1748.7
1168450 1742.1
1168460 1736.2
1168470 1736.2
1168480 1730.4
1168490 1725.1
1168500 1725.1
1168510 1720.0
1168520 1715.4
1168530 1715.4
1168540 1710.0
1168550 1703.3
1168560 1703.3
1168570 1695.2
1168580 1688.5
1168590 1688.5
1168600 1680.3
1168610 1671.2
1168620 1663.9
1168630 1663.9
1168640 1656.5
1168650 1647.5
1168660 1647.5
1168670 1639.5
1168680 1629.4
1168690 1629.4
1168700 1619.5
1168710 1611.2
1168720 1611.2
1168730 1602.7
1168740 1594.6
1168750 1594.6
1168760 1586.4
1168770 1578.8
1168780 1578.8
1168790 1572.5
1168800 1566.7
1168810 1566.7
1168820 1560.7
1168830 1557.5
1168840 1557.5
1168850 1551.2
1168860 1543.0
1168870 1543.0
1168880 1534.1
1168890 1521.9
1168900 1513.9
1168910 1513.9
1168920 1514.1
1168930 1514.0
1168940 1514.0
1168950 1514.4
1168960 1516.9
1168970 1516.9
1168980 1519.3
1168990 1521.2
1169000 1521.2
1169010 1522.5
1169020 1528.5
1169030 1528.5
1169040 1522.6
1169050 1517.2
1169060 1517.2
1169070 1511.2
1169080 1505.8
1169090 1505.8
1169100 1500.7
1169110 1498.1
1169120 1498.1
1169130 1491.4
1169140 1484.9
1169150 1480.3
1169160 1480.3
1169170 1474.4
1169180 1470.9
1169190 1470.9
1169200 1465.9
1169210 1460.1
1169220 1460.1
1169230 1452.1
1169240 1443.2
1169250 1443.2
1169260 1432.9
1169270 1422.9
1169280 1422.9
1169290 1415.5
1169300 1408.6
1169310 1408.6
1169320 1401.9
1169330 1395.5
1169340 1395.5
1169350 1389.1
1169360 1382.7
1169370 1382.7
1169380 1376.5
1169390 1369.2
1169400 1369.2
1169410 1361.2
1169420 1356.3
1169430 1351.0
1169440 1351.0
1169450 1347.3
1169460 1343.1
1169470 1343.1
1169480 1338.9
1169490 1334.4
1169500 1334.4
1169510 1329.7
1169520 1325.0
1169530 1325.0
1169540 1319.8
1169550 1313.9
1169560 1313.9
1169570 1307.5
1169580 1300.7
1169590 1300.7
1169600 1293.7
1169610 1287.4
1169620 1287.4
1169630 1281.6
1169640 1276.3
1169650 1276.3
1169660 1271.5
1169670 1267.7
1169680 1267.7
1169690 1263.9
1169700 1260.2
1169710 1257.1
1169720 1257.1
1169730 1253.8
1169740 1251.2
1169750 1251.2
1169760 1246.4
1169770 1237.1
1169780 1237.1
1169790 1230.3
1169800 1226.4
1169810 1226.4
1169820 1225.0
1169830 1223.3
1169840 1223.3
1169850 1218.3
1169860 1214.0
1169870 1214.0
1169880 1213.7
1169890 1211.9
1169900 1211.9
1169910 1204.0
1169920 1188.9
1169930 1188.9
1169940 1177.3
1169950 1170.9
1169960 1170.9
1169970 1169.2
1169980 1166.5
1169990 1170.3
1170000 1170.3
1170010 1176.8
1170020 1184.4
1170030 1184.4
1170040 1190.5
1170050 1198.6
1170060 1198.6
1170070 1203.2
1170080 1209.2
1170090 1209.2
1170100 1214.7
1170110 1220.3
1170120 1220.3
1170130 1226.0
1170140 1231.6
1170150 1231.6
1170160 1236.2
1170170 1240.5
1170180 1240.5
1170190 1243.9
1170200 1249.2
1170210 1249.2
1170220 1255.7
1170230 1257.0
1170240 1262.7
1170250 1262.7
1170260 1267.8
1170270 1272.8
1170280 1272.8
1170290 1278.2
1170300 1283.4
1170310 1283.4
1170320 1288.4
1170330 1293.4
1170340 1293.4
1170350 1298.8
1170360 1304.3
1170370 1304.3
1170380 1311.4
1170390 1318.1
1170400 1318.1
1170410 1322.9
1170420 1328.8
1170430 1328.8
1170440 1335.4
1170450 1341.7
1170460 1341.7
1170470 1345.4
1170480 1348.1
1170490 1348.1
1170500 1351.2
1170510 1354.1
1170520 1357.1
1170530 1357.1
1170540 1359.0
1170550 1357.4
1170560 1357.4
1170570 1352.2
1170580 1348.2
1170590 1348.2
1170600 1347.4
1170610 1355.6
1170620 1355.6
1170630 1362.6
1170640 1364.1
1170650 1364.1
1170660 1372.3
1170670 1379.9
1170680 1379.9
1170690 1386.7
1170700 1393.7
1170710 1393.7
1170720 1400.3
1170730 1407.3
1170740 1407.3
1170750 1414.1
1170760 1421.2
1170770 1421.2
1170780 1428.4
1170790 1434.6
1170800 1439.0
1170810 1439.0
1170820 1443.2
1170830 1449.8
1170840 1449.8
1170850 1458.1
1170860 1465.5
1170870 1465.5
1170880 1471.8
1170890 1477.4
1170900 1477.4
1170910 1483.6
1170920 1490.3
1170930 1490.3
1170940 1497.6
1170950 1505.6
1170960 1505.6
1170970 1513.7
1170980 1521.7
1170990 1521.7
1171000 1528.9
1171010 1534.6
1171020 1534.6
1171030 1539.5
1171040 1540.4
1171050 1540.4
1171060 1546.6
1171070 1550.8
1171080 1551.1
1171090 1551.1
1171100 1553.2
1171110 1560.2
1171120 1560.2
1171130 1570.6
1171140 1581.5
1171150 1581.5
1171160 1590.3
1171170 1597.8
1171180 1597.8
1171190 1604.6
1171200 1611.4
1171210 1611.4
1171220 1618.2
1171230 1625.1
1171240 1625.1
1171250 1631.0
1171260 1636.2
1171270 1636.2
1171280 1640.1
1171290 1641.7
1171300 1641.7
1171310 1641.6
1171320 1642.6
1171330 1645.6
1171340 1645.6
1171350 1648.1
1171360 1650.9
1171370 1650.9
1171380 1649.5
1171390 1650.2
1171400 1650.2
1171410 1649.0
1171420 1647.4
1171430 1647.4
1171440 1648.1
1171450 1637.8
1171460 1637.8
1171470 1639.1
1171480 1639.9
1171490 1639.9
1171500 1639.4
1171510 1640.2
1171520 1640.2
1171530 1641.5
1171540 1642.1
1171550 1642.1
1171560 1642.1
1171570 1640.8
1171580 1640.8
1171590 1639.0
1171600 1635.6
1171610 1632.4
1171620 1632.4
1171630 1631.4
1171640 1627.1
1171650 1627.1
1171660 1622.3
1171670 1618.7
1171680 1618.7
1171690 1610.6
1171700 1604.0
1171710 1604.0
1171720 1601.4
1171730 1596.8
1171740 1596.8
1171750 1592.1
1171760 1587.6
1171770 1587.6
1171780 1582.1
1171790 1577.1
1171800 1577.1
1171810 1577.0
1171820 1574.1
1171830 1574.1
1171840 1570.1
1171850 1565.5
1171860 1551.5
1171870 1545.5
1171880 1545.3
1171890 1544.5
1171900 1544.5
1171910 1535.0
1171920 1524.7
1171930 1524.7
1171940 1515.9
1171950 1507.8
1171960 1507.8
1171970 1511.4
1171980 1516.3
1171990 1516.3
1172000 1517.9
1172010 1515.9
1172020 1515.9
1172030 1512.1
1172040 1505.3
1172050 1505.3
1172060 1503.7
1172070 1509.9
1172080 1509.9
1172090 1518.8
1172100 1525.1
1172110 1525.1
1172120 1528.9
1172130 1531.4
1172140 1531.4
1172150 1535.2
1172160 1542.0
1172170 1549.1
1172180 1549.1
1172190 1555.1
1172200 1562.7
1172210 1562.7
1172220 1576.3
1172230 1591.5
1172240 1591.5
1172250 1604.9
1172260 1618.3
1172270 1618.3
1172280 1627.2
1172290 1636.4
1172300 1636.4
1172310 1644.0
1172320 1650.9
1172330 1650.9
1172340 1657.4
1172350 1666.8
1172360 1666.8
1172370 1677.8
1172380 1690.2
1172390 1690.2
1172400 1694.8
1172410 1699.0
1172420 1709.1
1172430 1709.1
1172440 1716.8
1172450 1718.5
1172460 1718.5
1172470 1728.7
1172480 1740.2
1172490 1740.2
1172500 1744.7
1172510 1747.0
1172520 1747.0
1172530 1746.7
1172540 1745.7
1172550 1745.7
1172560 1747.7
1172570 1747.3
1172580 1747.3
1172590 1746.4
1172600 1740.8
1172610 1740.8
1172620 1735.2
1172630 1735.5
1172640 1735.5
1172650 1732.8
1172660 1733.3
1172670 1724.8
1172680 1727.9
1172690 1731.7
1172700 1735.1
1172710 1735.1
1172720 1737.1
1172730 1734.6
1172740 1734.6
1172750 1729.2
1172760 1726.0
1172770 1726.0
1172780 1724.4
1172790 1722.8
1172800 1722.8
1172810 1719.1
1172820 1710.0
1172830 1710.0
1172840 1712.1
1172850 1713.4
1172860 1713.4
1172870 1712.3
1172880 1709.6
1172890 1709.6
1172900 1704.4
1172910 1700.7
1172920 1700.7
1172930 1700.1
1172940 1696.4
1172950 1696.4
1172960 1696.2
1172970 1697.6
1172980 1698.8
1172990 1698.8
1173000 1699.1
1173010 1699.8
1173020 1699.8
1173030 1700.5
1173040 1699.5
1173050 1699.5
1173060 1699.2
1173070 1699.3
1173080 1691.4
1173090 1693.5
1173100 1695.2
1173110 1695.2
1173120 1696.0
1173130 1696.4
1173140 1696.4
1173150 1697.7
1173160 1697.9
1173170 1697.9
1173180 1696.7
1173190 1698.3
1173200 1698.3
1173210 1699.1
1173220 1700.3
1173230 1701.3
1173240 1701.3
1173250 1703.1
1173260 1705.9
1173270 1705.9
1173280 1708.4
1173290 1707.9
1173300 1707.9
1173310 1706.3
1173320 1706.5
1173330 1706.5
1173340 1710.5
1173350 1718.2
1173360 1718.2
1173370 1724.2
1173380 1730.3
1173390 1730.3
1173400 1736.5
1173410 1742.5
1173420 1742.5
1173430 1750.3
1173440 1758.9
1173450 1758.9
1173460 1767.3
1173470 1775.6
1173480 1775.6
1173490 1784.7
1173500 1783.4
1173510 1782.8
1173520 1782.8
1173530 1786.1
1173540 1790.4
1173550 1790.4
1173560 1795.6
1173570 1801.0
1173580 1801.0
1173590 1806.2
1173600 1812.2
1173610 1812.2
1173620 1821.3
1173630 1828.7
1173640 1828.7
1173650 1832.6
1173660 1838.0
1173670 1838.0
1173680 1841.8
1173690 1847.0
1173700 1847.0
1173710 1855.5
1173720 1862.4
1173730 1862.4
1173740 1865.1
1173750 1871.4
1173760 1871.4
1173770 1875.9
1173780 1881.8
1173790 1888.2
1173800 1888.2
1173810 1895.1
1173820 1901.5
1173830 1901.5
1173840 1908.0
1173850 1914.2
1173860 1914.2
1173870 1921.2
1173880 1928.8
1173890 1928.8
1173900 1935.9
1173910 1943.1
1173920 1943.1
1173930 1950.4
1173940 1958.3
1173950 1958.3
1173960 1966.5
1173970 1974.9
1173980 1974.9
1173990 1982.8
1174000 1990.9
1174010 1990.9
1174020 2000.0
1174030 2011.8
1174040 2011.8
1174050 2018.5
1174060 2022.0
1174070 2027.0
1174080 2027.0
1174090 2032.4
1174100 2039.6
1174110 2039.6
1174120 2045.9
1174130 2051.7
1174140 2051.7
1174150 2057.9
1174160 2063.2
1174170 2063.2
1174180 2068.7
1174190 2074.2
1174200 2074.2
1174210 2080.1
1174220 2085.7
1174230 2085.7
1174240 2091.1
1174250 2096.8
1174260 2096.8
1174270 2102.6
1174280 2109.4
1174290 2109.4
1174300 2117.3
1174310 2122.6
1174320 2130.2
1174330 2130.2
1174340 2138.8
1174350 2149.0
1174360 2149.0
1174370 2158.2
1174380 2169.2
1174390 2169.2
1174400 2177.3
1174410 2185.5
1174420 2185.5
1174430 2193.3
1174440 2200.1
1174450 2200.1
1174460 2205.8
1174470 2213.8
1174480 2213.8
1174490 2223.0
1174500 2232.8
1174510 2232.8
1174520 2241.8
1174530 2250.3
1174540 2250.3
1174550 2258.1
1174560 2265.2
1174570 2265.2
1174580 2272.4
1174590 2279.9
1174600 2287.5
1174610 2287.5
1174620 2294.5
1174630 2301.3
1174640 2301.3
1174650 2308.3
1174660 2315.1
1174670 2315.1
1174680 2321.8
1174690 2324.8
1174700 2324.8
1174710 2319.7
1174720 2326.1
1174730 2326.1
1174740 2322.0
1174750 2316.6
1174760 2316.6
1174770 2302.7
1174780 2293.9
1174790 2293.9
1174800 2287.1
1174810 2286.5
1174820 2286.5
1174830 2287.0
1174840 2279.3
1174850 2279.3
1174860 2275.6
1174870 2272.9
1174880 2269.1
1174890 2269.1
1174900 2261.2
1174910 2258.8
1174920 2258.8
1174930 2258.7
1174940 2259.8
1174950 2259.8
1174960 2261.3
1174970 2265.0
1174980 2265.0
1174990 2273.2
1175000 2280.6
1175010 2280.6
1175020 2283.0
1175030 2282.9
1175040 2282.9
1175050 2283.9
1175060 2284.3
1175070 2284.3
1175080 2284.1
1175090 2283.7
1175100 2283.7
1175110 2285.4
1175120 2287.9
1175130 2299.2
1175140 2299.2
1175150 2300.1
1175160 2301.0
1175170 2301.0
1175180 2303.5
1175190 2304.7
1175200 2304.7
1175210 2306.1
1175220 2306.7
1175230 2306.7
1175240 2294.8
1175250 2274.5
1175260 2274.5
1175270 2263.0
1175280 2260.2
1175290 2260.2
1175300 2254.3
1175310 2248.7
1175320 2248.7
1175330 2244.0
1175340 2239.3
1175350 2239.3
1175360 2234.6
1175370 2230.8
1175380 2230.8
1175390 2229.4
1175400 2229.0
1175410 2231.0
1175420 2231.0
1175430 2234.2
1175440 2243.4
1175450 2243.4
1175460 2249.0
1175470 2247.0
1175480 2247.0
1175490 2247.5
1175500 2253.2
1175510 2253.2
1175520 2259.5
1175530 2264.5
1175540 2275.2
1175550 2280.2
1175560 2283.1
1175570 2283.1
1175580 2286.9
1175590 2289.4
1175600 2289.4
1175610 2288.1
1175620 2284.0
1175630 2284.0
1175640 2273.3
1175650 2254.4
1175660 2254.4
1175670 2244.0
1175680 2235.4
1175690 2226.9
1175700 2226.9
1175710 2218.7
1175720 2210.6
1175730 2210.6
1175740 2202.9
1175750 2195.9
1175760 2195.9
1175770 2189.4
1175780 2182.6
1175790 2182.6
1175800 2175.3
1175810 2168.0
1175820 2168.0
1175830 2161.0
1175840 2154.5
1175850 2154.5
1175860 2148.2
1175870 2142.2
1175880 2142.2
1175890 2136.3
1175900 2130.7
1175910 2130.7
1175920 2125.0
1175930 2119.1
1175940 2112.9
1175950 2109.6
1175960 2103.8
1175970 2098.1
1175980 2098.1
1175990 2092.9
1176000 2088.9
1176010 2088.9
1176020 2085.7
1176030 2082.8
1176040 2082.8
1176050 2079.5
1176060 2075.8
1176070 2075.8
1176080 2071.9
1176090 2068.2
1176100 2068.2
1176110 2065.2
1176120 2062.9
1176130 2062.9
1176140 2060.6
1176150 2058.1
1176160 2058.1
1176170 2055.7
1176180 2053.1
1176190 2053.1
1176200 2050.5
1176210 2048.1
1176220 2045.4
1176230 2045.4
1176240 2042.6
1176250 2040.3
1176260 2040.3
1176270 2038.0
1176280 2035.8
1176290 2035.8
1176300 2033.6
1176310 2031.5
1176320 2031.5
1176330 2029.3
1176340 2027.2
1176350 2027.2
1176360 2025.1
1176370 2023.4
1176380 2023.4
1176390 2021.2
1176400 2019.2
1176410 2019.2
1176420 2017.0
1176430 2016.3
1176440 2016.3
1176450 2016.1
1176460 2014.9
1176470 2014.9
1176480 2013.2
1176490 2011.6
1176500 2011.3
1176510 2011.3
1176520 2011.6
1176530 2013.1
1176540 2013.1
1176550 2015.5
1176560 2017.9
1176570 2017.9
1176580 2019.9
1176590 2022.3
1176600 2022.3
1176610 2025.2
1176620 2028.9
1176630 2028.9
1176640 2033.9
1176650 2039.4
1176660 2039.4
1176670 2044.8
1176680 2049.7
1176690 2049.7
1176700 2054.7
1176710 2060.0
1176720 2060.0
1176730 2065.2
1176740 2069.9
1176750 2069.9
1176760 2074.7
1176770 2079.5
1176780 2089.0
1176790 2089.0
1176800 2093.9
1176810 2098.5
1176820 2098.5
1176830 2103.0
1176840 2107.4
1176850 2107.4
1176860 2111.5
1176870 2116.9
1176880 2116.9
1176890 2123.2
1176900 2129.7
1176910 2129.7
1176920 2136.3
1176930 2143.0
1176940 2143.0
1176950 2149.6
1176960 2156.3
1176970 2156.3
1176980 2163.4
1176990 2170.3
1177000 2170.3
1177010 2177.5
1177020 2184.2
1177030 2190.6
1177040 2190.6
1177050 2196.9
1177060 2203.8
1177070 2203.8
1177080 2213.0
1177090 2226.1
1177100 2226.1
1177110 2240.0
1177120 2247.1
1177130 2247.1
1177140 2253.6
1177150 2258.7
1177160 2258.7
1177170 2263.0
1177180 2269.3
1177190 2281.0
1177200 2281.2
1177210 2272.4
1177220 2272.4
1177230 2263.6
1177240 2256.3
1177250 2256.3
1177260 2247.8
1177270 2239.8
1177280 2239.8
1177290 2229.6
1177300 2217.0
1177310 2204.8
1177320 2204.8
1177330 2197.4
1177340 2185.7
1177350 2185.7
1177360 2177.2
1177370 2170.7
1177380 2170.7
1177390 2163.6
1177400 2156.2
1177410 2156.2
1177420 2149.2
1177430 2142.5
1177440 2142.5
1177450 2136.5
1177460 2130.8
1177470 2130.8
1177480 2124.8
1177490 2119.4
1177500 2119.4
1177510 2110.7
1177520 2102.4
1177530 2102.4
1177540 2095.3
1177550 2088.0
1177560 2088.0
1177570 2081.4
1177580 2074.9
1177590 2068.7
1177600 2068.7
1177610 2065.1
1177620 2057.6
1177630 2057.6
1177640 2049.9
1177650 2041.9
1177660 2041.9
1177670 2033.5
1177680 2025.6
1177690 2025.6
1177700 2017.4
1177710 2009.1
1177720 2009.1
1177730 2007.2
1177740 2007.9
1177750 2007.9
1177760 2006.0
1177770 2002.1
1177780 2002.1
1177790 1998.0
1177800 1991.4
1177810 1991.4
1177820 1982.3
1177830 1971.5
1177840 1964.8
1177850 1964.8
1177860 1959.7
1177870 1955.8
1177880 1955.8
1177890 1954.9
1177900 1949.9
1177910 1949.9
1177920 1947.0
1177930 1941.2
1177940 1941.2
1177950 1936.5
1177960 1936.2
1177970 1936.2
1177980 1932.3
1177990 1927.7
1178000 1927.7
1178010 1923.3
1178020 1913.0
1178030 1913.0
1178040 1912.4
1178050 1911.1
1178060 1911.1
1178070 1907.2
1178080 1902.1
1178090 1902.1
1178100 1894.3
1178110 1891.5
1178120 1896.8
1178130 1896.8
1178140 1899.4
1178150 1902.8
1178160 1902.8
1178170 1905.8
1178180 1909.5
1178190 1909.5
1178200 1910.4
1178210 1909.1
1178220 1909.1
1178230 1907.9
1178240 1910.2
1178250 1910.2
1178260 1915.2
1178270 1918.9
1178280 1918.9
1178290 1921.6
1178300 1925.6
1178310 1925.6
1178320 1927.7
1178330 1928.7
1178340 1928.7
1178350 1929.2
1178360 1929.7
1178370 1929.7
1178380 1929.1
1178390 1928.7
1178400 1927.7
1178410 1927.7
1178420 1925.3
1178430 1920.5
1178440 1915.1
1178450 1910.3
1178460 1906.0
1178470 1906.0
1178480 1903.3
1178490 1897.9
1178500 1897.9
1178510 1891.4
1178520 1884.6
1178530 1884.6
1178540 1884.1
1178550 1890.0
1178560 1890.0
1178570 1894.4
1178580 1896.2
1178590 1896.2
1178600 1896.8
1178610 1897.1
1178620 1897.1
1178630 1897.6
1178640 1897.9
1178650 1897.9
1178660 1898.2
1178670 1897.9
1178680 1896.2
1178690 1896.2
1178700 1894.9
1178710 1892.1
1178720 1892.1
1178730 1888.8
1178740 1883.7
1178750 1883.7
1178760 1872.6
1178770 1866.2
1178780 1866.2
1178790 1851.7
1178800 1836.9
1178810 1836.9
1178820 1826.0
1178830 1815.9
1178840 1815.9
1178850 1804.6
1178860 1794.1
1178870 1794.1
1178880 1785.6
1178890 1777.9
1178900 1777.9
1178910 1771.9
1178920 1773.3
1178930 1774.4
1178940 1774.4
1178950 1774.4
1178960 1779.3
1178970 1779.3
1178980 1776.6
1178990 1776.5
1179000 1776.5
1179010 1779.9
1179020 1780.4
1179030 1780.4
1179040 1778.9
1179050 1776.3
1179060 1776.3
1179070 1773.2
1179080 1768.1
1179090 1768.1
1179100 1763.9
1179110 1761.3
1179120 1761.3
1179130 1758.7
1179140 1753.6
1179150 1753.6
1179160 1752.8
1179170 1753.6
1179180 1753.6
1179190 1751.4
1179200 1750.0
1179210 1748.4
1179220 1748.4
1179230 1744.7
1179240 1741.0
1179250 1741.0
1179260 1738.3
1179270 1725.5
1179280 1725.5
1179290 1719.9
1179300 1712.9
1179310 1712.9
1179320 1706.6
1179330 1700.4
1179340 1700.4
1179350 1693.7
1179360 1687.0
1179370 1687.0
1179380 1681.3
1179390 1676.1
1179400 1676.1
1179410 1671.0
1179420 1666.0
1179430 1666.0
1179440 1660.1
1179450 1652.2
1179460 1652.2
1179470 1641.6
1179480 1634.2
1179490 1631.0
1179500 1631.0
1179510 1625.7
1179520 1619.1
1179530 1619.1
1179540 1614.1
1179550 1614.6
1179560 1614.6
1179570 1614.6
1179580 1608.1
1179590 1608.1
1179600 1598.9
1179610 1590.5
1179620 1590.5
1179630 1583.7
1179640 1577.3
1179650 1577.3
1179660 1571.1
1179670 1564.0
1179680 1564.0
1179690 1549.4
1179700 1539.0
1179710 1539.0
1179720 1526.3
1179730 1512.9
1179740 1502.0
1179750 1502.0
1179760 1494.2
1179770 1486.6
1179780 1486.6
1179790 1480.0
1179800 1472.5
1179810 1472.5
1179820 1463.6
1179830 1455.6
1179840 1455.6
1179850 1448.2
1179860 1440.8
1179870 1440.8
1179880 1433.5
1179890 1426.7
1179900 1426.7
1179910 1420.6
1179920 1415.1
1179930 1415.1
1179940 1409.8
1179950 1404.3
1179960 1404.3
1179970 1398.8
1179980 1392.4
1179990 1392.4
