1160000 1142.3
1160010 1142.3
1160020 1139.6
1160030 1137.7
1160040 1136.0
1160050 1136.0
1160060 1133.0
1160070 1129.2
1160080 1131.9
1160090 1128.4
1160100 1125.6
1160110 1125.6
1160120 1122.8
1160130 1119.4
1160140 1119.4
1160150 1116.1
1160160 1113.3
1160170 1113.3
1160180 1111.0
1160190 1108.5
1160200 1108.5
1160210 1105.0
1160220 1100.8
1160230 1100.8
1160240 1096.3
1160250 1091.9
1160260 1091.9
1160270 1087.3
1160280 1082.2
1160290 1082.2
1160300 1076.6
1160310 1071.0
1160320 1064.9
1160330 1064.9
1160340 1058.8
1160350 1053.2
1160360 1053.2
1160370 1049.1
1160380 1047.9
1160390 1047.9
1160400 1047.6
1160410 1047.6
1160420 1047.6
1160430 1047.4
1160440 1047.0
1160450 1047.0
1160460 1046.5
1160470 1044.0
1160480 1044.0
1160490 1043.3
1160500 1043.4
1160510 1043.4
1160520 1042.8
1160530 1042.0
1160540 1042.0
1160550 1041.8
1160560 1041.2
1160570 1040.5
1160580 1040.5
1160590 1040.3
1160600 1041.2
1160610 1041.2
1160620 1042.0
1160630 1041.3
1160640 1041.3
1160650 1040.4
1160660 1040.1
1160670 1040.1
1160680 1039.9
1160690 1039.8
1160700 1039.8
1160710 1039.8
1160720 1039.7
1160730 1039.7
1160740 1039.6
1160750 1039.5
1160760 1039.5
1160770 1039.3
1160780 1039.2
1160790 1039.2
1160800 1039.1
1160810 1038.9
1160820 1038.9
1160830 1038.9
1160840 1038.8
1160850 1038.7
1160860 1038.7
1160870 1038.5
1160880 1038.5
1160890 1038.5
1160900 1038.5
1160910 1038.5
1160920 1038.5
1160930 1038.4
1160940 1038.3
1160950 1038.3
1160960 1038.3
1160970 1038.3
1160980 1038.3
1160990 1038.1
1161000 1037.9
1161010 1037.9
1161020 1037.8
1161030 1037.7
1161040 1037.7
1161050 1037.7
1161060 1037.6
1161070 1037.6
1161080 1037.4
1161090 1037.4
1161100 1037.4
1161110 1037.3
1161120 1037.3
1161130 1037.2
1161140 1037.2
1161150 1037.2
1161160 1037.2
1161170 1037.2
1161180 1037.3
1161190 1037.2
1161200 1037.2
1161210 1037.2
1161220 1037.1
1161230 1037.1
1161240 1037.0
1161250 1036.9
1161260 1037.1
1161270 1036.9
1161280 1036.7
1161290 1036.7
1161300 1036.6
1161310 1036.5
1161320 1036.5
1161330 1036.4
1161340 1038.0
1161350 1038.0
1161360 1039.3
1161370 1039.3
1161380 1039.3
1161390 1038.8
1161400 1037.9
1161410 1036.8
1161420 1036.8
1161430 1036.2
1161440 1035.2
1161450 1035.2
1161460 1033.7
1161470 1032.6
1161480 1032.6
1161490 1032.3
1161500 1032.1
1161510 1032.1
1161520 1032.1
1161530 1032.1
1161540 1032.1
1161550 1032.1
1161560 1032.2
1161570 1032.2
1161580 1031.9
1161590 1031.9
1161600 1031.9
1161610 1032.3
1161620 1032.2
1161630 1032.2
1161640 1032.3
1161650 1031.5
1161660 1031.6
1161670 1031.6
1161680 1031.6
1161690 1031.7
1161700 1031.7
1161710 1031.6
1161720 1031.6
1161730 1031.6
1161740 1031.5
1161750 1031.4
1161760 1031.4
1161770 1031.2
1161780 1031.0
1161790 1031.0
1161800 1030.8
1161810 1030.6
1161820 1030.6
1161830 1030.5
1161840 1030.4
1161850 1030.4
1161860 1030.3
1161870 1030.3
1161880 1030.3
1161890 1030.4
1161900 1030.7
1161910 1030.7
1161920 1031.4
1161930 1035.6
1161940 1044.1
1161950 1044.1
1161960 1049.2
1161970 1054.8
1161980 1054.8
1161990 1060.7
1162000 1067.6
1162010 1067.6
1162020 1073.1
1162030 1079.0
1162040 1079.0
1162050 1099.3
1162060 1105.3
1162070 1105.3
1162080 1108.0
1162090 1109.4
1162100 1109.4
1162110 1110.8
1162120 1113.2
1162130 1113.2
1162140 1116.8
1162150 1124.3
1162160 1124.3
1162170 1130.8
1162180 1134.5
1162190 1134.5
1162200 1138.6
1162210 1142.2
1162220 1145.3
1162230 1145.3
1162240 1147.3
1162250 1148.5
1162260 1148.5
1162270 1149.5
1162280 1150.5
1162290 1150.5
1162300 1152.6
1162310 1155.9
1162320 1155.9
1162330 1159.5
1162340 1162.8
1162350 1162.8
1162360 1165.0
1162370 1168.8
1162380 1168.8
1162390 1173.6
1162400 1176.8
1162410 1176.8
1162420 1179.6
1162430 1184.6
1162440 1186.6
1162450 1189.7
1162460 1193.3
1162470 1193.3
1162480 1197.5
1162490 1201.5
1162500 1204.2
1162510 1204.2
1162520 1206.1
1162530 1208.1
1162540 1208.1
1162550 1208.8
1162560 1210.4
1162570 1210.4
1162580 1212.4
1162590 1214.0
1162600 1214.0
1162610 1215.6
1162620 1217.7
1162630 1217.7
1162640 1219.4
1162650 1221.5
1162660 1221.5
1162670 1223.4
1162680 1224.9
1162690 1224.9
1162700 1225.3
1162710 1224.8
1162720 1224.8
1162730 1224.0
1162740 1222.9
1162750 1222.9
1162760 1221.9
1162770 1222.0
1162780 1223.3
1162790 1223.3
1162800 1224.8
1162810 1226.9
1162820 1226.9
1162830 1229.2
1162840 1233.2
1162850 1233.2
1162860 1234.2
1162870 1234.8
1162880 1234.8
1162890 1235.1
1162900 1233.7
1162910 1233.7
1162920 1232.6
1162930 1232.5
1162940 1232.5
1162950 1234.4
1162960 1236.4
1162970 1236.4
1162980 1238.1
1162990 1239.5
1163000 1239.5
1163010 1240.7
1163020 1242.4
1163030 1242.9
1163040 1242.9
1163050 1242.7
1163060 1243.1
1163070 1243.1
1163080 1244.7
1163090 1246.9
1163100 1246.9
1163110 1250.0
1163120 1251.2
1163130 1251.2
1163140 1251.7
1163150 1252.9
1163160 1252.9
1163170 1253.3
1163180 1254.1
1163190 1254.1
1163200 1254.4
1163210 1254.7
1163220 1254.7
1163230 1261.3
1163240 1262.3
1163250 1262.3
1163260 1261.0
1163270 1260.9
1163280 1260.9
1163290 1261.1
1163300 1261.6
1163310 1262.9
1163320 1262.9
1163330 1264.5
1163340 1266.6
1163350 1266.6
1163360 1270.7
1163370 1274.4
1163380 1274.4
1163390 1278.5
1163400 1283.0
1163410 1283.0
1163420 1286.7
1163430 1290.5
1163440 1290.5
1163450 1294.0
1163460 1296.4
1163470 1296.4
1163480 1298.4
1163490 1300.1
1163500 1300.1
1163510 1301.1
1163520 1301.6
1163530 1301.6
1163540 1301.6
1163550 1299.5
1163560 1299.5
1163570 1297.4
1163580 1297.8
1163590 1300.4
1163600 1300.4
1163610 1303.4
1163620 1305.3
1163630 1313.3
1163640 1315.1
1163650 1316.0
1163660 1316.0
1163670 1318.7
1163680 1321.9
1163690 1321.9
1163700 1324.5
1163710 1327.0
1163720 1327.0
1163730 1329.1
1163740 1331.3
1163750 1331.3
1163760 1330.3
1163770 1334.3
1163780 1334.3
1163790 1338.7
1163800 1342.3
1163810 1342.3
1163820 1347.8
1163830 1354.2
1163840 1354.2
1163850 1362.1
1163860 1369.8
1163870 1374.3
1163880 1374.3
1163890 1378.6
1163900 1382.8
1163910 1382.8
1163920 1386.0
1163930 1383.5
1163940 1383.5
1163950 1377.4
1163960 1378.0
1163970 1378.0
1163980 1388.0
1163990 1397.3
1164000 1397.3
1164010 1404.4
1164020 1407.4
1164030 1415.1
1164040 1416.9
1164050 1416.7
1164060 1416.7
1164070 1417.0
1164080 1419.5
1164090 1419.5
1164100 1421.5
1164110 1422.8
1164120 1423.1
1164130 1423.1
1164140 1422.2
1164150 1421.6
1164160 1421.6
1164170 1421.1
1164180 1421.4
1164190 1421.4
1164200 1423.5
1164210 1424.2
1164220 1424.2
1164230 1420.5
1164240 1421.7
1164250 1421.7
1164260 1424.8
1164270 1423.2
1164280 1423.2
1164290 1421.8
1164300 1422.9
1164310 1422.9
1164320 1424.2
1164330 1426.5
1164340 1426.5
1164350 1426.8
1164360 1425.6
1164370 1425.6
1164380 1427.6
1164390 1428.8
1164400 1429.4
1164410 1429.4
1164420 1423.8
1164430 1432.0
1164440 1432.0
1164450 1436.3
1164460 1437.2
1164470 1437.2
1164480 1437.1
1164490 1438.0
1164500 1438.0
1164510 1436.7
1164520 1435.4
1164530 1435.4
1164540 1433.7
1164550 1431.7
1164560 1431.7
1164570 1430.9
1164580 1428.7
1164590 1428.7
1164600 1426.3
1164610 1424.7
1164620 1424.7
1164630 1423.4
1164640 1422.1
1164650 1422.1
1164660 1420.4
1164670 1418.5
1164680 1416.9
1164690 1416.9
1164700 1414.5
1164710 1412.6
1164720 1412.6
1164730 1410.1
1164740 1407.5
1164750 1407.5
1164760 1404.8
1164770 1401.6
1164780 1401.6
1164790 1397.3
1164800 1394.2
1164810 1394.2
1164820 1393.4
1164830 1388.8
1164840 1388.8
1164850 1383.5
1164860 1377.6
1164870 1377.6
1164880 1372.3
1164890 1367.6
1164900 1367.6
1164910 1362.9
1164920 1357.4
1164930 1357.4
1164940 1351.8
1164950 1346.1
1164960 1340.7
1164970 1340.7
1164980 1334.8
1164990 1328.1
1165000 1328.1
1165010 1321.1
1165020 1315.8
1165030 1315.8
1165040 1310.5
1165050 1305.1
1165060 1305.1
1165070 1299.1
1165080 1292.2
1165090 1292.2
1165100 1284.4
1165110 1272.9
1165120 1272.9
1165130 1260.3
1165140 1248.6
1165150 1248.6
1165160 1234.8
1165170 1220.5
1165180 1220.5
1165190 1207.1
1165200 1186.4
1165210 1172.0
1165220 1170.5
1165230 1160.8
1165240 1161.7
1165250 1161.7
1165260 1173.3
1165270 1184.8
1165280 1184.8
1165290 1194.0
1165300 1203.3
1165310 1203.3
1165320 1212.6
1165330 1219.9
1165340 1219.9
1165350 1225.2
1165360 1232.5
1165370 1232.5
1165380 1239.2
1165390 1245.0
1165400 1245.0
1165410 1250.0
1165420 1250.8
1165430 1250.8
1165440 1254.1
1165450 1264.0
1165460 1264.0
1165470 1274.1
1165480 1283.6
1165490 1292.0
1165500 1292.0
1165510 1298.3
1165520 1303.5
1165530 1303.5
1165540 1307.1
1165550 1311.1
1165560 1311.1
1165570 1316.9
1165580 1323.1
1165590 1323.1
1165600 1329.0
1165610 1334.8
1165620 1335.2
1165630 1342.5
1165640 1349.5
1165650 1349.5
1165660 1356.7
1165670 1363.7
1165680 1363.7
1165690 1370.4
1165700 1376.4
1165710 1376.4
1165720 1382.3
1165730 1388.2
1165740 1388.2
1165750 1393.8
1165760 1399.3
1165770 1404.2
1165780 1404.2
1165790 1409.6
1165800 1415.6
1165810 1415.6
1165820 1421.8
1165830 1428.3
1165840 1428.3
1165850 1434.9
1165860 1441.2
1165870 1441.2
1165880 1447.3
1165890 1453.3
1165900 1453.3
1165910 1459.1
1165920 1464.5
1165930 1464.5
1165940 1469.8
1165950 1475.1
1165960 1475.1
1165970 1480.2
1165980 1485.1
1165990 1485.1
1166000 1487.5
1166010 1485.6
1166020 1476.9
1166030 1473.5
1166040 1472.6
1166050 1472.7
1166060 1472.7
1166070 1473.4
1166080 1476.8
1166090 1476.8
1166100 1478.7
1166110 1480.1
1166120 1480.1
1166130 1483.4
1166140 1488.8
1166150 1488.8
1166160 1496.8
1166170 1511.0
1166180 1511.0
1166190 1524.0
1166200 1530.3
1166210 1530.3
1166220 1539.0
1166230 1545.6
1166240 1545.6
1166250 1553.2
1166260 1561.7
1166270 1561.7
1166280 1568.9
1166290 1576.0
1166300 1582.3
1166310 1582.3
1166320 1588.4
1166330 1593.3
1166340 1593.3
1166350 1594.9
1166360 1599.0
1166370 1599.0
1166380 1606.6
1166390 1614.5
1166400 1614.5
1166410 1622.3
1166420 1632.0
1166430 1632.0
1166440 1639.0
1166450 1646.2
1166460 1646.2
1166470 1653.9
1166480 1662.2
1166490 1662.2
1166500 1669.3
1166510 1676.4
1166520 1676.4
1166530 1683.4
1166540 1689.7
1166550 1689.7
1166560 1695.5
1166570 1700.4
1166580 1704.5
1166590 1704.5
1166600 1708.5
1166610 1711.5
1166620 1711.5
1166630 1713.6
1166640 1715.5
1166650 1715.5
1166660 1717.6
1166670 1722.4
1166680 1722.4
1166690 1728.8
1166700 1734.8
1166710 1734.8
1166720 1740.9
1166730 1746.8
1166740 1746.8
1166750 1752.3
1166760 1757.8
1166770 1757.8
1166780 1763.9
1166790 1771.3
1166800 1771.3
1166810 1780.0
1166820 1787.4
1166830 1787.4
1166840 1794.5
1166850 1801.3
1166860 1807.9
1166870 1807.9
1166880 1813.8
1166890 1819.9
1166900 1819.9
1166910 1826.3
1166920 1833.0
1166930 1833.0
1166940 1839.8
1166950 1847.1
1166960 1847.1
1166970 1854.1
1166980 1861.3
1166990 1861.3
1167000 1868.3
1167010 1876.8
1167020 1876.8
1167030 1884.6
1167040 1892.8
1167050 1892.8
1167060 1902.0
1167070 1909.0
1167080 1909.0
1167090 1912.9
1167100 1917.8
1167110 1917.8
1167120 1921.9
1167130 1926.5
1167140 1932.0
1167150 1932.0
1167160 1936.6
1167170 1941.0
1167180 1941.0
1167190 1944.5
1167200 1946.9
1167210 1946.9
1167220 1954.6
1167230 1959.9
1167240 1959.9
1167250 1964.9
1167260 1969.7
1167270 1969.7
1167280 1971.8
1167290 1974.1
1167300 1974.1
1167310 1977.3
1167320 1980.8
1167330 1980.8
1167340 1986.4
1167350 1989.5
1167360 1989.5
1167370 1991.5
1167380 1993.9
1167390 1996.2
1167400 1996.2
1167410 1998.7
1167420 2000.3
1167430 2000.3
1167440 2001.7
1167450 2001.6
1167460 2001.6
1167470 1998.6
1167480 1997.1
1167490 1997.1
1167500 1996.9
1167510 1997.5
1167520 1997.5
1167530 1996.7
1167540 1996.5
1167550 1996.5
1167560 1997.8
1167570 1998.6
1167580 1998.6
1167590 1999.0
1167600 1996.9
1167610 1996.9
1167620 1997.8
1167630 1994.3
1167640 1994.3
1167650 1991.5
1167660 1988.5
1167670 1985.9
1167680 1985.9
1167690 1982.6
1167700 1977.9
1167710 1977.9
1167720 1974.3
1167730 1971.2
1167740 1971.2
1167750 1966.6
1167760 1962.8
1167770 1962.8
1167780 1958.3
1167790 1952.6
1167800 1952.6
1167810 1947.8
1167820 1943.9
1167830 1943.9
1167840 1939.6
1167850 1936.9
1167860 1936.9
1167870 1934.1
1167880 1929.1
1167890 1929.1
1167900 1928.1
1167910 1928.4
1167920 1928.4
1167930 1928.6
1167940 1924.1
1167950 1917.8
1167960 1917.8
1167970 1912.7
1167980 1911.6
1167990 1911.6
1168000 1912.3
1168010 1911.0
1168020 1911.0
1168030 1913.5
1168040 1909.4
1168050 1909.4
1168060 1905.8
1168070 1899.1
1168080 1899.1
1168090 1893.6
1168100 1887.6
1168110 1887.6
1168120 1881.7
1168130 1875.8
1168140 1875.8
1168150 1869.5
1168160 1863.4
1168170 1863.4
1168180 1856.7
1168190 1851.5
1168200 1851.5
1168210 1846.5
1168220 1840.4
1168230 1830.8
1168240 1830.8
1168250 1821.7
1168260 1813.3
1168270 1813.3
1168280 1806.0
1168290 1799.0
1168300 1799.0
1168310 1791.9
1168320 1785.8
1168330 1785.8
1168340 1778.5
1168350 1771.5
1168360 1771.5
1168370 1764.8
1168380 1757.7
1168390 1757.7
1168400 1751.6
1168410 1744.7
1168420 1744.7
1168430 1739.3
1168440 1731.7
1168450 1731.7
1168460 1725.3
1168470 1719.2
1168480 1713.2
1168490 1713.2
1168500 1706.3
1168510 1699.8
1168520 1699.8
1168530 1693.2
1168540 1686.3
1168550 1686.3
1168560 1679.7
1168570 1675.8
1168580 1675.8
1168590 1670.7
1168600 1664.0
1168610 1664.0
1168620 1655.6
1168630 1646.6
1168640 1646.6
1168650 1639.1
1168660 1631.9
1168670 1631.9
1168680 1624.4
1168690 1617.4
1168700 1617.4
1168710 1612.0
1168720 1605.2
1168730 1605.2
1168740 1598.0
1168750 1592.6
1168760 1586.8
1168770 1586.8
1168780 1580.0
1168790 1573.6
1168800 1573.6
1168810 1567.4
1168820 1559.7
1168830 1560.4
1168840 1555.3
1168850 1551.0
1168860 1551.0
1168870 1542.7
1168880 1535.3
1168890 1535.3
1168900 1526.9
1168910 1513.8
1168920 1513.8
1168930 1501.8
1168940 1491.8
1168950 1491.8
1168960 1483.3
1168970 1473.8
1168980 1473.8
1168990 1463.6
1169000 1450.7
1169010 1450.7
1169020 1438.6
1169030 1426.0
1169040 1428.2
1169050 1428.2
1169060 1432.7
1169070 1431.4
1169080 1431.4
1169090 1427.5
1169100 1421.7
1169110 1421.7
1169120 1414.8
1169130 1407.8
1169140 1407.8
1169150 1401.0
1169160 1397.3
1169170 1397.3
1169180 1395.3
1169190 1392.1
1169200 1392.1
1169210 1388.0
1169220 1383.9
1169230 1383.9
1169240 1382.5
1169250 1376.5
1169260 1376.5
1169270 1371.3
1169280 1366.3
1169290 1366.3
1169300 1360.7
1169310 1355.7
1169320 1351.2
1169330 1351.2
1169340 1345.8
1169350 1339.5
1169360 1339.5
1169370 1333.9
1169380 1329.2
1169390 1329.2
1169400 1324.2
1169410 1319.4
1169420 1319.4
1169430 1315.5
1169440 1313.6
1169450 1313.6
1169460 1311.0
1169470 1305.6
1169480 1305.6
1169490 1299.7
1169500 1294.2
1169510 1294.2
1169520 1287.9
1169530 1281.9
1169540 1281.9
1169550 1276.3
1169560 1270.6
1169570 1264.5
1169580 1264.5
1169590 1258.5
1169600 1252.8
1169610 1252.8
1169620 1247.4
1169630 1241.9
1169640 1239.9
1169650 1232.6
1169660 1224.0
1169670 1224.0
1169680 1212.9
1169690 1201.1
1169700 1201.1
1169710 1190.8
1169720 1182.8
1169730 1182.8
1169740 1174.9
1169750 1167.6
1169760 1167.6
1169770 1161.9
1169780 1159.3
1169790 1159.3
1169800 1164.3
1169810 1172.3
1169820 1172.3
1169830 1171.9
1169840 1173.7
1169850 1181.5
1169860 1181.5
1169870 1190.9
1169880 1201.7
1169890 1201.7
1169900 1209.1
1169910 1215.5
1169920 1215.5
1169930 1221.0
1169940 1226.2
1169950 1226.2
1169960 1231.1
1169970 1235.9
1169980 1235.9
1169990 1240.6
1170000 1244.9
1170010 1244.9
1170020 1248.3
1170030 1253.6
1170040 1248.7
1170050 1254.0
1170060 1259.2
1170070 1259.2
1170080 1264.5
1170090 1269.7
1170100 1269.7
1170110 1274.9
1170120 1280.3
1170130 1286.2
1170140 1286.2
1170150 1291.4
1170160 1296.5
1170170 1296.5
1170180 1301.4
1170190 1306.4
1170200 1306.4
1170210 1310.8
1170220 1315.0
1170230 1315.0
1170240 1319.8
1170250 1324.9
1170260 1324.9
1170270 1329.7
1170280 1334.9
1170290 1334.9
1170300 1339.1
1170310 1342.6
1170320 1342.6
1170330 1347.6
1170340 1351.1
1170350 1351.1
1170360 1354.2
1170370 1359.3
1170380 1359.3
1170390 1365.7
1170400 1369.9
1170410 1376.1
1170420 1376.1
1170430 1385.2
1170440 1394.4
1170450 1390.2
1170460 1397.4
1170470 1403.8
1170480 1403.8
1170490 1408.7
1170500 1414.6
1170510 1414.6
1170520 1420.3
1170530 1425.0
1170540 1425.0
1170550 1429.2
1170560 1432.3
1170570 1432.3
1170580 1434.8
1170590 1437.4
1170600 1437.4
1170610 1440.0
1170620 1442.0
1170630 1442.0
1170640 1442.8
1170650 1443.8
1170660 1445.6
1170670 1445.6
1170680 1446.9
1170690 1444.7
1170700 1444.7
1170710 1440.2
1170720 1445.0
1170730 1445.0
1170740 1453.9
1170750 1462.4
1170760 1462.4
1170770 1464.8
1170780 1470.2
1170790 1470.2
1170800 1480.4
1170810 1492.4
1170820 1492.4
1170830 1501.8
1170840 1510.3
1170850 1509.3
1170860 1515.2
1170870 1521.7
1170880 1521.7
1170890 1528.8
1170900 1537.1
1170910 1537.1
1170920 1546.3
1170930 1555.6
1170940 1563.9
1170950 1563.9
1170960 1577.0
1170970 1586.4
1170980 1586.4
1170990 1595.4
1171000 1604.8
1171010 1604.8
1171020 1616.7
1171030 1632.0
1171040 1632.0
1171050 1645.1
1171060 1652.3
1171070 1652.3
1171080 1659.4
1171090 1666.2
1171100 1666.2
1171110 1670.9
1171120 1675.6
1171130 1675.6
1171140 1685.1
1171150 1695.0
1171160 1695.0
1171170 1703.8
1171180 1712.4
1171190 1712.4
1171200 1720.3
1171210 1729.7
1171220 1737.1
1171230 1737.1
1171240 1743.7
1171250 1749.0
1171260 1738.4
1171270 1741.4
1171280 1744.4
1171290 1744.4
1171300 1749.3
1171310 1756.6
1171320 1756.6
1171330 1760.5
1171340 1761.1
1171350 1761.1
1171360 1761.0
1171370 1760.9
1171380 1760.9
1171390 1761.5
1171400 1762.2
1171410 1762.2
1171420 1760.9
1171430 1759.7
1171440 1759.7
1171450 1759.9
1171460 1759.8
1171470 1760.3
1171480 1760.3
1171490 1761.8
1171500 1762.5
1171510 1762.5
1171520 1762.2
1171530 1761.3
1171540 1761.3
1171550 1760.2
1171560 1757.7
1171570 1757.7
1171580 1754.7
1171590 1751.0
1171600 1751.0
1171610 1747.0
1171620 1743.0
1171630 1743.0
1171640 1738.8
1171650 1733.7
1171660 1733.7
1171670 1722.8
1171680 1718.3
1171690 1718.3
1171700 1711.9
1171710 1704.9
1171720 1704.9
1171730 1699.6
1171740 1695.6
1171750 1691.9
1171760 1691.9
1171770 1690.2
1171780 1688.9
1171790 1688.9
1171800 1686.4
1171810 1681.7
1171820 1681.7
1171830 1670.3
1171840 1663.6
1171850 1663.6
1171860 1656.5
1171870 1648.1
1171880 1648.1
1171890 1642.7
1171900 1643.5
1171910 1643.5
1171920 1645.6
1171930 1645.8
1171940 1645.8
1171950 1645.0
1171960 1641.6
1171970 1641.6
1171980 1636.1
1171990 1631.6
1172000 1631.6
1172010 1631.5
1172020 1629.7
1172030 1627.3
1172040 1627.3
1172050 1624.4
1172060 1621.1
1172070 1612.5
1172080 1609.6
1172090 1606.9
1172100 1606.9
1172110 1604.1
1172120 1601.0
1172130 1601.0
1172140 1602.7
1172150 1604.7
1172160 1604.7
1172170 1604.8
1172180 1604.7
1172190 1604.7
1172200 1605.8
1172210 1605.1
1172220 1605.1
1172230 1605.0
1172240 1608.1
1172250 1608.1
1172260 1608.9
1172270 1607.5
1172280 1607.5
1172290 1603.3
1172300 1602.7
1172310 1607.3
1172320 1607.3
1172330 1612.9
1172340 1619.5
1172350 1619.5
1172360 1627.1
1172370 1634.7
1172380 1634.7
1172390 1642.6
1172400 1650.3
1172410 1650.3
1172420 1657.7
1172430 1664.8
1172440 1664.8
1172450 1671.9
1172460 1679.3
1172470 1679.3
1172480 1691.6
1172490 1704.5
1172500 1704.5
1172510 1719.6
1172520 1731.5
1172530 1731.5
1172540 1741.3
1172550 1752.1
1172560 1759.6
1172570 1759.6
1172580 1769.3
1172590 1779.7
1172600 1779.7
1172610 1787.1
1172620 1790.4
1172630 1790.4
1172640 1795.1
1172650 1802.4
1172660 1802.4
1172670 1809.2
1172680 1816.8
1172690 1816.8
1172700 1824.9
1172710 1831.3
1172720 1831.3
1172730 1835.1
1172740 1837.0
1172750 1837.0
1172760 1838.4
1172770 1840.2
1172780 1840.2
1172790 1841.9
1172800 1841.7
1172810 1841.7
1172820 1842.8
1172830 1843.0
1172840 1840.7
1172850 1840.7
1172860 1838.4
1172870 1839.5
1172880 1839.5
1172890 1833.1
1172900 1833.4
1172910 1833.4
1172920 1832.5
1172930 1832.9
1172940 1832.9
1172950 1830.6
1172960 1829.6
1172970 1829.6
1172980 1832.6
1172990 1836.2
1173000 1836.2
1173010 1835.1
1173020 1834.4
1173030 1834.4
1173040 1835.2
1173050 1837.6
1173060 1837.6
1173070 1839.0
1173080 1838.2
1173090 1838.2
1173100 1836.1
1173110 1835.6
1173120 1837.1
1173130 1837.1
1173140 1841.6
1173150 1846.7
1173160 1846.7
1173170 1849.2
1173180 1848.4
1173190 1848.4
1173200 1845.9
1173210 1845.4
1173220 1845.4
1173230 1844.2
1173240 1844.0
1173250 1844.0
1173260 1842.9
1173270 1840.9
1173280 1840.9
1173290 1833.4
1173300 1809.0
1173310 1809.0
1173320 1823.2
1173330 1826.8
1173340 1826.8
1173350 1821.2
1173360 1815.8
1173370 1815.8
1173380 1816.4
1173390 1822.5
1173400 1823.8
1173410 1823.8
1173420 1824.8
1173430 1825.6
1173440 1825.6
1173450 1821.7
1173460 1818.1
1173470 1818.1
1173480 1818.6
1173490 1820.0
1173500 1820.0
1173510 1827.1
1173520 1833.8
1173530 1833.8
1173540 1840.0
1173550 1847.7
1173560 1847.7
1173570 1855.0
1173580 1861.5
1173590 1861.5
1173600 1867.9
1173610 1873.8
1173620 1873.8
1173630 1880.3
1173640 1886.8
1173650 1892.3
1173660 1892.3
1173670 1900.1
1173680 1908.1
1173690 1908.1
1173700 1915.6
1173710 1920.3
1173720 1920.3
1173730 1929.3
1173740 1935.9
1173750 1935.9
1173760 1941.7
1173770 1947.4
1173780 1947.4
1173790 1952.9
1173800 1958.6
1173810 1958.6
1173820 1964.2
1173830 1969.5
1173840 1969.5
1173850 1975.1
1173860 1980.5
1173870 1980.5
1173880 1986.0
1173890 1991.3
1173900 1991.3
1173910 1996.4
1173920 2001.9
1173930 2008.0
1173940 2008.0
1173950 2013.9
1173960 2019.9
1173970 2019.9
1173980 2024.9
1173990 2030.4
1174000 2030.4
1174010 2035.6
1174020 2040.4
1174030 2040.4
1174040 2044.5
1174050 2048.2
1174060 2048.2
1174070 2051.9
1174080 2055.8
1174090 2055.8
1174100 2059.8
1174110 2063.9
1174120 2059.6
1174130 2063.9
1174140 2068.0
1174150 2068.0
1174160 2071.6
1174170 2075.7
1174180 2075.7
1174190 2080.5
1174200 2084.6
1174210 2088.3
1174220 2088.3
1174230 2093.6
1174240 2099.4
1174250 2099.4
1174260 2105.2
1174270 2111.5
1174280 2111.5
1174290 2117.4
1174300 2122.3
1174310 2122.3
1174320 2127.4
1174330 2133.1
1174340 2133.1
1174350 2138.7
1174360 2144.0
1174370 2144.0
1174380 2149.9
1174390 2156.5
1174400 2156.5
1174410 2163.6
1174420 2171.0
1174430 2171.0
1174440 2178.8
1174450 2186.2
1174460 2186.2
1174470 2193.6
1174480 2201.2
1174490 2208.3
1174500 2208.3
1174510 2215.7
1174520 2223.2
1174530 2222.4
1174540 2229.7
1174550 2237.0
1174560 2237.0
1174570 2243.6
1174580 2248.7
1174590 2248.7
1174600 2247.9
1174610 2246.2
1174620 2246.2
1174630 2242.8
1174640 2236.5
1174650 2236.5
1174660 2231.6
1174670 2224.0
1174680 2224.0
1174690 2215.2
1174700 2205.9
1174710 2205.9
1174720 2196.4
1174730 2191.5
1174740 2187.8
1174750 2187.8
1174760 2184.5
1174770 2181.2
1174780 2181.2
1174790 2178.0
1174800 2174.4
1174810 2174.4
1174820 2171.6
1174830 2169.9
1174840 2169.9
1174850 2167.9
1174860 2166.2
1174870 2166.2
1174880 2164.8
1174890 2163.9
1174900 2163.9
1174910 2163.7
1174920 2163.3
1174930 2163.3
1174940 2169.0
1174950 2168.6
1174960 2168.6
1174970 2167.8
1174980 2166.6
1174990 2166.6
1175000 2165.5
1175010 2164.8
1175020 2164.7
1175030 2164.7
1175040 2165.6
1175050 2167.0
1175060 2167.0
1175070 2168.5
1175080 2169.6
1175090 2169.6
1175100 2170.4
1175110 2171.4
1175120 2171.4
1175130 2172.2
1175140 2173.3
1175150 2173.3
1175160 2173.4
1175170 2173.0
1175180 2173.0
1175190 2171.9
1175200 2168.2
1175210 2168.2
1175220 2162.7
1175230 2158.0
1175240 2158.0
1175250 2154.5
1175260 2150.8
1175270 2150.8
1175280 2147.4
1175290 2144.9
1175300 2142.8
1175310 2142.8
1175320 2140.8
1175330 2137.9
1175340 2137.9
1175350 2140.4
1175360 2138.9
1175370 2138.9
1175380 2138.3
1175390 2136.9
1175400 2136.9
1175410 2135.1
1175420 2133.6
1175430 2133.6
1175440 2131.6
1175450 2130.5
1175460 2130.5
1175470 2129.7
1175480 2129.1
1175490 2129.1
1175500 2128.8
1175510 2128.7
1175520 2128.7
1175530 2129.1
1175540 2129.4
1175550 2129.8
1175560 2129.8
1175570 2132.9
1175580 2136.7
1175590 2136.7
1175600 2141.0
1175610 2144.7
1175620 2144.7
1175630 2148.0
1175640 2151.7
1175650 2151.7
1175660 2156.2
1175670 2161.6
1175680 2161.6
1175690 2166.8
1175700 2171.9
1175710 2171.9
1175720 2177.3
1175730 2183.5
1175740 2183.5
1175750 2191.8
1175760 2203.9
1175770 2203.9
1175780 2209.9
1175790 2214.5
1175800 2214.5
1175810 2219.6
1175820 2214.4
1175830 2202.2
1175840 2202.2
1175850 2193.3
1175860 2185.3
1175870 2185.3
1175880 2177.5
1175890 2170.5
1175900 2170.5
1175910 2162.9
1175920 2154.9
1175930 2154.9
1175940 2147.0
1175950 2139.2
1175960 2139.2
1175970 2131.5
1175980 2124.4
1175990 2124.4
1176000 2117.5
1176010 2111.1
1176020 2111.1
1176030 2104.8
1176040 2097.6
1176050 2097.6
1176060 2090.9
1176070 2084.3
1176080 2084.3
1176090 2077.4
1176100 2071.1
1176110 2065.1
1176120 2065.1
1176130 2059.2
1176140 2053.5
1176150 2053.5
1176160 2048.2
1176170 2043.0
1176180 2043.8
1176190 2038.6
1176200 2033.3
1176210 2033.3
1176220 2027.8
1176230 2022.0
1176240 2022.0
1176250 2016.8
1176260 2013.6
1176270 2013.6
1176280 2014.0
1176290 2013.6
1176300 2013.6
1176310 2011.6
1176320 2008.0
1176330 2008.0
1176340 2004.8
1176350 2004.9
1176360 2004.9
1176370 2002.4
1176380 1998.3
1176390 1995.2
1176400 1995.2
1176410 1993.7
1176420 1992.7
1176430 1992.7
1176440 1991.7
1176450 1988.7
1176460 1988.7
1176470 1986.9
1176480 1990.5
1176490 1990.5
1176500 1990.8
1176510 1990.7
1176520 1990.7
1176530 1990.2
1176540 1989.9
1176550 1989.9
1176560 1990.8
1176570 1991.7
1176580 1991.7
1176590 1999.2
1176600 1999.0
1176610 1999.0
1176620 1999.5
1176630 2001.5
1176640 2005.0
1176650 2005.0
1176660 2009.0
1176670 2013.1
1176680 2013.1
1176690 2017.1
1176700 2021.9
1176710 2021.9
1176720 2027.0
1176730 2031.4
1176740 2031.4
1176750 2036.4
1176760 2043.7
1176770 2043.7
1176780 2053.5
1176790 2062.2
1176800 2062.2
1176810 2069.8
1176820 2077.4
1176830 2077.4
1176840 2085.1
1176850 2092.6
1176860 2092.6
1176870 2100.5
1176880 2108.6
1176890 2108.6
1176900 2116.9
1176910 2124.9
1176920 2132.8
1176930 2132.8
1176940 2140.1
1176950 2147.5
1176960 2147.5
1176970 2155.3
1176980 2163.3
1176990 2163.3
1177000 2168.9
1177010 2173.4
1177020 2173.4
1177030 2180.9
1177040 2190.4
1177050 2190.4
1177060 2198.5
1177070 2202.6
1177080 2202.6
1177090 2209.3
1177100 2214.9
1177110 2214.9
1177120 2221.2
1177130 2227.6
1177140 2227.6
1177150 2234.0
1177160 2240.8
1177170 2240.8
1177180 2249.4
1177190 2257.1
1177200 2260.9
1177210 2260.9
1177220 2257.3
1177230 2251.3
1177240 2251.3
1177250 2244.4
1177260 2237.6
1177270 2237.6
1177280 2230.6
1177290 2223.9
1177300 2223.9
1177310 2216.6
1177320 2209.6
1177330 2209.6
1177340 2204.5
1177350 2196.8
1177360 2196.8
1177370 2189.4
1177380 2187.3
1177390 2187.3
1177400 2186.3
1177410 2182.0
1177420 2176.0
1177430 2171.5
1177440 2166.3
1177450 2161.8
1177460 2161.8
1177470 2158.2
1177480 2153.2
1177490 2153.2
1177500 2146.9
1177510 2140.1
1177520 2140.1
1177530 2132.5
1177540 2126.4
1177550 2126.4
1177560 2125.0
1177570 2123.5
1177580 2123.5
1177590 2121.8
1177600 2119.4
1177610 2119.4
1177620 2117.1
1177630 2114.4
1177640 2114.4
1177650 2109.9
1177660 2105.9
1177670 2105.9
1177680 2106.6
1177690 2105.1
1177700 2105.1
1177710 2102.1
1177720 2098.3
1177730 2095.0
1177740 2095.0
1177750 2090.9
1177760 2088.3
1177770 2088.3
1177780 2085.1
1177790 2080.7
1177800 2080.7
1177810 2076.1
1177820 2071.2
1177830 2065.2
1177840 2059.9
1177850 2057.5
1177860 2057.5
1177870 2053.1
1177880 2046.7
1177890 2046.7
1177900 2039.0
1177910 2027.4
1177920 2027.4
1177930 2015.7
1177940 2009.5
1177950 2009.5
1177960 2008.5
1177970 2008.0
1177980 2008.0
1177990 2006.6
1178000 2007.6
1178010 2009.4
1178020 2009.4
1178030 2007.7
1178040 2008.9
1178050 2008.9
1178060 2011.5
1178070 2010.0
1178080 2010.0
1178090 2013.4
1178100 2020.0
1178110 2020.0
1178120 2021.7
1178130 2022.1
1178140 2022.1
1178150 2020.9
1178160 2019.0
1178170 2019.0
1178180 2018.2
1178190 2018.4
1178200 2018.4
1178210 2018.5
1178220 2019.2
1178230 2019.2
1178240 2019.8
1178250 2013.8
1178260 2013.8
1178270 2013.9
1178280 2014.6
1178290 2014.6
1178300 2014.6
1178310 2015.6
1178320 2014.5
1178330 2014.5
1178340 2012.8
1178350 2010.4
1178360 2010.4
1178370 2007.4
1178380 2004.2
1178390 2004.2
1178400 2000.6
1178410 1997.2
1178420 1997.2
1178430 1994.9
1178440 1993.3
1178450 1993.3
1178460 1991.3
1178470 1989.4
1178480 1989.4
1178490 1987.9
1178500 1985.7
1178510 1985.7
1178520 1982.0
1178530 1978.4
1178540 1975.9
1178550 1975.9
1178560 1972.9
1178570 1973.5
1178580 1973.5
1178590 1971.6
1178600 1969.3
1178610 1969.3
1178620 1969.3
1178630 1967.4
1178640 1967.4
1178650 1966.4
1178660 1958.2
1178670 1958.2
1178680 1955.4
1178690 1952.3
1178700 1952.3
1178710 1949.9
1178720 1946.0
1178730 1946.0
1178740 1941.9
1178750 1939.4
1178760 1939.4
1178770 1933.9
1178780 1926.5
1178790 1926.5
1178800 1910.0
1178810 1896.5
1178820 1899.2
1178830 1899.2
1178840 1891.8
1178850 1884.6
1178860 1884.6
1178870 1881.5
1178880 1886.3
1178890 1886.3
1178900 1893.7
1178910 1896.3
1178920 1896.3
1178930 1895.6
1178940 1894.1
1178950 1894.1
1178960 1894.4
1178970 1894.3
1178980 1894.3
1178990 1892.5
1179000 1891.0
1179010 1891.0
1179020 1889.9
1179030 1888.4
1179040 1888.4
1179050 1886.0
1179060 1884.0
1179070 1884.0
1179080 1877.8
1179090 1873.1
1179100 1870.8
1179110 1870.8
1179120 1867.9
1179130 1861.4
1179140 1861.4
1179150 1850.4
1179160 1841.0
1179170 1841.0
1179180 1834.1
1179190 1828.5
1179200 1828.5
1179210 1823.4
1179220 1818.9
1179230 1818.9
1179240 1815.2
1179250 1809.4
1179260 1809.4
1179270 1804.7
1179280 1800.3
1179290 1800.3
1179300 1791.7
1179310 1783.3
1179320 1783.3
1179330 1773.8
1179340 1763.4
1179350 1754.7
1179360 1754.7
1179370 1747.3
1179380 1740.9
1179390 1740.9
1179400 1734.4
1179410 1728.0
1179420 1728.0
1179430 1721.2
1179440 1713.9
1179450 1713.9
1179460 1707.4
1179470 1700.4
1179480 1700.4
1179490 1692.0
1179500 1685.7
1179510 1685.7
1179520 1678.9
1179530 1660.6
1179540 1660.6
1179550 1641.2
1179560 1629.4
1179570 1629.4
1179580 1616.1
1179590 1604.7
1179600 1604.7
1179610 1595.7
1179620 1586.9
1179630 1579.4
1179640 1579.4
1179650 1573.8
1179660 1569.5
1179670 1569.5
1179680 1559.6
1179690 1547.0
1179700 1547.0
1179710 1533.6
1179720 1522.3
1179730 1522.3
1179740 1512.8
1179750 1502.5
1179760 1502.5
1179770 1493.3
1179780 1485.4
1179790 1485.4
1179800 1478.2
1179810 1470.6
1179820 1470.6
1179830 1463.5
1179840 1456.7
1179850 1456.7
1179860 1448.7
1179870 1442.1
1179880 1442.1
1179890 1436.4
1179900 1430.1
1179910 1424.2
1179920 1424.2
1179930 1417.7
1179940 1411.3
1179950 1411.3
1179960 1405.0
1179970 1398.7
1179980 1398.7
1179990 1392.5
