1160000 1614.9
1160010 1616.4
1160020 1617.6
1160030 1617.6
1160040 1619.0
1160050 1620.1
1160060 1620.1
1160070 1621.2
1160080 1622.4
1160090 1622.4
1160100 1624.0
1160110 1626.3
1160120 1626.3
1160130 1629.4
1160140 1632.3
1160150 1632.3
1160160 1633.2
1160170 1633.1
1160180 1633.4
1160190 1633.4
1160200 1633.5
1160210 1633.2
1160220 1633.2
1160230 1633.9
1160240 1635.2
1160250 1635.2
1160260 1636.3
1160270 1636.8
1160280 1636.8
1160290 1637.2
1160300 1637.8
1160310 1637.8
1160320 1638.7
1160330 1639.7
1160340 1639.7
1160350 1637.4
1160360 1639.3
1160370 1639.3
1160380 1641.0
1160390 1642.7
1160400 1642.7
1160410 1644.1
1160420 1645.9
1160430 1645.9
1160440 1647.8
1160450 1649.9
1160460 1651.7
1160470 1651.7
1160480 1653.6
1160490 1655.5
1160500 1655.5
1160510 1657.6
1160520 1660.0
1160530 1660.0
1160540 1662.8
1160550 1665.6
1160560 1665.6
1160570 1668.3
1160580 1670.5
1160590 1670.5
1160600 1672.1
1160610 1673.8
1160620 1673.8
1160630 1675.8
1160640 1678.2
1160650 1678.2
1160660 1680.1
1160670 1681.8
1160680 1681.8
1160690 1683.1
1160700 1684.2
1160710 1684.2
1160720 1684.9
1160730 1685.3
1160740 1682.2
1160750 1682.2
1160760 1682.9
1160770 1683.8
1160780 1683.8
1160790 1684.9
1160800 1685.6
1160810 1685.6
1160820 1686.2
1160830 1686.7
1160840 1686.7
1160850 1688.0
1160860 1689.4
1160870 1689.4
1160880 1690.6
1160890 1691.4
1160900 1691.4
1160910 1691.6
1160920 1691.2
1160930 1691.2
1160940 1691.6
1160950 1691.7
1160960 1691.7
1160970 1690.8
1160980 1689.3
1160990 1687.8
1161000 1687.8
1161010 1686.2
1161020 1684.1
1161030 1684.1
1161040 1682.0
1161050 1680.8
1161060 1680.8
1161070 1680.9
1161080 1680.2
1161090 1680.2
1161100 1679.0
1161110 1677.9
1161120 1677.9
1161130 1672.2
1161140 1670.9
1161150 1670.9
1161160 1669.7
1161170 1668.4
1161180 1668.4
1161190 1666.6
1161200 1665.0
1161210 1665.0
1161220 1663.2
1161230 1661.8
1161240 1661.8
1161250 1660.1
1161260 1658.1
1161270 1655.8
1161280 1655.8
1161290 1653.7
1161300 1651.4
1161310 1651.4
1161320 1649.2
1161330 1647.3
1161340 1647.3
1161350 1645.2
1161360 1642.8
1161370 1642.8
1161380 1639.8
1161390 1637.4
1161400 1637.4
1161410 1636.2
1161420 1636.1
1161430 1636.1
1161440 1635.7
1161450 1635.0
1161460 1635.0
1161470 1634.5
1161480 1633.6
1161490 1633.6
1161500 1632.3
1161510 1630.7
1161520 1630.7
1161530 1623.0
1161540 1620.5
1161550 1617.4
1161560 1617.4
1161570 1614.4
1161580 1611.8
1161590 1611.8
1161600 1608.8
1161610 1606.0
1161620 1606.0
1161630 1603.7
1161640 1601.9
1161650 1601.9
1161660 1601.7
1161670 1601.2
1161680 1601.2
1161690 1600.2
1161700 1599.2
1161710 1599.2
1161720 1598.2
1161730 1596.9
1161740 1596.9
1161750 1596.0
1161760 1594.6
1161770 1594.6
1161780 1592.6
1161790 1590.8
1161800 1590.8
1161810 1590.5
1161820 1590.5
1161830 1590.2
1161840 1590.2
1161850 1589.0
1161860 1586.4
1161870 1586.4
1161880 1581.6
1161890 1580.0
1161900 1580.0
1161910 1580.3
1161920 1576.0
1161930 1576.0
1161940 1578.0
1161950 1579.3
1161960 1579.3
1161970 1578.7
1161980 1577.8
1161990 1577.8
1162000 1576.1
1162010 1574.5
1162020 1574.5
1162030 1573.2
1162040 1571.4
1162050 1571.4
1162060 1570.1
1162070 1570.8
1162080 1570.8
1162090 1572.2
1162100 1573.1
1162110 1574.4
1162120 1574.4
1162130 1574.9
1162140 1575.4
1162150 1575.4
1162160 1576.1
1162170 1576.9
1162180 1576.9
1162190 1577.3
1162200 1577.7
1162210 1577.7
1162220 1577.1
1162230 1577.1
1162240 1577.1
1162250 1576.9
1162260 1575.1
1162270 1575.1
1162280 1573.4
1162290 1572.4
1162300 1572.4
1162310 1572.3
1162320 1567.0
1162330 1567.0
1162340 1568.0
1162350 1566.2
1162360 1566.2
1162370 1564.4
1162380 1564.7
1162390 1564.5
1162400 1564.5
1162410 1564.1
1162420 1563.9
1162430 1563.9
1162440 1563.6
1162450 1563.1
1162460 1563.1
1162470 1563.0
1162480 1561.1
1162490 1561.1
1162500 1559.5
1162510 1558.8
1162520 1558.8
1162530 1557.7
1162540 1557.2
1162550 1557.2
1162560 1555.9
1162570 1554.9
1162580 1554.9
1162590 1554.6
1162600 1554.4
1162610 1554.4
1162620 1554.4
1162630 1554.0
1162640 1554.0
1162650 1552.4
1162660 1550.1
1162670 1548.7
1162680 1548.7
1162690 1547.4
1162700 1545.9
1162710 1539.7
1162720 1538.7
1162730 1537.4
1162740 1537.4
1162750 1535.6
1162760 1533.8
1162770 1533.8
1162780 1531.7
1162790 1528.5
1162800 1528.5
1162810 1523.9
1162820 1518.9
1162830 1518.9
1162840 1514.0
1162850 1509.1
1162860 1509.1
1162870 1504.1
1162880 1498.8
1162890 1498.8
1162900 1493.3
1162910 1487.1
1162920 1487.1
1162930 1479.6
1162940 1469.8
1162950 1457.7
1162960 1457.7
1162970 1442.0
1162980 1427.0
1162990 1427.0
1163000 1413.2
1163010 1400.1
1163020 1400.1
1163030 1388.9
1163040 1381.1
1163050 1381.1
1163060 1374.3
1163070 1367.8
1163080 1367.8
1163090 1361.5
1163100 1355.4
1163110 1355.2
1163120 1349.1
1163130 1342.9
1163140 1342.9
1163150 1336.9
1163160 1330.8
1163170 1330.8
1163180 1324.6
1163190 1318.8
1163200 1318.8
1163210 1313.6
1163220 1311.3
1163230 1314.3
1163240 1314.3
1163250 1320.6
1163260 1325.2
1163270 1325.2
1163280 1329.3
1163290 1333.1
1163300 1333.1
1163310 1337.7
1163320 1343.1
1163330 1343.1
1163340 1349.7
1163350 1359.1
1163360 1359.1
1163370 1374.0
1163380 1385.0
1163390 1385.0
1163400 1394.1
1163410 1404.0
1163420 1404.0
1163430 1415.6
1163440 1427.8
1163450 1427.8
1163460 1443.5
1163470 1457.2
1163480 1457.2
1163490 1467.3
1163500 1473.2
1163510 1471.1
1163520 1471.1
1163530 1472.7
1163540 1475.0
1163550 1475.0
1163560 1477.9
1163570 1480.9
1163580 1480.9
1163590 1483.1
1163600 1485.2
1163610 1485.2
1163620 1487.5
1163630 1489.5
1163640 1489.5
1163650 1491.3
1163660 1492.6
1163670 1492.6
1163680 1493.3
1163690 1493.7
1163700 1493.7
1163710 1494.3
1163720 1494.8
1163730 1494.8
1163740 1495.3
1163750 1496.1
1163760 1496.1
1163770 1497.4
1163780 1498.7
1163790 1499.9
1163800 1499.9
1163810 1501.3
1163820 1502.5
1163830 1502.5
1163840 1502.9
1163850 1503.1
1163860 1503.1
1163870 1503.1
1163880 1502.6
1163890 1502.6
1163900 1496.9
1163910 1494.5
1163920 1494.5
1163930 1491.0
1163940 1488.1
1163950 1488.1
1163960 1487.0
1163970 1485.7
1163980 1485.7
1163990 1484.8
1164000 1483.8
1164010 1483.8
1164020 1483.0
1164030 1483.0
1164040 1483.0
1164050 1483.4
1164060 1483.5
1164070 1484.1
1164080 1484.1
1164090 1484.2
1164100 1484.2
1164110 1484.2
1164120 1484.1
1164130 1483.8
1164140 1483.8
1164150 1484.2
1164160 1484.6
1164170 1484.6
1164180 1485.0
1164190 1485.1
1164200 1485.1
1164210 1486.2
1164220 1488.0
1164230 1488.0
1164240 1489.4
1164250 1490.6
1164260 1490.6
1164270 1492.0
1164280 1493.5
1164290 1493.5
1164300 1488.9
1164310 1490.2
1164320 1490.2
1164330 1491.5
1164340 1492.6
1164350 1493.2
1164360 1493.2
1164370 1493.4
1164380 1493.3
1164390 1493.3
1164400 1492.9
1164410 1492.4
1164420 1492.4
1164430 1492.0
1164440 1490.5
1164450 1490.5
1164460 1488.6
1164470 1486.8
1164480 1486.8
1164490 1485.3
1164500 1483.8
1164510 1483.8
1164520 1481.4
1164530 1478.8
1164540 1478.8
1164550 1476.1
1164560 1472.9
1164570 1472.9
1164580 1469.0
1164590 1465.9
1164600 1465.9
1164610 1462.5
1164620 1459.0
1164630 1455.7
1164640 1455.7
1164650 1453.2
1164660 1450.0
1164670 1450.0
1164680 1445.2
1164690 1441.3
1164700 1436.0
1164710 1432.3
1164720 1429.7
1164730 1429.7
1164740 1428.6
1164750 1428.1
1164760 1428.1
1164770 1426.8
1164780 1423.9
1164790 1423.9
1164800 1420.6
1164810 1417.3
1164820 1417.3
1164830 1415.3
1164840 1411.5
1164850 1411.5
1164860 1406.3
1164870 1400.5
1164880 1400.5
1164890 1391.9
1164900 1390.1
1164910 1390.2
1164920 1390.2
1164930 1386.9
1164940 1385.0
1164950 1385.0
1164960 1383.6
1164970 1382.9
1164980 1382.9
1164990 1381.6
1165000 1379.1
1165010 1379.1
1165020 1377.2
1165030 1373.4
1165040 1373.4
1165050 1371.4
1165060 1369.6
1165070 1369.6
1165080 1366.2
1165090 1364.1
1165100 1355.4
1165110 1353.4
1165120 1350.3
1165130 1350.3
1165140 1346.7
1165150 1342.5
1165160 1342.5
1165170 1337.9
1165180 1332.1
1165190 1325.9
1165200 1325.9
1165210 1321.0
1165220 1318.0
1165230 1318.0
1165240 1314.9
1165250 1312.3
1165260 1312.3
1165270 1309.5
1165280 1306.7
1165290 1306.7
1165300 1303.5
1165310 1297.5
1165320 1297.5
1165330 1295.6
1165340 1296.3
1165350 1296.3
1165360 1293.7
1165370 1288.6
1165380 1288.6
1165390 1285.4
1165400 1283.8
1165410 1283.8
1165420 1282.2
1165430 1280.2
1165440 1280.2
1165450 1277.6
1165460 1274.7
1165470 1270.7
1165480 1270.7
1165490 1265.9
1165500 1256.2
1165510 1256.2
1165520 1254.5
1165530 1253.9
1165540 1253.9
1165550 1252.3
1165560 1247.1
1165570 1247.1
1165580 1241.9
1165590 1238.3
1165600 1238.3
1165610 1235.2
1165620 1231.8
1165630 1231.8
1165640 1226.7
1165650 1220.2
1165660 1220.2
1165670 1212.9
1165680 1206.1
1165690 1206.1
1165700 1199.9
1165710 1194.3
1165720 1194.3
1165730 1188.8
1165740 1183.1
1165750 1177.5
1165760 1177.5
1165770 1172.4
1165780 1167.0
1165790 1167.0
1165800 1161.5
1165810 1156.0
1165820 1156.0
1165830 1150.2
1165840 1144.6
1165850 1144.6
1165860 1138.8
1165870 1132.8
1165880 1132.8
1165890 1127.0
1165900 1119.2
1165910 1119.2
1165920 1114.4
1165930 1109.9
1165940 1109.9
1165950 1106.1
1165960 1102.3
1165970 1102.3
1165980 1098.6
1165990 1094.7
1166000 1094.7
1166010 1090.3
1166020 1085.9
1166030 1081.3
1166040 1081.3
1166050 1076.6
1166060 1071.8
1166070 1071.8
1166080 1066.9
1166090 1061.8
1166100 1061.8
1166110 1056.8
1166120 1051.4
1166130 1051.4
1166140 1045.8
1166150 1040.5
1166160 1040.5
1166170 1035.6
1166180 1030.9
1166190 1030.9
1166200 1026.7
1166210 1022.0
1166220 1022.0
1166230 1018.2
1166240 1016.2
1166250 1016.2
1166260 1015.4
1166270 1015.3
1166280 1015.3
1166290 1015.3
1166300 1015.2
1166310 1015.2
1166320 1015.2
1166330 1015.3
1166340 1015.1
1166350 1015.1
1166360 1015.1
1166370 1015.0
1166380 1015.0
1166390 1014.8
1166400 1014.8
1166410 1014.8
1166420 1014.6
1166430 1014.6
1166440 1014.6
1166450 1014.5
1166460 1014.4
1166470 1014.4
1166480 1014.4
1166490 1014.3
1166500 1014.3
1166510 1014.3
1166520 1014.0
1166530 1014.0
1166540 1013.8
1166550 1013.6
1166560 1013.5
1166570 1013.5
1166580 1013.4
1166590 1013.3
1166600 1013.3
1166610 1013.2
1166620 1013.1
1166630 1013.1
1166640 1013.0
1166650 1012.9
1166660 1012.9
1166670 1012.9
1166680 1012.9
1166690 1012.9
1166700 1012.8
1166710 1012.7
1166720 1012.7
1166730 1012.7
1166740 1012.5
1166750 1012.5
1166760 1012.3
1166770 1012.2
1166780 1012.2
1166790 1012.0
1166800 1011.9
1166810 1011.9
1166820 1011.8
1166830 1011.7
1166840 1011.7
1166850 1011.7
1166860 1011.7
1166870 1011.6
1166880 1011.6
1166890 1011.6
1166900 1011.4
1166910 1011.4
1166920 1011.3
1166930 1011.2
1166940 1011.2
1166950 1011.2
1166960 1011.2
1166970 1011.2
1166980 1011.3
1166990 1011.4
1167000 1011.4
1167010 1011.4
1167020 1011.1
1167030 1011.1
1167040 1009.2
1167050 1006.6
1167060 1006.6
1167070 1005.8
1167080 1005.7
1167090 1005.7
1167100 1005.7
1167110 1005.7
1167120 1005.7
1167130 1005.7
1167140 1005.9
1167150 1006.2
1167160 1006.2
1167170 1006.1
1167180 1006.1
1167190 1006.1
1167200 1006.0
1167210 1005.8
1167220 1005.8
1167230 1005.1
1167240 1004.5
1167250 1004.5
1167260 1004.4
1167270 1004.2
1167280 1004.2
1167290 1004.0
1167300 1004.0
1167310 1004.0
1167320 1004.1
1167330 1004.3
1167340 1004.3
1167350 1004.1
1167360 1003.6
1167370 1003.6
1167380 1003.3
1167390 1003.2
1167400 1003.0
1167410 1003.0
1167420 1002.7
1167430 1002.5
1167440 1002.5
1167450 1002.1
1167460 1001.6
1167470 1001.6
1167480 1002.2
1167490 1002.3
1167500 1002.5
1167510 1002.5
1167520 1002.2
1167530 1002.2
1167540 1001.9
1167550 1002.1
1167560 1002.1
1167570 1002.1
1167580 1002.2
1167590 1002.2
1167600 1002.3
1167610 1002.5
1167620 1002.5
1167630 1002.6
1167640 1002.6
1167650 1002.6
1167660 1002.7
1167670 1002.8
1167680 1002.8
1167690 1002.8
1167700 1002.8
1167710 1002.7
1167720 1002.7
1167730 1002.5
1167740 1002.3
1167750 1002.3
1167760 1002.1
1167770 1001.5
1167780 1001.5
1167790 1000.7
1167800 1000.9
1167810 1000.9
1167820 1001.3
1167830 1001.2
1167840 1001.2
1167850 1001.0
1167860 1001.2
1167870 1001.2
1167880 1000.5
1167890 999.6
1167900 999.5
1167910 999.5
1167920 999.7
1167930 999.7
1167940 1001.5
1167950 1005.6
1167960 1009.8
1167970 1009.8
1167980 1014.5
1167990 1021.0
1168000 1021.0
1168010 1028.6
1168020 1036.5
1168030 1036.5
1168040 1045.0
1168050 1054.6
1168060 1054.6
1168070 1063.1
1168080 1070.8
1168090 1070.8
1168100 1077.7
1168110 1087.0
1168120 1087.0
1168130 1095.4
1168140 1100.1
1168150 1100.1
1168160 1103.0
1168170 1105.8
1168180 1105.8
1168190 1109.8
1168200 1115.1
1168210 1115.1
1168220 1120.5
1168230 1125.6
1168240 1131.0
1168250 1131.0
1168260 1136.7
1168270 1142.7
1168280 1142.7
1168290 1148.6
1168300 1160.4
1168310 1160.4
1168320 1165.3
1168330 1171.6
1168340 1171.6
1168350 1177.8
1168360 1184.2
1168370 1184.2
1168380 1191.4
1168390 1198.5
1168400 1198.5
1168410 1205.1
1168420 1211.4
1168430 1211.4
1168440 1217.0
1168450 1220.1
1168460 1220.1
1168470 1219.8
1168480 1219.0
1168490 1219.0
1168500 1220.2
1168510 1222.8
1168520 1225.7
1168530 1225.7
1168540 1228.1
1168550 1229.8
1168560 1229.8
1168570 1230.7
1168580 1230.2
1168590 1230.2
1168600 1230.5
1168610 1230.5
1168620 1230.5
1168630 1230.1
1168640 1230.2
1168650 1230.2
1168660 1230.1
1168670 1228.9
1168680 1228.9
1168690 1226.3
1168700 1223.3
1168710 1222.1
1168720 1219.2
1168730 1216.9
1168740 1216.9
1168750 1214.3
1168760 1211.8
1168770 1211.8
1168780 1209.3
1168790 1205.8
1168800 1201.7
1168810 1201.7
1168820 1198.4
1168830 1195.1
1168840 1195.1
1168850 1191.2
1168860 1186.1
1168870 1186.1
1168880 1179.9
1168890 1172.4
1168900 1172.4
1168910 1164.4
1168920 1156.3
1168930 1156.3
1168940 1148.2
1168950 1139.9
1168960 1139.9
1168970 1129.8
1168980 1098.2
1168990 1098.2
1169000 1069.6
1169010 1059.0
1169020 1059.0
1169030 1048.6
1169040 1040.2
1169050 1040.2
1169060 1038.3
1169070 1038.4
1169080 1040.8
1169090 1040.8
1169100 1048.7
1169110 1052.8
1169120 1052.8
1169130 1062.2
1169140 1071.2
1169150 1071.2
1169160 1078.8
1169170 1086.7
1169180 1086.7
1169190 1095.8
1169200 1104.2
1169210 1104.2
1169220 1113.6
1169230 1124.7
1169240 1124.7
1169250 1137.4
1169260 1154.2
1169270 1154.2
1169280 1177.6
1169290 1197.3
1169300 1197.3
1169310 1207.6
1169320 1215.4
1169330 1215.4
1169340 1220.3
1169350 1228.9
1169360 1236.8
1169370 1236.8
1169380 1244.2
1169390 1251.4
1169400 1251.4
1169410 1258.8
1169420 1266.5
1169430 1266.5
1169440 1274.5
1169450 1282.8
1169460 1282.8
1169470 1291.1
1169480 1299.4
1169490 1299.4
1169500 1307.1
1169510 1314.2
1169520 1313.5
1169530 1320.3
1169540 1327.0
1169550 1327.0
1169560 1333.8
1169570 1340.9
1169580 1340.9
1169590 1347.8
1169600 1354.7
1169610 1354.7
1169620 1362.0
1169630 1369.4
1169640 1377.1
1169650 1377.1
1169660 1384.9
1169670 1392.8
1169680 1392.8
1169690 1401.0
1169700 1410.3
1169710 1410.3
1169720 1418.7
1169730 1426.9
1169740 1426.9
1169750 1434.3
1169760 1440.4
1169770 1440.4
1169780 1446.1
1169790 1450.7
1169800 1450.7
1169810 1454.8
1169820 1458.4
1169830 1458.4
1169840 1462.2
1169850 1464.3
1169860 1464.3
1169870 1463.9
1169880 1462.7
1169890 1462.7
1169900 1463.0
1169910 1466.6
1169920 1475.1
1169930 1475.1
1169940 1482.4
1169950 1490.1
1169960 1490.1
1169970 1495.2
1169980 1499.8
1169990 1499.8
1170000 1505.0
1170010 1509.6
1170020 1509.6
1170030 1512.0
1170040 1514.0
1170050 1514.0
1170060 1516.3
1170070 1519.5
1170080 1519.5
1170090 1523.4
1170100 1527.6
1170110 1527.6
1170120 1531.4
1170130 1534.6
1170140 1534.6
1170150 1536.9
1170160 1538.4
1170170 1538.4
1170180 1538.9
1170190 1540.3
1170200 1541.9
1170210 1541.9
1170220 1543.8
1170230 1546.2
1170240 1546.2
1170250 1549.2
1170260 1552.4
1170270 1552.4
1170280 1554.9
1170290 1556.5
1170300 1556.5
1170310 1557.0
1170320 1555.4
1170330 1555.4
1170340 1556.3
1170350 1556.9
1170360 1556.9
1170370 1559.6
1170380 1565.0
1170390 1565.0
1170400 1571.4
1170410 1576.1
1170420 1576.1
1170430 1579.3
1170440 1582.3
1170450 1582.3
1170460 1585.1
1170470 1587.0
1170480 1590.2
1170490 1590.2
1170500 1594.2
1170510 1598.1
1170520 1598.1
1170530 1601.5
1170540 1604.5
1170550 1604.5
1170560 1607.5
1170570 1609.7
1170580 1609.7
1170590 1612.3
1170600 1613.6
1170610 1613.6
1170620 1614.8
1170630 1616.3
1170640 1616.3
1170650 1618.5
1170660 1621.7
1170670 1621.7
1170680 1625.1
1170690 1627.6
1170700 1627.6
1170710 1629.2
1170720 1631.1
1170730 1631.8
1170740 1633.7
1170750 1635.9
1170760 1638.3
1170770 1638.3
1170780 1640.3
1170790 1642.7
1170800 1642.7
1170810 1646.2
1170820 1650.6
1170830 1650.6
1170840 1653.8
1170850 1656.5
1170860 1656.5
1170870 1659.7
1170880 1662.6
1170890 1662.6
1170900 1665.1
1170910 1667.7
1170920 1667.7
1170930 1671.1
1170940 1675.0
1170950 1675.0
1170960 1679.2
1170970 1683.8
1170980 1683.8
1170990 1688.8
1171000 1693.5
1171010 1693.5
1171020 1698.7
1171030 1704.3
1171040 1710.3
1171050 1710.3
1171060 1716.4
1171070 1722.7
1171080 1722.7
1171090 1729.1
1171100 1735.9
1171110 1735.9
1171120 1743.6
1171130 1751.7
1171140 1756.0
1171150 1765.0
1171160 1772.9
1171170 1772.9
1171180 1778.4
1171190 1784.2
1171200 1784.2
1171210 1790.2
1171220 1795.8
1171230 1795.8
1171240 1800.5
1171250 1804.9
1171260 1804.9
1171270 1808.8
1171280 1811.8
1171290 1811.8
1171300 1814.5
1171310 1817.6
1171320 1821.9
1171330 1821.9
1171340 1826.6
1171350 1831.2
1171360 1831.2
1171370 1835.6
1171380 1840.1
1171390 1840.1
1171400 1844.3
1171410 1847.7
1171420 1847.7
1171430 1851.2
1171440 1855.6
1171450 1855.6
1171460 1861.0
1171470 1866.7
1171480 1866.7
1171490 1872.9
1171500 1878.5
1171510 1878.5
1171520 1884.2
1171530 1889.5
1171540 1886.1
1171550 1890.6
1171560 1894.6
1171570 1899.4
1171580 1899.4
1171590 1905.4
1171600 1911.0
1171610 1911.0
1171620 1917.1
1171630 1922.9
1171640 1922.9
1171650 1928.9
1171660 1934.7
1171670 1934.7
1171680 1940.5
1171690 1946.7
1171700 1946.7
1171710 1953.9
1171720 1961.0
1171730 1961.0
1171740 1968.8
1171750 1976.0
1171760 1976.0
1171770 1983.9
1171780 1992.0
1171790 1992.0
1171800 2001.2
1171810 2007.4
1171820 2007.4
1171830 2012.3
1171840 2016.3
1171850 2019.8
1171860 2019.8
1171870 2023.4
1171880 2026.4
1171890 2026.4
1171900 2027.7
1171910 2027.2
1171920 2027.2
1171930 2026.0
1171940 2025.1
1171950 2028.8
1171960 2027.8
1171970 2025.9
1171980 2025.9
1171990 2023.5
1172000 2022.0
1172010 2022.0
1172020 2020.8
1172030 2019.4
1172040 2019.4
1172050 2018.2
1172060 2016.9
1172070 2016.9
1172080 2014.8
1172090 2011.4
1172100 2011.4
1172110 2012.9
1172120 2014.6
1172130 2014.3
1172140 2014.3
1172150 2011.1
1172160 2000.7
1172170 2000.7
1172180 1994.8
1172190 1995.3
1172200 1995.3
1172210 1992.8
1172220 1993.8
1172230 1993.8
1172240 1992.6
1172250 1990.5
1172260 1990.5
1172270 1986.9
1172280 1982.7
1172290 1982.7
1172300 1984.8
1172310 1987.4
1172320 1987.4
1172330 1987.2
1172340 1981.2
1172350 1981.2
1172360 1977.0
1172370 1968.9
1172380 1968.9
1172390 1961.5
1172400 1953.0
1172410 1944.9
1172420 1944.9
1172430 1942.4
1172440 1943.0
1172450 1943.0
1172460 1940.4
1172470 1933.7
1172480 1933.7
1172490 1926.5
1172500 1922.0
1172510 1922.0
1172520 1918.6
1172530 1911.4
1172540 1911.4
1172550 1903.0
1172560 1890.7
1172570 1890.7
1172580 1880.9
1172590 1871.7
1172600 1871.7
1172610 1859.6
1172620 1850.4
1172630 1850.4
1172640 1841.8
1172650 1830.3
1172660 1830.3
1172670 1821.8
1172680 1814.2
1172690 1806.9
1172700 1806.9
1172710 1797.6
1172720 1784.4
1172730 1784.4
1172740 1770.4
1172750 1755.4
1172760 1755.4
1172770 1742.3
1172780 1735.1
1172790 1735.1
1172800 1733.6
1172810 1731.0
1172820 1731.0
1172830 1726.8
1172840 1728.2
1172850 1728.2
1172860 1728.2
1172870 1729.3
1172880 1729.3
1172890 1729.0
1172900 1726.5
1172910 1726.5
1172920 1724.7
1172930 1722.8
1172940 1722.8
1172950 1720.9
1172960 1719.4
1172970 1718.4
1172980 1718.4
1172990 1716.5
1173000 1715.6
1173010 1715.6
1173020 1715.2
1173030 1713.7
1173040 1713.7
1173050 1710.5
1173060 1709.6
1173070 1709.6
1173080 1707.2
1173090 1706.8
1173100 1706.8
1173110 1711.9
1173120 1713.9
1173130 1713.9
1173140 1714.4
1173150 1714.7
1173160 1714.7
1173170 1717.2
1173180 1716.9
1173190 1716.9
1173200 1716.1
1173210 1717.7
1173220 1717.7
1173230 1719.4
1173240 1716.6
1173250 1723.9
1173260 1723.9
1173270 1729.9
1173280 1731.7
1173290 1731.7
1173300 1734.6
1173310 1735.6
1173320 1735.6
1173330 1738.8
1173340 1744.7
1173350 1744.7
1173360 1750.8
1173370 1756.0
1173380 1756.0
1173390 1760.8
1173400 1766.5
1173410 1766.5
1173420 1773.6
1173430 1786.5
1173440 1786.5
1173450 1803.0
1173460 1813.7
1173470 1813.7
1173480 1821.6
1173490 1824.9
1173500 1824.9
1173510 1830.5
1173520 1838.4
1173530 1843.8
1173540 1843.8
1173550 1850.2
1173560 1857.3
1173570 1857.3
1173580 1868.6
1173590 1870.9
1173600 1870.9
1173610 1878.6
1173620 1887.9
1173630 1887.9
1173640 1896.3
1173650 1903.7
1173660 1903.7
1173670 1905.1
1173680 1900.3
1173690 1900.3
1173700 1897.2
1173710 1891.8
1173720 1891.8
1173730 1883.8
1173740 1877.4
1173750 1877.4
1173760 1872.4
1173770 1867.0
1173780 1867.0
1173790 1861.5
1173800 1854.3
1173810 1841.1
1173820 1841.1
1173830 1834.1
1173840 1841.6
1173850 1841.6
1173860 1842.8
1173870 1838.3
1173880 1838.3
1173890 1833.7
1173900 1835.0
1173910 1835.0
1173920 1835.4
1173930 1832.1
1173940 1832.1
1173950 1831.7
1173960 1834.2
1173970 1834.2
1173980 1834.7
1173990 1840.8
1174000 1840.8
1174010 1839.0
1174020 1840.0
1174030 1840.0
1174040 1840.0
1174050 1840.7
1174060 1840.7
1174070 1841.1
1174080 1842.2
1174090 1842.8
1174100 1842.8
1174110 1842.9
1174120 1842.0
1174130 1842.0
1174140 1839.6
1174150 1836.7
1174160 1836.7
1174170 1834.1
1174180 1833.7
1174190 1833.7
1174200 1835.7
1174210 1835.4
1174220 1835.4
1174230 1835.6
1174240 1834.5
1174250 1834.5
1174260 1831.3
1174270 1827.5
1174280 1827.5
1174290 1822.3
1174300 1816.6
1174310 1816.6
1174320 1810.1
1174330 1803.6
1174340 1803.6
1174350 1796.6
1174360 1789.5
1174370 1782.5
1174380 1782.5
1174390 1775.8
1174400 1770.2
1174410 1770.2
1174420 1762.9
1174430 1755.8
1174440 1755.8
1174450 1748.7
1174460 1741.6
1174470 1741.6
1174480 1734.6
1174490 1727.6
1174500 1727.6
1174510 1720.4
1174520 1713.2
1174530 1713.2
1174540 1706.3
1174550 1699.8
1174560 1699.8
1174570 1691.9
1174580 1683.8
1174590 1683.8
1174600 1675.5
1174610 1667.1
1174620 1667.1
1174630 1658.8
1174640 1648.9
1174650 1638.5
1174660 1638.5
1174670 1629.7
1174680 1620.4
1174690 1620.4
1174700 1611.1
1174710 1601.5
1174720 1601.5
1174730 1592.8
1174740 1585.1
1174750 1585.1
1174760 1577.4
1174770 1570.5
1174780 1570.5
1174790 1563.6
1174800 1556.4
1174810 1554.1
1174820 1547.5
1174830 1540.4
1174840 1540.4
1174850 1532.2
1174860 1524.9
1174870 1524.9
1174880 1517.9
1174890 1508.4
1174900 1508.4
1174910 1499.5
1174920 1491.6
1174930 1484.2
1174940 1484.2
1174950 1476.3
1174960 1468.9
1174970 1468.9
1174980 1461.3
1174990 1453.9
1175000 1453.9
1175010 1447.1
1175020 1440.3
1175030 1440.3
1175040 1433.8
1175050 1427.6
1175060 1427.6
1175070 1419.6
1175080 1410.4
1175090 1410.4
1175100 1399.8
1175110 1394.0
1175120 1394.0
1175130 1385.2
1175140 1374.2
1175150 1374.2
1175160 1361.8
1175170 1349.7
1175180 1349.7
1175190 1356.2
1175200 1363.4
1175210 1369.2
1175220 1369.2
1175230 1383.0
1175240 1384.8
1175250 1384.8
1175260 1383.8
1175270 1389.3
1175280 1389.3
1175290 1388.2
1175300 1383.9
1175310 1383.9
1175320 1386.6
1175330 1392.3
1175340 1392.3
1175350 1401.7
1175360 1403.9
1175370 1403.9
1175380 1408.3
1175390 1412.4
1175400 1412.4
1175410 1414.3
1175420 1416.5
1175430 1416.5
1175440 1419.7
1175450 1428.4
1175460 1432.0
1175470 1432.0
1175480 1429.1
1175490 1427.9
1175500 1427.9
1175510 1435.6
1175520 1446.7
1175530 1446.7
1175540 1456.1
1175550 1462.5
1175560 1462.5
1175570 1470.5
1175580 1477.3
1175590 1477.3
1175600 1482.8
1175610 1487.3
1175620 1487.3
1175630 1490.4
1175640 1501.1
1175650 1501.1
1175660 1503.7
1175670 1506.5
1175680 1506.5
1175690 1509.6
1175700 1512.1
1175710 1512.1
1175720 1514.8
1175730 1520.4
1175740 1526.6
1175750 1526.6
1175760 1533.6
1175770 1540.2
1175780 1540.2
1175790 1547.4
1175800 1555.1
1175810 1555.1
1175820 1562.9
1175830 1570.5
1175840 1570.5
1175850 1577.6
1175860 1583.2
1175870 1583.2
1175880 1586.9
1175890 1587.7
1175900 1587.7
1175910 1587.4
1175920 1588.2
1175930 1588.2
1175940 1586.7
1175950 1587.7
1175960 1587.7
1175970 1587.4
1175980 1586.8
1175990 1586.8
1176000 1584.1
1176010 1582.8
1176020 1584.8
1176030 1584.8
1176040 1585.7
1176050 1593.1
1176060 1593.1
1176070 1591.2
1176080 1588.0
1176090 1588.0
1176100 1588.6
1176110 1585.9
1176120 1585.9
1176130 1580.0
1176140 1578.6
1176150 1578.6
1176160 1579.8
1176170 1578.5
1176180 1578.5
1176190 1578.3
1176200 1583.4
1176210 1583.4
1176220 1585.5
1176230 1583.6
1176240 1583.6
1176250 1578.9
1176260 1577.3
1176270 1577.3
1176280 1577.2
1176290 1574.9
1176300 1572.9
1176310 1572.9
1176320 1571.4
1176330 1569.9
1176340 1569.9
1176350 1567.8
1176360 1564.7
1176370 1564.7
1176380 1558.9
1176390 1551.9
1176400 1551.9
1176410 1548.0
1176420 1547.4
1176430 1547.4
1176440 1544.5
1176450 1541.3
1176460 1547.7
1176470 1543.3
1176480 1538.7
1176490 1538.7
1176500 1533.4
1176510 1528.1
1176520 1528.1
1176530 1523.5
1176540 1518.9
1176550 1518.9
1176560 1513.4
1176570 1506.5
1176580 1501.6
1176590 1501.6
1176600 1497.3
1176610 1493.4
1176620 1493.4
1176630 1490.9
1176640 1487.3
1176650 1487.3
1176660 1481.9
1176670 1476.4
1176680 1476.4
1176690 1473.7
1176700 1470.8
1176710 1470.8
1176720 1466.9
1176730 1460.4
1176740 1460.4
1176750 1453.7
1176760 1450.8
1176770 1450.8
1176780 1448.3
1176790 1441.3
1176800 1441.3
1176810 1433.4
1176820 1431.1
1176830 1431.1
1176840 1432.2
1176850 1430.3
1176860 1428.1
1176870 1428.1
1176880 1433.6
1176890 1430.8
1176900 1430.8
1176910 1427.6
1176920 1423.8
1176930 1423.8
1176940 1420.4
1176950 1416.8
1176960 1416.8
1176970 1413.8
1176980 1410.7
1176990 1410.7
1177000 1405.7
1177010 1400.2
1177020 1400.2
1177030 1397.6
1177040 1395.7
1177050 1395.7
1177060 1392.3
1177070 1387.5
1177080 1387.5
1177090 1380.6
1177100 1375.7
1177110 1375.7
1177120 1376.0
1177130 1375.3
1177140 1372.0
1177150 1372.0
1177160 1368.6
1177170 1364.9
1177180 1364.9
1177190 1361.0
1177200 1357.2
1177210 1357.2
1177220 1354.5
1177230 1351.8
1177240 1351.8
1177250 1346.3
1177260 1338.0
1177270 1338.0
1177280 1332.0
1177290 1337.1
1177300 1337.1
1177310 1334.2
1177320 1331.4
1177330 1331.4
1177340 1328.6
1177350 1328.7
1177360 1328.7
1177370 1327.2
1177380 1325.7
1177390 1325.7
1177400 1329.3
1177410 1335.6
1177420 1341.4
1177430 1341.4
1177440 1344.0
1177450 1340.1
1177460 1340.1
1177470 1335.2
1177480 1330.4
1177490 1330.4
1177500 1327.0
1177510 1325.9
1177520 1325.9
1177530 1325.1
1177540 1320.8
1177550 1320.8
1177560 1314.0
1177570 1307.4
1177580 1307.4
1177590 1302.5
1177600 1297.1
1177610 1297.1
1177620 1292.3
1177630 1287.0
1177640 1287.0
1177650 1282.6
1177660 1278.9
1177670 1278.9
1177680 1272.5
1177690 1264.8
1177700 1256.9
1177710 1259.8
1177720 1252.8
1177730 1242.9
1177740 1242.9
1177750 1234.7
1177760 1224.6
1177770 1224.6
1177780 1211.8
1177790 1206.6
1177800 1206.6
1177810 1209.6
1177820 1214.2
1177830 1214.2
1177840 1218.6
1177850 1224.2
1177860 1224.2
1177870 1233.6
1177880 1242.3
1177890 1242.3
1177900 1254.3
1177910 1261.5
1177920 1261.5
1177930 1265.0
1177940 1266.5
1177950 1266.5
1177960 1269.9
1177970 1270.4
1177980 1266.7
1177990 1266.7
1178000 1262.3
1178010 1259.8
1178020 1259.8
1178030 1260.1
1178040 1258.0
1178050 1258.0
1178060 1258.1
1178070 1258.0
1178080 1258.0
1178090 1256.1
1178100 1253.8
1178110 1253.8
1178120 1254.4
1178130 1250.7
1178140 1250.7
1178150 1245.8
1178160 1241.5
1178170 1241.5
1178180 1243.3
1178190 1243.0
1178200 1243.0
1178210 1244.4
1178220 1245.9
1178230 1245.9
1178240 1246.2
1178250 1243.8
1178260 1240.8
1178270 1240.8
1178280 1234.5
1178290 1230.8
1178300 1230.8
1178310 1225.2
1178320 1220.9
1178330 1220.9
1178340 1209.3
1178350 1198.8
1178360 1198.8
1178370 1196.1
1178380 1190.4
1178390 1190.4
1178400 1182.6
1178410 1180.7
1178420 1180.7
1178430 1179.0
1178440 1178.3
1178450 1178.3
1178460 1178.1
1178470 1176.7
1178480 1176.7
1178490 1172.9
1178500 1176.3
1178510 1176.3
1178520 1183.3
1178530 1193.9
1178540 1204.2
1178550 1204.2
1178560 1217.3
1178570 1231.5
1178580 1231.5
1178590 1243.0
1178600 1249.5
1178610 1249.5
1178620 1253.4
1178630 1253.8
1178640 1253.8
1178650 1255.0
1178660 1256.6
1178670 1256.6
1178680 1255.7
1178690 1253.8
1178700 1253.8
1178710 1252.6
1178720 1252.5
1178730 1252.5
1178740 1258.8
1178750 1264.0
1178760 1264.0
1178770 1266.9
1178780 1269.5
1178790 1274.0
1178800 1274.0
1178810 1277.3
1178820 1278.5
1178830 1278.5
1178840 1277.9
1178850 1278.2
1178860 1278.2
1178870 1280.5
1178880 1283.5
1178890 1283.5
1178900 1285.9
1178910 1288.0
1178920 1288.0
1178930 1289.9
1178940 1292.5
1178950 1288.2
1178960 1291.4
1178970 1293.1
1178980 1293.1
1178990 1292.8
1179000 1291.8
1179010 1291.8
1179020 1292.6
1179030 1293.9
1179040 1293.9
1179050 1295.6
1179060 1299.5
1179070 1302.2
1179080 1302.2
1179090 1303.2
1179100 1304.1
1179110 1304.1
1179120 1304.1
1179130 1303.4
1179140 1303.4
1179150 1303.3
1179160 1302.8
1179170 1302.8
1179180 1303.4
1179190 1306.3
1179200 1306.3
1179210 1310.7
1179220 1314.9
1179230 1314.9
1179240 1319.2
1179250 1323.6
1179260 1323.6
1179270 1325.7
1179280 1325.7
1179290 1325.7
1179300 1325.0
1179310 1323.6
1179320 1323.6
1179330 1323.0
1179340 1323.9
1179350 1327.3
1179360 1327.3
1179370 1326.5
1179380 1329.5
1179390 1329.5
1179400 1328.0
1179410 1324.4
1179420 1324.4
1179430 1320.1
1179440 1314.5
1179450 1314.5
1179460 1309.1
1179470 1301.1
1179480 1301.1
1179490 1302.2
1179500 1303.2
1179510 1303.2
1179520 1306.5
1179530 1310.7
1179540 1310.7
1179550 1314.9
1179560 1319.4
1179570 1319.4
1179580 1322.7
1179590 1329.0
1179600 1329.0
1179610 1334.5
1179620 1344.2
1179630 1361.7
1179640 1361.7
1179650 1374.1
1179660 1379.8
1179670 1379.8
1179680 1385.3
1179690 1390.9
1179700 1390.9
1179710 1395.7
1179720 1400.2
1179730 1400.2
1179740 1405.0
1179750 1409.8
1179760 1409.8
1179770 1415.0
1179780 1419.9
1179790 1423.6
1179800 1428.6
1179810 1433.4
1179820 1433.4
1179830 1437.9
1179840 1442.1
1179850 1442.1
1179860 1445.6
1179870 1448.4
1179880 1448.4
1179890 1451.1
1179900 1453.1
1179910 1455.0
1179920 1455.0
1179930 1456.6
1179940 1459.4
1179950 1459.4
1179960 1462.9
1179970 1466.2
1179980 1466.2
1179990 1469.3
