1160000 1502.3
1160010 1501.9
1160020 1501.9
1160030 1503.3
1160040 1505.1
1160050 1505.1
1160060 1505.9
1160070 1506.5
1160080 1506.5
1160090 1507.1
1160100 1507.4
1160110 1507.4
1160120 1507.2
1160130 1508.7
1160140 1508.7
1160150 1511.0
1160160 1512.4
1160170 1512.4
1160180 1513.2
1160190 1514.4
1160200 1514.4
1160210 1515.6
1160220 1516.2
1160230 1516.9
1160240 1516.9
1160250 1517.6
1160260 1518.4
1160270 1518.4
1160280 1519.3
1160290 1520.2
1160300 1520.2
1160310 1521.6
1160320 1523.5
1160330 1523.5
1160340 1525.0
1160350 1526.8
1160360 1526.8
1160370 1528.6
1160380 1529.9
1160390 1526.1
1160400 1527.6
1160410 1529.4
1160420 1529.4
1160430 1530.7
1160440 1531.8
1160450 1531.8
1160460 1532.9
1160470 1533.9
1160480 1533.9
1160490 1534.9
1160500 1535.5
1160510 1536.8
1160520 1536.8
1160530 1538.7
1160540 1540.5
1160550 1540.5
1160560 1542.3
1160570 1544.4
1160580 1544.4
1160590 1547.0
1160600 1550.1
1160610 1550.1
1160620 1553.3
1160630 1556.6
1160640 1556.6
1160650 1559.8
1160660 1563.1
1160670 1563.1
1160680 1566.4
1160690 1569.5
1160700 1569.5
1160710 1572.5
1160720 1575.5
1160730 1575.5
1160740 1578.8
1160750 1581.6
1160760 1581.6
1160770 1583.1
1160780 1581.2
1160790 1582.6
1160800 1582.6
1160810 1584.1
1160820 1584.4
1160830 1584.4
1160840 1583.7
1160850 1583.0
1160860 1583.0
1160870 1582.0
1160880 1580.5
1160890 1580.5
1160900 1579.9
1160910 1580.2
1160920 1580.2
1160930 1579.7
1160940 1578.5
1160950 1578.5
1160960 1577.4
1160970 1576.2
1160980 1576.2
1160990 1574.9
1161000 1573.5
1161010 1573.5
1161020 1572.5
1161030 1571.5
1161040 1571.5
1161050 1570.0
1161060 1568.1
1161070 1566.3
1161080 1566.3
1161090 1564.8
1161100 1562.3
1161110 1562.3
1161120 1558.7
1161130 1554.8
1161140 1554.8
1161150 1550.3
1161160 1545.4
1161170 1545.4
1161180 1534.7
1161190 1529.0
1161200 1529.0
1161210 1523.4
1161220 1516.9
1161230 1516.9
1161240 1510.8
1161250 1505.6
1161260 1505.6
1161270 1501.1
1161280 1496.7
1161290 1496.7
1161300 1492.8
1161310 1489.4
1161320 1489.4
1161330 1484.9
1161340 1481.6
1161350 1477.4
1161360 1477.4
1161370 1472.7
1161380 1467.6
1161390 1467.6
1161400 1462.9
1161410 1458.8
1161420 1458.8
1161430 1454.1
1161440 1448.9
1161450 1448.9
1161460 1442.8
1161470 1436.4
1161480 1436.4
1161490 1430.8
1161500 1425.7
1161510 1425.7
1161520 1421.9
1161530 1419.2
1161540 1419.2
1161550 1417.0
1161560 1414.3
1161570 1409.5
1161580 1406.5
1161590 1403.0
1161600 1403.0
1161610 1399.0
1161620 1394.6
1161630 1390.6
1161640 1390.6
1161650 1387.0
1161660 1382.8
1161670 1382.8
1161680 1378.4
1161690 1374.7
1161700 1374.7
1161710 1372.5
1161720 1370.7
1161730 1370.7
1161740 1369.8
1161750 1369.9
1161760 1369.9
1161770 1369.3
1161780 1368.4
1161790 1368.4
1161800 1367.4
1161810 1366.5
1161820 1366.5
1161830 1365.9
1161840 1365.5
1161850 1365.5
1161860 1365.4
1161870 1365.8
1161880 1365.8
1161890 1366.5
1161900 1367.5
1161910 1368.5
1161920 1368.5
1161930 1368.3
1161940 1367.8
1161950 1367.8
1161960 1367.1
1161970 1360.5
1161980 1360.5
1161990 1358.7
1162000 1355.5
1162010 1355.5
1162020 1352.3
1162030 1349.2
1162040 1349.2
1162050 1346.2
1162060 1344.1
1162070 1344.1
1162080 1342.8
1162090 1342.2
1162100 1342.2
1162110 1341.4
1162120 1340.5
1162130 1340.5
1162140 1340.1
1162150 1339.7
1162160 1339.7
1162170 1339.7
1162180 1339.4
1162190 1338.8
1162200 1338.8
1162210 1337.6
1162220 1335.8
1162230 1335.8
1162240 1334.1
1162250 1333.5
1162260 1333.5
1162270 1333.1
1162280 1332.4
1162290 1332.4
1162300 1331.8
1162310 1331.1
1162320 1331.1
1162330 1329.8
1162340 1327.8
1162350 1327.8
1162360 1320.2
1162370 1317.6
1162380 1317.6
1162390 1315.2
1162400 1313.8
1162410 1313.8
1162420 1313.3
1162430 1313.6
1162440 1313.6
1162450 1314.2
1162460 1314.5
1162470 1314.8
1162480 1314.8
1162490 1315.2
1162500 1315.3
1162510 1315.3
1162520 1314.8
1162530 1314.0
1162540 1314.0
1162550 1312.5
1162560 1310.5
1162570 1310.5
1162580 1308.3
1162590 1306.3
1162600 1306.3
1162610 1304.8
1162620 1303.3
1162630 1303.3
1162640 1302.1
1162650 1301.2
1162660 1301.2
1162670 1300.3
1162680 1299.3
1162690 1299.3
1162700 1298.4
1162710 1297.9
1162720 1297.9
1162730 1296.8
1162740 1296.1
1162750 1296.0
1162760 1289.4
1162770 1289.3
1162780 1289.3
1162790 1289.3
1162800 1289.3
1162810 1289.0
1162820 1289.0
1162830 1288.6
1162840 1288.5
1162850 1288.5
1162860 1288.6
1162870 1288.6
1162880 1288.6
1162890 1289.1
1162900 1289.7
1162910 1289.7
1162920 1290.4
1162930 1290.8
1162940 1290.8
1162950 1290.6
1162960 1289.3
1162970 1289.3
1162980 1288.5
1162990 1289.0
1163000 1289.0
1163010 1289.4
1163020 1289.6
1163030 1289.0
1163040 1289.0
1163050 1288.3
1163060 1287.5
1163070 1287.5
1163080 1286.5
1163090 1285.6
1163100 1285.6
1163110 1285.2
1163120 1285.5
1163130 1285.5
1163140 1285.9
1163150 1280.7
1163160 1280.7
1163170 1281.4
1163180 1281.8
1163190 1281.8
1163200 1281.0
1163210 1277.4
1163220 1277.4
1163230 1271.8
1163240 1265.0
1163250 1265.0
1163260 1257.9
1163270 1250.9
1163280 1250.9
1163290 1242.4
1163300 1234.3
1163310 1223.3
1163320 1223.3
1163330 1225.0
1163340 1229.8
1163350 1229.8
1163360 1234.9
1163370 1239.6
1163380 1239.6
1163390 1244.2
1163400 1244.4
1163410 1244.4
1163420 1241.9
1163430 1242.2
1163440 1242.2
1163450 1245.9
1163460 1251.6
1163470 1251.6
1163480 1258.5
1163490 1266.0
1163500 1266.0
1163510 1272.7
1163520 1277.4
1163530 1277.4
1163540 1280.2
1163550 1278.2
1163560 1280.6
1163570 1280.6
1163580 1282.1
1163590 1283.9
1163600 1283.9
1163610 1285.6
1163620 1287.0
1163630 1287.0
1163640 1287.7
1163650 1288.1
1163660 1288.1
1163670 1288.3
1163680 1290.0
1163690 1290.0
1163700 1291.7
1163710 1292.8
1163720 1292.8
1163730 1293.4
1163740 1293.2
1163750 1293.2
1163760 1293.2
1163770 1292.9
1163780 1292.9
1163790 1292.0
1163800 1290.9
1163810 1290.9
1163820 1289.9
1163830 1289.0
1163840 1287.9
1163850 1287.9
1163860 1286.8
1163870 1285.9
1163880 1285.9
1163890 1284.4
1163900 1283.1
1163910 1283.1
1163920 1282.3
1163930 1282.0
1163940 1282.0
1163950 1277.2
1163960 1276.8
1163970 1276.8
1163980 1276.6
1163990 1276.1
1164000 1276.1
1164010 1275.6
1164020 1275.5
1164030 1275.5
1164040 1275.6
1164050 1275.9
1164060 1275.9
1164070 1275.7
1164080 1275.3
1164090 1275.3
1164100 1275.2
1164110 1274.9
1164120 1274.2
1164130 1274.2
1164140 1272.6
1164150 1270.9
1164160 1270.9
1164170 1269.0
1164180 1268.4
1164190 1268.4
1164200 1268.0
1164210 1267.4
1164220 1267.4
1164230 1267.1
1164240 1265.6
1164250 1265.6
1164260 1264.2
1164270 1262.5
1164280 1262.5
1164290 1261.2
1164300 1259.7
1164310 1259.7
1164320 1257.5
1164330 1253.8
1164340 1253.8
1164350 1242.2
1164360 1239.9
1164370 1239.9
1164380 1237.7
1164390 1235.4
1164400 1233.7
1164410 1233.7
1164420 1232.3
1164430 1230.6
1164440 1230.6
1164450 1228.0
1164460 1224.0
1164470 1224.0
1164480 1219.4
1164490 1215.1
1164500 1215.1
1164510 1211.2
1164520 1207.3
1164530 1207.3
1164540 1203.5
1164550 1200.3
1164560 1200.3
1164570 1196.4
1164580 1192.3
1164590 1192.3
1164600 1189.4
1164610 1186.4
1164620 1186.4
1164630 1183.6
1164640 1179.8
1164650 1179.8
1164660 1175.8
1164670 1172.0
1164680 1169.1
1164690 1169.1
1164700 1166.9
1164710 1164.6
1164720 1164.6
1164730 1162.1
1164740 1153.6
1164750 1153.6
1164760 1151.8
1164770 1150.0
1164780 1150.0
1164790 1148.3
1164800 1146.8
1164810 1146.8
1164820 1145.5
1164830 1143.8
1164840 1143.8
1164850 1141.5
1164860 1139.3
1164870 1139.3
1164880 1136.6
1164890 1134.2
1164900 1134.2
1164910 1132.4
1164920 1131.3
1164930 1131.3
1164940 1130.1
1164950 1129.2
1164960 1128.2
1164970 1128.2
1164980 1127.0
1164990 1125.3
1165000 1125.3
1165010 1123.4
1165020 1122.3
1165030 1122.3
1165040 1122.3
1165050 1122.3
1165060 1122.3
1165070 1121.2
1165080 1118.4
1165090 1118.4
1165100 1114.5
1165110 1114.2
1165120 1114.2
1165130 1113.9
1165140 1106.2
1165150 1106.2
1165160 1103.7
1165170 1100.6
1165180 1100.6
1165190 1099.4
1165200 1098.9
1165210 1098.9
1165220 1093.5
1165230 1092.8
1165240 1088.7
1165250 1088.7
1165260 1082.6
1165270 1082.5
1165280 1082.5
1165290 1082.6
1165300 1080.0
1165310 1080.0
1165320 1077.6
1165330 1073.8
1165340 1073.8
1165350 1072.3
1165360 1070.9
1165370 1070.9
1165380 1071.9
1165390 1072.3
1165400 1072.3
1165410 1072.2
1165420 1068.6
1165430 1068.6
1165440 1064.3
1165450 1063.2
1165460 1063.2
1165470 1063.0
1165480 1062.6
1165490 1062.6
1165500 1062.1
1165510 1061.2
1165520 1058.9
1165530 1058.9
1165540 1049.9
1165550 1048.7
1165560 1048.7
1165570 1047.9
1165580 1046.1
1165590 1046.1
1165600 1043.6
1165610 1041.8
1165620 1041.8
1165630 1040.8
1165640 1040.1
1165650 1040.1
1165660 1038.6
1165670 1035.3
1165680 1035.3
1165690 1032.7
1165700 1031.1
1165710 1031.1
1165720 1029.0
1165730 1026.2
1165740 1026.2
1165750 1023.9
1165760 1021.9
1165770 1021.9
1165780 1020.3
1165790 1018.8
1165800 1017.4
1165810 1017.4
1165820 1015.7
1165830 1015.1
1165840 1015.1
1165850 1015.1
1165860 1015.1
1165870 1015.1
1165880 1015.1
1165890 1014.9
1165900 1014.9
1165910 1014.7
1165920 1014.5
1165930 1014.5
1165940 1014.5
1165950 1014.6
1165960 1014.6
1165970 1014.5
1165980 1014.3
1165990 1014.3
1166000 1014.2
1166010 1014.1
1166020 1014.1
1166030 1014.0
1166040 1014.1
1166050 1014.1
1166060 1014.2
1166070 1014.1
1166080 1014.1
1166090 1014.1
1166100 1014.5
1166110 1014.2
1166120 1014.2
1166130 1013.9
1166140 1013.8
1166150 1013.8
1166160 1013.7
1166170 1013.5
1166180 1013.5
1166190 1013.3
1166200 1013.2
1166210 1013.2
1166220 1013.0
1166230 1012.8
1166240 1012.8
1166250 1013.1
1166260 1013.8
1166270 1013.8
1166280 1014.8
1166290 1015.0
1166300 1015.0
1166310 1015.0
1166320 1015.0
1166330 1015.0
1166340 1014.9
1166350 1015.0
1166360 1015.1
1166370 1015.1
1166380 1015.0
1166390 1015.0
1166400 1015.0
1166410 1014.8
1166420 1014.6
1166430 1014.6
1166440 1014.3
1166450 1014.1
1166460 1014.1
1166470 1014.1
1166480 1014.2
1166490 1014.2
1166500 1014.3
1166510 1014.4
1166520 1014.4
1166530 1014.5
1166540 1014.6
1166550 1014.6
1166560 1014.5
1166570 1014.5
1166580 1014.5
1166590 1014.5
1166600 1014.2
1166610 1014.2
1166620 1013.9
1166630 1013.6
1166640 1013.5
1166650 1013.5
1166660 1013.6
1166670 1013.5
1166680 1013.5
1166690 1013.3
1166700 1013.1
1166710 1013.1
1166720 1013.0
1166730 1012.7
1166740 1012.4
1166750 1010.9
1166760 1010.2
1166770 1010.2
1166780 1009.9
1166790 1009.6
1166800 1009.6
1166810 1009.5
1166820 1009.7
1166830 1009.7
1166840 1009.9
1166850 1009.7
1166860 1009.7
1166870 1009.5
1166880 1009.3
1166890 1008.9
1166900 1008.9
1166910 1008.5
1166920 1008.1
1166930 1008.1
1166940 1007.8
1166950 1007.5
1166960 1007.5
1166970 1007.3
1166980 1007.1
1166990 1007.1
1167000 1006.7
1167010 1006.0
1167020 1006.0
1167030 1005.2
1167040 1005.2
1167050 1005.2
1167060 1005.3
1167070 1005.7
1167080 1005.7
1167090 1005.9
1167100 1005.6
1167110 1005.6
1167120 1005.4
1167130 1005.4
1167140 1005.5
1167150 1005.5
1167160 1005.2
1167170 1005.0
1167180 1005.0
1167190 1005.2
1167200 1005.3
1167210 1005.3
1167220 1005.4
1167230 1005.2
1167240 1005.2
1167250 1005.1
1167260 1005.3
1167270 1005.3
1167280 1005.3
1167290 1005.3
1167300 1005.3
1167310 1005.4
1167320 1005.4
1167330 1005.4
1167340 1005.5
1167350 1005.4
1167360 1005.4
1167370 1004.3
1167380 1002.9
1167390 1002.9
1167400 1002.5
1167410 1002.4
1167420 1002.4
1167430 1002.4
1167440 1002.3
1167450 1002.2
1167460 1002.2
1167470 1001.9
1167480 1003.0
1167490 1003.0
1167500 1006.5
1167510 1010.6
1167520 1010.6
1167530 1017.1
1167540 1025.8
1167550 1025.8
1167560 1030.5
1167570 1035.4
1167580 1035.4
1167590 1040.3
1167600 1045.3
1167610 1045.3
1167620 1049.9
1167630 1054.8
1167640 1054.8
1167650 1060.1
1167660 1065.5
1167670 1065.5
1167680 1070.7
1167690 1074.8
1167700 1074.8
1167710 1078.4
1167720 1082.2
1167730 1085.9
1167740 1085.9
1167750 1090.0
1167760 1094.0
1167770 1094.0
1167780 1097.8
1167790 1101.7
1167800 1101.7
1167810 1106.4
1167820 1112.0
1167830 1112.0
1167840 1118.0
1167850 1124.0
1167860 1124.0
1167870 1129.9
1167880 1135.6
1167890 1135.6
1167900 1141.2
1167910 1146.5
1167920 1146.5
1167930 1152.0
1167940 1157.1
1167950 1161.8
1167960 1168.2
1167970 1174.5
1167980 1174.5
1167990 1181.0
1168000 1187.2
1168010 1193.8
1168020 1193.8
1168030 1200.9
1168040 1209.5
1168050 1209.5
1168060 1217.7
1168070 1225.1
1168080 1225.1
1168090 1232.8
1168100 1240.8
1168110 1240.8
1168120 1248.5
1168130 1257.0
1168140 1257.0
1168150 1265.6
1168160 1272.1
1168170 1272.1
1168180 1277.2
1168190 1282.3
1168200 1282.3
1168210 1286.6
1168220 1290.5
1168230 1290.5
1168240 1294.9
1168250 1301.1
1168260 1301.1
1168270 1309.8
1168280 1316.3
1168290 1319.8
1168300 1319.8
1168310 1323.1
1168320 1327.0
1168330 1327.0
1168340 1330.2
1168350 1333.5
1168360 1333.5
1168370 1334.8
1168380 1335.8
1168390 1335.8
1168400 1335.6
1168410 1335.3
1168420 1335.3
1168430 1334.6
1168440 1332.7
1168450 1332.7
1168460 1331.4
1168470 1330.9
1168480 1330.9
1168490 1330.7
1168500 1331.0
1168510 1331.0
1168520 1330.9
1168530 1328.5
1168540 1328.5
1168550 1323.8
1168560 1318.0
1168570 1312.3
1168580 1312.3
1168590 1304.5
1168600 1296.0
1168610 1296.0
1168620 1287.4
1168630 1279.6
1168640 1279.6
1168650 1273.1
1168660 1267.8
1168670 1267.8
1168680 1263.0
1168690 1258.6
1168700 1258.6
1168710 1254.3
1168720 1250.6
1168730 1250.6
1168740 1247.0
1168750 1245.0
1168760 1245.0
1168770 1239.3
1168780 1233.6
1168790 1233.6
1168800 1228.9
1168810 1224.3
1168820 1224.3
1168830 1219.8
1168840 1215.8
1168850 1212.9
1168860 1212.9
1168870 1210.4
1168880 1207.5
1168890 1207.5
1168900 1202.7
1168910 1197.7
1168920 1197.7
1168930 1193.0
1168940 1187.8
1168950 1187.8
1168960 1181.7
1168970 1173.1
1168980 1173.1
1168990 1158.9
1169000 1145.9
1169010 1145.9
1169020 1133.6
1169030 1115.1
1169040 1115.1
1169050 1091.6
1169060 1079.1
1169070 1079.1
1169080 1068.4
1169090 1058.2
1169100 1058.2
1169110 1053.1
1169120 1055.6
1169130 1063.3
1169140 1063.3
1169150 1072.1
1169160 1087.0
1169170 1087.0
1169180 1106.2
1169190 1118.3
1169200 1118.3
1169210 1123.7
1169220 1131.6
1169230 1131.6
1169240 1148.6
1169250 1159.2
1169260 1159.2
1169270 1166.5
1169280 1173.5
1169290 1173.5
1169300 1180.0
1169310 1183.7
1169320 1183.7
1169330 1184.8
1169340 1184.6
1169350 1184.6
1169360 1184.3
1169370 1183.7
1169380 1183.7
1169390 1184.1
1169400 1184.7
1169410 1183.0
1169420 1183.0
1169430 1181.0
1169440 1179.8
1169450 1179.8
1169460 1182.5
1169470 1189.3
1169480 1189.3
1169490 1196.6
1169500 1203.2
1169510 1203.2
1169520 1208.1
1169530 1211.5
1169540 1211.5
1169550 1211.7
1169560 1199.0
1169570 1199.0
1169580 1200.6
1169590 1203.3
1169600 1203.3
1169610 1206.8
1169620 1211.2
1169630 1211.2
1169640 1216.5
1169650 1220.5
1169660 1220.5
1169670 1221.7
1169680 1225.2
1169690 1233.9
1169700 1233.9
1169710 1243.5
1169720 1250.3
1169730 1250.3
1169740 1254.9
1169750 1256.3
1169760 1256.3
1169770 1260.2
1169780 1268.7
1169790 1268.7
1169800 1274.4
1169810 1277.5
1169820 1277.5
1169830 1281.3
1169840 1285.6
1169850 1285.6
1169860 1289.7
1169870 1295.3
1169880 1295.3
1169890 1302.2
1169900 1309.2
1169910 1309.2
1169920 1316.8
1169930 1324.4
1169940 1332.5
1169950 1332.5
1169960 1347.5
1169970 1354.2
1169980 1354.2
1169990 1361.2
1170000 1367.4
1170010 1367.4
1170020 1373.7
1170030 1379.6
1170040 1379.6
1170050 1386.0
1170060 1392.4
1170070 1392.4
1170080 1398.7
1170090 1404.8
1170100 1404.8
1170110 1411.0
1170120 1417.0
1170130 1417.0
1170140 1423.0
1170150 1428.9
1170160 1428.9
1170170 1435.1
1170180 1440.8
1170190 1440.8
1170200 1446.3
1170210 1452.1
1170220 1457.6
1170230 1457.6
1170240 1463.2
1170250 1467.9
1170260 1467.9
1170270 1472.3
1170280 1476.5
1170290 1476.5
1170300 1480.7
1170310 1484.7
1170320 1484.7
1170330 1488.8
1170340 1492.9
1170350 1492.9
1170360 1497.4
1170370 1501.7
1170380 1501.7
1170390 1507.0
1170400 1511.5
1170410 1511.5
1170420 1515.6
1170430 1520.0
1170440 1520.0
1170450 1524.9
1170460 1530.3
1170470 1530.3
1170480 1536.0
1170490 1541.7
1170500 1547.5
1170510 1547.5
1170520 1552.8
1170530 1557.8
1170540 1557.8
1170550 1563.1
1170560 1569.0
1170570 1569.0
1170580 1574.7
1170590 1579.2
1170600 1579.2
1170610 1580.8
1170620 1583.1
1170630 1583.1
1170640 1589.6
1170650 1597.5
1170660 1597.5
1170670 1603.8
1170680 1609.0
1170690 1609.0
1170700 1613.3
1170710 1617.5
1170720 1617.5
1170730 1622.0
1170740 1626.7
1170750 1626.7
1170760 1631.8
1170770 1638.0
1170780 1646.1
1170790 1646.1
1170800 1653.6
1170810 1661.7
1170820 1661.7
1170830 1669.3
1170840 1674.3
1170850 1674.3
1170860 1680.1
1170870 1686.4
1170880 1686.4
1170890 1692.5
1170900 1700.0
1170910 1700.0
1170920 1706.6
1170930 1712.6
1170940 1712.6
1170950 1719.6
1170960 1729.8
1170970 1729.8
1170980 1738.8
1170990 1745.0
1171000 1745.0
1171010 1751.8
1171020 1757.8
1171030 1757.8
1171040 1764.0
1171050 1769.4
1171060 1771.8
1171070 1771.8
1171080 1771.8
1171090 1774.3
1171100 1774.3
1171110 1782.5
1171120 1790.4
1171130 1790.4
1171140 1795.7
1171150 1797.8
1171160 1797.8
1171170 1804.4
1171180 1819.3
1171190 1819.3
1171200 1823.9
1171210 1832.6
1171220 1832.6
1171230 1842.9
1171240 1852.1
1171250 1852.1
1171260 1858.2
1171270 1863.4
1171280 1863.4
1171290 1868.7
1171300 1874.6
1171310 1874.6
1171320 1880.1
1171330 1885.1
1171340 1889.9
1171350 1889.9
1171360 1890.6
1171370 1898.1
1171380 1898.1
1171390 1907.8
1171400 1915.4
1171410 1915.4
1171420 1922.5
1171430 1930.3
1171440 1930.3
1171450 1938.2
1171460 1946.1
1171470 1946.1
1171480 1952.2
1171490 1959.9
1171500 1959.9
1171510 1961.7
1171520 1971.4
1171530 1971.4
1171540 1984.6
1171550 1995.1
1171560 1995.1
1171570 2004.1
1171580 2013.6
1171590 2014.3
1171600 2022.0
1171610 2029.4
1171620 2037.2
1171630 2037.2
1171640 2046.7
1171650 2059.5
1171660 2059.5
1171670 2071.1
1171680 2079.1
1171690 2079.1
1171700 2086.8
1171710 2095.0
1171720 2095.0
1171730 2106.9
1171740 2120.3
1171750 2120.3
1171760 2133.0
1171770 2138.8
1171780 2138.8
1171790 2143.8
1171800 2151.2
1171810 2151.2
1171820 2159.2
1171830 2167.6
1171840 2167.6
1171850 2176.9
1171860 2189.8
1171870 2189.8
1171880 2203.7
1171890 2213.8
1171900 2221.6
1171910 2221.6
1171920 2222.4
1171930 2228.2
1171940 2228.2
1171950 2233.1
1171960 2235.8
1171970 2235.8
1171980 2244.7
1171990 2253.1
1172000 2257.6
1172010 2264.5
1172020 2270.7
1172030 2270.7
1172040 2275.6
1172050 2279.4
1172060 2279.4
1172070 2286.3
1172080 2292.9
1172090 2292.9
1172100 2300.4
1172110 2305.2
1172120 2305.2
1172130 2290.3
1172140 2260.8
1172150 2260.8
1172160 2245.9
1172170 2248.2
1172180 2253.9
1172190 2253.9
1172200 2257.0
1172210 2255.1
1172220 2255.1
1172230 2247.4
1172240 2233.5
1172250 2233.5
1172260 2224.1
1172270 2218.6
1172280 2218.6
1172290 2208.1
1172300 2194.0
1172310 2194.0
1172320 2183.9
1172330 2179.3
1172340 2179.3
1172350 2174.7
1172360 2174.3
1172370 2174.3
1172380 2175.7
1172390 2161.1
1172400 2168.8
1172410 2150.4
1172420 2126.8
1172430 2126.8
1172440 2116.8
1172450 2098.6
1172460 2076.0
1172470 2076.0
1172480 2050.2
1172490 2032.2
1172500 2032.2
1172510 2015.5
1172520 2001.8
1172530 2001.8
1172540 1991.8
1172550 1983.0
1172560 1983.0
1172570 1975.9
1172580 1968.7
1172590 1968.7
1172600 1961.3
1172610 1954.5
1172620 1954.5
1172630 1948.7
1172640 1944.4
1172650 1944.4
1172660 1942.8
1172670 1941.0
1172680 1941.0
1172690 1939.0
1172700 1936.2
1172710 1933.2
1172720 1933.2
1172730 1929.9
1172740 1927.2
1172750 1927.2
1172760 1925.1
1172770 1922.4
1172780 1922.4
1172790 1918.4
1172800 1913.1
1172810 1915.5
1172820 1913.1
1172830 1910.7
1172840 1910.7
1172850 1908.1
1172860 1906.2
1172870 1906.2
1172880 1906.1
1172890 1906.1
1172900 1906.1
1172910 1903.5
1172920 1899.9
1172930 1899.9
1172940 1895.7
1172950 1889.7
1172960 1889.7
1172970 1883.3
1172980 1874.8
1172990 1869.1
1173000 1869.1
1173010 1868.9
1173020 1865.5
1173030 1865.5
1173040 1858.2
1173050 1851.3
1173060 1851.3
1173070 1846.8
1173080 1846.0
1173090 1846.0
1173100 1845.1
1173110 1844.4
1173120 1844.4
1173130 1843.9
1173140 1849.1
1173150 1849.1
1173160 1854.7
1173170 1856.5
1173180 1856.5
1173190 1858.0
1173200 1856.9
1173210 1856.9
1173220 1860.8
1173230 1864.5
1173240 1864.5
1173250 1867.2
1173260 1866.5
1173270 1865.3
1173280 1865.3
1173290 1870.8
1173300 1876.4
1173310 1876.4
1173320 1879.8
1173330 1879.2
1173340 1879.2
1173350 1885.8
1173360 1895.1
1173370 1895.1
1173380 1905.7
1173390 1922.9
1173400 1922.9
1173410 1945.2
1173420 1964.4
1173430 1964.4
1173440 1978.2
1173450 1983.3
1173460 1983.3
1173470 1990.5
1173480 2002.0
1173490 2002.0
1173500 2016.8
1173510 2033.9
1173520 2033.9
1173530 2050.1
1173540 2065.5
1173550 2074.0
1173560 2074.0
1173570 2085.4
1173580 2096.4
1173590 2096.4
1173600 2106.6
1173610 2117.1
1173620 2117.1
1173630 2131.3
1173640 2139.2
1173650 2139.2
1173660 2144.4
1173670 2148.3
1173680 2148.3
1173690 2147.7
1173700 2141.7
1173710 2141.7
1173720 2134.3
1173730 2125.6
1173740 2125.6
1173750 2116.8
1173760 2107.8
1173770 2107.8
1173780 2099.3
1173790 2090.8
1173800 2090.8
1173810 2082.2
1173820 2073.4
1173830 2065.3
1173840 2065.3
1173850 2058.1
1173860 2052.3
1173870 2052.3
1173880 2045.2
1173890 2035.8
1173900 2035.8
1173910 2025.8
1173920 2018.4
1173930 2018.4
1173940 2011.2
1173950 1998.8
1173960 1998.8
1173970 1987.5
1173980 1978.6
1173990 1978.6
1174000 1971.1
1174010 1963.5
1174020 1963.5
1174030 1956.9
1174040 1955.7
1174050 1955.7
1174060 1948.5
1174070 1939.3
1174080 1939.3
1174090 1929.1
1174100 1916.8
1174110 1907.4
1174120 1907.4
1174130 1899.4
1174140 1891.4
1174150 1891.4
1174160 1884.6
1174170 1878.0
1174180 1878.0
1174190 1871.2
1174200 1863.9
1174210 1863.9
1174220 1857.4
1174230 1851.2
1174240 1851.2
1174250 1844.9
1174260 1840.2
1174270 1840.2
1174280 1837.5
1174290 1834.3
1174300 1834.3
1174310 1829.8
1174320 1822.8
1174330 1822.8
1174340 1823.8
1174350 1821.8
1174360 1821.8
1174370 1815.7
1174380 1806.6
1174390 1804.4
1174400 1804.4
1174410 1802.1
1174420 1802.8
1174430 1802.8
1174440 1801.9
1174450 1801.3
1174460 1801.3
1174470 1795.0
1174480 1789.1
1174490 1789.1
1174500 1784.7
1174510 1780.3
1174520 1780.3
1174530 1778.3
1174540 1772.9
1174550 1772.9
1174560 1765.2
1174570 1754.8
1174580 1754.8
1174590 1743.8
1174600 1731.6
1174610 1731.6
1174620 1718.1
1174630 1707.2
1174640 1707.2
1174650 1698.9
1174660 1693.0
1174670 1691.9
1174680 1691.9
1174690 1695.2
1174700 1705.0
1174710 1705.0
1174720 1702.1
1174730 1684.4
1174740 1684.4
1174750 1652.6
1174760 1633.2
1174770 1633.2
1174780 1625.0
1174790 1616.6
1174800 1616.6
1174810 1608.3
1174820 1600.2
1174830 1600.2
1174840 1592.5
1174850 1584.7
1174860 1585.0
1174870 1577.4
1174880 1569.5
1174890 1569.5
1174900 1562.8
1174910 1555.7
1174920 1555.7
1174930 1548.3
1174940 1542.0
1174950 1537.0
1174960 1537.0
1174970 1531.6
1174980 1524.1
1174990 1524.1
1175000 1519.3
1175010 1522.8
1175020 1522.8
1175030 1527.7
1175040 1533.3
1175050 1533.3
1175060 1538.9
1175070 1544.1
1175080 1544.1
1175090 1550.0
1175100 1556.0
1175110 1556.0
1175120 1560.5
1175130 1562.1
1175140 1562.1
1175150 1558.1
1175160 1555.5
1175170 1555.5
1175180 1555.2
1175190 1556.2
1175200 1558.1
1175210 1558.1
1175220 1563.2
1175230 1571.3
1175240 1571.3
1175250 1581.3
1175260 1597.7
1175270 1599.3
1175280 1620.6
1175290 1634.7
1175300 1634.7
1175310 1646.6
1175320 1666.1
1175330 1666.1
1175340 1683.3
1175350 1693.0
1175360 1693.0
1175370 1702.8
1175380 1713.7
1175390 1713.7
1175400 1721.8
1175410 1722.4
1175420 1722.4
1175430 1721.9
1175440 1721.4
1175450 1721.4
1175460 1722.8
1175470 1721.6
1175480 1719.5
1175490 1719.5
1175500 1722.4
1175510 1728.5
1175520 1728.5
1175530 1736.6
1175540 1737.8
1175550 1737.8
1175560 1738.9
1175570 1741.0
1175580 1741.0
1175590 1741.4
1175600 1746.1
1175610 1746.1
1175620 1755.5
1175630 1764.8
1175640 1764.8
1175650 1771.5
1175660 1780.6
1175670 1780.6
1175680 1792.3
1175690 1799.8
1175700 1799.8
1175710 1806.4
1175720 1810.7
1175730 1810.7
1175740 1812.0
1175750 1813.4
1175760 1814.1
1175770 1814.1
1175780 1816.4
1175790 1820.2
1175800 1820.2
1175810 1820.6
1175820 1821.0
1175830 1821.0
1175840 1824.5
1175850 1828.7
1175860 1828.7
1175870 1830.0
1175880 1831.6
1175890 1831.6
1175900 1831.4
1175910 1832.8
1175920 1832.8
1175930 1837.2
1175940 1841.7
1175950 1841.7
1175960 1846.9
1175970 1852.6
1175980 1852.6
1175990 1857.9
1176000 1860.2
1176010 1860.2
1176020 1862.0
1176030 1863.6
1176040 1864.2
1176050 1864.2
1176060 1865.0
1176070 1864.3
1176080 1864.3
1176090 1862.3
1176100 1865.1
1176110 1865.1
1176120 1861.0
1176130 1858.9
1176140 1858.9
1176150 1857.2
1176160 1857.0
1176170 1857.0
1176180 1855.0
1176190 1849.1
1176200 1849.1
1176210 1842.8
1176220 1837.7
1176230 1837.7
1176240 1833.8
1176250 1829.6
1176260 1829.6
1176270 1826.7
1176280 1824.8
1176290 1824.8
1176300 1822.5
1176310 1818.4
1176320 1812.7
1176330 1812.7
1176340 1810.1
1176350 1808.2
1176360 1808.2
1176370 1803.4
1176380 1796.9
1176390 1796.9
1176400 1790.2
1176410 1782.9
1176420 1782.9
1176430 1776.0
1176440 1770.9
1176450 1770.9
1176460 1765.3
1176470 1759.9
1176480 1759.9
1176490 1754.2
1176500 1748.5
1176510 1750.7
1176520 1746.8
1176530 1741.6
1176540 1741.6
1176550 1737.0
1176560 1732.4
1176570 1732.4
1176580 1727.0
1176590 1721.6
1176600 1716.6
1176610 1716.6
1176620 1711.4
1176630 1706.4
1176640 1706.4
1176650 1702.1
1176660 1698.4
1176670 1698.4
1176680 1695.0
1176690 1691.0
1176700 1691.0
1176710 1686.1
1176720 1681.0
1176730 1681.0
1176740 1676.2
1176750 1671.9
1176760 1671.9
1176770 1667.8
1176780 1664.2
1176790 1664.2
1176800 1660.6
1176810 1656.9
1176820 1656.9
1176830 1653.2
1176840 1648.6
1176850 1648.6
1176860 1643.6
1176870 1639.6
1176880 1635.6
1176890 1635.6
1176900 1631.7
1176910 1627.8
1176920 1626.8
1176930 1621.8
1176940 1616.9
1176950 1616.9
1176960 1610.9
1176970 1605.1
1176980 1605.1
1176990 1600.0
1177000 1595.0
1177010 1595.0
1177020 1589.5
1177030 1581.9
1177040 1581.9
1177050 1573.3
1177060 1566.2
1177070 1566.2
1177080 1559.3
1177090 1549.4
1177100 1549.4
1177110 1542.2
1177120 1532.5
1177130 1532.5
1177140 1521.8
1177150 1512.6
1177160 1502.5
1177170 1502.5
1177180 1494.8
1177190 1488.3
1177200 1488.3
1177210 1479.8
1177220 1467.1
1177230 1467.1
1177240 1455.4
1177250 1444.7
1177260 1444.7
1177270 1435.9
1177280 1430.4
1177290 1430.4
1177300 1425.2
1177310 1421.1
1177320 1421.1
1177330 1416.1
1177340 1401.1
1177350 1401.1
1177360 1394.0
1177370 1387.0
1177380 1387.0
1177390 1380.9
1177400 1374.7
1177410 1374.7
1177420 1368.5
1177430 1362.5
1177440 1357.8
1177450 1357.8
1177460 1353.0
1177470 1347.0
1177480 1347.0
1177490 1334.9
1177500 1327.2
1177510 1327.2
1177520 1317.7
1177530 1307.0
1177540 1307.0
1177550 1297.7
1177560 1292.4
1177570 1292.4
1177580 1287.9
1177590 1286.4
1177600 1286.4
1177610 1288.3
1177620 1294.4
1177630 1294.4
1177640 1297.2
1177650 1297.2
1177660 1297.2
1177670 1296.3
1177680 1293.9
1177690 1295.3
1177700 1295.3
1177710 1299.4
1177720 1302.7
1177730 1302.7
1177740 1305.5
1177750 1315.7
1177760 1315.7
1177770 1323.6
1177780 1332.4
1177790 1332.4
1177800 1341.1
1177810 1349.7
1177820 1349.7
1177830 1359.6
1177840 1369.9
1177850 1369.9
1177860 1376.2
1177870 1381.5
1177880 1381.5
1177890 1386.8
1177900 1392.2
1177910 1392.2
1177920 1397.8
1177930 1403.8
1177940 1403.8
1177950 1410.4
1177960 1417.0
1177970 1423.6
1177980 1423.6
1177990 1429.7
1178000 1435.6
1178010 1435.6
1178020 1440.7
1178030 1445.1
1178040 1445.1
1178050 1448.3
1178060 1445.2
1178070 1445.2
1178080 1441.8
1178090 1441.5
1178100 1441.5
1178110 1440.9
1178120 1438.3
1178130 1438.3
1178140 1437.8
1178150 1436.4
1178160 1436.4
1178170 1438.2
1178180 1436.3
1178190 1436.3
1178200 1436.1
1178210 1434.0
1178220 1434.0
1178230 1431.9
1178240 1430.1
1178250 1427.2
1178260 1427.2
1178270 1424.1
1178280 1422.2
1178290 1422.2
1178300 1419.6
1178310 1416.9
1178320 1416.9
1178330 1413.9
1178340 1411.9
1178350 1411.9
1178360 1409.3
1178370 1406.0
1178380 1406.0
1178390 1402.7
1178400 1398.9
1178410 1398.9
1178420 1393.8
1178430 1389.3
1178440 1389.3
1178450 1385.1
1178460 1382.8
1178470 1382.8
1178480 1378.9
1178490 1373.2
1178500 1373.2
1178510 1369.8
1178520 1368.8
1178530 1365.6
1178540 1365.6
1178550 1360.8
1178560 1358.2
1178570 1358.2
1178580 1362.7
1178590 1363.0
1178600 1363.0
1178610 1363.0
1178620 1362.6
1178630 1362.6
1178640 1360.0
1178650 1356.7
1178660 1356.7
1178670 1354.3
1178680 1351.8
1178690 1351.8
1178700 1347.9
1178710 1342.9
1178720 1342.9
1178730 1338.7
1178740 1335.1
1178750 1335.1
1178760 1332.9
1178770 1331.9
1178780 1331.9
1178790 1330.9
1178800 1328.3
1178810 1325.8
1178820 1325.8
1178830 1323.9
1178840 1324.3
1178850 1324.3
1178860 1324.9
1178870 1324.7
1178880 1324.7
1178890 1322.1
1178900 1319.5
1178910 1319.5
1178920 1317.3
1178930 1315.2
1178940 1315.2
1178950 1313.2
1178960 1311.3
1178970 1311.3
1178980 1308.0
1178990 1304.1
1179000 1306.7
1179010 1307.1
1179020 1306.7
1179030 1306.7
1179040 1304.3
1179050 1302.5
1179060 1302.5
1179070 1299.9
1179080 1296.4
1179090 1296.8
1179100 1296.8
1179110 1295.9
1179120 1293.4
1179130 1293.4
1179140 1289.4
1179150 1286.2
1179160 1286.2
1179170 1287.4
1179180 1287.5
1179190 1287.5
1179200 1286.1
1179210 1284.5
1179220 1284.5
1179230 1280.6
1179240 1273.5
1179250 1273.5
1179260 1263.7
1179270 1253.5
1179280 1253.5
1179290 1243.9
1179300 1236.0
1179310 1236.0
1179320 1232.7
1179330 1235.0
1179340 1235.0
1179350 1240.5
1179360 1249.8
1179370 1262.2
1179380 1262.2
1179390 1267.1
1179400 1263.8
1179410 1263.8
1179420 1271.4
1179430 1260.5
1179440 1260.5
1179450 1250.7
1179460 1247.2
1179470 1247.2
1179480 1244.7
1179490 1241.2
1179500 1241.2
1179510 1231.5
1179520 1227.4
1179530 1227.4
1179540 1217.9
1179550 1212.4
1179560 1212.4
1179570 1210.6
1179580 1210.9
1179590 1210.9
1179600 1212.8
1179610 1217.6
1179620 1217.6
1179630 1238.6
1179640 1261.4
1179650 1265.5
1179660 1265.5
1179670 1265.7
1179680 1268.1
1179690 1268.1
1179700 1273.7
1179710 1283.8
1179720 1283.8
1179730 1293.8
1179740 1302.1
1179750 1302.1
1179760 1307.8
1179770 1312.6
1179780 1312.6
1179790 1316.2
1179800 1320.4
1179810 1320.4
1179820 1325.1
1179830 1321.5
1179840 1321.5
1179850 1322.9
1179860 1327.1
1179870 1327.1
1179880 1331.6
1179890 1333.0
1179900 1335.1
1179910 1335.1
1179920 1338.9
1179930 1343.3
1179940 1343.3
1179950 1347.5
1179960 1351.4
1179970 1351.4
1179980 1354.4
1179990 1358.8
