1160000 1688.0
1160010 1688.0
1160020 1683.4
1160030 1686.0
1160040 1686.0
1160050 1688.5
1160060 1690.1
1160070 1690.2
1160080 1690.2
1160090 1690.4
1160100 1691.4
1160110 1691.4
1160120 1692.5
1160130 1693.0
1160140 1693.0
1160150 1692.7
1160160 1693.3
1160170 1693.3
1160180 1693.9
1160190 1694.7
1160200 1694.7
1160210 1695.6
1160220 1696.6
1160230 1696.6
1160240 1698.1
1160250 1698.7
1160260 1698.7
1160270 1699.2
1160280 1699.6
1160290 1699.6
1160300 1699.2
1160310 1700.1
1160320 1700.1
1160330 1700.9
1160340 1702.6
1160350 1703.7
1160360 1703.7
1160370 1706.0
1160380 1708.4
1160390 1708.4
1160400 1709.7
1160410 1710.6
1160420 1704.9
1160430 1705.8
1160440 1707.3
1160450 1707.3
1160460 1709.3
1160470 1712.1
1160480 1712.1
1160490 1714.9
1160500 1717.4
1160510 1717.4
1160520 1719.6
1160530 1721.7
1160540 1721.7
1160550 1724.1
1160560 1726.4
1160570 1726.4
1160580 1728.5
1160590 1729.9
1160600 1729.9
1160610 1731.8
1160620 1733.4
1160630 1734.3
1160640 1734.3
1160650 1734.9
1160660 1736.0
1160670 1736.0
1160680 1737.1
1160690 1738.4
1160700 1738.4
1160710 1739.2
1160720 1739.9
1160730 1739.9
1160740 1740.8
1160750 1742.2
1160760 1742.2
1160770 1743.4
1160780 1744.9
1160790 1744.9
1160800 1746.5
1160810 1743.6
1160820 1743.6
1160830 1745.2
1160840 1746.8
1160850 1746.8
1160860 1748.5
1160870 1749.5
1160880 1749.5
1160890 1750.6
1160900 1750.9
1160910 1750.9
1160920 1750.9
1160930 1750.5
1160940 1750.3
1160950 1750.3
1160960 1750.5
1160970 1750.1
1160980 1750.1
1160990 1749.3
1161000 1748.0
1161010 1748.0
1161020 1746.6
1161030 1745.2
1161040 1745.2
1161050 1744.5
1161060 1744.1
1161070 1744.1
1161080 1743.4
1161090 1742.6
1161100 1742.6
1161110 1741.8
1161120 1741.6
1161130 1741.6
1161140 1741.0
1161150 1740.5
1161160 1740.5
1161170 1739.5
1161180 1738.4
1161190 1737.0
1161200 1731.1
1161210 1729.8
1161220 1728.3
1161230 1728.3
1161240 1727.2
1161250 1725.8
1161260 1725.8
1161270 1722.1
1161280 1718.4
1161290 1718.4
1161300 1717.8
1161310 1719.4
1161320 1719.4
1161330 1721.1
1161340 1722.1
1161350 1722.1
1161360 1720.1
1161370 1716.6
1161380 1716.6
1161390 1713.6
1161400 1712.2
1161410 1712.2
1161420 1711.1
1161430 1709.0
1161440 1709.0
1161450 1707.5
1161460 1705.9
1161470 1704.9
1161480 1704.9
1161490 1702.8
1161500 1700.0
1161510 1700.0
1161520 1697.1
1161530 1694.8
1161540 1694.8
1161550 1693.7
1161560 1693.6
1161570 1693.6
1161580 1693.0
1161590 1691.7
1161600 1683.5
1161610 1681.4
1161620 1677.4
1161630 1677.4
1161640 1673.3
1161650 1670.6
1161660 1670.6
1161670 1668.7
1161680 1667.4
1161690 1667.4
1161700 1665.8
1161710 1664.2
1161720 1664.2
1161730 1662.4
1161740 1660.9
1161750 1660.3
1161760 1660.3
1161770 1660.7
1161780 1659.8
1161790 1659.8
1161800 1656.9
1161810 1654.5
1161820 1654.5
1161830 1653.8
1161840 1655.0
1161850 1655.0
1161860 1655.9
1161870 1655.9
1161880 1655.9
1161890 1656.5
1161900 1657.4
1161910 1657.4
1161920 1658.5
1161930 1659.3
1161940 1659.3
1161950 1659.5
1161960 1660.9
1161970 1660.9
1161980 1661.7
1161990 1656.9
1162000 1656.9
1162010 1658.8
1162020 1660.8
1162030 1662.4
1162040 1662.4
1162050 1662.2
1162060 1661.8
1162070 1661.8
1162080 1660.4
1162090 1659.4
1162100 1659.4
1162110 1660.4
1162120 1660.0
1162130 1660.0
1162140 1658.4
1162150 1658.4
1162160 1658.4
1162170 1657.4
1162180 1656.6
1162190 1656.6
1162200 1656.4
1162210 1657.0
1162220 1657.0
1162230 1658.5
1162240 1661.2
1162250 1661.2
1162260 1664.7
1162270 1669.0
1162280 1669.0
1162290 1671.8
1162300 1673.9
1162310 1675.3
1162320 1675.3
1162330 1676.2
1162340 1676.3
1162350 1676.3
1162360 1676.8
1162370 1676.1
1162380 1676.1
1162390 1666.5
1162400 1665.6
1162410 1665.6
1162420 1663.9
1162430 1663.1
1162440 1663.1
1162450 1662.5
1162460 1662.6
1162470 1662.6
1162480 1662.6
1162490 1664.2
1162500 1664.2
1162510 1664.8
1162520 1663.7
1162530 1663.7
1162540 1661.9
1162550 1660.8
1162560 1660.8
1162570 1660.0
1162580 1658.4
1162590 1656.8
1162600 1656.8
1162610 1654.9
1162620 1651.5
1162630 1651.5
1162640 1646.9
1162650 1637.1
1162660 1637.1
1162670 1617.4
1162680 1605.6
1162690 1605.6
1162700 1599.7
1162710 1593.3
1162720 1593.3
1162730 1588.8
1162740 1585.4
1162750 1585.4
1162760 1576.9
1162770 1565.4
1162780 1567.4
1162790 1552.7
1162800 1541.0
1162810 1541.0
1162820 1530.4
1162830 1520.7
1162840 1520.7
1162850 1510.7
1162860 1499.6
1162870 1487.5
1162880 1487.5
1162890 1474.6
1162900 1460.0
1162910 1460.0
1162920 1445.7
1162930 1436.7
1162940 1436.7
1162950 1428.8
1162960 1422.0
1162970 1422.0
1162980 1416.8
1162990 1411.7
1163000 1411.7
1163010 1406.6
1163020 1400.8
1163030 1400.8
1163040 1394.8
1163050 1388.7
1163060 1388.7
1163070 1382.4
1163080 1376.0
1163090 1376.0
1163100 1369.6
1163110 1364.4
1163120 1360.6
1163130 1360.6
1163140 1357.2
1163150 1354.4
1163160 1354.4
1163170 1350.2
1163180 1344.5
1163190 1344.5
1163200 1343.1
1163210 1346.8
1163220 1346.8
1163230 1354.1
1163240 1361.0
1163250 1361.0
1163260 1368.8
1163270 1375.3
1163280 1375.3
1163290 1381.0
1163300 1387.1
1163310 1387.1
1163320 1393.4
1163330 1401.1
1163340 1401.1
1163350 1411.9
1163360 1424.7
1163370 1424.7
1163380 1435.5
1163390 1444.9
1163400 1454.8
1163410 1454.8
1163420 1464.8
1163430 1471.0
1163440 1471.0
1163450 1475.1
1163460 1481.9
1163470 1481.9
1163480 1500.7
1163490 1518.1
1163500 1518.1
1163510 1525.9
1163520 1530.9
1163530 1530.9
1163540 1535.2
1163550 1539.0
1163560 1539.0
1163570 1542.4
1163580 1542.2
1163590 1542.2
1163600 1545.0
1163610 1546.7
1163620 1546.7
1163630 1548.5
1163640 1550.3
1163650 1550.3
1163660 1551.8
1163670 1553.4
1163680 1555.0
1163690 1555.0
1163700 1556.7
1163710 1558.5
1163720 1558.5
1163730 1560.8
1163740 1563.5
1163750 1563.5
1163760 1566.9
1163770 1570.1
1163780 1570.1
1163790 1572.6
1163800 1574.0
1163810 1574.0
1163820 1575.2
1163830 1575.6
1163840 1575.6
1163850 1575.8
1163860 1575.5
1163870 1575.5
1163880 1574.3
1163890 1572.5
1163900 1572.5
1163910 1571.2
1163920 1570.4
1163930 1570.4
1163940 1570.3
1163950 1570.7
1163960 1571.4
1163970 1564.4
1163980 1566.0
1163990 1566.5
1164000 1566.5
1164010 1566.1
1164020 1565.8
1164030 1565.8
1164040 1566.2
1164050 1567.2
1164060 1567.2
1164070 1569.0
1164080 1571.4
1164090 1571.4
1164100 1572.2
1164110 1572.8
1164120 1572.8
1164130 1572.9
1164140 1571.9
1164150 1571.9
1164160 1571.3
1164170 1571.7
1164180 1571.7
1164190 1574.2
1164200 1577.1
1164210 1577.1
1164220 1580.1
1164230 1581.7
1164240 1582.4
1164250 1582.4
1164260 1583.9
1164270 1585.0
1164280 1585.0
1164290 1586.1
1164300 1587.4
1164310 1587.4
1164320 1586.8
1164330 1586.0
1164340 1586.0
1164350 1586.2
1164360 1585.8
1164370 1577.9
1164380 1578.0
1164390 1578.4
1164400 1578.4
1164410 1578.3
1164420 1576.8
1164430 1576.8
1164440 1574.1
1164450 1570.4
1164460 1570.4
1164470 1565.9
1164480 1561.8
1164490 1561.8
1164500 1559.3
1164510 1558.2
1164520 1558.3
1164530 1558.3
1164540 1558.3
1164550 1555.4
1164560 1555.4
1164570 1551.6
1164580 1548.8
1164590 1548.8
1164600 1545.9
1164610 1542.3
1164620 1542.3
1164630 1539.1
1164640 1536.9
1164650 1536.9
1164660 1533.1
1164670 1528.1
1164680 1528.1
1164690 1524.2
1164700 1522.0
1164710 1522.0
1164720 1520.3
1164730 1517.3
1164740 1517.3
1164750 1513.8
1164760 1509.7
1164770 1502.8
1164780 1498.4
1164790 1494.6
1164800 1491.0
1164810 1491.0
1164820 1488.0
1164830 1485.6
1164840 1485.6
1164850 1483.9
1164860 1482.8
1164870 1482.8
1164880 1482.3
1164890 1481.5
1164900 1481.5
1164910 1478.0
1164920 1474.5
1164930 1474.5
1164940 1474.3
1164950 1473.4
1164960 1473.4
1164970 1471.4
1164980 1468.9
1164990 1468.9
1165000 1466.4
1165010 1463.6
1165020 1463.6
1165030 1460.8
1165040 1457.9
1165050 1457.9
1165060 1454.9
1165070 1452.1
1165080 1449.3
1165090 1449.3
1165100 1446.5
1165110 1441.9
1165120 1441.9
1165130 1435.3
1165140 1430.0
1165150 1430.0
1165160 1425.6
1165170 1417.1
1165180 1417.1
1165190 1411.3
1165200 1405.4
1165210 1405.4
1165220 1401.7
1165230 1396.5
1165240 1396.5
1165250 1389.9
1165260 1393.2
1165270 1393.2
1165280 1394.4
1165290 1392.9
1165300 1392.9
1165310 1393.7
1165320 1392.5
1165330 1392.5
1165340 1392.3
1165350 1392.0
1165360 1388.0
1165370 1388.0
1165380 1381.1
1165390 1376.2
1165400 1376.2
1165410 1372.4
1165420 1369.4
1165430 1369.4
1165440 1366.1
1165450 1360.9
1165460 1360.9
1165470 1355.1
1165480 1349.8
1165490 1349.8
1165500 1343.3
1165510 1335.8
1165520 1335.8
1165530 1326.3
1165540 1316.4
1165550 1316.4
1165560 1307.5
1165570 1295.9
1165580 1295.9
1165590 1289.9
1165600 1284.0
1165610 1284.0
1165620 1278.1
1165630 1272.2
1165640 1265.9
1165650 1265.9
1165660 1259.6
1165670 1253.1
1165680 1253.1
1165690 1246.3
1165700 1239.3
1165710 1239.3
1165720 1232.6
1165730 1226.7
1165740 1226.7
1165750 1220.9
1165760 1215.6
1165770 1215.6
1165780 1210.9
1165790 1206.8
1165800 1206.8
1165810 1202.7
1165820 1198.6
1165830 1198.6
1165840 1195.2
1165850 1191.6
1165860 1191.6
1165870 1187.5
1165880 1183.1
1165890 1183.1
1165900 1179.3
1165910 1175.5
1165920 1172.1
1165930 1172.1
1165940 1168.6
1165950 1164.4
1165960 1164.4
1165970 1155.3
1165980 1152.7
1165990 1152.7
1166000 1150.1
1166010 1146.9
1166020 1146.9
1166030 1143.4
1166040 1140.0
1166050 1140.0
1166060 1136.1
1166070 1130.1
1166080 1130.1
1166090 1123.1
1166100 1116.6
1166110 1116.6
1166120 1111.2
1166130 1106.1
1166140 1106.1
1166150 1101.5
1166160 1097.4
1166170 1097.4
1166180 1092.7
1166190 1087.6
1166200 1083.2
1166210 1083.2
1166220 1079.9
1166230 1076.3
1166240 1076.3
1166250 1072.6
1166260 1069.3
1166270 1069.3
1166280 1067.6
1166290 1065.9
1166300 1065.9
1166310 1061.5
1166320 1056.6
1166330 1056.6
1166340 1051.7
1166350 1047.1
1166360 1047.1
1166370 1036.6
1166380 1034.2
1166390 1034.2
1166400 1031.6
1166410 1029.9
1166420 1029.9
1166430 1029.4
1166440 1029.3
1166450 1029.3
1166460 1028.9
1166470 1028.4
1166480 1027.7
1166490 1027.7
1166500 1027.1
1166510 1026.7
1166520 1026.7
1166530 1026.0
1166540 1024.9
1166550 1024.9
1166560 1023.4
1166570 1021.8
1166580 1021.8
1166590 1020.7
1166600 1019.8
1166610 1019.8
1166620 1018.8
1166630 1017.2
1166640 1017.2
1166650 1016.1
1166660 1015.3
1166670 1015.3
1166680 1014.7
1166690 1014.0
1166700 1014.0
1166710 1013.5
1166720 1013.1
1166730 1013.1
1166740 1012.8
1166750 1012.6
1166760 1012.4
1166770 1012.4
1166780 1012.3
1166790 1012.2
1166800 1012.2
1166810 1012.1
1166820 1012.0
1166830 1012.0
1166840 1012.0
1166850 1011.9
1166860 1011.9
1166870 1011.8
1166880 1011.8
1166890 1011.8
1166900 1011.8
1166910 1011.7
1166920 1011.7
1166930 1011.6
1166940 1011.6
1166950 1011.6
1166960 1011.5
1166970 1011.5
1166980 1011.5
1166990 1011.3
1167000 1011.0
1167010 1011.0
1167020 1010.9
1167030 1010.8
1167040 1010.5
1167050 1010.5
1167060 1010.2
1167070 1010.1
1167080 1010.1
1167090 1010.2
1167100 1010.3
1167110 1010.3
1167120 1010.4
1167130 1010.0
1167140 1010.0
1167150 1006.6
1167160 1005.1
1167170 1005.1
1167180 1005.0
1167190 1004.9
1167200 1004.9
1167210 1004.8
1167220 1005.0
1167230 1005.0
1167240 1005.0
1167250 1005.1
1167260 1005.1
1167270 1005.0
1167280 1005.0
1167290 1005.0
1167300 1005.0
1167310 1004.7
1167320 1004.3
1167330 1004.3
1167340 1003.8
1167350 1003.5
1167360 1003.5
1167370 1004.0
1167380 1003.9
1167390 1003.9
1167400 1003.5
1167410 1003.5
1167420 1003.5
1167430 1003.5
1167440 1003.4
1167450 1003.4
1167460 1003.3
1167470 1003.2
1167480 1003.2
1167490 1002.7
1167500 1002.2
1167510 1002.2
1167520 1001.3
1167530 1001.3
1167540 1001.3
1167550 1001.5
1167560 1001.3
1167570 1000.9
1167580 1000.9
1167590 1001.2
1167600 1001.5
1167610 1001.5
1167620 1001.5
1167630 1001.5
1167640 1001.5
1167650 1001.5
1167660 1001.5
1167670 1001.5
1167680 1001.5
1167690 1001.5
1167700 1001.5
1167710 1001.6
1167720 1001.6
1167730 1001.6
1167740 1001.5
1167750 1001.5
1167760 1001.5
1167770 1001.5
1167780 1001.4
1167790 1001.4
1167800 1001.4
1167810 1001.5
1167820 1001.5
1167830 1001.4
1167840 1001.4
1167850 1001.4
1167860 1001.4
1167870 1001.6
1167880 1001.1
1167890 1001.1
1167900 999.8
1167910 999.6
1167920 999.6
1167930 999.6
1167940 999.9
1167950 999.9
1167960 1000.3
1167970 999.9
1167980 999.9
1167990 999.0
1168000 998.9
1168010 998.9
1168020 998.9
1168030 998.8
1168040 998.8
1168050 998.8
1168060 999.9
1168070 999.9
1168080 1003.3
1168090 1009.2
1168100 1009.2
1168110 1016.2
1168120 1025.3
1168130 1025.3
1168140 1034.5
1168150 1043.3
1168160 1051.2
1168170 1051.2
1168180 1059.8
1168190 1067.7
1168200 1067.7
1168210 1074.1
1168220 1080.5
1168230 1080.5
1168240 1088.2
1168250 1096.7
1168260 1096.7
1168270 1102.8
1168280 1107.7
1168290 1107.7
1168300 1112.5
1168310 1117.3
1168320 1117.3
1168330 1122.1
1168340 1126.7
1168350 1126.7
1168360 1130.2
1168370 1133.3
1168380 1131.8
1168390 1134.1
1168400 1136.9
1168410 1136.9
1168420 1140.7
1168430 1144.9
1168440 1148.2
1168450 1148.2
1168460 1151.2
1168470 1154.5
1168480 1154.5
1168490 1157.6
1168500 1159.5
1168510 1159.5
1168520 1161.5
1168530 1164.8
1168540 1164.8
1168550 1168.1
1168560 1170.1
1168570 1170.1
1168580 1171.4
1168590 1172.3
1168600 1172.3
1168610 1172.7
1168620 1172.8
1168630 1172.8
1168640 1172.8
1168650 1172.4
1168660 1172.4
1168670 1172.4
1168680 1172.9
1168690 1172.9
1168700 1173.4
1168710 1174.2
1168720 1175.1
1168730 1175.1
1168740 1175.2
1168750 1174.8
1168760 1174.8
1168770 1173.7
1168780 1180.3
1168790 1180.3
1168800 1180.4
1168810 1179.7
1168820 1179.7
1168830 1177.5
1168840 1174.0
1168850 1174.0
1168860 1168.4
1168870 1160.6
1168880 1160.6
1168890 1152.7
1168900 1144.5
1168910 1144.5
1168920 1135.2
1168930 1125.9
1168940 1125.9
1168950 1113.9
1168960 1097.1
1168970 1097.1
1168980 1070.9
1168990 1045.4
1169000 1037.0
1169010 1037.0
1169020 1034.9
1169030 1033.7
1169040 1033.7
1169050 1031.9
1169060 1031.9
1169070 1031.9
1169080 1037.4
1169090 1045.8
1169100 1045.8
1169110 1053.9
1169120 1062.9
1169130 1062.9
1169140 1072.2
1169150 1081.6
1169160 1081.6
1169170 1091.4
1169180 1096.7
1169190 1096.7
1169200 1104.2
1169210 1122.1
1169220 1122.1
1169230 1157.3
1169240 1186.0
1169250 1186.0
1169260 1196.4
1169270 1204.2
1169280 1211.9
1169290 1211.9
1169300 1218.3
1169310 1226.1
1169320 1226.1
1169330 1233.8
1169340 1241.2
1169350 1241.2
1169360 1249.4
1169370 1257.8
1169380 1257.8
1169390 1265.8
1169400 1273.0
1169410 1273.0
1169420 1279.7
1169430 1286.2
1169440 1286.2
1169450 1292.5
1169460 1299.2
1169470 1299.2
1169480 1306.3
1169490 1313.6
1169500 1313.6
1169510 1321.1
1169520 1329.0
1169530 1337.2
1169540 1337.2
1169550 1344.8
1169560 1351.3
1169570 1351.3
1169580 1356.4
1169590 1363.4
1169600 1363.4
1169610 1368.2
1169620 1374.2
1169630 1374.2
1169640 1379.5
1169650 1382.0
1169660 1382.0
1169670 1384.6
1169680 1388.9
1169690 1388.9
1169700 1392.8
1169710 1394.6
1169720 1394.6
1169730 1396.2
1169740 1399.0
1169750 1399.0
1169760 1401.4
1169770 1404.1
1169780 1404.1
1169790 1406.4
1169800 1408.5
1169810 1410.9
1169820 1410.9
1169830 1411.8
1169840 1413.8
1169850 1413.8
1169860 1418.0
1169870 1422.2
1169880 1422.2
1169890 1426.8
1169900 1431.9
1169910 1431.9
1169920 1437.4
1169930 1443.0
1169940 1443.0
1169950 1448.8
1169960 1455.0
1169970 1455.0
1169980 1460.8
1169990 1470.2
1170000 1470.2
1170010 1473.5
1170020 1478.9
1170030 1478.9
1170040 1485.8
1170050 1491.0
1170060 1491.0
1170070 1494.8
1170080 1497.0
1170090 1498.3
1170100 1498.3
1170110 1499.3
1170120 1500.6
1170130 1500.6
1170140 1502.9
1170150 1506.1
1170160 1506.1
1170170 1509.7
1170180 1514.0
1170190 1514.0
1170200 1519.6
1170210 1525.2
1170220 1525.2
1170230 1529.7
1170240 1533.3
1170250 1533.3
1170260 1537.3
1170270 1540.2
1170280 1540.2
1170290 1542.8
1170300 1544.6
1170310 1544.6
1170320 1545.2
1170330 1545.4
1170340 1545.4
1170350 1545.5
1170360 1545.1
1170370 1543.9
1170380 1543.9
1170390 1544.0
1170400 1547.5
1170410 1547.5
1170420 1550.1
1170430 1552.8
1170440 1552.8
1170450 1555.9
1170460 1559.3
1170470 1559.3
1170480 1561.2
1170490 1564.1
1170500 1564.1
1170510 1567.1
1170520 1570.0
1170530 1570.0
1170540 1572.8
1170550 1575.2
1170560 1575.2
1170570 1578.4
1170580 1582.3
1170590 1582.3
1170600 1584.8
1170610 1588.2
1170620 1588.2
1170630 1591.2
1170640 1593.9
1170650 1596.3
1170660 1596.3
1170670 1598.6
1170680 1600.8
1170690 1600.8
1170700 1601.9
1170710 1603.1
1170720 1603.1
1170730 1607.3
1170740 1613.1
1170750 1613.1
1170760 1618.4
1170770 1622.7
1170780 1622.7
1170790 1628.1
1170800 1637.3
1170810 1637.3
1170820 1641.7
1170830 1644.6
1170840 1644.6
1170850 1646.1
1170860 1647.2
1170870 1647.2
1170880 1648.3
1170890 1649.8
1170900 1649.8
1170910 1650.3
1170920 1650.7
1170930 1652.2
1170940 1652.2
1170950 1654.3
1170960 1656.6
1170970 1656.6
1170980 1659.2
1170990 1662.2
1171000 1662.2
1171010 1666.1
1171020 1670.1
1171030 1670.1
1171040 1673.3
1171050 1676.6
1171060 1676.6
1171070 1680.8
1171080 1686.6
1171090 1686.6
1171100 1692.5
1171110 1698.5
1171120 1698.5
1171130 1704.3
1171140 1709.0
1171150 1709.0
1171160 1712.8
1171170 1717.1
1171180 1717.1
1171190 1721.7
1171200 1725.6
1171210 1732.9
1171220 1732.9
1171230 1736.5
1171240 1739.6
1171250 1739.6
1171260 1742.6
1171270 1746.3
1171280 1746.3
1171290 1750.0
1171300 1753.8
1171310 1753.8
1171320 1758.3
1171330 1762.8
1171340 1762.8
1171350 1767.5
1171360 1772.0
1171370 1772.0
1171380 1777.1
1171390 1782.3
1171400 1782.3
1171410 1787.1
1171420 1792.1
1171430 1792.1
1171440 1797.4
1171450 1803.6
1171460 1803.6
1171470 1810.3
1171480 1817.0
1171490 1823.6
1171500 1823.6
1171510 1829.6
1171520 1835.4
1171530 1835.4
1171540 1841.8
1171550 1848.0
1171560 1848.0
1171570 1854.5
1171580 1861.7
1171590 1861.7
1171600 1867.9
1171610 1872.7
1171620 1878.6
1171630 1882.5
1171640 1886.6
1171650 1886.6
1171660 1891.7
1171670 1897.3
1171680 1897.3
1171690 1903.2
1171700 1909.0
1171710 1909.0
1171720 1914.3
1171730 1919.3
1171740 1919.3
1171750 1925.0
1171760 1930.4
1171770 1935.8
1171780 1935.8
1171790 1942.2
1171800 1947.7
1171810 1947.7
1171820 1954.0
1171830 1960.2
1171840 1960.2
1171850 1965.9
1171860 1973.3
1171870 1973.3
1171880 1981.8
1171890 1988.0
1171900 1988.0
1171910 1993.2
1171920 1995.0
1171930 1995.0
1171940 1993.0
1171950 1988.3
1171960 1988.3
1171970 1982.1
1171980 1974.7
1171990 1974.7
1172000 1966.5
1172010 1960.6
1172020 1963.1
1172030 1958.1
1172040 1952.9
1172050 1946.6
1172060 1946.6
1172070 1939.6
1172080 1933.1
1172090 1933.1
1172100 1927.0
1172110 1921.5
1172120 1921.5
1172130 1916.1
1172140 1910.9
1172150 1910.9
1172160 1909.7
1172170 1909.4
1172180 1909.4
1172190 1905.5
1172200 1901.7
1172210 1901.7
1172220 1898.1
1172230 1894.2
1172240 1894.2
1172250 1890.7
1172260 1883.2
1172270 1883.2
1172280 1880.0
1172290 1879.0
1172300 1879.0
1172310 1883.5
1172320 1883.3
1172330 1881.0
1172340 1881.0
1172350 1877.1
1172360 1873.9
1172370 1873.9
1172380 1872.0
1172390 1868.7
1172400 1868.7
1172410 1864.8
1172420 1861.6
1172430 1869.8
1172440 1865.9
1172450 1862.3
1172460 1862.3
1172470 1856.9
1172480 1852.3
1172490 1852.3
1172500 1845.0
1172510 1837.0
1172520 1837.0
1172530 1828.4
1172540 1820.5
1172550 1820.5
1172560 1810.1
1172570 1793.3
1172580 1793.3
1172590 1783.7
1172600 1782.8
1172610 1786.2
1172620 1786.2
1172630 1789.0
1172640 1787.9
1172650 1787.9
1172660 1782.9
1172670 1777.8
1172680 1777.8
1172690 1770.7
1172700 1758.9
1172710 1758.9
1172720 1745.4
1172730 1726.5
1172740 1726.5
1172750 1709.6
1172760 1701.4
1172770 1701.4
1172780 1695.0
1172790 1688.9
1172800 1688.9
1172810 1682.9
1172820 1676.7
1172830 1676.7
1172840 1672.5
1172850 1665.3
1172860 1665.3
1172870 1660.8
1172880 1656.9
1172890 1655.2
1172900 1655.2
1172910 1653.1
1172920 1650.8
1172930 1650.8
1172940 1649.0
1172950 1647.8
1172960 1647.8
1172970 1647.5
1172980 1646.9
1172990 1646.9
1173000 1645.8
1173010 1643.1
1173020 1643.1
1173030 1638.4
1173040 1636.2
1173050 1636.2
1173060 1639.3
1173070 1642.6
1173080 1642.6
1173090 1644.8
1173100 1644.7
1173110 1644.7
1173120 1647.5
1173130 1648.8
1173140 1648.8
1173150 1647.5
1173160 1646.8
1173170 1639.8
1173180 1639.8
1173190 1625.1
1173200 1614.0
1173210 1614.0
1173220 1615.4
1173230 1620.6
1173240 1620.6
1173250 1633.3
1173260 1641.4
1173270 1641.4
1173280 1648.4
1173290 1655.1
1173300 1655.1
1173310 1659.8
1173320 1660.6
1173330 1660.6
1173340 1663.8
1173350 1670.8
1173360 1670.8
1173370 1679.1
1173380 1689.0
1173390 1689.0
1173400 1697.6
1173410 1706.9
1173420 1706.9
1173430 1719.8
1173440 1730.4
1173450 1741.2
1173460 1741.2
1173470 1756.3
1173480 1765.6
1173490 1765.6
1173500 1770.2
1173510 1774.9
1173520 1774.9
1173530 1782.3
1173540 1790.4
1173550 1790.4
1173560 1796.8
1173570 1802.8
1173580 1802.8
1173590 1808.8
1173600 1814.5
1173610 1814.5
1173620 1819.3
1173630 1823.9
1173640 1823.9
1173650 1828.2
1173660 1837.4
1173670 1837.4
1173680 1839.8
1173690 1839.9
1173700 1839.9
1173710 1836.9
1173720 1832.9
1173730 1828.4
1173740 1828.4
1173750 1824.0
1173760 1819.1
1173770 1819.1
1173780 1814.2
1173790 1809.6
1173800 1809.6
1173810 1805.7
1173820 1801.0
1173830 1801.0
1173840 1795.5
1173850 1788.6
1173860 1788.6
1173870 1778.5
1173880 1765.2
1173890 1765.2
1173900 1754.7
1173910 1743.0
1173920 1743.0
1173930 1731.1
1173940 1719.6
1173950 1719.6
1173960 1711.6
1173970 1722.9
1173980 1722.9
1173990 1730.2
1174000 1721.5
1174010 1710.1
1174020 1710.1
1174030 1713.6
1174040 1721.8
1174050 1721.8
1174060 1730.9
1174070 1745.0
1174080 1745.0
1174090 1744.6
1174100 1744.0
1174110 1744.0
1174120 1742.2
1174130 1742.3
1174140 1742.3
1174150 1741.7
1174160 1739.4
1174170 1739.4
1174180 1740.8
1174190 1743.8
1174200 1743.8
1174210 1746.5
1174220 1749.3
1174230 1749.3
1174240 1749.8
1174250 1750.6
1174260 1750.6
1174270 1749.5
1174280 1747.8
1174290 1746.7
1174300 1746.7
1174310 1746.4
1174320 1745.2
1174330 1745.2
1174340 1742.3
1174350 1739.2
1174360 1739.2
1174370 1736.5
1174380 1733.8
1174390 1733.8
1174400 1730.7
1174410 1726.6
1174420 1726.6
1174430 1722.0
1174440 1717.6
1174450 1717.6
1174460 1712.9
1174470 1708.2
1174480 1712.8
1174490 1707.9
1174500 1703.3
1174510 1703.3
1174520 1698.8
1174530 1694.3
1174540 1689.4
1174550 1689.4
1174560 1684.4
1174570 1679.0
1174580 1679.0
1174590 1673.5
1174600 1668.9
1174610 1668.9
1174620 1664.5
1174630 1659.3
1174640 1659.3
1174650 1651.8
1174660 1644.3
1174670 1644.3
1174680 1637.8
1174690 1630.7
1174700 1630.7
1174710 1621.8
1174720 1612.5
1174730 1612.5
1174740 1602.9
1174750 1592.6
1174760 1592.6
1174770 1582.7
1174780 1573.8
1174790 1573.8
1174800 1565.9
1174810 1560.2
1174820 1556.2
1174830 1556.2
1174840 1550.2
1174850 1543.6
1174860 1543.6
1174870 1535.6
1174880 1526.8
1174890 1523.3
1174900 1514.0
1174910 1505.9
1174920 1505.9
1174930 1497.6
1174940 1489.0
1174950 1489.0
1174960 1480.9
1174970 1472.9
1174980 1472.9
1174990 1465.3
1175000 1457.5
1175010 1457.5
1175020 1449.1
1175030 1440.6
1175040 1440.6
1175050 1432.2
1175060 1425.4
1175070 1425.4
1175080 1418.8
1175090 1411.4
1175100 1404.8
1175110 1404.8
1175120 1399.3
1175130 1393.5
1175140 1393.5
1175150 1388.4
1175160 1383.5
1175170 1383.5
1175180 1377.9
1175190 1372.0
1175200 1372.0
1175210 1365.8
1175220 1359.1
1175230 1359.1
1175240 1351.7
1175250 1344.1
1175260 1344.1
1175270 1336.5
1175280 1328.9
1175290 1328.9
1175300 1315.8
1175310 1308.1
1175320 1308.1
1175330 1300.1
1175340 1296.7
1175350 1296.7
1175360 1303.5
1175370 1307.4
1175380 1306.5
1175390 1306.5
1175400 1312.5
1175410 1323.2
1175420 1323.2
1175430 1332.0
1175440 1339.8
1175450 1339.8
1175460 1347.2
1175470 1352.5
1175480 1352.5
1175490 1354.9
1175500 1361.5
1175510 1361.5
1175520 1366.9
1175530 1369.5
1175540 1369.5
1175550 1376.7
1175560 1385.2
1175570 1385.2
1175580 1392.5
1175590 1397.3
1175600 1397.3
1175610 1402.9
1175620 1408.2
1175630 1408.2
1175640 1414.7
1175650 1417.3
1175660 1421.6
1175670 1421.6
1175680 1431.1
1175690 1435.8
1175700 1435.8
1175710 1448.4
1175720 1453.5
1175730 1453.5
1175740 1457.8
1175750 1461.3
1175760 1461.3
1175770 1464.9
1175780 1468.0
1175790 1468.0
1175800 1471.3
1175810 1473.8
1175820 1473.8
1175830 1478.3
1175840 1482.9
1175850 1482.9
1175860 1486.3
1175870 1488.8
1175880 1488.8
1175890 1490.7
1175900 1493.9
1175910 1493.9
1175920 1498.5
1175930 1502.8
1175940 1507.0
1175950 1507.0
1175960 1508.9
1175970 1508.5
1175980 1508.5
1175990 1504.8
1176000 1500.1
1176010 1500.1
1176020 1497.0
1176030 1498.4
1176040 1498.4
1176050 1498.6
1176060 1496.6
1176070 1496.6
1176080 1492.7
1176090 1489.1
1176100 1489.1
1176110 1485.9
1176120 1489.1
1176130 1489.1
1176140 1491.6
1176150 1491.7
1176160 1491.7
1176170 1491.6
1176180 1491.0
1176190 1491.0
1176200 1489.6
1176210 1488.0
1176220 1485.6
1176230 1485.6
1176240 1482.9
1176250 1481.4
1176260 1481.4
1176270 1480.8
1176280 1478.7
1176290 1478.7
1176300 1476.0
1176310 1473.3
1176320 1473.3
1176330 1470.5
1176340 1468.1
1176350 1468.1
1176360 1465.4
1176370 1462.1
1176380 1462.1
1176390 1459.9
1176400 1458.5
1176410 1458.5
1176420 1457.0
1176430 1455.3
1176440 1455.3
1176450 1453.1
1176460 1450.7
1176470 1450.7
1176480 1448.8
1176490 1446.9
1176500 1445.7
1176510 1445.7
1176520 1444.5
1176530 1443.1
1176540 1449.7
1176550 1448.2
1176560 1447.2
1176570 1447.2
1176580 1444.9
1176590 1442.0
1176600 1442.0
1176610 1438.7
1176620 1435.0
1176630 1435.0
1176640 1431.2
1176650 1427.4
1176660 1427.4
1176670 1423.5
1176680 1419.0
1176690 1419.0
1176700 1414.3
1176710 1410.1
1176720 1410.1
1176730 1405.8
1176740 1402.1
1176750 1402.1
1176760 1398.5
1176770 1396.2
1176780 1394.2
1176790 1394.2
1176800 1391.0
1176810 1386.9
1176820 1386.9
1176830 1382.7
1176840 1377.0
1176850 1377.0
1176860 1370.7
1176870 1367.6
1176880 1367.6
1176890 1363.6
1176900 1358.3
1176910 1358.3
1176920 1353.1
1176930 1347.4
1176940 1347.4
1176950 1346.8
1176960 1347.2
1176970 1347.2
1176980 1348.2
1176990 1347.0
1177000 1347.0
1177010 1346.9
1177020 1344.0
1177030 1344.0
1177040 1338.3
1177050 1335.7
1177060 1333.8
1177070 1333.8
1177080 1332.2
1177090 1331.1
1177100 1331.1
1177110 1328.9
1177120 1326.4
1177130 1326.4
1177140 1323.8
1177150 1319.9
1177160 1319.9
1177170 1313.5
1177180 1306.7
1177190 1306.7
1177200 1301.1
1177210 1301.0
1177220 1301.0
1177230 1300.6
1177240 1300.5
1177250 1300.5
1177260 1297.5
1177270 1297.4
1177280 1297.4
1177290 1299.1
1177300 1295.0
1177310 1295.0
1177320 1289.3
1177330 1285.4
1177340 1283.1
1177350 1283.1
1177360 1283.1
1177370 1277.6
1177380 1277.6
1177390 1278.8
1177400 1285.2
1177410 1285.2
1177420 1291.0
1177430 1296.1
1177440 1296.1
1177450 1299.6
1177460 1297.0
1177470 1297.0
1177480 1292.4
1177490 1287.0
1177500 1287.0
1177510 1282.2
1177520 1278.7
1177530 1278.7
1177540 1277.5
1177550 1277.2
1177560 1277.2
1177570 1279.8
1177580 1281.5
1177590 1281.5
1177600 1276.3
1177610 1270.7
1177620 1266.6
1177630 1266.6
1177640 1263.3
1177650 1259.6
1177660 1259.6
1177670 1256.0
1177680 1252.8
1177690 1252.8
1177700 1249.3
1177710 1246.3
1177720 1246.3
1177730 1244.1
1177740 1239.2
1177750 1239.2
1177760 1232.8
1177770 1223.9
1177780 1223.3
1177790 1215.2
1177800 1208.6
1177810 1208.6
1177820 1200.4
1177830 1188.3
1177840 1188.3
1177850 1171.6
1177860 1171.4
1177870 1171.4
1177880 1180.3
1177890 1187.6
1177900 1190.5
1177910 1190.5
1177920 1199.6
1177930 1210.3
1177940 1210.3
1177950 1214.8
1177960 1216.3
1177970 1216.3
1177980 1216.8
1177990 1214.6
1178000 1214.6
1178010 1211.6
1178020 1208.6
1178030 1208.6
1178040 1197.1
1178050 1192.7
1178060 1192.7
1178070 1194.1
1178080 1196.3
1178090 1196.3
1178100 1197.0
1178110 1195.1
1178120 1195.1
1178130 1192.2
1178140 1188.9
1178150 1188.9
1178160 1180.0
1178170 1169.2
1178180 1161.7
1178190 1164.0
1178200 1161.9
1178210 1162.7
1178220 1162.7
1178230 1164.5
1178240 1167.7
1178250 1167.7
1178260 1172.5
1178270 1177.6
1178280 1177.6
1178290 1183.3
1178300 1187.8
1178310 1187.8
1178320 1193.5
1178330 1200.0
1178340 1200.0
1178350 1207.2
1178360 1215.5
1178370 1215.5
1178380 1222.2
1178390 1226.7
1178400 1226.7
1178410 1229.0
1178420 1230.8
1178430 1233.4
1178440 1233.4
1178450 1236.5
1178460 1239.8
1178470 1239.8
1178480 1240.0
1178490 1236.2
1178500 1236.2
1178510 1232.6
1178520 1228.0
1178530 1228.0
1178540 1221.2
1178550 1224.6
1178560 1224.6
1178570 1227.1
1178580 1230.3
1178590 1230.3
1178600 1235.1
1178610 1231.7
1178620 1231.7
1178630 1234.7
1178640 1238.6
1178650 1238.6
1178660 1244.3
1178670 1255.8
1178680 1255.8
1178690 1263.4
1178700 1265.2
1178710 1265.8
1178720 1265.8
1178730 1268.9
1178740 1271.9
1178750 1271.9
1178760 1275.8
1178770 1281.2
1178780 1281.2
1178790 1286.8
1178800 1292.5
1178810 1292.5
1178820 1298.3
1178830 1303.1
1178840 1303.1
1178850 1307.5
1178860 1311.0
1178870 1311.0
1178880 1312.2
1178890 1312.7
1178900 1312.7
1178910 1313.6
1178920 1314.9
1178930 1314.9
1178940 1316.5
1178950 1318.2
1178960 1318.2
1178970 1320.7
1178980 1323.4
1178990 1325.7
1179000 1325.7
1179010 1327.9
1179020 1330.4
1179030 1328.1
1179040 1331.4
1179050 1334.1
1179060 1334.1
1179070 1336.4
1179080 1338.8
1179090 1338.8
1179100 1341.3
1179110 1344.4
1179120 1344.4
1179130 1347.0
1179140 1350.0
1179150 1350.0
1179160 1353.3
1179170 1356.1
1179180 1356.1
1179190 1359.0
1179200 1361.7
1179210 1361.7
1179220 1364.6
1179230 1367.8
1179240 1367.8
1179250 1370.1
1179260 1371.2
1179270 1372.8
1179280 1372.8
1179290 1374.9
1179300 1376.9
1179310 1376.9
1179320 1378.8
1179330 1380.8
1179340 1380.8
1179350 1382.7
1179360 1384.6
1179370 1384.6
1179380 1386.8
1179390 1389.1
1179400 1389.1
1179410 1390.7
1179420 1391.6
1179430 1391.6
1179440 1387.3
1179450 1387.7
1179460 1387.7
1179470 1388.4
1179480 1388.5
1179490 1388.5
1179500 1388.3
1179510 1389.4
1179520 1389.4
1179530 1393.4
1179540 1396.0
1179550 1397.1
1179560 1397.1
1179570 1395.7
1179580 1389.9
1179590 1389.9
1179600 1385.3
1179610 1384.0
1179620 1384.0
1179630 1388.9
1179640 1391.3
1179650 1391.3
1179660 1393.6
1179670 1394.9
1179680 1394.9
1179690 1392.9
1179700 1390.0
1179710 1390.0
1179720 1391.8
1179730 1397.6
1179740 1397.6
1179750 1401.7
1179760 1397.5
1179770 1397.5
1179780 1393.9
1179790 1389.7
1179800 1389.7
1179810 1383.0
1179820 1382.3
1179830 1385.1
1179840 1385.1
1179850 1391.2
1179860 1406.3
1179870 1406.3
1179880 1416.3
1179890 1418.0
1179900 1418.0
1179910 1421.1
1179920 1426.0
1179930 1426.0
1179940 1437.9
1179950 1446.8
1179960 1446.8
1179970 1440.3
1179980 1440.1
1179990 1440.1
