1160000 2015.7
1160010 2008.4
1160020 2007.5
1160030 2007.5
1160040 2006.7
1160050 2007.8
1160060 2007.8
1160070 2009.3
1160080 2012.7
1160090 2012.7
1160100 2017.4
1160110 2023.1
1160120 2023.1
1160130 2029.3
1160140 2037.3
1160150 2037.3
1160160 2044.3
1160170 2048.7
1160180 2048.7
1160190 2056.5
1160200 2064.8
1160210 2064.8
1160220 2072.0
1160230 2077.3
1160240 2077.3
1160250 2080.9
1160260 2082.6
1160270 2082.6
1160280 2083.1
1160290 2086.0
1160300 2090.0
1160310 2090.0
1160320 2092.5
1160330 2097.4
1160340 2097.4
1160350 2103.9
1160360 2110.6
1160370 2110.6
1160380 2117.2
1160390 2122.0
1160400 2120.0
1160410 2124.3
1160420 2125.0
1160430 2125.0
1160440 2126.0
1160450 2128.3
1160460 2128.3
1160470 2130.9
1160480 2135.6
1160490 2135.6
1160500 2141.7
1160510 2147.5
1160520 2147.5
1160530 2153.4
1160540 2159.8
1160550 2159.8
1160560 2166.4
1160570 2173.0
1160580 2179.6
1160590 2179.6
1160600 2186.1
1160610 2192.7
1160620 2192.7
1160630 2200.3
1160640 2212.0
1160650 2212.0
1160660 2222.3
1160670 2229.7
1160680 2229.7
1160690 2236.3
1160700 2243.3
1160710 2243.3
1160720 2252.7
1160730 2264.5
1160740 2264.5
1160750 2275.9
1160760 2287.9
1160770 2287.9
1160780 2299.2
1160790 2308.7
1160800 2307.7
1160810 2315.6
1160820 2323.1
1160830 2323.1
1160840 2330.7
1160850 2338.9
1160860 2348.2
1160870 2348.2
1160880 2356.1
1160890 2350.5
1160900 2350.5
1160910 2338.7
1160920 2329.3
1160930 2329.3
1160940 2321.5
1160950 2316.5
1160960 2316.5
1160970 2312.0
1160980 2304.7
1160990 2304.7
1161000 2298.1
1161010 2293.9
1161020 2293.9
1161030 2280.2
1161040 2267.2
1161050 2267.2
1161060 2248.2
1161070 2233.7
1161080 2233.7
1161090 2221.1
1161100 2210.4
1161110 2210.4
1161120 2202.7
1161130 2195.3
1161140 2188.0
1161150 2188.0
1161160 2181.0
1161170 2174.0
1161180 2174.0
1161190 2166.3
1161200 2159.5
1161210 2159.5
1161220 2152.9
1161230 2146.1
1161240 2146.1
1161250 2139.7
1161260 2133.9
1161270 2133.9
1161280 2128.8
1161290 2125.2
1161300 2125.2
1161310 2122.9
1161320 2119.4
1161330 2119.4
1161340 2114.4
1161350 2109.3
1161360 2109.3
1161370 2105.4
1161380 2104.0
1161390 2104.0
1161400 2104.5
1161410 2104.0
1161420 2099.1
1161430 2099.1
1161440 2092.9
1161450 2087.2
1161460 2087.2
1161470 2084.6
1161480 2084.3
1161490 2084.3
1161500 2083.7
1161510 2082.5
1161520 2082.5
1161530 2082.1
1161540 2083.4
1161550 2083.4
1161560 2081.8
1161570 2077.5
1161580 2077.5
1161590 2068.3
1161600 2064.6
1161610 2064.6
1161620 2061.6
1161630 2059.6
1161640 2059.6
1161650 2055.7
1161660 2049.5
1161670 2049.5
1161680 2042.7
1161690 2034.7
1161700 2034.7
1161710 2025.8
1161720 2017.9
1161730 2008.8
1161740 2008.8
1161750 1997.2
1161760 1987.5
1161770 1987.5
1161780 1980.6
1161790 1973.8
1161800 1973.8
1161810 1968.5
1161820 1963.9
1161830 1963.9
1161840 1958.2
1161850 1950.6
1161860 1950.6
1161870 1944.2
1161880 1938.3
1161890 1938.3
1161900 1930.6
1161910 1920.7
1161920 1920.7
1161930 1909.4
1161940 1900.1
1161950 1900.1
1161960 1893.7
1161970 1888.8
1161980 1888.3
1161990 1882.9
1162000 1878.2
1162010 1873.2
1162020 1873.2
1162030 1868.4
1162040 1864.2
1162050 1864.2
1162060 1860.3
1162070 1856.5
1162080 1856.5
1162090 1853.1
1162100 1849.3
1162110 1849.3
1162120 1846.0
1162130 1842.1
1162140 1842.1
1162150 1837.8
1162160 1834.3
1162170 1834.3
1162180 1830.3
1162190 1825.7
1162200 1825.7
1162210 1822.0
1162220 1818.7
1162230 1818.7
1162240 1814.0
1162250 1810.4
1162260 1810.4
1162270 1808.2
1162280 1804.8
1162290 1800.4
1162300 1800.4
1162310 1795.7
1162320 1791.7
1162330 1791.7
1162340 1788.2
1162350 1786.2
1162360 1786.2
1162370 1786.5
1162380 1781.7
1162390 1781.7
1162400 1779.9
1162410 1777.5
1162420 1777.5
1162430 1774.9
1162440 1771.4
1162450 1771.4
1162460 1769.5
1162470 1768.7
1162480 1768.7
1162490 1769.4
1162500 1768.5
1162510 1768.5
1162520 1767.1
1162530 1765.9
1162540 1765.9
1162550 1765.0
1162560 1765.1
1162570 1765.3
1162580 1765.3
1162590 1765.3
1162600 1764.6
1162610 1764.6
1162620 1765.2
1162630 1766.1
1162640 1766.1
1162650 1767.5
1162660 1769.6
1162670 1769.6
1162680 1771.4
1162690 1773.9
1162700 1773.9
1162710 1776.2
1162720 1778.3
1162730 1778.3
1162740 1781.4
1162750 1785.3
1162760 1785.3
1162770 1782.7
1162780 1784.5
1162790 1784.5
1162800 1783.3
1162810 1785.7
1162820 1785.7
1162830 1789.9
1162840 1793.8
1162850 1797.5
1162860 1797.5
1162870 1803.3
1162880 1807.0
1162890 1807.0
1162900 1805.7
1162910 1806.4
1162920 1806.4
1162930 1811.2
1162940 1817.7
1162950 1817.7
1162960 1823.6
1162970 1830.6
1162980 1830.6
1162990 1837.6
1163000 1845.6
1163010 1845.6
1163020 1863.0
1163030 1879.4
1163040 1879.4
1163050 1904.6
1163060 1936.3
1163070 1936.3
1163080 1946.2
1163090 1944.8
1163100 1944.8
1163110 1940.5
1163120 1935.0
1163130 1928.5
1163140 1928.5
1163150 1923.8
1163160 1922.5
1163170 1907.1
1163180 1899.2
1163190 1904.3
1163200 1904.3
1163210 1906.6
1163220 1909.4
1163230 1909.4
1163240 1912.0
1163250 1912.1
1163260 1912.1
1163270 1930.6
1163280 1966.0
1163290 1966.0
1163300 1978.6
1163310 1982.4
1163320 1982.4
1163330 1985.9
1163340 1990.3
1163350 1990.3
1163360 1995.9
1163370 1999.1
1163380 1999.1
1163390 2001.7
1163400 2004.3
1163410 2004.4
1163420 2004.4
1163430 2004.1
1163440 2007.0
1163450 2007.0
1163460 2007.4
1163470 2012.1
1163480 2012.1
1163490 2009.3
1163500 2009.2
1163510 2009.2
1163520 2007.9
1163530 2012.3
1163540 2012.3
1163550 2016.3
1163560 2018.1
1163570 2009.0
1163580 2013.1
1163590 2015.7
1163600 2015.7
1163610 2019.9
1163620 2025.3
1163630 2025.3
1163640 2029.9
1163650 2033.9
1163660 2033.9
1163670 2040.8
1163680 2048.2
1163690 2056.0
1163700 2056.0
1163710 2059.3
1163720 2061.6
1163730 2061.6
1163740 2066.3
1163750 2070.2
1163760 2070.2
1163770 2073.5
1163780 2074.9
1163790 2074.9
1163800 2075.4
1163810 2080.4
1163820 2080.4
1163830 2087.3
1163840 2088.0
1163850 2088.0
1163860 2090.5
1163870 2094.6
1163880 2094.6
1163890 2097.7
1163900 2103.2
1163910 2103.2
1163920 2108.3
1163930 2112.6
1163940 2112.6
1163950 2119.6
1163960 2111.8
1163970 2107.9
1163980 2107.9
1163990 2105.9
1164000 2111.5
1164010 2111.5
1164020 2113.6
1164030 2118.3
1164040 2118.3
1164050 2120.2
1164060 2117.1
1164070 2117.1
1164080 2111.5
1164090 2114.8
1164100 2114.8
1164110 2115.7
1164120 2115.1
1164130 2115.1
1164140 2112.5
1164150 2108.3
1164160 2108.3
1164170 2106.2
1164180 2110.8
1164190 2110.8
1164200 2108.4
1164210 2105.7
1164220 2105.7
1164230 2109.0
1164240 2110.2
1164250 2109.5
1164260 2109.5
1164270 2107.9
1164280 2109.3
1164290 2109.3
1164300 2106.1
1164310 2103.4
1164320 2103.4
1164330 2104.2
1164340 2099.4
1164350 2099.4
1164360 2088.1
1164370 2085.9
1164380 2085.9
1164390 2087.1
1164400 2089.3
1164410 2089.3
1164420 2092.2
1164430 2094.0
1164440 2094.0
1164450 2092.7
1164460 2091.4
1164470 2091.4
1164480 2090.1
1164490 2088.3
1164500 2088.3
1164510 2086.3
1164520 2084.5
1164530 2083.4
1164540 2083.4
1164550 2082.1
1164560 2078.1
1164570 2078.1
1164580 2074.4
1164590 2071.3
1164600 2071.3
1164610 2068.4
1164620 2065.2
1164630 2065.2
1164640 2062.6
1164650 2060.8
1164660 2060.8
1164670 2058.8
1164680 2056.5
1164690 2056.5
1164700 2052.7
1164710 2048.2
1164720 2048.2
1164730 2044.3
1164740 2041.5
1164750 2041.5
1164760 2033.1
1164770 2030.0
1164780 2030.0
1164790 2026.5
1164800 2023.3
1164810 2019.9
1164820 2019.9
1164830 2017.2
1164840 2013.6
1164850 2013.6
1164860 2009.4
1164870 2004.8
1164880 2004.8
1164890 2000.3
1164900 1996.9
1164910 1996.9
1164920 1994.6
1164930 1991.6
1164940 1991.6
1164950 1987.8
1164960 1985.0
1164970 1985.0
1164980 1981.9
1164990 1977.0
1165000 1977.0
1165010 1971.8
1165020 1966.7
1165030 1966.7
1165040 1962.4
1165050 1959.1
1165060 1959.1
1165070 1955.8
1165080 1949.7
1165090 1942.3
1165100 1942.3
1165110 1935.5
1165120 1929.4
1165130 1929.4
1165140 1923.8
1165150 1918.7
1165160 1918.4
1165170 1913.9
1165180 1909.1
1165190 1909.1
1165200 1905.1
1165210 1900.2
1165220 1900.2
1165230 1893.9
1165240 1888.5
1165250 1888.5
1165260 1882.8
1165270 1875.8
1165280 1875.8
1165290 1868.4
1165300 1861.7
1165310 1861.7
1165320 1855.9
1165330 1850.5
1165340 1850.5
1165350 1844.9
1165360 1838.7
1165370 1831.8
1165380 1831.8
1165390 1824.8
1165400 1819.6
1165410 1819.6
1165420 1815.8
1165430 1810.4
1165440 1810.4
1165450 1804.3
1165460 1800.9
1165470 1800.9
1165480 1796.3
1165490 1794.1
1165500 1794.1
1165510 1791.4
1165520 1789.1
1165530 1789.1
1165540 1787.7
1165550 1786.4
1165560 1780.0
1165570 1780.1
1165580 1780.4
1165590 1780.4
1165600 1779.9
1165610 1779.6
1165620 1779.6
1165630 1777.6
1165640 1775.3
1165650 1771.7
1165660 1771.7
1165670 1767.3
1165680 1762.6
1165690 1762.6
1165700 1757.6
1165710 1751.6
1165720 1751.6
1165730 1745.8
1165740 1740.1
1165750 1740.1
1165760 1735.1
1165770 1729.9
1165780 1729.9
1165790 1725.0
1165800 1720.2
1165810 1720.2
1165820 1716.5
1165830 1713.2
1165840 1713.2
1165850 1709.7
1165860 1707.3
1165870 1707.3
1165880 1704.3
1165890 1702.0
1165900 1702.0
1165910 1699.7
1165920 1696.6
1165930 1693.8
1165940 1693.8
1165950 1690.8
1165960 1681.9
1165970 1681.9
1165980 1680.0
1165990 1678.1
1166000 1678.1
1166010 1675.1
1166020 1672.5
1166030 1672.5
1166040 1670.2
1166050 1666.2
1166060 1666.2
1166070 1660.8
1166080 1656.4
1166090 1656.4
1166100 1654.1
1166110 1652.5
1166120 1652.5
1166130 1651.0
1166140 1648.9
1166150 1648.9
1166160 1647.7
1166170 1645.4
1166180 1645.4
1166190 1642.0
1166200 1638.0
1166210 1632.5
1166220 1632.5
1166230 1626.9
1166240 1622.4
1166250 1622.4
1166260 1617.7
1166270 1614.4
1166280 1614.4
1166290 1612.2
1166300 1610.7
1166310 1610.7
1166320 1609.1
1166330 1606.5
1166340 1606.5
1166350 1604.2
1166360 1591.7
1166370 1591.7
1166380 1588.8
1166390 1586.5
1166400 1586.5
1166410 1582.5
1166420 1579.4
1166430 1579.4
1166440 1577.5
1166450 1575.7
1166460 1575.7
1166470 1573.5
1166480 1569.7
1166490 1564.3
1166500 1564.3
1166510 1558.6
1166520 1554.0
1166530 1554.0
1166540 1550.4
1166550 1547.5
1166560 1547.5
1166570 1545.5
1166580 1542.8
1166590 1542.8
1166600 1539.9
1166610 1536.7
1166620 1536.7
1166630 1531.6
1166640 1527.0
1166650 1527.0
1166660 1520.3
1166670 1513.4
1166680 1513.4
1166690 1506.4
1166700 1498.4
1166710 1498.4
1166720 1488.8
1166730 1477.4
1166740 1477.4
1166750 1466.2
1166760 1451.1
1166770 1441.1
1166780 1441.1
1166790 1428.0
1166800 1415.1
1166810 1415.1
1166820 1401.0
1166830 1385.5
1166840 1385.5
1166850 1376.7
1166860 1369.5
1166870 1369.5
1166880 1360.0
1166890 1351.9
1166900 1351.9
1166910 1345.7
1166920 1338.7
1166930 1338.7
1166940 1330.4
1166950 1322.2
1166960 1322.2
1166970 1314.3
1166980 1305.8
1166990 1305.8
1167000 1297.4
1167010 1289.6
1167020 1289.6
1167030 1282.3
1167040 1275.4
1167050 1268.2
1167060 1268.2
1167070 1259.3
1167080 1248.9
1167090 1248.9
1167100 1237.9
1167110 1227.8
1167120 1227.8
1167130 1219.9
1167140 1213.1
1167150 1213.1
1167160 1204.1
1167170 1197.4
1167180 1197.4
1167190 1191.2
1167200 1184.8
1167210 1184.8
1167220 1178.7
1167230 1172.9
1167240 1172.9
1167250 1167.4
1167260 1162.8
1167270 1162.8
1167280 1158.6
1167290 1153.9
1167300 1153.9
1167310 1146.3
1167320 1136.9
1167330 1129.2
1167340 1129.2
1167350 1122.2
1167360 1115.4
1167370 1115.4
1167380 1109.1
1167390 1103.1
1167400 1103.1
1167410 1097.8
1167420 1093.0
1167430 1093.0
1167440 1088.8
1167450 1085.0
1167460 1085.0
1167470 1081.0
1167480 1077.0
1167490 1077.0
1167500 1073.7
1167510 1070.9
1167520 1070.9
1167530 1068.1
1167540 1064.8
1167550 1064.8
1167560 1060.2
1167570 1058.9
1167580 1058.9
1167590 1058.0
1167600 1056.9
1167610 1054.5
1167620 1054.5
1167630 1052.2
1167640 1050.2
1167650 1050.2
1167660 1048.3
1167670 1046.5
1167680 1046.5
1167690 1044.7
1167700 1043.0
1167710 1043.0
1167720 1041.1
1167730 1039.5
1167740 1039.5
1167750 1037.2
1167760 1034.8
1167770 1034.8
1167780 1033.2
1167790 1032.9
1167800 1032.9
1167810 1031.9
1167820 1029.9
1167830 1029.9
1167840 1027.5
1167850 1025.3
1167860 1025.3
1167870 1023.8
1167880 1022.4
1167890 1021.0
1167900 1021.0
1167910 1019.9
1167920 1018.4
1167930 1018.4
1167940 1017.2
1167950 1016.0
1167960 1015.7
1167970 1014.2
1167980 1012.5
1167990 1012.5
1168000 1011.9
1168010 1010.3
1168020 1010.3
1168030 1008.8
1168040 1007.0
1168050 1007.0
1168060 1005.7
1168070 1004.5
1168080 1004.5
1168090 1003.0
1168100 1001.5
1168110 1001.5
1168120 1000.2
1168130 999.2
1168140 999.2
1168150 998.5
1168160 998.5
1168170 998.1
1168180 998.1
1168190 997.6
1168200 997.3
1168210 997.3
1168220 997.0
1168230 996.8
1168240 996.8
1168250 996.7
1168260 996.9
1168270 996.9
1168280 997.1
1168290 997.0
1168300 997.0
1168310 996.7
1168320 996.5
1168330 996.5
1168340 996.5
1168350 996.6
1168360 996.6
1168370 996.8
1168380 997.2
1168390 997.2
1168400 997.1
1168410 997.1
1168420 997.1
1168430 997.0
1168440 997.0
1168450 995.7
1168460 995.7
1168470 995.5
1168480 995.6
1168490 995.6
1168500 995.3
1168510 995.5
1168520 995.5
1168530 994.9
1168540 993.5
1168550 993.5
1168560 992.0
1168570 991.8
1168580 991.8
1168590 992.0
1168600 992.2
1168610 992.2
1168620 992.2
1168630 992.5
1168640 992.5
1168650 994.3
1168660 995.4
1168670 995.4
1168680 995.3
1168690 995.3
1168700 995.3
1168710 995.3
1168720 995.3
1168730 995.3
1168740 995.3
1168750 995.3
1168760 995.2
1168770 995.9
1168780 995.7
1168790 995.5
1168800 995.5
1168810 995.4
1168820 995.6
1168830 995.6
1168840 996.5
1168850 997.2
1168860 997.2
1168870 997.3
1168880 997.4
1168890 997.4
1168900 997.6
1168910 997.5
1168920 997.5
1168930 997.4
1168940 997.3
1168950 997.3
1168960 996.9
1168970 996.1
1168980 996.1
1168990 994.6
1169000 993.3
1169010 993.3
1169020 992.9
1169030 993.0
1169040 993.0
1169050 993.0
1169060 993.1
1169070 993.3
1169080 993.3
1169090 993.5
1169100 993.6
1169110 993.6
1169120 993.5
1169130 993.4
1169140 993.4
1169150 993.4
1169160 993.3
1169170 993.3
1169180 993.2
1169190 993.1
1169200 993.1
1169210 993.0
1169220 992.9
1169230 992.9
1169240 992.9
1169250 992.8
1169260 992.8
1169270 992.8
1169280 992.8
1169290 992.8
1169300 992.8
1169310 992.7
1169320 992.7
1169330 992.7
1169340 992.6
1169350 992.4
1169360 992.4
1169370 992.2
1169380 992.1
1169390 992.1
1169400 992.2
1169410 992.5
1169420 992.5
1169430 993.0
1169440 993.6
1169450 993.6
1169460 995.0
1169470 995.4
1169480 995.4
1169490 996.0
1169500 996.1
1169510 996.1
1169520 996.1
1169530 995.7
1169540 995.7
1169550 995.4
1169560 995.3
1169570 995.3
1169580 995.2
1169590 995.3
1169600 995.3
1169610 995.3
1169620 995.2
1169630 995.1
1169640 995.1
1169650 995.0
1169660 995.0
1169670 995.0
1169680 995.0
1169690 995.1
1169700 995.1
1169710 995.3
1169720 995.5
1169730 995.5
1169740 995.7
1169750 997.4
1169760 997.4
1169770 1001.5
1169780 1008.5
1169790 1008.5
1169800 1019.2
1169810 1027.1
1169820 1027.1
1169830 1029.7
1169840 1031.3
1169850 1031.3
1169860 1033.3
1169870 1035.9
1169880 1038.8
1169890 1038.8
1169900 1041.9
1169910 1045.1
1169920 1045.1
1169930 1047.9
1169940 1050.1
1169950 1050.1
1169960 1051.4
1169970 1051.7
1169980 1052.6
1169990 1050.3
1170000 1047.9
1170010 1047.9
1170020 1046.0
1170030 1046.3
1170040 1046.3
1170050 1048.7
1170060 1050.5
1170070 1050.5
1170080 1052.2
1170090 1054.3
1170100 1054.3
1170110 1056.9
1170120 1059.9
1170130 1059.9
1170140 1063.9
1170150 1069.3
1170160 1075.6
1170170 1075.6
1170180 1082.3
1170190 1088.2
1170200 1088.2
1170210 1090.8
1170220 1091.2
1170230 1091.2
1170240 1091.7
1170250 1093.8
1170260 1093.8
1170270 1097.6
1170280 1101.7
1170290 1101.7
1170300 1105.2
1170310 1109.1
1170320 1109.1
1170330 1112.4
1170340 1115.9
1170350 1115.9
1170360 1120.8
1170370 1126.7
1170380 1126.7
1170390 1140.2
1170400 1144.0
1170410 1144.0
1170420 1149.9
1170430 1153.4
1170440 1154.1
1170450 1154.1
1170460 1157.7
1170470 1162.8
1170480 1162.8
1170490 1166.4
1170500 1168.9
1170510 1168.9
1170520 1169.7
1170530 1170.0
1170540 1170.0
1170550 1170.9
1170560 1173.2
1170570 1173.2
1170580 1177.4
1170590 1183.7
1170600 1183.7
1170610 1188.2
1170620 1190.3
1170630 1190.3
1170640 1192.3
1170650 1195.1
1170660 1195.1
1170670 1197.6
1170680 1199.4
1170690 1199.4
1170700 1200.7
1170710 1201.5
1170720 1203.6
1170730 1203.6
1170740 1207.9
1170750 1212.9
1170760 1212.9
1170770 1218.2
1170780 1223.7
1170790 1230.3
1170800 1235.4
1170810 1240.1
1170820 1240.1
1170830 1243.3
1170840 1247.0
1170850 1247.0
1170860 1251.1
1170870 1254.0
1170880 1254.0
1170890 1256.5
1170900 1259.2
1170910 1259.2
1170920 1262.6
1170930 1266.6
1170940 1266.6
1170950 1270.4
1170960 1274.1
1170970 1274.1
1170980 1277.0
1170990 1281.2
1171000 1286.1
1171010 1286.1
1171020 1291.0
1171030 1295.3
1171040 1295.3
1171050 1299.6
1171060 1304.7
1171070 1304.7
1171080 1309.7
1171090 1314.6
1171100 1314.6
1171110 1318.0
1171120 1321.3
1171130 1321.3
1171140 1325.3
1171150 1330.3
1171160 1330.3
1171170 1335.6
1171180 1340.8
1171190 1340.8
1171200 1353.6
1171210 1357.7
1171220 1357.7
1171230 1362.0
1171240 1366.4
1171250 1366.4
1171260 1370.3
1171270 1373.0
1171280 1376.0
1171290 1376.0
1171300 1379.7
1171310 1383.5
1171320 1383.5
1171330 1387.8
1171340 1391.6
1171350 1391.6
1171360 1394.9
1171370 1398.9
1171380 1398.9
1171390 1403.5
1171400 1409.0
1171410 1409.0
1171420 1414.9
1171430 1420.8
1171440 1420.8
1171450 1426.9
1171460 1433.2
1171470 1433.2
1171480 1439.4
1171490 1445.2
1171500 1445.2
1171510 1450.4
1171520 1456.0
1171530 1456.0
1171540 1461.9
1171550 1466.3
1171560 1472.0
1171570 1472.0
1171580 1478.0
1171590 1484.2
1171600 1484.2
1171610 1494.8
1171620 1501.4
1171630 1501.4
1171640 1507.7
1171650 1514.3
1171660 1514.3
1171670 1521.4
1171680 1528.1
1171690 1528.1
1171700 1535.4
1171710 1542.4
1171720 1542.4
1171730 1549.2
1171740 1556.1
1171750 1556.1
1171760 1562.5
1171770 1568.3
1171780 1568.3
1171790 1574.4
1171800 1580.7
1171810 1580.7
1171820 1587.2
1171830 1593.2
1171840 1599.3
1171850 1599.3
1171860 1605.3
1171870 1611.1
1171880 1611.1
1171890 1616.9
1171900 1622.2
1171910 1622.2
1171920 1627.5
1171930 1632.7
1171940 1632.7
1171950 1638.7
1171960 1643.8
1171970 1643.8
1171980 1649.2
1171990 1655.4
1172000 1655.4
1172010 1667.5
1172020 1674.8
1172030 1674.8
1172040 1681.1
1172050 1685.8
1172060 1685.8
1172070 1689.8
1172080 1693.5
1172090 1693.5
1172100 1697.2
1172110 1700.1
1172120 1702.6
1172130 1702.6
1172140 1705.9
1172150 1708.7
1172160 1708.7
1172170 1709.6
1172180 1708.4
1172190 1708.4
1172200 1708.7
1172210 1711.2
1172220 1711.2
1172230 1714.2
1172240 1717.3
1172250 1717.3
1172260 1719.8
1172270 1720.1
1172280 1720.1
1172290 1716.9
1172300 1711.2
1172310 1711.2
1172320 1706.3
1172330 1701.3
1172340 1701.3
1172350 1696.3
1172360 1690.8
1172370 1690.8
1172380 1684.4
1172390 1678.0
1172400 1671.2
1172410 1671.2
1172420 1665.6
1172430 1657.1
1172440 1657.1
1172450 1649.7
1172460 1642.4
1172470 1642.4
1172480 1635.0
1172490 1626.7
1172500 1626.7
1172510 1618.5
1172520 1610.3
1172530 1610.3
1172540 1602.0
1172550 1592.9
1172560 1592.9
1172570 1583.5
1172580 1574.6
1172590 1574.6
1172600 1566.3
1172610 1558.3
1172620 1558.3
1172630 1549.5
1172640 1540.9
1172650 1540.9
1172660 1532.8
1172670 1524.6
1172680 1516.7
1172690 1516.7
1172700 1509.0
1172710 1501.7
1172720 1501.7
1172730 1494.6
1172740 1486.3
1172750 1486.3
1172760 1477.8
1172770 1469.7
1172780 1469.7
1172790 1461.9
1172800 1454.5
1172810 1454.5
1172820 1447.5
1172830 1441.3
1172840 1441.3
1172850 1434.2
1172860 1427.2
1172870 1427.2
1172880 1420.2
1172890 1413.4
1172900 1413.4
1172910 1406.8
1172920 1400.3
1172930 1400.3
1172940 1394.1
1172950 1388.4
1172960 1382.4
1172970 1382.4
1172980 1376.2
1172990 1370.1
1173000 1370.1
1173010 1364.1
1173020 1358.3
1173030 1358.3
1173040 1352.4
1173050 1346.4
1173060 1346.4
1173070 1339.0
1173080 1329.3
1173090 1329.3
1173100 1319.7
1173110 1311.4
1173120 1311.4
1173130 1305.2
1173140 1300.0
1173150 1300.0
1173160 1294.6
1173170 1287.4
1173180 1287.4
1173190 1280.3
1173200 1271.3
1173210 1271.3
1173220 1261.8
1173230 1251.3
1173240 1243.3
1173250 1243.3
1173260 1243.8
1173270 1255.7
1173280 1255.7
1173290 1265.9
1173300 1272.8
1173310 1272.8
1173320 1278.5
1173330 1283.7
1173340 1283.7
1173350 1288.9
1173360 1294.7
1173370 1294.7
1173380 1301.4
1173390 1307.8
1173400 1307.8
1173410 1314.6
1173420 1321.7
1173430 1321.7
1173440 1328.3
1173450 1335.0
1173460 1335.0
1173470 1341.8
1173480 1347.9
1173490 1347.9
1173500 1352.7
1173510 1357.5
1173520 1361.6
1173530 1361.6
1173540 1364.0
1173550 1366.8
1173560 1366.8
1173570 1369.4
1173580 1370.5
1173590 1370.5
1173600 1371.0
1173610 1371.1
1173620 1371.1
1173630 1370.4
1173640 1368.9
1173650 1374.9
1173660 1373.1
1173670 1372.5
1173680 1372.5
1173690 1371.4
1173700 1369.9
1173710 1369.9
1173720 1368.4
1173730 1366.6
1173740 1366.6
1173750 1365.6
1173760 1364.8
1173770 1364.8
1173780 1363.3
1173790 1362.1
1173800 1360.8
1173810 1360.8
1173820 1359.6
1173830 1358.6
1173840 1358.6
1173850 1357.4
1173860 1356.4
1173870 1356.4
1173880 1355.3
1173890 1353.6
1173900 1353.6
1173910 1351.8
1173920 1349.7
1173930 1349.7
1173940 1347.4
1173950 1344.5
1173960 1344.5
1173970 1341.2
1173980 1337.2
1173990 1337.2
1174000 1332.9
1174010 1327.8
1174020 1327.8
1174030 1323.4
1174040 1319.1
1174050 1319.1
1174060 1321.1
1174070 1318.5
1174080 1315.3
1174090 1315.3
1174100 1311.8
1174110 1307.9
1174120 1307.9
1174130 1303.9
1174140 1300.1
1174150 1300.1
1174160 1297.0
1174170 1293.9
1174180 1293.9
1174190 1290.7
1174200 1287.6
1174210 1287.6
1174220 1284.8
1174230 1281.6
1174240 1281.6
1174250 1279.3
1174260 1277.9
1174270 1277.9
1174280 1275.6
1174290 1273.0
1174300 1273.0
1174310 1270.3
1174320 1267.9
1174330 1267.9
1174340 1265.3
1174350 1262.4
1174360 1259.6
1174370 1259.6
1174380 1256.9
1174390 1254.4
1174400 1254.4
1174410 1252.2
1174420 1249.8
1174430 1249.8
1174440 1248.2
1174450 1247.2
1174460 1247.2
1174470 1251.7
1174480 1249.7
1174490 1249.7
1174500 1247.2
1174510 1244.4
1174520 1244.4
1174530 1241.6
1174540 1238.9
1174550 1238.9
1174560 1236.3
1174570 1234.1
1174580 1234.1
1174590 1233.7
1174600 1231.8
1174610 1231.8
1174620 1229.0
1174630 1226.2
1174640 1223.7
1174650 1223.7
1174660 1221.1
1174670 1217.9
1174680 1217.9
1174690 1214.1
1174700 1210.3
1174710 1210.3
1174720 1210.9
1174730 1213.6
1174740 1213.6
1174750 1215.2
1174760 1213.7
1174770 1213.7
1174780 1211.2
1174790 1211.5
1174800 1211.5
1174810 1205.4
1174820 1197.8
1174830 1197.8
1174840 1191.2
1174850 1184.3
1174860 1184.3
1174870 1169.1
1174880 1154.2
1174890 1154.2
1174900 1148.8
1174910 1156.4
1174920 1167.9
1174930 1167.9
1174940 1177.1
1174950 1182.5
1174960 1182.5
1174970 1185.5
1174980 1186.4
1174990 1186.4
1175000 1184.2
1175010 1179.9
1175020 1179.9
1175030 1175.2
1175040 1172.2
1175050 1172.2
1175060 1170.3
1175070 1169.1
1175080 1169.1
1175090 1167.1
1175100 1165.5
1175110 1165.5
1175120 1162.7
1175130 1156.5
1175140 1156.5
1175150 1155.9
1175160 1160.4
1175170 1160.4
1175180 1164.6
1175190 1169.0
1175200 1173.7
1175210 1173.7
1175220 1178.7
1175230 1181.1
1175240 1181.1
1175250 1178.3
1175260 1174.1
1175270 1174.1
1175280 1170.0
1175290 1168.7
1175300 1168.7
1175310 1163.6
1175320 1160.0
1175330 1160.0
1175340 1158.8
1175350 1155.2
1175360 1155.2
1175370 1150.9
1175380 1146.8
1175390 1146.8
1175400 1142.2
1175410 1137.9
1175420 1137.9
1175430 1132.1
1175440 1124.4
1175450 1124.4
1175460 1112.1
1175470 1096.9
1175480 1087.3
1175490 1087.3
1175500 1080.6
1175510 1077.5
1175520 1077.5
1175530 1078.9
1175540 1091.0
1175550 1091.0
1175560 1105.0
1175570 1116.9
1175580 1116.9
1175590 1122.6
1175600 1127.6
1175610 1127.6
1175620 1139.6
1175630 1152.1
1175640 1152.1
1175650 1161.4
1175660 1167.5
1175670 1167.5
1175680 1171.6
1175690 1173.2
1175700 1167.1
1175710 1167.6
1175720 1168.1
1175730 1168.1
1175740 1169.0
1175750 1170.0
1175760 1171.7
1175770 1171.7
1175780 1174.5
1175790 1177.3
1175800 1177.3
1175810 1179.9
1175820 1179.2
1175830 1179.2
1175840 1176.1
1175850 1176.5
1175860 1176.5
1175870 1179.6
1175880 1180.6
1175890 1180.6
1175900 1177.1
1175910 1171.6
1175920 1171.6
1175930 1168.5
1175940 1163.5
1175950 1163.5
1175960 1157.1
1175970 1153.8
1175980 1153.8
1175990 1151.0
1176000 1149.8
1176010 1149.8
1176020 1149.2
1176030 1152.2
1176040 1162.2
1176050 1162.2
1176060 1176.2
1176070 1188.2
1176080 1188.2
1176090 1205.3
1176100 1218.6
1176110 1218.2
1176120 1227.6
1176130 1235.6
1176140 1235.6
1176150 1240.5
1176160 1243.2
1176170 1243.2
1176180 1245.5
1176190 1249.6
1176200 1249.6
1176210 1255.4
1176220 1260.7
1176230 1260.7
1176240 1265.0
1176250 1269.1
1176260 1269.1
1176270 1271.3
1176280 1270.5
1176290 1270.5
1176300 1266.1
1176310 1262.3
1176320 1258.8
1176330 1258.8
1176340 1256.7
1176350 1256.4
1176360 1256.4
1176370 1257.2
1176380 1258.7
1176390 1258.7
1176400 1260.6
1176410 1262.9
1176420 1262.9
1176430 1265.7
1176440 1269.4
1176450 1269.4
1176460 1272.1
1176470 1272.3
1176480 1272.3
1176490 1271.6
1176500 1271.4
1176510 1271.4
1176520 1271.7
1176530 1267.7
1176540 1267.7
1176550 1268.8
1176560 1270.6
1176570 1270.6
1176580 1272.4
1176590 1274.1
1176600 1275.2
1176610 1275.2
1176620 1276.4
1176630 1278.0
1176640 1278.0
1176650 1279.9
1176660 1281.4
1176670 1281.4
1176680 1283.0
1176690 1284.9
1176700 1284.9
1176710 1286.7
1176720 1288.2
1176730 1288.2
1176740 1288.8
1176750 1290.0
1176760 1290.0
1176770 1293.0
1176780 1294.7
1176790 1294.7
1176800 1295.6
1176810 1298.6
1176820 1298.6
1176830 1300.3
1176840 1301.4
1176850 1301.4
1176860 1303.2
1176870 1305.9
1176880 1308.4
1176890 1308.4
1176900 1310.5
1176910 1312.0
1176920 1312.0
1176930 1312.5
1176940 1307.7
1176950 1307.7
1176960 1309.4
1176970 1311.0
1176980 1311.0
1176990 1311.8
1177000 1314.1
1177010 1314.1
1177020 1317.0
1177030 1320.1
1177040 1320.1
1177050 1324.0
1177060 1328.2
1177070 1328.2
1177080 1332.1
1177090 1335.4
1177100 1335.4
1177110 1338.5
1177120 1341.2
1177130 1341.2
1177140 1342.8
1177150 1343.5
1177160 1346.6
1177170 1346.6
1177180 1351.7
1177190 1356.0
1177200 1356.0
1177210 1359.6
1177220 1363.2
1177230 1363.2
1177240 1366.5
1177250 1369.3
1177260 1369.3
1177270 1372.1
1177280 1374.6
1177290 1374.6
1177300 1376.9
1177310 1379.1
1177320 1379.1
1177330 1381.1
1177340 1383.3
1177350 1379.2
1177360 1381.6
1177370 1383.7
1177380 1383.7
1177390 1385.8
1177400 1387.7
1177410 1387.7
1177420 1390.1
1177430 1391.4
1177440 1387.2
1177450 1387.2
1177460 1377.9
1177470 1370.4
1177480 1370.4
1177490 1369.0
1177500 1373.7
1177510 1373.7
1177520 1380.6
1177530 1386.5
1177540 1386.5
1177550 1391.6
1177560 1395.6
1177570 1395.6
1177580 1400.2
1177590 1404.4
1177600 1404.4
1177610 1406.9
1177620 1408.1
1177630 1408.1
1177640 1411.5
1177650 1416.2
1177660 1416.2
1177670 1420.8
1177680 1425.7
1177690 1425.7
1177700 1430.1
1177710 1434.3
1177720 1438.9
1177730 1438.9
1177740 1444.1
1177750 1449.1
1177760 1449.1
1177770 1448.5
1177780 1451.7
1177790 1451.7
1177800 1452.4
1177810 1451.1
1177820 1451.1
1177830 1450.9
1177840 1451.3
1177850 1451.3
1177860 1451.5
1177870 1452.1
1177880 1452.1
1177890 1453.1
1177900 1455.1
1177910 1455.1
1177920 1458.2
1177930 1460.6
1177940 1460.6
1177950 1461.8
1177960 1462.2
1177970 1462.2
1177980 1462.5
1177990 1463.8
1178000 1465.1
1178010 1465.1
1178020 1465.6
1178030 1464.2
1178040 1464.2
1178050 1462.5
1178060 1465.8
1178070 1465.8
1178080 1468.3
1178090 1470.2
1178100 1470.2
1178110 1474.2
1178120 1478.3
1178130 1478.3
1178140 1482.9
1178150 1488.7
1178160 1488.7
1178170 1492.9
1178180 1494.8
1178190 1490.0
1178200 1490.1
1178210 1491.5
1178220 1491.5
1178230 1493.9
1178240 1496.3
1178250 1496.3
1178260 1498.4
1178270 1500.3
1178280 1502.5
1178290 1502.5
1178300 1505.1
1178310 1507.9
1178320 1507.9
1178330 1511.4
1178340 1515.3
1178350 1515.3
1178360 1518.7
1178370 1521.3
1178380 1521.3
1178390 1523.5
1178400 1525.4
1178410 1525.4
1178420 1527.0
1178430 1528.1
1178440 1528.1
1178450 1528.8
1178460 1529.1
1178470 1529.1
1178480 1529.8
1178490 1530.6
1178500 1530.6
1178510 1531.8
1178520 1532.6
1178530 1532.6
1178540 1532.7
1178550 1532.1
1178560 1530.8
1178570 1530.8
1178580 1529.5
1178590 1528.4
1178600 1522.9
1178610 1522.1
1178620 1520.7
1178630 1520.7
1178640 1518.8
1178650 1516.6
1178660 1516.6
1178670 1513.4
1178680 1510.5
1178690 1510.5
1178700 1509.7
1178710 1509.7
1178720 1509.7
1178730 1509.5
1178740 1510.2
1178750 1510.2
1178760 1511.5
1178770 1513.5
1178780 1513.5
1178790 1514.0
1178800 1513.5
1178810 1513.5
1178820 1512.4
1178830 1511.0
1178840 1506.5
1178850 1506.5
1178860 1496.4
1178870 1487.8
1178880 1487.8
1178890 1481.1
1178900 1475.3
1178910 1475.3
1178920 1470.5
1178930 1467.1
1178940 1467.1
1178950 1468.0
1178960 1474.9
1178970 1474.9
1178980 1482.8
1178990 1490.6
1179000 1490.6
1179010 1496.6
1179020 1503.5
1179030 1503.5
1179040 1511.7
1179050 1518.8
1179060 1518.8
1179070 1525.1
1179080 1528.7
1179090 1528.7
1179100 1533.3
1179110 1538.1
1179120 1543.5
1179130 1543.5
1179140 1549.2
1179150 1553.5
1179160 1553.5
1179170 1555.9
1179180 1557.8
1179190 1557.8
1179200 1559.5
1179210 1561.1
1179220 1561.1
1179230 1563.3
1179240 1566.5
1179250 1566.5
1179260 1569.6
1179270 1572.1
1179280 1572.1
1179290 1573.8
1179300 1574.5
1179310 1574.5
1179320 1574.3
1179330 1573.8
1179340 1573.8
1179350 1573.7
1179360 1572.9
1179370 1572.9
1179380 1572.8
1179390 1573.5
1179400 1574.1
1179410 1574.1
1179420 1573.9
1179430 1572.8
1179440 1565.9
1179450 1566.1
1179460 1564.5
1179470 1564.5
1179480 1563.9
1179490 1564.0
1179500 1564.0
1179510 1563.6
1179520 1563.3
1179530 1563.3
1179540 1563.8
1179550 1564.0
1179560 1564.0
1179570 1564.4
1179580 1564.4
1179590 1564.4
1179600 1563.7
1179610 1564.2
1179620 1564.2
1179630 1566.0
1179640 1566.8
1179650 1566.8
1179660 1566.5
1179670 1565.1
1179680 1563.7
1179690 1563.7
1179700 1564.1
1179710 1569.4
1179720 1569.4
1179730 1576.1
1179740 1578.7
1179750 1578.7
1179760 1576.3
1179770 1579.0
1179780 1579.0
1179790 1580.9
1179800 1579.6
1179810 1579.6
1179820 1581.6
1179830 1581.4
1179840 1581.4
1179850 1588.5
1179860 1595.8
1179870 1595.8
1179880 1609.7
1179890 1620.4
1179900 1620.4
1179910 1626.1
1179920 1631.2
1179930 1631.2
1179940 1636.5
1179950 1641.9
1179960 1647.2
1179970 1647.2
1179980 1652.7
1179990 1658.5
