1160000 2133.9
1160010 2133.1
1160020 2133.1
1160030 2133.0
1160040 2133.5
1160050 2133.5
1160060 2134.4
1160070 2135.5
1160080 2135.5
1160090 2135.1
1160100 2133.4
1160110 2133.4
1160120 2131.5
1160130 2135.0
1160140 2135.0
1160150 2142.3
1160160 2147.4
1160170 2147.4
1160180 2154.5
1160190 2161.6
1160200 2161.6
1160210 2175.0
1160220 2175.9
1160230 2175.9
1160240 2175.7
1160250 2172.6
1160260 2172.6
1160270 2168.1
1160280 2162.4
1160290 2153.8
1160300 2153.8
1160310 2147.1
1160320 2138.4
1160330 2138.4
1160340 2134.0
1160350 2132.9
1160360 2132.9
1160370 2130.5
1160380 2129.9
1160390 2129.9
1160400 2131.2
1160410 2131.1
1160420 2131.1
1160430 2129.1
1160440 2126.1
1160450 2126.1
1160460 2123.4
1160470 2120.6
1160480 2120.6
1160490 2118.3
1160500 2119.9
1160510 2119.9
1160520 2121.7
1160530 2118.6
1160540 2118.6
1160550 2115.8
1160560 2113.2
1160570 2108.7
1160580 2108.7
1160590 2106.5
1160600 2112.4
1160610 2112.4
1160620 2110.6
1160630 2115.5
1160640 2115.5
1160650 2119.9
1160660 2130.3
1160670 2130.3
1160680 2139.5
1160690 2145.3
1160700 2145.3
1160710 2152.1
1160720 2157.4
1160730 2157.4
1160740 2156.3
1160750 2155.4
1160760 2155.4
1160770 2160.4
1160780 2172.8
1160790 2172.8
1160800 2178.8
1160810 2171.3
1160820 2171.3
1160830 2174.5
1160840 2188.0
1160850 2188.0
1160860 2191.3
1160870 2190.9
1160880 2189.4
1160890 2189.4
1160900 2190.3
1160910 2190.6
1160920 2190.6
1160930 2189.8
1160940 2192.6
1160950 2192.6
1160960 2193.2
1160970 2196.9
1160980 2196.9
1160990 2232.5
1161000 2232.3
1161010 2232.3
1161020 2230.3
1161030 2226.2
1161040 2226.2
1161050 2224.6
1161060 2231.8
1161070 2231.8
1161080 2241.5
1161090 2247.9
1161100 2247.9
1161110 2256.5
1161120 2273.7
1161130 2273.7
1161140 2300.2
1161150 2319.8
1161160 2343.4
1161170 2343.4
1161180 2363.0
1161190 2378.2
1161200 2378.2
1161210 2387.2
1161220 2391.6
1161230 2391.6
1161240 2387.5
1161250 2389.6
1161260 2389.6
1161270 2399.6
1161280 2407.4
1161290 2407.4
1161300 2416.2
1161310 2419.8
1161320 2419.8
1161330 2421.6
1161340 2427.3
1161350 2427.3
1161360 2431.6
1161370 2439.5
1161380 2439.5
1161390 2462.0
1161400 2473.6
1161410 2473.6
1161420 2479.2
1161430 2473.5
1161440 2469.9
1161450 2469.9
1161460 2466.1
1161470 2457.7
1161480 2457.7
1161490 2447.8
1161500 2441.7
1161510 2441.7
1161520 2434.7
1161530 2428.6
1161540 2428.6
1161550 2424.9
1161560 2420.5
1161570 2420.5
1161580 2414.8
1161590 2410.2
1161600 2410.2
1161610 2406.9
1161620 2401.3
1161630 2401.3
1161640 2391.8
1161650 2384.2
1161660 2384.2
1161670 2380.5
1161680 2378.3
1161690 2378.3
1161700 2377.4
1161710 2380.6
1161720 2381.0
1161730 2381.0
1161740 2375.7
1161750 2382.1
1161760 2382.1
1161770 2399.1
1161780 2415.0
1161790 2415.0
1161800 2416.6
1161810 2420.0
1161820 2420.0
1161830 2437.7
1161840 2447.4
1161850 2447.4
1161860 2444.7
1161870 2458.5
1161880 2458.5
1161890 2464.8
1161900 2463.5
1161910 2463.5
1161920 2464.0
1161930 2474.5
1161940 2474.5
1161950 2475.3
1161960 2473.8
1161970 2473.8
1161980 2459.8
1161990 2449.8
1162000 2442.1
1162010 2442.1
1162020 2436.9
1162030 2436.0
1162040 2436.0
1162050 2431.2
1162060 2429.8
1162070 2429.8
1162080 2434.0
1162090 2435.4
1162100 2435.4
1162110 2431.5
1162120 2430.1
1162130 2430.1
1162140 2431.1
1162150 2434.2
1162160 2434.2
1162170 2442.3
1162180 2451.2
1162190 2451.2
1162200 2442.6
1162210 2435.9
1162220 2435.9
1162230 2432.9
1162240 2431.3
1162250 2431.3
1162260 2432.0
1162270 2435.1
1162280 2434.9
1162290 2434.9
1162300 2432.7
1162310 2430.5
1162320 2430.5
1162330 2429.7
1162340 2430.3
1162350 2430.3
1162360 2431.0
1162370 2429.6
1162380 2429.6
1162390 2429.8
1162400 2429.7
1162410 2429.7
1162420 2431.7
1162430 2435.1
1162440 2435.1
1162450 2438.9
1162460 2452.5
1162470 2452.5
1162480 2463.6
1162490 2464.6
1162500 2464.6
1162510 2464.3
1162520 2459.6
1162530 2459.6
1162540 2455.3
1162550 2455.7
1162560 2455.7
1162570 2468.3
1162580 2467.4
1162590 2468.0
1162600 2468.0
1162610 2469.9
1162620 2472.0
1162630 2472.0
1162640 2481.2
1162650 2484.1
1162660 2484.1
1162670 2478.3
1162680 2476.8
1162690 2476.8
1162700 2473.2
1162710 2468.4
1162720 2468.4
1162730 2461.4
1162740 2447.3
1162750 2447.3
1162760 2436.5
1162770 2426.5
1162780 2426.5
1162790 2417.1
1162800 2406.3
1162810 2406.3
1162820 2395.2
1162830 2385.6
1162840 2385.6
1162850 2381.1
1162860 2383.3
1162870 2382.3
1162880 2382.3
1162890 2379.1
1162900 2378.5
1162910 2378.5
1162920 2387.8
1162930 2398.5
1162940 2398.5
1162950 2402.6
1162960 2403.7
1162970 2389.9
1162980 2389.9
1162990 2403.9
1163000 2403.9
1163010 2422.6
1163020 2455.9
1163030 2455.9
1163040 2475.4
1163050 2478.1
1163060 2478.1
1163070 2476.7
1163080 2472.1
1163090 2472.1
1163100 2468.5
1163110 2466.3
1163120 2466.3
1163130 2471.3
1163140 2478.8
1163150 2494.2
1163160 2494.2
1163170 2492.8
1163180 2487.2
1163190 2487.2
1163200 2482.2
1163210 2475.5
1163220 2475.5
1163230 2453.4
1163240 2419.9
1163250 2419.9
1163260 2400.6
1163270 2384.1
1163280 2384.1
1163290 2370.0
1163300 2356.7
1163310 2356.7
1163320 2347.6
1163330 2338.7
1163340 2338.7
1163350 2327.5
1163360 2312.7
1163370 2312.0
1163380 2298.4
1163390 2282.6
1163400 2282.6
1163410 2268.0
1163420 2260.2
1163430 2254.3
1163440 2254.3
1163450 2247.8
1163460 2240.9
1163470 2240.9
1163480 2234.1
1163490 2230.7
1163500 2230.7
1163510 2229.4
1163520 2228.6
1163530 2228.6
1163540 2228.2
1163550 2228.3
1163560 2228.3
1163570 2228.9
1163580 2232.8
1163590 2232.8
1163600 2236.8
1163610 2240.0
1163620 2240.0
1163630 2243.5
1163640 2245.7
1163650 2245.7
1163660 2248.0
1163670 2250.6
1163680 2250.6
1163690 2253.8
1163700 2257.1
1163710 2259.9
1163720 2259.9
1163730 2263.1
1163740 2266.1
1163750 2266.1
1163760 2262.3
1163770 2265.8
1163780 2265.8
1163790 2268.9
1163800 2271.4
1163810 2271.4
1163820 2274.4
1163830 2278.3
1163840 2278.3
1163850 2282.1
1163860 2285.5
1163870 2285.5
1163880 2288.5
1163890 2291.0
1163900 2291.0
1163910 2292.4
1163920 2293.8
1163930 2293.8
1163940 2296.7
1163950 2301.7
1163960 2301.7
1163970 2308.3
1163980 2316.4
1163990 2316.4
1164000 2340.1
1164010 2370.4
1164020 2382.0
1164030 2382.0
1164040 2389.6
1164050 2386.8
1164060 2386.8
1164070 2373.9
1164080 2356.9
1164090 2356.9
1164100 2338.7
1164110 2323.4
1164120 2323.4
1164130 2289.8
1164140 2264.7
1164150 2264.7
1164160 2263.4
1164170 2258.0
1164180 2258.0
1164190 2252.4
1164200 2246.7
1164210 2246.7
1164220 2241.2
1164230 2235.5
1164240 2235.5
1164250 2229.5
1164260 2223.7
1164270 2223.7
1164280 2218.4
1164290 2213.7
1164300 2210.1
1164310 2210.1
1164320 2206.9
1164330 2204.3
1164340 2204.3
1164350 2202.9
1164360 2202.5
1164370 2202.5
1164380 2201.5
1164390 2201.0
1164400 2201.0
1164410 2200.7
1164420 2201.4
1164430 2201.4
1164440 2201.9
1164450 2202.9
1164460 2202.9
1164470 2204.1
1164480 2205.4
1164490 2205.4
1164500 2206.7
1164510 2204.7
1164520 2204.7
1164530 2203.8
1164540 2203.8
1164550 2203.8
1164560 2200.6
1164570 2198.6
1164580 2196.9
1164590 2196.9
1164600 2194.9
1164610 2189.4
1164620 2189.4
1164630 2186.6
1164640 2189.7
1164650 2189.7
1164660 2187.2
1164670 2184.2
1164680 2184.2
1164690 2181.4
1164700 2179.4
1164710 2179.4
1164720 2175.7
1164730 2172.4
1164740 2172.4
1164750 2168.2
1164760 2163.4
1164770 2163.4
1164780 2159.5
1164790 2155.5
1164800 2155.5
1164810 2151.8
1164820 2148.8
1164830 2148.8
1164840 2146.0
1164850 2143.1
1164860 2140.0
1164870 2140.0
1164880 2135.9
1164890 2129.9
1164900 2129.9
1164910 2123.3
1164920 2117.1
1164930 2117.1
1164940 2110.8
1164950 2104.8
1164960 2101.5
1164970 2095.8
1164980 2092.2
1164990 2092.2
1165000 2090.9
1165010 2090.5
1165020 2090.5
1165030 2089.9
1165040 2087.8
1165050 2087.8
1165060 2087.0
1165070 2086.3
1165080 2086.3
1165090 2086.6
1165100 2086.3
1165110 2086.3
1165120 2085.2
1165130 2085.2
1165140 2087.4
1165150 2087.4
1165160 2090.4
1165170 2094.1
1165180 2094.1
1165190 2097.9
1165200 2101.2
1165210 2101.2
1165220 2105.2
1165230 2108.9
1165240 2108.9
1165250 2111.7
1165260 2114.5
1165270 2114.5
1165280 2117.9
1165290 2123.8
1165300 2123.8
1165310 2129.1
1165320 2133.8
1165330 2133.8
1165340 2137.8
1165350 2141.7
1165360 2137.0
1165370 2139.9
1165380 2142.3
1165390 2142.3
1165400 2145.7
1165410 2149.8
1165420 2149.8
1165430 2153.7
1165440 2156.0
1165450 2155.6
1165460 2155.6
1165470 2154.2
1165480 2153.7
1165490 2153.7
1165500 2148.6
1165510 2142.5
1165520 2142.5
1165530 2139.4
1165540 2133.6
1165550 2133.6
1165560 2128.0
1165570 2125.6
1165580 2125.6
1165590 2124.0
1165600 2121.5
1165610 2121.5
1165620 2118.1
1165630 2113.6
1165640 2113.6
1165650 2109.1
1165660 2104.6
1165670 2104.6
1165680 2100.6
1165690 2097.6
1165700 2097.6
1165710 2096.0
1165720 2094.1
1165730 2091.5
1165740 2091.5
1165750 2089.1
1165760 2081.9
1165770 2081.9
1165780 2080.3
1165790 2078.5
1165800 2078.5
1165810 2076.8
1165820 2075.8
1165830 2075.8
1165840 2072.9
1165850 2070.5
1165860 2070.5
1165870 2068.3
1165880 2066.2
1165890 2066.2
1165900 2064.2
1165910 2060.7
1165920 2060.7
1165930 2057.1
1165940 2055.6
1165950 2055.6
1165960 2053.9
1165970 2052.8
1165980 2052.8
1165990 2053.6
1166000 2054.7
1166010 2057.1
1166020 2057.1
1166030 2060.3
1166040 2063.4
1166050 2063.4
1166060 2065.4
1166070 2067.3
1166080 2067.3
1166090 2071.6
1166100 2075.3
1166110 2075.3
1166120 2079.8
1166130 2086.1
1166140 2086.1
1166150 2093.3
1166160 2087.2
1166170 2087.2
1166180 2096.6
1166190 2099.3
1166200 2099.3
1166210 2102.1
1166220 2104.3
1166230 2104.3
1166240 2106.2
1166250 2104.7
1166260 2104.7
1166270 2107.6
1166280 2112.3
1166290 2116.0
1166300 2116.0
1166310 2117.2
1166320 2116.5
1166330 2116.5
1166340 2116.7
1166350 2118.4
1166360 2118.4
1166370 2118.3
1166380 2116.5
1166390 2116.5
1166400 2115.2
1166410 2112.1
1166420 2112.1
1166430 2106.7
1166440 2101.0
1166450 2101.0
1166460 2094.2
1166470 2086.7
1166480 2086.7
1166490 2077.5
1166500 2068.7
1166510 2068.7
1166520 2057.0
1166530 2048.2
1166540 2048.2
1166550 2042.3
1166560 2040.0
1166570 2031.0
1166580 2031.0
1166590 2022.5
1166600 2015.0
1166610 2015.0
1166620 2006.9
1166630 1999.5
1166640 1999.5
1166650 1994.8
1166660 1990.5
1166670 1990.5
1166680 1985.7
1166690 1980.1
1166700 1980.1
1166710 1976.0
1166720 1972.0
1166730 1972.0
1166740 1965.7
1166750 1961.3
1166760 1961.3
1166770 1958.5
1166780 1958.1
1166790 1958.1
1166800 1958.9
1166810 1961.2
1166820 1961.2
1166830 1961.4
1166840 1960.1
1166850 1960.1
1166860 1960.1
1166870 1963.1
1166880 1965.8
1166890 1965.8
1166900 1967.8
1166910 1968.3
1166920 1968.3
1166930 1968.4
1166940 1967.0
1166950 1967.0
1166960 1972.2
1166970 1977.9
1166980 1977.9
1166990 1980.5
1167000 1981.1
1167010 1981.1
1167020 1977.4
1167030 1973.3
1167040 1973.3
1167050 1971.5
1167060 1970.3
1167070 1970.3
1167080 1969.2
1167090 1968.0
1167100 1968.0
1167110 1963.8
1167120 1958.4
1167130 1958.4
1167140 1952.7
1167150 1947.6
1167160 1943.0
1167170 1943.0
1167180 1937.7
1167190 1932.0
1167200 1932.0
1167210 1926.5
1167220 1921.4
1167230 1921.4
1167240 1915.2
1167250 1907.3
1167260 1907.3
1167270 1901.6
1167280 1899.5
1167290 1899.5
1167300 1896.8
1167310 1892.3
1167320 1892.3
1167330 1886.3
1167340 1880.6
1167350 1880.6
1167360 1874.8
1167370 1869.0
1167380 1869.0
1167390 1860.9
1167400 1848.7
1167410 1848.7
1167420 1838.8
1167430 1830.9
1167440 1819.8
1167450 1819.8
1167460 1804.5
1167470 1793.0
1167480 1793.0
1167490 1786.1
1167500 1778.3
1167510 1778.3
1167520 1769.0
1167530 1760.1
1167540 1760.1
1167550 1746.0
1167560 1730.5
1167570 1730.5
1167580 1713.2
1167590 1699.5
1167600 1699.5
1167610 1688.4
1167620 1681.2
1167630 1681.2
1167640 1674.7
1167650 1668.1
1167660 1668.1
1167670 1661.3
1167680 1654.3
1167690 1654.3
1167700 1648.3
1167710 1642.9
1167720 1638.1
1167730 1638.1
1167740 1633.7
1167750 1629.5
1167760 1628.2
1167770 1624.4
1167780 1619.5
1167790 1619.5
1167800 1615.3
1167810 1614.3
1167820 1614.3
1167830 1613.6
1167840 1612.8
1167850 1612.8
1167860 1613.2
1167870 1613.6
1167880 1613.6
1167890 1613.7
1167900 1613.5
1167910 1613.5
1167920 1614.1
1167930 1615.6
1167940 1615.6
1167950 1616.1
1167960 1619.2
1167970 1619.2
1167980 1624.9
1167990 1633.8
1168000 1640.0
1168010 1640.0
1168020 1646.8
1168030 1654.0
1168040 1654.0
1168050 1657.3
1168060 1665.7
1168070 1665.7
1168080 1673.0
1168090 1674.7
1168100 1674.7
1168110 1671.5
1168120 1665.9
1168130 1665.9
1168140 1660.6
1168150 1655.2
1168160 1655.2
1168170 1643.3
1168180 1637.3
1168190 1637.3
1168200 1633.1
1168210 1630.7
1168220 1630.7
1168230 1630.1
1168240 1629.2
1168250 1629.2
1168260 1626.0
1168270 1623.0
1168280 1623.1
1168290 1623.1
1168300 1622.5
1168310 1622.9
1168320 1622.9
1168330 1620.2
1168340 1616.9
1168350 1616.9
1168360 1614.0
1168370 1605.3
1168380 1605.3
1168390 1600.5
1168400 1602.8
1168410 1602.8
1168420 1603.1
1168430 1601.0
1168440 1601.0
1168450 1598.7
1168460 1593.5
1168470 1593.5
1168480 1586.5
1168490 1579.9
1168500 1579.9
1168510 1574.4
1168520 1569.1
1168530 1569.1
1168540 1565.3
1168550 1558.5
1168560 1548.4
1168570 1537.5
1168580 1529.9
1168590 1522.4
1168600 1522.4
1168610 1515.8
1168620 1509.0
1168630 1509.0
1168640 1501.8
1168650 1494.3
1168660 1494.3
1168670 1486.8
1168680 1478.6
1168690 1478.6
1168700 1471.4
1168710 1463.3
1168720 1463.3
1168730 1454.1
1168740 1445.6
1168750 1445.6
1168760 1437.9
1168770 1431.2
1168780 1431.2
1168790 1424.6
1168800 1416.2
1168810 1416.2
1168820 1409.3
1168830 1402.8
1168840 1402.8
1168850 1397.6
1168860 1394.4
1168870 1391.5
1168880 1391.5
1168890 1388.2
1168900 1385.8
1168910 1385.8
1168920 1384.7
1168930 1383.4
1168940 1383.4
1168950 1381.7
1168960 1379.9
1168970 1380.8
1168980 1379.4
1168990 1378.8
1169000 1378.8
1169010 1378.6
1169020 1377.9
1169030 1377.9
1169040 1377.9
1169050 1376.6
1169060 1376.6
1169070 1375.0
1169080 1373.2
1169090 1373.2
1169100 1371.2
1169110 1368.1
1169120 1368.1
1169130 1362.9
1169140 1356.3
1169150 1350.5
1169160 1350.5
1169170 1344.9
1169180 1338.9
1169190 1338.9
1169200 1331.1
1169210 1324.3
1169220 1324.3
1169230 1319.8
1169240 1316.4
1169250 1316.4
1169260 1314.5
1169270 1313.6
1169280 1313.6
1169290 1314.1
1169300 1315.7
1169310 1315.7
1169320 1317.7
1169330 1317.3
1169340 1317.3
1169350 1313.5
1169360 1309.1
1169370 1309.1
1169380 1307.6
1169390 1304.6
1169400 1304.6
1169410 1302.0
1169420 1298.0
1169430 1293.1
1169440 1293.1
1169450 1287.0
1169460 1283.4
1169470 1283.4
1169480 1282.4
1169490 1280.2
1169500 1280.2
1169510 1277.0
1169520 1273.5
1169530 1273.5
1169540 1269.9
1169550 1266.5
1169560 1266.5
1169570 1263.5
1169580 1261.0
1169590 1261.0
1169600 1258.4
1169610 1255.5
1169620 1255.5
1169630 1250.5
1169640 1244.0
1169650 1244.0
1169660 1237.8
1169670 1232.1
1169680 1232.1
1169690 1227.0
1169700 1222.4
1169710 1217.8
1169720 1217.8
1169730 1213.0
1169740 1208.0
1169750 1208.0
1169760 1204.0
1169770 1200.4
1169780 1203.8
1169790 1199.9
1169800 1196.8
1169810 1196.8
1169820 1193.9
1169830 1189.9
1169840 1189.9
1169850 1184.3
1169860 1179.8
1169870 1179.8
1169880 1175.5
1169890 1171.9
1169900 1171.9
1169910 1169.2
1169920 1166.1
1169930 1166.1
1169940 1162.2
1169950 1154.4
1169960 1154.4
1169970 1146.0
1169980 1146.5
1169990 1152.6
1170000 1152.6
1170010 1151.0
1170020 1149.2
1170030 1149.2
1170040 1147.6
1170050 1146.9
1170060 1146.9
1170070 1145.6
1170080 1144.3
1170090 1144.3
1170100 1141.4
1170110 1136.5
1170120 1136.5
1170130 1132.2
1170140 1127.9
1170150 1127.9
1170160 1123.7
1170170 1118.7
1170180 1118.7
1170190 1109.2
1170200 1102.6
1170210 1102.6
1170220 1095.8
1170230 1091.5
1170240 1091.5
1170250 1090.1
1170260 1088.6
1170270 1085.2
1170280 1085.2
1170290 1084.2
1170300 1083.1
1170310 1083.1
1170320 1082.4
1170330 1082.0
1170340 1082.0
1170350 1077.3
1170360 1071.4
1170370 1071.4
1170380 1067.1
1170390 1057.0
1170400 1057.0
1170410 1053.9
1170420 1049.1
1170430 1049.1
1170440 1050.3
1170450 1058.5
1170460 1058.5
1170470 1057.6
1170480 1054.9
1170490 1054.9
1170500 1053.7
1170510 1052.0
1170520 1052.0
1170530 1050.2
1170540 1048.0
1170550 1048.0
1170560 1045.7
1170570 1042.7
1170580 1036.5
1170590 1031.6
1170600 1022.8
1170610 1018.2
1170620 1018.2
1170630 1016.6
1170640 1015.1
1170650 1015.1
1170660 1015.3
1170670 1021.1
1170680 1021.1
1170690 1023.2
1170700 1025.2
1170710 1025.2
1170720 1025.2
1170730 1023.3
1170740 1023.3
1170750 1020.0
1170760 1015.5
1170770 1015.5
1170780 1012.2
1170790 1011.0
1170800 1011.0
1170810 1009.2
1170820 1007.3
1170830 1007.3
1170840 1007.7
1170850 1009.3
1170860 1010.6
1170870 1010.6
1170880 1011.8
1170890 1012.1
1170900 1012.1
1170910 1011.8
1170920 1011.7
1170930 1011.7
1170940 1010.9
1170950 1005.4
1170960 1005.4
1170970 997.6
1170980 992.5
1170990 992.5
1171000 986.4
1171010 982.1
1171020 982.1
1171030 981.0
1171040 981.0
1171050 981.0
1171060 981.0
1171070 981.1
1171080 981.1
1171090 981.2
1171100 980.9
1171110 980.9
1171120 980.6
1171130 980.3
1171140 980.0
1171150 980.0
1171160 979.8
1171170 979.5
1171180 979.5
1171190 979.2
1171200 978.9
1171210 978.9
1171220 979.0
1171230 978.7
1171240 978.7
1171250 978.6
1171260 978.7
1171270 978.7
1171280 978.4
1171290 977.6
1171300 977.6
1171310 977.2
1171320 977.4
1171330 977.4
1171340 977.7
1171350 977.6
1171360 977.6
1171370 977.2
1171380 977.1
1171390 977.1
1171400 977.2
1171410 977.5
1171420 977.7
1171430 977.7
1171440 977.9
1171450 978.0
1171460 978.0
1171470 978.0
1171480 977.6
1171490 977.6
1171500 978.0
1171510 978.4
1171520 978.4
1171530 978.2
1171540 978.2
1171550 978.2
1171560 978.0
1171570 977.9
1171580 977.9
1171590 977.9
1171600 978.0
1171610 978.0
1171620 978.3
1171630 977.7
1171640 977.7
1171650 977.5
1171660 977.5
1171670 977.5
1171680 977.5
1171690 977.3
1171700 977.2
1171710 977.2
1171720 977.3
1171730 976.9
1171740 976.9
1171750 976.5
1171760 977.1
1171770 977.1
1171780 982.4
1171790 989.9
1171800 989.9
1171810 994.0
1171820 994.8
1171830 994.8
1171840 994.9
1171850 995.0
1171860 995.0
1171870 995.1
1171880 995.3
1171890 995.3
1171900 995.5
1171910 995.8
1171920 995.8
1171930 996.3
1171940 996.4
1171950 996.4
1171960 995.4
1171970 994.1
1171980 992.9
1171990 992.9
1172000 991.6
1172010 991.3
1172020 991.3
1172030 991.1
1172040 991.3
1172050 991.3
1172060 991.4
1172070 991.4
1172080 991.4
1172090 990.8
1172100 989.0
1172110 989.0
1172120 988.0
1172130 988.2
1172140 988.2
1172150 988.1
1172160 987.3
1172170 987.3
1172180 986.1
1172190 985.6
1172200 985.6
1172210 984.8
1172220 984.6
1172230 984.6
1172240 984.9
1172250 985.8
1172260 985.8
1172270 986.2
1172280 986.7
1172290 987.0
1172300 987.0
1172310 987.8
1172320 991.1
1172330 991.1
1172340 996.9
1172350 999.1
1172360 999.1
1172370 999.5
1172380 999.1
1172390 999.1
1172400 998.6
1172410 998.2
1172420 998.2
1172430 998.0
1172440 998.0
1172450 998.0
1172460 998.2
1172470 998.0
1172480 998.0
1172490 997.3
1172500 998.3
1172510 998.3
1172520 1001.8
1172530 1006.4
1172540 1006.4
1172550 1011.5
1172560 1016.6
1172570 1021.6
1172580 1021.6
1172590 1026.8
1172600 1031.9
1172610 1031.9
1172620 1037.5
1172630 1048.9
1172640 1048.9
1172650 1056.1
1172660 1063.6
1172670 1063.6
1172680 1080.2
1172690 1092.4
1172700 1092.4
1172710 1097.5
1172720 1099.5
1172730 1099.5
1172740 1102.8
1172750 1107.0
1172760 1107.0
1172770 1111.8
1172780 1125.5
1172790 1125.5
1172800 1134.1
1172810 1140.7
1172820 1140.7
1172830 1146.1
1172840 1151.1
1172850 1156.4
1172860 1156.4
1172870 1161.6
1172880 1166.4
1172890 1166.4
1172900 1171.7
1172910 1178.9
1172920 1178.9
1172930 1186.8
1172940 1193.6
1172950 1193.6
1172960 1200.4
1172970 1208.4
1172980 1208.4
1172990 1214.9
1173000 1220.4
1173010 1220.4
1173020 1223.8
1173030 1233.7
1173040 1233.7
1173050 1238.9
1173060 1246.1
1173070 1246.1
1173080 1253.9
1173090 1260.8
1173100 1260.8
1173110 1266.8
1173120 1270.9
1173130 1274.9
1173140 1274.9
1173150 1278.7
1173160 1282.7
1173170 1282.7
1173180 1287.9
1173190 1293.3
1173200 1293.3
1173210 1298.9
1173220 1303.3
1173230 1303.3
1173240 1306.7
1173250 1309.8
1173260 1309.8
1173270 1312.4
1173280 1314.9
1173290 1314.9
1173300 1317.8
1173310 1320.2
1173320 1320.2
1173330 1322.8
1173340 1325.4
1173350 1325.4
1173360 1327.8
1173370 1330.6
1173380 1330.6
1173390 1333.7
1173400 1337.3
1173410 1341.6
1173420 1341.6
1173430 1344.9
1173440 1352.7
1173450 1352.7
1173460 1355.7
1173470 1359.8
1173480 1359.8
1173490 1363.7
1173500 1367.3
1173510 1367.3
1173520 1371.1
1173530 1374.7
1173540 1374.7
1173550 1378.7
1173560 1383.3
1173570 1383.3
1173580 1387.8
1173590 1391.9
1173600 1391.9
1173610 1395.5
1173620 1398.9
1173630 1398.9
1173640 1403.0
1173650 1408.1
1173660 1408.1
1173670 1412.2
1173680 1414.2
1173690 1416.0
1173700 1416.0
1173710 1417.5
1173720 1419.2
1173730 1419.2
1173740 1421.1
1173750 1424.8
1173760 1424.8
1173770 1428.2
1173780 1433.2
1173790 1433.2
1173800 1440.9
1173810 1448.3
1173820 1448.3
1173830 1453.0
1173840 1457.6
1173850 1465.7
1173860 1470.8
1173870 1475.7
1173880 1475.7
1173890 1480.2
1173900 1485.7
1173910 1485.7
1173920 1491.8
1173930 1497.7
1173940 1497.7
1173950 1503.3
1173960 1508.9
1173970 1508.9
1173980 1515.1
1173990 1521.5
1174000 1527.6
1174010 1527.6
1174020 1533.2
1174030 1538.2
1174040 1538.2
1174050 1543.3
1174060 1548.4
1174070 1548.4
1174080 1554.1
1174090 1559.8
1174100 1559.8
1174110 1565.4
1174120 1572.8
1174130 1572.8
1174140 1583.3
1174150 1591.6
1174160 1591.6
1174170 1596.9
1174180 1602.8
1174190 1602.8
1174200 1608.8
1174210 1615.6
1174220 1615.6
1174230 1621.1
1174240 1625.0
1174250 1625.0
1174260 1636.9
1174270 1641.0
1174280 1644.4
1174290 1644.4
1174300 1647.4
1174310 1650.6
1174320 1650.6
1174330 1656.0
1174340 1662.3
1174350 1662.3
1174360 1667.6
1174370 1671.8
1174380 1671.8
1174390 1675.9
1174400 1680.9
1174410 1680.9
1174420 1686.8
1174430 1692.4
1174440 1692.4
1174450 1697.8
1174460 1702.3
1174470 1702.3
1174480 1706.7
1174490 1712.1
1174500 1712.1
1174510 1717.5
1174520 1723.2
1174530 1723.2
1174540 1729.6
1174550 1735.8
1174560 1741.8
1174570 1741.8
1174580 1747.8
1174590 1753.3
1174600 1753.3
1174610 1759.1
1174620 1766.6
1174630 1766.6
1174640 1774.5
1174650 1781.8
1174660 1781.8
1174670 1792.1
1174680 1800.6
1174690 1800.6
1174700 1809.5
1174710 1814.4
1174720 1814.4
1174730 1818.2
1174740 1822.0
1174750 1822.0
1174760 1824.9
1174770 1828.0
1174780 1828.0
1174790 1830.1
1174800 1831.6
1174810 1831.6
1174820 1833.8
1174830 1836.5
1174840 1839.9
1174850 1839.9
1174860 1844.2
1174870 1848.3
1174880 1848.3
1174890 1851.4
1174900 1851.1
1174910 1851.1
1174920 1849.6
1174930 1846.3
1174940 1846.3
1174950 1844.0
1174960 1844.7
1174970 1844.7
1174980 1848.0
1174990 1853.5
1175000 1853.5
1175010 1858.5
1175020 1861.6
1175030 1861.6
1175040 1863.8
1175050 1866.3
1175060 1866.3
1175070 1870.0
1175080 1874.4
1175090 1877.1
1175100 1882.3
1175110 1887.9
1175120 1894.7
1175130 1894.7
1175140 1901.2
1175150 1908.0
1175160 1908.0
1175170 1915.5
1175180 1923.5
1175190 1923.5
1175200 1928.8
1175210 1932.6
1175220 1932.6
1175230 1937.4
1175240 1942.2
1175250 1942.2
1175260 1947.8
1175270 1952.7
1175280 1952.7
1175290 1957.4
1175300 1962.7
1175310 1962.7
1175320 1968.1
1175330 1970.7
1175340 1970.7
1175350 1974.4
1175360 1979.6
1175370 1979.6
1175380 1987.4
1175390 1996.1
1175400 2003.9
1175410 2003.9
1175420 2011.0
1175430 2018.6
1175440 2018.6
1175450 2028.0
1175460 2041.7
1175470 2041.7
1175480 2055.7
1175490 2071.1
1175500 2074.9
1175510 2088.0
1175520 2099.2
1175530 2099.2
1175540 2110.0
1175550 2117.6
1175560 2117.6
1175570 2119.9
1175580 2120.7
1175590 2120.7
1175600 2133.0
1175610 2148.1
1175620 2148.1
1175630 2159.4
1175640 2171.7
1175650 2171.7
1175660 2182.9
1175670 2193.6
1175680 2193.6
1175690 2204.2
1175700 2216.5
1175710 2229.1
1175720 2229.1
1175730 2241.1
1175740 2252.5
1175750 2252.5
1175760 2262.9
1175770 2268.0
1175780 2268.0
1175790 2270.6
1175800 2277.8
1175810 2277.8
1175820 2281.0
1175830 2275.7
1175840 2275.7
1175850 2276.0
1175860 2285.1
1175870 2285.1
1175880 2295.1
1175890 2308.2
1175900 2308.2
1175910 2327.4
1175920 2332.6
1175930 2332.6
1175940 2327.3
1175950 2318.9
1175960 2318.9
1175970 2310.2
1175980 2302.0
1175990 2297.8
1176000 2297.8
1176010 2296.8
1176020 2287.3
1176030 2287.3
1176040 2276.8
1176050 2269.3
1176060 2269.3
1176070 2266.5
1176080 2265.7
1176090 2265.7
1176100 2259.4
1176110 2248.2
1176120 2248.2
1176130 2236.0
1176140 2225.2
1176150 2225.2
1176160 2216.1
1176170 2211.6
1176180 2211.6
1176190 2208.6
1176200 2211.1
1176210 2211.1
1176220 2219.7
1176230 2228.1
1176240 2228.1
1176250 2224.5
1176260 2216.4
1176270 2199.6
1176280 2199.6
1176290 2176.5
1176300 2151.5
1176310 2151.5
1176320 2140.8
1176330 2121.3
1176340 2121.3
1176350 2116.9
1176360 2111.9
1176370 2111.9
1176380 2104.7
1176390 2103.8
1176400 2103.8
1176410 2105.3
1176420 2106.5
1176430 2106.5
1176440 2105.0
1176450 2104.4
1176460 2104.4
1176470 2103.7
1176480 2089.7
1176490 2089.7
1176500 2078.6
1176510 2077.5
1176520 2077.5
1176530 2078.1
1176540 2076.0
1176550 2074.2
1176560 2074.2
1176570 2073.7
1176580 2077.0
1176590 2077.0
1176600 2082.5
1176610 2086.8
1176620 2086.8
1176630 2092.7
1176640 2098.0
1176650 2098.0
1176660 2097.9
1176670 2094.9
1176680 2094.9
1176690 2096.8
1176700 2099.7
1176710 2099.7
1176720 2101.1
1176730 2103.8
1176740 2095.5
1176750 2098.8
1176760 2096.1
1176770 2096.1
1176780 2083.1
1176790 2074.6
1176800 2074.6
1176810 2061.8
1176820 2057.0
1176830 2063.3
1176840 2063.3
1176850 2072.4
1176860 2080.7
1176870 2080.7
1176880 2084.7
1176890 2087.3
1176900 2087.3
1176910 2090.3
1176920 2093.2
1176930 2093.2
1176940 2094.6
1176950 2096.5
1176960 2096.5
1176970 2095.0
1176980 2098.9
1176990 2098.9
1177000 2105.2
1177010 2110.2
1177020 2110.2
1177030 2116.1
1177040 2120.4
1177050 2120.4
1177060 2123.7
1177070 2126.5
1177080 2126.5
1177090 2130.2
1177100 2131.0
1177110 2131.4
1177120 2131.4
1177130 2135.0
1177140 2143.2
1177150 2141.1
1177160 2148.8
1177170 2156.6
1177180 2156.6
1177190 2164.6
1177200 2172.5
1177210 2172.5
1177220 2181.2
1177230 2189.6
1177240 2189.6
1177250 2196.7
1177260 2203.4
1177270 2203.4
1177280 2211.4
1177290 2219.5
1177300 2219.5
1177310 2227.4
1177320 2234.9
1177330 2234.9
1177340 2242.9
1177350 2249.0
1177360 2249.0
1177370 2249.8
1177380 2247.0
1177390 2245.8
1177400 2245.8
1177410 2246.3
1177420 2246.3
1177430 2246.3
1177440 2247.1
1177450 2258.2
1177460 2258.2
1177470 2268.4
1177480 2272.3
1177490 2272.3
1177500 2273.2
1177510 2273.2
1177520 2273.2
1177530 2271.3
1177540 2272.5
1177550 2272.5
1177560 2272.5
1177570 2258.7
1177580 2258.7
1177590 2253.7
1177600 2249.8
1177610 2249.8
1177620 2245.4
1177630 2240.2
1177640 2240.2
1177650 2235.4
1177660 2234.9
1177670 2234.9
1177680 2236.6
1177690 2237.6
1177700 2239.6
1177710 2239.6
1177720 2241.4
1177730 2242.5
1177740 2242.5
1177750 2241.9
1177760 2238.6
1177770 2238.6
1177780 2242.3
1177790 2247.8
1177800 2247.8
1177810 2251.6
1177820 2255.2
1177830 2255.2
1177840 2259.3
1177850 2264.1
1177860 2264.1
1177870 2268.9
1177880 2270.4
1177890 2270.4
1177900 2271.2
1177910 2271.2
1177920 2271.2
1177930 2271.0
1177940 2271.3
1177950 2271.3
1177960 2272.3
1177970 2273.5
1177980 2266.0
1177990 2266.0
1178000 2266.8
1178010 2269.6
1178020 2269.6
1178030 2271.8
1178040 2274.2
1178050 2274.2
1178060 2277.8
1178070 2282.0
1178080 2282.0
1178090 2287.1
1178100 2292.8
1178110 2292.8
1178120 2298.0
1178130 2303.1
1178140 2303.1
1178150 2307.8
1178160 2312.2
1178170 2312.2
1178180 2316.0
1178190 2317.3
1178200 2317.3
1178210 2313.1
1178220 2308.6
1178230 2308.6
1178240 2304.3
1178250 2300.9
1178260 2298.5
1178270 2298.5
1178280 2296.7
1178290 2295.1
1178300 2295.1
1178310 2290.8
1178320 2282.2
1178330 2282.2
1178340 2274.2
1178350 2269.9
1178360 2269.9
1178370 2267.5
1178380 2265.2
1178390 2265.2
1178400 2253.2
1178410 2249.5
1178420 2249.5
1178430 2245.4
1178440 2242.3
1178450 2242.3
1178460 2239.2
1178470 2236.1
1178480 2236.1
1178490 2233.0
1178500 2229.7
1178510 2229.7
1178520 2226.5
1178530 2223.3
1178540 2219.2
1178550 2219.2
1178560 2211.8
1178570 2203.3
1178580 2203.3
1178590 2197.9
1178600 2195.1
1178610 2195.1
1178620 2190.9
1178630 2183.2
1178640 2183.2
1178650 2178.2
1178660 2175.9
1178670 2175.9
1178680 2169.0
1178690 2161.2
1178700 2161.2
1178710 2154.2
1178720 2149.6
1178730 2149.6
1178740 2146.9
1178750 2143.6
1178760 2143.6
1178770 2138.0
1178780 2133.1
1178790 2133.1
1178800 2130.2
1178810 2116.0
1178820 2109.8
1178830 2109.8
1178840 2103.1
1178850 2100.6
1178860 2100.6
1178870 2098.0
1178880 2095.8
1178890 2095.8
1178900 2094.1
1178910 2091.9
1178920 2091.9
1178930 2090.9
1178940 2090.9
1178950 2090.9
1178960 2090.2
1178970 2089.8
1178980 2089.8
1178990 2089.3
1179000 2089.1
1179010 2089.1
1179020 2096.7
1179030 2105.5
1179040 2105.5
1179050 2096.2
1179060 2081.2
1179070 2081.2
1179080 2073.5
1179090 2074.0
1179100 2075.6
1179110 2075.6
1179120 2070.8
1179130 2073.6
1179140 2073.6
1179150 2083.5
1179160 2095.4
1179170 2095.4
1179180 2107.7
1179190 2111.7
1179200 2111.7
1179210 2110.1
1179220 2108.9
1179230 2100.4
1179240 2099.1
1179250 2098.9
1179260 2098.9
1179270 2099.8
1179280 2100.6
1179290 2100.6
1179300 2100.9
1179310 2101.5
1179320 2101.5
1179330 2098.4
1179340 2087.5
1179350 2087.5
1179360 2074.9
1179370 2069.6
1179380 2071.5
1179390 2071.5
1179400 2076.3
1179410 2081.6
1179420 2081.6
1179430 2080.5
1179440 2079.4
1179450 2079.4
1179460 2083.4
1179470 2085.3
1179480 2085.3
1179490 2087.5
1179500 2084.1
1179510 2084.1
1179520 2087.9
1179530 2091.6
1179540 2091.6
1179550 2091.3
1179560 2096.7
1179570 2096.7
1179580 2106.4
1179590 2110.8
1179600 2110.8
1179610 2115.5
1179620 2120.0
1179630 2120.0
1179640 2123.7
1179650 2121.1
1179660 2121.1
1179670 2124.2
1179680 2127.4
1179690 2130.2
1179700 2130.2
1179710 2131.0
1179720 2126.3
1179730 2126.3
1179740 2125.2
1179750 2127.2
1179760 2127.2
1179770 2129.2
1179780 2132.0
1179790 2132.0
1179800 2135.3
1179810 2138.6
1179820 2138.6
1179830 2139.6
1179840 2138.9
1179850 2138.9
1179860 2136.5
1179870 2132.3
1179880 2132.3
1179890 2128.0
1179900 2122.9
1179910 2122.9
1179920 2119.4
1179930 2116.6
1179940 2116.6
1179950 2114.2
1179960 2110.1
1179970 2104.5
1179980 2104.5
1179990 2099.2
