1160000 2270.6
1160010 2267.9
1160020 2267.9
1160030 2276.8
1160040 2293.4
1160050 2293.4
1160060 2306.1
1160070 2317.9
1160080 2329.6
1160090 2334.4
1160100 2354.9
1160110 2382.2
1160120 2382.2
1160130 2388.4
1160140 2382.9
1160150 2382.9
1160160 2375.7
1160170 2360.2
1160180 2360.2
1160190 2344.1
1160200 2323.6
1160210 2323.6
1160220 2308.8
1160230 2304.0
1160240 2304.0
1160250 2306.2
1160260 2304.7
1160270 2304.7
1160280 2301.6
1160290 2300.1
1160300 2300.1
1160310 2298.4
1160320 2297.8
1160330 2297.8
1160340 2297.8
1160350 2303.4
1160360 2303.4
1160370 2318.6
1160380 2335.4
1160390 2356.9
1160400 2356.9
1160410 2371.2
1160420 2369.4
1160430 2369.4
1160440 2361.0
1160450 2366.4
1160460 2366.4
1160470 2380.8
1160480 2391.9
1160490 2405.0
1160500 2416.3
1160510 2425.8
1160520 2425.8
1160530 2431.6
1160540 2431.0
1160550 2431.0
1160560 2426.6
1160570 2421.6
1160580 2421.6
1160590 2415.4
1160600 2411.8
1160610 2411.8
1160620 2413.5
1160630 2413.2
1160640 2413.2
1160650 2412.7
1160660 2409.9
1160670 2404.6
1160680 2404.6
1160690 2399.6
1160700 2396.0
1160710 2396.0
1160720 2395.8
1160730 2391.6
1160740 2391.6
1160750 2389.4
1160760 2396.5
1160770 2396.5
1160780 2403.4
1160790 2410.0
1160800 2410.0
1160810 2417.5
1160820 2422.1
1160830 2422.1
1160840 2425.7
1160850 2429.1
1160860 2429.1
1160870 2430.8
1160880 2446.1
1160890 2446.1
1160900 2438.9
1160910 2423.2
1160920 2423.2
1160930 2408.3
1160940 2392.3
1160950 2388.9
1160960 2388.9
1160970 2386.5
1160980 2383.2
1160990 2383.2
1161000 2380.9
1161010 2378.7
1161020 2378.7
1161030 2377.0
1161040 2377.1
1161050 2377.1
1161060 2377.7
1161070 2377.1
1161080 2377.1
1161090 2376.2
1161100 2377.4
1161110 2377.4
1161120 2377.8
1161130 2377.5
1161140 2377.5
1161150 2376.3
1161160 2374.3
1161170 2374.3
1161180 2372.8
1161190 2372.5
1161200 2372.5
1161210 2372.5
1161220 2372.6
1161230 2372.2
1161240 2372.2
1161250 2372.2
1161260 2369.2
1161270 2369.2
1161280 2358.7
1161290 2353.7
1161300 2353.7
1161310 2348.8
1161320 2344.0
1161330 2344.0
1161340 2338.6
1161350 2333.3
1161360 2333.3
1161370 2328.8
1161380 2325.7
1161390 2325.7
1161400 2323.2
1161410 2319.4
1161420 2319.4
1161430 2317.0
1161440 2315.1
1161450 2315.1
1161460 2313.2
1161470 2312.1
1161480 2312.1
1161490 2310.7
1161500 2308.5
1161510 2306.0
1161520 2306.0
1161530 2304.4
1161540 2303.5
1161550 2303.5
1161560 2303.1
1161570 2302.1
1161580 2302.1
1161590 2301.6
1161600 2301.4
1161610 2301.4
1161620 2301.8
1161630 2304.1
1161640 2304.1
1161650 2308.8
1161660 2316.0
1161670 2309.2
1161680 2316.6
1161690 2322.6
1161700 2322.6
1161710 2329.2
1161720 2334.2
1161730 2334.2
1161740 2334.6
1161750 2333.7
1161760 2333.7
1161770 2333.0
1161780 2329.4
1161790 2325.3
1161800 2325.3
1161810 2328.0
1161820 2331.7
1161830 2331.7
1161840 2335.1
1161850 2338.8
1161860 2338.8
1161870 2341.1
1161880 2345.3
1161890 2345.3
1161900 2349.8
1161910 2351.7
1161920 2351.7
1161930 2352.1
1161940 2351.3
1161950 2351.3
1161960 2351.0
1161970 2352.6
1161980 2352.6
1161990 2355.2
1162000 2358.3
1162010 2358.3
1162020 2360.8
1162030 2363.9
1162040 2363.9
1162050 2367.7
1162060 2367.5
1162070 2367.5
1162080 2373.6
1162090 2380.9
1162100 2389.8
1162110 2389.8
1162120 2397.2
1162130 2406.6
1162140 2406.6
1162150 2420.7
1162160 2429.8
1162170 2429.8
1162180 2441.5
1162190 2467.5
1162200 2467.5
1162210 2481.2
1162220 2494.3
1162230 2494.3
1162240 2505.0
1162250 2519.5
1162260 2519.5
1162270 2524.3
1162280 2533.5
1162290 2533.5
1162300 2542.7
1162310 2543.0
1162320 2543.0
1162330 2538.6
1162340 2537.8
1162350 2537.8
1162360 2535.5
1162370 2539.1
1162380 2539.5
1162390 2539.5
1162400 2535.5
1162410 2523.3
1162420 2523.3
1162430 2514.4
1162440 2507.2
1162450 2507.2
1162460 2497.4
1162470 2478.2
1162480 2478.2
1162490 2454.3
1162500 2436.9
1162510 2436.9
1162520 2428.0
1162530 2421.3
1162540 2421.3
1162550 2412.6
1162560 2391.2
1162570 2391.2
1162580 2367.7
1162590 2351.0
1162600 2351.0
1162610 2335.3
1162620 2319.7
1162630 2319.7
1162640 2313.9
1162650 2310.6
1162660 2306.2
1162670 2306.2
1162680 2301.4
1162690 2296.2
1162700 2296.2
1162710 2290.6
1162720 2285.3
1162730 2285.3
1162740 2280.3
1162750 2275.8
1162760 2275.8
1162770 2271.5
1162780 2267.5
1162790 2267.5
1162800 2263.8
1162810 2259.9
1162820 2259.9
1162830 2255.4
1162840 2252.2
1162850 2252.2
1162860 2249.9
1162870 2250.6
1162880 2250.6
1162890 2251.9
1162900 2252.6
1162910 2252.6
1162920 2252.8
1162930 2253.4
1162940 2256.2
1162950 2256.2
1162960 2260.0
1162970 2262.3
1162980 2262.3
1162990 2263.6
1163000 2267.0
1163010 2267.0
1163020 2271.6
1163030 2275.5
1163040 2275.5
1163050 2284.2
1163060 2301.7
1163070 2301.7
1163080 2314.1
1163090 2316.1
1163100 2316.1
1163110 2332.2
1163120 2351.9
1163130 2351.9
1163140 2367.8
1163150 2377.0
1163160 2377.0
1163170 2383.5
1163180 2388.5
1163190 2388.5
1163200 2393.6
1163210 2399.1
1163220 2405.0
1163230 2405.0
1163240 2410.5
1163250 2411.0
1163260 2411.0
1163270 2416.8
1163280 2422.8
1163290 2422.8
1163300 2433.8
1163310 2444.3
1163320 2444.3
1163330 2448.9
1163340 2454.2
1163350 2454.2
1163360 2449.4
1163370 2433.4
1163380 2433.4
1163390 2419.1
1163400 2397.2
1163410 2397.2
1163420 2370.7
1163430 2351.6
1163440 2351.6
1163450 2337.0
1163460 2314.4
1163470 2314.4
1163480 2290.5
1163490 2281.9
1163500 2276.2
1163510 2276.2
1163520 2270.0
1163530 2263.9
1163540 2263.9
1163550 2257.8
1163560 2252.5
1163570 2252.5
1163580 2250.4
1163590 2243.5
1163600 2243.5
1163610 2237.6
1163620 2235.6
1163630 2235.6
1163640 2235.3
1163650 2236.5
1163660 2236.5
1163670 2238.6
1163680 2241.2
1163690 2241.2
1163700 2242.6
1163710 2242.6
1163720 2242.6
1163730 2243.5
1163740 2244.1
1163750 2244.1
1163760 2243.8
1163770 2243.8
1163780 2243.8
1163790 2244.3
1163800 2247.2
1163810 2250.0
1163820 2250.0
1163830 2251.6
1163840 2248.5
1163850 2248.5
1163860 2247.7
1163870 2247.1
1163880 2247.1
1163890 2246.2
1163900 2246.7
1163910 2246.7
1163920 2247.3
1163930 2245.9
1163940 2245.9
1163950 2242.6
1163960 2236.8
1163970 2236.8
1163980 2231.1
1163990 2226.6
1164000 2226.6
1164010 2224.1
1164020 2221.6
1164030 2221.6
1164040 2219.4
1164050 2213.6
1164060 2213.6
1164070 2212.6
1164080 2212.1
1164090 2211.3
1164100 2211.3
1164110 2212.5
1164120 2216.4
1164130 2216.4
1164140 2220.7
1164150 2224.5
1164160 2224.5
1164170 2229.1
1164180 2233.5
1164190 2233.5
1164200 2238.3
1164210 2245.8
1164220 2245.8
1164230 2255.6
1164240 2256.8
1164250 2256.8
1164260 2246.6
1164270 2233.9
1164280 2233.9
1164290 2219.3
1164300 2211.0
1164310 2211.0
1164320 2203.2
1164330 2196.4
1164340 2196.4
1164350 2190.8
1164360 2185.0
1164370 2179.4
1164380 2179.4
1164390 2173.8
1164400 2169.8
1164410 2169.8
1164420 2166.7
1164430 2162.6
1164440 2158.9
1164450 2156.6
1164460 2155.1
1164470 2155.1
1164480 2154.7
1164490 2155.3
1164500 2155.3
1164510 2153.8
1164520 2153.4
1164530 2153.4
1164540 2153.8
1164550 2152.1
1164560 2152.1
1164570 2149.8
1164580 2146.4
1164590 2146.4
1164600 2144.5
1164610 2142.0
1164620 2142.0
1164630 2136.6
1164640 2132.4
1164650 2129.8
1164660 2129.8
1164670 2126.8
1164680 2123.6
1164690 2123.6
1164700 2119.5
1164710 2114.5
1164720 2114.5
1164730 2109.0
1164740 2105.4
1164750 2105.4
1164760 2102.0
1164770 2098.9
1164780 2098.9
1164790 2094.4
1164800 2088.9
1164810 2088.9
1164820 2084.2
1164830 2080.0
1164840 2079.3
1164850 2075.2
1164860 2070.1
1164870 2070.1
1164880 2063.4
1164890 2057.6
1164900 2057.6
1164910 2054.6
1164920 2052.6
1164930 2050.9
1164940 2050.9
1164950 2049.0
1164960 2047.0
1164970 2047.0
1164980 2044.7
1164990 2042.5
1165000 2042.5
1165010 2041.0
1165020 2041.8
1165030 2041.8
1165040 2043.8
1165050 2045.6
1165060 2045.6
1165070 2046.2
1165080 2045.3
1165090 2045.3
1165100 2042.1
1165110 2036.3
1165120 2036.3
1165130 2030.7
1165140 2026.2
1165150 2026.2
1165160 2023.0
1165170 2019.0
1165180 2019.0
1165190 2013.2
1165200 2008.1
1165210 2005.9
1165220 2005.9
1165230 2005.5
1165240 1999.9
1165250 1999.9
1165260 2000.1
1165270 2000.8
1165280 2000.8
1165290 2003.2
1165300 2004.7
1165310 2004.7
1165320 2007.5
1165330 2012.2
1165340 2012.2
1165350 2016.0
1165360 2020.6
1165370 2020.6
1165380 2024.7
1165390 2027.3
1165400 2027.3
1165410 2032.0
1165420 2037.2
1165430 2037.2
1165440 2041.4
1165450 2045.1
1165460 2045.1
1165470 2045.7
1165480 2044.7
1165490 2044.7
1165500 2043.8
1165510 2044.7
1165520 2046.2
1165530 2046.2
1165540 2048.2
1165550 2046.1
1165560 2046.1
1165570 2042.7
1165580 2042.0
1165590 2042.0
1165600 2042.7
1165610 2044.2
1165620 2044.2
1165630 2045.1
1165640 2042.3
1165650 2042.3
1165660 2040.6
1165670 2038.1
1165680 2038.1
1165690 2035.6
1165700 2031.8
1165710 2031.8
1165720 2029.2
1165730 2024.2
1165740 2024.2
1165750 2021.0
1165760 2019.6
1165770 2019.6
1165780 2020.1
1165790 2016.0
1165800 2010.0
1165810 2010.0
1165820 2009.8
1165830 2010.0
1165840 2010.0
1165850 2005.5
1165860 2002.7
1165870 2002.7
1165880 1999.3
1165890 1997.3
1165900 1997.3
1165910 1994.5
1165920 1990.4
1165930 1990.4
1165940 1985.0
1165950 1979.4
1165960 1979.4
1165970 1975.4
1165980 1971.7
1165990 1971.7
1166000 1966.5
1166010 1959.4
1166020 1959.4
1166030 1950.4
1166040 1938.6
1166050 1938.6
1166060 1918.3
1166070 1917.5
1166080 1924.7
1166090 1924.7
1166100 1934.6
1166110 1935.4
1166120 1935.4
1166130 1940.0
1166140 1943.8
1166150 1943.8
1166160 1942.9
1166170 1947.6
1166180 1947.6
1166190 1957.7
1166200 1967.4
1166210 1967.4
1166220 1961.8
1166230 1948.2
1166240 1948.2
1166250 1952.1
1166260 1956.9
1166270 1956.9
1166280 1962.9
1166290 1966.1
1166300 1966.1
1166310 1966.4
1166320 1964.5
1166330 1964.5
1166340 1963.9
1166350 1965.7
1166360 1967.0
1166370 1967.0
1166380 1967.1
1166390 1966.0
1166400 1966.0
1166410 1964.1
1166420 1961.2
1166430 1961.2
1166440 1951.2
1166450 1951.2
1166460 1951.2
1166470 1951.4
1166480 1952.1
1166490 1952.1
1166500 1953.2
1166510 1954.0
1166520 1954.0
1166530 1953.2
1166540 1950.9
1166550 1950.9
1166560 1946.8
1166570 1943.6
1166580 1943.6
1166590 1937.9
1166600 1933.5
1166610 1933.5
1166620 1930.1
1166630 1925.5
1166640 1921.2
1166650 1921.2
1166660 1917.5
1166670 1913.8
1166680 1913.8
1166690 1910.7
1166700 1907.8
1166710 1907.8
1166720 1903.8
1166730 1898.5
1166740 1898.5
1166750 1892.0
1166760 1886.5
1166770 1886.5
1166780 1882.4
1166790 1877.8
1166800 1877.8
1166810 1870.0
1166820 1863.0
1166830 1863.0
1166840 1856.7
1166850 1859.0
1166860 1859.0
1166870 1858.7
1166880 1856.8
1166890 1856.8
1166900 1856.8
1166910 1858.9
1166920 1864.1
1166930 1864.1
1166940 1868.6
1166950 1873.1
1166960 1873.1
1166970 1888.0
1166980 1892.0
1166990 1892.0
1167000 1891.7
1167010 1889.4
1167020 1889.4
1167030 1887.4
1167040 1883.8
1167050 1883.8
1167060 1877.7
1167070 1872.2
1167080 1872.2
1167090 1867.6
1167100 1864.0
1167110 1864.0
1167120 1860.2
1167130 1853.4
1167140 1853.4
1167150 1848.8
1167160 1842.7
1167170 1842.7
1167180 1835.4
1167190 1829.5
1167200 1824.6
1167210 1824.6
1167220 1825.5
1167230 1825.6
1167240 1818.3
1167250 1819.7
1167260 1819.7
1167270 1819.7
1167280 1819.3
1167290 1818.5
1167300 1818.5
1167310 1816.4
1167320 1813.2
1167330 1813.2
1167340 1808.1
1167350 1803.5
1167360 1803.5
1167370 1798.5
1167380 1791.5
1167390 1791.5
1167400 1783.9
1167410 1778.3
1167420 1778.3
1167430 1771.3
1167440 1764.9
1167450 1764.9
1167460 1758.6
1167470 1752.7
1167480 1752.7
1167490 1746.9
1167500 1740.6
1167510 1734.2
1167520 1734.2
1167530 1727.8
1167540 1722.3
1167550 1722.3
1167560 1717.5
1167570 1711.5
1167580 1711.5
1167590 1704.7
1167600 1697.3
1167610 1697.3
1167620 1690.2
1167630 1683.2
1167640 1683.2
1167650 1670.4
1167660 1663.9
1167670 1663.9
1167680 1654.9
1167690 1642.8
1167700 1642.8
1167710 1630.3
1167720 1621.2
1167730 1621.2
1167740 1613.3
1167750 1604.6
1167760 1604.6
1167770 1596.5
1167780 1588.4
1167790 1580.1
1167800 1580.1
1167810 1573.1
1167820 1565.7
1167830 1565.7
1167840 1557.4
1167850 1548.8
1167860 1548.8
1167870 1539.4
1167880 1530.2
1167890 1530.2
1167900 1520.5
1167910 1512.7
1167920 1512.7
1167930 1505.9
1167940 1499.2
1167950 1499.2
1167960 1492.4
1167970 1485.5
1167980 1485.5
1167990 1479.5
1168000 1475.4
1168010 1475.4
1168020 1471.2
1168030 1466.1
1168040 1466.1
1168050 1455.9
1168060 1453.7
1168070 1452.7
1168080 1452.7
1168090 1452.5
1168100 1452.0
1168110 1452.0
1168120 1452.2
1168130 1452.0
1168140 1452.0
1168150 1451.6
1168160 1451.4
1168170 1451.4
1168180 1451.8
1168190 1453.3
1168200 1453.3
1168210 1452.4
1168220 1455.8
1168230 1455.8
1168240 1459.7
1168250 1458.3
1168260 1458.3
1168270 1456.9
1168280 1457.2
1168290 1457.2
1168300 1457.8
1168310 1458.6
1168320 1458.6
1168330 1458.3
1168340 1455.8
1168350 1451.9
1168360 1451.9
1168370 1448.0
1168380 1445.7
1168390 1445.7
1168400 1444.7
1168410 1444.8
1168420 1444.8
1168430 1447.4
1168440 1450.6
1168450 1444.5
1168460 1446.9
1168470 1449.3
1168480 1449.3
1168490 1450.3
1168500 1450.0
1168510 1450.0
1168520 1450.4
1168530 1451.6
1168540 1451.6
1168550 1452.4
1168560 1454.4
1168570 1454.4
1168580 1452.6
1168590 1446.3
1168600 1446.3
1168610 1443.5
1168620 1440.1
1168630 1438.1
1168640 1438.1
1168650 1436.5
1168660 1431.5
1168670 1431.5
1168680 1421.2
1168690 1411.3
1168700 1411.3
1168710 1403.7
1168720 1397.4
1168730 1397.4
1168740 1392.5
1168750 1388.0
1168760 1388.0
1168770 1383.4
1168780 1378.2
1168790 1378.2
1168800 1372.8
1168810 1367.2
1168820 1367.2
1168830 1361.3
1168840 1355.5
1168850 1353.0
1168860 1347.7
1168870 1343.3
1168880 1343.3
1168890 1340.6
1168900 1338.4
1168910 1336.0
1168920 1336.0
1168930 1333.5
1168940 1331.6
1168950 1331.6
1168960 1330.0
1168970 1328.0
1168980 1328.0
1168990 1327.1
1169000 1326.6
1169010 1326.6
1169020 1328.8
1169030 1332.8
1169040 1332.8
1169050 1336.1
1169060 1336.9
1169070 1336.9
1169080 1337.1
1169090 1337.0
1169100 1337.0
1169110 1335.7
1169120 1334.6
1169130 1334.6
1169140 1332.2
1169150 1329.3
1169160 1329.3
1169170 1326.3
1169180 1324.0
1169190 1325.1
1169200 1325.1
1169210 1327.3
1169220 1327.7
1169230 1327.7
1169240 1325.8
1169250 1323.9
1169260 1318.4
1169270 1317.0
1169280 1316.3
1169290 1316.3
1169300 1314.9
1169310 1312.3
1169320 1312.3
1169330 1309.2
1169340 1306.1
1169350 1306.1
1169360 1303.4
1169370 1301.2
1169380 1301.2
1169390 1299.0
1169400 1296.8
1169410 1296.8
1169420 1294.0
1169430 1289.2
1169440 1289.2
1169450 1278.5
1169460 1270.9
1169470 1270.9
1169480 1264.3
1169490 1256.9
1169500 1251.4
1169510 1251.4
1169520 1246.5
1169530 1241.0
1169540 1241.0
1169550 1235.2
1169560 1230.3
1169570 1230.3
1169580 1227.3
1169590 1225.1
1169600 1225.1
1169610 1222.6
1169620 1220.3
1169630 1220.3
1169640 1219.3
1169650 1217.0
1169660 1219.4
1169670 1215.1
1169680 1208.4
1169690 1208.4
1169700 1200.5
1169710 1193.5
1169720 1193.5
1169730 1188.3
1169740 1184.7
1169750 1184.7
1169760 1182.0
1169770 1180.3
1169780 1179.6
1169790 1179.6
1169800 1179.7
1169810 1179.8
1169820 1179.8
1169830 1179.0
1169840 1177.7
1169850 1177.7
1169860 1176.7
1169870 1175.2
1169880 1175.2
1169890 1172.5
1169900 1168.8
1169910 1168.8
1169920 1165.3
1169930 1161.3
1169940 1161.3
1169950 1158.2
1169960 1154.9
1169970 1154.9
1169980 1149.9
1169990 1145.7
1170000 1145.7
1170010 1142.0
1170020 1137.5
1170030 1137.5
1170040 1132.9
1170050 1128.7
1170060 1123.6
1170070 1127.8
1170080 1124.7
1170090 1120.5
1170100 1120.5
1170110 1116.2
1170120 1112.6
1170130 1112.6
1170140 1110.2
1170150 1108.2
1170160 1108.2
1170170 1106.5
1170180 1104.9
1170190 1104.9
1170200 1101.8
1170210 1097.9
1170220 1097.9
1170230 1095.0
1170240 1091.3
1170250 1091.3
1170260 1088.9
1170270 1087.7
1170280 1087.7
1170290 1085.3
1170300 1081.5
1170310 1081.5
1170320 1075.8
1170330 1070.2
1170340 1066.9
1170350 1066.9
1170360 1065.4
1170370 1063.6
1170380 1063.6
1170390 1061.3
1170400 1057.5
1170410 1057.5
1170420 1053.8
1170430 1051.7
1170440 1051.7
1170450 1050.2
1170460 1049.1
1170470 1047.2
1170480 1045.1
1170490 1042.5
1170500 1042.5
1170510 1040.7
1170520 1040.5
1170530 1040.5
1170540 1039.2
1170550 1036.1
1170560 1036.1
1170570 1034.2
1170580 1032.5
1170590 1032.5
1170600 1032.2
1170610 1029.9
1170620 1026.8
1170630 1026.8
1170640 1023.7
1170650 1018.6
1170660 1018.6
1170670 1012.5
1170680 1007.8
1170690 1007.8
1170700 1004.7
1170710 1002.2
1170720 1002.2
1170730 1000.0
1170740 998.9
1170750 998.9
1170760 997.0
1170770 992.4
1170780 992.4
1170790 987.4
1170800 983.6
1170810 983.6
1170820 981.7
1170830 981.3
1170840 981.3
1170850 981.2
1170860 981.1
1170870 981.1
1170880 981.2
1170890 981.3
1170900 981.8
1170910 981.8
1170920 982.1
1170930 981.4
1170940 981.4
1170950 981.0
1170960 980.8
1170970 980.8
1170980 980.9
1170990 980.9
1171000 980.9
1171010 981.1
1171020 981.2
1171030 981.2
1171040 981.1
1171050 981.0
1171060 981.0
1171070 981.2
1171080 981.3
1171090 981.3
1171100 981.0
1171110 980.8
1171120 980.8
1171130 979.5
1171140 979.1
1171150 979.1
1171160 978.9
1171170 979.0
1171180 979.0
1171190 978.8
1171200 978.8
1171210 978.8
1171220 978.8
1171230 978.9
1171240 979.9
1171250 979.9
1171260 980.1
1171270 980.1
1171280 980.1
1171290 980.1
1171300 980.1
1171310 980.1
1171320 979.9
1171330 979.9
1171340 979.9
1171350 979.9
1171360 979.8
1171370 979.8
1171380 979.8
1171390 979.9
1171400 979.9
1171410 979.9
1171420 979.9
1171430 979.9
1171440 979.8
1171450 979.7
1171460 979.7
1171470 979.5
1171480 979.4
1171490 979.2
1171500 979.2
1171510 979.1
1171520 979.0
1171530 979.0
1171540 979.1
1171550 979.1
1171560 979.1
1171570 979.0
1171580 978.8
1171590 978.8
1171600 978.6
1171610 978.2
1171620 978.2
1171630 977.6
1171640 977.9
1171650 977.9
1171660 978.4
1171670 978.4
1171680 978.4
1171690 978.6
1171700 978.4
1171710 978.4
1171720 978.3
1171730 978.3
1171740 978.3
1171750 977.8
1171760 977.9
1171770 977.6
1171780 977.6
1171790 977.6
1171800 978.1
1171810 978.1
1171820 978.2
1171830 979.6
1171840 979.6
1171850 983.4
1171860 989.0
1171870 989.0
1171880 994.3
1171890 995.5
1171900 995.5
1171910 995.7
1171920 995.9
1171930 995.9
1171940 996.3
1171950 996.4
1171960 996.4
1171970 996.5
1171980 996.9
1171990 996.9
1172000 997.4
1172010 998.1
1172020 998.1
1172030 999.6
1172040 1001.2
1172050 1002.4
1172060 1002.4
1172070 1005.3
1172080 1009.8
1172090 1009.8
1172100 1022.1
1172110 1027.0
1172120 1027.0
1172130 1032.9
1172140 1036.6
1172150 1036.6
1172160 1038.4
1172170 1041.1
1172180 1041.1
1172190 1043.8
1172200 1045.6
1172210 1045.6
1172220 1046.1
1172230 1047.6
1172240 1047.6
1172250 1048.3
1172260 1049.6
1172270 1049.6
1172280 1051.9
1172290 1053.3
1172300 1053.3
1172310 1053.5
1172320 1053.6
1172330 1051.9
1172340 1051.9
1172350 1048.5
1172360 1037.5
1172370 1037.5
1172380 1019.4
1172390 996.4
1172400 996.4
1172410 998.7
1172420 1015.4
1172430 1015.4
1172440 1032.7
1172450 1050.0
1172460 1050.0
1172470 1067.9
1172480 1080.8
1172490 1080.8
1172500 1088.7
1172510 1091.5
1172520 1091.5
1172530 1102.6
1172540 1115.9
1172550 1115.9
1172560 1126.5
1172570 1142.5
1172580 1142.5
1172590 1160.2
1172600 1167.1
1172610 1169.6
1172620 1169.6
1172630 1171.8
1172640 1173.9
1172650 1173.9
1172660 1176.0
1172670 1177.3
1172680 1177.3
1172690 1178.3
1172700 1180.2
1172710 1180.2
1172720 1182.0
1172730 1181.8
1172740 1181.8
1172750 1180.1
1172760 1178.6
1172770 1178.6
1172780 1177.4
1172790 1176.8
1172800 1176.8
1172810 1177.8
1172820 1180.6
1172830 1180.6
1172840 1184.5
1172850 1188.1
1172860 1188.1
1172870 1192.7
1172880 1196.4
1172890 1199.3
1172900 1199.3
1172910 1201.9
1172920 1199.7
1172930 1199.7
1172940 1202.7
1172950 1206.4
1172960 1206.4
1172970 1210.6
1172980 1214.1
1172990 1214.1
1173000 1217.0
1173010 1219.9
1173020 1219.9
1173030 1223.3
1173040 1227.2
1173050 1227.2
1173060 1231.7
1173070 1236.3
1173080 1236.3
1173090 1240.5
1173100 1244.9
1173110 1244.9
1173120 1249.6
1173130 1254.9
1173140 1254.9
1173150 1260.4
1173160 1266.1
1173170 1266.1
1173180 1271.8
1173190 1277.0
1173200 1282.8
1173210 1282.8
1173220 1288.7
1173230 1294.5
1173240 1294.5
1173250 1300.2
1173260 1305.7
1173270 1305.7
1173280 1310.4
1173290 1313.5
1173300 1313.5
1173310 1315.8
1173320 1318.1
1173330 1309.4
1173340 1313.3
1173350 1315.6
1173360 1315.6
1173370 1316.7
1173380 1317.4
1173390 1317.4
1173400 1318.1
1173410 1319.5
1173420 1319.5
1173430 1321.9
1173440 1325.0
1173450 1325.0
1173460 1329.0
1173470 1333.5
1173480 1338.5
1173490 1338.5
1173500 1343.1
1173510 1347.7
1173520 1347.7
1173530 1352.9
1173540 1357.6
1173550 1357.6
1173560 1362.6
1173570 1367.7
1173580 1367.7
1173590 1372.5
1173600 1377.4
1173610 1377.4
1173620 1382.1
1173630 1386.9
1173640 1386.9
1173650 1391.6
1173660 1396.9
1173670 1396.9
1173680 1402.8
1173690 1408.2
1173700 1408.2
1173710 1413.5
1173720 1419.6
1173730 1413.9
1173740 1420.2
1173750 1426.3
1173760 1432.8
1173770 1432.8
1173780 1439.5
1173790 1445.1
1173800 1445.1
1173810 1449.8
1173820 1455.6
1173830 1455.6
1173840 1461.5
1173850 1465.9
1173860 1465.9
1173870 1469.7
1173880 1473.5
1173890 1473.5
1173900 1478.3
1173910 1484.4
1173920 1484.4
1173930 1490.9
1173940 1496.6
1173950 1496.6
1173960 1501.5
1173970 1505.3
1173980 1505.3
1173990 1508.7
1174000 1511.9
1174010 1511.9
1174020 1515.2
1174030 1519.6
1174040 1524.5
1174050 1524.5
1174060 1529.1
1174070 1533.7
1174080 1533.7
1174090 1538.9
1174100 1543.9
1174110 1543.9
1174120 1548.9
1174130 1554.2
1174140 1549.0
1174150 1554.8
1174160 1560.3
1174170 1560.3
1174180 1566.5
1174190 1572.8
1174200 1572.8
1174210 1579.6
1174220 1585.2
1174230 1585.2
1174240 1590.2
1174250 1595.4
1174260 1595.4
1174270 1600.2
1174280 1605.2
1174290 1605.2
1174300 1609.9
1174310 1614.2
1174320 1618.4
1174330 1618.4
1174340 1622.8
1174350 1626.7
1174360 1626.7
1174370 1630.4
1174380 1633.2
1174390 1633.2
1174400 1636.6
1174410 1640.8
1174420 1640.8
1174430 1644.1
1174440 1646.0
1174450 1646.0
1174460 1646.6
1174470 1647.2
1174480 1647.2
1174490 1648.9
1174500 1650.8
1174510 1650.8
1174520 1652.7
1174530 1654.7
1174540 1654.7
1174550 1656.7
1174560 1651.4
1174570 1651.4
1174580 1653.8
1174590 1654.3
1174600 1654.7
1174610 1654.7
1174620 1655.1
1174630 1656.9
1174640 1656.9
1174650 1660.5
1174660 1664.0
1174670 1664.0
1174680 1667.0
1174690 1669.0
1174700 1669.0
1174710 1671.9
1174720 1676.5
1174730 1676.5
1174740 1681.8
1174750 1685.1
1174760 1685.1
1174770 1685.9
1174780 1685.3
1174790 1685.3
1174800 1685.1
1174810 1686.2
1174820 1686.2
1174830 1690.6
1174840 1694.0
1174850 1694.0
1174860 1699.3
1174870 1707.3
1174880 1714.5
1174890 1714.5
1174900 1719.5
1174910 1721.0
1174920 1721.0
1174930 1717.8
1174940 1716.5
1174950 1716.5
1174960 1724.4
1174970 1729.5
1174980 1729.5
1174990 1734.2
1175000 1735.9
1175010 1735.9
1175020 1736.6
1175030 1739.9
1175040 1739.9
1175050 1746.6
1175060 1754.9
1175070 1754.9
1175080 1762.9
1175090 1768.8
1175100 1768.8
1175110 1774.4
1175120 1780.5
1175130 1780.5
1175140 1787.3
1175150 1795.4
1175160 1795.4
1175170 1806.1
1175180 1816.1
1175190 1817.5
1175200 1817.5
1175210 1819.4
1175220 1816.6
1175230 1816.6
1175240 1810.9
1175250 1808.5
1175260 1808.5
1175270 1812.9
1175280 1825.0
1175290 1825.0
1175300 1836.6
1175310 1850.0
1175320 1850.0
1175330 1858.4
1175340 1866.1
1175350 1866.1
1175360 1875.6
1175370 1890.6
1175380 1884.0
1175390 1902.4
1175400 1924.4
1175410 1924.4
1175420 1939.3
1175430 1952.9
1175440 1952.9
1175450 1973.1
1175460 1989.8
1175470 2007.6
1175480 2007.6
1175490 2022.2
1175500 2043.3
1175510 2043.3
1175520 2066.3
1175530 2078.5
1175540 2078.5
1175550 2080.5
1175560 2075.5
1175570 2075.5
1175580 2071.8
1175590 2068.2
1175600 2068.2
1175610 2063.8
1175620 2062.5
1175630 2062.5
1175640 2060.0
1175650 2050.9
1175660 2050.9
1175670 2042.2
1175680 2041.8
1175690 2041.8
1175700 2040.0
1175710 2046.3
1175720 2046.3
1175730 2081.0
1175740 2095.9
1175750 2098.7
1175760 2098.7
1175770 2111.0
1175780 2122.8
1175790 2094.7
1175800 2097.7
1175810 2094.1
1175820 2094.1
1175830 2089.4
1175840 2099.2
1175850 2099.2
1175860 2113.0
1175870 2131.4
1175880 2131.4
1175890 2139.6
1175900 2124.5
1175910 2124.5
1175920 2113.5
1175930 2107.6
1175940 2107.6
1175950 2103.2
1175960 2100.3
1175970 2100.3
1175980 2095.2
1175990 2090.2
1176000 2090.2
1176010 2085.6
1176020 2079.5
1176030 2074.5
1176040 2074.5
1176050 2069.1
1176060 2063.9
1176070 2063.9
1176080 2059.6
1176090 2054.9
1176100 2054.9
1176110 2049.6
1176120 2041.0
1176130 2041.0
1176140 2034.7
1176150 2029.1
1176160 2029.1
1176170 2022.0
1176180 2009.8
1176190 2009.8
1176200 1976.6
1176210 1968.9
1176220 1968.9
1176230 1962.9
1176240 1955.9
1176250 1955.9
1176260 1948.8
1176270 1943.0
1176280 1943.0
1176290 1937.3
1176300 1934.1
1176310 1926.5
1176320 1926.5
1176330 1918.4
1176340 1906.6
1176350 1906.6
1176360 1892.0
1176370 1877.8
1176380 1877.8
1176390 1869.2
1176400 1868.1
1176410 1868.1
1176420 1869.7
1176430 1874.3
1176440 1874.3
1176450 1878.8
1176460 1875.6
1176470 1875.6
1176480 1868.9
1176490 1866.9
1176500 1866.9
1176510 1873.2
1176520 1883.8
1176530 1883.8
1176540 1893.2
1176550 1899.6
1176560 1899.6
1176570 1903.0
1176580 1902.3
1176590 1901.3
1176600 1901.3
1176610 1897.7
1176620 1878.6
1176630 1878.6
1176640 1877.0
1176650 1877.5
1176660 1877.5
1176670 1878.5
1176680 1878.9
1176690 1878.9
1176700 1882.4
1176710 1886.7
1176720 1886.7
1176730 1892.5
1176740 1901.2
1176750 1901.2
1176760 1911.5
1176770 1922.7
1176780 1922.7
1176790 1932.7
1176800 1941.2
1176810 1941.2
1176820 1948.7
1176830 1956.3
1176840 1956.3
1176850 1964.1
1176860 1972.1
1176870 1979.9
1176880 1979.9
1176890 1986.8
1176900 1993.2
1176910 1993.2
1176920 1999.6
1176930 2006.1
1176940 2006.1
1176950 2011.7
1176960 2017.4
1176970 2017.4
1176980 2022.4
1176990 2026.3
1177000 2026.3
1177010 2026.4
1177020 2025.6
1177030 2015.5
1177040 2016.6
1177050 2018.5
1177060 2018.5
1177070 2020.8
1177080 2022.3
1177090 2022.3
1177100 2021.3
1177110 2018.7
1177120 2018.7
1177130 2016.2
1177140 2014.5
1177150 2014.5
1177160 2016.4
1177170 2018.0
1177180 2024.6
1177190 2024.6
1177200 2032.3
1177210 2039.1
1177220 2039.1
1177230 2046.1
1177240 2055.4
1177250 2055.4
1177260 2066.9
1177270 2078.7
1177280 2078.7
1177290 2089.1
1177300 2100.1
1177310 2100.1
1177320 2111.3
1177330 2121.9
1177340 2121.9
1177350 2130.2
1177360 2137.5
1177370 2137.5
1177380 2142.5
1177390 2140.1
1177400 2140.1
1177410 2135.8
1177420 2133.4
1177430 2133.4
1177440 2131.6
1177450 2124.1
1177460 2125.1
1177470 2125.1
1177480 2124.3
1177490 2121.1
1177500 2121.1
1177510 2116.2
1177520 2111.2
1177530 2111.2
1177540 2105.7
1177550 2108.4
1177560 2108.4
1177570 2111.6
1177580 2108.9
1177590 2108.9
1177600 2104.2
1177610 2100.0
1177620 2100.0
1177630 2095.7
1177640 2093.4
1177650 2093.4
1177660 2091.6
1177670 2089.4
1177680 2089.4
1177690 2090.7
1177700 2097.1
1177710 2097.1
1177720 2099.8
1177730 2101.7
1177740 2104.8
1177750 2104.8
1177760 2109.5
1177770 2111.9
1177780 2111.9
1177790 2110.5
1177800 2109.7
1177810 2109.7
1177820 2109.4
1177830 2111.0
1177840 2111.0
1177850 2115.0
1177860 2108.7
1177870 2108.7
1177880 2108.0
1177890 2109.6
1177900 2109.6
1177910 2113.8
1177920 2121.1
1177930 2121.1
1177940 2128.7
1177950 2136.7
1177960 2136.7
1177970 2144.9
1177980 2153.0
1177990 2153.0
1178000 2160.5
1178010 2167.8
1178020 2175.0
1178030 2175.0
1178040 2181.8
1178050 2188.3
1178060 2188.3
1178070 2194.6
1178080 2200.6
1178090 2200.6
1178100 2206.3
1178110 2211.8
1178120 2211.8
1178130 2215.8
1178140 2215.6
1178150 2215.6
1178160 2213.3
1178170 2208.1
1178180 2208.1
1178190 2204.2
1178200 2201.9
1178210 2201.9
1178220 2198.2
1178230 2193.8
1178240 2193.8
1178250 2191.0
1178260 2187.2
1178270 2187.2
1178280 2174.6
1178290 2165.9
1178300 2155.1
1178310 2155.1
1178320 2142.4
1178330 2131.6
1178340 2131.6
1178350 2121.3
1178360 2116.4
1178370 2116.4
1178380 2117.2
1178390 2120.0
1178400 2120.0
1178410 2126.9
1178420 2130.1
1178430 2130.1
1178440 2123.6
1178450 2116.2
1178460 2116.2
1178470 2112.2
1178480 2110.9
1178490 2110.9
1178500 2105.1
1178510 2096.1
1178520 2096.1
1178530 2087.6
1178540 2080.9
1178550 2080.9
1178560 2076.8
1178570 2078.6
1178580 2078.0
1178590 2078.0
1178600 2071.1
1178610 2067.4
1178620 2067.4
1178630 2062.1
1178640 2056.0
1178650 2056.0
1178660 2047.2
1178670 2035.7
1178680 2035.7
1178690 2020.3
1178700 2013.1
1178710 2013.1
1178720 2012.5
1178730 2012.9
1178740 2012.9
1178750 2007.9
1178760 2002.7
1178770 2002.7
1178780 1998.0
1178790 1993.8
1178800 1993.8
1178810 1990.5
1178820 1987.3
1178830 1987.3
1178840 1984.7
1178850 1984.1
1178860 1981.8
1178870 1981.8
1178880 1978.6
1178890 1976.7
1178900 1976.7
1178910 1974.9
1178920 1973.2
1178930 1973.2
1178940 1970.2
1178950 1969.3
1178960 1969.3
1178970 1967.7
1178980 1966.0
1178990 1966.0
1179000 1964.2
1179010 1962.4
1179020 1962.4
1179030 1960.5
1179040 1958.2
1179050 1958.2
1179060 1956.2
1179070 1954.2
1179080 1954.2
1179090 1952.6
1179100 1952.1
1179110 1946.8
1179120 1946.8
1179130 1945.9
1179140 1945.1
1179150 1945.1
1179160 1946.0
1179170 1945.3
1179180 1945.3
1179190 1943.8
1179200 1941.7
1179210 1941.7
1179220 1939.6
1179230 1937.4
1179240 1937.4
1179250 1936.3
1179260 1935.5
1179270 1935.5
1179280 1934.9
1179290 1935.2
1179300 1935.2
1179310 1935.4
1179320 1935.3
1179330 1935.3
1179340 1935.3
1179350 1937.2
1179360 1937.2
1179370 1939.0
1179380 1940.0
1179390 1940.0
1179400 1941.3
1179410 1942.4
1179420 1942.4
1179430 1943.4
1179440 1944.2
1179450 1944.2
1179460 1944.2
1179470 1943.5
1179480 1942.8
1179490 1942.8
1179500 1944.4
1179510 1949.2
1179520 1949.2
1179530 1948.0
1179540 1953.3
1179550 1953.3
1179560 1955.4
1179570 1961.4
1179580 1961.4
1179590 1965.6
1179600 1967.8
1179610 1967.8
1179620 1966.5
1179630 1967.9
1179640 1967.9
1179650 1970.5
1179660 1973.3
1179670 1973.3
1179680 1975.7
1179690 1974.6
1179700 1974.6
1179710 1973.7
1179720 1970.0
1179730 1967.0
1179740 1967.0
1179750 1970.1
1179760 1978.8
1179770 1978.8
1179780 1986.3
1179790 1987.5
1179800 1987.5
1179810 1986.1
1179820 1984.6
1179830 1984.6
1179840 1985.4
1179850 1987.4
1179860 1987.4
1179870 1989.7
1179880 1991.5
1179890 1991.5
1179900 1989.1
1179910 1984.9
1179920 1984.9
1179930 1986.1
1179940 1985.8
1179950 1985.8
1179960 1993.1
1179970 2002.8
1179980 2002.8
1179990 2012.0
