1160000 1888.7
1160010 1888.7
1160020 1884.5
1160030 1883.1
1160040 1883.1
1160050 1883.4
1160060 1883.3
1160070 1883.3
1160080 1879.7
1160090 1874.1
1160100 1874.1
1160110 1867.8
1160120 1863.0
1160130 1863.0
1160140 1857.8
1160150 1854.3
1160160 1854.3
1160170 1852.3
1160180 1850.8
1160190 1850.8
1160200 1847.5
1160210 1847.1
1160220 1847.1
1160230 1845.7
1160240 1841.8
1160250 1837.4
1160260 1837.4
1160270 1833.7
1160280 1831.3
1160290 1831.3
1160300 1833.0
1160310 1831.5
1160320 1831.5
1160330 1826.6
1160340 1816.7
1160350 1821.4
1160360 1810.3
1160370 1801.4
1160380 1801.4
1160390 1793.3
1160400 1786.2
1160410 1786.2
1160420 1779.8
1160430 1773.3
1160440 1773.3
1160450 1767.2
1160460 1761.5
1160470 1761.5
1160480 1756.2
1160490 1751.2
1160500 1751.2
1160510 1745.7
1160520 1740.3
1160530 1735.8
1160540 1735.8
1160550 1729.8
1160560 1723.0
1160570 1723.0
1160580 1714.9
1160590 1730.4
1160600 1730.4
1160610 1735.1
1160620 1740.0
1160630 1740.0
1160640 1745.8
1160650 1750.7
1160660 1750.7
1160670 1754.3
1160680 1755.6
1160690 1755.6
1160700 1757.8
1160710 1769.9
1160720 1769.9
1160730 1780.7
1160740 1785.1
1160750 1785.1
1160760 1792.6
1160770 1799.7
1160780 1799.7
1160790 1811.2
1160800 1821.3
1160810 1821.3
1160820 1830.1
1160830 1840.8
1160840 1854.1
1160850 1854.1
1160860 1862.0
1160870 1869.7
1160880 1869.7
1160890 1896.1
1160900 1911.1
1160910 1911.1
1160920 1909.9
1160930 1932.6
1160940 1932.6
1160950 1948.4
1160960 1958.6
1160970 1958.6
1160980 1970.6
1160990 1987.0
1161000 1987.0
1161010 2006.5
1161020 2023.3
1161030 2023.3
1161040 2033.6
1161050 2044.6
1161060 2044.6
1161070 2065.3
1161080 2091.2
1161090 2091.2
1161100 2101.5
1161110 2109.4
1161120 2119.0
1161130 2118.2
1161140 2127.0
1161150 2136.1
1161160 2136.1
1161170 2145.8
1161180 2157.8
1161190 2157.8
1161200 2186.3
1161210 2205.2
1161220 2205.2
1161230 2214.6
1161240 2222.8
1161250 2222.8
1161260 2230.7
1161270 2239.0
1161280 2239.0
1161290 2246.6
1161300 2251.1
1161310 2251.1
1161320 2244.6
1161330 2233.2
1161340 2233.2
1161350 2220.2
1161360 2211.1
1161370 2211.1
1161380 2201.2
1161390 2190.9
1161400 2179.7
1161410 2179.7
1161420 2167.1
1161430 2145.3
1161440 2145.3
1161450 2102.1
1161460 2077.0
1161470 2077.0
1161480 2061.6
1161490 2053.4
1161500 2053.4
1161510 2048.0
1161520 2041.4
1161530 2036.1
1161540 2029.3
1161550 2022.3
1161560 2022.3
1161570 2008.4
1161580 1994.9
1161590 1994.9
1161600 1987.3
1161610 1983.7
1161620 1983.7
1161630 1981.1
1161640 1976.6
1161650 1976.6
1161660 1971.0
1161670 1964.8
1161680 1958.2
1161690 1958.2
1161700 1951.5
1161710 1944.8
1161720 1944.8
1161730 1938.5
1161740 1933.3
1161750 1933.3
1161760 1929.1
1161770 1925.1
1161780 1925.1
1161790 1919.7
1161800 1914.7
1161810 1914.7
1161820 1911.8
1161830 1910.3
1161840 1910.3
1161850 1910.6
1161860 1919.0
1161870 1919.0
1161880 1924.3
1161890 1926.1
1161900 1926.1
1161910 1929.1
1161920 1932.8
1161930 1932.8
1161940 1936.6
1161950 1937.2
1161960 1937.2
1161970 1935.5
1161980 1934.4
1161990 1935.2
1162000 1935.2
1162010 1938.2
1162020 1940.7
1162030 1940.7
1162040 1942.0
1162050 1936.6
1162060 1936.6
1162070 1939.3
1162080 1946.1
1162090 1946.1
1162100 1950.2
1162110 1953.7
1162120 1953.7
1162130 1959.0
1162140 1961.8
1162150 1961.8
1162160 1962.5
1162170 1964.9
1162180 1964.9
1162190 1966.4
1162200 1967.0
1162210 1967.0
1162220 1966.9
1162230 1968.9
1162240 1968.9
1162250 1971.8
1162260 1973.2
1162270 1973.3
1162280 1973.3
1162290 1973.9
1162300 1974.6
1162310 1974.6
1162320 1984.4
1162330 1986.4
1162340 1986.4
1162350 1992.2
1162360 1993.1
1162370 1993.1
1162380 1992.7
1162390 1996.5
1162400 1996.5
1162410 2001.2
1162420 2003.3
1162430 2003.3
1162440 2003.7
1162450 2015.4
1162460 2015.4
1162470 2034.3
1162480 2046.4
1162490 2046.4
1162500 2055.7
1162510 2063.5
1162520 2063.5
1162530 2069.2
1162540 2072.3
1162550 2072.6
1162560 2072.6
1162570 2070.7
1162580 2068.7
1162590 2068.7
1162600 2068.3
1162610 2069.6
1162620 2069.6
1162630 2071.3
1162640 2072.3
1162650 2072.3
1162660 2073.5
1162670 2074.9
1162680 2074.9
1162690 2075.9
1162700 2076.9
1162710 2082.1
1162720 2080.0
1162730 2081.5
1162740 2081.5
1162750 2083.5
1162760 2084.9
1162770 2084.9
1162780 2089.1
1162790 2095.1
1162800 2095.1
1162810 2098.7
1162820 2097.6
1162830 2095.1
1162840 2095.1
1162850 2104.5
1162860 2117.4
1162870 2117.4
1162880 2121.6
1162890 2124.2
1162900 2124.2
1162910 2127.4
1162920 2131.0
1162930 2131.0
1162940 2133.0
1162950 2133.3
1162960 2133.3
1162970 2136.2
1162980 2137.7
1162990 2137.7
1163000 2137.7
1163010 2135.5
1163020 2135.5
1163030 2135.3
1163040 2138.3
1163050 2138.3
1163060 2143.1
1163070 2152.0
1163080 2152.0
1163090 2162.3
1163100 2179.5
1163110 2188.3
1163120 2198.1
1163130 2201.1
1163140 2201.5
1163150 2201.5
1163160 2208.2
1163170 2214.8
1163180 2214.8
1163190 2219.2
1163200 2219.0
1163210 2219.0
1163220 2217.8
1163230 2219.2
1163240 2219.2
1163250 2223.4
1163260 2229.9
1163270 2229.9
1163280 2239.4
1163290 2247.0
1163300 2247.0
1163310 2253.5
1163320 2259.8
1163330 2259.8
1163340 2266.2
1163350 2272.8
1163360 2272.8
1163370 2279.3
1163380 2284.4
1163390 2284.4
1163400 2288.7
1163410 2293.6
1163420 2299.4
1163430 2299.4
1163440 2306.2
1163450 2315.9
1163460 2315.9
1163470 2327.9
1163480 2348.5
1163490 2348.5
1163500 2370.9
1163510 2414.5
1163520 2414.5
1163530 2429.1
1163540 2451.4
1163550 2451.4
1163560 2485.7
1163570 2522.2
1163580 2522.2
1163590 2531.5
1163600 2522.7
1163610 2522.7
1163620 2505.6
1163630 2486.5
1163640 2486.5
1163650 2472.3
1163660 2466.4
1163670 2466.4
1163680 2461.7
1163690 2456.7
1163700 2452.5
1163710 2452.5
1163720 2447.6
1163730 2443.0
1163740 2443.0
1163750 2438.4
1163760 2433.7
1163770 2433.7
1163780 2429.9
1163790 2427.5
1163800 2427.5
1163810 2424.4
1163820 2422.7
1163830 2422.7
1163840 2423.6
1163850 2424.9
1163860 2424.9
1163870 2424.7
1163880 2423.9
1163890 2423.9
1163900 2417.5
1163910 2418.5
1163920 2418.5
1163930 2419.7
1163940 2422.3
1163950 2422.3
1163960 2424.9
1163970 2426.1
1163980 2427.2
1163990 2427.2
1164000 2435.0
1164010 2438.9
1164020 2438.9
1164030 2442.2
1164040 2443.0
1164050 2443.0
1164060 2446.1
1164070 2448.5
1164080 2448.5
1164090 2459.5
1164100 2469.5
1164110 2469.5
1164120 2477.8
1164130 2482.8
1164140 2482.8
1164150 2481.0
1164160 2478.2
1164170 2478.2
1164180 2475.8
1164190 2473.3
1164200 2473.3
1164210 2471.9
1164220 2472.0
1164230 2472.0
1164240 2469.5
1164250 2468.5
1164260 2468.5
1164270 2467.0
1164280 2461.0
1164290 2453.7
1164300 2470.6
1164310 2468.3
1164320 2471.2
1164330 2471.2
1164340 2473.2
1164350 2472.5
1164360 2472.5
1164370 2476.2
1164380 2479.4
1164390 2479.4
1164400 2472.7
1164410 2471.8
1164420 2471.8
1164430 2477.7
1164440 2476.2
1164450 2476.2
1164460 2475.4
1164470 2481.9
1164480 2481.9
1164490 2491.0
1164500 2495.7
1164510 2495.7
1164520 2500.6
1164530 2507.8
1164540 2507.8
1164550 2507.2
1164560 2500.4
1164570 2493.5
1164580 2493.5
1164590 2497.3
1164600 2505.2
1164610 2505.2
1164620 2518.8
1164630 2518.9
1164640 2518.9
1164650 2516.9
1164660 2524.1
1164670 2524.1
1164680 2522.8
1164690 2520.5
1164700 2531.9
1164710 2532.0
1164720 2538.2
1164730 2538.2
1164740 2543.9
1164750 2549.4
1164760 2549.4
1164770 2539.4
1164780 2525.0
1164790 2525.0
1164800 2512.6
1164810 2503.1
1164820 2503.1
1164830 2491.0
1164840 2479.1
1164850 2466.1
1164860 2466.1
1164870 2453.3
1164880 2453.7
1164890 2453.7
1164900 2451.2
1164910 2440.8
1164920 2440.8
1164930 2417.1
1164940 2407.5
1164950 2407.5
1164960 2377.6
1164970 2361.7
1164980 2361.7
1164990 2354.6
1165000 2347.8
1165010 2347.8
1165020 2337.8
1165030 2325.2
1165040 2325.2
1165050 2316.0
1165060 2309.5
1165070 2309.5
1165080 2303.5
1165090 2297.4
1165100 2294.5
1165110 2288.3
1165120 2282.7
1165130 2277.7
1165140 2277.7
1165150 2273.0
1165160 2268.2
1165170 2268.2
1165180 2262.7
1165190 2257.6
1165200 2257.6
1165210 2252.9
1165220 2248.6
1165230 2248.6
1165240 2245.4
1165250 2242.0
1165260 2242.0
1165270 2239.0
1165280 2235.9
1165290 2235.9
1165300 2231.8
1165310 2227.5
1165320 2227.5
1165330 2223.6
1165340 2220.0
1165350 2220.0
1165360 2216.7
1165370 2213.9
1165380 2213.9
1165390 2211.2
1165400 2206.8
1165410 2206.8
1165420 2204.6
1165430 2204.4
1165440 2205.3
1165450 2205.3
1165460 2205.1
1165470 2205.8
1165480 2205.8
1165490 2206.4
1165500 2200.9
1165510 2200.9
1165520 2202.1
1165530 2202.6
1165540 2202.6
1165550 2202.5
1165560 2202.9
1165570 2202.9
1165580 2203.2
1165590 2203.7
1165600 2203.7
1165610 2204.2
1165620 2204.5
1165630 2204.5
1165640 2206.1
1165650 2204.9
1165660 2204.9
1165670 2204.4
1165680 2203.5
1165690 2203.5
1165700 2202.5
1165710 2202.2
1165720 2204.1
1165730 2204.1
1165740 2206.2
1165750 2207.7
1165760 2207.7
1165770 2208.7
1165780 2208.5
1165790 2208.5
1165800 2206.2
1165810 2202.1
1165820 2202.1
1165830 2200.3
1165840 2198.2
1165850 2198.2
1165860 2196.1
1165870 2194.3
1165880 2194.3
1165890 2192.8
1165900 2185.0
1165910 2185.0
1165920 2182.8
1165930 2180.3
1165940 2180.3
1165950 2177.9
1165960 2173.8
1165970 2173.8
1165980 2171.3
1165990 2168.2
1166000 2165.2
1166010 2165.2
1166020 2162.8
1166030 2161.4
1166040 2161.4
1166050 2160.4
1166060 2158.6
1166070 2158.6
1166080 2157.6
1166090 2156.6
1166100 2156.6
1166110 2155.2
1166120 2152.9
1166130 2152.9
1166140 2152.1
1166150 2150.3
1166160 2150.3
1166170 2147.8
1166180 2145.4
1166190 2145.4
1166200 2143.6
1166210 2140.5
1166220 2140.5
1166230 2136.9
1166240 2134.6
1166250 2134.6
1166260 2131.9
1166270 2128.5
1166280 2126.3
1166290 2126.3
1166300 2119.0
1166310 2116.8
1166320 2116.8
1166330 2113.5
1166340 2109.5
1166350 2109.5
1166360 2105.8
1166370 2102.3
1166380 2102.3
1166390 2099.5
1166400 2097.2
1166410 2097.2
1166420 2095.5
1166430 2094.2
1166440 2094.2
1166450 2093.0
1166460 2092.1
1166470 2092.1
1166480 2091.4
1166490 2092.5
1166500 2092.5
1166510 2093.2
1166520 2089.9
1166530 2089.9
1166540 2085.3
1166550 2083.1
1166560 2083.1
1166570 2081.0
1166580 2080.1
1166590 2079.3
1166600 2079.3
1166610 2079.1
1166620 2079.5
1166630 2079.5
1166640 2080.4
1166650 2082.5
1166660 2082.5
1166670 2084.8
1166680 2087.0
1166690 2087.0
1166700 2082.2
1166710 2082.6
1166720 2082.6
1166730 2082.4
1166740 2082.0
1166750 2082.0
1166760 2082.4
1166770 2083.2
1166780 2083.2
1166790 2085.8
1166800 2088.1
1166810 2088.1
1166820 2093.9
1166830 2112.7
1166840 2112.7
1166850 2129.2
1166860 2135.0
1166870 2149.6
1166880 2149.6
1166890 2159.9
1166900 2159.0
1166910 2159.0
1166920 2163.5
1166930 2174.1
1166940 2174.1
1166950 2173.0
1166960 2167.0
1166970 2167.0
1166980 2159.2
1166990 2153.7
1167000 2153.7
1167010 2149.4
1167020 2144.1
1167030 2144.1
1167040 2139.0
1167050 2133.2
1167060 2133.2
1167070 2127.0
1167080 2120.5
1167090 2120.5
1167100 2121.9
1167110 2115.1
1167120 2115.1
1167130 2106.6
1167140 2096.3
1167150 2087.1
1167160 2087.1
1167170 2079.2
1167180 2074.7
1167190 2074.7
1167200 2071.2
1167210 2066.1
1167220 2066.1
1167230 2058.4
1167240 2053.4
1167250 2053.4
1167260 2045.2
1167270 2036.2
1167280 2036.2
1167290 2033.8
1167300 2031.2
1167310 2031.2
1167320 2023.2
1167330 2016.4
1167340 2016.4
1167350 2008.0
1167360 1993.5
1167370 1993.5
1167380 1979.2
1167390 1970.7
1167400 1970.7
1167410 1964.1
1167420 1956.5
1167430 1948.5
1167440 1948.5
1167450 1943.1
1167460 1937.0
1167470 1937.0
1167480 1931.3
1167490 1925.5
1167500 1929.2
1167510 1923.4
1167520 1917.5
1167530 1917.5
1167540 1911.2
1167550 1904.7
1167560 1904.7
1167570 1898.1
1167580 1890.8
1167590 1890.8
1167600 1878.4
1167610 1864.4
1167620 1864.4
1167630 1857.1
1167640 1850.1
1167650 1850.1
1167660 1844.6
1167670 1838.5
1167680 1838.5
1167690 1832.0
1167700 1825.4
1167710 1825.4
1167720 1819.2
1167730 1813.8
1167740 1808.2
1167750 1808.2
1167760 1802.7
1167770 1796.7
1167780 1796.7
1167790 1791.2
1167800 1785.4
1167810 1785.4
1167820 1779.6
1167830 1773.4
1167840 1773.4
1167850 1766.8
1167860 1761.0
1167870 1761.0
1167880 1756.1
1167890 1750.6
1167900 1750.6
1167910 1747.7
1167920 1740.5
1167930 1740.5
1167940 1734.8
1167950 1728.5
1167960 1728.5
1167970 1722.0
1167980 1712.7
1167990 1712.7
1168000 1705.4
1168010 1699.7
1168020 1693.0
1168030 1693.0
1168040 1686.9
1168050 1680.3
1168060 1680.3
1168070 1674.0
1168080 1668.4
1168090 1668.4
1168100 1663.8
1168110 1659.9
1168120 1659.9
1168130 1655.9
1168140 1653.6
1168150 1653.6
1168160 1650.9
1168170 1648.1
1168180 1648.1
1168190 1645.0
1168200 1642.1
1168210 1642.1
1168220 1639.4
1168230 1636.4
1168240 1636.4
1168250 1632.7
1168260 1628.7
1168270 1628.7
1168280 1626.1
1168290 1623.6
1168300 1621.5
1168310 1618.2
1168320 1615.0
1168330 1612.0
1168340 1612.0
1168350 1609.7
1168360 1607.5
1168370 1607.5
1168380 1606.4
1168390 1604.0
1168400 1604.0
1168410 1603.9
1168420 1602.7
1168430 1602.7
1168440 1601.5
1168450 1601.3
1168460 1601.3
1168470 1600.8
1168480 1600.0
1168490 1600.0
1168500 1598.5
1168510 1598.8
1168520 1598.8
1168530 1599.3
1168540 1598.7
1168550 1598.7
1168560 1597.0
1168570 1594.7
1168580 1592.6
1168590 1592.6
1168600 1590.9
1168610 1590.4
1168620 1590.4
1168630 1590.4
1168640 1591.9
1168650 1591.9
1168660 1593.3
1168670 1594.6
1168680 1594.6
1168690 1595.8
1168700 1595.4
1168710 1588.7
1168720 1589.3
1168730 1589.4
1168740 1589.4
1168750 1589.1
1168760 1588.2
1168770 1588.2
1168780 1587.2
1168790 1586.1
1168800 1586.1
1168810 1585.3
1168820 1584.1
1168830 1584.1
1168840 1583.6
1168850 1581.9
1168860 1581.9
1168870 1580.4
1168880 1579.4
1168890 1578.9
1168900 1578.9
1168910 1578.4
1168920 1576.3
1168930 1576.3
1168940 1575.2
1168950 1576.2
1168960 1576.2
1168970 1576.7
1168980 1576.8
1168990 1576.8
1169000 1576.9
1169010 1577.3
1169020 1577.3
1169030 1578.1
1169040 1578.9
1169050 1578.9
1169060 1578.7
1169070 1577.9
1169080 1577.9
1169090 1576.3
1169100 1573.6
1169110 1573.6
1169120 1565.8
1169130 1562.3
1169140 1562.3
1169150 1559.3
1169160 1556.8
1169170 1555.1
1169180 1555.1
1169190 1553.8
1169200 1549.7
1169210 1549.7
1169220 1544.9
1169230 1541.0
1169240 1541.0
1169250 1537.0
1169260 1533.3
1169270 1533.3
1169280 1530.5
1169290 1528.3
1169300 1528.3
1169310 1526.1
1169320 1524.9
1169330 1524.9
1169340 1524.0
1169350 1522.3
1169360 1522.3
1169370 1518.8
1169380 1515.1
1169390 1515.1
1169400 1512.4
1169410 1510.7
1169420 1510.7
1169430 1509.2
1169440 1507.1
1169450 1504.4
1169460 1504.4
1169470 1502.3
1169480 1500.1
1169490 1500.1
1169500 1497.7
1169510 1495.2
1169520 1490.8
1169530 1488.5
1169540 1485.5
1169550 1485.5
1169560 1482.3
1169570 1477.4
1169580 1477.4
1169590 1472.5
1169600 1468.7
1169610 1468.7
1169620 1464.0
1169630 1460.4
1169640 1460.4
1169650 1459.7
1169660 1457.8
1169670 1457.8
1169680 1454.0
1169690 1450.8
1169700 1450.8
1169710 1448.5
1169720 1445.8
1169730 1442.1
1169740 1442.1
1169750 1438.2
1169760 1434.8
1169770 1434.8
1169780 1430.6
1169790 1426.7
1169800 1426.7
1169810 1422.4
1169820 1417.1
1169830 1417.1
1169840 1410.2
1169850 1405.2
1169860 1405.2
1169870 1401.0
1169880 1396.4
1169890 1396.4
1169900 1391.0
1169910 1385.4
1169920 1378.5
1169930 1374.1
1169940 1370.0
1169950 1370.0
1169960 1366.1
1169970 1361.9
1169980 1361.9
1169990 1357.6
1170000 1353.7
1170010 1353.7
1170020 1350.2
1170030 1347.3
1170040 1345.4
1170050 1345.4
1170060 1343.2
1170070 1340.8
1170080 1340.8
1170090 1338.0
1170100 1334.9
1170110 1334.9
1170120 1331.8
1170130 1328.8
1170140 1328.8
1170150 1325.8
1170160 1323.3
1170170 1323.3
1170180 1321.7
1170190 1320.9
1170200 1320.9
1170210 1320.1
1170220 1319.0
1170230 1319.0
1170240 1317.1
1170250 1314.8
1170260 1314.8
1170270 1313.5
1170280 1313.4
1170290 1313.4
1170300 1313.7
1170310 1314.8
1170320 1316.1
1170330 1310.8
1170340 1310.1
1170350 1308.2
1170360 1308.2
1170370 1306.1
1170380 1303.7
1170390 1303.7
1170400 1301.1
1170410 1298.2
1170420 1298.2
1170430 1294.6
1170440 1289.4
1170450 1289.4
1170460 1283.0
1170470 1276.7
1170480 1276.7
1170490 1270.6
1170500 1265.0
1170510 1265.0
1170520 1259.6
1170530 1254.8
1170540 1254.8
1170550 1249.6
1170560 1244.1
1170570 1244.1
1170580 1239.2
1170590 1233.9
1170600 1226.8
1170610 1226.8
1170620 1220.5
1170630 1215.7
1170640 1215.7
1170650 1213.6
1170660 1212.3
1170670 1212.3
1170680 1210.7
1170690 1209.5
1170700 1209.5
1170710 1210.8
1170720 1210.7
1170730 1204.5
1170740 1204.2
1170750 1202.5
1170760 1202.5
1170770 1199.9
1170780 1196.8
1170790 1196.8
1170800 1193.8
1170810 1191.2
1170820 1191.2
1170830 1187.8
1170840 1182.5
1170850 1182.5
1170860 1179.6
1170870 1178.0
1170880 1176.0
1170890 1176.0
1170900 1174.8
1170910 1173.8
1170920 1173.8
1170930 1172.0
1170940 1170.3
1170950 1170.3
1170960 1169.0
1170970 1168.1
1170980 1168.1
1170990 1167.1
1171000 1166.2
1171010 1166.2
1171020 1164.8
1171030 1162.1
1171040 1162.1
1171050 1159.3
1171060 1153.1
1171070 1153.1
1171080 1146.3
1171090 1148.0
1171100 1148.0
1171110 1148.7
1171120 1148.0
1171130 1148.0
1171140 1141.7
1171150 1139.5
1171160 1139.5
1171170 1138.4
1171180 1137.5
1171190 1135.4
1171200 1135.4
1171210 1135.3
1171220 1134.9
1171230 1134.9
1171240 1134.5
1171250 1133.8
1171260 1133.8
1171270 1133.0
1171280 1131.9
1171290 1131.9
1171300 1131.1
1171310 1130.2
1171320 1130.2
1171330 1129.4
1171340 1128.3
1171350 1128.3
1171360 1126.7
1171370 1124.5
1171380 1124.5
1171390 1122.3
1171400 1120.7
1171410 1120.7
1171420 1119.1
1171430 1117.1
1171440 1117.1
1171450 1116.1
1171460 1114.7
1171470 1111.6
1171480 1111.6
1171490 1108.0
1171500 1102.9
1171510 1102.9
1171520 1096.9
1171530 1092.2
1171540 1092.2
1171550 1084.9
1171560 1081.7
1171570 1081.7
1171580 1077.7
1171590 1073.2
1171600 1073.2
1171610 1067.9
1171620 1061.7
1171630 1061.7
1171640 1054.4
1171650 1051.8
1171660 1051.8
1171670 1050.5
1171680 1047.3
1171690 1047.3
1171700 1043.8
1171710 1040.5
1171720 1040.5
1171730 1037.5
1171740 1034.6
1171750 1031.9
1171760 1031.9
1171770 1029.5
1171780 1027.0
1171790 1027.0
1171800 1024.4
1171810 1021.8
1171820 1021.8
1171830 1020.1
1171840 1017.5
1171850 1017.5
1171860 1015.1
1171870 1012.8
1171880 1012.8
1171890 1010.8
1171900 1008.4
1171910 1008.4
1171920 1006.7
1171930 1004.9
1171940 1004.9
1171950 1002.8
1171960 999.3
1171970 999.3
1171980 997.8
1171990 996.2
1172000 996.2
1172010 995.4
1172020 995.8
1172030 997.2
1172040 997.2
1172050 995.9
1172060 994.0
1172070 994.0
1172080 992.6
1172090 990.9
1172100 990.9
1172110 987.9
1172120 986.6
1172130 986.6
1172140 986.4
1172150 986.4
1172160 986.4
1172170 986.1
1172180 985.8
1172190 985.8
1172200 985.3
1172210 984.7
1172220 984.7
1172230 985.1
1172240 984.9
1172250 984.9
1172260 984.2
1172270 983.4
1172280 983.4
1172290 982.3
1172300 981.5
1172310 981.4
1172320 981.4
1172330 981.9
1172340 983.4
1172350 983.4
1172360 981.1
1172370 980.5
1172380 980.5
1172390 980.3
1172400 977.3
1172410 977.3
1172420 973.6
1172430 972.2
1172440 972.2
1172450 972.1
1172460 972.0
1172470 972.0
1172480 971.5
1172490 970.7
1172500 970.7
1172510 970.2
1172520 969.9
1172530 969.9
1172540 969.8
1172550 969.7
1172560 969.7
1172570 969.7
1172580 969.7
1172590 969.7
1172600 970.1
1172610 971.4
1172620 972.1
1172630 972.1
1172640 972.2
1172650 972.1
1172660 972.1
1172670 972.0
1172680 972.0
1172690 972.0
1172700 971.9
1172710 971.9
1172720 971.9
1172730 971.8
1172740 971.7
1172750 971.7
1172760 971.6
1172770 971.8
1172780 971.8
1172790 971.8
1172800 971.8
1172810 971.8
1172820 972.0
1172830 971.8
1172840 971.8
1172850 971.6
1172860 971.4
1172870 971.4
1172880 971.3
1172890 971.3
1172900 971.3
1172910 971.3
1172920 971.6
1172930 972.0
1172940 972.0
1172950 972.4
1172960 972.6
1172970 972.6
1172980 972.5
1172990 972.4
1173000 972.4
1173010 972.4
1173020 972.3
1173030 972.3
1173040 972.1
1173050 971.9
1173060 971.9
1173070 971.8
1173080 971.7
1173090 971.7
1173100 972.3
1173110 972.8
1173120 972.8
1173130 972.0
1173140 971.6
1173150 971.6
1173160 971.4
1173170 971.4
1173180 971.6
1173190 971.6
1173200 971.3
1173210 971.3
1173220 971.3
1173230 971.1
1173240 970.9
1173250 970.9
1173260 971.0
1173270 970.8
1173280 970.8
1173290 970.6
1173300 970.7
1173310 970.7
1173320 970.9
1173330 970.9
1173340 970.9
1173350 971.0
1173360 971.0
1173370 971.0
1173380 971.1
1173390 971.2
1173400 971.2
1173410 972.2
1173420 974.5
1173430 974.5
1173440 979.4
1173450 981.8
1173460 982.1
1173470 982.1
1173480 982.3
1173490 982.6
1173500 982.6
1173510 982.9
1173520 983.3
1173530 983.3
1173540 984.2
1173550 985.8
1173560 985.8
1173570 987.9
1173580 990.2
1173590 990.4
1173600 992.7
1173610 995.3
1173620 995.3
1173630 998.3
1173640 1001.0
1173650 1001.0
1173660 1003.5
1173670 1006.2
1173680 1006.2
1173690 1008.7
1173700 1011.4
1173710 1011.4
1173720 1014.4
1173730 1018.1
1173740 1018.1
1173750 1020.9
1173760 1023.0
1173770 1026.5
1173780 1026.5
1173790 1029.5
1173800 1032.3
1173810 1032.3
1173820 1035.5
1173830 1039.0
1173840 1039.0
1173850 1042.2
1173860 1045.2
1173870 1045.2
1173880 1048.3
1173890 1051.5
1173900 1051.5
1173910 1054.7
1173920 1057.4
1173930 1057.4
1173940 1060.3
1173950 1063.1
1173960 1063.1
1173970 1065.7
1173980 1069.0
1173990 1069.0
1174000 1075.4
1174010 1080.2
1174020 1080.2
1174030 1085.6
1174040 1091.2
1174050 1096.8
1174060 1096.8
1174070 1102.2
1174080 1107.4
1174090 1107.4
1174100 1112.5
1174110 1117.6
1174120 1117.6
1174130 1122.8
1174140 1128.1
1174150 1128.1
1174160 1133.1
1174170 1137.3
1174180 1137.3
1174190 1142.4
1174200 1149.7
1174210 1149.7
1174220 1158.6
1174230 1168.9
1174240 1168.9
1174250 1178.8
1174260 1189.5
1174270 1189.5
1174280 1201.6
1174290 1213.3
1174300 1213.3
1174310 1222.9
1174320 1233.2
1174330 1244.5
1174340 1244.5
1174350 1255.5
1174360 1263.8
1174370 1263.8
1174380 1275.5
1174390 1294.8
1174400 1294.8
1174410 1317.3
1174420 1329.6
1174430 1329.6
1174440 1347.8
1174450 1359.8
1174460 1359.8
1174470 1369.2
1174480 1379.1
1174490 1379.1
1174500 1390.1
1174510 1398.3
1174520 1398.3
1174530 1405.2
1174540 1414.8
1174550 1414.8
1174560 1428.7
1174570 1436.7
1174580 1436.7
1174590 1443.7
1174600 1452.0
1174610 1458.2
1174620 1458.2
1174630 1461.9
1174640 1466.6
1174650 1466.6
1174660 1473.8
1174670 1482.4
1174680 1482.4
1174690 1492.5
1174700 1501.6
1174710 1501.6
1174720 1509.1
1174730 1517.3
1174740 1517.3
1174750 1525.3
1174760 1534.1
1174770 1534.1
1174780 1543.5
1174790 1552.3
1174800 1552.3
1174810 1559.5
1174820 1567.7
1174830 1567.7
1174840 1573.8
1174850 1580.9
1174860 1580.9
1174870 1587.0
1174880 1591.9
1174890 1597.1
1174900 1597.1
1174910 1602.6
1174920 1609.0
1174930 1609.0
1174940 1616.4
1174950 1623.9
1174960 1623.9
1174970 1632.0
1174980 1639.5
1174990 1639.5
1175000 1647.4
1175010 1657.8
1175020 1657.8
1175030 1666.8
1175040 1673.3
1175050 1673.3
1175060 1680.2
1175070 1687.9
1175080 1687.9
1175090 1695.2
1175100 1701.7
1175110 1701.7
1175120 1707.1
1175130 1712.6
1175140 1712.6
1175150 1718.1
1175160 1724.5
1175170 1724.5
1175180 1733.3
1175190 1742.5
1175200 1748.0
1175210 1748.0
1175220 1753.2
1175230 1765.3
1175240 1765.3
1175250 1772.6
1175260 1780.7
1175270 1780.7
1175280 1789.9
1175290 1799.1
1175300 1799.1
1175310 1808.0
1175320 1816.3
1175330 1816.3
1175340 1825.8
1175350 1835.2
1175360 1835.2
1175370 1841.0
1175380 1850.2
1175390 1850.2
1175400 1857.9
1175410 1859.2
1175420 1859.2
1175430 1862.4
1175440 1866.2
1175450 1866.2
1175460 1870.8
1175470 1876.6
1175480 1883.6
1175490 1883.6
1175500 1891.0
1175510 1897.3
1175520 1897.3
1175530 1901.8
1175540 1905.7
1175550 1905.7
1175560 1910.4
1175570 1913.3
1175580 1913.3
1175590 1917.0
1175600 1922.5
1175610 1922.5
1175620 1922.8
1175630 1920.5
1175640 1920.5
1175650 1925.6
1175660 1923.4
1175670 1923.4
1175680 1919.7
1175690 1915.8
1175700 1915.8
1175710 1912.6
1175720 1911.6
1175730 1911.6
1175740 1911.5
1175750 1912.0
1175760 1913.5
1175770 1913.5
1175780 1914.8
1175790 1920.2
1175800 1920.2
1175810 1927.5
1175820 1934.1
1175830 1934.1
1175840 1940.7
1175850 1947.7
1175860 1947.7
1175870 1953.2
1175880 1958.8
1175890 1958.8
1175900 1965.2
1175910 1970.4
1175920 1970.4
1175930 1973.2
1175940 1976.6
1175950 1976.6
1175960 1979.7
1175970 1981.0
1175980 1981.0
1175990 1982.2
1176000 1984.4
1176010 1984.4
1176020 1985.9
1176030 1986.8
1176040 1987.5
1176050 1987.5
1176060 1996.3
1176070 1999.6
1176080 1999.6
1176090 2002.6
1176100 1997.8
1176110 1997.8
1176120 1989.8
1176130 1981.0
1176140 1981.0
1176150 1972.0
1176160 1963.2
1176170 1963.2
1176180 1954.6
1176190 1945.1
1176200 1945.1
1176210 1933.8
1176220 1923.0
1176230 1923.0
1176240 1915.9
1176250 1913.0
1176260 1913.0
1176270 1910.8
1176280 1906.9
1176290 1906.9
1176300 1904.7
1176310 1903.4
1176320 1903.4
1176330 1900.9
1176340 1897.9
1176350 1898.8
1176360 1898.8
1176370 1903.0
1176380 1906.8
1176390 1906.8
1176400 1911.2
1176410 1915.5
1176420 1915.5
1176430 1920.1
1176440 1925.6
1176450 1925.6
1176460 1933.6
1176470 1945.2
1176480 1945.2
1176490 1953.4
1176500 1961.7
1176510 1961.7
1176520 1970.0
1176530 1976.9
1176540 1976.9
1176550 1983.8
1176560 1991.7
1176570 1991.7
1176580 1999.9
1176590 2008.2
1176600 2008.2
1176610 2017.3
1176620 2026.9
1176630 2036.8
1176640 2036.8
1176650 2048.2
1176660 2059.4
1176670 2059.4
1176680 2068.3
1176690 2076.5
1176700 2076.5
1176710 2083.7
1176720 2089.1
1176730 2089.1
1176740 2094.5
1176750 2098.2
1176760 2098.2
1176770 2102.8
1176780 2109.1
1176790 2109.1
1176800 2113.6
1176810 2115.9
1176820 2115.9
1176830 2116.8
1176840 2118.3
1176850 2118.3
1176860 2121.6
1176870 2120.5
1176880 2127.7
1176890 2125.4
1176900 2122.2
1176910 2121.3
1176920 2121.3
1176930 2118.7
1176940 2109.8
1176950 2109.8
1176960 2100.0
1176970 2090.2
1176980 2090.2
1176990 2082.1
1177000 2077.3
1177010 2077.3
1177020 2077.4
1177030 2080.1
1177040 2080.1
1177050 2079.5
1177060 2072.1
1177070 2072.1
1177080 2071.5
1177090 2080.3
1177100 2080.3
1177110 2088.8
1177120 2090.3
1177130 2090.3
1177140 2091.7
1177150 2097.6
1177160 2097.6
1177170 2106.4
1177180 2115.4
1177190 2124.9
1177200 2124.9
1177210 2132.8
1177220 2134.9
1177230 2134.9
1177240 2130.8
1177250 2126.5
1177260 2126.5
1177270 2122.4
1177280 2119.0
1177290 2119.0
1177300 2120.9
1177310 2117.0
1177320 2117.0
1177330 2113.5
1177340 2110.5
1177350 2110.5
1177360 2108.1
1177370 2104.3
1177380 2104.3
1177390 2100.6
1177400 2097.0
1177410 2097.0
1177420 2093.4
1177430 2089.8
1177440 2089.8
1177450 2085.0
1177460 2081.3
1177470 2078.4
1177480 2078.4
1177490 2073.7
1177500 2066.2
1177510 2066.2
1177520 2058.2
1177530 2051.9
1177540 2051.9
1177550 2047.5
1177560 2042.9
1177570 2042.9
1177580 2035.1
1177590 2027.5
1177600 2027.5
1177610 2021.5
1177620 2016.0
1177630 2016.0
1177640 2012.6
1177650 2009.8
1177660 2009.8
1177670 2007.1
1177680 2004.8
1177690 2004.8
1177700 2003.3
1177710 2007.9
1177720 2007.9
1177730 2007.3
1177740 2006.5
1177750 2006.5
1177760 2005.3
1177770 2004.7
1177780 2004.8
1177790 2004.8
1177800 2005.1
1177810 2005.8
1177820 2005.8
1177830 2005.9
1177840 2005.4
1177850 2005.4
1177860 2005.2
1177870 2004.5
1177880 2004.5
1177890 2004.1
1177900 2004.3
1177910 2004.3
1177920 2004.6
1177930 2004.9
1177940 2004.9
1177950 2006.0
1177960 2007.5
1177970 2007.5
1177980 2000.0
1177990 1990.9
1178000 1990.9
1178010 1992.1
1178020 2002.7
1178030 2002.7
1178040 2008.1
1178050 2011.3
1178060 2015.9
1178070 2015.9
1178080 2021.8
1178090 2030.2
1178100 2030.2
1178110 2037.3
1178120 2044.1
1178130 2055.7
1178140 2061.9
1178150 2066.9
1178160 2066.9
1178170 2073.6
1178180 2080.5
1178190 2080.5
1178200 2086.3
1178210 2091.5
1178220 2091.5
1178230 2096.3
1178240 2100.7
1178250 2100.7
1178260 2105.1
1178270 2109.3
1178280 2109.3
1178290 2113.3
1178300 2117.3
1178310 2117.3
1178320 2121.5
1178330 2126.1
1178340 2130.6
1178350 2130.6
1178360 2135.2
1178370 2139.9
1178380 2139.9
1178390 2145.0
1178400 2150.1
1178410 2150.1
1178420 2155.3
1178430 2160.9
1178440 2160.9
1178450 2166.8
1178460 2172.7
1178470 2172.7
1178480 2178.9
1178490 2184.7
1178500 2184.7
1178510 2190.5
1178520 2196.5
1178530 2196.5
1178540 2202.7
1178550 2211.4
1178560 2211.4
1178570 2217.0
1178580 2222.7
1178590 2222.7
1178600 2229.4
1178610 2236.1
1178620 2242.7
1178630 2242.7
1178640 2249.8
1178650 2257.9
1178660 2257.9
1178670 2265.8
1178680 2275.2
1178690 2275.2
1178700 2286.8
1178710 2297.3
1178720 2297.3
1178730 2306.9
1178740 2315.7
1178750 2315.7
1178760 2324.5
1178770 2332.7
1178780 2332.7
1178790 2341.1
1178800 2348.8
1178810 2348.8
1178820 2355.7
1178830 2362.5
1178840 2362.5
1178850 2369.2
1178860 2375.4
1178870 2375.4
1178880 2382.1
1178890 2389.0
1178900 2389.0
1178910 2396.4
1178920 2403.9
1178930 2411.3
1178940 2411.3
1178950 2419.2
1178960 2429.0
1178970 2429.0
1178980 2436.4
1178990 2444.1
1179000 2444.1
1179010 2452.6
1179020 2461.0
1179030 2461.0
1179040 2467.5
1179050 2461.8
1179060 2461.8
1179070 2449.3
1179080 2436.1
1179090 2436.1
1179100 2422.5
1179110 2409.9
1179120 2409.9
1179130 2402.0
1179140 2396.2
1179150 2396.2
1179160 2384.8
1179170 2371.6
1179180 2371.6
1179190 2365.8
1179200 2357.7
1179210 2345.1
1179220 2345.1
1179230 2329.5
1179240 2315.4
1179250 2315.4
1179260 2300.0
1179270 2285.2
1179280 2285.2
1179290 2273.3
1179300 2266.3
1179310 2266.3
1179320 2269.7
1179330 2270.6
1179340 2270.6
1179350 2260.0
1179360 2243.3
1179370 2243.3
1179380 2221.9
1179390 2231.6
1179400 2231.6
1179410 2229.9
1179420 2220.4
1179430 2220.4
1179440 2211.9
1179450 2203.0
1179460 2203.0
1179470 2192.5
1179480 2181.1
1179490 2169.6
1179500 2169.6
1179510 2150.3
1179520 2135.7
1179530 2135.7
1179540 2120.4
1179550 2110.9
1179560 2110.9
1179570 2104.6
1179580 2099.9
1179590 2099.9
1179600 2093.5
1179610 2086.3
1179620 2086.3
1179630 2080.7
1179640 2076.0
1179650 2076.0
1179660 2071.4
1179670 2066.4
1179680 2066.4
1179690 2061.1
1179700 2056.1
1179710 2056.1
1179720 2051.2
1179730 2045.9
1179740 2045.9
1179750 2039.9
1179760 2034.9
1179770 2029.6
1179780 2029.6
1179790 2024.9
1179800 2015.4
1179810 2015.4
1179820 2011.5
1179830 2007.1
1179840 2007.1
1179850 2001.7
1179860 1995.6
1179870 1995.6
1179880 1988.9
1179890 1982.6
1179900 1982.6
1179910 1975.8
1179920 1969.7
1179930 1969.7
1179940 1964.3
1179950 1959.6
1179960 1959.6
1179970 1954.5
1179980 1949.3
1179990 1949.3
