1160000 1896.2
1160010 1893.3
1160020 1891.0
1160030 1891.0
1160040 1892.6
1160050 1892.1
1160060 1888.2
1160070 1892.3
1160080 1890.1
1160090 1885.5
1160100 1885.5
1160110 1881.1
1160120 1876.5
1160130 1876.5
1160140 1871.8
1160150 1867.5
1160160 1867.5
1160170 1864.4
1160180 1860.9
1160190 1860.9
1160200 1857.3
1160210 1853.7
1160220 1853.7
1160230 1849.8
1160240 1846.7
1160250 1846.7
1160260 1844.7
1160270 1842.5
1160280 1842.5
1160290 1840.5
1160300 1842.4
1160310 1842.4
1160320 1842.1
1160330 1837.6
1160340 1828.6
1160350 1828.6
1160360 1815.4
1160370 1806.8
1160380 1806.8
1160390 1801.3
1160400 1794.9
1160410 1794.9
1160420 1784.6
1160430 1777.5
1160440 1777.5
1160450 1771.9
1160460 1769.3
1160470 1769.3
1160480 1764.2
1160490 1759.5
1160500 1759.5
1160510 1753.7
1160520 1748.2
1160530 1748.2
1160540 1742.9
1160550 1736.0
1160560 1736.0
1160570 1730.9
1160580 1730.8
1160590 1730.8
1160600 1734.5
1160610 1740.1
1160620 1745.7
1160630 1745.7
1160640 1750.9
1160650 1757.3
1160660 1757.3
1160670 1763.5
1160680 1769.7
1160690 1769.7
1160700 1773.4
1160710 1777.9
1160720 1777.9
1160730 1785.7
1160740 1799.0
1160750 1799.0
1160760 1809.9
1160770 1820.0
1160780 1820.0
1160790 1832.8
1160800 1841.6
1160810 1841.6
1160820 1848.6
1160830 1857.3
1160840 1857.3
1160850 1865.1
1160860 1878.0
1160870 1878.0
1160880 1894.2
1160890 1909.8
1160900 1909.8
1160910 1927.4
1160920 1940.4
1160930 1941.3
1160940 1941.3
1160950 1953.9
1160960 1968.3
1160970 1968.3
1160980 1978.8
1160990 1987.9
1161000 1987.9
1161010 2001.4
1161020 2015.7
1161030 2015.7
1161040 2031.5
1161050 2045.4
1161060 2045.4
1161070 2058.4
1161080 2084.5
1161090 2084.5
1161100 2102.0
1161110 2110.6
1161120 2110.6
1161130 2118.6
1161140 2127.3
1161150 2127.3
1161160 2135.6
1161170 2145.1
1161180 2145.1
1161190 2165.7
1161200 2198.1
1161210 2210.2
1161220 2210.2
1161230 2217.9
1161240 2225.0
1161250 2223.3
1161260 2229.2
1161270 2234.3
1161280 2234.3
1161290 2238.7
1161300 2243.1
1161310 2243.1
1161320 2244.5
1161330 2238.6
1161340 2238.6
1161350 2230.1
1161360 2218.3
1161370 2218.3
1161380 2208.2
1161390 2196.8
1161400 2196.8
1161410 2182.0
1161420 2161.5
1161430 2161.5
1161440 2153.6
1161450 2135.2
1161460 2135.2
1161470 2095.8
1161480 2077.6
1161490 2054.9
1161500 2054.9
1161510 2045.8
1161520 2035.1
1161530 2035.1
1161540 2022.8
1161550 2015.0
1161560 2015.0
1161570 2008.9
1161580 2003.9
1161590 2003.9
1161600 2000.7
1161610 1995.9
1161620 1995.9
1161630 1989.8
1161640 1984.0
1161650 1984.0
1161660 1977.7
1161670 1971.4
1161680 1971.4
1161690 1965.5
1161700 1960.4
1161710 1960.4
1161720 1955.9
1161730 1951.5
1161740 1951.5
1161750 1947.0
1161760 1941.8
1161770 1936.9
1161780 1936.9
1161790 1933.0
1161800 1930.1
1161810 1930.1
1161820 1927.9
1161830 1925.5
1161840 1925.5
1161850 1924.0
1161860 1925.0
1161870 1925.0
1161880 1929.0
1161890 1931.8
1161900 1931.8
1161910 1934.7
1161920 1938.5
1161930 1938.5
1161940 1940.1
1161950 1940.5
1161960 1940.5
1161970 1942.0
1161980 1945.0
1161990 1945.0
1162000 1948.4
1162010 1951.6
1162020 1951.6
1162030 1955.6
1162040 1964.1
1162050 1964.1
1162060 1966.4
1162070 1967.8
1162080 1966.4
1162090 1966.4
1162100 1961.2
1162110 1963.7
1162120 1963.7
1162130 1968.7
1162140 1971.7
1162150 1971.7
1162160 1974.7
1162170 1977.9
1162180 1977.9
1162190 1981.9
1162200 1982.6
1162210 1982.6
1162220 1985.1
1162230 1988.0
1162240 1988.0
1162250 1990.6
1162260 1994.3
1162270 1994.3
1162280 1998.0
1162290 2000.7
1162300 2000.7
1162310 2004.7
1162320 2006.4
1162330 2006.4
1162340 2005.3
1162350 2004.0
1162360 2006.8
1162370 2006.8
1162380 2008.4
1162390 2010.4
1162400 2010.4
1162410 2012.8
1162420 2015.0
1162430 2015.0
1162440 2024.2
1162450 2030.0
1162460 2030.0
1162470 2038.1
1162480 2047.3
1162490 2047.3
1162500 2058.2
1162510 2068.0
1162520 2068.0
1162530 2077.7
1162540 2083.6
1162550 2083.6
1162560 2085.3
1162570 2085.5
1162580 2085.5
1162590 2085.3
1162600 2086.7
1162610 2086.7
1162620 2088.8
1162630 2092.1
1162640 2094.7
1162650 2094.7
1162660 2094.4
1162670 2093.6
1162680 2093.6
1162690 2093.4
1162700 2093.6
1162710 2093.6
1162720 2094.7
1162730 2096.7
1162740 2096.7
1162750 2103.1
1162760 2110.8
1162770 2110.8
1162780 2117.5
1162790 2121.4
1162800 2121.4
1162810 2123.0
1162820 2121.6
1162830 2138.1
1162840 2138.1
1162850 2137.0
1162860 2137.0
1162870 2142.1
1162880 2143.6
1162890 2143.6
1162900 2142.2
1162910 2143.0
1162920 2146.9
1162930 2146.9
1162940 2149.3
1162950 2150.8
1162960 2150.8
1162970 2152.1
1162980 2157.3
1162990 2157.3
1163000 2162.6
1163010 2163.3
1163020 2163.3
1163030 2170.0
1163040 2174.9
1163050 2174.9
1163060 2179.8
1163070 2190.3
1163080 2190.3
1163090 2202.4
1163100 2212.7
1163110 2212.7
1163120 2215.6
1163130 2215.5
1163140 2215.5
1163150 2214.4
1163160 2215.2
1163170 2215.2
1163180 2219.6
1163190 2224.6
1163200 2224.6
1163210 2229.9
1163220 2233.2
1163230 2240.9
1163240 2240.9
1163250 2243.2
1163260 2245.9
1163270 2245.9
1163280 2249.9
1163290 2254.6
1163300 2254.6
1163310 2260.7
1163320 2267.4
1163330 2267.4
1163340 2274.1
1163350 2281.3
1163360 2281.3
1163370 2289.2
1163380 2296.9
1163390 2296.9
1163400 2303.9
1163410 2310.3
1163420 2310.3
1163430 2315.9
1163440 2328.2
1163450 2328.2
1163460 2354.8
1163470 2378.2
1163480 2378.2
1163490 2397.4
1163500 2413.8
1163510 2431.3
1163520 2431.3
1163530 2442.6
1163540 2458.3
1163550 2458.3
1163560 2499.7
1163570 2515.5
1163580 2515.5
1163590 2502.7
1163600 2486.2
1163610 2486.2
1163620 2471.0
1163630 2464.6
1163640 2464.6
1163650 2457.9
1163660 2451.2
1163670 2451.2
1163680 2445.1
1163690 2440.1
1163700 2440.1
1163710 2435.5
1163720 2431.1
1163730 2431.1
1163740 2426.6
1163750 2422.2
1163760 2422.2
1163770 2417.8
1163780 2413.5
1163790 2409.6
1163800 2409.6
1163810 2406.2
1163820 2403.8
1163830 2403.8
1163840 2403.2
1163850 2403.4
1163860 2403.4
1163870 2403.2
1163880 2402.7
1163890 2402.7
1163900 2403.7
1163910 2404.3
1163920 2404.3
1163930 2405.7
1163940 2408.7
1163950 2408.7
1163960 2411.2
1163970 2412.5
1163980 2412.5
1163990 2411.5
1164000 2413.7
1164010 2413.7
1164020 2410.1
1164030 2416.9
1164040 2416.9
1164050 2418.6
1164060 2417.4
1164070 2421.7
1164080 2421.7
1164090 2423.0
1164100 2428.0
1164110 2428.0
1164120 2432.6
1164130 2440.9
1164140 2440.9
1164150 2449.4
1164160 2463.8
1164170 2463.8
1164180 2479.6
1164190 2494.0
1164200 2494.0
1164210 2500.9
1164220 2502.1
1164230 2502.1
1164240 2501.0
1164250 2507.2
1164260 2507.2
1164270 2511.0
1164280 2508.8
1164290 2508.8
1164300 2509.2
1164310 2512.0
1164320 2512.0
1164330 2510.4
1164340 2513.8
1164350 2513.8
1164360 2518.6
1164370 2521.8
1164380 2521.8
1164390 2521.8
1164400 2518.3
1164410 2512.9
1164420 2540.2
1164430 2541.4
1164440 2544.3
1164450 2544.3
1164460 2545.3
1164470 2538.7
1164480 2538.7
1164490 2536.9
1164500 2545.0
1164510 2545.0
1164520 2554.4
1164530 2559.7
1164540 2559.7
1164550 2558.7
1164560 2550.6
1164570 2550.6
1164580 2537.9
1164590 2540.5
1164600 2540.5
1164610 2543.4
1164620 2545.7
1164630 2545.7
1164640 2546.6
1164650 2546.2
1164660 2552.8
1164670 2552.8
1164680 2557.1
1164690 2555.6
1164700 2555.6
1164710 2555.4
1164720 2562.4
1164730 2562.4
1164740 2564.0
1164750 2548.8
1164760 2548.8
1164770 2532.1
1164780 2509.1
1164790 2509.1
1164800 2498.5
1164810 2490.2
1164820 2484.1
1164830 2475.7
1164840 2468.5
1164850 2468.5
1164860 2458.8
1164870 2440.1
1164880 2440.1
1164890 2425.9
1164900 2416.6
1164910 2416.6
1164920 2394.3
1164930 2379.7
1164940 2365.4
1164950 2365.4
1164960 2358.2
1164970 2350.4
1164980 2350.4
1164990 2341.1
1165000 2332.7
1165010 2332.7
1165020 2322.6
1165030 2314.9
1165040 2314.9
1165050 2308.3
1165060 2301.9
1165070 2301.9
1165080 2295.6
1165090 2289.5
1165100 2289.5
1165110 2283.3
1165120 2277.1
1165130 2277.1
1165140 2271.0
1165150 2265.0
1165160 2265.0
1165170 2259.5
1165180 2254.7
1165190 2254.7
1165200 2249.5
1165210 2244.1
1165220 2235.3
1165230 2235.3
1165240 2230.6
1165250 2226.5
1165260 2226.5
1165270 2223.0
1165280 2219.1
1165290 2219.1
1165300 2216.2
1165310 2213.4
1165320 2213.4
1165330 2209.5
1165340 2205.9
1165350 2205.9
1165360 2202.0
1165370 2197.7
1165380 2197.7
1165390 2194.6
1165400 2191.9
1165410 2191.9
1165420 2189.1
1165430 2187.6
1165440 2187.6
1165450 2187.5
1165460 2187.9
1165470 2187.9
1165480 2188.8
1165490 2190.6
1165500 2190.6
1165510 2190.4
1165520 2190.0
1165530 2190.4
1165540 2190.4
1165550 2190.9
1165560 2189.9
1165570 2189.9
1165580 2190.5
1165590 2191.1
1165600 2191.1
1165610 2192.0
1165620 2187.1
1165630 2187.1
1165640 2187.8
1165650 2188.2
1165660 2188.2
1165670 2188.8
1165680 2188.4
1165690 2188.4
1165700 2187.5
1165710 2187.0
1165720 2187.0
1165730 2187.8
1165740 2188.1
1165750 2188.1
1165760 2189.0
1165770 2190.9
1165780 2190.9
1165790 2190.0
1165800 2186.5
1165810 2185.0
1165820 2185.0
1165830 2183.0
1165840 2180.8
1165850 2180.8
1165860 2178.8
1165870 2177.0
1165880 2177.0
1165890 2175.4
1165900 2173.6
1165910 2173.6
1165920 2171.4
1165930 2169.2
1165940 2169.2
1165950 2166.1
1165960 2163.6
1165970 2163.6
1165980 2160.8
1165990 2157.6
1166000 2157.6
1166010 2154.7
1166020 2147.2
1166030 2147.2
1166040 2144.3
1166050 2142.1
1166060 2142.1
1166070 2141.2
1166080 2140.8
1166090 2139.5
1166100 2139.5
1166110 2137.6
1166120 2135.6
1166130 2135.6
1166140 2134.3
1166150 2134.3
1166160 2134.3
1166170 2133.8
1166180 2134.5
1166190 2134.5
1166200 2134.8
1166210 2134.9
1166220 2134.9
1166230 2133.2
1166240 2130.5
1166250 2130.5
1166260 2127.5
1166270 2122.9
1166280 2122.9
1166290 2118.6
1166300 2114.6
1166310 2114.6
1166320 2111.9
1166330 2108.9
1166340 2108.9
1166350 2105.4
1166360 2100.9
1166370 2095.6
1166380 2095.6
1166390 2091.4
1166400 2089.0
1166410 2089.0
1166420 2086.9
1166430 2088.1
1166440 2088.1
1166450 2089.5
1166460 2090.2
1166470 2090.2
1166480 2086.6
1166490 2083.3
1166500 2083.3
1166510 2081.1
1166520 2078.0
1166530 2078.0
1166540 2073.6
1166550 2068.7
1166560 2068.7
1166570 2065.1
1166580 2062.6
1166590 2062.6
1166600 2061.1
1166610 2060.5
1166620 2060.5
1166630 2060.6
1166640 2061.8
1166650 2061.8
1166660 2063.9
1166670 2065.7
1166680 2067.2
1166690 2067.2
1166700 2068.2
1166710 2069.0
1166720 2069.0
1166730 2069.0
1166740 2068.8
1166750 2068.8
1166760 2069.5
1166770 2072.0
1166780 2072.0
1166790 2075.2
1166800 2077.4
1166810 2077.4
1166820 2074.0
1166830 2076.5
1166840 2076.5
1166850 2082.1
1166860 2090.8
1166870 2090.8
1166880 2091.1
1166890 2093.9
1166900 2093.9
1166910 2115.0
1166920 2119.3
1166930 2119.3
1166940 2115.3
1166950 2108.9
1166960 2114.0
1166970 2114.0
1166980 2117.4
1166990 2123.0
1167000 2123.0
1167010 2127.5
1167020 2124.9
1167030 2124.9
1167040 2125.4
1167050 2130.2
1167060 2130.2
1167070 2132.2
1167080 2131.4
1167090 2131.4
1167100 2130.1
1167110 2127.3
1167120 2127.3
1167130 2123.0
1167140 2121.1
1167150 2121.1
1167160 2114.5
1167170 2109.8
1167180 2109.8
1167190 2107.0
1167200 2102.2
1167210 2102.2
1167220 2104.6
1167230 2096.7
1167240 2089.3
1167250 2089.3
1167260 2083.6
1167270 2079.8
1167280 2079.8
1167290 2072.8
1167300 2066.1
1167310 2066.1
1167320 2059.2
1167330 2049.0
1167340 2049.0
1167350 2041.3
1167360 2033.4
1167370 2033.4
1167380 2021.6
1167390 2007.9
1167400 2007.9
1167410 1994.2
1167420 1979.1
1167430 1979.1
1167440 1968.1
1167450 1959.3
1167460 1959.3
1167470 1950.6
1167480 1942.4
1167490 1942.4
1167500 1936.0
1167510 1929.7
1167520 1923.7
1167530 1923.7
1167540 1918.0
1167550 1911.3
1167560 1911.3
1167570 1904.8
1167580 1900.0
1167590 1900.0
1167600 1888.5
1167610 1876.2
1167620 1893.9
1167630 1883.0
1167640 1865.5
1167650 1865.5
1167660 1853.0
1167670 1843.8
1167680 1843.8
1167690 1837.9
1167700 1834.4
1167710 1834.4
1167720 1830.0
1167730 1824.7
1167740 1824.7
1167750 1818.8
1167760 1812.4
1167770 1812.4
1167780 1805.1
1167790 1799.4
1167800 1796.1
1167810 1796.1
1167820 1793.8
1167830 1789.7
1167840 1789.7
1167850 1784.1
1167860 1779.0
1167870 1779.0
1167880 1772.8
1167890 1766.2
1167900 1766.2
1167910 1759.5
1167920 1752.5
1167930 1752.5
1167940 1745.5
1167950 1738.8
1167960 1738.8
1167970 1733.3
1167980 1727.2
1167990 1727.2
1168000 1721.3
1168010 1713.4
1168020 1717.5
1168030 1709.6
1168040 1701.8
1168050 1701.8
1168060 1695.9
1168070 1690.8
1168080 1690.8
1168090 1685.4
1168100 1679.4
1168110 1672.7
1168120 1672.7
1168130 1667.1
1168140 1663.9
1168150 1663.9
1168160 1660.7
1168170 1656.8
1168180 1656.8
1168190 1652.8
1168200 1648.3
1168210 1648.3
1168220 1643.2
1168230 1638.9
1168240 1638.9
1168250 1634.5
1168260 1630.2
1168270 1630.2
1168280 1626.4
1168290 1623.2
1168300 1623.2
1168310 1619.9
1168320 1616.2
1168330 1616.2
1168340 1611.9
1168350 1607.4
1168360 1607.4
1168370 1603.1
1168380 1599.1
1168390 1595.9
1168400 1595.9
1168410 1592.8
1168420 1590.0
1168430 1587.7
1168440 1584.7
1168450 1583.5
1168460 1583.5
1168470 1584.2
1168480 1585.3
1168490 1585.3
1168500 1584.7
1168510 1584.8
1168520 1584.8
1168530 1585.3
1168540 1584.9
1168550 1584.9
1168560 1583.6
1168570 1581.5
1168580 1581.5
1168590 1579.7
1168600 1577.7
1168610 1577.7
1168620 1575.4
1168630 1573.9
1168640 1573.9
1168650 1573.2
1168660 1573.5
1168670 1574.3
1168680 1574.3
1168690 1575.0
1168700 1575.7
1168710 1575.7
1168720 1575.9
1168730 1575.3
1168740 1575.3
1168750 1574.7
1168760 1574.2
1168770 1574.2
1168780 1573.6
1168790 1572.5
1168800 1572.5
1168810 1571.2
1168820 1570.4
1168830 1563.6
1168840 1564.3
1168850 1564.7
1168860 1564.7
1168870 1564.9
1168880 1564.6
1168890 1564.6
1168900 1564.3
1168910 1563.9
1168920 1563.9
1168930 1562.4
1168940 1560.8
1168950 1560.0
1168960 1560.0
1168970 1558.9
1168980 1560.0
1168990 1560.0
1169000 1561.6
1169010 1563.5
1169020 1563.5
1169030 1565.7
1169040 1567.5
1169050 1567.5
1169060 1567.9
1169070 1566.7
1169080 1566.7
1169090 1564.7
1169100 1562.2
1169110 1562.2
1169120 1559.1
1169130 1556.4
1169140 1556.4
1169150 1553.5
1169160 1547.9
1169170 1547.9
1169180 1543.4
1169190 1539.2
1169200 1539.2
1169210 1534.1
1169220 1529.3
1169230 1522.3
1169240 1518.7
1169250 1515.7
1169260 1513.0
1169270 1513.0
1169280 1511.3
1169290 1509.8
1169300 1509.8
1169310 1508.0
1169320 1506.1
1169330 1506.1
1169340 1505.2
1169350 1503.6
1169360 1503.6
1169370 1501.2
1169380 1498.4
1169390 1498.4
1169400 1495.7
1169410 1494.6
1169420 1494.6
1169430 1493.8
1169440 1492.6
1169450 1492.6
1169460 1491.2
1169470 1488.9
1169480 1488.9
1169490 1486.4
1169500 1484.4
1169510 1484.4
1169520 1482.3
1169530 1480.1
1169540 1477.7
1169550 1477.7
1169560 1474.9
1169570 1471.6
1169580 1471.6
1169590 1468.4
1169600 1463.8
1169610 1463.8
1169620 1458.4
1169630 1453.6
1169640 1450.3
1169650 1445.5
1169660 1445.0
1169670 1445.0
1169680 1444.5
1169690 1441.6
1169700 1441.6
1169710 1437.5
1169720 1433.1
1169730 1433.1
1169740 1427.1
1169750 1423.0
1169760 1423.0
1169770 1419.5
1169780 1415.4
1169790 1415.4
1169800 1410.1
1169810 1403.7
1169820 1397.8
1169830 1397.8
1169840 1393.7
1169850 1388.3
1169860 1388.3
1169870 1381.6
1169880 1376.5
1169890 1376.5
1169900 1372.3
1169910 1368.1
1169920 1368.1
1169930 1364.4
1169940 1360.9
1169950 1360.9
1169960 1357.4
1169970 1354.1
1169980 1354.1
1169990 1350.6
1170000 1346.8
1170010 1346.8
1170020 1343.3
1170030 1340.3
1170040 1337.4
1170050 1334.0
1170060 1330.9
1170070 1330.9
1170080 1328.9
1170090 1327.5
1170100 1326.3
1170110 1326.3
1170120 1324.2
1170130 1322.0
1170140 1322.0
1170150 1320.1
1170160 1318.6
1170170 1318.6
1170180 1316.5
1170190 1314.5
1170200 1314.5
1170210 1313.1
1170220 1312.2
1170230 1312.2
1170240 1311.4
1170250 1310.0
1170260 1310.0
1170270 1308.3
1170280 1306.5
1170290 1306.5
1170300 1304.5
1170310 1302.9
1170320 1302.9
1170330 1302.1
1170340 1301.9
1170350 1301.9
1170360 1301.7
1170370 1301.2
1170380 1301.2
1170390 1299.3
1170400 1296.4
1170410 1292.5
1170420 1292.5
1170430 1286.8
1170440 1281.0
1170450 1274.2
1170460 1267.7
1170470 1261.6
1170480 1261.6
1170490 1256.0
1170500 1251.0
1170510 1251.0
1170520 1246.6
1170530 1242.9
1170540 1242.9
1170550 1240.5
1170560 1238.9
1170570 1238.9
1170580 1234.9
1170590 1230.3
1170600 1230.3
1170610 1228.8
1170620 1226.4
1170630 1226.4
1170640 1219.0
1170650 1211.5
1170660 1211.5
1170670 1206.7
1170680 1203.8
1170690 1200.9
1170700 1200.9
1170710 1198.4
1170720 1195.5
1170730 1195.5
1170740 1192.2
1170750 1190.6
1170760 1190.6
1170770 1189.8
1170780 1187.4
1170790 1187.4
1170800 1184.9
1170810 1182.9
1170820 1182.9
1170830 1180.9
1170840 1179.4
1170850 1176.2
1170860 1174.8
1170870 1174.1
1170880 1174.1
1170890 1173.0
1170900 1171.3
1170910 1171.3
1170920 1169.7
1170930 1168.3
1170940 1168.3
1170950 1166.6
1170960 1165.0
1170970 1162.8
1170980 1162.8
1170990 1159.6
1171000 1156.3
1171010 1156.3
1171020 1154.6
1171030 1150.7
1171040 1150.7
1171050 1146.2
1171060 1141.0
1171070 1141.0
1171080 1132.4
1171090 1127.3
1171100 1127.3
1171110 1130.6
1171120 1133.7
1171130 1133.7
1171140 1132.9
1171150 1131.3
1171160 1131.3
1171170 1128.8
1171180 1126.8
1171190 1126.8
1171200 1125.3
1171210 1124.7
1171220 1124.7
1171230 1124.2
1171240 1123.6
1171250 1122.3
1171260 1117.2
1171270 1116.0
1171280 1115.6
1171290 1115.6
1171300 1115.5
1171310 1115.1
1171320 1115.1
1171330 1113.9
1171340 1112.5
1171350 1112.5
1171360 1111.7
1171370 1110.7
1171380 1110.7
1171390 1109.1
1171400 1106.9
1171410 1106.9
1171420 1105.2
1171430 1105.7
1171440 1105.7
1171450 1104.9
1171460 1102.1
1171470 1102.1
1171480 1097.8
1171490 1092.7
1171500 1092.7
1171510 1088.8
1171520 1085.4
1171530 1085.4
1171540 1082.4
1171550 1079.4
1171560 1075.9
1171570 1075.9
1171580 1071.6
1171590 1066.7
1171600 1066.7
1171610 1061.3
1171620 1056.0
1171630 1056.0
1171640 1050.7
1171650 1046.3
1171660 1046.3
1171670 1042.8
1171680 1041.7
1171690 1041.7
1171700 1040.4
1171710 1038.2
1171720 1038.2
1171730 1035.2
1171740 1032.5
1171750 1032.5
1171760 1029.9
1171770 1027.3
1171780 1027.3
1171790 1024.7
1171800 1022.0
1171810 1022.0
1171820 1019.0
1171830 1016.0
1171840 1015.6
1171850 1015.6
1171860 1013.7
1171870 1011.1
1171880 1011.1
1171890 1009.2
1171900 1007.2
1171910 1007.2
1171920 1005.0
1171930 1003.1
1171940 1003.1
1171950 1001.2
1171960 999.3
1171970 999.3
1171980 997.4
1171990 995.7
1172000 995.7
1172010 994.8
1172020 993.0
1172030 993.0
1172040 990.5
1172050 989.0
1172060 989.0
1172070 988.0
1172080 987.1
1172090 987.1
1172100 986.2
1172110 985.8
1172120 985.4
1172130 985.4
1172140 984.6
1172150 983.8
1172160 983.8
1172170 983.6
1172180 982.6
1172190 982.6
1172200 982.2
1172210 980.9
1172220 980.9
1172230 979.2
1172240 978.7
1172250 978.7
1172260 979.4
1172270 979.9
1172280 979.9
1172290 980.3
1172300 980.0
1172310 980.0
1172320 977.7
1172330 975.7
1172340 975.7
1172350 974.8
1172360 973.2
1172370 973.2
1172380 972.7
1172390 972.6
1172400 971.9
1172410 971.9
1172420 971.2
1172430 970.6
1172440 970.6
1172450 970.2
1172460 970.0
1172470 970.0
1172480 969.9
1172490 969.9
1172500 969.9
1172510 970.0
1172520 970.5
1172530 970.5
1172540 971.4
1172550 972.0
1172560 972.0
1172570 972.2
1172580 972.6
1172590 972.6
1172600 972.7
1172610 972.6
1172620 972.6
1172630 972.5
1172640 972.5
1172650 972.5
1172660 972.6
1172670 972.6
1172680 972.6
1172690 972.6
1172700 972.5
1172710 972.4
1172720 972.4
1172730 972.3
1172740 972.1
1172750 972.1
1172760 972.1
1172770 972.4
1172780 972.4
1172790 972.2
1172800 972.1
1172810 972.1
1172820 972.5
1172830 972.5
1172840 972.5
1172850 972.0
1172860 971.5
1172870 971.5
1172880 971.3
1172890 971.5
1172900 971.5
1172910 971.7
1172920 971.5
1172930 971.5
1172940 971.4
1172950 971.5
1172960 971.5
1172970 971.6
1172980 971.9
1172990 972.3
1173000 972.3
1173010 972.7
1173020 972.7
1173030 972.7
1173040 972.6
1173050 972.4
1173060 972.4
1173070 972.5
1173080 973.1
1173090 973.1
1173100 972.5
1173110 972.1
1173120 972.1
1173130 972.0
1173140 971.9
1173150 971.9
1173160 971.7
1173170 971.5
1173180 971.5
1173190 971.3
1173200 971.5
1173210 971.5
1173220 971.4
1173230 971.0
1173240 971.0
1173250 971.0
1173260 971.0
1173270 970.7
1173280 970.7
1173290 970.7
1173300 970.9
1173310 970.9
1173320 970.9
1173330 971.0
1173340 971.0
1173350 971.1
1173360 971.2
1173370 971.2
1173380 971.4
1173390 971.5
1173400 971.5
1173410 971.6
1173420 972.5
1173430 972.5
1173440 974.1
1173450 978.6
1173460 978.6
1173470 982.0
1173480 982.4
1173490 982.4
1173500 982.7
1173510 983.1
1173520 983.1
1173530 983.8
1173540 984.8
1173550 986.6
1173560 986.6
1173570 988.5
1173580 990.8
1173590 990.8
1173600 993.3
1173610 995.8
1173620 995.8
1173630 998.6
1173640 1001.6
1173650 1001.6
1173660 1005.0
1173670 1007.7
1173680 1007.7
1173690 1010.7
1173700 1013.8
1173710 1013.9
1173720 1017.1
1173730 1020.5
1173740 1020.5
1173750 1024.0
1173760 1027.1
1173770 1027.1
1173780 1030.2
1173790 1033.3
1173800 1033.3
1173810 1036.3
1173820 1039.7
1173830 1042.9
1173840 1042.9
1173850 1046.1
1173860 1049.1
1173870 1049.1
1173880 1052.5
1173890 1055.8
1173900 1055.8
1173910 1059.2
1173920 1062.5
1173930 1062.5
1173940 1065.9
1173950 1069.3
1173960 1069.3
1173970 1072.6
1173980 1075.8
1173990 1075.8
1174000 1079.0
1174010 1083.2
1174020 1083.2
1174030 1088.2
1174040 1092.9
1174050 1092.9
1174060 1097.6
1174070 1102.8
1174080 1102.8
1174090 1108.2
1174100 1113.2
1174110 1113.2
1174120 1111.0
1174130 1115.3
1174140 1119.5
1174150 1119.5
1174160 1124.2
1174170 1129.7
1174180 1129.7
1174190 1140.5
1174200 1153.6
1174210 1153.6
1174220 1165.5
1174230 1179.7
1174240 1179.7
1174250 1194.8
1174260 1206.2
1174270 1206.2
1174280 1217.5
1174290 1229.4
1174300 1229.4
1174310 1241.3
1174320 1253.3
1174330 1253.3
1174340 1266.2
1174350 1278.7
1174360 1278.7
1174370 1288.6
1174380 1299.3
1174390 1299.3
1174400 1312.2
1174410 1325.6
1174420 1334.8
1174430 1334.8
1174440 1342.7
1174450 1351.4
1174460 1351.4
1174470 1363.4
1174480 1378.3
1174490 1378.3
1174500 1391.0
1174510 1400.5
1174520 1400.5
1174530 1404.8
1174540 1407.8
1174550 1407.8
1174560 1412.0
1174570 1417.5
1174580 1417.5
1174590 1423.8
1174600 1430.5
1174610 1430.5
1174620 1438.4
1174630 1446.4
1174640 1446.4
1174650 1455.0
1174660 1464.3
1174670 1464.3
1174680 1473.6
1174690 1482.5
1174700 1491.6
1174710 1491.6
1174720 1500.8
1174730 1510.5
1174740 1510.5
1174750 1520.7
1174760 1532.5
1174770 1532.5
1174780 1545.1
1174790 1554.0
1174800 1554.0
1174810 1560.8
1174820 1567.3
1174830 1567.3
1174840 1574.5
1174850 1582.3
1174860 1582.3
1174870 1589.2
1174880 1595.0
1174890 1595.0
1174900 1601.1
1174910 1607.8
1174920 1607.8
1174930 1615.0
1174940 1624.2
1174950 1624.2
1174960 1631.7
1174970 1640.8
1174980 1650.2
1174990 1650.2
1175000 1657.6
1175010 1664.5
1175020 1664.5
1175030 1671.3
1175040 1678.4
1175050 1678.4
1175060 1686.2
1175070 1692.4
1175080 1692.4
1175090 1696.4
1175100 1701.4
1175110 1701.4
1175120 1707.3
1175130 1714.1
1175140 1714.1
1175150 1721.8
1175160 1730.5
1175170 1730.5
1175180 1739.3
1175190 1749.3
1175200 1749.3
1175210 1761.3
1175220 1772.1
1175230 1772.1
1175240 1779.4
1175250 1786.0
1175260 1792.9
1175270 1792.9
1175280 1801.5
1175290 1808.9
1175300 1808.9
1175310 1814.2
1175320 1821.3
1175330 1821.3
1175340 1829.6
1175350 1840.5
1175360 1840.5
1175370 1848.0
1175380 1853.1
1175390 1853.1
1175400 1857.3
1175410 1861.9
1175420 1861.9
1175430 1867.6
1175440 1873.9
1175450 1873.9
1175460 1879.5
1175470 1885.8
1175480 1885.8
1175490 1893.0
1175500 1900.8
1175510 1900.8
1175520 1908.7
1175530 1915.5
1175540 1915.5
1175550 1921.3
1175560 1927.2
1175570 1932.3
1175580 1932.3
1175590 1937.0
1175600 1941.3
1175610 1941.3
1175620 1944.5
1175630 1945.4
1175640 1945.4
1175650 1944.4
1175660 1941.4
1175670 1941.4
1175680 1936.7
1175690 1931.3
1175700 1931.3
1175710 1929.5
1175720 1930.0
1175730 1930.0
1175740 1931.3
1175750 1931.1
1175760 1931.1
1175770 1939.9
1175780 1940.8
1175790 1940.8
1175800 1938.6
1175810 1941.9
1175820 1941.9
1175830 1951.0
1175840 1957.4
1175850 1963.7
1175860 1963.7
1175870 1970.0
1175880 1976.1
1175890 1976.1
1175900 1982.2
1175910 1989.2
1175920 1989.2
1175930 1995.1
1175940 1998.8
1175950 1998.8
1175960 2002.4
1175970 2003.7
1175980 2003.7
1175990 2004.5
1176000 2007.8
1176010 2007.8
1176020 2010.2
1176030 2010.6
1176040 2010.6
1176050 2011.0
1176060 2012.0
1176070 2012.0
1176080 2014.7
1176090 2016.9
1176100 2016.9
1176110 2017.7
1176120 2012.8
1176130 2005.4
1176140 2005.4
1176150 1997.9
1176160 1987.0
1176170 1987.0
1176180 1979.8
1176190 1968.6
1176200 1968.6
1176210 1957.0
1176220 1947.3
1176230 1947.3
1176240 1939.6
1176250 1933.3
1176260 1933.3
1176270 1928.9
1176280 1927.1
1176290 1927.1
1176300 1926.2
1176310 1925.0
1176320 1925.0
1176330 1922.0
1176340 1919.1
1176350 1919.1
1176360 1917.4
1176370 1918.7
1176380 1918.7
1176390 1920.5
1176400 1925.6
1176410 1932.0
1176420 1932.0
1176430 1936.3
1176440 1940.1
1176450 1940.1
1176460 1945.4
1176470 1952.5
1176480 1952.5
1176490 1963.3
1176500 1972.2
1176510 1972.2
1176520 1978.2
1176530 1984.6
1176540 1984.6
1176550 1991.9
1176560 2000.2
1176570 2000.2
1176580 2009.0
1176590 2020.5
1176600 2020.5
1176610 2029.1
1176620 2039.4
1176630 2039.4
1176640 2053.2
1176650 2065.5
1176660 2065.5
1176670 2075.1
1176680 2083.2
1176690 2083.2
1176700 2090.4
1176710 2096.8
1176720 2102.9
1176730 2102.9
1176740 2109.8
1176750 2116.9
1176760 2116.9
1176770 2121.8
1176780 2125.0
1176790 2125.0
1176800 2128.4
1176810 2132.0
1176820 2132.0
1176830 2135.2
1176840 2138.7
1176850 2138.7
1176860 2141.8
1176870 2143.5
1176880 2143.5
1176890 2143.3
1176900 2139.7
1176910 2139.7
1176920 2131.8
1176930 2120.7
1176940 2120.7
1176950 2111.8
1176960 2103.5
1176970 2103.5
1176980 2097.7
1176990 2096.6
1177000 2099.8
1177010 2108.7
1177020 2115.3
1177030 2109.8
1177040 2109.8
1177050 2097.8
1177060 2092.2
1177070 2092.2
1177080 2094.3
1177090 2102.3
1177100 2102.3
1177110 2111.8
1177120 2121.9
1177130 2121.9
1177140 2126.7
1177150 2127.7
1177160 2127.7
1177170 2135.3
1177180 2143.3
1177190 2143.3
1177200 2151.9
1177210 2161.4
1177220 2161.4
1177230 2161.6
1177240 2155.4
1177250 2155.4
1177260 2150.0
1177270 2145.0
1177280 2139.5
1177290 2139.5
1177300 2134.7
1177310 2131.1
1177320 2131.1
1177330 2127.7
1177340 2125.3
1177350 2125.3
1177360 2124.3
1177370 2122.3
1177380 2122.3
1177390 2118.5
1177400 2114.2
1177410 2114.2
1177420 2119.7
1177430 2116.4
1177440 2116.4
1177450 2109.8
1177460 2106.2
1177470 2106.2
1177480 2104.2
1177490 2100.0
1177500 2100.0
1177510 2092.6
1177520 2082.9
1177530 2082.9
1177540 2073.8
1177550 2066.6
1177560 2061.2
1177570 2061.2
1177580 2055.0
1177590 2048.5
1177600 2048.5
1177610 2040.7
1177620 2034.6
1177630 2034.6
1177640 2031.6
1177650 2027.9
1177660 2027.9
1177670 2024.3
1177680 2021.6
1177690 2021.6
1177700 2019.8
1177710 2019.1
1177720 2019.1
1177730 2018.3
1177740 2017.0
1177750 2017.0
1177760 2015.7
1177770 2015.1
1177780 2015.1
1177790 2015.6
1177800 2016.9
1177810 2016.9
1177820 2018.3
1177830 2018.7
1177840 2026.1
1177850 2026.1
1177860 2025.7
1177870 2024.9
1177880 2024.9
1177890 2024.5
1177900 2024.4
1177910 2024.4
1177920 2027.2
1177930 2030.9
1177940 2030.9
1177950 2035.0
1177960 2036.8
1177970 2036.8
1177980 2023.6
1177990 2005.1
1178000 2005.1
1178010 2009.0
1178020 2032.7
1178030 2032.7
1178040 2042.9
1178050 2044.3
1178060 2044.3
1178070 2047.3
1178080 2052.3
1178090 2052.3
1178100 2057.7
1178110 2063.8
1178120 2063.8
1178130 2069.1
1178140 2072.1
1178150 2075.3
1178160 2075.3
1178170 2081.8
1178180 2088.0
1178190 2088.0
1178200 2091.3
1178210 2093.6
1178220 2093.6
1178230 2096.2
1178240 2098.9
1178250 2096.1
1178260 2099.4
1178270 2103.1
1178280 2103.1
1178290 2107.1
1178300 2111.7
1178310 2111.7
1178320 2116.4
1178330 2120.9
1178340 2120.9
1178350 2125.8
1178360 2131.0
1178370 2131.0
1178380 2136.3
1178390 2143.0
1178400 2143.0
1178410 2152.0
1178420 2159.6
1178430 2166.0
1178440 2166.0
1178450 2172.8
1178460 2180.6
1178470 2180.6
1178480 2190.2
1178490 2200.4
1178500 2200.4
1178510 2206.2
1178520 2212.2
1178530 2212.2
1178540 2217.4
1178550 2221.2
1178560 2221.2
1178570 2226.0
1178580 2233.4
1178590 2233.4
1178600 2240.1
1178610 2246.7
1178620 2246.7
1178630 2254.3
1178640 2262.6
1178650 2262.6
1178660 2269.0
1178670 2284.4
1178680 2284.4
1178690 2292.4
1178700 2301.0
1178710 2310.2
1178720 2310.2
1178730 2317.9
1178740 2324.8
1178750 2324.8
1178760 2331.8
1178770 2339.5
1178780 2339.5
1178790 2346.8
1178800 2353.4
1178810 2353.4
1178820 2359.9
1178830 2367.1
1178840 2367.1
1178850 2374.6
1178860 2382.1
1178870 2382.1
1178880 2389.6
1178890 2397.2
1178900 2397.2
1178910 2405.1
1178920 2413.0
1178930 2413.0
1178940 2420.5
1178950 2427.8
1178960 2427.8
1178970 2435.0
1178980 2442.0
1178990 2449.0
1179000 2449.0
1179010 2456.3
1179020 2462.7
1179030 2462.7
1179040 2461.4
1179050 2451.9
1179060 2451.9
1179070 2439.8
1179080 2427.3
1179090 2422.2
1179100 2411.3
1179110 2397.6
1179120 2397.6
1179130 2384.9
1179140 2372.8
1179150 2372.8
1179160 2360.4
1179170 2345.9
1179180 2345.9
1179190 2330.7
1179200 2320.4
1179210 2320.4
1179220 2312.3
1179230 2305.7
1179240 2305.7
1179250 2296.0
1179260 2284.8
1179270 2284.8
1179280 2275.7
1179290 2265.5
1179300 2250.2
1179310 2250.2
1179320 2238.6
1179330 2225.1
1179340 2225.1
1179350 2218.8
1179360 2208.9
1179370 2208.9
1179380 2200.0
1179390 2208.2
1179400 2208.2
1179410 2216.5
1179420 2211.7
1179430 2211.7
1179440 2200.7
1179450 2189.2
1179460 2189.2
1179470 2176.6
1179480 2164.7
1179490 2164.7
1179500 2142.5
1179510 2127.8
1179520 2127.8
1179530 2115.0
1179540 2106.4
1179550 2106.4
1179560 2098.0
1179570 2091.4
1179580 2086.0
1179590 2086.0
1179600 2081.0
1179610 2075.1
1179620 2075.1
1179630 2069.6
1179640 2064.0
1179650 2064.0
1179660 2058.9
1179670 2053.9
1179680 2053.9
1179690 2048.6
1179700 2043.3
1179710 2043.3
1179720 2038.0
1179730 2032.8
1179740 2032.8
1179750 2027.9
1179760 2023.4
1179770 2023.4
1179780 2019.1
1179790 2014.5
1179800 2014.5
1179810 2009.2
1179820 2003.8
1179830 2003.8
1179840 1997.4
1179850 1991.5
1179860 1986.9
1179870 1986.9
1179880 1981.8
1179890 1976.5
1179900 1976.5
1179910 1970.3
1179920 1961.3
1179930 1961.3
1179940 1955.2
1179950 1949.2
1179960 1949.2
1179970 1943.9
1179980 1941.0
1179990 1941.0
