1160000 1551.4
1160010 1553.9
1160020 1544.8
1160030 1535.9
1160040 1535.9
1160050 1523.4
1160060 1509.3
1160070 1509.3
1160080 1499.2
1160090 1489.6
1160100 1480.4
1160110 1480.4
1160120 1471.0
1160130 1460.6
1160140 1460.6
1160150 1448.1
1160160 1437.1
1160170 1437.1
1160180 1426.7
1160190 1411.9
1160200 1411.9
1160210 1399.1
1160220 1387.9
1160230 1387.9
1160240 1405.9
1160250 1430.3
1160260 1430.3
1160270 1448.4
1160280 1457.8
1160290 1457.8
1160300 1473.9
1160310 1490.5
1160320 1490.5
1160330 1501.4
1160340 1511.6
1160350 1511.6
1160360 1523.5
1160370 1532.6
1160380 1540.4
1160390 1540.4
1160400 1548.6
1160410 1560.0
1160420 1560.0
1160430 1570.7
1160440 1581.8
1160450 1581.8
1160460 1593.6
1160470 1613.3
1160480 1613.3
1160490 1622.7
1160500 1629.0
1160510 1629.0
1160520 1635.7
1160530 1642.2
1160540 1642.2
1160550 1647.6
1160560 1651.9
1160570 1651.9
1160580 1655.8
1160590 1658.8
1160600 1658.8
1160610 1660.7
1160620 1662.6
1160630 1662.6
1160640 1665.3
1160650 1668.9
1160660 1673.3
1160670 1673.3
1160680 1674.6
1160690 1679.4
1160700 1679.4
1160710 1685.6
1160720 1691.0
1160730 1691.0
1160740 1694.9
1160750 1694.6
1160760 1694.6
1160770 1693.9
1160780 1701.3
1160790 1701.3
1160800 1710.5
1160810 1719.2
1160820 1719.2
1160830 1729.7
1160840 1739.5
1160850 1739.5
1160860 1749.6
1160870 1758.1
1160880 1758.1
1160890 1761.3
1160900 1768.1
1160910 1768.1
1160920 1776.6
1160930 1784.0
1160940 1784.0
1160950 1789.6
1160960 1794.0
1160970 1799.3
1160980 1799.3
1160990 1801.9
1161000 1803.4
1161010 1803.4
1161020 1806.2
1161030 1807.1
1161040 1807.1
1161050 1806.9
1161060 1805.4
1161070 1805.4
1161080 1802.4
1161090 1798.5
1161100 1798.5
1161110 1794.5
1161120 1792.6
1161130 1792.6
1161140 1789.5
1161150 1783.3
1161160 1783.3
1161170 1777.8
1161180 1772.9
1161190 1783.1
1161200 1778.0
1161210 1777.0
1161220 1777.0
1161230 1776.7
1161240 1776.8
1161250 1771.5
1161260 1771.5
1161270 1770.7
1161280 1774.1
1161290 1774.1
1161300 1779.4
1161310 1783.6
1161320 1783.6
1161330 1784.0
1161340 1780.9
1161350 1780.9
1161360 1776.8
1161370 1759.8
1161380 1759.8
1161390 1736.2
1161400 1713.7
1161410 1713.7
1161420 1702.8
1161430 1694.2
1161440 1694.2
1161450 1687.6
1161460 1683.3
1161470 1683.3
1161480 1680.3
1161490 1674.4
1161500 1674.4
1161510 1667.2
1161520 1660.0
1161530 1651.1
1161540 1651.1
1161550 1640.4
1161560 1632.2
1161570 1632.2
1161580 1624.1
1161590 1623.0
1161600 1623.0
1161610 1614.9
1161620 1602.8
1161630 1602.8
1161640 1590.5
1161650 1581.5
1161660 1581.5
1161670 1574.5
1161680 1570.2
1161690 1570.2
1161700 1566.5
1161710 1565.0
1161720 1565.0
1161730 1562.1
1161740 1558.3
1161750 1558.3
1161760 1556.8
1161770 1554.8
1161780 1554.8
1161790 1552.2
1161800 1549.0
1161810 1549.0
1161820 1548.1
1161830 1550.6
1161840 1550.0
1161850 1550.0
1161860 1558.1
1161870 1562.0
1161880 1562.0
1161890 1563.5
1161900 1563.1
1161910 1563.1
1161920 1561.4
1161930 1560.2
1161940 1560.2
1161950 1561.0
1161960 1561.5
1161970 1561.5
1161980 1571.7
1161990 1571.6
1162000 1571.6
1162010 1568.3
1162020 1571.4
1162030 1571.4
1162040 1585.0
1162050 1601.9
1162060 1601.9
1162070 1605.0
1162080 1606.2
1162090 1606.2
1162100 1608.0
1162110 1607.5
1162120 1605.6
1162130 1605.6
1162140 1598.3
1162150 1595.9
1162160 1595.9
1162170 1597.3
1162180 1597.6
1162190 1597.6
1162200 1600.6
1162210 1600.2
1162220 1600.2
1162230 1598.1
1162240 1602.9
1162250 1602.9
1162260 1610.2
1162270 1618.1
1162280 1618.1
1162290 1625.7
1162300 1632.4
1162310 1632.4
1162320 1637.0
1162330 1643.2
1162340 1643.2
1162350 1650.0
1162360 1657.8
1162370 1657.8
1162380 1668.2
1162390 1675.0
1162400 1678.7
1162410 1678.7
1162420 1675.6
1162430 1678.2
1162440 1678.2
1162450 1684.0
1162460 1686.9
1162470 1686.9
1162480 1684.8
1162490 1681.1
1162500 1681.1
1162510 1678.2
1162520 1677.6
1162530 1677.6
1162540 1688.1
1162550 1697.8
1162560 1697.8
1162570 1704.1
1162580 1711.6
1162590 1711.6
1162600 1713.1
1162610 1722.0
1162620 1722.0
1162630 1740.9
1162640 1759.1
1162650 1759.1
1162660 1769.2
1162670 1780.2
1162680 1780.2
1162690 1787.2
1162700 1799.4
1162710 1806.8
1162720 1806.8
1162730 1814.9
1162740 1822.8
1162750 1822.8
1162760 1830.0
1162770 1834.8
1162780 1834.8
1162790 1840.9
1162800 1847.1
1162810 1847.1
1162820 1853.6
1162830 1862.5
1162840 1862.5
1162850 1873.5
1162860 1884.5
1162870 1884.5
1162880 1893.4
1162890 1900.6
1162900 1900.6
1162910 1909.4
1162920 1918.6
1162930 1918.6
1162940 1927.0
1162950 1935.8
1162960 1935.8
1162970 1944.2
1162980 1951.6
1162990 1957.8
1163000 1957.8
1163010 1964.3
1163020 1971.2
1163030 1971.2
1163040 1978.4
1163050 1986.4
1163060 1986.4
1163070 1995.3
1163080 2003.2
1163090 2003.2
1163100 2010.8
1163110 2017.0
1163120 2017.0
1163130 2019.2
1163140 2021.7
1163150 2021.7
1163160 2020.7
1163170 2033.8
1163180 2033.8
1163190 2049.2
1163200 2057.6
1163210 2057.6
1163220 2062.5
1163230 2068.7
1163240 2068.7
1163250 2086.9
1163260 2114.4
1163270 2125.7
1163280 2125.7
1163290 2133.3
1163300 2141.8
1163310 2141.8
1163320 2153.1
1163330 2175.6
1163340 2175.6
1163350 2190.7
1163360 2204.2
1163370 2204.2
1163380 2214.6
1163390 2219.9
1163400 2219.9
1163410 2222.3
1163420 2223.1
1163430 2223.1
1163440 2223.5
1163450 2228.1
1163460 2228.1
1163470 2233.2
1163480 2235.5
1163490 2235.5
1163500 2234.9
1163510 2231.7
1163520 2231.7
1163530 2225.9
1163540 2218.4
1163550 2218.4
1163560 2209.1
1163570 2194.5
1163580 2165.8
1163590 2165.8
1163600 2148.9
1163610 2142.5
1163620 2142.5
1163630 2135.8
1163640 2129.3
1163650 2129.3
1163660 2122.6
1163670 2116.1
1163680 2116.1
1163690 2109.6
1163700 2103.4
1163710 2103.4
1163720 2097.7
1163730 2092.1
1163740 2092.1
1163750 2086.6
1163760 2081.4
1163770 2081.4
1163780 2076.6
1163790 2072.3
1163800 2072.3
1163810 2068.7
1163820 2065.7
1163830 2065.7
1163840 2064.1
1163850 2064.2
1163860 2064.0
1163870 2064.0
1163880 2064.7
1163890 2064.2
1163900 2064.2
1163910 2064.6
1163920 2063.5
1163930 2063.5
1163940 2063.3
1163950 2062.9
1163960 2065.1
1163970 2063.7
1163980 2065.3
1163990 2065.3
1164000 2068.5
1164010 2068.7
1164020 2068.7
1164030 2067.5
1164040 2067.0
1164050 2067.0
1164060 2066.1
1164070 2065.3
1164080 2065.3
1164090 2064.7
1164100 2064.7
1164110 2064.7
1164120 2065.7
1164130 2066.7
1164140 2067.1
1164150 2067.1
1164160 2067.1
1164170 2065.3
1164180 2065.3
1164190 2063.5
1164200 2062.6
1164210 2062.6
1164220 2062.7
1164230 2064.1
1164240 2064.1
1164250 2063.1
1164260 2061.5
1164270 2061.5
1164280 2058.5
1164290 2055.8
1164300 2055.8
1164310 2054.3
1164320 2051.5
1164330 2051.5
1164340 2048.2
1164350 2048.7
1164360 2054.3
1164370 2056.7
1164380 2061.9
1164390 2061.9
1164400 2064.6
1164410 2064.8
1164420 2064.8
1164430 2062.6
1164440 2063.1
1164450 2065.4
1164460 2065.4
1164470 2068.5
1164480 2071.3
1164490 2071.3
1164500 2073.7
1164510 2076.7
1164520 2076.7
1164530 2081.4
1164540 2085.6
1164550 2085.6
1164560 2089.7
1164570 2093.7
1164580 2093.7
1164590 2096.9
1164600 2099.7
1164610 2099.7
1164620 2103.7
1164630 2107.9
1164640 2107.9
1164650 2112.1
1164660 2115.4
1164670 2115.4
1164680 2118.6
1164690 2122.3
1164700 2122.3
1164710 2131.6
1164720 2154.4
1164730 2165.7
1164740 2165.7
1164750 2172.0
1164760 2175.6
1164770 2175.6
1164780 2181.4
1164790 2188.2
1164800 2188.2
1164810 2196.2
1164820 2204.8
1164830 2204.8
1164840 2213.3
1164850 2221.7
1164860 2221.7
1164870 2233.0
1164880 2246.5
1164890 2246.5
1164900 2258.5
1164910 2270.1
1164920 2270.1
1164930 2279.5
1164940 2287.3
1164950 2287.3
1164960 2295.1
1164970 2305.4
1164980 2305.4
1164990 2314.2
1165000 2314.9
1165010 2312.2
1165020 2312.2
1165030 2325.0
1165040 2337.0
1165050 2337.0
1165060 2348.3
1165070 2360.4
1165080 2360.4
1165090 2370.2
1165100 2379.3
1165110 2379.3
1165120 2390.4
1165130 2399.5
1165140 2399.5
1165150 2410.0
1165160 2410.8
1165170 2410.8
1165180 2421.4
1165190 2431.5
1165200 2431.5
1165210 2438.5
1165220 2445.0
1165230 2445.0
1165240 2449.1
1165250 2453.4
1165260 2453.4
1165270 2455.8
1165280 2459.3
1165290 2466.7
1165300 2466.7
1165310 2477.1
1165320 2481.1
1165330 2481.1
1165340 2465.2
1165350 2444.4
1165360 2444.4
1165370 2426.3
1165380 2406.7
1165390 2406.7
1165400 2393.3
1165410 2385.0
1165420 2385.0
1165430 2374.9
1165440 2363.5
1165450 2363.5
1165460 2342.8
1165470 2332.5
1165480 2332.5
1165490 2330.7
1165500 2327.1
1165510 2327.1
1165520 2321.9
1165530 2316.0
1165540 2316.0
1165550 2309.9
1165560 2307.0
1165570 2307.0
1165580 2300.3
1165590 2294.1
1165600 2287.9
1165610 2287.9
1165620 2282.1
1165630 2276.2
1165640 2276.2
1165650 2270.3
1165660 2264.6
1165670 2264.6
1165680 2258.7
1165690 2253.0
1165700 2253.0
1165710 2247.4
1165720 2241.7
1165730 2241.7
1165740 2236.2
1165750 2231.4
1165760 2231.4
1165770 2226.5
1165780 2221.2
1165790 2221.2
1165800 2215.4
1165810 2210.0
1165820 2210.0
1165830 2203.9
1165840 2196.7
1165850 2196.7
1165860 2190.2
1165870 2184.5
1165880 2177.8
1165890 2177.8
1165900 2172.0
1165910 2166.9
1165920 2166.9
1165930 2162.8
1165940 2159.2
1165950 2159.2
1165960 2158.3
1165970 2154.1
1165980 2154.1
1165990 2149.6
1166000 2145.0
1166010 2145.0
1166020 2141.1
1166030 2137.0
1166040 2137.0
1166050 2132.7
1166060 2128.3
1166070 2128.3
1166080 2123.4
1166090 2119.0
1166100 2119.0
1166110 2114.7
1166120 2110.8
1166130 2110.8
1166140 2106.0
1166150 2102.3
1166160 2098.1
1166170 2098.1
1166180 2097.5
1166190 2097.3
1166200 2097.3
1166210 2097.7
1166220 2097.6
1166230 2097.6
1166240 2097.5
1166250 2098.0
1166260 2098.0
1166270 2098.2
1166280 2098.3
1166290 2098.3
1166300 2098.9
1166310 2098.3
1166320 2098.3
1166330 2096.8
1166340 2095.0
1166350 2095.0
1166360 2094.2
1166370 2093.0
1166380 2093.0
1166390 2093.4
1166400 2094.4
1166410 2094.4
1166420 2096.1
1166430 2099.3
1166440 2099.3
1166450 2101.6
1166460 2103.1
1166470 2105.1
1166480 2105.1
1166490 2107.8
1166500 2110.5
1166510 2110.5
1166520 2112.6
1166530 2114.4
1166540 2114.4
1166550 2114.6
1166560 2115.6
1166570 2115.6
1166580 2117.7
1166590 2120.4
1166600 2120.4
1166610 2122.9
1166620 2125.3
1166630 2125.3
1166640 2126.1
1166650 2122.9
1166660 2122.9
1166670 2122.5
1166680 2126.7
1166690 2126.7
1166700 2129.6
1166710 2130.4
1166720 2130.4
1166730 2129.8
1166740 2128.3
1166750 2126.3
1166760 2125.0
1166770 2122.6
1166780 2121.6
1166790 2121.6
1166800 2121.0
1166810 2117.6
1166820 2117.6
1166830 2115.2
1166840 2109.6
1166850 2109.6
1166860 2101.6
1166870 2095.2
1166880 2095.2
1166890 2089.4
1166900 2084.8
1166910 2084.8
1166920 2081.7
1166930 2078.3
1166940 2078.3
1166950 2072.4
1166960 2066.1
1166970 2066.1
1166980 2060.4
1166990 2056.0
1167000 2056.0
1167010 2052.6
1167020 2049.5
1167030 2046.9
1167040 2046.9
1167050 2046.2
1167060 2046.5
1167070 2046.5
1167080 2049.8
1167090 2048.4
1167100 2048.4
1167110 2044.4
1167120 2043.4
1167130 2043.4
1167140 2044.8
1167150 2045.4
1167160 2041.8
1167170 2041.7
1167180 2041.5
1167190 2041.5
1167200 2042.0
1167210 2044.7
1167220 2044.7
1167230 2047.4
1167240 2043.9
1167250 2043.9
1167260 2040.5
1167270 2038.3
1167280 2038.3
1167290 2037.1
1167300 2035.3
1167310 2035.3
1167320 2035.4
1167330 2035.6
1167340 2035.0
1167350 2035.0
1167360 2035.1
1167370 2033.8
1167380 2033.8
1167390 2032.0
1167400 2030.4
1167410 2030.4
1167420 2029.6
1167430 2030.4
1167440 2030.4
1167450 2030.9
1167460 2031.4
1167470 2031.4
1167480 2031.6
1167490 2031.5
1167500 2031.5
1167510 2031.0
1167520 2031.0
1167530 2031.0
1167540 2030.4
1167550 2028.6
1167560 2021.7
1167570 2020.8
1167580 2021.1
1167590 2021.1
1167600 2025.0
1167610 2030.9
1167620 2033.3
1167630 2033.3
1167640 2030.5
1167650 2025.2
1167660 2025.2
1167670 2019.7
1167680 2016.6
1167690 2016.6
1167700 2019.1
1167710 2023.3
1167720 2023.3
1167730 2018.2
1167740 2012.4
1167750 2012.4
1167760 2010.3
1167770 2007.9
1167780 2007.9
1167790 2003.0
1167800 1999.5
1167810 1999.5
1167820 1997.9
1167830 2001.8
1167840 2001.8
1167850 2011.8
1167860 2020.7
1167870 2020.7
1167880 2024.1
1167890 2025.5
1167900 2026.7
1167910 2026.7
1167920 2025.6
1167930 2022.6
1167940 2022.6
1167950 2019.6
1167960 2017.2
1167970 2012.9
1167980 2009.4
1167990 2008.6
1168000 2008.6
1168010 2007.0
1168020 2004.2
1168030 2004.2
1168040 2000.4
1168050 1997.2
1168060 1997.2
1168070 1998.2
1168080 1997.7
1168090 1997.7
1168100 1994.3
1168110 1994.2
1168120 1994.2
1168130 1996.2
1168140 1997.2
1168150 1997.2
1168160 1997.1
1168170 1997.0
1168180 1997.9
1168190 1997.9
1168200 1999.7
1168210 2001.4
1168220 2001.4
1168230 2000.7
1168240 2000.7
1168250 2000.7
1168260 1993.0
1168270 1995.4
1168280 1995.4
1168290 2004.7
1168300 2008.9
1168310 2008.9
1168320 2009.5
1168330 2007.7
1168340 2007.7
1168350 2009.1
1168360 2009.8
1168370 2002.5
1168380 2001.3
1168390 2000.5
1168400 2000.5
1168410 2000.0
1168420 1998.1
1168430 1998.1
1168440 1995.9
1168450 1997.2
1168460 1997.2
1168470 2001.4
1168480 2002.7
1168490 2001.3
1168500 2001.3
1168510 1999.1
1168520 1996.2
1168530 1996.2
1168540 1992.7
1168550 1989.2
1168560 1989.2
1168570 1986.2
1168580 1982.6
1168590 1982.6
1168600 1978.3
1168610 1973.5
1168620 1973.5
1168630 1969.0
1168640 1964.9
1168650 1964.9
1168660 1961.1
1168670 1957.2
1168680 1957.2
1168690 1951.6
1168700 1947.0
1168710 1947.0
1168720 1945.2
1168730 1940.3
1168740 1940.3
1168750 1933.8
1168760 1927.3
1168770 1921.8
1168780 1921.8
1168790 1921.9
1168800 1923.3
1168810 1923.3
1168820 1923.2
1168830 1920.0
1168840 1920.0
1168850 1915.1
1168860 1911.3
1168870 1911.3
1168880 1907.8
1168890 1903.6
1168900 1903.6
1168910 1900.9
1168920 1900.3
1168930 1900.3
1168940 1898.0
1168950 1896.1
1168960 1896.1
1168970 1895.9
1168980 1893.8
1168990 1893.8
1169000 1891.3
1169010 1893.0
1169020 1893.0
1169030 1894.7
1169040 1889.7
1169050 1885.7
1169060 1885.7
1169070 1884.7
1169080 1886.1
1169090 1886.1
1169100 1883.4
1169110 1882.9
1169120 1882.9
1169130 1884.2
1169140 1885.6
1169150 1885.6
1169160 1887.2
1169170 1888.6
1169180 1883.3
1169190 1881.7
1169200 1878.1
1169210 1878.1
1169220 1874.0
1169230 1869.0
1169240 1869.0
1169250 1864.2
1169260 1859.6
1169270 1859.6
1169280 1856.2
1169290 1853.7
1169300 1853.7
1169310 1851.6
1169320 1850.0
1169330 1850.0
1169340 1849.2
1169350 1847.4
1169360 1840.7
1169370 1840.7
1169380 1831.8
1169390 1823.6
1169400 1823.6
1169410 1814.7
1169420 1807.6
1169430 1807.6
1169440 1801.6
1169450 1796.4
1169460 1796.4
1169470 1792.6
1169480 1790.0
1169490 1790.0
1169500 1787.4
1169510 1784.2
1169520 1784.2
1169530 1781.3
1169540 1777.4
1169550 1777.4
1169560 1773.4
1169570 1767.9
1169580 1761.4
1169590 1756.7
1169600 1751.0
1169610 1751.0
1169620 1745.6
1169630 1739.7
1169640 1732.5
1169650 1732.5
1169660 1726.3
1169670 1721.5
1169680 1721.5
1169690 1717.2
1169700 1712.6
1169710 1712.6
1169720 1709.2
1169730 1704.8
1169740 1704.8
1169750 1699.0
1169760 1693.4
1169770 1693.4
1169780 1688.7
1169790 1685.8
1169800 1685.8
1169810 1683.3
1169820 1680.9
1169830 1680.9
1169840 1677.8
1169850 1674.7
1169860 1674.7
1169870 1671.6
1169880 1668.5
1169890 1668.5
1169900 1664.8
1169910 1661.1
1169920 1658.1
1169930 1658.1
1169940 1655.3
1169950 1652.1
1169960 1652.1
1169970 1648.9
1169980 1641.5
1169990 1641.5
1170000 1639.0
1170010 1637.1
1170020 1637.1
1170030 1635.0
1170040 1631.7
1170050 1631.7
1170060 1628.3
1170070 1624.8
1170080 1624.8
1170090 1618.5
1170100 1612.0
1170110 1612.0
1170120 1612.2
1170130 1611.5
1170140 1611.5
1170150 1607.8
1170160 1603.9
1170170 1603.9
1170180 1599.9
1170190 1597.1
1170200 1594.8
1170210 1594.8
1170220 1592.6
1170230 1589.8
1170240 1589.8
1170250 1586.8
1170260 1583.4
1170270 1583.4
1170280 1580.2
1170290 1577.0
1170300 1577.0
1170310 1574.5
1170320 1571.1
1170330 1571.1
1170340 1567.3
1170350 1563.3
1170360 1563.3
1170370 1559.1
1170380 1555.0
1170390 1550.9
1170400 1547.9
1170410 1545.4
1170420 1545.4
1170430 1542.9
1170440 1540.2
1170450 1540.2
1170460 1537.2
1170470 1534.7
1170480 1534.7
1170490 1530.8
1170500 1526.3
1170510 1522.0
1170520 1522.0
1170530 1516.8
1170540 1511.1
1170550 1511.1
1170560 1505.7
1170570 1501.9
1170580 1501.9
1170590 1499.9
1170600 1498.4
1170610 1498.4
1170620 1496.7
1170630 1496.2
1170640 1496.2
1170650 1495.2
1170660 1494.4
1170670 1494.4
1170680 1492.9
1170690 1490.8
1170700 1490.8
1170710 1487.5
1170720 1482.8
1170730 1482.8
1170740 1480.3
1170750 1474.5
1170760 1474.5
1170770 1469.6
1170780 1466.2
1170790 1463.4
1170800 1456.4
1170810 1454.2
1170820 1448.9
1170830 1448.9
1170840 1448.6
1170850 1447.0
1170860 1447.0
1170870 1446.1
1170880 1443.3
1170890 1443.3
1170900 1440.5
1170910 1437.7
1170920 1437.7
1170930 1434.3
1170940 1430.9
1170950 1430.9
1170960 1428.4
1170970 1425.9
1170980 1425.9
1170990 1423.6
1171000 1420.7
1171010 1420.7
1171020 1418.2
1171030 1418.6
1171040 1418.6
1171050 1420.5
1171060 1421.3
1171070 1420.9
1171080 1420.9
1171090 1420.6
1171100 1419.3
1171110 1419.3
1171120 1418.3
1171130 1417.3
1171140 1417.3
1171150 1414.6
1171160 1411.9
1171170 1411.9
1171180 1410.5
1171190 1411.0
1171200 1406.2
1171210 1406.0
1171220 1406.8
1171230 1406.8
1171240 1407.4
1171250 1408.0
1171260 1408.0
1171270 1408.3
1171280 1407.0
1171290 1407.0
1171300 1404.9
1171310 1403.0
1171320 1403.0
1171330 1400.5
1171340 1395.5
1171350 1395.5
1171360 1390.6
1171370 1387.3
1171380 1383.5
1171390 1383.5
1171400 1379.9
1171410 1375.7
1171420 1375.7
1171430 1371.6
1171440 1367.6
1171450 1367.6
1171460 1364.7
1171470 1362.7
1171480 1362.7
1171490 1360.4
1171500 1357.8
1171510 1357.8
1171520 1353.9
1171530 1349.0
1171540 1349.0
1171550 1344.6
1171560 1340.4
1171570 1340.4
1171580 1337.0
1171590 1335.6
1171600 1335.6
1171610 1332.8
1171620 1331.7
1171630 1331.7
1171640 1330.0
1171650 1328.3
1171660 1326.5
1171670 1326.5
1171680 1320.4
1171690 1310.5
1171700 1310.5
1171710 1300.2
1171720 1288.5
1171730 1288.5
1171740 1281.6
1171750 1277.2
1171760 1277.2
1171770 1270.4
1171780 1265.1
1171790 1265.1
1171800 1262.4
1171810 1259.1
1171820 1259.1
1171830 1255.0
1171840 1251.0
1171850 1251.0
1171860 1246.9
1171870 1241.7
1171880 1241.7
1171890 1235.0
1171900 1228.9
1171910 1228.9
1171920 1223.3
1171930 1217.0
1171940 1211.3
1171950 1211.3
1171960 1202.0
1171970 1192.8
1171980 1192.8
1171990 1185.9
1172000 1180.8
1172010 1180.8
1172020 1174.1
1172030 1170.5
1172040 1170.5
1172050 1166.9
1172060 1162.8
1172070 1162.8
1172080 1158.5
1172090 1154.2
1172100 1154.2
1172110 1148.9
1172120 1143.5
1172130 1143.5
1172140 1139.0
1172150 1133.8
1172160 1133.8
1172170 1126.3
1172180 1118.7
1172190 1118.7
1172200 1112.0
1172210 1105.8
1172220 1105.8
1172230 1099.4
1172240 1093.3
1172250 1086.5
1172260 1086.5
1172270 1077.9
1172280 1068.6
1172290 1068.6
1172300 1059.6
1172310 1051.0
1172320 1051.0
1172330 1045.1
1172340 1039.6
1172350 1039.6
1172360 1033.3
1172370 1028.9
1172380 1028.9
1172390 1025.6
1172400 1022.4
1172410 1022.4
1172420 1019.3
1172430 1014.0
1172440 1014.0
1172450 1010.4
1172460 1006.3
1172470 1006.3
1172480 1002.3
1172490 998.5
1172500 998.5
1172510 994.4
1172520 990.6
1172530 987.0
1172540 987.0
1172550 984.6
1172560 982.1
1172570 982.1
1172580 978.9
1172590 975.1
1172600 975.1
1172610 973.1
1172620 971.8
1172630 971.8
1172640 970.5
1172650 969.1
1172660 969.1
1172670 968.3
1172680 967.8
1172690 967.8
1172700 967.9
1172710 968.0
1172720 968.0
1172730 968.0
1172740 968.2
1172750 968.2
1172760 968.2
1172770 967.0
1172780 967.0
1172790 966.4
1172800 966.4
1172810 966.1
1172820 966.1
1172830 966.0
1172840 966.4
1172850 966.4
1172860 967.8
1172870 968.2
1172880 968.2
1172890 968.2
1172900 968.0
1172910 968.0
1172920 967.8
1172930 967.7
1172940 967.7
1172950 967.7
1172960 968.1
1172970 968.1
1172980 968.2
1172990 968.1
1173000 968.1
1173010 968.4
1173020 968.3
1173030 968.3
1173040 968.2
1173050 968.1
1173060 968.1
1173070 968.0
1173080 968.1
1173090 968.0
1173100 968.0
1173110 968.0
1173120 968.0
1173130 968.0
1173140 968.3
1173150 968.4
1173160 968.4
1173170 968.3
1173180 968.3
1173190 968.3
1173200 968.1
1173210 967.9
1173220 967.9
1173230 967.9
1173240 967.7
1173250 967.7
1173260 967.5
1173270 967.6
1173280 967.6
1173290 968.1
1173300 967.4
1173310 967.4
1173320 967.8
1173330 967.8
1173340 967.8
1173350 967.4
1173360 968.2
1173370 968.2
1173380 969.3
1173390 969.5
1173400 969.8
1173410 969.8
1173420 970.0
1173430 970.3
1173440 970.3
1173450 970.3
1173460 970.4
1173470 970.4
1173480 970.9
1173490 971.6
1173500 971.6
1173510 972.4
1173520 972.8
1173530 972.8
1173540 972.8
1173550 973.1
1173560 973.1
1173570 973.4
1173580 973.8
1173590 973.8
1173600 974.6
1173610 975.2
1173620 975.2
1173630 977.7
1173640 979.3
1173650 979.3
1173660 979.4
1173670 979.7
1173680 980.0
1173690 980.0
1173700 980.4
1173710 980.9
1173720 980.9
1173730 981.4
1173740 982.0
1173750 982.0
1173760 983.2
1173770 984.5
1173780 984.5
1173790 984.5
1173800 985.2
1173810 985.2
1173820 990.6
1173830 998.5
1173840 998.5
1173850 1006.1
1173860 1012.5
1173870 1012.5
1173880 1018.9
1173890 1023.6
1173900 1023.6
1173910 1027.4
1173920 1031.9
1173930 1031.9
1173940 1037.9
1173950 1043.1
1173960 1049.0
1173970 1049.0
1173980 1056.0
1173990 1062.0
1174000 1062.0
1174010 1069.6
1174020 1076.4
1174030 1076.4
1174040 1082.3
1174050 1089.3
1174060 1090.7
1174070 1100.9
1174080 1108.4
1174090 1108.4
1174100 1117.0
1174110 1125.2
1174120 1125.2
1174130 1132.3
1174140 1139.1
1174150 1139.1
1174160 1145.3
1174170 1148.9
1174180 1148.9
1174190 1149.6
1174200 1148.6
1174210 1148.6
1174220 1147.6
1174230 1150.0
1174240 1150.0
1174250 1150.6
1174260 1147.1
1174270 1145.0
1174280 1145.0
1174290 1145.3
1174300 1146.9
1174310 1146.9
1174320 1149.7
1174330 1153.2
1174340 1153.2
1174350 1157.1
1174360 1161.4
1174370 1161.4
1174380 1166.3
1174390 1172.3
1174400 1172.3
1174410 1179.4
1174420 1187.3
1174430 1187.3
1174440 1195.1
1174450 1199.5
1174460 1199.5
1174470 1207.2
1174480 1210.3
1174490 1210.3
1174500 1214.2
1174510 1218.7
1174520 1218.7
1174530 1223.7
1174540 1229.2
1174550 1234.6
1174560 1234.6
1174570 1240.0
1174580 1245.6
1174590 1245.6
1174600 1251.3
1174610 1256.7
1174620 1256.7
1174630 1262.6
1174640 1271.6
1174650 1271.6
1174660 1281.7
1174670 1287.7
1174680 1287.7
1174690 1294.5
1174700 1299.1
1174710 1299.1
1174720 1300.6
1174730 1299.9
1174740 1299.9
1174750 1299.2
1174760 1297.6
1174770 1297.6
1174780 1295.8
1174790 1295.0
1174800 1295.0
1174810 1296.2
1174820 1298.9
1174830 1301.5
1174840 1301.5
1174850 1303.9
1174860 1306.7
1174870 1306.7
1174880 1311.8
1174890 1315.0
1174900 1315.0
1174910 1317.5
1174920 1319.6
1174930 1319.6
1174940 1321.0
1174950 1322.2
1174960 1322.2
1174970 1323.5
1174980 1324.3
1174990 1324.3
1175000 1325.5
1175010 1327.5
1175020 1327.5
1175030 1330.0
1175040 1332.4
1175050 1332.4
1175060 1335.3
1175070 1338.7
1175080 1338.7
1175090 1342.2
1175100 1345.6
1175110 1348.5
1175120 1348.5
1175130 1350.5
1175140 1351.8
1175150 1351.8
1175160 1352.3
1175170 1352.9
1175180 1352.9
1175190 1353.7
1175200 1355.1
1175210 1355.1
1175220 1357.8
1175230 1359.6
1175240 1359.6
1175250 1360.7
1175260 1361.7
1175270 1361.7
1175280 1362.3
1175290 1373.6
1175300 1373.6
1175310 1374.8
1175320 1376.1
1175330 1376.1
1175340 1380.8
1175350 1384.9
1175360 1384.9
1175370 1386.8
1175380 1387.3
1175390 1387.3
1175400 1386.8
1175410 1385.0
1175420 1380.4
1175430 1380.4
1175440 1372.9
1175450 1371.2
1175460 1371.2
1175470 1383.1
1175480 1398.4
1175490 1398.4
1175500 1407.5
1175510 1413.4
1175520 1413.4
1175530 1420.9
1175540 1430.8
1175550 1430.8
1175560 1439.3
1175570 1446.1
1175580 1446.1
1175590 1452.0
1175600 1458.3
1175610 1458.3
1175620 1464.1
1175630 1468.3
1175640 1468.3
1175650 1472.6
1175660 1477.1
1175670 1477.1
1175680 1481.8
1175690 1486.4
1175700 1490.2
1175710 1497.1
1175720 1502.3
1175730 1505.8
1175740 1505.8
1175750 1509.1
1175760 1511.7
1175770 1511.7
1175780 1514.3
1175790 1516.7
1175800 1516.7
1175810 1519.5
1175820 1521.3
1175830 1521.3
1175840 1522.5
1175850 1524.3
1175860 1524.3
1175870 1526.2
1175880 1527.6
1175890 1527.6
1175900 1528.2
1175910 1528.2
1175920 1528.2
1175930 1528.1
1175940 1527.9
1175950 1527.9
1175960 1527.6
1175970 1527.5
1175980 1526.5
1175990 1526.5
1176000 1525.7
1176010 1525.4
1176020 1525.4
1176030 1524.9
1176040 1524.5
1176050 1524.5
1176060 1524.0
1176070 1524.9
1176080 1524.9
1176090 1526.2
1176100 1527.7
1176110 1527.7
1176120 1534.5
1176130 1536.2
1176140 1536.2
1176150 1534.8
1176160 1531.3
1176170 1531.3
1176180 1527.9
1176190 1534.0
1176200 1534.0
1176210 1540.1
1176220 1541.9
1176230 1541.9
1176240 1541.2
1176250 1540.8
1176260 1541.2
1176270 1541.2
1176280 1543.3
1176290 1544.8
1176300 1544.8
1176310 1542.9
1176320 1540.8
1176330 1540.8
1176340 1539.1
1176350 1538.1
1176360 1538.1
1176370 1537.6
1176380 1537.7
1176390 1537.7
1176400 1537.9
1176410 1538.4
1176420 1538.4
1176430 1539.1
1176440 1539.9
1176450 1539.9
1176460 1539.8
1176470 1538.8
1176480 1538.8
1176490 1536.3
1176500 1534.0
1176510 1534.0
1176520 1533.4
1176530 1540.9
1176540 1540.9
1176550 1541.6
1176560 1542.4
1176570 1544.9
1176580 1544.9
1176590 1548.9
1176600 1552.3
1176610 1552.3
1176620 1555.5
1176630 1557.6
1176640 1557.6
1176650 1559.3
1176660 1561.3
1176670 1561.3
1176680 1562.8
1176690 1564.5
1176700 1564.5
1176710 1566.4
1176720 1568.3
1176730 1568.3
1176740 1570.4
1176750 1572.7
1176760 1572.7
1176770 1575.1
1176780 1577.5
1176790 1577.5
1176800 1580.4
1176810 1583.3
1176820 1583.3
1176830 1583.0
1176840 1579.9
1176850 1577.1
1176860 1577.1
1176870 1574.8
1176880 1574.2
1176890 1574.2
1176900 1573.6
1176910 1574.8
1176920 1574.8
1176930 1581.8
1176940 1591.5
1176950 1589.4
1176960 1598.9
1176970 1608.5
1176980 1608.5
1176990 1617.3
1177000 1622.0
1177010 1622.0
1177020 1623.0
1177030 1622.5
1177040 1622.5
1177050 1621.4
1177060 1619.3
1177070 1619.3
1177080 1617.5
1177090 1616.9
1177100 1616.9
1177110 1617.3
1177120 1618.9
1177130 1621.1
1177140 1621.1
1177150 1623.3
1177160 1625.4
1177170 1625.4
1177180 1627.3
1177190 1628.3
1177200 1628.3
1177210 1629.3
1177220 1632.5
1177230 1632.5
1177240 1637.6
1177250 1642.2
1177260 1642.2
1177270 1647.2
1177280 1652.5
1177290 1652.5
1177300 1657.8
1177310 1662.6
1177320 1662.6
1177330 1668.9
1177340 1676.4
1177350 1676.4
1177360 1688.3
1177370 1691.5
1177380 1691.5
1177390 1692.7
1177400 1691.6
1177410 1691.6
1177420 1679.5
1177430 1687.2
1177440 1701.0
1177450 1701.0
1177460 1710.9
1177470 1717.3
1177480 1717.3
1177490 1723.3
1177500 1726.7
1177510 1726.7
1177520 1728.4
1177530 1731.2
1177540 1731.2
1177550 1731.2
1177560 1731.2
1177570 1731.2
1177580 1734.9
1177590 1741.7
1177600 1741.7
1177610 1750.8
1177620 1761.8
1177630 1761.8
1177640 1772.5
1177650 1780.6
1177660 1780.6
1177670 1789.1
1177680 1798.2
1177690 1798.2
1177700 1806.7
1177710 1815.2
1177720 1825.5
1177730 1825.5
1177740 1835.5
1177750 1843.8
1177760 1843.8
1177770 1849.8
1177780 1855.3
1177790 1855.3
1177800 1862.3
1177810 1870.7
1177820 1870.7
1177830 1880.5
1177840 1888.9
1177850 1888.9
1177860 1894.9
1177870 1900.9
1177880 1900.9
1177890 1906.9
1177900 1912.9
1177910 1912.9
1177920 1919.8
1177930 1927.1
1177940 1927.1
1177950 1934.2
1177960 1939.8
1177970 1939.8
1177980 1944.9
1177990 1951.7
1178000 1959.4
1178010 1959.4
1178020 1967.4
1178030 1975.3
1178040 1975.3
1178050 1983.2
1178060 1991.1
1178070 1991.1
1178080 1999.4
1178090 2008.4
1178100 2008.4
1178110 2018.5
1178120 2027.5
1178130 2027.5
1178140 2035.3
1178150 2043.1
1178160 2043.1
1178170 2050.6
1178180 2059.2
1178190 2056.6
1178200 2065.3
1178210 2073.3
1178220 2073.3
1178230 2080.7
1178240 2087.5
1178250 2087.5
1178260 2094.7
1178270 2101.8
1178280 2108.8
1178290 2108.8
1178300 2116.2
1178310 2123.4
1178320 2123.4
1178330 2130.7
1178340 2137.8
1178350 2137.8
1178360 2144.5
1178370 2150.4
1178380 2150.4
1178390 2155.8
1178400 2160.2
1178410 2160.2
1178420 2164.9
1178430 2169.8
1178440 2169.8
1178450 2174.7
1178460 2179.8
1178470 2179.8
1178480 2185.2
1178490 2191.3
1178500 2191.3
1178510 2197.9
1178520 2204.4
1178530 2204.4
1178540 2210.9
1178550 2218.0
1178560 2218.0
1178570 2225.1
1178580 2232.3
1178590 2240.0
1178600 2240.0
1178610 2244.7
1178620 2251.9
1178630 2251.9
1178640 2259.6
1178650 2267.4
1178660 2267.4
1178670 2274.9
1178680 2282.3
1178690 2282.3
1178700 2290.0
1178710 2297.8
1178720 2297.8
1178730 2305.4
1178740 2312.9
1178750 2312.9
1178760 2320.6
1178770 2327.7
1178780 2327.7
1178790 2335.4
1178800 2343.2
1178810 2343.2
1178820 2350.8
1178830 2358.4
1178840 2358.4
1178850 2365.9
1178860 2373.3
1178870 2380.9
1178880 2380.9
1178890 2388.8
1178900 2396.6
1178910 2396.6
1178920 2404.4
1178930 2412.6
1178940 2412.6
1178950 2422.0
1178960 2432.0
1178970 2432.0
1178980 2440.0
1178990 2446.3
1179000 2446.3
1179010 2445.3
1179020 2436.6
1179030 2440.0
1179040 2430.5
1179050 2419.8
1179060 2419.8
1179070 2410.1
1179080 2402.2
1179090 2402.2
1179100 2395.9
1179110 2387.6
1179120 2387.6
1179130 2378.8
1179140 2370.8
1179150 2363.6
1179160 2363.6
1179170 2355.5
1179180 2347.6
1179190 2347.6
1179200 2339.3
1179210 2331.2
1179220 2331.2
1179230 2323.2
1179240 2313.2
1179250 2313.2
1179260 2301.9
1179270 2290.6
1179280 2290.6
1179290 2281.3
1179300 2273.3
1179310 2273.3
1179320 2265.5
1179330 2256.5
1179340 2256.5
1179350 2245.8
1179360 2236.6
1179370 2236.6
1179380 2228.7
1179390 2220.4
1179400 2220.4
1179410 2207.1
1179420 2190.3
1179430 2172.5
1179440 2187.0
1179450 2171.9
1179460 2159.7
1179470 2159.7
1179480 2145.5
1179490 2135.4
1179500 2135.4
1179510 2142.0
1179520 2133.1
1179530 2133.1
1179540 2118.9
1179550 2106.7
1179560 2106.7
1179570 2090.4
1179580 2075.3
1179590 2075.3
1179600 2065.1
1179610 2056.0
1179620 2056.0
1179630 2048.8
1179640 2042.5
1179650 2042.5
1179660 2035.9
1179670 2030.2
1179680 2030.2
1179690 2024.9
1179700 2019.3
1179710 2019.3
1179720 2014.7
1179730 2010.9
1179740 2006.0
1179750 2006.0
1179760 2000.2
1179770 1993.9
1179780 1993.9
1179790 1987.6
1179800 1981.5
1179810 1981.5
1179820 1975.7
1179830 1970.4
1179840 1970.4
1179850 1964.9
1179860 1961.2
1179870 1961.2
1179880 1954.7
1179890 1947.9
1179900 1947.9
1179910 1940.9
1179920 1937.7
1179930 1937.7
1179940 1934.6
1179950 1930.0
1179960 1930.0
1179970 1925.8
1179980 1921.1
1179990 1921.1
