1160000 1257.2
1160010 1258.6
1160020 1258.6
1160030 1259.3
1160040 1257.5
1160050 1257.5
1160060 1257.0
1160070 1256.7
1160080 1256.7
1160090 1255.7
1160100 1251.7
1160110 1251.7
1160120 1250.7
1160130 1251.0
1160140 1251.0
1160150 1250.4
1160160 1249.5
1160170 1249.5
1160180 1247.3
1160190 1245.7
1160200 1244.6
1160210 1244.6
1160220 1244.1
1160230 1243.3
1160240 1243.3
1160250 1242.3
1160260 1241.6
1160270 1241.6
1160280 1240.9
1160290 1241.7
1160300 1241.7
1160310 1241.6
1160320 1239.6
1160330 1239.6
1160340 1238.0
1160350 1231.7
1160360 1231.7
1160370 1229.4
1160380 1227.4
1160390 1227.4
1160400 1225.2
1160410 1222.5
1160420 1222.5
1160430 1219.9
1160440 1217.3
1160450 1217.3
1160460 1214.2
1160470 1211.8
1160480 1209.5
1160490 1209.5
1160500 1207.4
1160510 1204.9
1160520 1204.9
1160530 1201.3
1160540 1195.9
1160550 1195.9
1160560 1191.7
1160570 1187.6
1160580 1187.6
1160590 1186.1
1160600 1184.2
1160610 1184.2
1160620 1180.5
1160630 1177.0
1160640 1177.0
1160650 1172.9
1160660 1169.0
1160670 1169.0
1160680 1164.0
1160690 1159.5
1160700 1159.5
1160710 1156.1
1160720 1154.0
1160730 1154.0
1160740 1150.1
1160750 1149.2
1160760 1148.8
1160770 1148.8
1160780 1148.4
1160790 1148.2
1160800 1148.2
1160810 1147.9
1160820 1147.7
1160830 1147.7
1160840 1147.4
1160850 1146.9
1160860 1146.9
1160870 1146.1
1160880 1145.3
1160890 1145.3
1160900 1145.5
1160910 1145.6
1160920 1145.6
1160930 1145.3
1160940 1145.0
1160950 1145.0
1160960 1144.8
1160970 1144.6
1160980 1144.6
1160990 1144.4
1161000 1144.1
1161010 1144.1
1161020 1143.8
1161030 1143.8
1161040 1143.8
1161050 1143.5
1161060 1143.3
1161070 1143.5
1161080 1143.5
1161090 1143.0
1161100 1142.5
1161110 1142.5
1161120 1142.1
1161130 1141.8
1161140 1141.8
1161150 1141.9
1161160 1142.0
1161170 1142.0
1161180 1141.8
1161190 1141.4
1161200 1141.4
1161210 1141.1
1161220 1140.9
1161230 1140.9
1161240 1140.7
1161250 1140.2
1161260 1140.2
1161270 1140.3
1161280 1141.9
1161290 1141.9
1161300 1143.8
1161310 1144.6
1161320 1144.6
1161330 1144.9
1161340 1145.4
1161350 1146.1
1161360 1146.1
1161370 1146.9
1161380 1148.0
1161390 1148.0
1161400 1149.0
1161410 1149.9
1161420 1149.9
1161430 1151.1
1161440 1152.5
1161450 1152.5
1161460 1153.7
1161470 1155.3
1161480 1155.3
1161490 1157.7
1161500 1160.4
1161510 1160.4
1161520 1163.1
1161530 1171.4
1161540 1171.4
1161550 1175.1
1161560 1179.1
1161570 1179.1
1161580 1183.0
1161590 1186.5
1161600 1186.5
1161610 1189.9
1161620 1193.7
1161630 1193.7
1161640 1198.0
1161650 1201.8
1161660 1204.8
1161670 1204.8
1161680 1209.0
1161690 1212.7
1161700 1212.7
1161710 1217.7
1161720 1223.4
1161730 1223.4
1161740 1228.8
1161750 1234.0
1161760 1234.0
1161770 1238.9
1161780 1243.1
1161790 1243.1
1161800 1246.1
1161810 1245.2
1161820 1245.2
1161830 1237.1
1161840 1224.8
1161850 1224.8
1161860 1226.2
1161870 1237.5
1161880 1237.5
1161890 1248.0
1161900 1260.9
1161910 1260.9
1161920 1272.2
1161930 1285.5
1161940 1297.2
1161950 1297.2
1161960 1307.2
1161970 1316.9
1161980 1316.9
1161990 1327.4
1162000 1337.6
1162010 1337.6
1162020 1347.4
1162030 1354.2
1162040 1354.2
1162050 1357.4
1162060 1359.9
1162070 1359.9
1162080 1363.1
1162090 1366.9
1162100 1366.9
1162110 1370.2
1162120 1371.8
1162130 1371.8
1162140 1373.1
1162150 1376.2
1162160 1376.2
1162170 1379.5
1162180 1382.8
1162190 1382.8
1162200 1385.3
1162210 1388.3
1162220 1391.7
1162230 1391.7
1162240 1394.6
1162250 1397.4
1162260 1397.4
1162270 1400.4
1162280 1404.0
1162290 1404.0
1162300 1407.9
1162310 1411.8
1162320 1417.2
1162330 1421.3
1162340 1425.6
1162350 1425.6
1162360 1430.2
1162370 1434.4
1162380 1434.4
1162390 1438.7
1162400 1443.2
1162410 1443.2
1162420 1447.7
1162430 1451.8
1162440 1451.8
1162450 1456.4
1162460 1460.8
1162470 1460.8
1162480 1464.8
1162490 1469.9
1162500 1469.9
1162510 1474.1
1162520 1479.4
1162530 1486.9
1162540 1486.9
1162550 1497.8
1162560 1504.5
1162570 1504.5
1162580 1508.5
1162590 1507.2
1162600 1507.2
1162610 1507.1
1162620 1508.0
1162630 1508.0
1162640 1513.0
1162650 1517.4
1162660 1517.4
1162670 1532.8
1162680 1549.2
1162690 1549.2
1162700 1560.6
1162710 1571.9
1162720 1579.4
1162730 1587.9
1162740 1592.5
1162750 1592.5
1162760 1596.9
1162770 1600.5
1162780 1600.5
1162790 1601.4
1162800 1603.4
1162810 1608.0
1162820 1608.0
1162830 1607.5
1162840 1605.5
1162850 1605.5
1162860 1610.3
1162870 1620.0
1162880 1620.0
1162890 1629.6
1162900 1634.0
1162910 1634.0
1162920 1632.6
1162930 1635.2
1162940 1635.2
1162950 1643.3
1162960 1655.6
1162970 1655.6
1162980 1659.0
1162990 1667.7
1163000 1667.7
1163010 1676.6
1163020 1683.5
1163030 1683.5
1163040 1687.3
1163050 1690.1
1163060 1690.1
1163070 1692.1
1163080 1693.6
1163090 1693.6
1163100 1692.5
1163110 1712.1
1163120 1719.7
1163130 1719.7
1163140 1726.0
1163150 1729.6
1163160 1729.6
1163170 1734.4
1163180 1734.9
1163190 1734.9
1163200 1732.0
1163210 1734.0
1163220 1734.0
1163230 1734.0
1163240 1743.7
1163250 1743.7
1163260 1744.1
1163270 1743.9
1163280 1743.9
1163290 1743.0
1163300 1744.2
1163310 1744.2
1163320 1744.2
1163330 1744.3
1163340 1744.3
1163350 1746.8
1163360 1748.9
1163370 1748.9
1163380 1751.0
1163390 1754.0
1163400 1755.9
1163410 1755.9
1163420 1754.6
1163430 1751.1
1163440 1751.1
1163450 1748.7
1163460 1749.0
1163470 1749.0
1163480 1748.5
1163490 1748.5
1163500 1748.5
1163510 1760.7
1163520 1762.8
1163530 1762.8
1163540 1767.2
1163550 1773.4
1163560 1773.4
1163570 1782.0
1163580 1797.5
1163590 1797.5
1163600 1816.8
1163610 1824.3
1163620 1824.3
1163630 1830.1
1163640 1839.7
1163650 1839.7
1163660 1847.7
1163670 1850.8
1163680 1850.0
1163690 1850.0
1163700 1848.4
1163710 1848.4
1163720 1848.4
1163730 1850.5
1163740 1853.4
1163750 1853.4
1163760 1854.2
1163770 1854.8
1163780 1854.8
1163790 1853.9
1163800 1851.3
1163810 1851.3
1163820 1850.6
1163830 1849.7
1163840 1849.7
1163850 1848.0
1163860 1847.9
1163870 1847.9
1163880 1848.6
1163890 1851.9
1163900 1851.9
1163910 1857.7
1163920 1855.8
1163930 1855.8
1163940 1853.4
1163950 1851.4
1163960 1851.4
1163970 1849.4
1163980 1848.3
1163990 1849.2
1164000 1849.2
1164010 1847.9
1164020 1845.9
1164030 1845.9
1164040 1843.4
1164050 1842.1
1164060 1842.1
1164070 1837.2
1164080 1832.6
1164090 1832.6
1164100 1828.0
1164110 1819.2
1164120 1819.2
1164130 1809.2
1164140 1794.4
1164150 1794.4
1164160 1758.9
1164170 1740.1
1164180 1740.1
1164190 1730.7
1164200 1721.0
1164210 1721.0
1164220 1708.2
1164230 1699.4
1164240 1699.4
1164250 1691.1
1164260 1683.3
1164270 1676.4
1164280 1676.4
1164290 1669.0
1164300 1667.5
1164310 1676.3
1164320 1674.3
1164330 1674.0
1164340 1674.0
1164350 1673.7
1164360 1673.5
1164370 1673.5
1164380 1674.1
1164390 1676.0
1164400 1676.0
1164410 1676.4
1164420 1676.9
1164430 1676.9
1164440 1675.0
1164450 1679.4
1164460 1679.4
1164470 1677.8
1164480 1674.3
1164490 1674.3
1164500 1669.4
1164510 1665.3
1164520 1665.3
1164530 1668.7
1164540 1668.1
1164550 1668.1
1164560 1665.5
1164570 1659.6
1164580 1656.3
1164590 1656.3
1164600 1652.2
1164610 1644.8
1164620 1644.8
1164630 1639.4
1164640 1637.1
1164650 1637.1
1164660 1634.0
1164670 1629.9
1164680 1629.9
1164690 1625.6
1164700 1634.4
1164710 1634.4
1164720 1635.7
1164730 1639.3
1164740 1639.3
1164750 1644.8
1164760 1649.7
1164770 1649.7
1164780 1651.4
1164790 1658.5
1164800 1658.5
1164810 1665.9
1164820 1673.6
1164830 1673.6
1164840 1681.6
1164850 1690.4
1164860 1698.1
1164870 1698.1
1164880 1707.1
1164890 1717.9
1164900 1717.9
1164910 1725.7
1164920 1733.1
1164930 1733.1
1164940 1738.8
1164950 1747.4
1164960 1747.4
1164970 1755.5
1164980 1763.7
1164990 1763.7
1165000 1773.0
1165010 1786.7
1165020 1786.7
1165030 1796.1
1165040 1800.9
1165050 1800.9
1165060 1806.4
1165070 1812.8
1165080 1812.8
1165090 1818.8
1165100 1829.2
1165110 1829.2
1165120 1835.1
1165130 1840.0
1165140 1845.7
1165150 1845.7
1165160 1850.4
1165170 1853.1
1165180 1853.1
1165190 1854.7
1165200 1862.8
1165210 1862.8
1165220 1873.1
1165230 1878.7
1165240 1878.7
1165250 1881.7
1165260 1886.8
1165270 1886.8
1165280 1890.8
1165290 1892.7
1165300 1892.7
1165310 1894.4
1165320 1891.5
1165330 1891.5
1165340 1885.2
1165350 1886.8
1165360 1886.8
1165370 1890.2
1165380 1891.8
1165390 1891.8
1165400 1897.4
1165410 1905.8
1165420 1905.8
1165430 1908.0
1165440 1908.2
1165450 1907.5
1165460 1907.5
1165470 1912.5
1165480 1919.9
1165490 1919.9
1165500 1925.8
1165510 1931.6
1165520 1931.6
1165530 1940.4
1165540 1948.6
1165550 1948.6
1165560 1956.7
1165570 1967.0
1165580 1967.0
1165590 1977.4
1165600 1986.3
1165610 1986.3
1165620 1993.2
1165630 1999.9
1165640 1999.9
1165650 2005.9
1165660 2009.4
1165670 2009.4
1165680 2006.2
1165690 1996.4
1165700 1996.4
1165710 1982.5
1165720 1966.5
1165730 1957.7
1165740 1957.7
1165750 1948.9
1165760 1936.1
1165770 1936.1
1165780 1912.8
1165790 1905.6
1165800 1905.6
1165810 1903.1
1165820 1900.4
1165830 1900.4
1165840 1897.1
1165850 1893.3
1165860 1893.3
1165870 1890.3
1165880 1887.3
1165890 1887.3
1165900 1888.9
1165910 1887.8
1165920 1887.8
1165930 1887.6
1165940 1888.9
1165950 1888.9
1165960 1888.7
1165970 1885.8
1165980 1885.8
1165990 1882.2
1166000 1881.8
1166010 1881.8
1166020 1882.1
1166030 1885.7
1166040 1890.0
1166050 1890.0
1166060 1892.6
1166070 1894.7
1166080 1894.7
1166090 1897.2
1166100 1900.9
1166110 1900.9
1166120 1904.3
1166130 1906.9
1166140 1906.9
1166150 1912.4
1166160 1919.0
1166170 1919.0
1166180 1924.7
1166190 1929.2
1166200 1929.2
1166210 1933.1
1166220 1938.9
1166230 1938.9
1166240 1944.3
1166250 1948.8
1166260 1948.8
1166270 1954.3
1166280 1961.4
1166290 1961.4
1166300 1988.6
1166310 2004.9
1166320 2017.8
1166330 2017.8
1166340 2029.3
1166350 2038.7
1166360 2038.7
1166370 2045.8
1166380 2051.9
1166390 2051.9
1166400 2054.3
1166410 2049.4
1166420 2049.4
1166430 2047.0
1166440 2057.5
1166450 2057.5
1166460 2082.0
1166470 2097.2
1166480 2097.2
1166490 2105.4
1166500 2110.2
1166510 2110.2
1166520 2113.9
1166530 2113.9
1166540 2113.9
1166550 2113.9
1166560 2117.0
1166570 2117.0
1166580 2120.3
1166590 2131.2
1166600 2136.4
1166610 2136.4
1166620 2133.4
1166630 2124.0
1166640 2124.0
1166650 2123.2
1166660 2124.0
1166670 2124.0
1166680 2121.1
1166690 2116.8
1166700 2128.5
1166710 2121.0
1166720 2114.4
1166730 2114.4
1166740 2110.4
1166750 2108.9
1166760 2108.9
1166770 2107.9
1166780 2106.8
1166790 2106.8
1166800 2111.3
1166810 2120.6
1166820 2120.6
1166830 2129.0
1166840 2137.0
1166850 2137.0
1166860 2145.6
1166870 2153.2
1166880 2153.2
1166890 2159.8
1166900 2164.9
1166910 2170.5
1166920 2170.5
1166930 2184.5
1166940 2191.7
1166950 2191.7
1166960 2193.9
1166970 2202.5
1166980 2202.5
1166990 2212.6
1167000 2220.7
1167010 2220.7
1167020 2230.2
1167030 2239.9
1167040 2239.9
1167050 2247.6
1167060 2247.6
1167070 2247.6
1167080 2247.4
1167090 2244.5
1167100 2244.5
1167110 2248.5
1167120 2246.3
1167130 2246.3
1167140 2250.2
1167150 2254.8
1167160 2254.8
1167170 2253.4
1167180 2248.9
1167190 2251.3
1167200 2251.3
1167210 2259.8
1167220 2268.2
1167230 2268.2
1167240 2275.6
1167250 2283.6
1167260 2283.6
1167270 2292.0
1167280 2299.9
1167290 2299.9
1167300 2308.9
1167310 2319.5
1167320 2319.5
1167330 2327.9
1167340 2334.2
1167350 2334.2
1167360 2340.8
1167370 2349.0
1167380 2349.0
1167390 2356.7
1167400 2363.6
1167410 2363.6
1167420 2369.5
1167430 2375.3
1167440 2375.3
1167450 2380.7
1167460 2386.6
1167470 2393.0
1167480 2393.0
1167490 2397.8
1167500 2402.1
1167510 2409.9
1167520 2414.3
1167530 2418.5
1167540 2418.5
1167550 2423.0
1167560 2427.9
1167570 2427.9
1167580 2432.5
1167590 2433.0
1167600 2433.0
1167610 2427.6
1167620 2421.7
1167630 2421.7
1167640 2419.4
1167650 2416.5
1167660 2416.5
1167670 2411.2
1167680 2400.4
1167690 2400.4
1167700 2386.0
1167710 2374.4
1167720 2374.4
1167730 2356.9
1167740 2345.7
1167750 2345.7
1167760 2338.1
1167770 2330.2
1167780 2317.3
1167790 2317.3
1167800 2303.1
1167810 2289.7
1167820 2289.7
1167830 2274.0
1167840 2265.1
1167850 2265.1
1167860 2242.3
1167870 2220.4
1167880 2220.4
1167890 2208.4
1167900 2190.3
1167910 2181.7
1167920 2174.6
1167930 2169.3
1167940 2169.3
1167950 2164.7
1167960 2160.3
1167970 2160.3
1167980 2155.4
1167990 2150.9
1168000 2150.9
1168010 2146.6
1168020 2142.9
1168030 2142.9
1168040 2138.9
1168050 2134.7
1168060 2130.4
1168070 2130.4
1168080 2126.2
1168090 2121.9
1168100 2121.9
1168110 2117.4
1168120 2113.7
1168130 2113.7
1168140 2109.7
1168150 2105.7
1168160 2105.7
1168170 2102.4
1168180 2099.0
1168190 2099.0
1168200 2096.1
1168210 2094.4
1168220 2094.4
1168230 2094.5
1168240 2094.5
1168250 2094.5
1168260 2093.8
1168270 2093.0
1168280 2093.0
1168290 2091.5
1168300 2090.1
1168310 2083.9
1168320 2082.6
1168330 2082.4
1168340 2082.4
1168350 2082.8
1168360 2082.8
1168370 2082.2
1168380 2082.2
1168390 2081.1
1168400 2080.6
1168410 2080.6
1168420 2079.2
1168430 2077.2
1168440 2077.2
1168450 2076.0
1168460 2075.1
1168470 2075.1
1168480 2073.4
1168490 2071.7
1168500 2071.7
1168510 2071.0
1168520 2070.8
1168530 2070.8
1168540 2070.3
1168550 2069.4
1168560 2069.4
1168570 2069.2
1168580 2069.4
1168590 2069.4
1168600 2071.7
1168610 2074.1
1168620 2074.1
1168630 2072.2
1168640 2068.8
1168650 2067.0
1168660 2067.0
1168670 2065.4
1168680 2065.4
1168690 2065.4
1168700 2064.6
1168710 2064.6
1168720 2058.9
1168730 2059.1
1168740 2058.5
1168750 2058.5
1168760 2057.5
1168770 2058.5
1168780 2058.5
1168790 2059.9
1168800 2058.2
1168810 2058.2
1168820 2055.1
1168830 2051.8
1168840 2051.8
1168850 2048.3
1168860 2045.4
1168870 2045.4
1168880 2043.9
1168890 2043.0
1168900 2043.0
1168910 2042.0
1168920 2041.4
1168930 2040.3
1168940 2040.3
1168950 2039.6
1168960 2038.2
1168970 2038.2
1168980 2036.7
1168990 2035.4
1169000 2035.4
1169010 2034.9
1169020 2034.5
1169030 2034.5
1169040 2033.2
1169050 2031.2
1169060 2031.2
1169070 2030.1
1169080 2028.6
1169090 2028.6
1169100 2027.0
1169110 2026.8
1169120 2020.8
1169130 2020.4
1169140 2020.1
1169150 2020.1
1169160 2020.0
1169170 2020.3
1169180 2020.3
1169190 2021.0
1169200 2021.6
1169210 2021.6
1169220 2021.9
1169230 2022.0
1169240 2021.8
1169250 2021.8
1169260 2021.7
1169270 2021.6
1169280 2021.6
1169290 2021.6
1169300 2021.7
1169310 2021.7
1169320 2021.9
1169330 2021.7
1169340 2021.7
1169350 2021.2
1169360 2020.8
1169370 2020.8
1169380 2020.6
1169390 2019.1
1169400 2019.1
1169410 2017.4
1169420 2017.8
1169430 2017.8
1169440 2021.3
1169450 2026.1
1169460 2026.1
1169470 2031.1
1169480 2036.4
1169490 2036.4
1169500 2043.1
1169510 2048.9
1169520 2050.8
1169530 2050.8
1169540 2058.6
1169550 2066.4
1169560 2066.4
1169570 2073.9
1169580 2078.8
1169590 2078.8
1169600 2083.5
1169610 2090.2
1169620 2090.2
1169630 2096.6
1169640 2096.3
1169650 2096.3
1169660 2094.5
1169670 2092.3
1169680 2092.3
1169690 2089.8
1169700 2091.2
1169710 2091.2
1169720 2093.7
1169730 2093.3
1169740 2093.3
1169750 2086.6
1169760 2079.6
1169770 2079.6
1169780 2071.7
1169790 2063.6
1169800 2063.6
1169810 2056.2
1169820 2049.1
1169830 2042.3
1169840 2042.3
1169850 2035.1
1169860 2027.9
1169870 2027.9
1169880 2020.8
1169890 2014.3
1169900 2014.3
1169910 2008.0
1169920 2001.9
1169930 2001.5
1169940 1995.5
1169950 1989.8
1169960 1989.8
1169970 1984.6
1169980 1981.5
1169990 1981.5
1170000 1978.5
1170010 1976.6
1170020 1976.6
1170030 1974.5
1170040 1973.2
1170050 1973.2
1170060 1972.1
1170070 1969.0
1170080 1969.0
1170090 1967.8
1170100 1967.1
1170110 1967.2
1170120 1967.2
1170130 1967.1
1170140 1967.2
1170150 1967.2
1170160 1966.4
1170170 1964.7
1170180 1964.7
1170190 1964.2
1170200 1964.7
1170210 1964.7
1170220 1963.2
1170230 1959.7
1170240 1959.7
1170250 1956.2
1170260 1954.0
1170270 1954.0
1170280 1956.6
1170290 1960.0
1170300 1960.0
1170310 1958.2
1170320 1956.1
1170330 1951.0
1170340 1949.0
1170350 1944.1
1170360 1944.1
1170370 1938.1
1170380 1933.2
1170390 1927.9
1170400 1927.9
1170410 1924.3
1170420 1920.4
1170430 1920.4
1170440 1914.5
1170450 1911.1
1170460 1911.1
1170470 1905.6
1170480 1900.0
1170490 1900.0
1170500 1894.5
1170510 1889.2
1170520 1889.2
1170530 1884.8
1170540 1880.6
1170550 1880.6
1170560 1876.3
1170570 1870.3
1170580 1870.3
1170590 1863.1
1170600 1856.5
1170610 1856.5
1170620 1850.1
1170630 1844.0
1170640 1844.0
1170650 1838.8
1170660 1834.1
1170670 1834.1
1170680 1830.4
1170690 1826.7
1170700 1822.9
1170710 1822.9
1170720 1818.9
1170730 1814.7
1170740 1810.1
1170750 1805.6
1170760 1800.1
1170770 1800.1
1170780 1793.1
1170790 1786.1
1170800 1786.1
1170810 1780.8
1170820 1780.0
1170830 1780.0
1170840 1777.5
1170850 1772.6
1170860 1772.6
1170870 1766.9
1170880 1761.1
1170890 1761.1
1170900 1755.2
1170910 1749.5
1170920 1749.5
1170930 1744.4
1170940 1739.5
1170950 1739.5
1170960 1735.1
1170970 1730.6
1170980 1725.8
1170990 1725.8
1171000 1720.6
1171010 1714.9
1171020 1714.9
1171030 1708.3
1171040 1701.6
1171050 1701.6
1171060 1696.8
1171070 1691.6
1171080 1691.6
1171090 1687.3
1171100 1683.2
1171110 1683.2
1171120 1679.1
1171130 1675.2
1171140 1675.2
1171150 1666.8
1171160 1663.3
1171170 1663.3
1171180 1659.9
1171190 1656.5
1171200 1656.5
1171210 1652.6
1171220 1648.3
1171230 1648.3
1171240 1645.3
1171250 1642.7
1171260 1639.5
1171270 1639.5
1171280 1636.2
1171290 1632.4
1171300 1632.4
1171310 1628.2
1171320 1624.2
1171330 1624.2
1171340 1620.1
1171350 1616.3
1171360 1616.3
1171370 1613.4
1171380 1610.9
1171390 1610.9
1171400 1607.9
1171410 1603.4
1171420 1603.4
1171430 1601.7
1171440 1599.7
1171450 1599.7
1171460 1595.9
1171470 1592.5
1171480 1592.5
1171490 1589.6
1171500 1586.8
1171510 1586.8
1171520 1583.5
1171530 1579.7
1171540 1579.7
1171550 1568.9
1171560 1564.8
1171570 1563.0
1171580 1563.0
1171590 1562.2
1171600 1561.0
1171610 1561.0
1171620 1558.2
1171630 1550.2
1171640 1550.2
1171650 1544.1
1171660 1547.1
1171670 1547.1
1171680 1545.7
1171690 1543.2
1171700 1543.2
1171710 1540.6
1171720 1538.6
1171730 1538.6
1171740 1537.3
1171750 1535.6
1171760 1535.6
1171770 1533.1
1171780 1530.3
1171790 1530.3
1171800 1528.9
1171810 1528.7
1171820 1528.7
1171830 1527.2
1171840 1521.4
1171850 1515.9
1171860 1515.9
1171870 1511.4
1171880 1506.9
1171890 1506.9
1171900 1501.0
1171910 1492.4
1171920 1492.4
1171930 1480.7
1171940 1469.4
1171950 1469.4
1171960 1458.1
1171970 1452.2
1171980 1452.2
1171990 1447.2
1172000 1443.3
1172010 1443.3
1172020 1440.0
1172030 1437.1
1172040 1437.1
1172050 1433.7
1172060 1430.3
1172070 1430.3
1172080 1427.2
1172090 1423.9
1172100 1423.9
1172110 1421.7
1172120 1421.2
1172130 1421.2
1172140 1421.0
1172150 1416.6
1172160 1411.0
1172170 1411.0
1172180 1406.6
1172190 1397.9
1172200 1397.9
1172210 1385.5
1172220 1375.2
1172230 1375.2
1172240 1369.7
1172250 1366.1
1172260 1366.1
1172270 1364.4
1172280 1363.9
1172290 1363.9
1172300 1363.5
1172310 1360.7
1172320 1360.7
1172330 1354.8
1172340 1346.4
1172350 1346.4
1172360 1340.1
1172370 1331.9
1172380 1331.9
1172390 1330.6
1172400 1320.4
1172410 1320.4
1172420 1311.1
1172430 1303.7
1172440 1297.2
1172450 1297.2
1172460 1284.7
1172470 1264.5
1172480 1264.5
1172490 1258.2
1172500 1253.6
1172510 1253.6
1172520 1251.3
1172530 1244.0
1172540 1244.0
1172550 1231.2
1172560 1222.1
1172570 1222.1
1172580 1210.8
1172590 1197.7
1172600 1197.7
1172610 1187.9
1172620 1179.4
1172630 1179.4
1172640 1172.5
1172650 1167.2
1172660 1167.2
1172670 1163.2
1172680 1158.2
1172690 1158.2
1172700 1152.4
1172710 1147.3
1172720 1142.1
1172730 1142.1
1172740 1135.9
1172750 1129.3
1172760 1129.3
1172770 1122.1
1172780 1113.3
1172790 1113.3
1172800 1098.7
1172810 1084.4
1172820 1084.4
1172830 1075.6
1172840 1067.4
1172850 1067.4
1172860 1053.6
1172870 1036.6
1172880 1036.6
1172890 1025.8
1172900 1020.1
1172910 1020.1
1172920 1015.7
1172930 1012.3
1172940 1012.3
1172950 1008.7
1172960 1004.0
1172970 1004.0
1172980 998.5
1172990 994.0
1173000 994.0
1173010 989.8
1173020 984.3
1173030 978.7
1173040 978.7
1173050 973.2
1173060 967.7
1173070 967.7
1173080 963.6
1173090 962.1
1173100 962.1
1173110 962.3
1173120 962.2
1173130 962.2
1173140 962.1
1173150 962.1
1173160 962.1
1173170 962.0
1173180 962.1
1173190 962.1
1173200 962.3
1173210 962.3
1173220 962.3
1173230 962.8
1173240 962.8
1173250 962.8
1173260 962.0
1173270 960.1
1173280 960.1
1173290 960.1
1173300 960.1
1173310 960.1
1173320 960.1
1173330 960.3
1173340 960.7
1173350 960.7
1173360 961.7
1173370 961.7
1173380 961.7
1173390 962.6
1173400 962.9
1173410 962.9
1173420 962.6
1173430 962.3
1173440 962.3
1173450 962.5
1173460 962.6
1173470 962.6
1173480 962.5
1173490 962.4
1173500 962.4
1173510 962.3
1173520 962.2
1173530 962.2
1173540 962.1
1173550 962.0
1173560 962.0
1173570 961.8
1173580 961.6
1173590 963.0
1173600 963.0
1173610 962.7
1173620 962.1
1173630 962.1
1173640 962.0
1173650 962.0
1173660 962.0
1173670 961.9
1173680 961.8
1173690 961.8
1173700 961.8
1173710 961.9
1173720 961.9
1173730 961.8
1173740 961.6
1173750 961.6
1173760 961.5
1173770 961.4
1173780 961.4
1173790 961.2
1173800 961.1
1173810 961.1
1173820 961.8
1173830 962.0
1173840 962.0
1173850 962.4
1173860 965.4
1173870 965.4
1173880 966.7
1173890 966.4
1173900 965.9
1173910 965.9
1173920 965.7
1173930 965.7
1173940 965.7
1173950 965.7
1173960 965.6
1173970 965.6
1173980 965.5
1173990 965.5
1174000 966.1
1174010 966.2
1174020 966.8
1174030 966.8
1174040 967.5
1174050 968.8
1174060 968.8
1174070 970.6
1174080 971.5
1174090 971.5
1174100 976.6
1174110 983.8
1174120 983.8
1174130 992.0
1174140 1000.3
1174150 1000.3
1174160 1006.8
1174170 1008.0
1174180 1007.7
1174190 1007.7
1174200 1011.2
1174210 1016.2
1174220 1016.2
1174230 1021.5
1174240 1027.0
1174250 1027.0
1174260 1032.9
1174270 1039.7
1174280 1039.7
1174290 1047.6
1174300 1055.7
1174310 1055.7
1174320 1063.8
1174330 1071.7
1174340 1071.7
1174350 1079.8
1174360 1090.9
1174370 1090.9
1174380 1105.0
1174390 1115.8
1174400 1115.8
1174410 1132.0
1174420 1150.4
1174430 1150.4
1174440 1155.8
1174450 1162.7
1174460 1172.7
1174470 1172.7
1174480 1181.7
1174490 1187.3
1174500 1187.3
1174510 1194.2
1174520 1204.4
1174530 1204.4
1174540 1216.7
1174550 1223.1
1174560 1223.1
1174570 1228.7
1174580 1231.1
1174590 1231.1
1174600 1233.4
1174610 1237.5
1174620 1237.5
1174630 1245.5
1174640 1253.2
1174650 1253.2
1174660 1257.0
1174670 1260.4
1174680 1260.4
1174690 1264.9
1174700 1269.9
1174710 1269.9
1174720 1275.7
1174730 1282.0
1174740 1282.0
1174750 1288.8
1174760 1295.0
1174770 1300.2
1174780 1300.2
1174790 1304.8
1174800 1311.0
1174810 1311.0
1174820 1314.9
1174830 1329.0
1174840 1329.0
1174850 1337.6
1174860 1351.7
1174870 1351.7
1174880 1363.0
1174890 1376.2
1174900 1376.2
1174910 1386.6
1174920 1395.7
1174930 1395.7
1174940 1404.4
1174950 1410.8
1174960 1410.8
1174970 1414.9
1174980 1421.0
1174990 1421.0
1175000 1426.7
1175010 1431.7
1175020 1431.7
1175030 1436.0
1175040 1440.3
1175050 1442.0
1175060 1442.0
1175070 1440.4
1175080 1439.1
1175090 1439.1
1175100 1439.5
1175110 1442.1
1175120 1442.1
1175130 1446.1
1175140 1449.8
1175150 1449.8
1175160 1453.7
1175170 1457.5
1175180 1457.5
1175190 1459.1
1175200 1461.5
1175210 1461.5
1175220 1464.7
1175230 1466.9
1175240 1463.5
1175250 1463.7
1175260 1462.1
1175270 1462.1
1175280 1458.7
1175290 1455.0
1175300 1455.0
1175310 1455.0
1175320 1458.1
1175330 1458.1
1175340 1461.0
1175350 1462.0
1175360 1462.1
1175370 1462.1
1175380 1461.2
1175390 1460.0
1175400 1460.0
1175410 1459.2
1175420 1458.7
1175430 1458.7
1175440 1457.5
1175450 1459.6
1175460 1459.6
1175470 1462.0
1175480 1463.2
1175490 1463.2
1175500 1464.6
1175510 1467.0
1175520 1467.0
1175530 1469.6
1175540 1472.3
1175550 1472.3
1175560 1475.1
1175570 1478.3
1175580 1478.3
1175590 1481.6
1175600 1485.3
1175610 1485.3
1175620 1489.3
1175630 1493.6
1175640 1498.5
1175650 1496.9
1175660 1501.1
1175670 1504.9
1175680 1504.9
1175690 1508.9
1175700 1513.2
1175710 1513.2
1175720 1517.7
1175730 1522.0
1175740 1522.0
1175750 1526.3
1175760 1529.7
1175770 1529.7
1175780 1532.5
1175790 1537.1
1175800 1537.1
1175810 1542.4
1175820 1548.0
1175830 1548.0
1175840 1555.9
1175850 1561.7
1175860 1561.7
1175870 1569.0
1175880 1575.9
1175890 1575.9
1175900 1580.1
1175910 1584.0
1175920 1589.4
1175930 1589.4
1175940 1595.3
1175950 1601.1
1175960 1601.1
1175970 1606.9
1175980 1613.1
1175990 1613.1
1176000 1618.1
1176010 1622.9
1176020 1622.9
1176030 1626.8
1176040 1630.3
1176050 1630.3
1176060 1630.9
1176070 1635.0
1176080 1635.0
1176090 1638.4
1176100 1642.4
1176110 1642.4
1176120 1647.3
1176130 1652.8
1176140 1652.8
1176150 1658.6
1176160 1664.7
1176170 1664.7
1176180 1671.0
1176190 1677.7
1176200 1677.7
1176210 1685.0
1176220 1692.3
1176230 1698.4
1176240 1698.4
1176250 1705.3
1176260 1711.9
1176270 1711.9
1176280 1718.3
1176290 1724.8
1176300 1724.8
1176310 1731.4
1176320 1738.0
1176330 1738.0
1176340 1744.4
1176350 1751.0
1176360 1751.0
1176370 1757.7
1176380 1763.9
1176390 1763.9
1176400 1770.0
1176410 1777.0
1176420 1777.0
1176430 1784.6
1176440 1792.1
1176450 1792.1
1176460 1799.8
1176470 1807.6
1176480 1804.6
1176490 1815.0
1176500 1827.4
1176510 1835.0
1176520 1835.0
1176530 1840.3
1176540 1844.3
1176550 1844.3
1176560 1847.0
1176570 1844.2
1176580 1844.2
1176590 1840.5
1176600 1840.9
1176610 1840.9
1176620 1840.3
1176630 1837.6
1176640 1837.6
1176650 1838.9
1176660 1835.1
1176670 1835.1
1176680 1831.5
1176690 1829.6
1176700 1829.6
1176710 1829.2
1176720 1827.4
1176730 1827.4
1176740 1823.5
1176750 1822.0
1176760 1822.0
1176770 1818.8
1176780 1814.2
1176790 1810.3
1176800 1810.3
1176810 1805.7
1176820 1807.4
1176830 1807.4
1176840 1804.8
1176850 1802.6
1176860 1802.6
1176870 1804.3
1176880 1799.6
1176890 1788.7
1176900 1786.1
1176910 1788.7
1176920 1788.7
1176930 1790.0
1176940 1791.7
1176950 1791.7
1176960 1794.4
1176970 1796.7
1176980 1796.7
1176990 1798.3
1177000 1798.5
1177010 1798.5
1177020 1800.3
1177030 1804.9
1177040 1804.9
1177050 1810.6
1177060 1814.4
1177070 1814.4
1177080 1815.2
1177090 1818.8
1177100 1822.7
1177110 1822.7
1177120 1825.7
1177130 1827.3
1177140 1827.3
1177150 1827.4
1177160 1827.8
1177170 1827.8
1177180 1829.7
1177190 1831.4
1177200 1831.4
1177210 1831.7
1177220 1832.9
1177230 1832.9
1177240 1832.0
1177250 1830.9
1177260 1830.9
1177270 1835.1
1177280 1842.5
1177290 1842.5
1177300 1849.1
1177310 1856.0
1177320 1856.0
1177330 1861.6
1177340 1867.3
1177350 1867.3
1177360 1872.5
1177370 1878.0
1177380 1884.0
1177390 1884.0
1177400 1889.9
1177410 1895.7
1177420 1895.7
1177430 1901.4
1177440 1907.3
1177450 1907.3
1177460 1913.8
1177470 1921.5
1177480 1921.5
1177490 1931.3
1177500 1939.8
1177510 1939.8
1177520 1947.6
1177530 1956.3
1177540 1956.3
1177550 1964.0
1177560 1963.0
1177570 1963.0
1177580 1960.5
1177590 1960.2
1177600 1960.2
1177610 1961.7
1177620 1965.5
1177630 1965.5
1177640 1972.7
1177650 1975.3
1177660 1980.1
1177670 1980.1
1177680 1984.7
1177690 1987.1
1177700 1987.1
1177710 1990.0
1177720 1984.0
1177730 1984.0
1177740 1985.8
1177750 1989.4
1177760 1989.4
1177770 1990.9
1177780 1992.4
1177790 1992.4
1177800 1994.3
1177810 1995.8
1177820 1995.8
1177830 1998.4
1177840 2000.1
1177850 2000.1
1177860 2001.7
1177870 2003.9
1177880 2003.9
1177890 2005.9
1177900 2007.9
1177910 2007.9
1177920 2010.1
1177930 2012.8
1177940 2012.8
1177950 2015.6
1177960 2017.6
1177970 2018.7
1177980 2018.7
1177990 2020.5
1178000 2022.8
1178010 2022.8
1178020 2025.3
1178030 2027.9
1178040 2027.9
1178050 2030.8
1178060 2033.2
1178070 2033.2
1178080 2036.2
1178090 2038.4
1178100 2038.4
1178110 2041.8
1178120 2046.4
1178130 2046.4
1178140 2045.8
1178150 2051.4
1178160 2051.4
1178170 2057.5
1178180 2062.5
1178190 2062.5
1178200 2067.3
1178210 2072.9
1178220 2072.9
1178230 2079.6
1178240 2088.7
1178250 2097.0
1178260 2097.0
1178270 2103.2
1178280 2109.1
1178290 2109.1
1178300 2115.8
1178310 2123.1
1178320 2123.1
1178330 2129.0
1178340 2132.3
1178350 2132.3
1178360 2137.7
1178370 2144.5
1178380 2144.5
1178390 2151.8
1178400 2158.9
1178410 2158.9
1178420 2165.3
1178430 2173.1
1178440 2173.1
1178450 2181.3
1178460 2189.1
1178470 2189.1
1178480 2197.5
1178490 2205.4
1178500 2205.4
1178510 2213.0
1178520 2220.4
1178530 2228.1
1178540 2228.1
1178550 2234.1
1178560 2241.6
1178570 2241.6
1178580 2248.8
1178590 2256.4
1178600 2256.4
1178610 2262.6
1178620 2268.5
1178630 2268.5
1178640 2274.4
1178650 2280.7
1178660 2280.7
1178670 2286.9
1178680 2293.3
1178690 2293.3
1178700 2298.9
1178710 2305.5
1178720 2305.5
1178730 2312.7
1178740 2320.1
1178750 2320.1
1178760 2327.6
1178770 2335.3
1178780 2335.3
1178790 2342.9
1178800 2350.7
1178810 2350.7
1178820 2358.3
1178830 2365.9
1178840 2373.7
1178850 2373.7
1178860 2381.7
1178870 2390.0
1178880 2390.0
1178890 2397.8
1178900 2406.0
1178910 2406.0
1178920 2414.4
1178930 2422.2
1178940 2422.2
1178950 2429.6
1178960 2434.7
1178970 2440.3
1178980 2447.0
1178990 2440.8
1179000 2440.8
1179010 2430.9
1179020 2422.2
1179030 2422.2
1179040 2414.9
1179050 2414.4
1179060 2414.4
1179070 2413.7
1179080 2412.6
1179090 2412.6
1179100 2407.1
1179110 2397.6
1179120 2395.3
1179130 2395.3
1179140 2377.7
1179150 2360.5
1179160 2360.5
1179170 2349.0
1179180 2346.3
1179190 2346.3
1179200 2359.2
1179210 2375.9
1179220 2375.9
1179230 2383.7
1179240 2379.8
1179250 2379.8
1179260 2376.1
1179270 2370.6
1179280 2370.6
1179290 2365.0
1179300 2359.2
1179310 2359.2
1179320 2350.5
1179330 2341.5
1179340 2341.5
1179350 2333.0
1179360 2324.4
1179370 2324.4
1179380 2314.6
1179390 2302.0
1179400 2302.0
1179410 2292.6
1179420 2282.1
1179430 2270.0
1179440 2270.0
1179450 2260.2
1179460 2245.8
1179470 2245.8
1179480 2236.5
1179490 2229.2
1179500 2229.2
1179510 2217.7
1179520 2209.6
1179530 2209.6
1179540 2199.9
1179550 2189.5
1179560 2189.5
1179570 2179.2
1179580 2163.2
1179590 2163.2
1179600 2139.8
1179610 2126.5
1179620 2126.5
1179630 2118.8
1179640 2114.1
1179650 2114.1
1179660 2107.6
1179670 2102.7
1179680 2102.7
1179690 2099.5
1179700 2093.0
1179710 2084.3
1179720 2084.3
1179730 2077.6
1179740 2070.7
1179750 2070.7
1179760 2062.5
1179770 2055.9
1179780 2055.9
1179790 2050.0
1179800 2038.7
1179810 2038.7
1179820 2034.8
1179830 2032.9
1179840 2032.9
1179850 2029.1
1179860 2024.2
1179870 2024.2
1179880 2019.8
1179890 2013.5
1179900 2013.5
1179910 2005.6
1179920 1997.7
1179930 1997.7
1179940 1990.0
1179950 1982.4
1179960 1982.4
1179970 1979.2
1179980 1977.1
1179990 1973.0
