1160000 1304.4
1160010 1303.7
1160020 1303.7
1160030 1296.7
1160040 1298.9
1160050 1298.9
1160060 1302.0
1160070 1302.2
1160080 1303.9
1160090 1303.9
1160100 1305.3
1160110 1305.9
1160120 1305.9
1160130 1306.8
1160140 1307.9
1160150 1307.9
1160160 1309.9
1160170 1311.7
1160180 1311.7
1160190 1311.9
1160200 1303.8
1160210 1303.8
1160220 1275.0
1160230 1269.4
1160240 1269.4
1160250 1291.7
1160260 1313.1
1160270 1313.1
1160280 1324.0
1160290 1332.5
1160300 1332.5
1160310 1341.3
1160320 1352.1
1160330 1352.1
1160340 1366.7
1160350 1377.1
1160360 1388.3
1160370 1388.3
1160380 1396.6
1160390 1402.2
1160400 1402.2
1160410 1406.2
1160420 1408.6
1160430 1408.6
1160440 1410.3
1160450 1412.3
1160460 1412.3
1160470 1414.3
1160480 1416.2
1160490 1416.2
1160500 1417.6
1160510 1419.3
1160520 1419.3
1160530 1420.3
1160540 1421.5
1160550 1421.5
1160560 1423.0
1160570 1423.5
1160580 1423.5
1160590 1423.7
1160600 1423.3
1160610 1423.3
1160620 1423.8
1160630 1425.1
1160640 1425.1
1160650 1426.1
1160660 1427.6
1160670 1427.9
1160680 1427.9
1160690 1427.3
1160700 1429.7
1160710 1429.7
1160720 1430.0
1160730 1437.7
1160740 1437.7
1160750 1438.7
1160760 1438.8
1160770 1438.8
1160780 1437.3
1160790 1439.1
1160800 1439.1
1160810 1449.6
1160820 1453.0
1160830 1453.0
1160840 1453.4
1160850 1457.4
1160860 1457.4
1160870 1457.9
1160880 1460.4
1160890 1460.4
1160900 1465.3
1160910 1467.8
1160920 1467.8
1160930 1470.3
1160940 1470.2
1160950 1467.3
1160960 1467.3
1160970 1469.3
1160980 1471.3
1160990 1471.3
1161000 1471.4
1161010 1472.8
1161020 1472.8
1161030 1471.4
1161040 1472.7
1161050 1472.7
1161060 1470.4
1161070 1477.9
1161080 1477.9
1161090 1477.7
1161100 1484.9
1161110 1484.9
1161120 1491.0
1161130 1503.4
1161140 1503.4
1161150 1508.6
1161160 1512.7
1161170 1512.7
1161180 1515.9
1161190 1518.0
1161200 1518.0
1161210 1519.3
1161220 1519.6
1161230 1519.6
1161240 1519.7
1161250 1518.8
1161260 1520.2
1161270 1520.2
1161280 1521.8
1161290 1523.4
1161300 1523.4
1161310 1524.1
1161320 1524.2
1161330 1524.2
1161340 1525.2
1161350 1526.8
1161360 1526.8
1161370 1528.5
1161380 1529.5
1161390 1529.5
1161400 1530.7
1161410 1531.6
1161420 1531.6
1161430 1532.3
1161440 1533.1
1161450 1533.1
1161460 1535.0
1161470 1535.3
1161480 1535.3
1161490 1536.2
1161500 1536.9
1161510 1536.9
1161520 1541.4
1161530 1539.2
1161540 1539.9
1161550 1539.9
1161560 1538.0
1161570 1533.0
1161580 1533.0
1161590 1527.8
1161600 1522.7
1161610 1522.7
1161620 1517.4
1161630 1512.3
1161640 1512.3
1161650 1507.1
1161660 1501.2
1161670 1501.2
1161680 1494.0
1161690 1485.7
1161700 1485.7
1161710 1477.9
1161720 1470.9
1161730 1470.9
1161740 1464.7
1161750 1459.6
1161760 1459.6
1161770 1455.3
1161780 1450.5
1161790 1450.5
1161800 1445.8
1161810 1440.9
1161820 1435.9
1161830 1435.9
1161840 1430.9
1161850 1426.5
1161860 1426.5
1161870 1419.6
1161880 1413.9
1161890 1413.9
1161900 1409.1
1161910 1404.2
1161920 1406.4
1161930 1410.4
1161940 1415.0
1161950 1415.0
1161960 1419.9
1161970 1420.8
1161980 1420.8
1161990 1424.8
1162000 1428.4
1162010 1428.4
1162020 1432.8
1162030 1436.8
1162040 1436.8
1162050 1444.3
1162060 1455.1
1162070 1455.1
1162080 1463.8
1162090 1470.8
1162100 1470.8
1162110 1477.6
1162120 1484.6
1162130 1491.5
1162140 1491.5
1162150 1498.2
1162160 1505.2
1162170 1505.2
1162180 1512.2
1162190 1519.1
1162200 1519.1
1162210 1526.1
1162220 1533.2
1162230 1533.2
1162240 1540.6
1162250 1549.3
1162260 1549.3
1162270 1556.8
1162280 1562.4
1162290 1562.4
1162300 1565.1
1162310 1578.7
1162320 1578.7
1162330 1586.1
1162340 1595.6
1162350 1595.6
1162360 1607.3
1162370 1622.1
1162380 1622.1
1162390 1635.2
1162400 1641.4
1162410 1648.0
1162420 1648.0
1162430 1656.1
1162440 1662.7
1162450 1662.7
1162460 1669.8
1162470 1676.5
1162480 1676.5
1162490 1683.1
1162500 1690.6
1162510 1690.6
1162520 1699.6
1162530 1716.7
1162540 1716.7
1162550 1728.8
1162560 1736.8
1162570 1736.8
1162580 1744.3
1162590 1754.4
1162600 1754.4
1162610 1768.5
1162620 1780.3
1162630 1780.3
1162640 1794.9
1162650 1811.7
1162660 1811.7
1162670 1823.0
1162680 1834.8
1162690 1847.4
1162700 1847.4
1162710 1854.0
1162720 1860.3
1162730 1860.3
1162740 1865.2
1162750 1869.9
1162760 1869.9
1162770 1875.2
1162780 1880.7
1162790 1880.7
1162800 1886.9
1162810 1892.7
1162820 1892.7
1162830 1899.4
1162840 1906.2
1162850 1906.2
1162860 1912.8
1162870 1919.6
1162880 1919.6
1162890 1928.7
1162900 1936.2
1162910 1936.2
1162920 1942.4
1162930 1952.0
1162940 1952.0
1162950 1960.8
1162960 1965.5
1162970 1965.5
1162980 1971.0
1162990 1974.7
1163000 1978.3
1163010 1978.3
1163020 1979.2
1163030 1978.8
1163040 1978.8
1163050 1975.1
1163060 1970.6
1163070 1970.6
1163080 1967.4
1163090 1964.8
1163100 1970.8
1163110 1968.0
1163120 1965.1
1163130 1965.1
1163140 1962.3
1163150 1960.6
1163160 1960.6
1163170 1960.1
1163180 1960.3
1163190 1960.3
1163200 1960.2
1163210 1959.7
1163220 1959.7
1163230 1958.4
1163240 1957.4
1163250 1957.4
1163260 1959.2
1163270 1961.9
1163280 1965.2
1163290 1965.2
1163300 1968.6
1163310 1969.4
1163320 1969.4
1163330 1970.4
1163340 1972.8
1163350 1972.8
1163360 1978.0
1163370 1984.5
1163380 1984.5
1163390 1994.2
1163400 1998.4
1163410 1998.4
1163420 2003.6
1163430 2014.4
1163440 2014.4
1163450 2020.0
1163460 2022.4
1163470 2022.4
1163480 2024.8
1163490 2028.0
1163500 2036.3
1163510 2040.8
1163520 2045.7
1163530 2045.7
1163540 2050.3
1163550 2055.1
1163560 2057.6
1163570 2057.6
1163580 2059.7
1163590 2064.0
1163600 2064.0
1163610 2068.3
1163620 2070.9
1163630 2070.9
1163640 2072.1
1163650 2071.9
1163660 2071.9
1163670 2057.8
1163680 2044.4
1163690 2044.4
1163700 2036.8
1163710 2029.8
1163720 2029.8
1163730 2023.1
1163740 2016.6
1163750 2016.6
1163760 2011.0
1163770 2005.7
1163780 2005.7
1163790 2000.5
1163800 1996.2
1163810 1996.2
1163820 1993.1
1163830 1990.1
1163840 1990.1
1163850 1989.5
1163860 1993.2
1163870 1996.8
1163880 1996.8
1163890 2000.6
1163900 2004.3
1163910 2004.3
1163920 2003.2
1163930 2002.2
1163940 2002.2
1163950 1999.6
1163960 1997.2
1163970 1997.2
1163980 1994.1
1163990 1991.1
1164000 1991.1
1164010 1990.0
1164020 1989.8
1164030 1989.8
1164040 1990.9
1164050 1990.1
1164060 1990.1
1164070 1988.2
1164080 1987.7
1164090 1987.7
1164100 1984.1
1164110 1980.0
1164120 1980.0
1164130 1978.7
1164140 1976.0
1164150 1972.3
1164160 1972.3
1164170 1967.6
1164180 1964.0
1164190 1964.0
1164200 1961.8
1164210 1959.2
1164220 1959.2
1164230 1956.1
1164240 1953.5
1164250 1953.5
1164260 1952.2
1164270 1950.5
1164280 1950.5
1164290 1949.8
1164300 1953.9
1164310 1953.9
1164320 1952.8
1164330 1951.6
1164340 1951.6
1164350 1951.8
1164360 1952.9
1164370 1952.9
1164380 1955.2
1164390 1958.2
1164400 1958.2
1164410 1961.6
1164420 1965.7
1164430 1968.2
1164440 1968.2
1164450 1969.5
1164460 1970.0
1164470 1970.0
1164480 1967.7
1164490 1965.3
1164500 1965.3
1164510 1964.6
1164520 1962.3
1164530 1962.3
1164540 1960.9
1164550 1960.8
1164560 1960.8
1164570 1960.0
1164580 1958.1
1164590 1958.1
1164600 1957.8
1164610 1956.8
1164620 1956.8
1164630 1954.9
1164640 1953.2
1164650 1953.2
1164660 1953.5
1164670 1956.1
1164680 1956.1
1164690 1961.8
1164700 1962.2
1164710 1962.2
1164720 1961.9
1164730 1959.8
1164740 1956.9
1164750 1956.9
1164760 1962.5
1164770 1968.9
1164780 1968.9
1164790 1976.0
1164800 1980.9
1164810 1980.9
1164820 1985.7
1164830 1990.2
1164840 1990.2
1164850 1994.4
1164860 1999.3
1164870 1999.3
1164880 2004.0
1164890 2007.4
1164900 2007.4
1164910 2011.8
1164920 2016.9
1164930 2016.9
1164940 2023.0
1164950 2028.2
1164960 2028.2
1164970 2032.3
1164980 2035.2
1164990 2035.2
1165000 2038.5
1165010 2045.3
1165020 2054.8
1165030 2054.8
1165040 2064.8
1165050 2073.0
1165060 2073.0
1165070 2080.6
1165080 2088.0
1165090 2091.2
1165100 2098.4
1165110 2106.2
1165120 2106.2
1165130 2114.0
1165140 2125.0
1165150 2125.0
1165160 2141.4
1165170 2155.5
1165180 2155.5
1165190 2168.5
1165200 2183.1
1165210 2183.1
1165220 2181.3
1165230 2189.0
1165240 2189.0
1165250 2188.5
1165260 2194.4
1165270 2194.4
1165280 2204.3
1165290 2213.9
1165300 2221.5
1165310 2221.5
1165320 2229.1
1165330 2234.9
1165340 2234.9
1165350 2242.0
1165360 2252.5
1165370 2252.5
1165380 2266.4
1165390 2282.8
1165400 2282.8
1165410 2293.6
1165420 2300.8
1165430 2300.8
1165440 2302.7
1165450 2297.1
1165460 2297.1
1165470 2295.5
1165480 2301.7
1165490 2309.0
1165500 2313.5
1165510 2319.0
1165520 2319.0
1165530 2324.1
1165540 2328.8
1165550 2328.8
1165560 2332.0
1165570 2337.5
1165580 2337.5
1165590 2345.3
1165600 2352.7
1165610 2359.3
1165620 2359.3
1165630 2367.4
1165640 2372.3
1165650 2372.3
1165660 2378.8
1165670 2384.6
1165680 2384.6
1165690 2388.1
1165700 2385.7
1165710 2385.7
1165720 2380.0
1165730 2373.8
1165740 2373.8
1165750 2381.9
1165760 2377.1
1165770 2377.1
1165780 2374.6
1165790 2373.8
1165800 2373.8
1165810 2367.1
1165820 2367.8
1165830 2367.8
1165840 2359.0
1165850 2346.5
1165860 2346.5
1165870 2344.5
1165880 2341.4
1165890 2328.2
1165900 2328.2
1165910 2327.3
1165920 2325.9
1165930 2325.9
1165940 2325.4
1165950 2325.4
1165960 2325.4
1165970 2327.1
1165980 2334.5
1165990 2334.5
1166000 2340.2
1166010 2334.8
1166020 2334.8
1166030 2328.7
1166040 2322.2
1166050 2322.2
1166060 2314.9
1166070 2311.6
1166080 2311.6
1166090 2307.4
1166100 2309.1
1166110 2309.1
1166120 2308.5
1166130 2304.8
1166140 2304.8
1166150 2302.4
1166160 2301.6
1166170 2300.1
1166180 2300.1
1166190 2297.9
1166200 2295.3
1166210 2295.3
1166220 2292.1
1166230 2287.5
1166240 2287.5
1166250 2285.4
1166260 2284.9
1166270 2284.9
1166280 2284.7
1166290 2277.9
1166300 2277.9
1166310 2281.6
1166320 2287.6
1166330 2287.6
1166340 2294.7
1166350 2295.2
1166360 2295.2
1166370 2294.1
1166380 2297.7
1166390 2297.7
1166400 2298.7
1166410 2294.0
1166420 2294.0
1166430 2291.6
1166440 2291.8
1166450 2291.8
1166460 2292.1
1166470 2293.1
1166480 2296.2
1166490 2296.2
1166500 2296.1
1166510 2291.9
1166520 2291.9
1166530 2290.5
1166540 2294.4
1166550 2294.4
1166560 2292.7
1166570 2295.7
1166580 2295.7
1166590 2297.0
1166600 2301.1
1166610 2301.1
1166620 2307.5
1166630 2312.7
1166640 2312.7
1166650 2306.6
1166660 2295.8
1166670 2295.8
1166680 2290.5
1166690 2269.9
1166700 2269.9
1166710 2265.4
1166720 2259.1
1166730 2259.1
1166740 2248.9
1166750 2238.8
1166760 2236.7
1166770 2236.7
1166780 2238.0
1166790 2238.0
1166800 2238.0
1166810 2237.3
1166820 2236.0
1166830 2236.0
1166840 2235.1
1166850 2233.6
1166860 2233.6
1166870 2231.6
1166880 2232.3
1166890 2232.3
1166900 2233.5
1166910 2241.4
1166920 2241.4
1166930 2253.1
1166940 2274.5
1166950 2274.5
1166960 2291.4
1166970 2306.4
1166980 2306.4
1166990 2323.8
1167000 2335.6
1167010 2335.6
1167020 2348.4
1167030 2352.9
1167040 2353.1
1167050 2353.1
1167060 2356.8
1167070 2356.3
1167080 2356.3
1167090 2341.0
1167100 2332.2
1167110 2332.2
1167120 2334.4
1167130 2337.1
1167140 2337.1
1167150 2340.9
1167160 2340.8
1167170 2340.8
1167180 2347.0
1167190 2360.7
1167200 2360.7
1167210 2374.8
1167220 2381.3
1167230 2381.3
1167240 2381.6
1167250 2382.3
1167260 2382.3
1167270 2392.2
1167280 2389.4
1167290 2389.4
1167300 2385.1
1167310 2378.2
1167320 2378.2
1167330 2368.5
1167340 2373.4
1167350 2372.3
1167360 2372.3
1167370 2370.0
1167380 2361.7
1167390 2361.7
1167400 2359.8
1167410 2361.8
1167420 2361.8
1167430 2367.9
1167440 2371.0
1167450 2371.0
1167460 2360.1
1167470 2338.5
1167480 2338.5
1167490 2326.7
1167500 2316.4
1167510 2316.4
1167520 2310.0
1167530 2303.2
1167540 2303.2
1167550 2293.8
1167560 2282.9
1167570 2282.9
1167580 2280.0
1167590 2280.3
1167600 2280.3
1167610 2275.6
1167620 2268.9
1167630 2262.4
1167640 2262.4
1167650 2255.4
1167660 2254.8
1167670 2254.8
1167680 2254.8
1167690 2253.3
1167700 2253.3
1167710 2255.2
1167720 2256.3
1167730 2256.3
1167740 2255.8
1167750 2259.6
1167760 2259.6
1167770 2257.5
1167780 2256.4
1167790 2256.4
1167800 2258.4
1167810 2256.9
1167820 2256.9
1167830 2259.7
1167840 2262.5
1167850 2262.5
1167860 2263.4
1167870 2265.2
1167880 2265.2
1167890 2267.7
1167900 2268.3
1167910 2270.3
1167920 2270.3
1167930 2271.7
1167940 2266.2
1167950 2266.2
1167960 2256.5
1167970 2248.5
1167980 2248.5
1167990 2239.1
1168000 2225.6
1168010 2225.6
1168020 2208.2
1168030 2195.2
1168040 2195.2
1168050 2186.2
1168060 2179.5
1168070 2179.5
1168080 2171.2
1168090 2165.8
1168100 2165.8
1168110 2165.2
1168120 2159.5
1168130 2159.5
1168140 2152.5
1168150 2142.7
1168160 2142.7
1168170 2128.8
1168180 2116.8
1168190 2116.8
1168200 2109.8
1168210 2102.7
1168220 2096.1
1168230 2096.1
1168240 2091.1
1168250 2087.6
1168260 2087.6
1168270 2083.5
1168280 2080.2
1168290 2080.2
1168300 2081.9
1168310 2078.1
1168320 2078.1
1168330 2074.2
1168340 2070.4
1168350 2070.4
1168360 2067.6
1168370 2065.8
1168380 2065.8
1168390 2063.3
1168400 2059.6
1168410 2059.6
1168420 2054.1
1168430 2048.6
1168440 2048.6
1168450 2042.9
1168460 2036.3
1168470 2036.3
1168480 2028.0
1168490 2017.1
1168500 2009.8
1168510 2009.8
1168520 2004.1
1168530 1998.1
1168540 1998.1
1168550 1992.0
1168560 1986.0
1168570 1986.0
1168580 1980.5
1168590 1975.3
1168600 1975.3
1168610 1970.6
1168620 1966.9
1168630 1966.9
1168640 1964.6
1168650 1962.4
1168660 1962.4
1168670 1960.3
1168680 1959.1
1168690 1959.1
1168700 1955.1
1168710 1952.8
1168720 1952.8
1168730 1948.7
1168740 1944.3
1168750 1944.3
1168760 1941.2
1168770 1941.3
1168780 1942.7
1168790 1942.7
1168800 1944.1
1168810 1944.2
1168820 1944.2
1168830 1944.4
1168840 1943.9
1168850 1943.9
1168860 1943.7
1168870 1943.9
1168880 1943.9
1168890 1945.0
1168900 1945.9
1168910 1945.9
1168920 1948.0
1168930 1947.5
1168940 1947.5
1168950 1949.8
1168960 1949.6
1168970 1949.6
1168980 1949.8
1168990 1952.7
1169000 1952.7
1169010 1954.0
1169020 1954.9
1169030 1954.9
1169040 1956.0
1169050 1955.8
1169060 1955.8
1169070 1952.8
1169080 1949.4
1169090 1947.5
1169100 1947.5
1169110 1949.2
1169120 1948.5
1169130 1948.5
1169140 1947.5
1169150 1946.4
1169160 1946.4
1169170 1942.6
1169180 1936.9
1169190 1936.9
1169200 1930.9
1169210 1926.8
1169220 1926.8
1169230 1924.5
1169240 1923.7
1169250 1923.7
1169260 1923.1
1169270 1923.6
1169280 1923.6
1169290 1923.1
1169300 1920.9
1169310 1920.9
1169320 1917.1
1169330 1913.2
1169340 1913.2
1169350 1910.8
1169360 1909.2
1169370 1907.3
1169380 1907.3
1169390 1904.3
1169400 1900.1
1169410 1900.1
1169420 1895.6
1169430 1891.4
1169440 1891.4
1169450 1886.9
1169460 1882.4
1169470 1882.4
1169480 1877.3
1169490 1872.1
1169500 1872.1
1169510 1869.3
1169520 1864.1
1169530 1864.1
1169540 1858.7
1169550 1853.9
1169560 1853.9
1169570 1849.7
1169580 1845.4
1169590 1845.4
1169600 1840.5
1169610 1835.6
1169620 1835.6
1169630 1832.6
1169640 1830.6
1169650 1829.6
1169660 1829.6
1169670 1828.3
1169680 1827.4
1169690 1827.4
1169700 1826.1
1169710 1824.6
1169720 1824.6
1169730 1824.1
1169740 1822.9
1169750 1822.9
1169760 1819.6
1169770 1815.0
1169780 1815.0
1169790 1811.3
1169800 1807.6
1169810 1807.6
1169820 1804.9
1169830 1803.3
1169840 1803.3
1169850 1801.0
1169860 1798.5
1169870 1798.5
1169880 1797.2
1169890 1796.1
1169900 1796.1
1169910 1795.0
1169920 1789.4
1169930 1789.4
1169940 1786.6
1169950 1785.1
1169960 1783.8
1169970 1783.8
1169980 1782.2
1169990 1780.8
1170000 1780.8
1170010 1778.8
1170020 1777.0
1170030 1777.0
1170040 1776.2
1170050 1774.2
1170060 1774.2
1170070 1772.1
1170080 1769.8
1170090 1769.8
1170100 1767.6
1170110 1766.0
1170120 1766.0
1170130 1765.2
1170140 1764.2
1170150 1764.2
1170160 1761.1
1170170 1756.6
1170180 1756.6
1170190 1751.7
1170200 1746.8
1170210 1746.8
1170220 1741.9
1170230 1736.0
1170240 1730.5
1170250 1730.5
1170260 1724.6
1170270 1718.2
1170280 1718.2
1170290 1712.0
1170300 1706.0
1170310 1706.0
1170320 1697.6
1170330 1692.2
1170340 1692.2
1170350 1689.2
1170360 1686.6
1170370 1686.6
1170380 1683.0
1170390 1681.1
1170400 1681.1
1170410 1681.2
1170420 1679.1
1170430 1679.1
1170440 1676.1
1170450 1672.9
1170460 1672.9
1170470 1669.7
1170480 1665.4
1170490 1665.4
1170500 1659.7
1170510 1653.8
1170520 1649.0
1170530 1649.0
1170540 1645.4
1170550 1642.2
1170560 1642.2
1170570 1639.4
1170580 1636.9
1170590 1636.9
1170600 1634.7
1170610 1633.0
1170620 1633.0
1170630 1631.3
1170640 1627.4
1170650 1627.4
1170660 1624.0
1170670 1622.5
1170680 1622.5
1170690 1620.7
1170700 1617.3
1170710 1617.3
1170720 1612.0
1170730 1606.9
1170740 1606.9
1170750 1608.7
1170760 1605.7
1170770 1605.7
1170780 1602.3
1170790 1599.5
1170800 1599.5
1170810 1597.0
1170820 1594.9
1170830 1593.2
1170840 1593.2
1170850 1590.7
1170860 1587.1
1170870 1587.1
1170880 1585.3
1170890 1585.2
1170900 1585.2
1170910 1585.3
1170920 1583.0
1170930 1583.0
1170940 1579.1
1170950 1575.3
1170960 1575.3
1170970 1574.4
1170980 1575.5
1170990 1575.5
1171000 1576.6
1171010 1577.0
1171020 1577.0
1171030 1576.5
1171040 1574.6
1171050 1574.6
1171060 1572.8
1171070 1571.2
1171080 1571.2
1171090 1568.6
1171100 1562.8
1171110 1557.0
1171120 1557.0
1171130 1545.7
1171140 1540.9
1171150 1540.9
1171160 1537.1
1171170 1533.1
1171180 1533.1
1171190 1528.1
1171200 1523.3
1171210 1523.3
1171220 1519.1
1171230 1513.0
1171240 1513.0
1171250 1506.7
1171260 1500.9
1171270 1500.9
1171280 1495.1
1171290 1489.4
1171300 1489.4
1171310 1484.6
1171320 1479.8
1171330 1479.8
1171340 1475.4
1171350 1471.0
1171360 1471.0
1171370 1466.5
1171380 1461.8
1171390 1456.9
1171400 1456.9
1171410 1453.4
1171420 1451.2
1171430 1451.2
1171440 1448.3
1171450 1444.5
1171460 1444.5
1171470 1441.3
1171480 1437.9
1171490 1437.9
1171500 1434.5
1171510 1431.0
1171520 1431.0
1171530 1427.5
1171540 1422.2
1171550 1422.2
1171560 1418.0
1171570 1413.5
1171580 1413.5
1171590 1409.8
1171600 1407.5
1171610 1407.5
1171620 1404.9
1171630 1401.7
1171640 1401.7
1171650 1399.0
1171660 1396.9
1171670 1396.9
1171680 1395.7
1171690 1394.7
1171700 1391.3
1171710 1391.3
1171720 1390.0
1171730 1388.7
1171740 1388.7
1171750 1385.3
1171760 1381.7
1171770 1381.7
1171780 1377.6
1171790 1371.9
1171800 1371.9
1171810 1364.2
1171820 1357.4
1171830 1357.4
1171840 1351.1
1171850 1347.4
1171860 1347.4
1171870 1343.2
1171880 1336.4
1171890 1336.4
1171900 1328.0
1171910 1319.2
1171920 1319.2
1171930 1312.3
1171940 1305.5
1171950 1302.8
1171960 1296.9
1171970 1291.6
1171980 1287.4
1171990 1287.4
1172000 1284.2
1172010 1281.4
1172020 1281.4
1172030 1279.0
1172040 1276.8
1172050 1276.8
1172060 1274.7
1172070 1272.0
1172080 1272.0
1172090 1268.9
1172100 1265.3
1172110 1265.3
1172120 1260.2
1172130 1253.9
1172140 1253.9
1172150 1247.2
1172160 1242.2
1172170 1242.2
1172180 1238.4
1172190 1235.8
1172200 1235.8
1172210 1230.7
1172220 1223.8
1172230 1223.8
1172240 1218.4
1172250 1213.4
1172260 1208.2
1172270 1208.2
1172280 1202.3
1172290 1197.4
1172300 1197.4
1172310 1193.7
1172320 1190.5
1172330 1190.5
1172340 1186.3
1172350 1182.5
1172360 1180.8
1172370 1175.7
1172380 1169.9
1172390 1169.9
1172400 1165.4
1172410 1160.6
1172420 1160.6
1172430 1154.3
1172440 1149.0
1172450 1149.0
1172460 1145.5
1172470 1139.2
1172480 1139.2
1172490 1133.6
1172500 1129.7
1172510 1129.7
1172520 1123.9
1172530 1116.2
1172540 1116.2
1172550 1108.7
1172560 1103.4
1172570 1098.0
1172580 1098.0
1172590 1091.8
1172600 1086.7
1172610 1086.7
1172620 1081.3
1172630 1074.9
1172640 1074.9
1172650 1067.4
1172660 1060.6
1172670 1060.6
1172680 1054.4
1172690 1047.3
1172700 1047.3
1172710 1040.7
1172720 1035.5
1172730 1035.5
1172740 1028.5
1172750 1017.7
1172760 1017.7
1172770 1008.9
1172780 998.8
1172790 998.8
1172800 996.5
1172810 996.6
1172820 996.6
1172830 994.9
1172840 992.1
1172850 989.5
1172860 989.5
1172870 987.4
1172880 984.4
1172890 984.4
1172900 980.2
1172910 976.1
1172920 976.1
1172930 971.7
1172940 968.3
1172950 968.3
1172960 966.2
1172970 965.3
1172980 965.3
1172990 965.4
1173000 965.0
1173010 965.0
1173020 963.5
1173030 963.3
1173040 963.3
1173050 963.2
1173060 963.2
1173070 963.2
1173080 963.3
1173090 963.1
1173100 963.1
1173110 963.5
1173120 965.1
1173130 965.2
1173140 965.2
1173150 965.3
1173160 965.4
1173170 965.6
1173180 965.4
1173190 965.5
1173200 965.5
1173210 965.5
1173220 965.6
1173230 965.6
1173240 965.8
1173250 966.0
1173260 966.0
1173270 965.9
1173280 965.8
1173290 965.8
1173300 965.9
1173310 967.1
1173320 967.1
1173330 966.5
1173340 965.6
1173350 965.6
1173360 965.4
1173370 965.3
1173380 965.3
1173390 965.2
1173400 965.2
1173410 965.2
1173420 965.1
1173430 965.3
1173440 968.9
1173450 968.9
1173460 973.7
1173470 974.3
1173480 974.3
1173490 975.0
1173500 976.0
1173510 976.0
1173520 976.9
1173530 977.8
1173540 977.8
1173550 978.5
1173560 979.0
1173570 979.0
1173580 979.9
1173590 981.0
1173600 981.0
1173610 981.4
1173620 981.6
1173630 981.6
1173640 982.8
1173650 983.2
1173660 983.2
1173670 983.5
1173680 984.1
1173690 984.1
1173700 984.9
1173710 985.6
1173720 986.4
1173730 986.4
1173740 987.2
1173750 988.0
1173760 988.0
1173770 988.7
1173780 989.4
1173790 989.4
1173800 990.0
1173810 990.1
1173820 990.1
1173830 990.3
1173840 990.7
1173850 990.7
1173860 990.7
1173870 990.3
1173880 990.3
1173890 991.0
1173900 991.7
1173910 991.7
1173920 992.1
1173930 992.2
1173940 992.2
1173950 991.7
1173960 992.2
1173970 992.2
1173980 993.4
1173990 993.5
1174000 994.6
1174010 994.6
1174020 996.9
1174030 999.8
1174040 999.8
1174050 1001.2
1174060 1001.4
1174070 1001.4
1174080 1001.8
1174090 1002.1
1174100 1002.1
1174110 1002.3
1174120 1002.5
1174130 1002.5
1174140 1002.7
1174150 1003.2
1174160 1003.2
1174170 1007.6
1174180 1012.8
1174190 1012.8
1174200 1016.6
1174210 1020.9
1174220 1020.9
1174230 1025.5
1174240 1030.4
1174250 1030.4
1174260 1035.4
1174270 1040.9
1174280 1040.9
1174290 1046.9
1174300 1053.1
1174310 1059.8
1174320 1059.8
1174330 1067.7
1174340 1074.9
1174350 1074.9
1174360 1084.8
1174370 1099.8
1174380 1099.8
1174390 1110.3
1174400 1116.4
1174410 1116.4
1174420 1127.5
1174430 1137.6
1174440 1137.6
1174450 1147.6
1174460 1156.0
1174470 1156.0
1174480 1163.3
1174490 1169.1
1174500 1169.1
1174510 1176.1
1174520 1182.5
1174530 1182.5
1174540 1186.3
1174550 1190.2
1174560 1190.2
1174570 1194.1
1174580 1197.0
1174590 1201.5
1174600 1201.5
1174610 1206.9
1174620 1211.5
1174630 1211.5
1174640 1215.3
1174650 1219.0
1174660 1219.0
1174670 1223.5
1174680 1228.7
1174690 1228.7
1174700 1233.9
1174710 1238.3
1174720 1238.3
1174730 1242.1
1174740 1245.7
1174750 1245.7
1174760 1249.1
1174770 1252.9
1174780 1252.9
1174790 1256.8
1174800 1261.3
1174810 1257.6
1174820 1261.9
1174830 1265.2
1174840 1265.2
1174850 1267.8
1174860 1272.3
1174870 1277.7
1174880 1277.7
1174890 1282.8
1174900 1286.3
1174910 1286.3
1174920 1288.7
1174930 1292.4
1174940 1292.4
1174950 1296.5
1174960 1300.6
1174970 1300.6
1174980 1304.7
1174990 1309.3
1175000 1309.3
1175010 1313.9
1175020 1316.0
1175030 1316.0
1175040 1317.1
1175050 1318.5
1175060 1318.5
1175070 1320.9
1175080 1323.8
1175090 1323.8
1175100 1326.8
1175110 1328.7
1175120 1328.7
1175130 1329.3
1175140 1331.0
1175150 1332.3
1175160 1332.3
1175170 1332.6
1175180 1333.4
1175190 1333.4
1175200 1335.3
1175210 1338.6
1175220 1338.6
1175230 1344.2
1175240 1348.3
1175250 1348.3
1175260 1350.6
1175270 1351.7
1175280 1351.7
1175290 1353.0
1175300 1354.5
1175310 1354.5
1175320 1356.9
1175330 1359.3
1175340 1359.3
1175350 1361.6
1175360 1364.5
1175370 1364.5
1175380 1367.1
1175390 1368.9
1175400 1368.9
1175410 1370.4
1175420 1372.1
1175430 1372.1
1175440 1374.0
1175450 1375.9
1175460 1377.9
1175470 1377.9
1175480 1380.2
1175490 1382.8
1175500 1382.8
1175510 1385.2
1175520 1387.8
1175530 1387.8
1175540 1390.1
1175550 1390.9
1175560 1390.9
1175570 1391.1
1175580 1391.3
1175590 1391.3
1175600 1391.2
1175610 1390.6
1175620 1390.6
1175630 1389.6
1175640 1382.1
1175650 1382.1
1175660 1381.9
1175670 1381.9
1175680 1381.9
1175690 1382.2
1175700 1382.8
1175710 1382.8
1175720 1383.3
1175730 1384.1
1175740 1385.1
1175750 1385.1
1175760 1385.9
1175770 1386.6
1175780 1386.6
1175790 1387.6
1175800 1388.3
1175810 1388.3
1175820 1388.3
1175830 1388.3
1175840 1388.3
1175850 1389.1
1175860 1390.7
1175870 1390.7
1175880 1392.8
1175890 1395.2
1175900 1395.2
1175910 1397.2
1175920 1398.7
1175930 1398.7
1175940 1399.6
1175950 1400.1
1175960 1400.1
1175970 1401.7
1175980 1402.4
1175990 1402.4
1176000 1402.4
1176010 1402.6
1176020 1402.8
1176030 1402.8
1176040 1404.9
1176050 1403.2
1176060 1403.2
1176070 1408.5
1176080 1411.1
1176090 1411.1
1176100 1415.1
1176110 1419.1
1176120 1419.1
1176130 1422.2
1176140 1425.6
1176150 1425.6
1176160 1430.4
1176170 1433.2
1176180 1433.2
1176190 1436.0
1176200 1440.9
1176210 1440.9
1176220 1445.0
1176230 1448.4
1176240 1448.4
1176250 1450.6
1176260 1452.8
1176270 1452.8
1176280 1456.2
1176290 1461.1
1176300 1461.1
1176310 1464.7
1176320 1467.9
1176330 1471.1
1176340 1471.1
1176350 1476.0
1176360 1480.9
1176370 1480.9
1176380 1484.9
1176390 1487.5
1176400 1487.5
1176410 1491.3
1176420 1496.7
1176430 1496.7
1176440 1501.5
1176450 1505.2
1176460 1500.0
1176470 1503.1
1176480 1504.9
1176490 1504.9
1176500 1503.9
1176510 1501.0
1176520 1501.0
1176530 1497.1
1176540 1492.1
1176550 1492.1
1176560 1493.2
1176570 1502.9
1176580 1502.9
1176590 1514.3
1176600 1525.0
1176610 1537.7
1176620 1537.7
1176630 1549.1
1176640 1554.8
1176650 1554.8
1176660 1559.3
1176670 1565.2
1176680 1565.2
1176690 1571.8
1176700 1578.8
1176710 1578.8
1176720 1587.1
1176730 1593.4
1176740 1593.4
1176750 1598.0
1176760 1602.2
1176770 1602.2
1176780 1606.6
1176790 1610.9
1176800 1610.9
1176810 1614.5
1176820 1616.9
1176830 1616.9
1176840 1619.3
1176850 1621.6
1176860 1621.6
1176870 1622.2
1176880 1615.8
1176890 1617.7
1176900 1617.7
1176910 1620.0
1176920 1621.7
1176930 1621.7
1176940 1623.8
1176950 1625.5
1176960 1625.5
1176970 1627.1
1176980 1627.6
1176990 1627.6
1177000 1627.0
1177010 1626.6
1177020 1626.6
1177030 1626.7
1177040 1627.8
1177050 1627.8
1177060 1631.6
1177070 1633.6
1177080 1633.6
1177090 1631.8
1177100 1629.0
1177110 1629.0
1177120 1629.3
1177130 1628.8
1177140 1628.8
1177150 1624.4
1177160 1620.5
1177170 1620.5
1177180 1619.3
1177190 1620.2
1177200 1622.3
1177210 1622.3
1177220 1625.0
1177230 1627.2
1177240 1627.2
1177250 1629.6
1177260 1632.4
1177270 1632.4
1177280 1634.9
1177290 1632.3
1177300 1632.3
1177310 1635.2
1177320 1639.4
1177330 1639.4
1177340 1643.7
1177350 1648.1
1177360 1648.1
1177370 1652.8
1177380 1657.3
1177390 1657.3
1177400 1661.6
1177410 1666.3
1177420 1666.3
1177430 1671.4
1177440 1676.9
1177450 1676.9
1177460 1682.1
1177470 1686.7
1177480 1691.1
1177490 1691.1
1177500 1695.6
1177510 1701.1
1177520 1701.1
1177530 1707.8
1177540 1716.9
1177550 1716.9
1177560 1726.6
1177570 1738.8
1177580 1738.8
1177590 1744.8
1177600 1748.7
1177610 1748.7
1177620 1751.4
1177630 1751.4
1177640 1751.4
1177650 1756.7
1177660 1767.0
1177670 1767.0
1177680 1774.8
1177690 1780.6
1177700 1780.6
1177710 1791.1
1177720 1800.9
1177730 1800.9
1177740 1810.4
1177750 1818.9
1177760 1826.4
1177770 1826.4
1177780 1833.5
1177790 1840.4
1177800 1840.4
1177810 1845.7
1177820 1850.1
1177830 1850.1
1177840 1854.8
1177850 1860.0
1177860 1860.0
1177870 1864.7
1177880 1868.1
1177890 1868.1
1177900 1872.4
1177910 1877.4
1177920 1877.4
1177930 1883.1
1177940 1888.4
1177950 1888.4
1177960 1892.8
1177970 1896.9
1177980 1896.9
1177990 1902.2
1178000 1908.5
1178010 1908.5
1178020 1914.7
1178030 1921.1
1178040 1921.1
1178050 1928.6
1178060 1936.2
1178070 1942.6
1178080 1942.6
1178090 1947.4
1178100 1951.3
1178110 1951.3
1178120 1950.3
1178130 1956.2
1178140 1956.2
1178150 1961.8
1178160 1966.6
1178170 1966.6
1178180 1970.9
1178190 1975.6
1178200 1975.6
1178210 1981.5
1178220 1987.6
1178230 1987.6
1178240 1994.2
1178250 2000.0
1178260 2000.0
1178270 2005.3
1178280 2010.5
1178290 2010.5
1178300 2015.6
1178310 2021.3
1178320 2021.3
1178330 2027.2
1178340 2033.7
1178350 2040.1
1178360 2040.1
1178370 2045.9
1178380 2052.2
1178390 2052.2
1178400 2057.7
1178410 2063.7
1178420 2063.7
1178430 2071.2
1178440 2079.1
1178450 2079.1
1178460 2087.3
1178470 2097.7
1178480 2097.7
1178490 2107.5
1178500 2116.0
1178510 2116.0
1178520 2124.2
1178530 2133.2
1178540 2130.6
1178550 2137.5
1178560 2143.8
1178570 2143.8
1178580 2150.2
1178590 2155.8
1178600 2155.8
1178610 2161.6
1178620 2168.0
1178630 2174.3
1178640 2174.3
1178650 2182.2
1178660 2191.2
1178670 2191.2
1178680 2200.1
1178690 2208.8
1178700 2208.8
1178710 2217.6
1178720 2225.9
1178730 2225.9
1178740 2234.0
1178750 2242.1
1178760 2242.1
1178770 2250.9
1178780 2258.7
1178790 2258.7
1178800 2266.4
1178810 2274.7
1178820 2274.7
1178830 2283.3
1178840 2290.6
1178850 2290.6
1178860 2297.8
1178870 2305.6
1178880 2305.6
1178890 2313.7
1178900 2321.1
1178910 2328.3
1178920 2328.3
1178930 2336.0
1178940 2343.4
1178950 2343.4
1178960 2349.5
1178970 2356.5
1178980 2356.5
1178990 2363.5
1179000 2370.4
1179010 2370.4
1179020 2377.3
1179030 2384.1
1179040 2384.1
1179050 2388.3
1179060 2382.5
1179070 2382.5
1179080 2369.7
1179090 2356.7
1179100 2356.7
1179110 2343.8
1179120 2331.0
1179130 2331.0
1179140 2319.7
1179150 2310.4
1179160 2310.4
1179170 2302.3
1179180 2294.5
1179190 2294.5
1179200 2287.8
1179210 2282.0
1179220 2275.8
1179230 2275.8
1179240 2268.9
1179250 2260.5
1179260 2260.5
1179270 2253.0
1179280 2251.0
1179290 2251.0
1179300 2248.3
1179310 2245.6
1179320 2245.6
1179330 2241.0
1179340 2233.3
1179350 2233.3
1179360 2225.0
1179370 2210.4
1179380 2210.4
1179390 2203.5
1179400 2197.5
1179410 2197.5
1179420 2191.6
1179430 2183.6
1179440 2183.6
1179450 2175.5
1179460 2168.9
1179470 2168.9
1179480 2163.5
1179490 2159.3
1179500 2156.0
1179510 2156.0
1179520 2152.9
1179530 2147.9
1179540 2147.9
1179550 2142.6
1179560 2139.9
1179570 2139.9
1179580 2137.1
1179590 2131.9
1179600 2131.9
1179610 2124.1
1179620 2116.3
1179630 2116.3
1179640 2107.0
1179650 2098.5
1179660 2098.5
1179670 2091.5
1179680 2084.7
1179690 2084.7
1179700 2077.0
1179710 2069.0
1179720 2069.0
1179730 2059.8
1179740 2049.1
1179750 2049.1
1179760 2040.1
1179770 2031.7
1179780 2023.7
1179790 2026.4
1179800 2018.1
1179810 2013.0
1179820 2013.0
1179830 2004.5
1179840 1995.9
1179850 1995.9
1179860 1986.1
1179870 1976.2
1179880 1976.2
1179890 1962.8
1179900 1951.9
1179910 1951.9
1179920 1942.3
1179930 1934.1
1179940 1934.1
1179950 1926.5
1179960 1918.5
1179970 1918.5
1179980 1911.4
1179990 1903.6
