1160000 1306.2
1160010 1300.6
1160020 1295.6
1160030 1295.6
1160040 1290.0
1160050 1284.5
1160060 1284.5
1160070 1280.9
1160080 1283.9
1160090 1283.9
1160100 1288.4
1160110 1288.9
1160120 1288.9
1160130 1288.0
1160140 1287.0
1160150 1287.0
1160160 1286.1
1160170 1285.1
1160180 1285.1
1160190 1284.0
1160200 1282.9
1160210 1282.9
1160220 1282.1
1160230 1281.9
1160240 1281.9
1160250 1281.6
1160260 1274.7
1160270 1274.0
1160280 1274.0
1160290 1274.2
1160300 1273.5
1160310 1273.5
1160320 1272.5
1160330 1270.3
1160340 1270.3
1160350 1267.7
1160360 1264.9
1160370 1264.9
1160380 1261.8
1160390 1258.3
1160400 1258.3
1160410 1255.1
1160420 1252.9
1160430 1252.9
1160440 1251.0
1160450 1248.5
1160460 1248.5
1160470 1244.9
1160480 1240.2
1160490 1240.2
1160500 1235.8
1160510 1232.2
1160520 1232.2
1160530 1228.9
1160540 1226.4
1160550 1223.4
1160560 1223.4
1160570 1221.1
1160580 1218.2
1160590 1218.2
1160600 1214.7
1160610 1211.8
1160620 1211.8
1160630 1208.8
1160640 1205.8
1160650 1201.4
1160660 1197.4
1160670 1193.4
1160680 1193.4
1160690 1190.0
1160700 1186.8
1160710 1186.8
1160720 1184.3
1160730 1182.8
1160740 1182.8
1160750 1182.2
1160760 1180.4
1160770 1180.4
1160780 1177.8
1160790 1174.9
1160800 1174.9
1160810 1171.4
1160820 1167.7
1160830 1164.5
1160840 1164.5
1160850 1161.4
1160860 1158.4
1160870 1158.4
1160880 1155.6
1160890 1152.4
1160900 1152.4
1160910 1148.6
1160920 1145.6
1160930 1145.6
1160940 1144.3
1160950 1143.6
1160960 1143.6
1160970 1143.6
1160980 1143.6
1160990 1143.6
1161000 1143.4
1161010 1143.3
1161020 1143.3
1161030 1143.2
1161040 1143.2
1161050 1143.2
1161060 1142.9
1161070 1142.8
1161080 1142.8
1161090 1142.6
1161100 1142.3
1161110 1142.3
1161120 1141.9
1161130 1141.5
1161140 1141.7
1161150 1141.7
1161160 1141.0
1161170 1140.6
1161180 1140.6
1161190 1140.7
1161200 1140.6
1161210 1140.6
1161220 1140.6
1161230 1140.1
1161240 1140.1
1161250 1139.8
1161260 1139.6
1161270 1139.6
1161280 1139.3
1161290 1139.0
1161300 1139.0
1161310 1138.7
1161320 1138.4
1161330 1138.4
1161340 1138.1
1161350 1137.8
1161360 1137.8
1161370 1138.9
1161380 1143.5
1161390 1143.5
1161400 1147.6
1161410 1148.9
1161420 1150.0
1161430 1150.0
1161440 1151.2
1161450 1152.2
1161460 1152.2
1161470 1153.4
1161480 1154.5
1161490 1154.5
1161500 1155.7
1161510 1157.0
1161520 1157.0
1161530 1158.5
1161540 1160.2
1161550 1160.2
1161560 1161.6
1161570 1162.8
1161580 1162.8
1161590 1164.4
1161600 1167.2
1161610 1167.2
1161620 1169.7
1161630 1169.2
1161640 1169.2
1161650 1166.2
1161660 1162.9
1161670 1162.9
1161680 1160.3
1161690 1156.2
1161700 1156.2
1161710 1153.6
1161720 1156.0
1161730 1159.7
1161740 1159.7
1161750 1166.8
1161760 1182.8
1161770 1182.8
1161780 1199.3
1161790 1210.6
1161800 1210.6
1161810 1218.2
1161820 1225.3
1161830 1227.9
1161840 1235.0
1161850 1242.0
1161860 1242.0
1161870 1249.2
1161880 1256.7
1161890 1256.7
1161900 1264.7
1161910 1276.1
1161920 1276.1
1161930 1287.0
1161940 1291.6
1161950 1291.6
1161960 1295.0
1161970 1298.6
1161980 1298.6
1161990 1302.9
1162000 1307.2
1162010 1311.5
1162020 1311.5
1162030 1315.3
1162040 1319.2
1162050 1319.2
1162060 1322.9
1162070 1325.9
1162080 1325.9
1162090 1328.1
1162100 1331.7
1162110 1331.7
1162120 1335.9
1162130 1339.9
1162140 1339.9
1162150 1343.4
1162160 1346.0
1162170 1346.0
1162180 1348.9
1162190 1352.4
1162200 1352.4
1162210 1355.9
1162220 1358.7
1162230 1363.1
1162240 1365.7
1162250 1368.9
1162260 1368.9
1162270 1373.0
1162280 1378.2
1162290 1383.5
1162300 1383.5
1162310 1389.4
1162320 1395.2
1162330 1395.2
1162340 1400.4
1162350 1403.0
1162360 1403.0
1162370 1405.5
1162380 1408.6
1162390 1408.6
1162400 1412.1
1162410 1415.4
1162420 1415.4
1162430 1417.5
1162440 1420.6
1162450 1420.6
1162460 1425.0
1162470 1429.3
1162480 1429.3
1162490 1433.6
1162500 1436.6
1162510 1436.6
1162520 1438.4
1162530 1442.2
1162540 1442.2
1162550 1444.1
1162560 1448.7
1162570 1448.7
1162580 1451.6
1162590 1453.2
1162600 1456.0
1162610 1456.0
1162620 1467.4
1162630 1468.7
1162640 1468.7
1162650 1470.3
1162660 1474.1
1162670 1474.1
1162680 1475.5
1162690 1482.4
1162700 1482.4
1162710 1480.7
1162720 1486.0
1162730 1486.0
1162740 1505.1
1162750 1519.2
1162760 1519.2
1162770 1531.5
1162780 1540.8
1162790 1540.8
1162800 1545.3
1162810 1549.4
1162820 1549.4
1162830 1555.4
1162840 1560.8
1162850 1560.8
1162860 1566.4
1162870 1569.1
1162880 1567.4
1162890 1567.4
1162900 1567.0
1162910 1562.7
1162920 1562.7
1162930 1568.2
1162940 1571.8
1162950 1571.8
1162960 1585.5
1162970 1596.2
1162980 1596.2
1162990 1599.7
1163000 1601.8
1163010 1601.8
1163020 1610.9
1163030 1611.4
1163040 1611.4
1163050 1613.8
1163060 1619.2
1163070 1619.2
1163080 1625.8
1163090 1631.6
1163100 1631.6
1163110 1636.1
1163120 1639.2
1163130 1639.2
1163140 1642.1
1163150 1645.3
1163160 1645.3
1163170 1645.9
1163180 1647.0
1163190 1650.3
1163200 1650.3
1163210 1652.3
1163220 1655.2
1163230 1655.2
1163240 1655.4
1163250 1658.4
1163260 1658.4
1163270 1662.4
1163280 1661.4
1163290 1661.4
1163300 1662.5
1163310 1663.5
1163320 1663.5
1163330 1663.7
1163340 1661.6
1163350 1661.6
1163360 1661.4
1163370 1667.5
1163380 1667.5
1163390 1672.2
1163400 1674.5
1163410 1674.5
1163420 1685.1
1163430 1685.6
1163440 1685.6
1163450 1684.7
1163460 1688.6
1163470 1694.2
1163480 1694.2
1163490 1693.6
1163500 1684.7
1163510 1684.7
1163520 1687.6
1163530 1700.4
1163540 1700.4
1163550 1704.6
1163560 1703.0
1163570 1703.0
1163580 1701.1
1163590 1704.1
1163600 1704.1
1163610 1713.8
1163620 1725.7
1163630 1725.7
1163640 1740.7
1163650 1754.7
1163660 1754.7
1163670 1768.5
1163680 1773.7
1163690 1773.7
1163700 1775.0
1163710 1772.7
1163720 1772.7
1163730 1774.5
1163740 1775.9
1163750 1777.4
1163760 1777.4
1163770 1776.1
1163780 1775.4
1163790 1775.4
1163800 1772.0
1163810 1798.0
1163820 1798.0
1163830 1797.4
1163840 1798.5
1163850 1798.5
1163860 1799.2
1163870 1802.9
1163880 1802.9
1163890 1807.8
1163900 1808.7
1163910 1808.7
1163920 1813.8
1163930 1816.1
1163940 1816.1
1163950 1814.0
1163960 1813.4
1163970 1813.4
1163980 1818.5
1163990 1822.3
1164000 1822.3
1164010 1820.6
1164020 1818.8
1164030 1818.8
1164040 1815.0
1164050 1811.3
1164060 1808.0
1164070 1808.0
1164080 1802.8
1164090 1797.4
1164100 1797.4
1164110 1792.1
1164120 1785.5
1164130 1785.5
1164140 1772.6
1164150 1754.8
1164160 1754.8
1164170 1736.8
1164180 1715.4
1164190 1715.4
1164200 1696.1
1164210 1690.2
1164220 1690.2
1164230 1674.8
1164240 1664.3
1164250 1664.3
1164260 1654.8
1164270 1646.6
1164280 1646.6
1164290 1640.0
1164300 1633.3
1164310 1633.3
1164320 1625.4
1164330 1622.7
1164340 1620.0
1164350 1620.0
1164360 1618.1
1164370 1617.3
1164380 1617.3
1164390 1615.6
1164400 1615.2
1164410 1615.2
1164420 1612.7
1164430 1608.6
1164440 1608.6
1164450 1603.0
1164460 1597.3
1164470 1597.3
1164480 1594.3
1164490 1587.8
1164500 1587.8
1164510 1582.4
1164520 1580.6
1164530 1580.6
1164540 1578.9
1164550 1573.5
1164560 1573.5
1164570 1569.8
1164580 1567.3
1164590 1567.3
1164600 1563.7
1164610 1578.1
1164620 1578.1
1164630 1570.7
1164640 1569.2
1164650 1566.9
1164660 1566.9
1164670 1565.7
1164680 1564.9
1164690 1564.9
1164700 1565.0
1164710 1564.4
1164720 1564.4
1164730 1565.4
1164740 1565.8
1164750 1565.8
1164760 1564.9
1164770 1566.6
1164780 1566.6
1164790 1569.7
1164800 1570.6
1164810 1570.6
1164820 1577.6
1164830 1582.6
1164840 1582.6
1164850 1585.7
1164860 1595.6
1164870 1595.6
1164880 1611.1
1164890 1631.1
1164900 1631.1
1164910 1645.4
1164920 1656.0
1164930 1663.6
1164940 1663.6
1164950 1669.3
1164960 1681.1
1164970 1681.1
1164980 1694.7
1164990 1708.0
1165000 1708.0
1165010 1743.5
1165020 1755.4
1165030 1755.4
1165040 1764.7
1165050 1770.0
1165060 1770.0
1165070 1770.4
1165080 1767.9
1165090 1767.9
1165100 1764.0
1165110 1760.5
1165120 1760.5
1165130 1762.2
1165140 1758.5
1165150 1758.5
1165160 1755.7
1165170 1752.4
1165180 1752.4
1165190 1738.0
1165200 1737.1
1165210 1741.8
1165220 1741.8
1165230 1749.3
1165240 1765.2
1165250 1765.2
1165260 1779.6
1165270 1795.8
1165280 1795.8
1165290 1809.0
1165300 1816.4
1165310 1816.4
1165320 1823.3
1165330 1832.3
1165340 1832.3
1165350 1841.0
1165360 1850.8
1165370 1850.8
1165380 1857.1
1165390 1863.6
1165400 1863.6
1165410 1867.3
1165420 1876.8
1165430 1876.8
1165440 1889.0
1165450 1900.4
1165460 1900.4
1165470 1909.8
1165480 1917.8
1165490 1917.8
1165500 1921.6
1165510 1923.5
1165520 1927.3
1165530 1927.3
1165540 1931.0
1165550 1934.5
1165560 1934.5
1165570 1938.1
1165580 1940.8
1165590 1940.8
1165600 1943.5
1165610 1946.0
1165620 1946.0
1165630 1948.6
1165640 1950.1
1165650 1950.1
1165660 1950.7
1165670 1951.4
1165680 1951.4
1165690 1951.0
1165700 1943.3
1165710 1943.3
1165720 1934.9
1165730 1924.6
1165740 1924.6
1165750 1904.7
1165760 1893.5
1165770 1893.5
1165780 1887.7
1165790 1881.4
1165800 1875.2
1165810 1877.9
1165820 1873.3
1165830 1870.3
1165840 1870.3
1165850 1868.0
1165860 1865.9
1165870 1865.9
1165880 1863.6
1165890 1862.4
1165900 1862.4
1165910 1862.4
1165920 1862.8
1165930 1862.8
1165940 1860.5
1165950 1856.4
1165960 1856.4
1165970 1855.8
1165980 1858.2
1165990 1858.2
1166000 1859.5
1166010 1860.9
1166020 1860.9
1166030 1863.6
1166040 1865.8
1166050 1865.8
1166060 1868.5
1166070 1873.8
1166080 1873.8
1166090 1876.0
1166100 1874.6
1166110 1871.9
1166120 1871.9
1166130 1872.3
1166140 1873.0
1166150 1873.0
1166160 1874.8
1166170 1878.9
1166180 1878.9
1166190 1886.0
1166200 1895.9
1166210 1901.1
1166220 1909.8
1166230 1917.2
1166240 1917.2
1166250 1922.2
1166260 1927.7
1166270 1927.7
1166280 1930.8
1166290 1934.6
1166300 1934.6
1166310 1941.2
1166320 1949.0
1166330 1949.0
1166340 1957.3
1166350 1963.7
1166360 1963.7
1166370 1968.6
1166380 1973.5
1166390 1977.8
1166400 1977.8
1166410 1980.2
1166420 1983.9
1166430 1983.9
1166440 1985.4
1166450 1983.3
1166460 1983.3
1166470 1982.4
1166480 1983.4
1166490 1983.4
1166500 1989.2
1166510 1994.6
1166520 1994.6
1166530 1995.4
1166540 1994.7
1166550 1994.7
1166560 1998.9
1166570 2004.9
1166580 2004.9
1166590 2008.6
1166600 2012.1
1166610 2018.7
1166620 2022.9
1166630 2031.8
1166640 2031.8
1166650 2040.6
1166660 2046.3
1166670 2044.7
1166680 2044.7
1166690 2039.3
1166700 2038.9
1166710 2038.9
1166720 2047.4
1166730 2054.8
1166740 2054.8
1166750 2058.9
1166760 2060.5
1166770 2060.5
1166780 2063.7
1166790 2070.6
1166800 2070.6
1166810 2078.8
1166820 2089.5
1166830 2089.5
1166840 2092.5
1166850 2096.6
1166860 2096.6
1166870 2104.8
1166880 2118.4
1166890 2118.4
1166900 2121.4
1166910 2122.6
1166920 2122.6
1166930 2123.2
1166940 2128.7
1166950 2128.7
1166960 2136.5
1166970 2143.4
1166980 2150.2
1166990 2150.2
1167000 2148.3
1167010 2169.4
1167020 2169.4
1167030 2168.9
1167040 2160.0
1167050 2160.0
1167060 2151.0
1167070 2155.4
1167080 2155.4
1167090 2163.7
1167100 2173.8
1167110 2173.8
1167120 2182.2
1167130 2189.0
1167140 2189.0
1167150 2194.3
1167160 2199.9
1167170 2199.9
1167180 2208.9
1167190 2215.5
1167200 2215.5
1167210 2223.5
1167220 2232.7
1167230 2232.7
1167240 2239.0
1167250 2242.0
1167260 2246.0
1167270 2246.0
1167280 2254.3
1167290 2263.6
1167300 2263.6
1167310 2272.6
1167320 2280.1
1167330 2280.1
1167340 2289.0
1167350 2297.7
1167360 2297.7
1167370 2302.5
1167380 2308.8
1167390 2308.8
1167400 2314.4
1167410 2326.5
1167420 2326.5
1167430 2335.1
1167440 2342.6
1167450 2342.6
1167460 2351.3
1167470 2357.0
1167480 2357.0
1167490 2364.2
1167500 2372.8
1167510 2372.8
1167520 2381.0
1167530 2387.1
1167540 2387.1
1167550 2394.7
1167560 2400.6
1167570 2400.5
1167580 2400.5
1167590 2398.9
1167600 2401.0
1167610 2401.0
1167620 2401.2
1167630 2401.6
1167640 2401.6
1167650 2406.4
1167660 2404.9
1167670 2404.9
1167680 2402.5
1167690 2402.5
1167700 2402.5
1167710 2403.7
1167720 2404.3
1167730 2404.3
1167740 2385.6
1167750 2369.8
1167760 2369.8
1167770 2357.9
1167780 2346.2
1167790 2346.2
1167800 2332.9
1167810 2316.1
1167820 2316.1
1167830 2304.8
1167840 2292.3
1167850 2274.7
1167860 2274.7
1167870 2259.2
1167880 2241.4
1167890 2241.4
1167900 2227.6
1167910 2217.3
1167920 2217.3
1167930 2206.7
1167940 2198.2
1167950 2198.2
1167960 2194.9
1167970 2193.2
1167980 2193.2
1167990 2187.1
1168000 2187.0
1168010 2187.0
1168020 2185.0
1168030 2187.3
1168040 2187.3
1168050 2182.5
1168060 2166.9
1168070 2166.9
1168080 2160.0
1168090 2155.9
1168100 2155.9
1168110 2151.1
1168120 2146.1
1168130 2143.0
1168140 2143.0
1168150 2140.5
1168160 2140.4
1168170 2140.4
1168180 2141.0
1168190 2141.5
1168200 2141.5
1168210 2142.0
1168220 2135.0
1168230 2135.0
1168240 2134.8
1168250 2134.5
1168260 2134.5
1168270 2133.1
1168280 2131.0
1168290 2131.0
1168300 2129.4
1168310 2128.2
1168320 2128.2
1168330 2127.9
1168340 2128.5
1168350 2128.5
1168360 2128.7
1168370 2128.2
1168380 2128.2
1168390 2127.5
1168400 2126.5
1168410 2126.5
1168420 2125.3
1168430 2123.5
1168440 2121.6
1168450 2121.6
1168460 2119.8
1168470 2117.8
1168480 2117.8
1168490 2115.3
1168500 2113.8
1168510 2113.8
1168520 2114.6
1168530 2115.8
1168540 2115.8
1168550 2115.8
1168560 2116.3
1168570 2116.3
1168580 2115.2
1168590 2113.0
1168600 2113.0
1168610 2111.0
1168620 2102.4
1168630 2102.4
1168640 2100.6
1168650 2099.3
1168660 2099.3
1168670 2099.5
1168680 2101.0
1168690 2101.0
1168700 2102.8
1168710 2104.4
1168720 2104.7
1168730 2104.7
1168740 2103.1
1168750 2100.6
1168760 2100.6
1168770 2098.2
1168780 2095.5
1168790 2095.5
1168800 2092.4
1168810 2089.6
1168820 2089.6
1168830 2087.2
1168840 2085.2
1168850 2085.2
1168860 2084.3
1168870 2083.9
1168880 2083.9
1168890 2083.3
1168900 2083.1
1168910 2083.1
1168920 2082.7
1168930 2081.6
1168940 2081.6
1168950 2080.6
1168960 2079.8
1168970 2079.8
1168980 2079.1
1168990 2077.4
1169000 2077.4
1169010 2076.7
1169020 2069.9
1169030 2068.3
1169040 2068.3
1169050 2066.2
1169060 2065.6
1169070 2065.6
1169080 2064.8
1169090 2062.9
1169100 2062.9
1169110 2061.6
1169120 2061.6
1169130 2061.6
1169140 2061.7
1169150 2061.6
1169160 2061.6
1169170 2061.4
1169180 2061.8
1169190 2061.8
1169200 2062.3
1169210 2062.9
1169220 2062.9
1169230 2063.3
1169240 2063.5
1169250 2063.5
1169260 2063.6
1169270 2063.5
1169280 2063.5
1169290 2063.7
1169300 2064.3
1169310 2065.2
1169320 2065.2
1169330 2065.7
1169340 2066.7
1169350 2066.7
1169360 2067.7
1169370 2073.1
1169380 2073.1
1169390 2083.2
1169400 2090.9
1169410 2090.9
1169420 2098.0
1169430 2095.3
1169440 2095.3
1169450 2100.5
1169460 2103.2
1169470 2103.2
1169480 2108.5
1169490 2116.3
1169500 2116.3
1169510 2122.5
1169520 2128.4
1169530 2128.4
1169540 2133.6
1169550 2136.2
1169560 2136.2
1169570 2141.5
1169580 2145.0
1169590 2148.5
1169600 2148.5
1169610 2154.8
1169620 2162.1
1169630 2162.1
1169640 2164.0
1169650 2160.6
1169660 2160.6
1169670 2155.7
1169680 2151.2
1169690 2151.2
1169700 2145.6
1169710 2137.5
1169720 2137.5
1169730 2127.5
1169740 2120.3
1169750 2120.3
1169760 2112.0
1169770 2103.5
1169780 2103.5
1169790 2096.5
1169800 2087.3
1169810 2087.3
1169820 2068.0
1169830 2050.7
1169840 2050.7
1169850 2042.9
1169860 2037.1
1169870 2037.1
1169880 2031.8
1169890 2026.9
1169900 2021.8
1169910 2021.8
1169920 2016.9
1169930 2012.0
1169940 2012.0
1169950 2007.3
1169960 2003.3
1169970 2003.3
1169980 2000.1
1169990 1996.3
1170000 1996.3
1170010 1992.5
1170020 1989.1
1170030 1989.1
1170040 1987.0
1170050 1985.1
1170060 1985.1
1170070 1982.9
1170080 1981.2
1170090 1981.2
1170100 1980.1
1170110 1978.7
1170120 1978.7
1170130 1976.7
1170140 1974.1
1170150 1974.1
1170160 1971.3
1170170 1968.2
1170180 1965.5
1170190 1965.5
1170200 1964.1
1170210 1963.8
1170220 1963.8
1170230 1964.1
1170240 1961.3
1170250 1961.3
1170260 1965.0
1170270 1967.9
1170280 1967.9
1170290 1968.9
1170300 1970.3
1170310 1970.3
1170320 1968.8
1170330 1965.7
1170340 1965.7
1170350 1966.5
1170360 1967.6
1170370 1967.6
1170380 1965.8
1170390 1964.4
1170400 1964.4
1170410 1958.7
1170420 1953.7
1170430 1953.7
1170440 1950.8
1170450 1947.1
1170460 1947.1
1170470 1943.1
1170480 1939.3
1170490 1935.5
1170500 1935.5
1170510 1931.8
1170520 1927.7
1170530 1927.7
1170540 1924.1
1170550 1916.3
1170560 1916.3
1170570 1909.5
1170580 1900.5
1170590 1900.5
1170600 1893.0
1170610 1886.8
1170620 1886.8
1170630 1881.2
1170640 1871.3
1170650 1871.3
1170660 1865.8
1170670 1858.2
1170680 1858.2
1170690 1850.8
1170700 1847.7
1170710 1847.7
1170720 1845.7
1170730 1841.7
1170740 1841.7
1170750 1835.8
1170760 1829.5
1170770 1823.2
1170780 1823.2
1170790 1816.8
1170800 1810.5
1170810 1810.5
1170820 1804.7
1170830 1799.5
1170840 1799.5
1170850 1795.0
1170860 1791.1
1170870 1791.1
1170880 1787.1
1170890 1782.7
1170900 1782.7
1170910 1778.0
1170920 1773.3
1170930 1773.3
1170940 1768.2
1170950 1763.8
1170960 1763.8
1170970 1760.1
1170980 1756.1
1170990 1756.1
1171000 1751.7
1171010 1747.7
1171020 1747.7
1171030 1744.1
1171040 1740.8
1171050 1732.3
1171060 1732.3
1171070 1727.8
1171080 1721.1
1171090 1721.1
1171100 1714.5
1171110 1709.4
1171120 1709.4
1171130 1704.3
1171140 1700.1
1171150 1700.1
1171160 1696.5
1171170 1693.5
1171180 1693.5
1171190 1692.4
1171200 1690.3
1171210 1690.3
1171220 1686.5
1171230 1682.1
1171240 1682.1
1171250 1677.6
1171260 1672.9
1171270 1672.9
1171280 1668.4
1171290 1664.6
1171300 1664.6
1171310 1661.0
1171320 1657.4
1171330 1657.4
1171340 1652.9
1171350 1647.4
1171360 1642.1
1171370 1642.1
1171380 1637.2
1171390 1633.3
1171400 1633.3
1171410 1631.5
1171420 1630.4
1171430 1630.4
1171440 1629.4
1171450 1628.3
1171460 1625.1
1171470 1624.7
1171480 1624.0
1171490 1624.0
1171500 1621.7
1171510 1618.7
1171520 1618.7
1171530 1616.2
1171540 1614.2
1171550 1614.2
1171560 1611.6
1171570 1608.5
1171580 1608.5
1171590 1602.3
1171600 1598.4
1171610 1598.4
1171620 1603.0
1171630 1604.0
1171640 1602.9
1171650 1602.9
1171660 1599.2
1171670 1595.2
1171680 1595.2
1171690 1593.6
1171700 1589.9
1171710 1589.9
1171720 1584.2
1171730 1579.1
1171740 1579.1
1171750 1578.4
1171760 1575.3
1171770 1575.3
1171780 1569.7
1171790 1566.9
1171800 1566.9
1171810 1565.0
1171820 1564.9
1171830 1564.9
1171840 1561.4
1171850 1553.5
1171860 1548.5
1171870 1541.1
1171880 1533.6
1171890 1533.6
1171900 1527.3
1171910 1520.7
1171920 1509.8
1171930 1509.8
1171940 1499.5
1171950 1489.9
1171960 1489.9
1171970 1476.0
1171980 1467.8
1171990 1467.8
1172000 1460.8
1172010 1454.6
1172020 1454.6
1172030 1449.6
1172040 1445.9
1172050 1445.9
1172060 1443.1
1172070 1441.0
1172080 1441.0
1172090 1438.5
1172100 1436.1
1172110 1436.1
1172120 1433.7
1172130 1430.6
1172140 1430.6
1172150 1425.3
1172160 1419.3
1172170 1419.3
1172180 1415.9
1172190 1413.1
1172200 1413.1
1172210 1409.1
1172220 1405.2
1172230 1400.1
1172240 1400.1
1172250 1396.6
1172260 1393.9
1172270 1391.9
1172280 1389.6
1172290 1384.2
1172300 1384.2
1172310 1378.6
1172320 1375.6
1172330 1375.6
1172340 1374.0
1172350 1371.4
1172360 1371.4
1172370 1364.5
1172380 1358.0
1172390 1358.0
1172400 1354.1
1172410 1349.2
1172420 1349.2
1172430 1341.9
1172440 1333.9
1172450 1333.9
1172460 1323.9
1172470 1317.0
1172480 1317.0
1172490 1310.9
1172500 1299.9
1172510 1270.6
1172520 1270.6
1172530 1250.0
1172540 1238.2
1172550 1238.2
1172560 1232.1
1172570 1228.0
1172580 1228.0
1172590 1222.4
1172600 1213.6
1172610 1213.6
1172620 1207.6
1172630 1198.5
1172640 1198.5
1172650 1189.7
1172660 1180.5
1172670 1180.5
1172680 1165.5
1172690 1155.5
1172700 1155.5
1172710 1143.5
1172720 1133.4
1172730 1133.4
1172740 1123.0
1172750 1113.1
1172760 1113.1
1172770 1104.2
1172780 1095.1
1172790 1095.1
1172800 1087.1
1172810 1079.5
1172820 1073.6
1172830 1073.6
1172840 1067.0
1172850 1060.4
1172860 1060.4
1172870 1054.0
1172880 1047.5
1172890 1047.5
1172900 1041.2
1172910 1035.1
1172920 1035.1
1172930 1029.0
1172940 1023.0
1172950 1023.0
1172960 1016.8
1172970 1010.6
1172980 1010.6
1172990 1005.0
1173000 999.6
1173010 999.6
1173020 994.6
1173030 990.1
1173040 990.1
1173050 986.6
1173060 982.9
1173070 982.9
1173080 978.1
1173090 968.3
1173100 963.5
1173110 963.5
1173120 961.9
1173130 961.9
1173140 961.9
1173150 961.6
1173160 961.7
1173170 961.7
1173180 961.8
1173190 962.5
1173200 962.5
1173210 962.4
1173220 962.7
1173230 962.7
1173240 962.7
1173250 961.8
1173260 961.8
1173270 960.4
1173280 960.0
1173290 960.0
1173300 959.8
1173310 959.7
1173320 959.7
1173330 959.6
1173340 959.6
1173350 959.6
1173360 959.6
1173370 959.8
1173380 960.7
1173390 960.7
1173400 960.8
1173410 961.9
1173420 961.9
1173430 962.2
1173440 961.7
1173450 961.7
1173460 962.1
1173470 962.0
1173480 962.0
1173490 961.9
1173500 962.0
1173510 962.0
1173520 961.9
1173530 961.9
1173540 961.9
1173550 962.0
1173560 962.0
1173570 962.0
1173580 961.9
1173590 961.8
1173600 961.8
1173610 961.8
1173620 961.7
1173630 961.7
1173640 961.6
1173650 961.6
1173660 961.6
1173670 961.9
1173680 961.4
1173690 960.8
1173700 960.8
1173710 960.5
1173720 960.6
1173730 960.6
1173740 960.7
1173750 960.7
1173760 960.7
1173770 961.0
1173780 961.1
1173790 961.1
1173800 961.0
1173810 960.9
1173820 960.9
1173830 960.7
1173840 961.3
1173850 961.3
1173860 962.0
1173870 961.7
1173880 961.7
1173890 961.6
1173900 961.9
1173910 962.7
1173920 963.3
1173930 963.5
1173940 963.5
1173950 963.4
1173960 963.4
1173970 963.3
1173980 963.3
1173990 963.3
1174000 963.4
1174010 963.4
1174020 963.6
1174030 963.7
1174040 963.7
1174050 963.8
1174060 964.0
1174070 964.0
1174080 965.2
1174090 969.4
1174100 969.4
1174110 977.4
1174120 986.6
1174130 986.6
1174140 997.3
1174150 1008.7
1174160 1008.7
1174170 1016.1
1174180 1021.2
1174190 1021.2
1174200 1025.8
1174210 1029.0
1174220 1029.0
1174230 1034.0
1174240 1038.9
1174250 1042.0
1174260 1042.0
1174270 1042.5
1174280 1044.8
1174290 1044.8
1174300 1049.7
1174310 1055.3
1174320 1056.4
1174330 1062.6
1174340 1069.2
1174350 1069.2
1174360 1076.0
1174370 1083.2
1174380 1083.2
1174390 1090.8
1174400 1099.2
1174410 1099.2
1174420 1108.1
1174430 1115.9
1174440 1115.9
1174450 1123.0
1174460 1130.0
1174470 1130.0
1174480 1137.2
1174490 1144.1
1174500 1144.1
1174510 1153.5
1174520 1165.2
1174530 1165.2
1174540 1173.8
1174550 1180.4
1174560 1187.0
1174570 1187.0
1174580 1194.4
1174590 1200.3
1174600 1200.3
1174610 1205.2
1174620 1210.4
1174630 1210.4
1174640 1214.9
1174650 1219.3
1174660 1219.3
1174670 1220.8
1174680 1225.2
1174690 1225.2
1174700 1232.5
1174710 1238.6
1174720 1238.6
1174730 1248.0
1174740 1252.8
1174750 1252.8
1174760 1264.3
1174770 1283.8
1174780 1283.8
1174790 1296.9
1174800 1306.5
1174810 1306.5
1174820 1315.4
1174830 1322.8
1174840 1330.7
1174850 1330.7
1174860 1350.6
1174870 1365.7
1174880 1365.7
1174890 1370.7
1174900 1375.9
1174910 1375.9
1174920 1382.6
1174930 1391.0
1174940 1391.0
1174950 1398.2
1174960 1407.4
1174970 1407.4
1174980 1416.9
1174990 1424.4
1175000 1424.4
1175010 1432.5
1175020 1438.7
1175030 1438.7
1175040 1443.2
1175050 1446.0
1175060 1446.0
1175070 1448.4
1175080 1449.9
1175090 1449.9
1175100 1452.8
1175110 1456.8
1175120 1459.8
1175130 1459.8
1175140 1461.7
1175150 1462.5
1175160 1462.5
1175170 1462.6
1175180 1462.4
1175190 1462.4
1175200 1460.9
1175210 1461.9
1175220 1461.9
1175230 1467.2
1175240 1472.0
1175250 1472.0
1175260 1476.1
1175270 1480.0
1175280 1480.0
1175290 1480.3
1175300 1479.5
1175310 1479.5
1175320 1479.4
1175330 1478.5
1175340 1478.5
1175350 1476.4
1175360 1474.5
1175370 1474.5
1175380 1474.9
1175390 1475.7
1175400 1475.7
1175410 1476.2
1175420 1475.9
1175430 1475.7
1175440 1475.7
1175450 1477.0
1175460 1478.7
1175470 1478.7
1175480 1481.5
1175490 1484.3
1175500 1484.3
1175510 1486.4
1175520 1487.5
1175530 1487.5
1175540 1489.0
1175550 1487.9
1175560 1487.9
1175570 1490.3
1175580 1492.6
1175590 1492.6
1175600 1495.8
1175610 1500.0
1175620 1500.0
1175630 1504.2
1175640 1508.2
1175650 1508.2
1175660 1512.9
1175670 1517.7
1175680 1517.7
1175690 1522.6
1175700 1527.4
1175710 1531.6
1175720 1531.6
1175730 1536.2
1175740 1541.4
1175750 1541.4
1175760 1546.6
1175770 1551.7
1175780 1551.7
1175790 1556.8
1175800 1561.6
1175810 1561.6
1175820 1567.3
1175830 1573.1
1175840 1573.1
1175850 1578.5
1175860 1584.1
1175870 1584.1
1175880 1590.5
1175890 1596.9
1175900 1596.9
1175910 1602.8
1175920 1608.5
1175930 1608.5
1175940 1613.4
1175950 1618.2
1175960 1616.0
1175970 1619.9
1175980 1624.5
1175990 1624.5
1176000 1630.0
1176010 1635.3
1176020 1640.6
1176030 1640.6
1176040 1645.7
1176050 1650.8
1176060 1650.8
1176070 1656.4
1176080 1661.7
1176090 1661.7
1176100 1667.2
1176110 1673.0
1176120 1673.0
1176130 1678.9
1176140 1684.9
1176150 1684.9
1176160 1690.8
1176170 1696.7
1176180 1696.7
1176190 1702.9
1176200 1709.2
1176210 1709.2
1176220 1715.9
1176230 1722.8
1176240 1722.8
1176250 1730.3
1176260 1737.5
1176270 1737.5
1176280 1745.1
1176290 1752.8
1176300 1761.3
1176310 1761.3
1176320 1771.1
1176330 1783.6
1176340 1783.6
1176350 1792.7
1176360 1797.5
1176370 1797.5
1176380 1797.6
1176390 1805.9
1176400 1805.9
1176410 1812.8
1176420 1816.9
1176430 1816.9
1176440 1822.6
1176450 1827.1
1176460 1827.1
1176470 1832.3
1176480 1838.7
1176490 1838.7
1176500 1845.2
1176510 1852.9
1176520 1852.9
1176530 1864.0
1176540 1874.2
1176550 1874.2
1176560 1884.0
1176570 1891.2
1176580 1895.3
1176590 1895.3
1176600 1896.9
1176610 1898.6
1176620 1898.6
1176630 1897.6
1176640 1895.8
1176650 1895.8
1176660 1895.0
1176670 1893.1
1176680 1893.1
1176690 1889.8
1176700 1884.4
1176710 1884.4
1176720 1879.7
1176730 1875.9
1176740 1875.9
1176750 1872.7
1176760 1871.1
1176770 1871.1
1176780 1869.4
1176790 1859.4
1176800 1859.4
1176810 1858.4
1176820 1858.2
1176830 1858.2
1176840 1856.9
1176850 1854.1
1176860 1854.1
1176870 1849.5
1176880 1848.2
1176890 1848.0
1176900 1848.0
1176910 1852.1
1176920 1856.9
1176930 1856.9
1176940 1857.8
1176950 1856.4
1176960 1856.4
1176970 1855.5
1176980 1857.1
1176990 1857.1
1177000 1861.9
1177010 1863.7
1177020 1863.7
1177030 1865.1
1177040 1865.3
1177050 1865.3
1177060 1870.9
1177070 1874.0
1177080 1874.0
1177090 1874.7
1177100 1874.6
1177110 1874.6
1177120 1876.9
1177130 1882.1
1177140 1882.1
1177150 1885.7
1177160 1887.8
1177170 1890.1
1177180 1890.1
1177190 1890.2
1177200 1888.7
1177210 1878.8
1177220 1879.5
1177230 1881.3
1177240 1881.3
1177250 1883.6
1177260 1881.7
1177270 1881.7
1177280 1879.4
1177290 1878.2
1177300 1878.2
1177310 1877.0
1177320 1876.4
1177330 1876.4
1177340 1877.2
1177350 1878.9
1177360 1878.9
1177370 1884.7
1177380 1890.8
1177390 1890.8
1177400 1895.6
1177410 1900.2
1177420 1900.2
1177430 1905.7
1177440 1911.1
1177450 1916.7
1177460 1916.7
1177470 1922.3
1177480 1928.1
1177490 1928.1
1177500 1935.0
1177510 1942.0
1177520 1942.0
1177530 1947.9
1177540 1954.9
1177550 1954.9
1177560 1963.6
1177570 1972.6
1177580 1972.6
1177590 1981.4
1177600 1991.5
1177610 1991.5
1177620 2000.4
1177630 2006.6
1177640 2006.6
1177650 2009.5
1177660 2009.9
1177670 2009.9
1177680 2010.4
1177690 2011.7
1177700 2011.7
1177710 2014.9
1177720 2018.8
1177730 2018.8
1177740 2023.3
1177750 2027.7
1177760 2031.0
1177770 2031.0
1177780 2033.3
1177790 2035.7
1177800 2035.7
1177810 2037.6
1177820 2042.0
1177830 2042.0
1177840 2047.4
1177850 2048.3
1177860 2048.3
1177870 2050.6
1177880 2058.4
1177890 2058.4
1177900 2058.7
1177910 2060.0
1177920 2060.0
1177930 2068.9
1177940 2068.5
1177950 2068.5
1177960 2066.3
1177970 2066.9
1177980 2066.9
1177990 2072.6
1178000 2077.1
1178010 2077.1
1178020 2078.2
1178030 2080.2
1178040 2073.2
1178050 2073.2
1178060 2071.1
1178070 2071.7
1178080 2071.7
1178090 2072.9
1178100 2075.5
1178110 2075.5
1178120 2078.5
1178130 2081.6
1178140 2081.6
1178150 2087.0
1178160 2092.3
1178170 2092.3
1178180 2096.2
1178190 2099.4
1178200 2099.4
1178210 2104.1
1178220 2111.5
1178230 2111.5
1178240 2118.1
1178250 2124.2
1178260 2124.2
1178270 2129.3
1178280 2134.0
1178290 2134.0
1178300 2141.2
1178310 2147.2
1178320 2147.2
1178330 2151.9
1178340 2155.9
1178350 2159.6
1178360 2159.6
1178370 2164.9
1178380 2173.4
1178390 2173.4
1178400 2181.3
1178410 2188.2
1178420 2188.2
1178430 2195.6
1178440 2203.3
1178450 2201.0
1178460 2207.2
1178470 2214.5
1178480 2214.5
1178490 2221.8
1178500 2228.3
1178510 2228.3
1178520 2234.9
1178530 2241.3
1178540 2241.3
1178550 2247.8
1178560 2254.4
1178570 2254.4
1178580 2261.0
1178590 2267.8
1178600 2267.8
1178610 2275.1
1178620 2282.5
1178630 2289.6
1178640 2289.6
1178650 2296.8
1178660 2303.7
1178670 2303.7
1178680 2310.4
1178690 2317.2
1178700 2317.2
1178710 2324.2
1178720 2331.5
1178730 2331.5
1178740 2338.8
1178750 2346.0
1178760 2346.0
1178770 2353.2
1178780 2360.3
1178790 2360.3
1178800 2367.5
1178810 2374.6
1178820 2374.6
1178830 2380.7
1178840 2384.3
1178850 2384.3
1178860 2381.4
1178870 2389.1
1178880 2389.1
1178890 2378.7
1178900 2373.5
1178910 2369.0
1178920 2369.0
1178930 2368.9
1178940 2356.3
1178950 2356.3
1178960 2344.4
1178970 2337.1
1178980 2337.1
1178990 2332.5
1179000 2329.2
1179010 2329.2
1179020 2327.6
1179030 2317.9
1179040 2317.9
1179050 2309.7
1179060 2299.5
1179070 2299.5
1179080 2291.2
1179090 2282.2
1179100 2282.2
1179110 2282.9
1179120 2282.3
1179130 2282.3
1179140 2268.9
1179150 2256.5
1179160 2256.5
1179170 2270.2
1179180 2291.4
1179190 2291.4
1179200 2303.6
1179210 2305.4
1179220 2305.5
1179230 2305.5
1179240 2308.8
1179250 2306.3
1179260 2306.3
1179270 2308.1
1179280 2307.2
1179290 2318.8
1179300 2313.2
1179310 2313.1
1179320 2313.1
1179330 2314.3
1179340 2315.1
1179350 2315.1
1179360 2319.6
1179370 2317.3
1179380 2317.3
1179390 2311.3
1179400 2305.9
1179410 2305.9
1179420 2298.3
1179430 2286.8
1179440 2286.8
1179450 2276.4
1179460 2266.9
1179470 2266.9
1179480 2257.1
1179490 2245.6
1179500 2229.0
1179510 2229.0
1179520 2210.4
1179530 2196.8
1179540 2196.8
1179550 2189.0
1179560 2183.8
1179570 2183.8
1179580 2179.8
1179590 2175.6
1179600 2175.6
1179610 2170.4
1179620 2163.6
1179630 2163.6
1179640 2157.0
1179650 2150.8
1179660 2150.8
1179670 2146.0
1179680 2141.6
1179690 2141.6
1179700 2129.0
1179710 2127.0
1179720 2127.0
1179730 2119.3
1179740 2109.1
1179750 2109.1
1179760 2106.7
1179770 2107.3
1179780 2101.3
1179790 2101.3
1179800 2090.1
1179810 2081.1
1179820 2081.1
1179830 2072.1
1179840 2063.9
1179850 2063.9
1179860 2063.6
1179870 2065.4
1179880 2065.4
1179890 2062.4
1179900 2059.8
1179910 2059.8
1179920 2053.9
1179930 2050.7
1179940 2050.7
1179950 2046.4
1179960 2039.6
1179970 2039.6
1179980 2032.3
1179990 2025.2
