1160000 1205.1
1160010 1208.1
1160020 1209.7
1160030 1209.7
1160040 1210.8
1160050 1209.5
1160060 1209.5
1160070 1209.7
1160080 1211.0
1160090 1214.1
1160100 1214.1
1160110 1216.8
1160120 1218.2
1160130 1218.2
1160140 1220.0
1160150 1222.4
1160160 1222.4
1160170 1224.8
1160180 1225.8
1160190 1225.8
1160200 1225.3
1160210 1223.5
1160220 1223.5
1160230 1218.2
1160240 1213.6
1160250 1213.6
1160260 1217.2
1160270 1218.3
1160280 1218.3
1160290 1226.4
1160300 1235.4
1160310 1235.4
1160320 1248.7
1160330 1258.1
1160340 1258.1
1160350 1262.1
1160360 1264.9
1160370 1276.5
1160380 1276.5
1160390 1305.3
1160400 1329.6
1160410 1329.6
1160420 1334.7
1160430 1333.2
1160440 1333.2
1160450 1327.1
1160460 1321.8
1160470 1321.8
1160480 1321.1
1160490 1318.3
1160500 1318.3
1160510 1319.6
1160520 1325.0
1160530 1325.0
1160540 1327.5
1160550 1327.3
1160560 1327.3
1160570 1328.1
1160580 1333.2
1160590 1333.2
1160600 1340.7
1160610 1347.1
1160620 1347.1
1160630 1348.9
1160640 1350.5
1160650 1380.0
1160660 1384.6
1160670 1385.2
1160680 1385.7
1160690 1385.7
1160700 1381.3
1160710 1374.7
1160720 1374.7
1160730 1371.8
1160740 1368.2
1160750 1368.2
1160760 1363.8
1160770 1363.1
1160780 1363.1
1160790 1363.5
1160800 1362.1
1160810 1362.1
1160820 1363.7
1160830 1368.5
1160840 1368.5
1160850 1377.4
1160860 1382.9
1160870 1382.9
1160880 1384.6
1160890 1385.8
1160900 1385.8
1160910 1386.3
1160920 1386.6
1160930 1386.6
1160940 1386.7
1160950 1386.7
1160960 1390.9
1160970 1390.9
1160980 1392.7
1160990 1393.4
1161000 1393.4
1161010 1391.6
1161020 1387.4
1161030 1387.4
1161040 1396.4
1161050 1403.3
1161060 1403.3
1161070 1411.2
1161080 1425.3
1161090 1425.3
1161100 1433.5
1161110 1439.0
1161120 1439.0
1161130 1443.3
1161140 1446.4
1161150 1446.4
1161160 1447.8
1161170 1449.1
1161180 1449.1
1161190 1450.7
1161200 1453.8
1161210 1453.8
1161220 1456.1
1161230 1458.7
1161240 1460.7
1161250 1460.7
1161260 1462.3
1161270 1463.8
1161280 1463.8
1161290 1465.2
1161300 1465.5
1161310 1465.5
1161320 1465.3
1161330 1467.9
1161340 1467.9
1161350 1469.7
1161360 1470.5
1161370 1470.5
1161380 1470.8
1161390 1470.9
1161400 1470.9
1161410 1471.3
1161420 1472.7
1161430 1472.7
1161440 1479.2
1161450 1480.0
1161460 1480.0
1161470 1480.6
1161480 1482.3
1161490 1482.3
1161500 1483.8
1161510 1485.1
1161520 1485.1
1161530 1487.1
1161540 1489.9
1161550 1492.9
1161560 1492.9
1161570 1495.7
1161580 1498.5
1161590 1498.5
1161600 1501.5
1161610 1502.6
1161620 1502.6
1161630 1499.6
1161640 1493.9
1161650 1493.9
1161660 1487.5
1161670 1481.4
1161680 1481.4
1161690 1475.2
1161700 1469.5
1161710 1469.5
1161720 1463.7
1161730 1459.0
1161740 1459.0
1161750 1454.2
1161760 1449.1
1161770 1449.1
1161780 1443.9
1161790 1439.1
1161800 1439.1
1161810 1434.5
1161820 1429.2
1161830 1427.4
1161840 1427.4
1161850 1422.6
1161860 1417.7
1161870 1417.7
1161880 1410.9
1161890 1402.5
1161900 1402.5
1161910 1383.5
1161920 1367.1
1161930 1367.1
1161940 1388.7
1161950 1401.4
1161960 1401.4
1161970 1406.4
1161980 1411.8
1161990 1411.8
1162000 1416.1
1162010 1418.4
1162020 1418.4
1162030 1422.1
1162040 1427.6
1162050 1427.6
1162060 1434.1
1162070 1440.2
1162080 1440.2
1162090 1445.2
1162100 1451.8
1162110 1459.7
1162120 1459.7
1162130 1467.2
1162140 1474.6
1162150 1474.6
1162160 1482.2
1162170 1489.8
1162180 1489.8
1162190 1496.8
1162200 1503.0
1162210 1503.0
1162220 1508.6
1162230 1518.9
1162240 1518.9
1162250 1525.3
1162260 1532.1
1162270 1532.1
1162280 1538.7
1162290 1544.1
1162300 1544.1
1162310 1550.7
1162320 1558.0
1162330 1558.0
1162340 1564.8
1162350 1572.0
1162360 1572.0
1162370 1579.1
1162380 1586.7
1162390 1586.7
1162400 1595.9
1162410 1614.3
1162420 1629.4
1162430 1629.4
1162440 1637.7
1162450 1646.3
1162460 1646.3
1162470 1656.4
1162480 1666.0
1162490 1666.0
1162500 1674.0
1162510 1683.0
1162520 1683.0
1162530 1699.3
1162540 1710.8
1162550 1710.8
1162560 1718.2
1162570 1725.8
1162580 1725.8
1162590 1734.7
1162600 1743.7
1162610 1743.7
1162620 1762.8
1162630 1769.6
1162640 1769.6
1162650 1782.5
1162660 1800.0
1162670 1800.0
1162680 1806.7
1162690 1809.0
1162700 1818.9
1162710 1818.9
1162720 1826.0
1162730 1829.8
1162740 1829.8
1162750 1832.6
1162760 1834.7
1162770 1834.7
1162780 1840.1
1162790 1846.2
1162800 1846.2
1162810 1851.4
1162820 1859.7
1162830 1859.7
1162840 1868.7
1162850 1871.9
1162860 1871.9
1162870 1876.6
1162880 1882.6
1162890 1882.6
1162900 1888.0
1162910 1896.0
1162920 1896.0
1162930 1903.8
1162940 1909.2
1162950 1909.2
1162960 1912.2
1162970 1914.9
1162980 1916.9
1162990 1916.9
1163000 1919.5
1163010 1921.7
1163020 1928.3
1163030 1928.4
1163040 1926.8
1163050 1926.8
1163060 1926.0
1163070 1926.9
1163080 1926.9
1163090 1927.2
1163100 1926.4
1163110 1926.4
1163120 1926.5
1163130 1925.2
1163140 1925.2
1163150 1922.1
1163160 1920.2
1163170 1920.2
1163180 1920.3
1163190 1920.4
1163200 1920.4
1163210 1919.6
1163220 1921.2
1163230 1921.2
1163240 1921.9
1163250 1922.3
1163260 1922.3
1163270 1922.9
1163280 1924.9
1163290 1926.9
1163300 1926.9
1163310 1928.1
1163320 1928.6
1163330 1928.6
1163340 1929.1
1163350 1930.0
1163360 1930.0
1163370 1932.1
1163380 1934.5
1163390 1934.5
1163400 1937.2
1163410 1940.4
1163420 1944.4
1163430 1948.7
1163440 1953.8
1163450 1953.8
1163460 1959.1
1163470 1965.0
1163480 1965.0
1163490 1974.7
1163500 1984.4
1163510 1984.4
1163520 1991.3
1163530 1996.8
1163540 1996.8
1163550 2001.4
1163560 2007.2
1163570 2017.6
1163580 2017.6
1163590 2022.3
1163600 2028.1
1163610 2028.1
1163620 2029.9
1163630 2033.0
1163640 2033.0
1163650 2038.1
1163660 2042.7
1163670 2042.7
1163680 2044.8
1163690 2044.5
1163700 2044.5
1163710 2043.3
1163720 2040.6
1163730 2040.6
1163740 2035.2
1163750 2025.8
1163760 2025.8
1163770 2015.0
1163780 2004.3
1163790 2004.3
1163800 1996.0
1163810 1987.2
1163820 1987.2
1163830 1981.3
1163840 1976.5
1163850 1976.5
1163860 1974.8
1163870 1976.6
1163880 1977.0
1163890 1977.0
1163900 1977.0
1163910 1975.2
1163920 1975.2
1163930 1972.3
1163940 1970.7
1163950 1970.7
1163960 1969.5
1163970 1968.9
1163980 1968.9
1163990 1967.5
1164000 1964.9
1164010 1964.9
1164020 1963.1
1164030 1959.4
1164040 1959.4
1164050 1953.2
1164060 1947.3
1164070 1947.3
1164080 1944.3
1164090 1942.6
1164100 1942.6
1164110 1938.7
1164120 1935.5
1164130 1935.5
1164140 1934.0
1164150 1932.7
1164160 1931.9
1164170 1931.9
1164180 1929.4
1164190 1926.3
1164200 1926.3
1164210 1929.8
1164220 1928.3
1164230 1928.3
1164240 1925.4
1164250 1924.2
1164260 1924.2
1164270 1920.5
1164280 1917.5
1164290 1917.5
1164300 1917.7
1164310 1917.5
1164320 1917.5
1164330 1916.1
1164340 1915.5
1164350 1915.5
1164360 1914.6
1164370 1910.8
1164380 1910.8
1164390 1908.5
1164400 1907.7
1164410 1907.7
1164420 1907.7
1164430 1908.2
1164440 1910.4
1164450 1910.4
1164460 1914.0
1164470 1915.6
1164480 1915.6
1164490 1916.1
1164500 1914.5
1164510 1914.5
1164520 1913.0
1164530 1912.1
1164540 1912.1
1164550 1909.9
1164560 1909.7
1164570 1909.7
1164580 1909.1
1164590 1907.4
1164600 1907.4
1164610 1913.0
1164620 1913.5
1164630 1913.5
1164640 1912.6
1164650 1912.0
1164660 1912.0
1164670 1910.0
1164680 1909.0
1164690 1909.0
1164700 1910.1
1164710 1911.9
1164720 1911.9
1164730 1915.2
1164740 1919.7
1164750 1923.1
1164760 1923.1
1164770 1924.8
1164780 1925.2
1164790 1925.2
1164800 1929.5
1164810 1932.9
1164820 1932.9
1164830 1936.2
1164840 1940.7
1164850 1940.7
1164860 1948.5
1164870 1957.9
1164880 1957.9
1164890 1970.1
1164900 1981.5
1164910 1981.5
1164920 1985.3
1164930 1988.1
1164940 1988.1
1164950 1990.9
1164960 1994.3
1164970 1994.3
1164980 1998.0
1164990 2002.5
1165000 2002.5
1165010 2014.2
1165020 2020.7
1165030 2025.4
1165040 2025.4
1165050 2035.4
1165060 2044.6
1165070 2044.6
1165080 2052.5
1165090 2057.5
1165100 2057.5
1165110 2059.5
1165120 2057.9
1165130 2057.9
1165140 2059.8
1165150 2066.0
1165160 2066.0
1165170 2073.3
1165180 2080.3
1165190 2080.3
1165200 2092.2
1165210 2102.8
1165220 2102.8
1165230 2108.5
1165240 2115.1
1165250 2115.1
1165260 2124.1
1165270 2135.6
1165280 2135.6
1165290 2140.1
1165300 2145.2
1165310 2157.3
1165320 2157.3
1165330 2166.2
1165340 2172.5
1165350 2172.5
1165360 2180.7
1165370 2192.1
1165380 2192.1
1165390 2201.5
1165400 2210.7
1165410 2221.3
1165420 2227.8
1165430 2233.2
1165440 2233.2
1165450 2239.1
1165460 2245.7
1165470 2245.7
1165480 2253.5
1165490 2261.9
1165500 2261.9
1165510 2269.1
1165520 2275.3
1165530 2275.3
1165540 2280.4
1165550 2285.1
1165560 2285.1
1165570 2289.4
1165580 2290.5
1165590 2290.5
1165600 2291.7
1165610 2298.3
1165620 2305.2
1165630 2305.2
1165640 2313.6
1165650 2328.4
1165660 2328.4
1165670 2339.2
1165680 2347.3
1165690 2347.3
1165700 2354.4
1165710 2359.8
1165720 2359.8
1165730 2366.5
1165740 2373.8
1165750 2373.8
1165760 2387.7
1165770 2393.7
1165780 2393.7
1165790 2397.1
1165800 2393.6
1165810 2406.5
1165820 2407.2
1165830 2398.0
1165840 2398.0
1165850 2384.3
1165860 2375.5
1165870 2375.5
1165880 2375.3
1165890 2373.6
1165900 2365.1
1165910 2365.1
1165920 2357.7
1165930 2351.4
1165940 2351.4
1165950 2350.9
1165960 2346.8
1165970 2346.8
1165980 2339.0
1165990 2326.9
1166000 2326.9
1166010 2323.9
1166020 2322.7
1166030 2322.7
1166040 2322.2
1166050 2318.8
1166060 2318.8
1166070 2319.3
1166080 2318.3
1166090 2318.3
1166100 2315.7
1166110 2318.9
1166120 2318.9
1166130 2321.8
1166140 2325.6
1166150 2325.6
1166160 2331.3
1166170 2337.7
1166180 2336.9
1166190 2336.9
1166200 2333.7
1166210 2344.6
1166220 2344.6
1166230 2344.9
1166240 2344.1
1166250 2344.1
1166260 2342.2
1166270 2342.8
1166280 2342.8
1166290 2344.1
1166300 2343.6
1166310 2343.6
1166320 2345.5
1166330 2348.4
1166340 2348.4
1166350 2350.9
1166360 2352.4
1166370 2352.4
1166380 2352.3
1166390 2349.6
1166400 2349.6
1166410 2344.0
1166420 2340.6
1166430 2340.6
1166440 2341.2
1166450 2341.2
1166460 2341.2
1166470 2339.7
1166480 2341.2
1166490 2343.7
1166500 2343.7
1166510 2346.4
1166520 2348.7
1166530 2348.7
1166540 2347.3
1166550 2347.1
1166560 2347.1
1166570 2349.1
1166580 2348.6
1166590 2348.6
1166600 2343.5
1166610 2333.8
1166620 2333.8
1166630 2329.6
1166640 2325.6
1166650 2325.6
1166660 2322.0
1166670 2316.6
1166680 2316.6
1166690 2313.5
1166700 2322.6
1166710 2322.6
1166720 2332.1
1166730 2336.3
1166740 2336.3
1166750 2339.0
1166760 2342.1
1166770 2347.3
1166780 2347.3
1166790 2350.4
1166800 2347.0
1166810 2347.0
1166820 2353.9
1166830 2366.8
1166840 2366.8
1166850 2351.2
1166860 2352.7
1166870 2352.7
1166880 2360.4
1166890 2366.6
1166900 2366.6
1166910 2363.6
1166920 2364.6
1166930 2364.6
1166940 2373.5
1166950 2380.1
1166960 2380.1
1166970 2390.8
1166980 2396.9
1166990 2396.9
1167000 2401.5
1167010 2401.5
1167020 2401.5
1167030 2408.6
1167040 2423.1
1167050 2435.6
1167060 2435.6
1167070 2447.9
1167080 2465.8
1167090 2465.8
1167100 2478.8
1167110 2476.9
1167120 2476.9
1167130 2471.8
1167140 2465.6
1167150 2465.6
1167160 2457.2
1167170 2450.9
1167180 2450.9
1167190 2447.1
1167200 2448.0
1167210 2448.0
1167220 2450.2
1167230 2457.2
1167240 2457.2
1167250 2463.1
1167260 2460.9
1167270 2460.9
1167280 2458.4
1167290 2462.5
1167300 2462.5
1167310 2459.1
1167320 2453.4
1167330 2453.4
1167340 2448.8
1167350 2443.9
1167360 2437.8
1167370 2437.8
1167380 2430.9
1167390 2423.5
1167400 2423.5
1167410 2415.9
1167420 2407.8
1167430 2407.8
1167440 2399.1
1167450 2390.7
1167460 2390.7
1167470 2382.8
1167480 2375.4
1167490 2375.4
1167500 2365.9
1167510 2353.7
1167520 2353.7
1167530 2346.4
1167540 2347.1
1167550 2347.1
1167560 2347.4
1167570 2342.6
1167580 2342.6
1167590 2336.7
1167600 2331.1
1167610 2331.1
1167620 2329.4
1167630 2329.7
1167640 2327.1
1167650 2327.1
1167660 2324.4
1167670 2322.4
1167680 2322.4
1167690 2318.8
1167700 2314.8
1167710 2314.8
1167720 2312.0
1167730 2309.1
1167740 2309.1
1167750 2304.4
1167760 2297.3
1167770 2297.3
1167780 2289.3
1167790 2280.7
1167800 2280.7
1167810 2274.4
1167820 2265.4
1167830 2265.4
1167840 2257.1
1167850 2248.0
1167860 2248.0
1167870 2235.1
1167880 2226.7
1167890 2226.7
1167900 2216.6
1167910 2202.7
1167920 2194.6
1167930 2194.6
1167940 2185.6
1167950 2178.0
1167960 2178.0
1167970 2171.5
1167980 2164.9
1167990 2164.9
1168000 2158.1
1168010 2151.2
1168020 2151.2
1168030 2144.6
1168040 2138.2
1168050 2138.2
1168060 2131.8
1168070 2125.5
1168080 2125.5
1168090 2119.3
1168100 2113.3
1168110 2113.3
1168120 2107.3
1168130 2101.3
1168140 2101.3
1168150 2095.4
1168160 2089.6
1168170 2089.6
1168180 2083.7
1168190 2078.0
1168200 2078.0
1168210 2072.3
1168220 2068.1
1168230 2062.6
1168240 2062.6
1168250 2057.1
1168260 2051.9
1168270 2051.9
1168280 2046.8
1168290 2042.0
1168300 2042.0
1168310 2037.3
1168320 2032.6
1168330 2032.6
1168340 2028.1
1168350 2026.2
1168360 2026.2
1168370 2025.2
1168380 2024.0
1168390 2024.0
1168400 2023.1
1168410 2021.1
1168420 2021.1
1168430 2020.4
1168440 2019.7
1168450 2019.7
1168460 2018.4
1168470 2017.3
1168480 2017.3
1168490 2015.3
1168500 2013.0
1168510 2009.6
1168520 2009.6
1168530 2005.9
1168540 2002.6
1168550 2002.6
1168560 1999.4
1168570 1996.4
1168580 1996.4
1168590 1994.3
1168600 1992.1
1168610 1992.1
1168620 1986.4
1168630 1985.4
1168640 1985.4
1168650 1982.7
1168660 1978.7
1168670 1978.7
1168680 1975.0
1168690 1973.1
1168700 1973.1
1168710 1971.2
1168720 1968.3
1168730 1968.3
1168740 1965.6
1168750 1963.8
1168760 1963.8
1168770 1962.0
1168780 1959.1
1168790 1957.9
1168800 1957.9
1168810 1958.4
1168820 1958.0
1168830 1958.0
1168840 1959.0
1168850 1960.7
1168860 1960.7
1168870 1959.4
1168880 1957.7
1168890 1957.7
1168900 1954.0
1168910 1954.5
1168920 1954.5
1168930 1955.0
1168940 1956.3
1168950 1956.3
1168960 1957.6
1168970 1956.6
1168980 1956.6
1168990 1955.2
1169000 1955.0
1169010 1955.0
1169020 1953.5
1169030 1951.9
1169040 1951.9
1169050 1950.6
1169060 1949.9
1169070 1949.9
1169080 1948.2
1169090 1948.4
1169100 1946.9
1169110 1946.9
1169120 1945.1
1169130 1942.6
1169140 1942.6
1169150 1939.4
1169160 1935.9
1169170 1935.9
1169180 1932.5
1169190 1930.1
1169200 1930.1
1169210 1928.1
1169220 1926.0
1169230 1926.0
1169240 1924.0
1169250 1922.6
1169260 1922.6
1169270 1921.3
1169280 1919.2
1169290 1919.2
1169300 1916.3
1169310 1914.4
1169320 1914.4
1169330 1912.4
1169340 1909.2
1169350 1909.2
1169360 1904.9
1169370 1899.8
1169380 1895.3
1169390 1895.3
1169400 1892.2
1169410 1889.7
1169420 1889.7
1169430 1889.8
1169440 1885.4
1169450 1885.4
1169460 1880.7
1169470 1877.2
1169480 1877.2
1169490 1875.1
1169500 1875.2
1169510 1875.2
1169520 1875.7
1169530 1876.3
1169540 1876.3
1169550 1878.0
1169560 1878.6
1169570 1878.6
1169580 1877.1
1169590 1875.3
1169600 1875.3
1169610 1873.1
1169620 1870.7
1169630 1870.7
1169640 1868.0
1169650 1865.2
1169660 1862.7
1169670 1862.7
1169680 1860.0
1169690 1857.4
1169700 1857.4
1169710 1854.7
1169720 1852.0
1169730 1852.0
1169740 1849.3
1169750 1847.1
1169760 1847.1
1169770 1843.5
1169780 1840.5
1169790 1840.5
1169800 1838.2
1169810 1835.0
1169820 1835.0
1169830 1830.3
1169840 1827.0
1169850 1827.0
1169860 1824.1
1169870 1820.1
1169880 1820.1
1169890 1817.2
1169900 1815.8
1169910 1815.8
1169920 1814.6
1169930 1812.9
1169940 1812.9
1169950 1808.9
1169960 1805.4
1169970 1801.2
1169980 1801.2
1169990 1797.5
1170000 1794.3
1170010 1794.3
1170020 1791.2
1170030 1787.9
1170040 1787.9
1170050 1785.3
1170060 1782.3
1170070 1782.3
1170080 1778.6
1170090 1775.3
1170100 1775.3
1170110 1772.4
1170120 1769.5
1170130 1769.5
1170140 1766.7
1170150 1763.5
1170160 1763.5
1170170 1760.5
1170180 1757.6
1170190 1757.6
1170200 1754.5
1170210 1751.7
1170220 1751.7
1170230 1748.8
1170240 1743.0
1170250 1738.1
1170260 1738.1
1170270 1732.6
1170280 1727.7
1170290 1727.7
1170300 1724.1
1170310 1720.8
1170320 1720.8
1170330 1717.0
1170340 1714.4
1170350 1714.4
1170360 1712.0
1170370 1709.1
1170380 1709.1
1170390 1705.9
1170400 1703.2
1170410 1703.2
1170420 1700.7
1170430 1697.7
1170440 1697.7
1170450 1694.3
1170460 1691.0
1170470 1691.0
1170480 1687.9
1170490 1684.9
1170500 1684.9
1170510 1682.5
1170520 1680.6
1170530 1679.3
1170540 1679.3
1170550 1677.7
1170560 1676.3
1170570 1676.3
1170580 1676.5
1170590 1674.9
1170600 1674.9
1170610 1669.9
1170620 1663.1
1170630 1663.1
1170640 1654.7
1170650 1652.6
1170660 1652.6
1170670 1655.6
1170680 1656.3
1170690 1656.3
1170700 1653.4
1170710 1648.9
1170720 1648.9
1170730 1644.8
1170740 1641.1
1170750 1641.1
1170760 1636.6
1170770 1632.3
1170780 1632.3
1170790 1628.7
1170800 1625.5
1170810 1625.5
1170820 1622.1
1170830 1618.7
1170840 1615.5
1170850 1615.5
1170860 1611.5
1170870 1607.4
1170880 1607.4
1170890 1603.2
1170900 1599.5
1170910 1599.5
1170920 1596.0
1170930 1592.4
1170940 1592.4
1170950 1588.0
1170960 1584.7
1170970 1584.7
1170980 1581.3
1170990 1578.0
1171000 1578.0
1171010 1574.6
1171020 1570.7
1171030 1570.7
1171040 1567.0
1171050 1562.5
1171060 1562.5
1171070 1562.0
1171080 1560.3
1171090 1560.3
1171100 1558.7
1171110 1556.8
1171120 1555.0
1171130 1555.0
1171140 1552.9
1171150 1550.4
1171160 1550.4
1171170 1547.3
1171180 1544.1
1171190 1544.1
1171200 1539.8
1171210 1537.2
1171220 1537.2
1171230 1534.9
1171240 1532.8
1171250 1532.8
1171260 1533.1
1171270 1532.9
1171280 1532.9
1171290 1529.9
1171300 1525.6
1171310 1525.6
1171320 1519.0
1171330 1505.6
1171340 1505.6
1171350 1495.5
1171360 1488.8
1171370 1488.8
1171380 1483.5
1171390 1479.6
1171400 1476.2
1171410 1476.2
1171420 1472.3
1171430 1467.8
1171440 1467.8
1171450 1463.3
1171460 1459.0
1171470 1459.0
1171480 1454.0
1171490 1450.0
1171500 1450.0
1171510 1446.4
1171520 1442.1
1171530 1442.1
1171540 1437.3
1171550 1433.6
1171560 1433.6
1171570 1430.5
1171580 1427.5
1171590 1427.5
1171600 1424.5
1171610 1421.9
1171620 1421.9
1171630 1416.8
1171640 1409.0
1171650 1409.0
1171660 1403.2
1171670 1400.3
1171680 1400.3
1171690 1399.2
1171700 1396.9
1171710 1393.8
1171720 1393.8
1171730 1391.4
1171740 1389.1
1171750 1389.1
1171760 1386.5
1171770 1384.0
1171780 1384.0
1171790 1381.4
1171800 1378.6
1171810 1378.6
1171820 1375.3
1171830 1370.8
1171840 1370.8
1171850 1363.8
1171860 1356.5
1171870 1356.5
1171880 1348.8
1171890 1343.4
1171900 1343.4
1171910 1339.5
1171920 1335.6
1171930 1335.6
1171940 1330.2
1171950 1323.7
1171960 1323.7
1171970 1317.4
1171980 1311.9
1171990 1307.8
1172000 1307.8
1172010 1302.8
1172020 1298.3
1172030 1298.3
1172040 1294.2
1172050 1290.0
1172060 1290.0
1172070 1286.0
1172080 1282.8
1172090 1282.8
1172100 1280.1
1172110 1277.4
1172120 1277.4
1172130 1274.0
1172140 1269.4
1172150 1269.4
1172160 1263.9
1172170 1257.3
1172180 1257.3
1172190 1249.2
1172200 1241.8
1172210 1241.8
1172220 1236.7
1172230 1232.7
1172240 1232.7
1172250 1228.8
1172260 1224.1
1172270 1217.9
1172280 1217.9
1172290 1213.7
1172300 1210.2
1172310 1210.2
1172320 1207.1
1172330 1203.6
1172340 1203.6
1172350 1199.1
1172360 1193.4
1172370 1193.4
1172380 1188.2
1172390 1184.3
1172400 1184.3
1172410 1180.3
1172420 1175.0
1172430 1175.0
1172440 1169.0
1172450 1163.0
1172460 1163.0
1172470 1159.3
1172480 1153.8
1172490 1153.8
1172500 1145.9
1172510 1137.1
1172520 1137.1
1172530 1128.7
1172540 1122.2
1172550 1122.2
1172560 1114.0
1172570 1103.2
1172580 1096.5
1172590 1096.5
1172600 1093.2
1172610 1093.6
1172620 1093.6
1172630 1097.4
1172640 1098.8
1172650 1098.8
1172660 1096.4
1172670 1092.1
1172680 1086.3
1172690 1082.8
1172700 1073.2
1172710 1073.2
1172720 1067.4
1172730 1063.5
1172740 1063.5
1172750 1059.2
1172760 1055.2
1172770 1055.2
1172780 1052.9
1172790 1051.0
1172800 1051.0
1172810 1046.7
1172820 1044.5
1172830 1044.5
1172840 1044.0
1172850 1040.0
1172860 1037.6
1172870 1037.6
1172880 1032.6
1172890 1026.5
1172900 1026.5
1172910 1020.7
1172920 1015.2
1172930 1015.2
1172940 1010.8
1172950 1008.3
1172960 1008.3
1172970 1006.0
1172980 1003.5
1172990 1003.5
1173000 999.9
1173010 990.2
1173020 990.2
1173030 983.4
1173040 979.3
1173050 979.3
1173060 971.9
1173070 966.4
1173080 966.4
1173090 962.7
1173100 962.7
1173110 962.7
1173120 962.7
1173130 962.7
1173140 962.7
1173150 962.7
1173160 963.0
1173170 963.9
1173180 963.9
1173190 964.7
1173200 964.8
1173210 964.8
1173220 965.2
1173230 967.2
1173240 967.2
1173250 968.4
1173260 968.5
1173270 968.5
1173280 968.7
1173290 967.7
1173300 967.7
1173310 966.5
1173320 966.7
1173330 966.7
1173340 968.7
1173350 967.9
1173360 967.9
1173370 965.3
1173380 965.0
1173390 965.0
1173400 965.0
1173410 965.1
1173420 965.1
1173430 965.3
1173440 965.7
1173450 966.3
1173460 966.3
1173470 967.0
1173480 967.9
1173490 967.9
1173500 970.0
1173510 972.6
1173520 972.6
1173530 974.4
1173540 974.7
1173550 974.7
1173560 975.9
1173570 977.0
1173580 977.0
1173590 977.7
1173600 978.3
1173610 978.3
1173620 978.7
1173630 979.2
1173640 979.2
1173650 979.7
1173660 980.2
1173670 980.2
1173680 980.0
1173690 980.0
1173700 980.0
1173710 980.3
1173720 980.8
1173730 980.8
1173740 980.8
1173750 980.2
1173760 981.3
1173770 981.3
1173780 983.1
1173790 984.0
1173800 984.0
1173810 984.5
1173820 984.9
1173830 984.9
1173840 985.7
1173850 988.1
1173860 988.1
1173870 989.5
1173880 990.2
1173890 990.2
1173900 991.1
1173910 992.6
1173920 992.6
1173930 993.3
1173940 994.1
1173950 994.1
1173960 994.9
1173970 995.6
1173980 995.6
1173990 996.3
1174000 996.7
1174010 996.8
1174020 996.8
1174030 997.0
1174040 997.7
1174050 997.7
1174060 998.6
1174070 999.2
1174080 999.2
1174090 999.4
1174100 999.8
1174110 999.8
1174120 1000.0
1174130 1000.1
1174140 1000.1
1174150 1000.3
1174160 1000.4
1174170 1000.4
1174180 1001.5
1174190 1005.2
1174200 1005.2
1174210 1012.3
1174220 1021.0
1174230 1021.0
1174240 1032.8
1174250 1045.9
1174260 1045.9
1174270 1054.2
1174280 1059.6
1174290 1059.6
1174300 1064.8
1174310 1067.2
1174320 1066.5
1174330 1066.5
1174340 1070.9
1174350 1076.4
1174360 1076.4
1174370 1085.9
1174380 1093.0
1174390 1093.0
1174400 1098.6
1174410 1105.5
1174420 1105.5
1174430 1112.9
1174440 1120.5
1174450 1120.5
1174460 1131.5
1174470 1149.6
1174480 1149.6
1174490 1162.9
1174500 1171.8
1174510 1171.8
1174520 1178.0
1174530 1183.7
1174540 1183.7
1174550 1186.2
1174560 1186.3
1174570 1186.3
1174580 1187.2
1174590 1190.7
1174600 1194.5
1174610 1194.5
1174620 1197.6
1174630 1201.8
1174640 1201.8
1174650 1205.9
1174660 1209.3
1174670 1209.3
1174680 1210.4
1174690 1212.2
1174700 1212.2
1174710 1217.6
1174720 1221.4
1174730 1231.9
1174740 1236.2
1174750 1241.9
1174760 1241.9
1174770 1247.2
1174780 1254.0
1174790 1254.0
1174800 1257.6
1174810 1258.8
1174820 1258.8
1174830 1260.8
1174840 1265.6
1174850 1265.6
1174860 1271.5
1174870 1275.2
1174880 1278.9
1174890 1278.9
1174900 1284.1
1174910 1289.7
1174920 1289.7
1174930 1295.9
1174940 1302.2
1174950 1302.2
1174960 1307.1
1174970 1311.1
1174980 1311.1
1174990 1314.2
1175000 1316.5
1175010 1316.5
1175020 1319.0
1175030 1321.8
1175040 1321.8
1175050 1323.7
1175060 1325.1
1175070 1325.1
1175080 1326.5
1175090 1327.9
1175100 1327.9
1175110 1329.1
1175120 1330.2
1175130 1330.2
1175140 1329.6
1175150 1331.6
1175160 1331.6
1175170 1333.9
1175180 1335.4
1175190 1336.6
1175200 1336.6
1175210 1338.1
1175220 1339.5
1175230 1339.5
1175240 1340.9
1175250 1342.1
1175260 1342.1
1175270 1343.7
1175280 1344.8
1175290 1344.8
1175300 1348.1
1175310 1351.4
1175320 1351.4
1175330 1354.6
1175340 1357.9
1175350 1357.9
1175360 1361.9
1175370 1365.9
1175380 1365.9
1175390 1368.4
1175400 1370.5
1175410 1370.5
1175420 1372.6
1175430 1374.8
1175440 1374.8
1175450 1376.8
1175460 1378.6
1175470 1380.6
1175480 1380.6
1175490 1383.1
1175500 1386.5
1175510 1386.5
1175520 1390.2
1175530 1394.0
1175540 1394.0
1175550 1398.6
1175560 1402.8
1175570 1402.8
1175580 1407.5
1175590 1411.7
1175600 1411.7
1175610 1414.6
1175620 1416.9
1175630 1416.9
1175640 1420.0
1175650 1423.8
1175660 1423.8
1175670 1427.3
1175680 1430.5
1175690 1430.5
1175700 1434.0
1175710 1437.0
1175720 1437.0
1175730 1438.2
1175740 1437.5
1175750 1436.2
1175760 1436.2
1175770 1434.6
1175780 1435.3
1175790 1435.3
1175800 1436.1
1175810 1437.3
1175820 1437.3
1175830 1439.1
1175840 1441.4
1175850 1441.4
1175860 1443.7
1175870 1446.5
1175880 1446.5
1175890 1449.3
1175900 1451.7
1175910 1451.7
1175920 1453.2
1175930 1454.5
1175940 1454.5
1175950 1455.2
1175960 1447.9
1175970 1447.9
1175980 1449.4
1175990 1451.8
1176000 1451.8
1176010 1454.5
1176020 1456.8
1176030 1456.8
1176040 1457.9
1176050 1459.1
1176060 1461.6
1176070 1461.6
1176080 1463.9
1176090 1468.2
1176100 1468.2
1176110 1474.9
1176120 1480.9
1176130 1480.9
1176140 1484.9
1176150 1487.6
1176160 1487.6
1176170 1491.6
1176180 1495.4
1176190 1495.4
1176200 1498.5
1176210 1501.3
1176220 1501.3
1176230 1504.3
1176240 1508.2
1176250 1508.2
1176260 1511.3
1176270 1512.5
1176280 1512.5
1176290 1515.4
1176300 1521.3
1176310 1521.3
1176320 1527.3
1176330 1532.1
1176340 1535.9
1176350 1535.9
1176360 1539.6
1176370 1542.3
1176380 1535.0
1176390 1537.0
1176400 1540.8
1176410 1540.8
1176420 1544.9
1176430 1548.8
1176440 1548.8
1176450 1552.7
1176460 1555.9
1176470 1555.9
1176480 1558.6
1176490 1559.0
1176500 1559.0
1176510 1556.4
1176520 1551.1
1176530 1551.1
1176540 1540.2
1176550 1536.8
1176560 1536.8
1176570 1541.8
1176580 1547.3
1176590 1547.3
1176600 1550.0
1176610 1548.6
1176620 1547.4
1176630 1547.4
1176640 1548.9
1176650 1555.4
1176660 1555.4
1176670 1564.5
1176680 1574.0
1176690 1574.0
1176700 1583.8
1176710 1591.2
1176720 1591.2
1176730 1598.4
1176740 1605.9
1176750 1605.9
1176760 1613.0
1176770 1618.3
1176780 1618.3
1176790 1621.2
1176800 1629.0
1176810 1629.0
1176820 1637.5
1176830 1645.6
1176840 1645.6
1176850 1651.5
1176860 1656.9
1176870 1656.9
1176880 1661.6
1176890 1666.1
1176900 1666.1
1176910 1670.8
1176920 1675.7
1176930 1680.5
1176940 1680.5
1176950 1684.8
1176960 1688.8
1176970 1688.8
1176980 1692.7
1176990 1696.4
1177000 1696.4
1177010 1700.2
1177020 1704.0
1177030 1704.0
1177040 1707.3
1177050 1707.8
1177060 1707.8
1177070 1703.5
1177080 1702.9
1177090 1702.9
1177100 1700.1
1177110 1696.4
1177120 1696.4
1177130 1693.2
1177140 1689.5
1177150 1689.5
1177160 1687.1
1177170 1685.8
1177180 1685.8
1177190 1684.1
1177200 1681.6
1177210 1673.3
1177220 1673.3
1177230 1673.6
1177240 1673.6
1177250 1673.6
1177260 1677.5
1177270 1679.8
1177280 1679.8
1177290 1676.1
1177300 1677.4
1177310 1677.4
1177320 1671.5
1177330 1668.0
1177340 1668.0
1177350 1668.4
1177360 1672.6
1177370 1672.6
1177380 1677.6
1177390 1682.9
1177400 1682.9
1177410 1689.4
1177420 1699.0
1177430 1699.0
1177440 1711.9
1177450 1724.9
1177460 1724.9
1177470 1736.2
1177480 1746.6
1177490 1755.6
1177500 1755.6
1177510 1763.0
1177520 1769.4
1177530 1769.4
1177540 1774.3
1177550 1777.5
1177560 1777.5
1177570 1780.1
1177580 1783.8
1177590 1783.8
1177600 1787.5
1177610 1788.3
1177620 1776.2
1177630 1776.2
1177640 1779.1
1177650 1779.1
1177660 1785.7
1177670 1793.9
1177680 1793.9
1177690 1804.1
1177700 1813.9
1177710 1813.9
1177720 1822.8
1177730 1829.8
1177740 1829.8
1177750 1838.0
1177760 1846.5
1177770 1846.5
1177780 1853.2
1177790 1858.9
1177800 1864.4
1177810 1864.4
1177820 1869.4
1177830 1874.4
1177840 1874.4
1177850 1879.4
1177860 1882.6
1177870 1882.6
1177880 1886.0
1177890 1890.6
1177900 1890.6
1177910 1896.4
1177920 1903.1
1177930 1903.1
1177940 1910.1
1177950 1917.4
1177960 1917.4
1177970 1924.1
1177980 1931.0
1177990 1931.0
1178000 1938.6
1178010 1947.0
1178020 1947.0
1178030 1956.4
1178040 1967.2
1178050 1967.2
1178060 1971.2
1178070 1973.7
1178080 1977.2
1178090 1977.2
1178100 1981.2
1178110 1985.3
1178120 1985.3
1178130 1989.4
1178140 1993.8
1178150 1993.8
1178160 1999.0
1178170 2005.5
1178180 2005.5
1178190 2013.7
1178200 2020.4
1178210 2020.4
1178220 2026.6
1178230 2032.6
1178240 2032.6
1178250 2038.0
1178260 2041.8
1178270 2041.8
1178280 2045.5
1178290 2051.4
1178300 2051.4
1178310 2058.1
1178320 2064.6
1178330 2064.6
1178340 2070.1
1178350 2074.4
1178360 2078.5
1178370 2078.5
1178380 2081.9
1178390 2086.3
1178400 2086.3
1178410 2091.9
1178420 2097.3
1178430 2097.3
1178440 2101.9
1178450 2101.7
1178460 2101.7
1178470 2106.0
1178480 2111.1
1178490 2111.1
1178500 2116.5
1178510 2122.5
1178520 2122.5
1178530 2127.8
1178540 2134.4
1178550 2134.4
1178560 2143.0
1178570 2151.4
1178580 2151.4
1178590 2158.3
1178600 2165.2
1178610 2165.2
1178620 2172.3
1178630 2179.9
1178640 2188.1
1178650 2188.1
1178660 2196.4
1178670 2205.3
1178680 2205.3
1178690 2214.2
1178700 2223.3
1178710 2223.3
1178720 2232.3
1178730 2240.9
1178740 2240.9
1178750 2248.6
1178760 2256.1
1178770 2256.1
1178780 2263.7
1178790 2271.9
1178800 2271.9
1178810 2280.1
1178820 2288.3
1178830 2288.3
1178840 2297.3
1178850 2307.7
1178860 2307.7
1178870 2315.1
1178880 2321.6
1178890 2321.6
1178900 2328.1
1178910 2334.6
1178920 2334.6
1178930 2341.0
1178940 2347.6
1178950 2354.5
1178960 2354.5
1178970 2361.2
1178980 2368.1
1178990 2368.1
1179000 2375.0
1179010 2382.1
1179020 2382.1
1179030 2389.1
1179040 2396.1
1179050 2396.1
1179060 2402.4
1179070 2398.8
1179080 2398.8
1179090 2391.4
1179100 2385.9
1179110 2385.9
1179120 2377.6
1179130 2367.1
1179140 2367.1
1179150 2356.9
1179160 2346.9
1179170 2346.9
1179180 2340.1
1179190 2339.2
1179200 2339.2
1179210 2338.6
1179220 2338.3
1179230 2332.4
1179240 2332.4
1179250 2323.4
1179260 2315.2
1179270 2315.2
1179280 2306.6
1179290 2299.2
1179300 2299.2
1179310 2289.1
1179320 2281.0
1179330 2281.0
1179340 2273.3
1179350 2266.3
1179360 2266.3
1179370 2259.2
1179380 2250.2
1179390 2250.2
1179400 2241.8
1179410 2233.8
1179420 2233.8
1179430 2225.6
1179440 2216.4
1179450 2216.4
1179460 2206.7
1179470 2198.5
1179480 2198.5
1179490 2191.2
1179500 2184.8
1179510 2177.8
1179520 2177.8
1179530 2166.7
1179540 2156.5
1179550 2156.5
1179560 2146.7
1179570 2137.7
1179580 2137.7
1179590 2129.1
1179600 2120.8
1179610 2120.8
1179620 2113.9
1179630 2107.8
1179640 2107.8
1179650 2101.4
1179660 2094.9
1179670 2094.9
1179680 2087.4
1179690 2078.4
1179700 2076.0
1179710 2068.2
1179720 2059.3
1179730 2059.3
1179740 2051.9
1179750 2045.3
1179760 2045.3
1179770 2037.3
1179780 2029.6
1179790 2029.6
1179800 2023.5
1179810 2018.1
1179820 2011.4
1179830 2011.4
1179840 2005.0
1179850 2000.0
1179860 2000.0
1179870 1994.6
1179880 1988.9
1179890 1988.9
1179900 1982.4
1179910 1975.5
1179920 1975.5
1179930 1967.7
1179940 1959.1
1179950 1959.1
1179960 1950.1
1179970 1942.3
1179980 1942.3
1179990 1935.8
