1160000 1611.5
1160010 1607.1
1160020 1603.3
1160030 1603.3
1160040 1601.5
1160050 1599.0
1160060 1599.0
1160070 1602.6
1160080 1599.9
1160090 1599.9
1160100 1597.6
1160110 1595.1
1160120 1595.1
1160130 1591.7
1160140 1584.7
1160150 1584.7
1160160 1576.3
1160170 1570.5
1160180 1570.5
1160190 1565.3
1160200 1558.3
1160210 1551.8
1160220 1551.8
1160230 1549.7
1160240 1550.0
1160250 1550.0
1160260 1548.7
1160270 1558.4
1160280 1558.4
1160290 1573.4
1160300 1562.9
1160310 1562.9
1160320 1547.6
1160330 1542.0
1160340 1542.0
1160350 1532.8
1160360 1531.3
1160370 1531.3
1160380 1535.0
1160390 1527.3
1160400 1527.3
1160410 1511.0
1160420 1505.3
1160430 1505.3
1160440 1505.9
1160450 1497.9
1160460 1497.9
1160470 1490.8
1160480 1488.2
1160490 1477.6
1160500 1477.6
1160510 1462.6
1160520 1454.5
1160530 1454.5
1160540 1449.7
1160550 1444.5
1160560 1444.5
1160570 1433.8
1160580 1419.3
1160590 1419.3
1160600 1404.9
1160610 1397.2
1160620 1397.2
1160630 1398.8
1160640 1404.3
1160650 1404.3
1160660 1408.0
1160670 1411.0
1160680 1411.0
1160690 1415.0
1160700 1416.6
1160710 1416.6
1160720 1412.6
1160730 1411.8
1160740 1411.8
1160750 1412.9
1160760 1415.4
1160770 1415.4
1160780 1415.5
1160790 1413.8
1160800 1410.9
1160810 1410.9
1160820 1406.2
1160830 1400.8
1160840 1400.8
1160850 1394.7
1160860 1395.9
1160870 1395.9
1160880 1389.9
1160890 1380.5
1160900 1380.5
1160910 1375.5
1160920 1375.0
1160930 1375.0
1160940 1377.3
1160950 1375.4
1160960 1375.4
1160970 1372.7
1160980 1371.7
1160990 1371.7
1161000 1368.7
1161010 1364.6
1161020 1364.6
1161030 1360.8
1161040 1357.3
1161050 1357.3
1161060 1351.2
1161070 1343.8
1161080 1343.8
1161090 1341.9
1161100 1339.0
1161110 1339.0
1161120 1339.0
1161130 1340.2
1161140 1338.2
1161150 1338.2
1161160 1334.3
1161170 1328.4
1161180 1328.4
1161190 1326.6
1161200 1326.7
1161210 1326.7
1161220 1324.7
1161230 1321.4
1161240 1321.4
1161250 1322.2
1161260 1319.2
1161270 1319.2
1161280 1316.5
1161290 1314.7
1161300 1314.7
1161310 1315.5
1161320 1315.6
1161330 1315.6
1161340 1316.9
1161350 1317.3
1161360 1317.3
1161370 1316.4
1161380 1315.2
1161390 1312.2
1161400 1312.2
1161410 1306.1
1161420 1298.7
1161430 1298.7
1161440 1298.0
1161450 1299.4
1161460 1299.4
1161470 1297.1
1161480 1293.5
1161490 1293.5
1161500 1289.7
1161510 1285.9
1161520 1285.9
1161530 1282.6
1161540 1280.2
1161550 1280.2
1161560 1277.2
1161570 1273.1
1161580 1273.1
1161590 1269.0
1161600 1265.9
1161610 1265.9
1161620 1263.3
1161630 1260.6
1161640 1260.6
1161650 1263.0
1161660 1259.4
1161670 1259.4
1161680 1256.3
1161690 1254.0
1161700 1251.8
1161710 1251.8
1161720 1249.6
1161730 1247.6
1161740 1247.6
1161750 1245.5
1161760 1243.3
1161770 1243.3
1161780 1242.2
1161790 1242.0
1161800 1242.0
1161810 1240.2
1161820 1236.8
1161830 1236.8
1161840 1232.6
1161850 1229.2
1161860 1229.2
1161870 1224.6
1161880 1217.7
1161890 1217.7
1161900 1211.3
1161910 1203.9
1161920 1203.9
1161930 1194.1
1161940 1189.6
1161950 1189.6
1161960 1189.2
1161970 1188.9
1161980 1189.1
1161990 1189.1
1162000 1189.2
1162010 1186.4
1162020 1186.4
1162030 1183.8
1162040 1188.0
1162050 1188.0
1162060 1202.7
1162070 1208.2
1162080 1208.2
1162090 1211.4
1162100 1219.2
1162110 1219.2
1162120 1226.8
1162130 1234.8
1162140 1234.8
1162150 1241.8
1162160 1247.7
1162170 1247.7
1162180 1253.0
1162190 1257.9
1162200 1257.9
1162210 1260.9
1162220 1262.4
1162230 1262.4
1162240 1264.1
1162250 1266.3
1162260 1266.3
1162270 1268.6
1162280 1271.6
1162290 1276.2
1162300 1276.2
1162310 1279.8
1162320 1280.6
1162330 1280.6
1162340 1279.9
1162350 1280.6
1162360 1280.6
1162370 1281.3
1162380 1278.6
1162390 1278.6
1162400 1272.8
1162410 1264.7
1162420 1264.7
1162430 1251.3
1162440 1226.5
1162450 1226.5
1162460 1234.1
1162470 1251.9
1162480 1251.9
1162490 1265.3
1162500 1271.8
1162510 1271.8
1162520 1275.3
1162530 1277.8
1162540 1277.8
1162550 1280.3
1162560 1285.2
1162570 1291.0
1162580 1291.0
1162590 1296.3
1162600 1300.4
1162610 1300.4
1162620 1301.4
1162630 1300.0
1162640 1300.0
1162650 1300.4
1162660 1300.6
1162670 1300.6
1162680 1300.1
1162690 1299.5
1162700 1299.5
1162710 1298.2
1162720 1295.8
1162730 1295.8
1162740 1292.8
1162750 1292.8
1162760 1292.8
1162770 1294.0
1162780 1292.9
1162790 1292.9
1162800 1290.8
1162810 1288.1
1162820 1288.1
1162830 1284.9
1162840 1277.9
1162850 1277.9
1162860 1276.8
1162870 1276.2
1162880 1275.0
1162890 1275.0
1162900 1274.5
1162910 1273.5
1162920 1273.5
1162930 1271.6
1162940 1269.2
1162950 1269.2
1162960 1267.5
1162970 1266.7
1162980 1266.7
1162990 1266.4
1163000 1266.6
1163010 1266.6
1163020 1266.8
1163030 1267.4
1163040 1267.4
1163050 1267.8
1163060 1267.6
1163070 1267.6
1163080 1267.5
1163090 1267.6
1163100 1267.6
1163110 1267.7
1163120 1267.3
1163130 1267.3
1163140 1267.4
1163150 1268.3
1163160 1268.3
1163170 1268.3
1163180 1267.6
1163190 1269.1
1163200 1269.1
1163210 1270.4
1163220 1268.0
1163230 1263.4
1163240 1262.2
1163250 1263.8
1163260 1263.8
1163270 1265.2
1163280 1265.8
1163290 1265.8
1163300 1266.6
1163310 1268.7
1163320 1268.7
1163330 1268.4
1163340 1267.3
1163350 1267.3
1163360 1267.0
1163370 1267.1
1163380 1267.1
1163390 1267.5
1163400 1267.7
1163410 1267.7
1163420 1267.6
1163430 1267.6
1163440 1267.6
1163450 1267.5
1163460 1267.7
1163470 1268.0
1163480 1268.0
1163490 1268.3
1163500 1268.1
1163510 1268.1
1163520 1266.8
1163530 1264.8
1163540 1264.8
1163550 1263.1
1163560 1261.5
1163570 1261.5
1163580 1260.8
1163590 1260.0
1163600 1260.0
1163610 1259.1
1163620 1258.8
1163630 1253.0
1163640 1253.1
1163650 1252.2
1163660 1252.2
1163670 1251.4
1163680 1251.0
1163690 1251.0
1163700 1250.2
1163710 1250.1
1163720 1250.1
1163730 1250.7
1163740 1250.5
1163750 1250.5
1163760 1249.7
1163770 1249.4
1163780 1249.5
1163790 1249.5
1163800 1249.9
1163810 1249.4
1163820 1249.4
1163830 1248.6
1163840 1247.4
1163850 1247.4
1163860 1246.0
1163870 1243.5
1163880 1243.5
1163890 1242.7
1163900 1242.9
1163910 1242.9
1163920 1243.5
1163930 1244.7
1163940 1244.7
1163950 1245.6
1163960 1245.5
1163970 1245.5
1163980 1244.3
1163990 1242.8
1164000 1242.8
1164010 1241.4
1164020 1240.0
1164030 1235.6
1164040 1233.4
1164050 1230.8
1164060 1229.1
1164070 1229.1
1164080 1227.3
1164090 1225.0
1164100 1225.0
1164110 1222.6
1164120 1221.1
1164130 1221.1
1164140 1219.9
1164150 1219.0
1164160 1219.0
1164170 1218.3
1164180 1218.0
1164190 1218.0
1164200 1217.8
1164210 1217.7
1164220 1217.7
1164230 1218.0
1164240 1218.2
1164250 1218.2
1164260 1218.0
1164270 1217.0
1164280 1217.0
1164290 1216.1
1164300 1215.1
1164310 1215.1
1164320 1214.7
1164330 1214.9
1164340 1214.9
1164350 1214.8
1164360 1215.1
1164370 1214.6
1164380 1214.6
1164390 1214.1
1164400 1214.1
1164410 1214.1
1164420 1213.8
1164430 1210.3
1164440 1210.3
1164450 1211.5
1164460 1212.2
1164470 1212.2
1164480 1212.1
1164490 1210.0
1164500 1210.0
1164510 1206.3
1164520 1202.3
1164530 1202.3
1164540 1199.6
1164550 1197.8
1164560 1197.8
1164570 1195.7
1164580 1192.9
1164590 1192.9
1164600 1190.1
1164610 1187.1
1164620 1187.1
1164630 1184.9
1164640 1183.3
1164650 1181.9
1164660 1181.9
1164670 1180.4
1164680 1178.4
1164690 1178.4
1164700 1176.5
1164710 1175.7
1164720 1175.7
1164730 1174.8
1164740 1170.8
1164750 1170.8
1164760 1161.9
1164770 1157.5
1164780 1157.5
1164790 1152.9
1164800 1149.3
1164810 1149.3
1164820 1146.3
1164830 1135.7
1164840 1135.7
1164850 1132.2
1164860 1129.6
1164870 1129.6
1164880 1128.6
1164890 1128.2
1164900 1128.2
1164910 1126.6
1164920 1125.5
1164930 1125.5
1164940 1124.7
1164950 1123.9
1164960 1121.8
1164970 1121.8
1164980 1119.0
1164990 1117.0
1165000 1117.0
1165010 1116.2
1165020 1115.2
1165030 1115.2
1165040 1113.4
1165050 1111.5
1165060 1111.5
1165070 1109.6
1165080 1107.7
1165090 1107.7
1165100 1106.0
1165110 1104.6
1165120 1104.6
1165130 1103.1
1165140 1101.7
1165150 1101.7
1165160 1099.9
1165170 1097.9
1165180 1097.9
1165190 1096.8
1165200 1095.7
1165210 1095.7
1165220 1090.4
1165230 1087.9
1165240 1084.6
1165250 1084.6
1165260 1081.5
1165270 1079.6
1165280 1079.6
1165290 1077.8
1165300 1074.6
1165310 1074.6
1165320 1071.2
1165330 1067.5
1165340 1067.5
1165350 1066.4
1165360 1066.0
1165370 1066.0
1165380 1065.7
1165390 1063.5
1165400 1063.5
1165410 1063.0
1165420 1062.0
1165430 1062.0
1165440 1059.4
1165450 1058.4
1165460 1058.4
1165470 1059.1
1165480 1061.8
1165490 1061.8
1165500 1063.5
1165510 1063.8
1165520 1063.8
1165530 1062.7
1165540 1061.5
1165550 1061.1
1165560 1061.1
1165570 1059.0
1165580 1057.1
1165590 1057.1
1165600 1058.1
1165610 1058.2
1165620 1058.2
1165630 1059.1
1165640 1061.4
1165650 1061.4
1165660 1064.4
1165670 1062.7
1165680 1062.7
1165690 1061.8
1165700 1062.7
1165710 1062.7
1165720 1058.1
1165730 1058.1
1165740 1058.1
1165750 1059.0
1165760 1062.3
1165770 1062.3
1165780 1064.0
1165790 1066.4
1165800 1066.4
1165810 1068.0
1165820 1070.9
1165830 1070.9
1165840 1073.8
1165850 1075.7
1165860 1077.9
1165870 1077.9
1165880 1080.1
1165890 1080.7
1165900 1080.7
1165910 1084.8
1165920 1090.6
1165930 1090.6
1165940 1091.9
1165950 1098.6
1165960 1098.6
1165970 1105.3
1165980 1108.7
1165990 1108.7
1166000 1108.9
1166010 1112.5
1166020 1123.6
1166030 1130.3
1166040 1137.2
1166050 1137.2
1166060 1141.4
1166070 1146.6
1166080 1146.6
1166090 1151.9
1166100 1155.9
1166110 1155.9
1166120 1159.8
1166130 1164.0
1166140 1167.3
1166150 1167.3
1166160 1169.3
1166170 1172.2
1166180 1172.2
1166190 1175.3
1166200 1177.9
1166210 1177.9
1166220 1180.3
1166230 1182.5
1166240 1182.5
1166250 1185.4
1166260 1187.1
1166270 1187.1
1166280 1191.1
1166290 1195.6
1166300 1195.6
1166310 1198.5
1166320 1201.4
1166330 1201.4
1166340 1204.7
1166350 1207.8
1166360 1207.8
1166370 1210.9
1166380 1213.8
1166390 1213.8
1166400 1214.8
1166410 1214.6
1166420 1214.6
1166430 1214.4
1166440 1214.1
1166450 1214.3
1166460 1214.3
1166470 1215.6
1166480 1217.8
1166490 1217.8
1166500 1218.3
1166510 1217.1
1166520 1217.1
1166530 1213.3
1166540 1210.7
1166550 1210.7
1166560 1207.8
1166570 1207.2
1166580 1207.2
1166590 1202.3
1166600 1190.9
1166610 1190.9
1166620 1185.3
1166630 1180.6
1166640 1180.6
1166650 1176.4
1166660 1171.9
1166670 1171.9
1166680 1165.4
1166690 1158.5
1166700 1158.5
1166710 1159.0
1166720 1165.2
1166730 1171.4
1166740 1171.4
1166750 1175.5
1166760 1179.1
1166770 1179.1
1166780 1181.6
1166790 1184.2
1166800 1184.2
1166810 1186.0
1166820 1187.8
1166830 1198.2
1166840 1200.8
1166850 1205.9
1166860 1205.9
1166870 1219.2
1166880 1223.3
1166890 1223.3
1166900 1224.4
1166910 1225.2
1166920 1225.2
1166930 1226.7
1166940 1227.7
1166950 1227.7
1166960 1228.0
1166970 1226.2
1166980 1226.2
1166990 1226.1
1167000 1230.1
1167010 1230.1
1167020 1232.0
1167030 1232.0
1167040 1230.6
1167050 1230.6
1167060 1227.7
1167070 1225.8
1167080 1225.8
1167090 1224.7
1167100 1222.7
1167110 1222.7
1167120 1222.9
1167130 1220.3
1167140 1220.3
1167150 1230.0
1167160 1234.1
1167170 1234.1
1167180 1235.7
1167190 1235.6
1167200 1235.6
1167210 1233.6
1167220 1230.2
1167230 1235.2
1167240 1236.8
1167250 1238.6
1167260 1238.6
1167270 1241.5
1167280 1243.7
1167290 1243.7
1167300 1245.0
1167310 1246.4
1167320 1247.1
1167330 1247.1
1167340 1247.1
1167350 1247.9
1167360 1247.9
1167370 1248.9
1167380 1250.8
1167390 1250.8
1167400 1252.0
1167410 1252.7
1167420 1252.7
1167430 1252.9
1167440 1252.4
1167450 1252.4
1167460 1252.1
1167470 1253.0
1167480 1253.0
1167490 1252.7
1167500 1254.4
1167510 1254.4
1167520 1256.1
1167530 1257.4
1167540 1257.4
1167550 1258.3
1167560 1259.0
1167570 1259.0
1167580 1260.9
1167590 1263.7
1167600 1263.7
1167610 1265.4
1167620 1266.4
1167630 1270.8
1167640 1270.8
1167650 1272.4
1167660 1272.3
1167670 1272.3
1167680 1271.2
1167690 1270.2
1167700 1270.2
1167710 1269.9
1167720 1270.4
1167730 1270.4
1167740 1271.5
1167750 1273.6
1167760 1273.6
1167770 1276.4
1167780 1279.3
1167790 1279.3
1167800 1281.9
1167810 1279.3
1167820 1279.3
1167830 1271.6
1167840 1263.9
1167850 1263.9
1167860 1255.1
1167870 1257.4
1167880 1257.4
1167890 1266.4
1167900 1275.1
1167910 1285.1
1167920 1285.1
1167930 1294.1
1167940 1299.2
1167950 1299.2
1167960 1303.3
1167970 1307.5
1167980 1307.5
1167990 1311.8
1168000 1315.4
1168010 1315.4
1168020 1318.4
1168030 1322.2
1168040 1322.2
1168050 1319.6
1168060 1319.2
1168070 1319.2
1168080 1319.2
1168090 1319.7
1168100 1319.7
1168110 1318.2
1168120 1314.4
1168130 1314.4
1168140 1316.8
1168150 1321.5
1168160 1321.5
1168170 1326.0
1168180 1330.7
1168190 1330.7
1168200 1335.0
1168210 1339.2
1168220 1344.2
1168230 1344.2
1168240 1348.3
1168250 1349.0
1168260 1349.0
1168270 1350.4
1168280 1354.0
1168290 1354.0
1168300 1358.5
1168310 1363.7
1168320 1363.7
1168330 1363.7
1168340 1360.2
1168350 1360.2
1168360 1357.3
1168370 1355.2
1168380 1355.2
1168390 1354.5
1168400 1352.7
1168410 1352.7
1168420 1352.8
1168430 1353.9
1168440 1358.6
1168450 1359.9
1168460 1361.7
1168470 1361.7
1168480 1363.1
1168490 1364.0
1168500 1364.0
1168510 1365.6
1168520 1369.4
1168530 1373.7
1168540 1373.7
1168550 1377.3
1168560 1379.5
1168570 1379.5
1168580 1379.2
1168590 1381.3
1168600 1381.3
1168610 1385.2
1168620 1387.9
1168630 1387.9
1168640 1389.7
1168650 1390.6
1168660 1390.6
1168670 1390.9
1168680 1391.0
1168690 1391.0
1168700 1390.4
1168710 1388.6
1168720 1388.6
1168730 1386.4
1168740 1384.1
1168750 1384.1
1168760 1381.6
1168770 1377.9
1168780 1377.9
1168790 1372.4
1168800 1370.2
1168810 1367.6
1168820 1367.6
1168830 1363.1
1168840 1357.6
1168850 1357.6
1168860 1353.7
1168870 1357.1
1168880 1357.1
1168890 1361.8
1168900 1363.0
1168910 1363.0
1168920 1361.9
1168930 1361.2
1168940 1361.2
1168950 1360.2
1168960 1359.9
1168970 1359.9
1168980 1358.6
1168990 1359.0
1169000 1359.0
1169010 1358.4
1169020 1359.2
1169030 1359.2
1169040 1359.2
1169050 1359.3
1169060 1359.3
1169070 1358.2
1169080 1354.8
1169090 1354.8
1169100 1349.3
1169110 1342.7
1169120 1345.3
1169130 1345.3
1169140 1341.7
1169150 1343.5
1169160 1343.5
1169170 1350.5
1169180 1353.1
1169190 1353.1
1169200 1353.2
1169210 1352.1
1169220 1352.1
1169230 1353.8
1169240 1362.2
1169250 1362.2
1169260 1360.3
1169270 1357.9
1169280 1357.9
1169290 1355.8
1169300 1353.0
1169310 1353.0
1169320 1349.4
1169330 1344.0
1169340 1344.0
1169350 1334.6
1169360 1323.7
1169370 1323.7
1169380 1309.4
1169390 1298.6
1169400 1290.3
1169410 1290.3
1169420 1283.1
1169430 1275.6
1169440 1275.6
1169450 1269.4
1169460 1270.0
1169470 1270.0
1169480 1273.6
1169490 1280.8
1169500 1280.8
1169510 1288.8
1169520 1295.9
1169530 1295.9
1169540 1296.9
1169550 1291.5
1169560 1291.5
1169570 1284.6
1169580 1282.8
1169590 1282.8
1169600 1285.5
1169610 1288.4
1169620 1288.4
1169630 1292.5
1169640 1291.9
1169650 1298.3
1169660 1293.8
1169670 1288.3
1169680 1288.3
1169690 1283.9
1169700 1291.8
1169710 1301.1
1169720 1301.1
1169730 1306.8
1169740 1310.3
1169750 1310.3
1169760 1311.0
1169770 1309.7
1169780 1309.7
1169790 1307.6
1169800 1305.4
1169810 1305.4
1169820 1306.4
1169830 1305.8
1169840 1305.8
1169850 1306.7
1169860 1307.3
1169870 1307.3
1169880 1306.6
1169890 1307.1
1169900 1307.1
1169910 1306.3
1169920 1304.5
1169930 1304.5
1169940 1304.9
1169950 1305.7
1169960 1305.7
1169970 1304.3
1169980 1302.7
1169990 1303.2
1170000 1303.2
1170010 1304.4
1170020 1305.4
1170030 1305.4
1170040 1304.8
1170050 1303.5
1170060 1303.5
1170070 1307.2
1170080 1308.2
1170090 1308.2
1170100 1312.3
1170110 1314.5
1170120 1314.5
1170130 1316.8
1170140 1318.4
1170150 1318.4
1170160 1318.1
1170170 1316.8
1170180 1316.8
1170190 1315.3
1170200 1314.6
1170210 1314.6
1170220 1314.4
1170230 1314.8
1170240 1314.8
1170250 1311.5
1170260 1315.7
1170270 1315.7
1170280 1319.4
1170290 1321.5
1170300 1323.4
1170310 1323.4
1170320 1325.0
1170330 1325.6
1170340 1325.6
1170350 1325.3
1170360 1324.3
1170370 1324.3
1170380 1323.1
1170390 1322.6
1170400 1322.6
1170410 1321.3
1170420 1319.0
1170430 1319.0
1170440 1319.5
1170450 1317.7
1170460 1331.6
1170470 1328.4
1170480 1323.3
1170490 1323.3
1170500 1317.0
1170510 1309.8
1170520 1309.8
1170530 1301.6
1170540 1293.2
1170550 1293.2
1170560 1284.3
1170570 1274.3
1170580 1266.1
1170590 1266.1
1170600 1264.2
1170610 1270.2
1170620 1270.2
1170630 1279.1
1170640 1286.6
1170650 1286.6
1170660 1288.6
1170670 1287.8
1170680 1287.8
1170690 1286.1
1170700 1284.3
1170710 1284.3
1170720 1282.4
1170730 1280.4
1170740 1280.4
1170750 1278.7
1170760 1276.1
1170770 1276.1
1170780 1273.9
1170790 1272.0
1170800 1272.0
1170810 1269.6
1170820 1266.3
1170830 1266.3
1170840 1262.6
1170850 1258.6
1170860 1264.8
1170870 1260.8
1170880 1257.2
1170890 1254.6
1170900 1254.6
1170910 1251.9
1170920 1249.9
1170930 1249.9
1170940 1247.8
1170950 1246.0
1170960 1246.0
1170970 1243.0
1170980 1237.1
1170990 1237.1
1171000 1229.3
1171010 1223.2
1171020 1223.2
1171030 1226.0
1171040 1232.6
1171050 1232.6
1171060 1236.1
1171070 1236.9
1171080 1236.9
1171090 1237.1
1171100 1237.8
1171110 1237.8
1171120 1237.8
1171130 1236.9
1171140 1236.9
1171150 1235.6
1171160 1234.4
1171170 1233.1
1171180 1233.1
1171190 1232.7
1171200 1233.4
1171210 1233.4
1171220 1232.4
1171230 1225.8
1171240 1225.8
1171250 1217.5
1171260 1219.0
1171270 1223.4
1171280 1228.9
1171290 1234.3
1171300 1234.3
1171310 1238.8
1171320 1241.0
1171330 1241.0
1171340 1243.5
1171350 1246.0
1171360 1246.0
1171370 1248.1
1171380 1248.9
1171390 1248.9
1171400 1248.6
1171410 1246.8
1171420 1246.8
1171430 1245.3
1171440 1245.8
1171450 1245.8
1171460 1246.0
1171470 1246.0
1171480 1246.1
1171490 1246.1
1171500 1246.2
1171510 1247.1
1171520 1247.1
1171530 1248.3
1171540 1248.4
1171550 1248.4
1171560 1247.9
1171570 1248.3
1171580 1248.3
1171590 1249.3
1171600 1249.9
1171610 1249.9
1171620 1250.2
1171630 1250.6
1171640 1250.6
1171650 1251.1
1171660 1250.6
1171670 1250.6
1171680 1255.2
1171690 1255.9
1171700 1255.9
1171710 1255.4
1171720 1254.2
1171730 1254.2
1171740 1252.9
1171750 1251.8
1171760 1251.8
1171770 1252.5
1171780 1253.5
1171790 1253.6
1171800 1253.6
1171810 1253.1
1171820 1253.1
1171830 1253.1
1171840 1253.4
1171850 1254.4
1171860 1254.4
1171870 1252.7
1171880 1249.8
1171890 1249.8
1171900 1250.0
1171910 1250.7
1171920 1250.7
1171930 1251.4
1171940 1253.8
1171950 1253.8
1171960 1257.4
1171970 1258.0
1171980 1258.0
1171990 1257.6
1172000 1256.8
1172010 1256.8
1172020 1257.4
1172030 1260.4
1172040 1260.4
1172050 1263.1
1172060 1265.9
1172070 1267.0
1172080 1267.0
1172090 1268.1
1172100 1269.5
1172110 1269.5
1172120 1269.1
1172130 1266.0
1172140 1266.0
1172150 1261.9
1172160 1256.8
1172170 1256.8
1172180 1252.1
1172190 1247.5
1172200 1247.5
1172210 1244.2
1172220 1243.4
1172230 1243.4
1172240 1242.9
1172250 1240.1
1172260 1240.1
1172270 1236.8
1172280 1235.4
1172290 1235.4
1172300 1234.5
1172310 1234.1
1172320 1234.1
1172330 1233.1
1172340 1234.5
1172350 1234.5
1172360 1233.7
1172370 1229.4
1172380 1223.3
1172390 1223.3
1172400 1217.2
1172410 1211.2
1172420 1211.2
1172430 1205.2
1172440 1199.3
1172450 1199.3
1172460 1193.3
1172470 1187.1
1172480 1187.1
1172490 1182.3
1172500 1176.3
1172510 1176.3
1172520 1171.1
1172530 1167.3
1172540 1167.3
1172550 1164.0
1172560 1160.0
1172570 1160.0
1172580 1156.2
1172590 1151.7
1172600 1151.7
1172610 1147.0
1172620 1142.4
1172630 1142.4
1172640 1137.6
1172650 1132.7
1172660 1128.5
1172670 1128.5
1172680 1125.1
1172690 1122.2
1172700 1122.2
1172710 1119.7
1172720 1115.8
1172730 1115.8
1172740 1112.1
1172750 1108.9
1172760 1108.9
1172770 1104.1
1172780 1099.4
1172790 1099.4
1172800 1095.3
1172810 1091.0
1172820 1091.0
1172830 1086.9
1172840 1082.7
1172850 1082.7
1172860 1079.3
1172870 1076.1
1172880 1076.1
1172890 1073.2
1172900 1070.9
1172910 1070.9
1172920 1068.7
1172930 1065.8
1172940 1065.8
1172950 1062.7
1172960 1060.0
1172970 1057.3
1172980 1057.3
1172990 1054.6
1173000 1051.7
1173010 1051.7
1173020 1048.2
1173030 1044.4
1173040 1044.4
1173050 1043.3
1173060 1040.5
1173070 1040.5
1173080 1036.9
1173090 1033.9
1173100 1033.9
1173110 1030.9
1173120 1028.1
1173130 1028.1
1173140 1025.6
1173150 1023.2
1173160 1023.2
1173170 1020.5
1173180 1017.5
1173190 1017.5
1173200 1013.7
1173210 1010.1
1173220 1010.1
1173230 1007.0
1173240 1004.2
1173250 1001.7
1173260 1001.7
1173270 999.0
1173280 997.1
1173290 997.1
1173300 994.5
1173310 991.8
1173320 991.8
1173330 986.5
1173340 982.6
1173350 982.6
1173360 980.2
1173370 977.8
1173380 977.8
1173390 975.8
1173400 973.7
1173410 973.7
1173420 971.7
1173430 969.9
1173440 969.9
1173450 968.2
1173460 966.9
1173470 966.9
1173480 965.8
1173490 964.7
1173500 964.7
1173510 963.9
1173520 964.3
1173530 964.3
1173540 967.2
1173550 971.7
1173560 972.2
1173570 972.2
1173580 970.6
1173590 971.4
1173600 971.4
1173610 972.5
1173620 971.9
1173630 971.9
1173640 968.1
1173650 964.7
1173660 964.7
1173670 961.0
1173680 959.0
1173690 959.0
1173700 956.7
1173710 955.0
1173720 953.8
1173730 953.3
1173740 952.4
1173750 952.4
1173760 951.1
1173770 950.4
1173780 950.4
1173790 951.0
1173800 951.4
1173810 951.4
1173820 951.5
1173830 951.6
1173840 951.7
1173850 951.7
1173860 951.5
1173870 951.1
1173880 951.1
1173890 951.4
1173900 951.2
1173910 951.2
1173920 951.5
1173930 951.6
1173940 951.6
1173950 950.9
1173960 950.9
1173970 950.9
1173980 951.4
1173990 951.7
1174000 951.7
1174010 951.4
1174020 951.3
1174030 951.3
1174040 951.3
1174050 951.1
1174060 951.1
1174070 951.3
1174080 951.3
1174090 951.3
1174100 951.4
1174110 951.4
1174120 951.4
1174130 951.6
1174140 951.7
1174150 951.5
1174160 951.5
1174170 950.4
1174180 948.9
1174190 948.9
1174200 948.8
1174210 949.1
1174220 949.1
1174230 949.6
1174240 949.7
1174250 949.7
1174260 949.5
1174270 949.2
1174280 949.2
1174290 948.8
1174300 948.6
1174310 948.6
1174320 948.6
1174330 949.5
1174340 949.5
1174350 950.8
1174360 950.8
1174370 950.8
1174380 950.7
1174390 950.7
1174400 950.7
1174410 950.7
1174420 950.6
1174430 950.6
1174440 950.6
1174450 950.7
1174460 950.6
1174470 950.6
1174480 950.6
1174490 950.4
1174500 950.4
1174510 950.4
1174520 950.4
1174530 950.4
1174540 951.7
1174550 956.3
1174560 956.3
1174570 959.3
1174580 965.6
1174590 965.6
1174600 971.6
1174610 977.2
1174620 977.2
1174630 983.1
1174640 989.0
1174650 989.0
1174660 995.5
1174670 1002.9
1174680 1002.9
1174690 1011.4
1174700 1018.6
1174710 1018.6
1174720 1025.3
1174730 1031.1
1174740 1037.0
1174750 1037.0
1174760 1043.2
1174770 1049.2
1174780 1049.2
1174790 1055.1
1174800 1061.4
1174810 1061.4
1174820 1068.2
1174830 1075.5
1174840 1075.5
1174850 1082.6
1174860 1089.6
1174870 1089.6
1174880 1095.7
1174890 1101.3
1174900 1101.3
1174910 1106.5
1174920 1111.6
1174930 1111.6
1174940 1117.1
1174950 1123.3
1174960 1123.3
1174970 1128.1
1174980 1133.9
1174990 1133.9
1175000 1139.7
1175010 1145.3
1175020 1150.6
1175030 1150.6
1175040 1156.2
1175050 1162.1
1175060 1162.1
1175070 1168.3
1175080 1174.7
1175090 1174.7
1175100 1181.2
1175110 1187.6
1175120 1187.6
1175130 1193.7
1175140 1200.3
1175150 1200.3
1175160 1206.6
1175170 1213.0
1175180 1213.0
1175190 1219.3
1175200 1226.4
1175210 1226.4
1175220 1236.2
1175230 1245.3
1175240 1245.3
1175250 1249.2
1175260 1258.8
1175270 1258.8
1175280 1268.6
1175290 1274.9
1175300 1274.9
1175310 1278.5
1175320 1283.1
1175330 1288.5
1175340 1288.5
1175350 1293.6
1175360 1297.6
1175370 1296.4
1175380 1302.1
1175390 1307.7
1175400 1307.7
1175410 1314.5
1175420 1324.2
1175430 1324.2
1175440 1331.5
1175450 1337.6
1175460 1337.6
1175470 1344.6
1175480 1353.3
1175490 1353.3
1175500 1365.6
1175510 1376.3
1175520 1376.3
1175530 1385.5
1175540 1394.5
1175550 1394.5
1175560 1405.5
1175570 1415.1
1175580 1415.1
1175590 1421.7
1175600 1427.8
1175610 1439.7
1175620 1439.7
1175630 1451.1
1175640 1455.6
1175650 1455.6
1175660 1457.4
1175670 1457.6
1175680 1457.6
1175690 1458.4
1175700 1460.2
1175710 1460.2
1175720 1465.9
1175730 1470.4
1175740 1470.4
1175750 1471.6
1175760 1472.7
1175770 1472.7
1175780 1480.8
1175790 1482.7
1175800 1482.7
1175810 1486.0
1175820 1490.9
1175830 1490.9
1175840 1497.3
1175850 1505.3
1175860 1505.3
1175870 1513.6
1175880 1524.3
1175890 1524.3
1175900 1545.7
1175910 1561.0
1175920 1564.6
1175930 1564.6
1175940 1566.0
1175950 1569.4
1175960 1569.4
1175970 1572.7
1175980 1575.9
1175990 1575.9
1176000 1577.0
1176010 1577.0
1176020 1577.0
1176030 1580.1
1176040 1579.9
1176050 1579.9
1176060 1576.6
1176070 1575.6
1176080 1575.6
1176090 1571.5
1176100 1566.4
1176110 1566.4
1176120 1561.5
1176130 1560.9
1176140 1560.9
1176150 1563.6
1176160 1565.6
1176170 1565.6
1176180 1566.9
1176190 1567.1
1176200 1568.3
1176210 1568.3
1176220 1570.3
1176230 1572.8
1176240 1572.8
1176250 1575.5
1176260 1577.8
1176270 1577.8
1176280 1580.2
1176290 1583.2
1176300 1583.2
1176310 1585.7
1176320 1587.9
1176330 1587.9
1176340 1590.9
1176350 1594.4
1176360 1594.4
1176370 1598.9
1176380 1604.5
1176390 1604.5
1176400 1609.8
1176410 1614.9
1176420 1614.9
1176430 1619.8
1176440 1624.4
1176450 1624.4
1176460 1628.5
1176470 1632.5
1176480 1632.5
1176490 1636.2
1176500 1639.8
1176510 1642.3
1176520 1642.3
1176530 1641.3
1176540 1640.1
1176550 1640.1
1176560 1639.3
1176570 1641.0
1176580 1641.0
1176590 1641.5
1176600 1641.0
1176610 1645.4
1176620 1645.7
1176630 1647.4
1176640 1647.4
1176650 1649.2
1176660 1650.9
1176670 1650.9
1176680 1653.2
1176690 1656.3
1176700 1656.3
1176710 1660.0
1176720 1664.0
1176730 1664.0
1176740 1667.1
1176750 1669.7
1176760 1669.7
1176770 1672.4
1176780 1675.4
1176790 1679.5
1176800 1679.5
1176810 1681.9
1176820 1683.5
1176830 1683.5
1176840 1685.6
1176850 1689.6
1176860 1689.6
1176870 1692.9
1176880 1696.4
1176890 1696.4
1176900 1698.4
1176910 1702.4
1176920 1702.4
1176930 1707.1
1176940 1711.6
1176950 1711.6
1176960 1716.0
1176970 1720.7
1176980 1720.7
1176990 1725.4
1177000 1730.7
1177010 1730.7
1177020 1739.9
1177030 1744.8
1177040 1744.8
1177050 1748.7
1177060 1752.3
1177070 1752.3
1177080 1754.5
1177090 1754.0
1177100 1757.7
1177110 1757.7
1177120 1761.7
1177130 1763.1
1177140 1763.1
1177150 1764.7
1177160 1768.3
1177170 1768.3
1177180 1773.5
1177190 1779.4
1177200 1779.4
1177210 1786.1
1177220 1792.5
1177230 1792.5
1177240 1798.7
1177250 1805.2
1177260 1805.2
1177270 1812.1
1177280 1818.9
1177290 1818.9
1177300 1822.8
1177310 1827.7
1177320 1827.7
1177330 1833.1
1177340 1839.3
1177350 1839.3
1177360 1846.8
1177370 1854.7
1177380 1854.7
1177390 1862.4
1177400 1871.0
1177410 1877.6
1177420 1877.6
1177430 1879.4
1177440 1885.3
1177450 1885.3
1177460 1893.0
1177470 1899.8
1177480 1899.8
1177490 1906.7
1177500 1914.3
1177510 1914.3
1177520 1922.1
1177530 1930.2
1177540 1930.2
1177550 1938.3
1177560 1944.4
1177570 1944.4
1177580 1941.9
1177590 1935.3
1177600 1935.3
1177610 1928.4
1177620 1922.2
1177630 1922.2
1177640 1916.4
1177650 1910.6
1177660 1910.6
1177670 1904.4
1177680 1897.2
1177690 1890.8
1177700 1890.8
1177710 1884.5
1177720 1878.5
1177730 1878.5
1177740 1873.5
1177750 1869.6
1177760 1869.6
1177770 1867.3
1177780 1864.8
1177790 1864.8
1177800 1861.3
1177810 1856.7
1177820 1856.7
1177830 1851.1
1177840 1845.9
1177850 1848.3
1177860 1842.7
1177870 1836.6
1177880 1836.6
1177890 1830.0
1177900 1823.4
1177910 1823.4
1177920 1816.8
1177930 1809.5
1177940 1809.5
1177950 1801.2
1177960 1793.3
1177970 1793.3
1177980 1786.3
1177990 1777.3
1178000 1769.7
1178010 1769.7
1178020 1764.2
1178030 1759.2
1178040 1759.2
1178050 1753.6
1178060 1747.6
1178070 1747.6
1178080 1742.0
1178090 1737.3
1178100 1737.3
1178110 1732.3
1178120 1725.9
1178130 1725.9
1178140 1718.7
1178150 1710.8
1178160 1710.8
1178170 1702.6
1178180 1694.0
1178190 1694.0
1178200 1685.1
1178210 1677.0
1178220 1677.0
1178230 1669.7
1178240 1661.5
1178250 1661.5
1178260 1653.7
1178270 1648.1
1178280 1641.3
1178290 1641.3
1178300 1637.2
1178310 1633.4
1178320 1633.4
1178330 1630.6
1178340 1624.8
1178350 1624.8
1178360 1618.3
1178370 1611.8
1178380 1611.8
1178390 1604.7
1178400 1598.1
1178410 1598.1
1178420 1591.4
1178430 1581.7
1178440 1581.7
1178450 1570.9
1178460 1566.0
1178470 1566.0
1178480 1556.0
1178490 1546.9
1178500 1546.9
1178510 1542.9
1178520 1541.2
1178530 1541.2
1178540 1538.9
1178550 1536.7
1178560 1536.7
1178570 1534.4
1178580 1531.8
1178590 1529.8
1178600 1529.8
1178610 1530.7
1178620 1532.2
1178630 1532.2
1178640 1528.7
1178650 1526.0
1178660 1526.0
1178670 1522.8
1178680 1522.7
1178690 1522.7
1178700 1518.4
1178710 1514.3
1178720 1514.3
1178730 1510.6
1178740 1506.8
1178750 1506.8
1178760 1501.7
1178770 1496.6
1178780 1496.6
1178790 1491.8
1178800 1487.0
1178810 1487.0
1178820 1482.9
1178830 1479.1
1178840 1479.1
1178850 1475.8
1178860 1473.0
1178870 1470.3
1178880 1470.3
1178890 1467.8
1178900 1463.7
1178910 1463.7
1178920 1460.4
1178930 1458.0
1178940 1458.0
1178950 1455.5
1178960 1451.1
1178970 1451.1
1178980 1447.9
1178990 1443.3
1179000 1443.3
1179010 1441.0
1179020 1443.3
1179030 1443.3
1179040 1444.1
1179050 1444.9
1179060 1444.9
1179070 1444.3
1179080 1443.9
1179090 1443.9
1179100 1447.7
1179110 1448.3
1179120 1448.3
1179130 1450.1
1179140 1452.4
1179150 1452.4
1179160 1456.5
1179170 1460.8
1179180 1465.8
1179190 1465.8
1179200 1471.2
1179210 1476.5
1179220 1476.5
1179230 1481.8
1179240 1487.2
1179250 1487.2
1179260 1492.6
1179270 1498.3
1179280 1498.3
1179290 1504.3
1179300 1509.8
1179310 1509.8
1179320 1514.8
1179330 1519.5
1179340 1519.5
1179350 1525.6
1179360 1535.4
1179370 1535.4
1179380 1541.4
1179390 1547.9
1179400 1547.9
1179410 1554.2
1179420 1560.6
1179430 1560.6
1179440 1568.7
1179450 1577.1
1179460 1583.5
1179470 1583.5
1179480 1586.5
1179490 1591.5
1179500 1591.5
1179510 1598.4
1179520 1612.2
1179530 1612.2
1179540 1618.0
1179550 1622.3
1179560 1622.3
1179570 1627.7
1179580 1633.4
1179590 1633.4
1179600 1639.9
1179610 1645.4
1179620 1645.4
1179630 1652.4
1179640 1660.7
1179650 1660.7
1179660 1668.4
1179670 1676.9
1179680 1676.9
1179690 1687.9
1179700 1699.1
1179710 1699.1
1179720 1709.0
1179730 1717.5
1179740 1717.5
1179750 1733.5
1179760 1741.3
1179770 1747.6
1179780 1747.6
1179790 1756.0
1179800 1775.2
1179810 1775.2
1179820 1801.7
1179830 1815.0
1179840 1815.0
1179850 1825.5
1179860 1839.9
1179870 1839.9
1179880 1850.6
1179890 1860.2
1179900 1860.2
1179910 1871.9
1179920 1882.2
1179930 1882.2
1179940 1894.0
1179950 1908.3
1179960 1908.3
1179970 1923.5
1179980 1930.2
1179990 1930.2
