1160000 1347.2
1160010 1347.2
1160020 1345.2
1160030 1343.8
1160040 1343.8
1160050 1338.6
1160060 1331.8
1160070 1331.8
1160080 1329.5
1160090 1330.8
1160100 1330.8
1160110 1327.3
1160120 1325.7
1160130 1334.4
1160140 1332.0
1160150 1329.5
1160160 1329.5
1160170 1326.1
1160180 1322.9
1160190 1322.9
1160200 1320.7
1160210 1317.1
1160220 1313.7
1160230 1313.7
1160240 1308.6
1160250 1303.5
1160260 1303.5
1160270 1301.4
1160280 1297.4
1160290 1297.4
1160300 1294.3
1160310 1290.8
1160320 1290.8
1160330 1286.9
1160340 1283.7
1160350 1283.7
1160360 1281.3
1160370 1278.6
1160380 1278.6
1160390 1275.0
1160400 1271.1
1160410 1271.1
1160420 1268.9
1160430 1267.4
1160440 1267.4
1160450 1266.6
1160460 1266.3
1160470 1266.3
1160480 1265.5
1160490 1264.0
1160500 1264.0
1160510 1262.4
1160520 1263.7
1160530 1260.5
1160540 1260.5
1160550 1259.0
1160560 1258.3
1160570 1258.3
1160580 1257.4
1160590 1256.5
1160600 1256.5
1160610 1255.8
1160620 1256.9
1160630 1256.9
1160640 1261.1
1160650 1266.1
1160660 1266.1
1160670 1271.4
1160680 1277.8
1160690 1277.8
1160700 1282.5
1160710 1281.8
1160720 1281.8
1160730 1280.2
1160740 1281.0
1160750 1281.0
1160760 1280.6
1160770 1278.1
1160780 1278.1
1160790 1278.1
1160800 1278.1
1160810 1276.2
1160820 1276.2
1160830 1274.8
1160840 1276.5
1160850 1276.5
1160860 1275.9
1160870 1274.6
1160880 1274.6
1160890 1272.7
1160900 1270.9
1160910 1270.9
1160920 1267.9
1160930 1269.4
1160940 1269.4
1160950 1269.7
1160960 1269.1
1160970 1269.1
1160980 1269.1
1160990 1274.7
1161000 1274.7
1161010 1275.8
1161020 1273.6
1161030 1273.6
1161040 1271.3
1161050 1269.9
1161060 1269.9
1161070 1268.7
1161080 1268.2
1161090 1268.2
1161100 1266.5
1161110 1264.2
1161120 1263.3
1161130 1263.3
1161140 1263.6
1161150 1263.4
1161160 1263.4
1161170 1263.5
1161180 1265.1
1161190 1265.1
1161200 1266.3
1161210 1266.4
1161220 1266.4
1161230 1267.0
1161240 1269.7
1161250 1269.7
1161260 1272.1
1161270 1271.4
1161280 1271.4
1161290 1268.5
1161300 1273.8
1161310 1268.6
1161320 1272.9
1161330 1275.0
1161340 1275.0
1161350 1275.6
1161360 1275.5
1161370 1275.5
1161380 1277.0
1161390 1279.8
1161400 1281.5
1161410 1281.5
1161420 1283.7
1161430 1284.3
1161440 1284.3
1161450 1285.5
1161460 1284.7
1161470 1284.7
1161480 1288.5
1161490 1292.3
1161500 1292.3
1161510 1295.0
1161520 1298.2
1161530 1298.2
1161540 1299.8
1161550 1299.3
1161560 1299.3
1161570 1299.8
1161580 1299.9
1161590 1299.9
1161600 1304.3
1161610 1309.8
1161620 1309.8
1161630 1315.8
1161640 1321.4
1161650 1321.4
1161660 1326.3
1161670 1336.6
1161680 1336.6
1161690 1346.7
1161700 1342.8
1161710 1351.6
1161720 1351.6
1161730 1358.3
1161740 1365.8
1161750 1365.8
1161760 1364.7
1161770 1360.7
1161780 1360.7
1161790 1370.8
1161800 1380.6
1161810 1380.6
1161820 1379.8
1161830 1384.5
1161840 1384.5
1161850 1385.8
1161860 1381.3
1161870 1381.3
1161880 1376.6
1161890 1373.5
1161900 1373.5
1161910 1374.2
1161920 1375.2
1161930 1375.2
1161940 1375.1
1161950 1375.2
1161960 1375.2
1161970 1375.3
1161980 1374.1
1161990 1374.1
1162000 1369.7
1162010 1368.0
1162020 1374.9
1162030 1374.9
1162040 1377.8
1162050 1380.5
1162060 1380.5
1162070 1384.0
1162080 1390.3
1162090 1390.3
1162100 1395.3
1162110 1413.2
1162120 1413.2
1162130 1420.2
1162140 1424.6
1162150 1424.6
1162160 1430.2
1162170 1435.8
1162180 1435.8
1162190 1441.1
1162200 1445.7
1162210 1445.7
1162220 1446.6
1162230 1446.1
1162240 1446.1
1162250 1445.5
1162260 1444.0
1162270 1444.0
1162280 1441.7
1162290 1440.3
1162300 1441.0
1162310 1441.0
1162320 1440.8
1162330 1439.8
1162340 1439.8
1162350 1438.9
1162360 1438.3
1162370 1438.3
1162380 1435.7
1162390 1431.9
1162400 1431.9
1162410 1432.1
1162420 1432.2
1162430 1432.2
1162440 1430.6
1162450 1428.3
1162460 1428.3
1162470 1424.0
1162480 1418.6
1162490 1418.6
1162500 1413.0
1162510 1408.3
1162520 1408.3
1162530 1401.6
1162540 1390.3
1162550 1390.3
1162560 1377.0
1162570 1363.8
1162580 1363.8
1162590 1355.7
1162600 1347.6
1162610 1344.8
1162620 1344.8
1162630 1341.6
1162640 1333.6
1162650 1333.6
1162660 1322.4
1162670 1314.0
1162680 1314.0
1162690 1316.5
1162700 1326.2
1162710 1326.2
1162720 1336.6
1162730 1346.1
1162740 1346.1
1162750 1356.3
1162760 1367.0
1162770 1367.0
1162780 1374.2
1162790 1377.3
1162800 1377.3
1162810 1381.5
1162820 1385.4
1162830 1385.4
1162840 1388.7
1162850 1391.4
1162860 1391.4
1162870 1395.7
1162880 1399.9
1162890 1408.1
1162900 1408.1
1162910 1410.8
1162920 1415.4
1162930 1415.4
1162940 1419.6
1162950 1421.7
1162960 1421.7
1162970 1425.1
1162980 1429.8
1162990 1429.8
1163000 1432.9
1163010 1434.4
1163020 1434.4
1163030 1434.2
1163040 1434.6
1163050 1434.6
1163060 1436.2
1163070 1436.7
1163080 1436.7
1163090 1437.1
1163100 1437.2
1163110 1437.2
1163120 1436.4
1163130 1434.4
1163140 1434.4
1163150 1432.0
1163160 1430.9
1163170 1430.9
1163180 1430.8
1163190 1430.8
1163200 1431.4
1163210 1431.4
1163220 1433.0
1163230 1433.0
1163240 1433.0
1163250 1432.6
1163260 1433.2
1163270 1433.2
1163280 1434.0
1163290 1429.2
1163300 1429.2
1163310 1429.2
1163320 1429.6
1163330 1429.6
1163340 1430.7
1163350 1431.3
1163360 1431.3
1163370 1431.7
1163380 1431.5
1163390 1431.5
1163400 1431.5
1163410 1431.6
1163420 1431.6
1163430 1431.6
1163440 1430.3
1163450 1430.3
1163460 1429.3
1163470 1427.2
1163480 1427.2
1163490 1422.0
1163500 1418.4
1163510 1417.3
1163520 1417.3
1163530 1417.2
1163540 1418.0
1163550 1418.0
1163560 1418.4
1163570 1417.6
1163580 1417.6
1163590 1416.6
1163600 1415.1
1163610 1415.1
1163620 1414.7
1163630 1415.0
1163640 1415.0
1163650 1414.7
1163660 1414.9
1163670 1414.9
1163680 1414.9
1163690 1410.3
1163700 1410.3
1163710 1410.1
1163720 1409.8
1163730 1409.8
1163740 1409.5
1163750 1409.4
1163760 1409.4
1163770 1409.9
1163780 1410.3
1163790 1410.2
1163800 1410.2
1163810 1409.2
1163820 1407.5
1163830 1407.5
1163840 1406.2
1163850 1404.3
1163860 1404.3
1163870 1402.1
1163880 1400.8
1163890 1400.8
1163900 1400.2
1163910 1399.2
1163920 1399.2
1163930 1399.1
1163940 1400.1
1163950 1400.1
1163960 1400.9
1163970 1401.5
1163980 1401.5
1163990 1401.8
1164000 1402.2
1164010 1402.2
1164020 1402.2
1164030 1401.7
1164040 1401.7
1164050 1401.1
1164060 1400.6
1164070 1400.6
1164080 1395.5
1164090 1396.1
1164100 1396.3
1164110 1396.3
1164120 1396.1
1164130 1396.3
1164140 1396.3
1164150 1397.4
1164160 1397.5
1164170 1397.5
1164180 1396.8
1164190 1395.7
1164200 1395.7
1164210 1394.4
1164220 1393.8
1164230 1393.8
1164240 1392.5
1164250 1389.9
1164260 1389.9
1164270 1386.9
1164280 1384.5
1164290 1384.5
1164300 1381.2
1164310 1377.5
1164320 1377.5
1164330 1373.7
1164340 1369.2
1164350 1369.2
1164360 1366.4
1164370 1365.4
1164380 1365.3
1164390 1365.3
1164400 1365.8
1164410 1367.3
1164420 1367.3
1164430 1368.4
1164440 1369.5
1164450 1369.5
1164460 1371.1
1164470 1372.3
1164480 1367.1
1164490 1367.1
1164500 1366.9
1164510 1366.9
1164520 1366.8
1164530 1366.3
1164540 1366.3
1164550 1365.0
1164560 1363.2
1164570 1363.2
1164580 1360.8
1164590 1357.9
1164600 1357.9
1164610 1353.9
1164620 1350.5
1164630 1350.5
1164640 1346.7
1164650 1344.1
1164660 1344.1
1164670 1343.9
1164680 1344.2
1164690 1343.5
1164700 1343.5
1164710 1341.7
1164720 1340.5
1164730 1340.5
1164740 1339.9
1164750 1338.3
1164760 1338.3
1164770 1336.6
1164780 1334.6
1164790 1334.6
1164800 1331.7
1164810 1329.9
1164820 1329.9
1164830 1327.5
1164840 1325.2
1164850 1325.2
1164860 1323.4
1164870 1322.9
1164880 1317.6
1164890 1316.6
1164900 1316.5
1164910 1316.5
1164920 1315.2
1164930 1313.2
1164940 1313.2
1164950 1311.2
1164960 1308.7
1164970 1308.7
1164980 1306.5
1164990 1304.1
1165000 1302.6
1165010 1302.6
1165020 1302.1
1165030 1301.5
1165040 1301.5
1165050 1300.6
1165060 1299.7
1165070 1299.7
1165080 1297.7
1165090 1296.8
1165100 1296.8
1165110 1296.7
1165120 1295.9
1165130 1295.9
1165140 1296.2
1165150 1296.1
1165160 1296.1
1165170 1294.8
1165180 1293.2
1165190 1293.2
1165200 1291.7
1165210 1290.0
1165220 1290.0
1165230 1288.8
1165240 1287.7
1165250 1287.7
1165260 1285.5
1165270 1284.4
1165280 1278.8
1165290 1278.8
1165300 1277.6
1165310 1277.2
1165320 1277.2
1165330 1278.4
1165340 1279.9
1165350 1279.9
1165360 1281.2
1165370 1282.9
1165380 1282.9
1165390 1283.6
1165400 1283.6
1165410 1283.6
1165420 1283.0
1165430 1281.4
1165440 1281.4
1165450 1280.3
1165460 1280.2
1165470 1280.2
1165480 1279.2
1165490 1277.5
1165500 1277.5
1165510 1275.9
1165520 1274.8
1165530 1274.8
1165540 1273.6
1165550 1271.3
1165560 1271.3
1165570 1269.2
1165580 1267.3
1165590 1265.8
1165600 1265.8
1165610 1264.5
1165620 1264.1
1165630 1264.1
1165640 1262.2
1165650 1259.7
1165660 1259.7
1165670 1257.2
1165680 1251.6
1165690 1251.6
1165700 1247.8
1165710 1243.8
1165720 1243.8
1165730 1239.2
1165740 1235.6
1165750 1235.6
1165760 1232.6
1165770 1222.7
1165780 1222.7
1165790 1211.2
1165800 1200.2
1165810 1200.2
1165820 1191.2
1165830 1183.3
1165840 1183.3
1165850 1177.0
1165860 1171.7
1165870 1166.8
1165880 1166.8
1165890 1162.2
1165900 1157.9
1165910 1157.9
1165920 1154.1
1165930 1150.7
1165940 1150.7
1165950 1148.6
1165960 1147.2
1165970 1147.2
1165980 1145.2
1165990 1142.9
1166000 1142.9
1166010 1140.8
1166020 1139.9
1166030 1139.9
1166040 1141.1
1166050 1141.5
1166060 1141.5
1166070 1140.2
1166080 1136.4
1166090 1136.4
1166100 1135.9
1166110 1134.8
1166120 1134.8
1166130 1132.8
1166140 1129.9
1166150 1129.9
1166160 1124.3
1166170 1116.1
1166180 1110.2
1166190 1110.2
1166200 1107.8
1166210 1107.7
1166220 1107.7
1166230 1108.0
1166240 1107.7
1166250 1107.7
1166260 1108.1
1166270 1108.4
1166280 1108.4
1166290 1108.7
1166300 1110.1
1166310 1110.1
1166320 1111.9
1166330 1113.0
1166340 1113.0
1166350 1111.9
1166360 1110.7
1166370 1110.7
1166380 1109.7
1166390 1106.3
1166400 1106.3
1166410 1100.2
1166420 1093.6
1166430 1093.6
1166440 1089.1
1166450 1087.8
1166460 1087.8
1166470 1081.4
1166480 1059.3
1166490 1051.5
1166500 1051.5
1166510 1047.3
1166520 1043.8
1166530 1043.8
1166540 1040.9
1166550 1040.0
1166560 1040.0
1166570 1040.0
1166580 1040.0
1166590 1040.0
1166600 1040.3
1166610 1042.3
1166620 1042.3
1166630 1047.2
1166640 1053.3
1166650 1053.3
1166660 1057.2
1166670 1063.8
1166680 1063.8
1166690 1069.8
1166700 1073.3
1166710 1073.3
1166720 1075.8
1166730 1076.5
1166740 1076.5
1166750 1076.3
1166760 1075.9
1166770 1075.2
1166780 1075.2
1166790 1073.9
1166800 1072.2
1166810 1072.2
1166820 1070.1
1166830 1067.6
1166840 1067.6
1166850 1065.9
1166860 1065.2
1166870 1065.2
1166880 1060.9
1166890 1061.5
1166900 1061.5
1166910 1062.3
1166920 1062.6
1166930 1062.6
1166940 1062.6
1166950 1062.1
1166960 1062.1
1166970 1061.3
1166980 1059.1
1166990 1059.1
1167000 1053.5
1167010 1050.0
1167020 1050.0
1167030 1044.9
1167040 1039.2
1167050 1039.2
1167060 1035.5
1167070 1033.6
1167080 1032.1
1167090 1032.1
1167100 1031.5
1167110 1031.3
1167120 1031.3
1167130 1031.4
1167140 1031.2
1167150 1031.2
1167160 1031.0
1167170 1030.3
1167180 1030.3
1167190 1029.8
1167200 1029.5
1167210 1029.5
1167220 1029.4
1167230 1030.2
1167240 1030.2
1167250 1030.5
1167260 1032.5
1167270 1032.5
1167280 1050.1
1167290 1050.9
1167300 1050.9
1167310 1053.4
1167320 1052.2
1167330 1052.2
1167340 1047.5
1167350 1053.4
1167360 1056.9
1167370 1056.9
1167380 1061.3
1167390 1064.7
1167400 1064.7
1167410 1064.3
1167420 1060.6
1167430 1060.6
1167440 1052.9
1167450 1045.9
1167460 1045.9
1167470 1044.5
1167480 1042.9
1167490 1042.9
1167500 1043.5
1167510 1038.7
1167520 1038.7
1167530 1031.4
1167540 1028.3
1167550 1028.3
1167560 1027.7
1167570 1031.5
1167580 1031.5
1167590 1034.2
1167600 1026.7
1167610 1026.7
1167620 1022.8
1167630 1022.8
1167640 1022.8
1167650 1022.8
1167660 1022.7
1167670 1022.1
1167680 1022.1
1167690 1023.9
1167700 1031.0
1167710 1031.0
1167720 1030.1
1167730 1032.2
1167740 1032.2
1167750 1044.8
1167760 1054.7
1167770 1054.7
1167780 1059.9
1167790 1062.2
1167800 1062.2
1167810 1063.0
1167820 1062.9
1167830 1062.9
1167840 1060.9
1167850 1055.9
1167860 1055.9
1167870 1052.2
1167880 1049.4
1167890 1049.4
1167900 1047.2
1167910 1045.6
1167920 1045.6
1167930 1043.2
1167940 1039.3
1167950 1038.1
1167960 1038.1
1167970 1038.3
1167980 1034.7
1167990 1034.7
1168000 1034.2
1168010 1034.5
1168020 1034.5
1168030 1034.8
1168040 1038.6
1168050 1038.6
1168060 1043.4
1168070 1045.4
1168080 1045.4
1168090 1051.2
1168100 1051.7
1168110 1051.7
1168120 1052.6
1168130 1053.3
1168140 1053.3
1168150 1053.8
1168160 1055.1
1168170 1055.1
1168180 1056.8
1168190 1058.3
1168200 1058.3
1168210 1058.5
1168220 1058.8
1168230 1058.8
1168240 1060.0
1168250 1060.4
1168260 1060.3
1168270 1060.3
1168280 1061.4
1168290 1063.3
1168300 1063.3
1168310 1065.7
1168320 1067.2
1168330 1067.2
1168340 1068.9
1168350 1070.2
1168360 1070.2
1168370 1071.2
1168380 1071.6
1168390 1071.6
1168400 1071.7
1168410 1071.7
1168420 1071.7
1168430 1071.5
1168440 1069.8
1168450 1069.8
1168460 1067.3
1168470 1068.6
1168480 1068.6
1168490 1079.0
1168500 1080.7
1168510 1080.7
1168520 1079.1
1168530 1076.9
1168540 1076.9
1168550 1073.7
1168560 1072.4
1168570 1072.7
1168580 1072.7
1168590 1072.7
1168600 1071.6
1168610 1071.6
1168620 1072.6
1168630 1071.8
1168640 1071.8
1168650 1072.0
1168660 1073.3
1168670 1073.3
1168680 1073.6
1168690 1074.6
1168700 1074.6
1168710 1076.1
1168720 1077.7
1168730 1077.7
1168740 1079.4
1168750 1080.9
1168760 1080.9
1168770 1081.5
1168780 1080.6
1168790 1080.6
1168800 1079.0
1168810 1075.9
1168820 1075.9
1168830 1071.3
1168840 1066.3
1168850 1063.0
1168860 1063.0
1168870 1062.1
1168880 1061.5
1168890 1061.5
1168900 1067.1
1168910 1064.8
1168920 1064.8
1168930 1061.4
1168940 1057.7
1168950 1057.7
1168960 1054.1
1168970 1051.0
1168980 1051.0
1168990 1047.5
1169000 1041.9
1169010 1041.9
1169020 1038.9
1169030 1039.4
1169040 1039.4
1169050 1040.9
1169060 1043.9
1169070 1043.9
1169080 1044.8
1169090 1043.6
1169100 1043.6
1169110 1044.1
1169120 1041.8
1169130 1041.8
1169140 1042.0
1169150 1046.4
1169160 1045.8
1169170 1045.8
1169180 1042.6
1169190 1038.0
1169200 1038.0
1169210 1038.4
1169220 1039.6
1169230 1039.6
1169240 1039.2
1169250 1040.0
1169260 1040.0
1169270 1041.8
1169280 1044.8
1169290 1044.8
1169300 1052.1
1169310 1050.9
1169320 1050.9
1169330 1050.2
1169340 1050.1
1169350 1050.1
1169360 1050.7
1169370 1051.1
1169380 1051.1
1169390 1050.1
1169400 1049.1
1169410 1049.1
1169420 1049.3
1169430 1049.7
1169440 1048.9
1169450 1048.9
1169460 1035.6
1169470 1032.0
1169480 1032.0
1169490 1041.8
1169500 1039.8
1169510 1039.8
1169520 1035.9
1169530 1030.6
1169540 1030.6
1169550 1033.7
1169560 1039.7
1169570 1039.7
1169580 1041.5
1169590 1040.3
1169600 1040.3
1169610 1039.5
1169620 1038.8
1169630 1038.8
1169640 1037.8
1169650 1034.6
1169660 1034.6
1169670 1036.8
1169680 1038.7
1169690 1038.7
1169700 1039.5
1169710 1048.7
1169720 1048.7
1169730 1046.4
1169740 1045.2
1169750 1045.1
1169760 1045.1
1169770 1043.7
1169780 1041.0
1169790 1041.0
1169800 1035.6
1169810 1032.2
1169820 1032.2
1169830 1029.0
1169840 1024.8
1169850 1024.8
1169860 1022.8
1169870 1021.1
1169880 1021.1
1169890 1019.0
1169900 1017.4
1169910 1017.4
1169920 1014.2
1169930 1011.3
1169940 1011.3
1169950 1010.1
1169960 1008.6
1169970 1008.6
1169980 1008.3
1169990 1008.9
1170000 1008.9
1170010 1011.2
1170020 1014.0
1170030 1014.0
1170040 1015.9
1170050 1017.4
1170060 1012.4
1170070 1012.4
1170080 1010.8
1170090 1016.7
1170100 1016.7
1170110 1021.2
1170120 1020.6
1170130 1020.6
1170140 1019.5
1170150 1019.2
1170160 1019.2
1170170 1016.8
1170180 1012.7
1170190 1012.7
1170200 1009.6
1170210 1008.5
1170220 1008.5
1170230 1006.0
1170240 1003.9
1170250 1003.9
1170260 1001.8
1170270 999.8
1170280 999.8
1170290 999.1
1170300 997.7
1170310 997.7
1170320 997.1
1170330 996.0
1170340 995.0
1170350 995.0
1170360 994.8
1170370 994.5
1170380 994.5
1170390 994.3
1170400 993.9
1170410 993.9
1170420 993.2
1170430 992.9
1170440 992.9
1170450 992.8
1170460 992.5
1170470 992.5
1170480 992.5
1170490 992.7
1170500 992.7
1170510 992.4
1170520 997.6
1170530 997.6
1170540 996.0
1170550 997.3
1170560 997.3
1170570 997.8
1170580 997.5
1170590 997.5
1170600 997.3
1170610 998.1
1170620 998.1
1170630 1001.3
1170640 1003.5
1170650 1004.4
1170660 1004.4
1170670 1004.4
1170680 1003.5
1170690 1003.5
1170700 1002.0
1170710 1001.3
1170720 1001.3
1170730 1000.9
1170740 999.9
1170750 999.9
1170760 999.7
1170770 1000.3
1170780 1000.3
1170790 1000.6
1170800 1000.6
1170810 1000.6
1170820 1000.3
1170830 999.5
1170840 999.5
1170850 998.3
1170860 997.8
1170870 997.8
1170880 998.3
1170890 999.7
1170900 999.7
1170910 1000.4
1170920 1003.6
1170930 1004.8
1170940 1004.8
1170950 1006.1
1170960 1007.7
1170970 1007.7
1170980 1008.3
1170990 1008.1
1171000 1008.1
1171010 1008.2
1171020 1008.3
1171030 1008.3
1171040 1009.8
1171050 1009.0
1171060 1009.0
1171070 1004.4
1171080 1006.5
1171090 1006.5
1171100 1006.7
1171110 1005.5
1171120 1005.5
1171130 1004.6
1171140 1004.2
1171150 1004.2
1171160 1001.8
1171170 1001.1
1171180 1001.1
1171190 1000.8
1171200 999.2
1171210 999.2
1171220 997.6
1171230 996.4
1171240 996.7
1171250 996.7
1171260 997.5
1171270 998.4
1171280 998.4
1171290 999.7
1171300 1001.3
1171310 1001.3
1171320 1002.7
1171330 1006.5
1171340 1006.5
1171350 1008.2
1171360 1009.8
1171370 1009.8
1171380 1011.6
1171390 1013.6
1171400 1013.6
1171410 1015.0
1171420 1015.9
1171430 1015.9
1171440 1017.3
1171450 1018.3
1171460 1018.3
1171470 1018.1
1171480 1017.1
1171490 1017.1
1171500 1016.4
1171510 1016.1
1171520 1016.8
1171530 1016.8
1171540 1017.8
1171550 1018.8
1171560 1018.8
1171570 1019.3
1171580 1019.5
1171590 1019.5
1171600 1019.4
1171610 1018.2
1171620 1018.2
1171630 1015.0
1171640 1009.1
1171650 1009.1
1171660 1006.6
1171670 1007.9
1171680 1007.9
1171690 1010.5
1171700 1012.8
1171710 1012.8
1171720 1014.1
1171730 1015.5
1171740 1021.9
1171750 1022.5
1171760 1023.6
1171770 1023.6
1171780 1024.5
1171790 1026.2
1171800 1026.2
1171810 1028.2
1171820 1029.8
1171830 1031.0
1171840 1031.0
1171850 1031.5
1171860 1031.7
1171870 1031.7
1171880 1029.4
1171890 1033.3
1171900 1033.3
1171910 1039.8
1171920 1043.9
1171930 1043.9
1171940 1045.8
1171950 1047.0
1171960 1047.0
1171970 1046.9
1171980 1047.6
1171990 1047.6
1172000 1050.3
1172010 1053.6
1172020 1053.6
1172030 1055.3
1172040 1057.3
1172050 1057.3
1172060 1059.2
1172070 1057.7
1172080 1057.7
1172090 1054.1
1172100 1051.9
1172110 1051.9
1172120 1051.8
1172130 1053.0
1172140 1061.4
1172150 1061.4
1172160 1063.8
1172170 1066.3
1172180 1066.3
1172190 1068.3
1172200 1071.0
1172210 1071.0
1172220 1075.2
1172230 1079.5
1172240 1079.5
1172250 1083.6
1172260 1086.5
1172270 1086.5
1172280 1088.8
1172290 1090.9
1172300 1090.9
1172310 1092.8
1172320 1094.9
1172330 1094.9
1172340 1097.1
1172350 1099.7
1172360 1099.7
1172370 1103.0
1172380 1105.9
1172390 1105.9
1172400 1107.7
1172410 1108.3
1172420 1109.7
1172430 1109.7
1172440 1110.9
1172450 1111.0
1172460 1111.0
1172470 1110.5
1172480 1109.7
1172490 1109.7
1172500 1109.3
1172510 1109.7
1172520 1109.7
1172530 1109.9
1172540 1109.7
1172550 1114.5
1172560 1114.2
1172570 1114.3
1172580 1114.3
1172590 1114.3
1172600 1114.0
1172610 1114.0
1172620 1114.3
1172630 1115.2
1172640 1115.2
1172650 1115.1
1172660 1112.5
1172670 1112.5
1172680 1108.3
1172690 1105.8
1172700 1105.8
1172710 1103.3
1172720 1099.4
1172730 1096.4
1172740 1096.4
1172750 1093.0
1172760 1091.5
1172770 1091.5
1172780 1090.3
1172790 1092.6
1172800 1092.6
1172810 1092.6
1172820 1089.5
1172830 1089.5
1172840 1087.4
1172850 1087.8
1172860 1087.8
1172870 1086.4
1172880 1082.8
1172890 1082.8
1172900 1078.5
1172910 1074.5
1172920 1074.5
1172930 1072.2
1172940 1067.9
1172950 1067.9
1172960 1062.0
1172970 1058.3
1172980 1058.3
1172990 1055.6
1173000 1052.8
1173010 1049.4
1173020 1049.4
1173030 1045.8
1173040 1042.8
1173050 1042.8
1173060 1039.8
1173070 1036.2
1173080 1036.2
1173090 1033.0
1173100 1030.9
1173110 1030.9
1173120 1028.7
1173130 1026.8
1173140 1026.8
1173150 1024.6
1173160 1022.3
1173170 1022.3
1173180 1019.6
1173190 1017.8
1173200 1017.8
1173210 1015.5
1173220 1012.3
1173230 1012.3
1173240 1009.0
1173250 1005.8
1173260 1005.8
1173270 1002.6
1173280 998.4
1173290 998.4
1173300 993.6
1173310 988.7
1173320 984.3
1173330 984.3
1173340 980.3
1173350 976.8
1173360 976.8
1173370 971.5
1173380 968.6
1173390 968.6
1173400 966.1
1173410 964.6
1173420 964.6
1173430 964.2
1173440 964.2
1173450 964.2
1173460 964.3
1173470 964.6
1173480 964.6
1173490 964.7
1173500 964.6
1173510 964.6
1173520 964.5
1173530 964.4
1173540 964.4
1173550 964.4
1173560 964.5
1173570 964.5
1173580 964.6
1173590 964.4
1173600 964.5
1173610 964.5
1173620 964.4
1173630 964.2
1173640 964.2
1173650 963.9
1173660 962.8
1173670 962.8
1173680 962.1
1173690 962.0
1173700 962.0
1173710 962.1
1173720 962.1
1173730 962.1
1173740 961.3
1173750 956.5
1173760 956.5
1173770 954.1
1173780 953.9
1173790 953.9
1173800 953.9
1173810 953.8
1173820 953.8
1173830 953.6
1173840 953.5
1173850 953.5
1173860 953.4
1173870 953.3
1173880 953.3
1173890 953.3
1173900 953.1
1173910 952.9
1173920 952.9
1173930 952.8
1173940 952.7
1173950 952.7
1173960 952.6
1173970 952.5
1173980 952.5
1173990 952.3
1174000 952.2
1174010 952.2
1174020 951.9
1174030 951.7
1174040 951.7
1174050 951.8
1174060 951.7
1174070 951.7
1174080 951.7
1174090 951.6
1174100 951.6
1174110 951.5
1174120 951.4
1174130 951.4
1174140 951.3
1174150 951.1
1174160 951.1
1174170 951.0
1174180 950.9
1174190 951.0
1174200 950.9
1174210 950.7
1174220 950.3
1174230 950.3
1174240 950.0
1174250 950.1
1174260 950.1
1174270 950.0
1174280 949.8
1174290 949.8
1174300 949.5
1174310 949.2
1174320 949.2
1174330 948.4
1174340 948.1
1174350 948.1
1174360 948.0
1174370 948.1
1174380 948.1
1174390 947.9
1174400 947.6
1174410 947.6
1174420 947.1
1174430 947.8
1174440 947.8
1174450 948.0
1174460 948.0
1174470 948.0
1174480 948.1
1174490 948.3
1174500 948.1
1174510 948.1
1174520 948.1
1174530 946.8
1174540 946.8
1174550 946.2
1174560 945.9
1174570 945.9
1174580 946.0
1174590 948.6
1174600 949.1
1174610 955.7
1174620 959.9
1174630 959.9
1174640 966.9
1174650 970.0
1174660 970.0
1174670 971.5
1174680 973.4
1174690 973.4
1174700 975.8
1174710 978.5
1174720 978.5
1174730 982.3
1174740 986.1
1174750 986.1
1174760 988.6
1174770 994.5
1174780 994.5
1174790 1002.1
1174800 1009.0
1174810 1013.7
1174820 1013.7
1174830 1018.9
1174840 1024.7
1174850 1024.7
1174860 1030.8
1174870 1037.2
1174880 1037.2
1174890 1043.0
1174900 1048.9
1174910 1048.9
1174920 1054.9
1174930 1061.0
1174940 1061.0
1174950 1067.2
1174960 1073.6
1174970 1073.6
1174980 1080.4
1174990 1087.9
1175000 1087.9
1175010 1099.4
1175020 1105.6
1175030 1105.6
1175040 1112.6
1175050 1119.8
1175060 1119.8
1175070 1127.0
1175080 1134.0
1175090 1141.1
1175100 1141.1
1175110 1148.7
1175120 1156.8
1175130 1156.8
1175140 1165.7
1175150 1173.3
1175160 1173.3
1175170 1179.9
1175180 1186.5
1175190 1186.5
1175200 1194.4
1175210 1202.9
1175220 1202.9
1175230 1211.9
1175240 1220.2
1175250 1220.2
1175260 1228.5
1175270 1235.5
1175280 1235.5
1175290 1243.2
1175300 1251.8
1175310 1251.8
1175320 1261.2
1175330 1270.1
1175340 1270.1
1175350 1276.8
1175360 1281.7
1175370 1281.7
1175380 1286.9
1175390 1290.0
1175400 1291.0
1175410 1291.0
1175420 1292.3
1175430 1288.8
1175440 1288.8
1175450 1290.9
1175460 1294.9
1175470 1294.9
1175480 1301.4
1175490 1306.1
1175500 1306.1
1175510 1310.2
1175520 1313.7
1175530 1313.7
1175540 1316.4
1175550 1319.5
1175560 1319.5
1175570 1324.3
1175580 1328.9
1175590 1328.9
1175600 1333.9
1175610 1339.1
1175620 1339.1
1175630 1344.6
1175640 1351.2
1175650 1351.2
1175660 1358.7
1175670 1367.1
1175680 1376.6
1175690 1376.6
1175700 1384.7
1175710 1392.1
1175720 1392.1
1175730 1400.1
1175740 1408.2
1175750 1408.2
1175760 1417.8
1175770 1427.1
1175780 1427.1
1175790 1434.0
1175800 1442.0
1175810 1442.0
1175820 1451.6
1175830 1461.6
1175840 1470.9
1175850 1471.4
1175860 1472.7
1175870 1472.7
1175880 1478.4
1175890 1484.8
1175900 1484.8
1175910 1491.2
1175920 1498.2
1175930 1498.2
1175940 1505.5
1175950 1512.8
1175960 1512.8
1175970 1519.9
1175980 1527.1
1175990 1534.5
1176000 1534.5
1176010 1538.9
1176020 1534.6
1176030 1534.6
1176040 1527.4
1176050 1519.2
1176060 1519.2
1176070 1513.5
1176080 1507.5
1176090 1507.5
1176100 1500.8
1176110 1494.2
1176120 1494.2
1176130 1488.5
1176140 1482.9
1176150 1482.9
1176160 1477.4
1176170 1472.0
1176180 1472.0
1176190 1467.0
1176200 1462.6
1176210 1462.6
1176220 1456.6
1176230 1448.8
1176240 1448.8
1176250 1440.2
1176260 1432.6
1176270 1426.3
1176280 1426.3
1176290 1421.4
1176300 1417.4
1176310 1417.4
1176320 1415.2
1176330 1416.3
1176340 1416.3
1176350 1420.7
1176360 1426.2
1176370 1426.2
1176380 1432.1
1176390 1437.6
1176400 1437.6
1176410 1441.1
1176420 1442.4
1176430 1442.4
1176440 1441.0
1176450 1439.6
1176460 1439.6
1176470 1434.8
1176480 1431.0
1176490 1431.0
1176500 1429.8
1176510 1434.8
1176520 1434.8
1176530 1442.2
1176540 1443.7
1176550 1443.7
1176560 1443.4
1176570 1443.5
1176580 1444.5
1176590 1444.5
1176600 1445.6
1176610 1445.5
1176620 1445.5
1176630 1446.4
1176640 1449.5
1176650 1449.5
1176660 1457.4
1176670 1462.1
1176680 1462.1
1176690 1465.5
1176700 1468.7
1176710 1468.7
1176720 1472.9
1176730 1476.2
1176740 1476.2
1176750 1478.1
1176760 1473.6
1176770 1473.6
1176780 1467.3
1176790 1467.8
1176800 1467.8
1176810 1469.7
1176820 1471.0
1176830 1471.0
1176840 1474.3
1176850 1476.9
1176860 1476.9
1176870 1483.9
1176880 1496.2
1176890 1509.6
1176900 1509.6
1176910 1515.7
1176920 1522.2
1176930 1522.2
1176940 1529.6
1176950 1535.9
1176960 1535.9
1176970 1542.0
1176980 1548.8
1176990 1548.8
1177000 1556.0
1177010 1565.5
1177020 1565.5
1177030 1572.2
1177040 1577.2
1177050 1577.2
1177060 1581.4
1177070 1583.6
1177080 1589.9
1177090 1592.8
1177100 1595.3
1177110 1595.3
1177120 1597.6
1177130 1607.3
1177140 1607.3
1177150 1612.2
1177160 1616.1
1177170 1620.7
1177180 1620.7
1177190 1624.3
1177200 1628.6
1177210 1628.6
1177220 1635.1
1177230 1641.4
1177240 1641.4
1177250 1647.9
1177260 1653.3
1177270 1653.3
1177280 1660.1
1177290 1663.4
1177300 1663.4
1177310 1668.6
1177320 1675.7
1177330 1675.7
1177340 1680.8
1177350 1687.2
1177360 1687.2
1177370 1693.2
1177380 1698.7
1177390 1698.7
1177400 1704.0
1177410 1710.0
1177420 1710.0
1177430 1715.5
1177440 1718.7
1177450 1718.7
1177460 1723.9
1177470 1728.5
1177480 1736.2
1177490 1740.8
1177500 1747.8
1177510 1752.3
1177520 1752.3
1177530 1756.8
1177540 1761.7
1177550 1761.7
1177560 1766.5
1177570 1773.1
1177580 1773.1
1177590 1780.9
1177600 1788.4
1177610 1788.4
1177620 1791.7
1177630 1794.2
1177640 1794.2
1177650 1798.5
1177660 1799.3
1177670 1799.3
1177680 1796.3
1177690 1795.0
1177700 1795.0
1177710 1793.7
1177720 1789.7
1177730 1789.7
1177740 1785.8
1177750 1780.7
1177760 1774.3
1177770 1774.3
1177780 1767.6
1177790 1760.2
1177800 1760.2
1177810 1752.6
1177820 1745.9
1177830 1745.9
1177840 1739.8
1177850 1734.0
1177860 1734.0
1177870 1727.8
1177880 1720.6
1177890 1720.6
1177900 1712.3
1177910 1706.7
1177920 1706.7
1177930 1700.8
1177940 1694.9
1177950 1694.9
1177960 1687.0
1177970 1678.1
1177980 1678.1
1177990 1669.4
1178000 1660.8
1178010 1660.8
1178020 1651.4
1178030 1641.7
1178040 1641.7
1178050 1633.4
1178060 1625.4
1178070 1618.9
1178080 1618.9
1178090 1613.0
1178100 1608.7
1178110 1608.7
1178120 1604.2
1178130 1599.3
1178140 1599.3
1178150 1592.8
1178160 1583.9
1178170 1583.9
1178180 1576.9
1178190 1570.6
1178200 1570.6
1178210 1564.7
1178220 1560.4
1178230 1560.4
1178240 1555.5
1178250 1550.1
1178260 1550.1
1178270 1545.0
1178280 1538.3
1178290 1538.3
1178300 1526.8
1178310 1516.8
1178320 1516.8
1178330 1509.1
1178340 1499.6
1178350 1493.1
1178360 1493.1
1178370 1486.2
1178380 1478.1
1178390 1478.1
1178400 1469.2
1178410 1460.1
1178420 1460.1
1178430 1452.3
1178440 1445.4
1178450 1445.4
1178460 1438.9
1178470 1432.6
1178480 1432.6
1178490 1426.6
1178500 1420.7
1178510 1420.7
1178520 1414.0
1178530 1407.3
1178540 1407.3
1178550 1401.0
1178560 1395.7
1178570 1395.7
1178580 1392.8
1178590 1390.2
1178600 1390.2
1178610 1387.7
1178620 1384.3
1178630 1384.3
1178640 1381.3
1178650 1377.9
1178660 1374.7
1178670 1374.7
1178680 1372.2
1178690 1370.4
1178700 1370.4
1178710 1368.4
1178720 1367.0
1178730 1367.0
1178740 1367.9
1178750 1365.5
1178760 1365.5
1178770 1363.9
1178780 1362.0
1178790 1362.0
1178800 1360.5
1178810 1359.2
1178820 1359.2
1178830 1358.6
1178840 1357.9
1178850 1357.9
1178860 1356.5
1178870 1354.7
1178880 1354.7
1178890 1352.4
1178900 1352.4
1178910 1352.4
1178920 1351.6
1178930 1351.6
1178940 1351.6
1178950 1352.2
1178960 1352.1
1178970 1351.0
1178980 1351.0
1178990 1353.6
1179000 1357.4
1179010 1357.4
1179020 1360.6
1179030 1364.0
1179040 1364.0
1179050 1367.7
1179060 1371.6
1179070 1371.6
1179080 1375.4
1179090 1379.2
1179100 1379.2
1179110 1383.2
1179120 1387.5
1179130 1387.5
1179140 1392.1
1179150 1396.6
1179160 1397.0
1179170 1401.2
1179180 1405.6
1179190 1405.6
1179200 1409.9
1179210 1414.3
1179220 1414.3
1179230 1418.9
1179240 1423.5
1179250 1427.2
1179260 1427.2
1179270 1431.5
1179280 1436.2
1179290 1436.2
1179300 1441.0
1179310 1445.8
1179320 1445.8
1179330 1451.2
1179340 1456.4
1179350 1456.4
1179360 1461.3
1179370 1466.2
1179380 1466.2
1179390 1475.3
1179400 1478.9
1179410 1478.9
1179420 1485.2
1179430 1493.3
1179440 1493.3
1179450 1497.5
1179460 1496.8
1179470 1496.8
1179480 1497.6
1179490 1497.6
1179500 1497.6
1179510 1500.6
1179520 1505.3
1179530 1505.3
1179540 1510.4
1179550 1515.1
1179560 1520.9
1179570 1520.9
1179580 1534.8
1179590 1535.6
1179600 1535.6
1179610 1538.4
1179620 1545.7
1179630 1545.7
1179640 1556.6
1179650 1566.4
1179660 1566.4
1179670 1574.1
1179680 1583.6
1179690 1583.6
1179700 1591.5
1179710 1599.7
1179720 1599.7
1179730 1608.9
1179740 1619.1
1179750 1619.1
1179760 1627.8
1179770 1632.6
1179780 1632.6
1179790 1637.3
1179800 1639.9
1179810 1639.9
1179820 1644.6
1179830 1655.6
1179840 1677.2
1179850 1677.2
1179860 1704.8
1179870 1717.7
1179880 1717.7
1179890 1725.1
1179900 1733.7
1179910 1733.7
1179920 1744.0
1179930 1748.6
1179940 1748.6
1179950 1753.2
1179960 1758.6
1179970 1758.6
1179980 1764.8
1179990 1771.8
