1160000 1390.1
1160010 1389.5
1160020 1388.4
1160030 1388.4
1160040 1384.0
1160050 1381.2
1160060 1381.2
1160070 1379.0
1160080 1375.2
1160090 1374.0
1160100 1374.0
1160110 1373.4
1160120 1370.6
1160130 1370.6
1160140 1368.3
1160150 1364.1
1160160 1364.1
1160170 1360.6
1160180 1356.4
1160190 1356.4
1160200 1351.1
1160210 1344.5
1160220 1344.5
1160230 1351.8
1160240 1348.4
1160250 1348.4
1160260 1345.3
1160270 1342.6
1160280 1342.6
1160290 1339.0
1160300 1332.6
1160310 1332.6
1160320 1327.5
1160330 1322.8
1160340 1322.8
1160350 1317.9
1160360 1313.3
1160370 1309.7
1160380 1309.7
1160390 1307.2
1160400 1305.8
1160410 1305.8
1160420 1304.7
1160430 1302.5
1160440 1302.5
1160450 1299.7
1160460 1297.1
1160470 1297.1
1160480 1294.2
1160490 1290.6
1160500 1290.6
1160510 1287.2
1160520 1284.6
1160530 1284.6
1160540 1282.5
1160550 1279.4
1160560 1279.4
1160570 1274.8
1160580 1269.1
1160590 1269.1
1160600 1263.1
1160610 1258.1
1160620 1258.1
1160630 1256.2
1160640 1252.8
1160650 1252.8
1160660 1253.1
1160670 1255.0
1160680 1256.8
1160690 1256.8
1160700 1258.3
1160710 1261.9
1160720 1261.9
1160730 1266.2
1160740 1269.4
1160750 1269.4
1160760 1269.0
1160770 1266.6
1160780 1266.6
1160790 1265.6
1160800 1266.7
1160810 1266.7
1160820 1266.2
1160830 1265.8
1160840 1265.8
1160850 1263.4
1160860 1262.9
1160870 1262.9
1160880 1263.5
1160890 1263.2
1160900 1263.2
1160910 1261.2
1160920 1259.5
1160930 1259.5
1160940 1258.6
1160950 1259.1
1160960 1260.2
1160970 1260.2
1160980 1259.4
1160990 1260.1
1161000 1260.1
1161010 1264.7
1161020 1259.6
1161030 1259.6
1161040 1256.1
1161050 1252.8
1161060 1252.8
1161070 1250.2
1161080 1248.7
1161090 1248.7
1161100 1249.7
1161110 1250.1
1161120 1250.1
1161130 1249.7
1161140 1250.4
1161150 1250.4
1161160 1250.5
1161170 1249.9
1161180 1249.9
1161190 1249.0
1161200 1245.3
1161210 1245.3
1161220 1240.3
1161230 1240.3
1161240 1240.3
1161250 1241.4
1161260 1239.0
1161270 1239.2
1161280 1239.2
1161290 1244.6
1161300 1244.7
1161310 1244.7
1161320 1244.7
1161330 1244.5
1161340 1244.5
1161350 1244.6
1161360 1244.9
1161370 1244.9
1161380 1245.8
1161390 1246.8
1161400 1246.8
1161410 1248.3
1161420 1243.3
1161430 1243.3
1161440 1245.3
1161450 1248.3
1161460 1248.3
1161470 1250.9
1161480 1252.9
1161490 1252.9
1161500 1255.2
1161510 1259.0
1161520 1259.0
1161530 1261.5
1161540 1262.4
1161550 1262.4
1161560 1262.1
1161570 1258.6
1161580 1260.1
1161590 1260.1
1161600 1265.4
1161610 1270.8
1161620 1270.8
1161630 1275.2
1161640 1278.5
1161650 1278.5
1161660 1282.7
1161670 1288.1
1161680 1288.1
1161690 1295.5
1161700 1304.2
1161710 1304.2
1161720 1310.0
1161730 1315.6
1161740 1315.6
1161750 1319.6
1161760 1325.7
1161770 1325.7
1161780 1335.5
1161790 1343.1
1161800 1343.1
1161810 1336.2
1161820 1338.8
1161830 1338.8
1161840 1339.0
1161850 1337.4
1161860 1335.0
1161870 1335.0
1161880 1332.2
1161890 1330.3
1161900 1330.3
1161910 1330.9
1161920 1331.2
1161930 1331.2
1161940 1331.0
1161950 1329.4
1161960 1329.4
1161970 1326.7
1161980 1319.6
1161990 1319.6
1162000 1322.6
1162010 1332.4
1162020 1332.4
1162030 1340.6
1162040 1348.5
1162050 1348.5
1162060 1357.0
1162070 1366.2
1162080 1366.2
1162090 1377.1
1162100 1393.2
1162110 1393.2
1162120 1404.4
1162130 1411.2
1162140 1411.2
1162150 1416.0
1162160 1420.1
1162170 1424.0
1162180 1424.0
1162190 1427.3
1162200 1429.6
1162210 1424.0
1162220 1425.9
1162230 1427.0
1162240 1427.0
1162250 1426.6
1162260 1424.2
1162270 1424.2
1162280 1421.5
1162290 1422.2
1162300 1422.2
1162310 1424.7
1162320 1426.0
1162330 1426.0
1162340 1426.3
1162350 1427.2
1162360 1427.2
1162370 1428.0
1162380 1428.6
1162390 1428.6
1162400 1429.0
1162410 1428.2
1162420 1428.2
1162430 1426.1
1162440 1422.4
1162450 1417.4
1162460 1417.4
1162470 1413.1
1162480 1406.8
1162490 1406.8
1162500 1397.6
1162510 1380.9
1162520 1380.9
1162530 1352.1
1162540 1336.9
1162550 1336.9
1162560 1326.1
1162570 1319.5
1162580 1319.5
1162590 1315.9
1162600 1304.8
1162610 1304.8
1162620 1304.1
1162630 1307.5
1162640 1307.5
1162650 1313.7
1162660 1321.6
1162670 1321.6
1162680 1329.8
1162690 1338.5
1162700 1338.5
1162710 1348.5
1162720 1360.0
1162730 1360.0
1162740 1368.7
1162750 1375.6
1162760 1381.5
1162770 1381.5
1162780 1387.0
1162790 1393.1
1162800 1393.1
1162810 1399.6
1162820 1406.1
1162830 1406.1
1162840 1411.6
1162850 1414.9
1162860 1414.9
1162870 1419.3
1162880 1422.9
1162890 1422.9
1162900 1424.1
1162910 1426.6
1162920 1426.6
1162930 1429.0
1162940 1428.5
1162950 1428.5
1162960 1426.2
1162970 1423.5
1162980 1423.5
1162990 1420.9
1163000 1416.5
1163010 1416.5
1163020 1416.6
1163030 1416.1
1163040 1416.1
1163050 1415.6
1163060 1419.7
1163070 1423.0
1163080 1423.0
1163090 1424.4
1163100 1424.2
1163110 1424.2
1163120 1424.1
1163130 1424.2
1163140 1424.2
1163150 1424.5
1163160 1424.0
1163170 1424.0
1163180 1422.4
1163190 1420.3
1163200 1420.3
1163210 1418.2
1163220 1418.1
1163230 1418.1
1163240 1417.5
1163250 1417.5
1163260 1417.5
1163270 1416.2
1163280 1416.1
1163290 1416.1
1163300 1415.7
1163310 1416.2
1163320 1416.2
1163330 1417.5
1163340 1418.0
1163350 1417.9
1163360 1417.9
1163370 1418.3
1163380 1418.8
1163390 1418.8
1163400 1414.5
1163410 1413.7
1163420 1413.7
1163430 1414.9
1163440 1416.0
1163450 1416.0
1163460 1416.2
1163470 1417.0
1163480 1417.0
1163490 1416.9
1163500 1414.1
1163510 1414.1
1163520 1409.7
1163530 1407.4
1163540 1407.4
1163550 1406.1
1163560 1404.7
1163570 1404.7
1163580 1402.4
1163590 1399.5
1163600 1399.5
1163610 1398.5
1163620 1398.3
1163630 1398.3
1163640 1398.5
1163650 1398.7
1163660 1398.5
1163670 1398.5
1163680 1397.9
1163690 1396.7
1163700 1396.7
1163710 1395.7
1163720 1394.9
1163730 1394.9
1163740 1393.6
1163750 1392.5
1163760 1392.5
1163770 1392.6
1163780 1392.3
1163790 1387.5
1163800 1386.4
1163810 1385.2
1163820 1385.2
1163830 1383.5
1163840 1381.1
1163850 1381.1
1163860 1378.8
1163870 1377.6
1163880 1377.6
1163890 1376.0
1163900 1375.1
1163910 1375.1
1163920 1374.4
1163930 1374.8
1163940 1374.8
1163950 1374.8
1163960 1374.8
1163970 1374.8
1163980 1374.8
1163990 1374.6
1164000 1374.2
1164010 1374.2
1164020 1374.1
1164030 1374.0
1164040 1374.0
1164050 1373.8
1164060 1373.5
1164070 1373.5
1164080 1373.8
1164090 1374.3
1164100 1374.3
1164110 1374.0
1164120 1373.7
1164130 1373.7
1164140 1374.0
1164150 1374.1
1164160 1374.1
1164170 1374.6
1164180 1374.8
1164190 1369.7
1164200 1368.8
1164210 1367.1
1164220 1367.1
1164230 1366.3
1164240 1365.6
1164250 1365.2
1164260 1365.2
1164270 1364.0
1164280 1363.1
1164290 1363.1
1164300 1362.5
1164310 1360.4
1164320 1360.4
1164330 1357.3
1164340 1353.6
1164350 1353.6
1164360 1350.0
1164370 1347.7
1164380 1347.7
1164390 1346.1
1164400 1345.1
1164410 1345.1
1164420 1345.3
1164430 1345.4
1164440 1345.4
1164450 1346.3
1164460 1347.5
1164470 1347.5
1164480 1348.0
1164490 1348.3
1164500 1348.3
1164510 1348.5
1164520 1348.7
1164530 1348.7
1164540 1348.6
1164550 1347.8
1164560 1347.4
1164570 1347.4
1164580 1345.7
1164590 1338.2
1164600 1338.2
1164610 1329.9
1164620 1320.7
1164630 1320.7
1164640 1316.6
1164650 1315.2
1164660 1315.2
1164670 1314.0
1164680 1312.7
1164690 1312.7
1164700 1312.9
1164710 1313.0
1164720 1313.0
1164730 1313.1
1164740 1312.4
1164750 1312.4
1164760 1311.4
1164770 1309.8
1164780 1309.8
1164790 1308.6
1164800 1306.8
1164810 1306.8
1164820 1305.5
1164830 1303.4
1164840 1301.4
1164850 1301.4
1164860 1298.5
1164870 1296.1
1164880 1296.1
1164890 1296.2
1164900 1295.5
1164910 1295.5
1164920 1294.7
1164930 1292.8
1164940 1292.8
1164950 1291.7
1164960 1291.4
1164970 1291.4
1164980 1288.7
1164990 1282.0
1165000 1282.0
1165010 1279.7
1165020 1277.3
1165030 1277.3
1165040 1276.1
1165050 1275.6
1165060 1275.6
1165070 1274.8
1165080 1274.4
1165090 1274.4
1165100 1273.0
1165110 1271.9
1165120 1271.9
1165130 1272.0
1165140 1272.2
1165150 1272.0
1165160 1272.0
1165170 1270.9
1165180 1270.7
1165190 1270.7
1165200 1269.1
1165210 1267.1
1165220 1267.1
1165230 1265.9
1165240 1265.0
1165250 1265.0
1165260 1264.1
1165270 1262.6
1165280 1262.6
1165290 1261.6
1165300 1260.7
1165310 1260.7
1165320 1260.9
1165330 1261.5
1165340 1261.5
1165350 1261.8
1165360 1262.7
1165370 1262.7
1165380 1264.0
1165390 1259.5
1165400 1259.5
1165410 1260.5
1165420 1261.2
1165430 1259.7
1165440 1259.7
1165450 1258.0
1165460 1256.8
1165470 1256.8
1165480 1256.0
1165490 1255.8
1165500 1255.8
1165510 1255.2
1165520 1254.2
1165530 1254.2
1165540 1252.7
1165550 1252.3
1165560 1252.3
1165570 1251.0
1165580 1249.1
1165590 1249.1
1165600 1248.4
1165610 1247.1
1165620 1247.1
1165630 1246.2
1165640 1245.0
1165650 1245.0
1165660 1244.0
1165670 1242.2
1165680 1242.2
1165690 1239.5
1165700 1236.3
1165710 1236.3
1165720 1234.5
1165730 1227.0
1165740 1202.6
1165750 1202.6
1165760 1190.4
1165770 1184.5
1165780 1184.5
1165790 1170.5
1165800 1164.0
1165810 1164.0
1165820 1159.0
1165830 1154.4
1165840 1154.4
1165850 1149.9
1165860 1144.3
1165870 1144.3
1165880 1140.0
1165890 1136.8
1165900 1136.8
1165910 1133.1
1165920 1129.0
1165930 1129.0
1165940 1124.7
1165950 1121.5
1165960 1121.5
1165970 1120.1
1165980 1118.9
1165990 1118.9
1166000 1117.3
1166010 1115.0
1166020 1115.0
1166030 1112.6
1166040 1110.5
1166050 1110.0
1166060 1110.0
1166070 1110.0
1166080 1110.2
1166090 1110.2
1166100 1110.4
1166110 1110.3
1166120 1110.3
1166130 1110.4
1166140 1110.3
1166150 1110.3
1166160 1109.8
1166170 1106.9
1166180 1106.9
1166190 1093.0
1166200 1091.2
1166210 1091.2
1166220 1089.2
1166230 1087.9
1166240 1087.9
1166250 1087.9
1166260 1088.1
1166270 1088.1
1166280 1087.6
1166290 1085.8
1166300 1085.8
1166310 1082.6
1166320 1080.6
1166330 1079.9
1166340 1079.9
1166350 1079.5
1166360 1079.2
1166370 1079.2
1166380 1079.0
1166390 1077.8
1166400 1077.8
1166410 1067.9
1166420 1049.6
1166430 1049.6
1166440 1042.8
1166450 1040.8
1166460 1040.8
1166470 1040.6
1166480 1046.8
1166490 1046.8
1166500 1065.7
1166510 1082.1
1166520 1082.1
1166530 1081.8
1166540 1078.8
1166550 1078.8
1166560 1077.3
1166570 1076.3
1166580 1076.3
1166590 1077.8
1166600 1076.5
1166610 1076.5
1166620 1075.4
1166630 1072.4
1166640 1061.3
1166650 1061.3
1166660 1048.3
1166670 1042.1
1166680 1042.1
1166690 1036.8
1166700 1037.0
1166710 1037.0
1166720 1039.4
1166730 1043.8
1166740 1043.8
1166750 1048.1
1166760 1048.9
1166770 1048.9
1166780 1046.7
1166790 1043.5
1166800 1043.5
1166810 1040.9
1166820 1042.8
1166830 1042.8
1166840 1045.4
1166850 1038.0
1166860 1038.0
1166870 1037.4
1166880 1040.8
1166890 1040.8
1166900 1039.5
1166910 1036.4
1166920 1034.8
1166930 1034.8
1166940 1033.5
1166950 1033.1
1166960 1033.1
1166970 1033.0
1166980 1034.0
1166990 1048.5
1167000 1049.5
1167010 1050.5
1167020 1050.5
1167030 1055.5
1167040 1058.0
1167050 1058.0
1167060 1058.9
1167070 1061.7
1167080 1061.7
1167090 1065.3
1167100 1068.7
1167110 1068.7
1167120 1071.9
1167130 1075.5
1167140 1075.5
1167150 1078.5
1167160 1078.9
1167170 1078.9
1167180 1078.2
1167190 1078.4
1167200 1078.4
1167210 1079.4
1167220 1083.7
1167230 1087.9
1167240 1087.9
1167250 1089.4
1167260 1089.1
1167270 1089.1
1167280 1086.7
1167290 1083.9
1167300 1083.9
1167310 1082.6
1167320 1081.3
1167330 1081.3
1167340 1080.2
1167350 1079.6
1167360 1079.6
1167370 1079.2
1167380 1079.2
1167390 1083.4
1167400 1081.1
1167410 1078.3
1167420 1078.3
1167430 1074.9
1167440 1070.8
1167450 1070.8
1167460 1065.8
1167470 1064.0
1167480 1064.0
1167490 1064.6
1167500 1064.9
1167510 1064.2
1167520 1064.2
1167530 1064.5
1167540 1065.0
1167550 1065.0
1167560 1065.0
1167570 1062.3
1167580 1062.3
1167590 1058.3
1167600 1056.4
1167610 1056.4
1167620 1057.2
1167630 1058.6
1167640 1058.6
1167650 1059.0
1167660 1056.6
1167670 1056.6
1167680 1056.4
1167690 1058.3
1167700 1058.3
1167710 1062.1
1167720 1065.4
1167730 1065.4
1167740 1066.0
1167750 1064.0
1167760 1064.0
1167770 1060.3
1167780 1065.6
1167790 1065.6
1167800 1070.3
1167810 1075.5
1167820 1078.8
1167830 1078.8
1167840 1081.0
1167850 1081.7
1167860 1081.7
1167870 1081.7
1167880 1081.0
1167890 1081.0
1167900 1078.8
1167910 1075.2
1167920 1075.2
1167930 1072.6
1167940 1071.5
1167950 1071.5
1167960 1069.3
1167970 1066.6
1167980 1066.6
1167990 1064.3
1168000 1062.0
1168010 1062.0
1168020 1060.3
1168030 1059.2
1168040 1059.2
1168050 1061.6
1168060 1069.3
1168070 1069.3
1168080 1074.0
1168090 1076.9
1168100 1076.9
1168110 1077.9
1168120 1078.5
1168130 1079.1
1168140 1079.1
1168150 1080.2
1168160 1081.6
1168170 1081.6
1168180 1082.0
1168190 1082.3
1168200 1090.4
1168210 1092.4
1168220 1093.4
1168230 1093.4
1168240 1094.0
1168250 1093.6
1168260 1093.6
1168270 1093.2
1168280 1092.9
1168290 1092.9
1168300 1093.3
1168310 1094.3
1168320 1094.3
1168330 1095.2
1168340 1096.4
1168350 1096.4
1168360 1097.9
1168370 1100.4
1168380 1100.4
1168390 1100.0
1168400 1099.7
1168410 1101.2
1168420 1101.2
1168430 1103.1
1168440 1104.0
1168450 1104.0
1168460 1104.2
1168470 1105.3
1168480 1105.3
1168490 1111.1
1168500 1116.4
1168510 1116.4
1168520 1120.1
1168530 1122.2
1168540 1122.2
1168550 1125.0
1168560 1126.2
1168570 1126.2
1168580 1121.7
1168590 1115.4
1168600 1121.7
1168610 1115.6
1168620 1110.8
1168630 1110.8
1168640 1109.8
1168650 1111.2
1168660 1111.2
1168670 1112.7
1168680 1113.2
1168690 1113.2
1168700 1112.8
1168710 1112.9
1168720 1113.3
1168730 1113.3
1168740 1114.6
1168750 1116.4
1168760 1116.4
1168770 1117.0
1168780 1116.7
1168790 1116.7
1168800 1114.0
1168810 1111.3
1168820 1111.3
1168830 1107.3
1168840 1103.4
1168850 1103.4
1168860 1100.1
1168870 1098.1
1168880 1098.1
1168890 1097.0
1168900 1095.9
1168910 1095.9
1168920 1095.0
1168930 1093.4
1168940 1093.4
1168950 1093.6
1168960 1085.1
1168970 1085.1
1168980 1072.4
1168990 1060.2
1169000 1057.9
1169010 1063.7
1169020 1069.7
1169030 1071.2
1169040 1071.2
1169050 1071.8
1169060 1072.6
1169070 1072.6
1169080 1073.3
1169090 1074.5
1169100 1074.5
1169110 1074.6
1169120 1074.3
1169130 1074.3
1169140 1072.7
1169150 1070.5
1169160 1070.5
1169170 1072.6
1169180 1075.3
1169190 1075.3
1169200 1075.7
1169210 1076.2
1169220 1076.2
1169230 1075.9
1169240 1076.6
1169250 1076.6
1169260 1078.0
1169270 1078.1
1169280 1078.1
1169290 1078.7
1169300 1079.0
1169310 1078.5
1169320 1078.5
1169330 1078.6
1169340 1080.2
1169350 1080.2
1169360 1080.5
1169370 1079.7
1169380 1079.7
1169390 1079.6
1169400 1080.6
1169410 1086.2
1169420 1086.5
1169430 1086.1
1169440 1086.1
1169450 1080.4
1169460 1070.0
1169470 1070.0
1169480 1076.9
1169490 1083.8
1169500 1083.8
1169510 1084.0
1169520 1083.5
1169530 1083.5
1169540 1082.3
1169550 1082.3
1169560 1082.3
1169570 1081.5
1169580 1082.8
1169590 1082.8
1169600 1086.4
1169610 1087.1
1169620 1087.5
1169630 1087.5
1169640 1087.1
1169650 1086.0
1169660 1086.0
1169670 1085.0
1169680 1084.5
1169690 1084.5
1169700 1083.0
1169710 1079.5
1169720 1079.5
1169730 1075.7
1169740 1073.7
1169750 1073.7
1169760 1072.6
1169770 1071.0
1169780 1071.0
1169790 1067.7
1169800 1063.4
1169810 1068.9
1169820 1064.4
1169830 1060.4
1169840 1060.4
1169850 1059.0
1169860 1057.0
1169870 1057.0
1169880 1055.8
1169890 1054.2
1169900 1051.8
1169910 1051.8
1169920 1049.8
1169930 1048.1
1169940 1048.1
1169950 1045.2
1169960 1044.8
1169970 1044.8
1169980 1044.2
1169990 1043.2
1170000 1043.2
1170010 1043.4
1170020 1042.3
1170030 1042.3
1170040 1039.6
1170050 1033.1
1170060 1033.1
1170070 1033.6
1170080 1037.9
1170090 1037.9
1170100 1038.5
1170110 1038.9
1170120 1038.9
1170130 1039.9
1170140 1039.6
1170150 1039.6
1170160 1039.3
1170170 1038.4
1170180 1038.4
1170190 1037.1
1170200 1035.2
1170210 1033.2
1170220 1041.3
1170230 1041.5
1170240 1039.5
1170250 1039.5
1170260 1037.0
1170270 1034.7
1170280 1034.7
1170290 1031.6
1170300 1031.0
1170310 1031.0
1170320 1032.1
1170330 1033.7
1170340 1033.7
1170350 1033.4
1170360 1032.2
1170370 1032.2
1170380 1032.4
1170390 1032.0
1170400 1032.0
1170410 1031.1
1170420 1029.2
1170430 1029.2
1170440 1024.8
1170450 1027.8
1170460 1027.8
1170470 1032.3
1170480 1034.7
1170490 1034.4
1170500 1034.4
1170510 1033.4
1170520 1032.4
1170530 1032.4
1170540 1031.3
1170550 1029.9
1170560 1029.9
1170570 1029.0
1170580 1028.4
1170590 1028.4
1170600 1027.1
1170610 1027.2
1170620 1027.2
1170630 1034.4
1170640 1034.9
1170650 1034.9
1170660 1033.8
1170670 1033.2
1170680 1033.2
1170690 1032.5
1170700 1031.3
1170710 1031.3
1170720 1030.4
1170730 1029.0
1170740 1029.0
1170750 1027.7
1170760 1026.8
1170770 1026.8
1170780 1026.1
1170790 1025.6
1170800 1024.7
1170810 1024.7
1170820 1022.7
1170830 1020.8
1170840 1020.8
1170850 1019.7
1170860 1018.5
1170870 1018.5
1170880 1018.1
1170890 1017.5
1170900 1017.5
1170910 1017.3
1170920 1018.3
1170930 1018.3
1170940 1019.7
1170950 1020.5
1170960 1020.5
1170970 1021.3
1170980 1021.8
1170990 1021.8
1171000 1022.5
1171010 1023.6
1171020 1023.6
1171030 1028.7
1171040 1025.7
1171050 1025.7
1171060 1027.6
1171070 1027.1
1171080 1025.3
1171090 1025.3
1171100 1022.1
1171110 1017.0
1171120 1017.0
1171130 1016.5
1171140 1020.0
1171150 1020.0
1171160 1021.2
1171170 1021.3
1171180 1021.3
1171190 1022.1
1171200 1022.3
1171210 1022.3
1171220 1021.7
1171230 1022.0
1171240 1022.0
1171250 1022.7
1171260 1023.4
1171270 1023.4
1171280 1024.7
1171290 1025.4
1171300 1025.4
1171310 1024.7
1171320 1024.3
1171330 1024.3
1171340 1023.3
1171350 1023.5
1171360 1023.5
1171370 1025.4
1171380 1027.0
1171390 1028.8
1171400 1028.8
1171410 1028.7
1171420 1028.9
1171430 1028.9
1171440 1034.4
1171450 1035.8
1171460 1035.8
1171470 1036.5
1171480 1036.9
1171490 1036.9
1171500 1036.7
1171510 1037.0
1171520 1037.0
1171530 1038.9
1171540 1041.0
1171550 1041.0
1171560 1041.4
1171570 1042.5
1171580 1042.5
1171590 1042.0
1171600 1038.1
1171610 1038.1
1171620 1039.2
1171630 1038.0
1171640 1038.0
1171650 1040.5
1171660 1042.7
1171670 1042.7
1171680 1045.7
1171690 1048.4
1171700 1050.2
1171710 1050.2
1171720 1051.6
1171730 1053.6
1171740 1053.6
1171750 1055.3
1171760 1058.1
1171770 1058.1
1171780 1058.5
1171790 1058.5
1171800 1058.5
1171810 1059.2
1171820 1061.1
1171830 1061.1
1171840 1062.8
1171850 1069.1
1171860 1069.1
1171870 1069.6
1171880 1069.6
1171890 1069.6
1171900 1068.7
1171910 1070.7
1171920 1070.7
1171930 1072.0
1171940 1071.5
1171950 1071.5
1171960 1071.5
1171970 1072.2
1171980 1074.1
1171990 1074.1
1172000 1076.7
1172010 1079.9
1172020 1079.9
1172030 1081.4
1172040 1082.4
1172050 1082.4
1172060 1084.2
1172070 1086.8
1172080 1086.8
1172090 1087.8
1172100 1088.0
1172110 1088.0
1172120 1088.5
1172130 1089.7
1172140 1089.7
1172150 1091.9
1172160 1094.8
1172170 1094.8
1172180 1097.5
1172190 1100.4
1172200 1100.4
1172210 1102.8
1172220 1106.2
1172230 1106.2
1172240 1109.5
1172250 1125.9
1172260 1125.9
1172270 1132.7
1172280 1136.8
1172290 1139.8
1172300 1139.8
1172310 1142.1
1172320 1144.0
1172330 1144.0
1172340 1144.2
1172350 1145.5
1172360 1145.5
1172370 1145.6
1172380 1143.8
1172390 1143.8
1172400 1142.1
1172410 1141.0
1172420 1141.0
1172430 1140.2
1172440 1139.9
1172450 1139.9
1172460 1141.1
1172470 1142.9
1172480 1142.9
1172490 1144.5
1172500 1145.4
1172510 1145.4
1172520 1147.0
1172530 1148.7
1172540 1148.7
1172550 1149.9
1172560 1151.8
1172570 1150.2
1172580 1150.2
1172590 1147.7
1172600 1146.4
1172610 1146.4
1172620 1143.7
1172630 1138.4
1172640 1138.4
1172650 1133.0
1172660 1134.7
1172670 1134.7
1172680 1130.5
1172690 1126.1
1172700 1126.1
1172710 1121.4
1172720 1118.7
1172730 1118.7
1172740 1115.2
1172750 1110.1
1172760 1110.1
1172770 1104.7
1172780 1099.8
1172790 1099.8
1172800 1095.3
1172810 1091.5
1172820 1091.5
1172830 1087.6
1172840 1084.5
1172850 1084.5
1172860 1081.3
1172870 1078.2
1172880 1074.1
1172890 1074.1
1172900 1070.6
1172910 1067.7
1172920 1067.7
1172930 1064.3
1172940 1061.4
1172950 1061.4
1172960 1058.1
1172970 1055.2
1172980 1055.2
1172990 1052.6
1173000 1049.8
1173010 1049.8
1173020 1047.1
1173030 1044.5
1173040 1044.5
1173050 1041.8
1173060 1037.8
1173070 1038.0
1173080 1033.9
1173090 1030.0
1173100 1030.0
1173110 1027.1
1173120 1024.6
1173130 1024.6
1173140 1021.7
1173150 1018.6
1173160 1015.6
1173170 1015.6
1173180 1011.9
1173190 1007.7
1173200 1007.7
1173210 1003.8
1173220 999.9
1173230 999.9
1173240 996.4
1173250 993.2
1173260 993.2
1173270 990.3
1173280 987.5
1173290 987.5
1173300 984.9
1173310 982.6
1173320 982.6
1173330 979.9
1173340 977.6
1173350 977.6
1173360 975.2
1173370 973.1
1173380 973.1
1173390 969.8
1173400 966.2
1173410 966.2
1173420 964.4
1173430 963.9
1173440 963.9
1173450 963.7
1173460 963.7
1173470 963.7
1173480 963.5
1173490 963.3
1173500 963.2
1173510 963.2
1173520 963.1
1173530 963.0
1173540 963.0
1173550 963.1
1173560 963.2
1173570 963.2
1173580 963.5
1173590 963.0
1173600 963.0
1173610 962.4
1173620 962.1
1173630 962.1
1173640 962.1
1173650 962.1
1173660 962.1
1173670 962.1
1173680 962.1
1173690 962.1
1173700 962.2
1173710 962.2
1173720 962.2
1173730 962.3
1173740 962.4
1173750 962.4
1173760 962.4
1173770 962.1
1173780 960.8
1173790 960.8
1173800 956.8
1173810 952.8
1173820 952.8
1173830 952.6
1173840 952.8
1173850 952.8
1173860 952.8
1173870 952.7
1173880 952.7
1173890 952.5
1173900 952.4
1173910 952.4
1173920 952.4
1173930 952.3
1173940 952.3
1173950 952.2
1173960 952.2
1173970 952.2
1173980 952.1
1173990 951.9
1174000 951.9
1174010 951.6
1174020 951.5
1174030 951.5
1174040 951.6
1174050 951.5
1174060 951.4
1174070 951.4
1174080 951.1
1174090 951.2
1174100 951.2
1174110 951.2
1174120 951.3
1174130 951.3
1174140 951.1
1174150 950.9
1174160 950.9
1174170 950.8
1174180 950.6
1174190 950.6
1174200 950.5
1174210 950.4
1174220 950.4
1174230 950.4
1174240 950.3
1174250 950.3
1174260 950.2
1174270 950.1
1174280 950.1
1174290 949.9
1174300 949.2
1174310 949.2
1174320 948.6
1174330 948.0
1174340 948.0
1174350 948.1
1174360 948.0
1174370 947.5
1174380 947.5
1174390 948.2
1174400 948.7
1174410 948.7
1174420 948.8
1174430 948.7
1174440 948.7
1174450 948.5
1174460 948.6
1174470 948.6
1174480 948.7
1174490 948.7
1174500 948.7
1174510 948.5
1174520 947.2
1174530 947.2
1174540 946.8
1174550 946.7
1174560 946.7
1174570 946.6
1174580 947.5
1174590 947.5
1174600 952.9
1174610 956.9
1174620 956.9
1174630 961.4
1174640 967.7
1174650 971.4
1174660 971.4
1174670 974.7
1174680 978.2
1174690 978.2
1174700 982.5
1174710 986.8
1174720 986.8
1174730 993.5
1174740 1000.4
1174750 1000.4
1174760 1006.6
1174770 1010.5
1174780 1010.5
1174790 1012.4
1174800 1011.7
1174810 1011.7
1174820 1009.2
1174830 1008.8
1174840 1008.8
1174850 1011.9
1174860 1020.4
1174870 1020.4
1174880 1027.5
1174890 1033.9
1174900 1033.9
1174910 1040.2
1174920 1047.0
1174930 1047.0
1174940 1054.2
1174950 1062.6
1174960 1072.0
1174970 1072.0
1174980 1081.2
1174990 1091.1
1175000 1091.1
1175010 1099.5
1175020 1107.3
1175030 1107.3
1175040 1115.7
1175050 1123.7
1175060 1123.7
1175070 1130.8
1175080 1137.9
1175090 1137.9
1175100 1145.9
1175110 1154.5
1175120 1155.3
1175130 1163.7
1175140 1168.6
1175150 1168.6
1175160 1173.7
1175170 1180.4
1175180 1180.4
1175190 1187.7
1175200 1195.4
1175210 1195.4
1175220 1202.3
1175230 1209.7
1175240 1216.0
1175250 1216.0
1175260 1224.0
1175270 1231.5
1175280 1231.5
1175290 1238.7
1175300 1244.7
1175310 1244.7
1175320 1251.1
1175330 1254.4
1175340 1254.4
1175350 1258.7
1175360 1263.0
1175370 1263.0
1175380 1264.9
1175390 1265.4
1175400 1265.4
1175410 1268.2
1175420 1270.9
1175430 1270.9
1175440 1274.8
1175450 1279.3
1175460 1279.3
1175470 1284.0
1175480 1288.3
1175490 1288.3
1175500 1293.0
1175510 1300.8
1175520 1300.8
1175530 1306.6
1175540 1308.5
1175550 1312.8
1175560 1312.8
1175570 1319.7
1175580 1327.6
1175590 1327.6
1175600 1334.7
1175610 1341.2
1175620 1341.2
1175630 1348.0
1175640 1355.4
1175650 1355.4
1175660 1362.7
1175670 1370.0
1175680 1370.0
1175690 1377.6
1175700 1385.8
1175710 1385.8
1175720 1393.9
1175730 1403.5
1175740 1403.5
1175750 1414.2
1175760 1420.8
1175770 1420.8
1175780 1428.5
1175790 1436.8
1175800 1436.8
1175810 1445.4
1175820 1462.3
1175830 1484.2
1175840 1484.2
1175850 1490.6
1175860 1497.1
1175870 1497.1
1175880 1501.5
1175890 1506.3
1175900 1506.3
1175910 1510.5
1175920 1516.9
1175930 1516.9
1175940 1524.7
1175950 1542.9
1175960 1542.9
1175970 1543.1
1175980 1539.9
1175990 1539.9
1176000 1535.2
1176010 1528.8
1176020 1528.8
1176030 1520.5
1176040 1512.6
1176050 1512.6
1176060 1506.5
1176070 1501.3
1176080 1501.3
1176090 1496.3
1176100 1490.5
1176110 1490.5
1176120 1485.5
1176130 1480.8
1176140 1476.8
1176150 1476.8
1176160 1473.0
1176170 1468.8
1176180 1468.8
1176190 1467.1
1176200 1465.2
1176210 1465.2
1176220 1460.3
1176230 1451.2
1176240 1451.2
1176250 1444.3
1176260 1438.9
1176270 1438.9
1176280 1434.3
1176290 1432.7
1176300 1432.7
1176310 1434.5
1176320 1436.0
1176330 1436.0
1176340 1438.8
1176350 1442.5
1176360 1448.6
1176370 1453.0
1176380 1457.8
1176390 1457.8
1176400 1462.5
1176410 1465.6
1176420 1465.5
1176430 1465.5
1176440 1462.1
1176450 1463.9
1176460 1463.9
1176470 1465.4
1176480 1463.0
1176490 1463.0
1176500 1459.2
1176510 1456.6
1176520 1456.6
1176530 1458.1
1176540 1462.2
1176550 1462.2
1176560 1469.2
1176570 1471.2
1176580 1471.2
1176590 1472.6
1176600 1472.7
1176610 1472.7
1176620 1473.5
1176630 1475.6
1176640 1475.6
1176650 1477.7
1176660 1479.1
1176670 1479.1
1176680 1482.3
1176690 1486.5
1176700 1486.5
1176710 1491.2
1176720 1494.4
1176730 1497.3
1176740 1497.3
1176750 1502.1
1176760 1505.9
1176770 1505.9
1176780 1515.7
1176790 1518.6
1176800 1518.6
1176810 1520.9
1176820 1521.4
1176830 1521.4
1176840 1523.1
1176850 1528.3
1176860 1528.3
1176870 1532.4
1176880 1533.8
1176890 1533.8
1176900 1532.4
1176910 1534.6
1176920 1534.6
1176930 1540.7
1176940 1546.8
1176950 1546.8
1176960 1552.2
1176970 1553.6
1176980 1553.6
1176990 1556.9
1177000 1564.6
1177010 1564.6
1177020 1574.1
1177030 1586.4
1177040 1596.4
1177050 1596.4
1177060 1604.0
1177070 1610.8
1177080 1610.8
1177090 1616.4
1177100 1621.6
1177110 1621.6
1177120 1626.6
1177130 1631.2
1177140 1631.2
1177150 1633.1
1177160 1636.7
1177170 1636.7
1177180 1643.0
1177190 1654.3
1177200 1654.3
1177210 1660.6
1177220 1667.2
1177230 1667.2
1177240 1672.5
1177250 1677.9
1177260 1677.9
1177270 1683.0
1177280 1688.4
1177290 1688.4
1177300 1693.0
1177310 1697.5
1177320 1702.6
1177330 1702.6
1177340 1707.5
1177350 1712.6
1177360 1712.6
1177370 1718.6
1177380 1724.8
1177390 1724.8
1177400 1731.0
1177410 1736.6
1177420 1736.6
1177430 1743.2
1177440 1752.7
1177450 1752.7
1177460 1758.4
1177470 1762.6
1177480 1762.6
1177490 1767.1
1177500 1770.5
1177510 1770.5
1177520 1774.7
1177530 1780.3
1177540 1780.3
1177550 1785.2
1177560 1791.1
1177570 1791.1
1177580 1795.8
1177590 1802.1
1177600 1802.1
1177610 1816.4
1177620 1822.5
1177630 1826.7
1177640 1826.7
1177650 1823.7
1177660 1819.3
1177670 1819.3
1177680 1817.6
1177690 1817.2
1177700 1817.2
1177710 1812.0
1177720 1805.8
1177730 1805.8
1177740 1799.8
1177750 1794.2
1177760 1794.2
1177770 1788.4
1177780 1782.2
1177790 1782.2
1177800 1775.8
1177810 1769.1
1177820 1769.1
1177830 1762.3
1177840 1755.6
1177850 1755.6
1177860 1749.1
1177870 1742.2
1177880 1742.2
1177890 1735.1
1177900 1728.8
1177910 1721.2
1177920 1721.2
1177930 1712.6
1177940 1705.1
1177950 1705.1
1177960 1697.3
1177970 1688.3
1177980 1688.3
1177990 1678.8
1178000 1669.1
1178010 1669.1
1178020 1672.8
1178030 1672.9
1178040 1672.9
1178050 1666.8
1178060 1658.6
1178070 1658.6
1178080 1650.8
1178090 1644.9
1178100 1644.9
1178110 1640.4
1178120 1634.0
1178130 1634.0
1178140 1626.3
1178150 1615.3
1178160 1615.3
1178170 1605.9
1178180 1598.3
1178190 1598.3
1178200 1591.0
1178210 1583.6
1178220 1575.2
1178230 1575.2
1178240 1567.3
1178250 1562.1
1178260 1562.1
1178270 1558.7
1178280 1549.5
1178290 1549.5
1178300 1536.2
1178310 1525.8
1178320 1525.8
1178330 1517.1
1178340 1509.1
1178350 1509.1
1178360 1501.2
1178370 1492.8
1178380 1492.8
1178390 1484.0
1178400 1475.5
1178410 1475.5
1178420 1467.1
1178430 1459.9
1178440 1462.3
1178450 1455.9
1178460 1449.6
1178470 1449.6
1178480 1443.6
1178490 1437.8
1178500 1432.4
1178510 1432.4
1178520 1427.4
1178530 1422.7
1178540 1422.7
1178550 1417.9
1178560 1414.1
1178570 1414.1
1178580 1410.4
1178590 1406.8
1178600 1406.8
1178610 1402.9
1178620 1399.6
1178630 1399.6
1178640 1396.8
1178650 1394.5
1178660 1394.5
1178670 1392.3
1178680 1389.4
1178690 1389.4
1178700 1387.0
1178710 1385.3
1178720 1385.3
1178730 1383.9
1178740 1382.2
1178750 1382.2
1178760 1380.4
1178770 1378.7
1178780 1378.7
1178790 1377.2
1178800 1375.8
1178810 1373.5
1178820 1373.5
1178830 1370.8
1178840 1367.8
1178850 1371.2
1178860 1369.1
1178870 1367.4
1178880 1367.4
1178890 1366.0
1178900 1364.3
1178910 1364.3
1178920 1362.8
1178930 1362.6
1178940 1362.6
1178950 1362.7
1178960 1364.0
1178970 1364.0
1178980 1364.9
1178990 1364.1
1179000 1364.1
1179010 1365.5
1179020 1368.2
1179030 1368.2
1179040 1369.3
1179050 1371.1
1179060 1371.1
1179070 1374.4
1179080 1379.0
1179090 1383.9
1179100 1383.9
1179110 1389.1
1179120 1394.6
1179130 1394.6
1179140 1400.3
1179150 1405.7
1179160 1405.7
1179170 1411.1
1179180 1415.8
1179190 1415.8
1179200 1419.4
1179210 1423.2
1179220 1423.2
1179230 1427.6
1179240 1430.9
1179250 1430.9
1179260 1433.9
1179270 1442.2
1179280 1442.2
1179290 1448.0
1179300 1455.2
1179310 1455.2
1179320 1464.0
1179330 1473.1
1179340 1473.1
1179350 1486.6
1179360 1500.7
1179370 1500.7
1179380 1509.9
1179390 1517.1
1179400 1522.8
1179410 1522.8
1179420 1528.4
1179430 1533.0
1179440 1533.0
1179450 1537.6
1179460 1543.1
1179470 1543.1
1179480 1545.7
1179490 1544.8
1179500 1544.8
1179510 1545.0
1179520 1554.2
1179530 1554.2
1179540 1567.0
1179550 1578.6
1179560 1578.6
1179570 1573.5
1179580 1566.3
1179590 1566.3
1179600 1588.0
1179610 1600.1
1179620 1600.1
1179630 1612.7
1179640 1622.0
1179650 1622.0
1179660 1630.8
1179670 1640.9
1179680 1640.9
1179690 1649.7
1179700 1658.9
1179710 1669.1
1179720 1669.1
1179730 1676.6
1179740 1682.2
1179750 1682.2
1179760 1684.5
1179770 1683.7
1179780 1683.7
1179790 1695.3
1179800 1706.1
1179810 1706.1
1179820 1713.1
1179830 1718.2
1179840 1718.2
1179850 1722.8
1179860 1725.3
1179870 1725.3
1179880 1728.9
1179890 1728.3
1179900 1728.3
1179910 1734.9
1179920 1737.5
1179930 1737.5
1179940 1743.0
1179950 1754.8
1179960 1754.8
1179970 1764.2
1179980 1773.0
1179990 1777.8
