1160000 1380.2
1160010 1382.5
1160020 1385.8
1160030 1385.8
1160040 1389.3
1160050 1392.3
1160060 1392.3
1160070 1395.0
1160080 1397.0
1160090 1397.0
1160100 1396.8
1160110 1396.0
1160120 1396.0
1160130 1396.0
1160140 1395.2
1160150 1395.2
1160160 1392.4
1160170 1388.8
1160180 1388.8
1160190 1385.4
1160200 1384.4
1160210 1384.4
1160220 1386.5
1160230 1386.8
1160240 1386.8
1160250 1388.2
1160260 1390.4
1160270 1387.6
1160280 1387.6
1160290 1390.7
1160300 1394.9
1160310 1394.9
1160320 1398.0
1160330 1401.7
1160340 1401.7
1160350 1395.2
1160360 1400.9
1160370 1400.9
1160380 1404.1
1160390 1403.2
1160400 1403.2
1160410 1408.9
1160420 1413.9
1160430 1413.9
1160440 1416.8
1160450 1433.5
1160460 1433.5
1160470 1443.7
1160480 1452.6
1160490 1452.6
1160500 1455.3
1160510 1455.5
1160520 1455.5
1160530 1456.5
1160540 1467.7
1160550 1467.7
1160560 1475.4
1160570 1473.6
1160580 1467.7
1160590 1467.7
1160600 1460.5
1160610 1454.2
1160620 1454.2
1160630 1447.2
1160640 1439.9
1160650 1439.9
1160660 1431.8
1160670 1423.2
1160680 1423.2
1160690 1413.7
1160700 1405.8
1160710 1405.8
1160720 1395.6
1160730 1389.1
1160740 1389.1
1160750 1388.0
1160760 1395.5
1160770 1395.5
1160780 1402.8
1160790 1409.5
1160800 1409.5
1160810 1415.7
1160820 1422.0
1160830 1422.0
1160840 1428.8
1160850 1436.1
1160860 1436.1
1160870 1443.7
1160880 1450.1
1160890 1463.6
1160900 1463.6
1160910 1486.7
1160920 1506.5
1160930 1506.5
1160940 1527.3
1160950 1554.7
1160960 1554.7
1160970 1568.7
1160980 1574.3
1160990 1574.3
1161000 1580.4
1161010 1586.5
1161020 1586.5
1161030 1592.7
1161040 1599.1
1161050 1599.1
1161060 1605.6
1161070 1612.8
1161080 1612.8
1161090 1620.3
1161100 1628.2
1161110 1628.2
1161120 1636.3
1161130 1646.6
1161140 1640.1
1161150 1647.1
1161160 1652.5
1161170 1657.6
1161180 1657.6
1161190 1662.4
1161200 1666.3
1161210 1666.3
1161220 1669.2
1161230 1671.2
1161240 1671.2
1161250 1673.2
1161260 1675.9
1161270 1675.9
1161280 1681.7
1161290 1683.7
1161300 1683.7
1161310 1684.1
1161320 1686.1
1161330 1686.1
1161340 1688.1
1161350 1685.4
1161360 1685.4
1161370 1680.2
1161380 1682.9
1161390 1682.9
1161400 1692.7
1161410 1695.4
1161420 1695.4
1161430 1697.7
1161440 1699.3
1161450 1699.3
1161460 1701.5
1161470 1703.3
1161480 1705.6
1161490 1705.6
1161500 1707.7
1161510 1709.7
1161520 1709.7
1161530 1708.0
1161540 1698.4
1161550 1698.4
1161560 1699.2
1161570 1698.7
1161580 1698.7
1161590 1698.6
1161600 1694.2
1161610 1694.2
1161620 1691.7
1161630 1696.4
1161640 1696.4
1161650 1698.4
1161660 1700.7
1161670 1700.7
1161680 1701.3
1161690 1703.4
1161700 1703.4
1161710 1706.2
1161720 1704.7
1161730 1704.7
1161740 1706.0
1161750 1708.2
1161760 1708.2
1161770 1708.5
1161780 1707.0
1161790 1701.9
1161800 1701.9
1161810 1695.0
1161820 1688.8
1161830 1688.8
1161840 1682.0
1161850 1673.7
1161860 1673.7
1161870 1668.1
1161880 1665.8
1161890 1665.8
1161900 1669.0
1161910 1673.0
1161920 1673.0
1161930 1670.4
1161940 1674.8
1161950 1674.8
1161960 1676.7
1161970 1674.7
1161980 1674.7
1161990 1668.4
1162000 1661.2
1162010 1661.2
1162020 1655.1
1162030 1648.4
1162040 1648.4
1162050 1640.8
1162060 1634.9
1162070 1629.8
1162080 1629.8
1162090 1621.3
1162100 1615.7
1162110 1615.7
1162120 1615.7
1162130 1619.3
1162140 1619.3
1162150 1621.9
1162160 1632.6
1162170 1632.6
1162180 1646.5
1162190 1655.4
1162200 1655.4
1162210 1659.8
1162220 1661.6
1162230 1661.6
1162240 1664.0
1162250 1670.4
1162260 1670.4
1162270 1673.6
1162280 1675.0
1162290 1675.0
1162300 1676.3
1162310 1677.0
1162320 1677.0
1162330 1670.8
1162340 1670.2
1162350 1670.2
1162360 1669.7
1162370 1668.9
1162380 1669.2
1162390 1669.2
1162400 1669.1
1162410 1665.0
1162420 1665.0
1162430 1655.8
1162440 1648.1
1162450 1648.1
1162460 1638.2
1162470 1630.4
1162480 1630.4
1162490 1625.3
1162500 1619.6
1162510 1619.6
1162520 1623.2
1162530 1630.0
1162540 1630.0
1162550 1635.3
1162560 1641.4
1162570 1641.4
1162580 1643.6
1162590 1635.9
1162600 1635.9
1162610 1626.3
1162620 1615.6
1162630 1615.6
1162640 1602.1
1162650 1586.3
1162660 1569.4
1162670 1569.4
1162680 1559.5
1162690 1549.1
1162700 1549.1
1162710 1537.9
1162720 1525.3
1162730 1525.3
1162740 1517.7
1162750 1510.8
1162760 1510.8
1162770 1505.0
1162780 1500.7
1162790 1500.7
1162800 1495.6
1162810 1489.8
1162820 1489.8
1162830 1484.2
1162840 1479.7
1162850 1479.7
1162860 1471.0
1162870 1461.5
1162880 1461.5
1162890 1461.2
1162900 1457.0
1162910 1457.0
1162920 1448.8
1162930 1438.1
1162940 1438.1
1162950 1428.7
1162960 1425.3
1162970 1432.4
1162980 1432.4
1162990 1440.9
1163000 1449.0
1163010 1449.0
1163020 1456.9
1163030 1466.3
1163040 1466.3
1163050 1476.9
1163060 1480.0
1163070 1480.0
1163080 1479.6
1163090 1479.8
1163100 1479.8
1163110 1481.1
1163120 1478.4
1163130 1478.4
1163140 1479.1
1163150 1483.9
1163160 1483.9
1163170 1480.1
1163180 1465.4
1163190 1465.4
1163200 1456.4
1163210 1452.3
1163220 1452.3
1163230 1453.2
1163240 1459.5
1163250 1459.5
1163260 1468.1
1163270 1476.7
1163280 1484.6
1163290 1484.6
1163300 1492.7
1163310 1501.1
1163320 1501.1
1163330 1509.0
1163340 1516.2
1163350 1516.2
1163360 1522.7
1163370 1529.2
1163380 1529.2
1163390 1536.1
1163400 1542.8
1163410 1542.8
1163420 1549.3
1163430 1555.2
1163440 1555.2
1163450 1560.8
1163460 1567.3
1163470 1567.3
1163480 1574.2
1163490 1581.2
1163500 1581.2
1163510 1588.2
1163520 1589.7
1163530 1589.7
1163540 1596.6
1163550 1605.2
1163560 1612.0
1163570 1612.0
1163580 1616.1
1163590 1620.1
1163600 1620.1
1163610 1624.1
1163620 1627.8
1163630 1627.8
1163640 1631.0
1163650 1631.7
1163660 1631.7
1163670 1634.5
1163680 1639.8
1163690 1639.8
1163700 1643.2
1163710 1646.2
1163720 1646.2
1163730 1649.2
1163740 1651.8
1163750 1651.8
1163760 1654.1
1163770 1655.8
1163780 1655.8
1163790 1656.9
1163800 1657.6
1163810 1657.6
1163820 1657.8
1163830 1658.4
1163840 1658.4
1163850 1659.9
1163860 1662.9
1163870 1666.4
1163880 1666.4
1163890 1668.8
1163900 1670.4
1163910 1663.3
1163920 1664.7
1163930 1665.6
1163940 1665.6
1163950 1669.1
1163960 1671.7
1163970 1671.7
1163980 1673.2
1163990 1672.6
1164000 1672.6
1164010 1675.9
1164020 1681.5
1164030 1681.5
1164040 1682.6
1164050 1679.8
1164060 1679.8
1164070 1678.4
1164080 1679.1
1164090 1679.1
1164100 1680.7
1164110 1684.1
1164120 1684.1
1164130 1686.7
1164140 1688.6
1164150 1688.6
1164160 1687.1
1164170 1684.2
1164180 1683.2
1164190 1683.2
1164200 1686.8
1164210 1691.0
1164220 1691.0
1164230 1694.7
1164240 1699.5
1164250 1699.5
1164260 1707.5
1164270 1707.6
1164280 1707.6
1164290 1707.9
1164300 1718.4
1164310 1714.7
1164320 1718.4
1164330 1711.0
1164340 1711.0
1164350 1693.5
1164360 1676.5
1164370 1676.5
1164380 1659.3
1164390 1655.1
1164400 1655.1
1164410 1650.2
1164420 1649.0
1164430 1649.0
1164440 1647.3
1164450 1645.2
1164460 1643.3
1164470 1643.3
1164480 1642.2
1164490 1642.0
1164500 1642.0
1164510 1641.5
1164520 1640.5
1164530 1640.5
1164540 1642.0
1164550 1644.8
1164560 1644.8
1164570 1647.9
1164580 1642.2
1164590 1642.2
1164600 1635.5
1164610 1632.5
1164620 1632.5
1164630 1629.9
1164640 1628.5
1164650 1628.5
1164660 1625.5
1164670 1624.5
1164680 1624.5
1164690 1625.8
1164700 1623.2
1164710 1612.2
1164720 1608.9
1164730 1608.2
1164740 1608.2
1164750 1606.4
1164760 1605.1
1164770 1611.5
1164780 1611.5
1164790 1629.5
1164800 1635.3
1164810 1635.3
1164820 1636.9
1164830 1633.6
1164840 1633.6
1164850 1629.5
1164860 1625.4
1164870 1625.4
1164880 1618.5
1164890 1609.0
1164900 1609.0
1164910 1598.2
1164920 1588.3
1164930 1588.3
1164940 1581.2
1164950 1574.9
1164960 1574.9
1164970 1572.4
1164980 1571.5
1164990 1571.5
1165000 1571.4
1165010 1570.8
1165020 1570.8
1165030 1570.7
1165040 1573.1
1165050 1573.1
1165060 1576.2
1165070 1581.6
1165080 1584.1
1165090 1584.1
1165100 1582.5
1165110 1574.6
1165120 1574.6
1165130 1577.2
1165140 1578.4
1165150 1578.4
1165160 1574.2
1165170 1569.4
1165180 1569.4
1165190 1562.5
1165200 1552.1
1165210 1552.1
1165220 1544.5
1165230 1538.9
1165240 1538.9
1165250 1535.2
1165260 1532.8
1165270 1532.8
1165280 1531.7
1165290 1529.8
1165300 1529.8
1165310 1528.1
1165320 1531.0
1165330 1531.0
1165340 1532.0
1165350 1528.9
1165360 1524.0
1165370 1524.0
1165380 1519.4
1165390 1514.2
1165400 1514.2
1165410 1509.0
1165420 1503.8
1165430 1503.8
1165440 1502.8
1165450 1503.9
1165460 1503.9
1165470 1504.7
1165480 1506.5
1165490 1506.5
1165500 1507.7
1165510 1499.2
1165520 1499.2
1165530 1499.6
1165540 1501.3
1165550 1501.3
1165560 1500.6
1165570 1497.4
1165580 1497.4
1165590 1492.9
1165600 1490.1
1165610 1490.1
1165620 1487.5
1165630 1482.7
1165640 1482.7
1165650 1480.7
1165660 1478.9
1165670 1477.1
1165680 1477.1
1165690 1473.8
1165700 1468.0
1165710 1468.0
1165720 1461.7
1165730 1455.4
1165740 1455.4
1165750 1450.8
1165760 1450.8
1165770 1450.8
1165780 1451.9
1165790 1449.4
1165800 1449.4
1165810 1445.8
1165820 1440.8
1165830 1440.8
1165840 1433.6
1165850 1427.3
1165860 1427.3
1165870 1422.9
1165880 1418.7
1165890 1418.7
1165900 1414.2
1165910 1406.7
1165920 1406.7
1165930 1403.1
1165940 1399.1
1165950 1399.1
1165960 1395.3
1165970 1392.2
1165980 1390.9
1165990 1390.9
1166000 1388.0
1166010 1383.7
1166020 1383.7
1166030 1380.5
1166040 1378.2
1166050 1378.2
1166060 1377.3
1166070 1376.6
1166080 1376.6
1166090 1372.3
1166100 1367.3
1166110 1367.3
1166120 1363.9
1166130 1361.9
1166140 1361.9
1166150 1359.4
1166160 1357.4
1166170 1357.4
1166180 1356.2
1166190 1354.3
1166200 1354.3
1166210 1351.4
1166220 1348.4
1166230 1348.4
1166240 1345.7
1166250 1344.4
1166260 1342.7
1166270 1342.7
1166280 1340.6
1166290 1339.2
1166300 1339.2
1166310 1333.3
1166320 1331.5
1166330 1331.5
1166340 1329.1
1166350 1325.2
1166360 1325.2
1166370 1321.1
1166380 1318.0
1166390 1318.0
1166400 1313.2
1166410 1306.8
1166420 1306.8
1166430 1299.9
1166440 1293.8
1166450 1293.8
1166460 1288.0
1166470 1283.8
1166480 1283.8
1166490 1281.5
1166500 1277.0
1166510 1277.0
1166520 1271.0
1166530 1263.2
1166540 1263.2
1166550 1255.6
1166560 1252.9
1166570 1247.6
1166580 1247.6
1166590 1241.1
1166600 1234.4
1166610 1234.4
1166620 1228.3
1166630 1222.6
1166640 1222.6
1166650 1213.6
1166660 1209.5
1166670 1209.5
1166680 1203.2
1166690 1193.1
1166700 1193.1
1166710 1188.1
1166720 1182.2
1166730 1182.2
1166740 1186.6
1166750 1189.7
1166760 1189.7
1166770 1184.3
1166780 1175.8
1166790 1175.8
1166800 1173.6
1166810 1169.0
1166820 1169.0
1166830 1159.3
1166840 1145.9
1166850 1134.1
1166860 1134.1
1166870 1129.9
1166880 1138.1
1166890 1138.1
1166900 1154.3
1166910 1169.4
1166920 1169.4
1166930 1174.1
1166940 1173.9
1166950 1173.9
1166960 1180.4
1166970 1191.2
1166980 1191.2
1166990 1196.5
1167000 1201.8
1167010 1201.8
1167020 1213.0
1167030 1219.9
1167040 1219.9
1167050 1223.9
1167060 1227.9
1167070 1227.9
1167080 1229.4
1167090 1227.6
1167100 1227.6
1167110 1223.6
1167120 1230.5
1167130 1230.5
1167140 1236.4
1167150 1240.8
1167160 1243.9
1167170 1243.9
1167180 1247.1
1167190 1249.3
1167200 1249.3
1167210 1249.8
1167220 1250.6
1167230 1250.6
1167240 1253.6
1167250 1256.3
1167260 1256.3
1167270 1256.9
1167280 1257.6
1167290 1257.6
1167300 1258.2
1167310 1259.6
1167320 1259.6
1167330 1260.9
1167340 1262.4
1167350 1262.4
1167360 1265.3
1167370 1267.8
1167380 1267.8
1167390 1270.1
1167400 1272.0
1167410 1272.0
1167420 1271.7
1167430 1271.7
1167440 1271.7
1167450 1272.4
1167460 1273.4
1167470 1274.3
1167480 1274.3
1167490 1275.1
1167500 1275.5
1167510 1275.5
1167520 1272.2
1167530 1271.7
1167540 1271.7
1167550 1271.6
1167560 1272.8
1167570 1272.8
1167580 1274.0
1167590 1274.6
1167600 1274.6
1167610 1275.1
1167620 1274.1
1167630 1274.1
1167640 1268.0
1167650 1251.2
1167660 1251.2
1167670 1246.0
1167680 1238.3
1167690 1238.3
1167700 1225.3
1167710 1224.4
1167720 1224.4
1167730 1229.0
1167740 1228.8
1167750 1227.0
1167760 1227.0
1167770 1225.1
1167780 1222.0
1167790 1222.0
1167800 1218.2
1167810 1216.4
1167820 1216.4
1167830 1214.6
1167840 1213.2
1167850 1213.2
1167860 1212.8
1167870 1211.2
1167880 1211.2
1167890 1208.2
1167900 1205.9
1167910 1205.9
1167920 1196.7
1167930 1192.8
1167940 1192.8
1167950 1190.3
1167960 1188.5
1167970 1188.5
1167980 1183.7
1167990 1180.5
1168000 1180.5
1168010 1183.4
1168020 1182.0
1168030 1182.0
1168040 1180.5
1168050 1179.7
1168060 1175.7
1168070 1175.7
1168080 1165.7
1168090 1156.0
1168100 1156.0
1168110 1149.6
1168120 1154.9
1168130 1154.9
1168140 1158.9
1168150 1162.8
1168160 1162.8
1168170 1168.3
1168180 1168.3
1168190 1168.3
1168200 1165.9
1168210 1164.8
1168220 1164.8
1168230 1164.4
1168240 1162.7
1168250 1162.7
1168260 1161.1
1168270 1159.6
1168280 1159.6
1168290 1158.9
1168300 1159.0
1168310 1159.0
1168320 1153.1
1168330 1155.4
1168340 1155.4
1168350 1156.8
1168360 1156.4
1168370 1155.2
1168380 1155.2
1168390 1155.1
1168400 1156.8
1168410 1156.8
1168420 1158.8
1168430 1159.3
1168440 1159.3
1168450 1160.2
1168460 1165.5
1168470 1165.5
1168480 1169.5
1168490 1169.3
1168500 1169.3
1168510 1166.3
1168520 1162.0
1168530 1162.0
1168540 1158.4
1168550 1157.5
1168560 1157.5
1168570 1159.5
1168580 1160.4
1168590 1160.4
1168600 1160.5
1168610 1161.9
1168620 1161.9
1168630 1163.7
1168640 1164.5
1168650 1163.1
1168660 1163.1
1168670 1161.4
1168680 1159.7
1168690 1159.7
1168700 1157.9
1168710 1156.7
1168720 1153.0
1168730 1150.6
1168740 1144.2
1168750 1144.2
1168760 1135.3
1168770 1135.5
1168780 1135.5
1168790 1139.4
1168800 1138.3
1168810 1138.3
1168820 1136.9
1168830 1136.3
1168840 1136.3
1168850 1136.5
1168860 1136.9
1168870 1136.9
1168880 1137.5
1168890 1137.7
1168900 1137.7
1168910 1138.2
1168920 1137.6
1168930 1137.6
1168940 1135.6
1168950 1134.6
1168960 1134.8
1168970 1134.8
1168980 1133.9
1168990 1132.5
1169000 1132.5
1169010 1131.2
1169020 1130.1
1169030 1130.1
1169040 1130.6
1169050 1130.7
1169060 1130.7
1169070 1129.5
1169080 1128.4
1169090 1128.4
1169100 1128.9
1169110 1128.3
1169120 1128.3
1169130 1119.8
1169140 1117.7
1169150 1117.7
1169160 1113.5
1169170 1108.6
1169180 1108.6
1169190 1102.8
1169200 1096.4
1169210 1096.4
1169220 1091.6
1169230 1091.6
1169240 1091.6
1169250 1089.8
1169260 1090.4
1169270 1095.8
1169280 1095.8
1169290 1102.4
1169300 1108.7
1169310 1108.7
1169320 1111.5
1169330 1113.3
1169340 1113.3
1169350 1114.6
1169360 1113.7
1169370 1113.7
1169380 1109.7
1169390 1108.5
1169400 1108.5
1169410 1111.2
1169420 1114.2
1169430 1114.2
1169440 1115.1
1169450 1112.7
1169460 1112.7
1169470 1108.7
1169480 1102.2
1169490 1102.2
1169500 1094.0
1169510 1088.7
1169520 1088.7
1169530 1080.6
1169540 1086.5
1169550 1093.5
1169560 1093.5
1169570 1099.8
1169580 1103.1
1169590 1103.1
1169600 1106.5
1169610 1108.0
1169620 1108.0
1169630 1107.8
1169640 1108.0
1169650 1108.0
1169660 1108.1
1169670 1107.2
1169680 1107.2
1169690 1104.9
1169700 1103.0
1169710 1103.0
1169720 1101.4
1169730 1099.9
1169740 1099.9
1169750 1098.5
1169760 1097.9
1169770 1097.9
1169780 1097.2
1169790 1096.0
1169800 1096.0
1169810 1095.0
1169820 1093.3
1169830 1093.3
1169840 1091.3
1169850 1089.9
1169860 1090.2
1169870 1090.2
1169880 1090.4
1169890 1090.0
1169900 1090.0
1169910 1090.8
1169920 1091.2
1169930 1091.2
1169940 1085.9
1169950 1088.5
1169960 1088.5
1169970 1090.9
1169980 1093.6
1169990 1093.6
1170000 1096.3
1170010 1099.4
1170020 1099.4
1170030 1102.6
1170040 1106.2
1170050 1106.2
1170060 1108.5
1170070 1108.8
1170080 1108.8
1170090 1106.9
1170100 1105.2
1170110 1105.2
1170120 1105.7
1170130 1108.2
1170140 1112.4
1170150 1112.4
1170160 1115.1
1170170 1116.7
1170180 1116.7
1170190 1117.7
1170200 1120.0
1170210 1120.0
1170220 1122.6
1170230 1124.8
1170240 1124.8
1170250 1126.9
1170260 1129.2
1170270 1129.2
1170280 1130.1
1170290 1131.4
1170300 1131.4
1170310 1133.9
1170320 1141.0
1170330 1141.0
1170340 1140.4
1170350 1142.8
1170360 1142.8
1170370 1144.6
1170380 1144.5
1170390 1144.5
1170400 1143.6
1170410 1142.5
1170420 1142.5
1170430 1142.4
1170440 1142.4
1170450 1141.9
1170460 1141.9
1170470 1141.5
1170480 1141.0
1170490 1141.0
1170500 1140.2
1170510 1139.3
1170520 1139.3
1170530 1138.0
1170540 1136.3
1170550 1136.3
1170560 1134.7
1170570 1132.7
1170580 1132.7
1170590 1130.0
1170600 1126.8
1170610 1126.8
1170620 1123.1
1170630 1120.9
1170640 1120.9
1170650 1118.9
1170660 1116.5
1170670 1116.5
1170680 1114.9
1170690 1114.3
1170700 1114.3
1170710 1114.8
1170720 1114.8
1170730 1114.8
1170740 1116.0
1170750 1112.2
1170760 1113.1
1170770 1113.1
1170780 1113.9
1170790 1116.3
1170800 1116.3
1170810 1118.7
1170820 1119.0
1170830 1119.0
1170840 1118.5
1170850 1119.2
1170860 1119.2
1170870 1121.2
1170880 1122.3
1170890 1122.3
1170900 1120.1
1170910 1121.8
1170920 1121.8
1170930 1124.5
1170940 1131.6
1170950 1131.6
1170960 1134.9
1170970 1134.3
1170980 1134.3
1170990 1137.1
1171000 1139.2
1171010 1139.2
1171020 1140.6
1171030 1143.8
1171040 1144.8
1171050 1144.8
1171060 1144.4
1171070 1144.3
1171080 1144.3
1171090 1144.4
1171100 1144.1
1171110 1144.1
1171120 1142.4
1171130 1141.8
1171140 1141.8
1171150 1141.3
1171160 1134.6
1171170 1134.6
1171180 1133.2
1171190 1129.6
1171200 1129.6
1171210 1127.0
1171220 1122.7
1171230 1122.7
1171240 1116.7
1171250 1110.5
1171260 1110.5
1171270 1100.1
1171280 1095.7
1171290 1095.7
1171300 1096.1
1171310 1097.2
1171320 1097.2
1171330 1099.1
1171340 1099.3
1171350 1099.6
1171360 1099.6
1171370 1101.4
1171380 1102.8
1171390 1102.8
1171400 1104.1
1171410 1106.3
1171420 1106.3
1171430 1108.5
1171440 1109.6
1171450 1109.6
1171460 1110.0
1171470 1109.2
1171480 1109.2
1171490 1108.6
1171500 1105.4
1171510 1105.4
1171520 1102.8
1171530 1100.4
1171540 1100.4
1171550 1097.4
1171560 1087.8
1171570 1087.8
1171580 1087.5
1171590 1085.8
1171600 1085.8
1171610 1084.4
1171620 1082.2
1171630 1082.2
1171640 1081.9
1171650 1083.5
1171660 1085.1
1171670 1085.1
1171680 1085.5
1171690 1084.6
1171700 1084.6
1171710 1084.2
1171720 1083.7
1171730 1083.7
1171740 1082.8
1171750 1081.7
1171760 1081.7
1171770 1080.5
1171780 1080.0
1171790 1080.0
1171800 1078.8
1171810 1075.8
1171820 1075.8
1171830 1072.3
1171840 1067.8
1171850 1067.8
1171860 1062.8
1171870 1061.0
1171880 1061.0
1171890 1058.5
1171900 1056.8
1171910 1056.8
1171920 1054.1
1171930 1050.9
1171940 1048.4
1171950 1048.4
1171960 1046.2
1171970 1038.6
1171980 1038.6
1171990 1037.8
1172000 1038.7
1172010 1038.7
1172020 1039.0
1172030 1038.8
1172040 1038.8
1172050 1037.7
1172060 1036.0
1172070 1036.0
1172080 1034.3
1172090 1031.9
1172100 1031.9
1172110 1030.4
1172120 1029.8
1172130 1029.8
1172140 1030.7
1172150 1031.6
1172160 1031.6
1172170 1032.8
1172180 1033.9
1172190 1033.9
1172200 1034.0
1172210 1033.3
1172220 1033.3
1172230 1032.1
1172240 1032.6
1172250 1033.5
1172260 1033.5
1172270 1034.1
1172280 1033.9
1172290 1033.9
1172300 1033.4
1172310 1032.5
1172320 1032.5
1172330 1031.0
1172340 1028.9
1172350 1028.9
1172360 1027.0
1172370 1025.5
1172380 1018.0
1172390 1015.0
1172400 1011.6
1172410 1011.6
1172420 1007.1
1172430 1003.1
1172440 1003.1
1172450 999.5
1172460 996.9
1172470 996.9
1172480 995.7
1172490 995.0
1172500 995.0
1172510 992.2
1172520 986.9
1172530 985.3
1172540 985.3
1172550 983.6
1172560 983.0
1172570 983.0
1172580 984.4
1172590 987.3
1172600 987.3
1172610 989.6
1172620 991.9
1172630 991.9
1172640 993.7
1172650 995.3
1172660 995.3
1172670 1000.3
1172680 1006.0
1172690 1006.0
1172700 1006.8
1172710 1006.6
1172720 1006.6
1172730 1006.5
1172740 1006.5
1172750 1006.5
1172760 1006.3
1172770 1006.2
1172780 1006.2
1172790 1002.3
1172800 1000.8
1172810 1000.8
1172820 1000.1
1172830 999.6
1172840 999.1
1172850 999.1
1172860 996.7
1172870 993.7
1172880 993.7
1172890 992.0
1172900 990.0
1172910 990.0
1172920 989.1
1172930 988.0
1172940 988.0
1172950 984.6
1172960 980.2
1172970 980.2
1172980 977.7
1172990 976.9
1173000 976.9
1173010 975.1
1173020 972.7
1173030 972.7
1173040 972.3
1173050 974.3
1173060 974.3
1173070 974.5
1173080 971.7
1173090 971.7
1173100 970.0
1173110 969.0
1173120 969.0
1173130 968.2
1173140 966.6
1173150 964.7
1173160 964.7
1173170 963.0
1173180 962.8
1173190 962.8
1173200 962.7
1173210 962.0
1173220 962.0
1173230 960.7
1173240 960.7
1173250 960.7
1173260 960.4
1173270 960.3
1173280 960.3
1173290 960.2
1173300 960.1
1173310 960.1
1173320 959.9
1173330 959.7
1173340 959.7
1173350 959.5
1173360 959.4
1173370 959.4
1173380 959.3
1173390 959.2
1173400 959.2
1173410 959.2
1173420 959.0
1173430 958.9
1173440 958.9
1173450 958.7
1173460 958.6
1173470 958.6
1173480 958.4
1173490 958.2
1173500 958.2
1173510 958.1
1173520 958.0
1173530 958.0
1173540 957.9
1173550 957.7
1173560 957.7
1173570 957.5
1173580 957.4
1173590 957.4
1173600 957.4
1173610 957.2
1173620 957.2
1173630 957.0
1173640 956.9
1173650 956.9
1173660 956.7
1173670 956.6
1173680 956.6
1173690 956.5
1173700 956.5
1173710 956.5
1173720 956.4
1173730 956.2
1173740 956.0
1173750 956.0
1173760 955.7
1173770 955.6
1173780 955.6
1173790 955.7
1173800 956.0
1173810 956.0
1173820 956.7
1173830 957.8
1173840 957.8
1173850 958.5
1173860 959.0
1173870 959.0
1173880 960.0
1173890 962.0
1173900 962.0
1173910 962.7
1173920 963.5
1173930 963.5
1173940 963.7
1173950 963.6
1173960 963.6
1173970 963.5
1173980 963.4
1173990 963.4
1174000 963.3
1174010 963.2
1174020 962.9
1174030 962.9
1174040 962.7
1174050 962.6
1174060 962.6
1174070 962.5
1174080 962.5
1174090 962.5
1174100 962.4
1174110 962.4
1174120 962.4
1174130 962.3
1174140 962.2
1174150 962.2
1174160 961.9
1174170 961.7
1174180 961.7
1174190 961.4
1174200 961.3
1174210 961.3
1174220 959.2
1174230 952.6
1174240 952.6
1174250 949.2
1174260 949.2
1174270 949.2
1174280 949.1
1174290 949.0
1174300 949.0
1174310 948.7
1174320 948.5
1174330 948.4
1174340 948.4
1174350 948.2
1174360 948.0
1174370 948.0
1174380 947.9
1174390 947.6
1174400 947.6
1174410 947.4
1174420 947.2
1174430 947.5
1174440 947.2
1174450 947.1
1174460 947.1
1174470 947.1
1174480 947.3
1174490 947.3
1174500 947.2
1174510 947.0
1174520 947.0
1174530 946.9
1174540 946.5
1174550 946.5
1174560 946.4
1174570 946.6
1174580 946.6
1174590 946.8
1174600 946.9
1174610 946.9
1174620 946.6
1174630 946.6
1174640 946.2
1174650 946.2
1174660 944.1
1174670 943.9
1174680 943.9
1174690 943.7
1174700 943.5
1174710 943.5
1174720 944.5
1174730 951.5
1174740 951.5
1174750 956.0
1174760 959.6
1174770 959.6
1174780 966.0
1174790 970.8
1174800 970.8
1174810 975.3
1174820 979.9
1174830 979.9
1174840 985.7
1174850 991.8
1174860 991.8
1174870 998.0
1174880 1004.3
1174890 1004.3
1174900 1010.3
1174910 1016.5
1174920 1022.9
1174930 1022.9
1174940 1029.6
1174950 1037.2
1174960 1037.2
1174970 1045.6
1174980 1053.8
1174990 1053.8
1175000 1057.7
1175010 1061.4
1175020 1061.4
1175030 1066.9
1175040 1073.0
1175050 1073.0
1175060 1076.7
1175070 1079.8
1175080 1079.8
1175090 1082.4
1175100 1084.3
1175110 1084.3
1175120 1088.6
1175130 1093.4
1175140 1093.4
1175150 1098.6
1175160 1104.9
1175170 1104.9
1175180 1110.9
1175190 1115.9
1175200 1115.9
1175210 1120.8
1175220 1126.1
1175230 1132.5
1175240 1132.5
1175250 1143.9
1175260 1154.3
1175270 1154.3
1175280 1164.3
1175290 1171.2
1175300 1171.2
1175310 1179.0
1175320 1187.1
1175330 1187.1
1175340 1194.5
1175350 1201.2
1175360 1201.2
1175370 1207.6
1175380 1210.5
1175390 1210.5
1175400 1213.2
1175410 1217.2
1175420 1217.2
1175430 1221.2
1175440 1225.3
1175450 1225.3
1175460 1230.5
1175470 1236.4
1175480 1236.4
1175490 1242.4
1175500 1247.8
1175510 1254.5
1175520 1254.5
1175530 1263.5
1175540 1272.8
1175550 1272.8
1175560 1279.2
1175570 1285.7
1175580 1285.7
1175590 1293.3
1175600 1300.3
1175610 1300.3
1175620 1303.0
1175630 1305.6
1175640 1305.6
1175650 1307.7
1175660 1312.3
1175670 1312.3
1175680 1315.6
1175690 1317.8
1175700 1317.8
1175710 1319.5
1175720 1320.8
1175730 1320.8
1175740 1323.0
1175750 1325.1
1175760 1325.1
1175770 1325.3
1175780 1324.8
1175790 1324.8
1175800 1325.1
1175810 1324.9
1175820 1323.8
1175830 1323.8
1175840 1322.7
1175850 1323.0
1175860 1323.0
1175870 1322.9
1175880 1323.9
1175890 1323.9
1175900 1325.0
1175910 1325.5
1175920 1325.5
1175930 1326.3
1175940 1326.2
1175950 1326.2
1175960 1325.8
1175970 1326.7
1175980 1326.7
1175990 1330.6
1176000 1335.0
1176010 1335.0
1176020 1337.2
1176030 1339.1
1176040 1339.1
1176050 1340.6
1176060 1341.5
1176070 1341.5
1176080 1342.3
1176090 1343.1
1176100 1343.1
1176110 1344.3
1176120 1344.4
1176130 1341.3
1176140 1341.3
1176150 1334.6
1176160 1327.9
1176170 1327.9
1176180 1323.1
1176190 1318.0
1176200 1318.0
1176210 1315.0
1176220 1311.6
1176230 1311.6
1176240 1307.0
1176250 1302.2
1176260 1302.2
1176270 1297.8
1176280 1293.9
1176290 1293.9
1176300 1289.8
1176310 1285.7
1176320 1285.7
1176330 1284.9
1176340 1279.7
1176350 1279.7
1176360 1274.2
1176370 1269.5
1176380 1269.5
1176390 1264.9
1176400 1261.3
1176410 1258.3
1176420 1258.3
1176430 1253.1
1176440 1247.5
1176450 1247.5
1176460 1242.6
1176470 1235.3
1176480 1235.3
1176490 1227.5
1176500 1226.6
1176510 1226.6
1176520 1227.2
1176530 1226.8
1176540 1226.8
1176550 1226.9
1176560 1227.5
1176570 1227.5
1176580 1228.0
1176590 1228.0
1176600 1228.0
1176610 1228.1
1176620 1228.4
1176630 1228.4
1176640 1228.9
1176650 1228.5
1176660 1228.5
1176670 1227.2
1176680 1229.3
1176690 1229.3
1176700 1233.4
1176710 1236.5
1176720 1240.5
1176730 1240.5
1176740 1244.4
1176750 1247.7
1176760 1247.7
1176770 1251.2
1176780 1254.2
1176790 1254.2
1176800 1255.3
1176810 1259.0
1176820 1259.0
1176830 1263.8
1176840 1268.4
1176850 1268.4
1176860 1273.7
1176870 1279.5
1176880 1279.5
1176890 1283.4
1176900 1292.0
1176910 1292.0
1176920 1295.7
1176930 1300.5
1176940 1300.5
1176950 1304.7
1176960 1308.9
1176970 1308.9
1176980 1312.9
1176990 1316.8
1177000 1322.2
1177010 1322.2
1177020 1327.5
1177030 1332.7
1177040 1332.7
1177050 1336.3
1177060 1338.8
1177070 1338.8
1177080 1343.5
1177090 1349.3
1177100 1349.3
1177110 1354.8
1177120 1358.3
1177130 1358.3
1177140 1359.8
1177150 1365.1
1177160 1365.1
1177170 1373.3
1177180 1380.8
1177190 1380.8
1177200 1387.4
1177210 1394.3
1177220 1394.3
1177230 1401.4
1177240 1408.2
1177250 1408.2
1177260 1414.1
1177270 1419.2
1177280 1419.2
1177290 1425.2
1177300 1432.1
1177310 1437.4
1177320 1440.3
1177330 1446.2
1177340 1450.9
1177350 1450.9
1177360 1456.5
1177370 1464.1
1177380 1464.1
1177390 1471.1
1177400 1473.2
1177410 1473.2
1177420 1472.0
1177430 1475.8
1177440 1475.8
1177450 1490.0
1177460 1503.8
1177470 1503.8
1177480 1519.3
1177490 1520.5
1177500 1520.5
1177510 1528.9
1177520 1541.8
1177530 1541.8
1177540 1547.7
1177550 1556.1
1177560 1556.1
1177570 1564.4
1177580 1571.1
1177590 1571.1
1177600 1578.7
1177610 1586.3
1177620 1593.6
1177630 1593.6
1177640 1598.7
1177650 1596.8
1177660 1596.8
1177670 1591.9
1177680 1591.1
1177690 1591.1
1177700 1591.8
1177710 1592.4
1177720 1592.4
1177730 1600.2
1177740 1599.1
1177750 1599.1
1177760 1597.0
1177770 1597.7
1177780 1597.7
1177790 1599.3
1177800 1598.4
1177810 1598.4
1177820 1595.8
1177830 1592.9
1177840 1592.9
1177850 1590.8
1177860 1587.4
1177870 1587.4
1177880 1583.2
1177890 1580.3
1177900 1578.1
1177910 1578.1
1177920 1575.7
1177930 1571.4
1177940 1571.4
1177950 1567.5
1177960 1563.4
1177970 1563.4
1177980 1557.8
1177990 1551.7
1178000 1551.7
1178010 1547.3
1178020 1542.4
1178030 1542.4
1178040 1534.6
1178050 1526.7
1178060 1526.7
1178070 1519.3
1178080 1511.9
1178090 1511.9
1178100 1504.0
1178110 1496.4
1178120 1496.4
1178130 1488.1
1178140 1479.5
1178150 1480.8
1178160 1472.6
1178170 1465.1
1178180 1465.1
1178190 1457.8
1178200 1450.8
1178210 1443.3
1178220 1443.3
1178230 1435.8
1178240 1428.1
1178250 1428.1
1178260 1421.3
1178270 1415.3
1178280 1415.3
1178290 1409.4
1178300 1402.2
1178310 1402.2
1178320 1394.9
1178330 1389.0
1178340 1389.0
1178350 1383.6
1178360 1378.6
1178370 1378.6
1178380 1374.8
1178390 1373.0
1178400 1373.0
1178410 1371.4
1178420 1367.7
1178430 1367.7
1178440 1362.2
1178450 1356.9
1178460 1356.9
1178470 1351.9
1178480 1347.5
1178490 1344.1
1178500 1344.1
1178510 1340.9
1178520 1336.8
1178530 1336.8
1178540 1330.7
1178550 1324.5
1178560 1324.5
1178570 1322.6
1178580 1318.0
1178590 1318.0
1178600 1311.4
1178610 1304.3
1178620 1304.3
1178630 1297.5
1178640 1291.2
1178650 1291.2
1178660 1285.2
1178670 1279.8
1178680 1279.8
1178690 1275.9
1178700 1272.7
1178710 1272.7
1178720 1269.5
1178730 1266.5
1178740 1266.5
1178750 1264.7
1178760 1261.9
1178770 1261.9
1178780 1258.7
1178790 1261.5
1178800 1265.6
1178810 1265.6
1178820 1264.7
1178830 1262.3
1178840 1262.3
1178850 1261.9
1178860 1261.4
1178870 1261.4
1178880 1259.5
1178890 1259.0
1178900 1259.0
1178910 1259.3
1178920 1260.9
1178930 1260.9
1178940 1263.2
1178950 1265.4
1178960 1265.4
1178970 1267.6
1178980 1272.8
1178990 1272.8
1179000 1275.8
1179010 1279.6
1179020 1279.6
1179030 1284.6
1179040 1290.4
1179050 1290.4
1179060 1296.6
1179070 1302.9
1179080 1302.9
1179090 1308.9
1179100 1313.4
1179110 1317.4
1179120 1317.4
1179130 1321.0
1179140 1324.7
1179150 1324.7
1179160 1329.4
1179170 1333.9
1179180 1333.9
1179190 1338.9
1179200 1344.2
1179210 1344.2
1179220 1350.4
1179230 1357.5
1179240 1357.5
1179250 1364.9
1179260 1372.9
1179270 1372.9
1179280 1381.9
1179290 1391.1
1179300 1391.1
1179310 1400.8
1179320 1412.3
1179330 1412.3
1179340 1422.0
1179350 1429.9
1179360 1429.9
1179370 1436.3
1179380 1442.1
1179390 1447.3
1179400 1450.5
1179410 1455.5
1179420 1459.8
1179430 1459.8
1179440 1463.6
1179450 1466.6
1179460 1466.6
1179470 1469.1
1179480 1471.4
1179490 1471.4
1179500 1473.5
1179510 1475.4
1179520 1475.4
1179530 1477.3
1179540 1478.9
1179550 1478.9
1179560 1480.2
1179570 1481.0
1179580 1481.0
1179590 1481.7
1179600 1481.9
1179610 1481.9
1179620 1482.1
1179630 1482.1
1179640 1482.1
1179650 1482.0
1179660 1482.3
1179670 1482.3
1179680 1482.7
1179690 1480.8
1179700 1478.2
1179710 1478.2
1179720 1478.4
1179730 1480.2
1179740 1480.2
1179750 1481.1
1179760 1480.7
1179770 1480.7
1179780 1481.9
1179790 1483.4
1179800 1483.4
1179810 1482.8
1179820 1490.3
1179830 1490.3
1179840 1490.5
1179850 1489.6
1179860 1489.6
1179870 1487.6
1179880 1486.2
1179890 1486.2
1179900 1486.6
1179910 1486.0
1179920 1486.0
1179930 1486.9
1179940 1487.4
1179950 1487.4
1179960 1487.6
1179970 1487.0
1179980 1485.4
1179990 1485.4
