1160000 1554.7
1160010 1557.2
1160020 1557.2
1160030 1559.3
1160040 1560.2
1160050 1560.2
1160060 1559.5
1160070 1557.0
1160080 1557.0
1160090 1553.2
1160100 1550.6
1160110 1550.6
1160120 1552.4
1160130 1554.9
1160140 1554.9
1160150 1556.8
1160160 1551.6
1160170 1551.6
1160180 1544.5
1160190 1536.8
1160200 1536.8
1160210 1541.7
1160220 1547.6
1160230 1553.7
1160240 1553.7
1160250 1559.8
1160260 1570.3
1160270 1570.3
1160280 1584.3
1160290 1602.4
1160300 1602.4
1160310 1610.4
1160320 1620.5
1160330 1620.5
1160340 1629.0
1160350 1631.1
1160360 1631.1
1160370 1633.5
1160380 1635.5
1160390 1635.5
1160400 1638.2
1160410 1640.8
1160420 1640.8
1160430 1639.6
1160440 1637.3
1160450 1637.3
1160460 1632.3
1160470 1625.7
1160480 1625.7
1160490 1614.6
1160500 1597.2
1160510 1577.9
1160520 1577.9
1160530 1563.9
1160540 1556.1
1160550 1556.1
1160560 1543.0
1160570 1523.5
1160580 1523.5
1160590 1513.9
1160600 1505.8
1160610 1505.8
1160620 1498.2
1160630 1491.3
1160640 1491.3
1160650 1483.4
1160660 1474.0
1160670 1474.0
1160680 1463.9
1160690 1456.4
1160700 1456.4
1160710 1451.0
1160720 1454.1
1160730 1454.1
1160740 1462.4
1160750 1466.4
1160760 1466.4
1160770 1467.2
1160780 1467.0
1160790 1467.0
1160800 1469.2
1160810 1471.7
1160820 1475.5
1160830 1475.5
1160840 1481.0
1160850 1487.2
1160860 1487.2
1160870 1493.2
1160880 1499.8
1160890 1499.8
1160900 1510.6
1160910 1526.2
1160920 1526.2
1160930 1538.1
1160940 1552.3
1160950 1552.3
1160960 1570.9
1160970 1583.3
1160980 1582.0
1160990 1599.3
1161000 1612.9
1161010 1612.9
1161020 1630.7
1161030 1643.6
1161040 1643.6
1161050 1653.8
1161060 1663.4
1161070 1663.4
1161080 1673.3
1161090 1698.0
1161100 1698.0
1161110 1712.1
1161120 1719.8
1161130 1728.9
1161140 1728.9
1161150 1737.9
1161160 1743.5
1161170 1743.5
1161180 1749.8
1161190 1768.0
1161200 1768.0
1161210 1777.7
1161220 1781.8
1161230 1781.8
1161240 1783.7
1161250 1786.1
1161260 1786.1
1161270 1790.3
1161280 1795.7
1161290 1795.7
1161300 1802.5
1161310 1807.1
1161320 1807.1
1161330 1809.7
1161340 1809.0
1161350 1809.0
1161360 1804.9
1161370 1803.2
1161380 1795.7
1161390 1797.3
1161400 1799.2
1161410 1801.4
1161420 1801.4
1161430 1804.9
1161440 1807.1
1161450 1807.1
1161460 1809.6
1161470 1812.7
1161480 1812.7
1161490 1813.8
1161500 1814.0
1161510 1814.0
1161520 1816.6
1161530 1820.1
1161540 1820.1
1161550 1822.7
1161560 1824.0
1161570 1824.0
1161580 1826.2
1161590 1828.5
1161600 1828.5
1161610 1831.5
1161620 1833.0
1161630 1833.0
1161640 1833.8
1161650 1835.5
1161660 1835.5
1161670 1838.2
1161680 1839.5
1161690 1839.5
1161700 1839.2
1161710 1838.4
1161720 1837.8
1161730 1837.8
1161740 1836.9
1161750 1838.7
1161760 1838.7
1161770 1832.8
1161780 1832.2
1161790 1832.2
1161800 1831.8
1161810 1834.9
1161820 1834.9
1161830 1838.2
1161840 1838.9
1161850 1838.9
1161860 1840.7
1161870 1840.7
1161880 1840.7
1161890 1837.5
1161900 1840.5
1161910 1840.5
1161920 1841.9
1161930 1843.4
1161940 1843.4
1161950 1843.2
1161960 1842.7
1161970 1842.7
1161980 1840.4
1161990 1836.3
1162000 1836.3
1162010 1832.6
1162020 1825.6
1162030 1828.9
1162040 1828.9
1162050 1834.4
1162060 1831.6
1162070 1831.6
1162080 1825.3
1162090 1814.8
1162100 1814.8
1162110 1803.7
1162120 1799.6
1162130 1799.6
1162140 1797.7
1162150 1795.9
1162160 1795.9
1162170 1791.3
1162180 1793.4
1162190 1793.4
1162200 1803.4
1162210 1810.4
1162220 1810.4
1162230 1814.7
1162240 1817.0
1162250 1817.0
1162260 1817.7
1162270 1818.5
1162280 1818.5
1162290 1821.0
1162300 1823.3
1162310 1824.3
1162320 1824.3
1162330 1823.6
1162340 1821.6
1162350 1821.6
1162360 1818.0
1162370 1810.9
1162380 1810.9
1162390 1803.1
1162400 1798.8
1162410 1798.8
1162420 1796.7
1162430 1789.3
1162440 1789.3
1162450 1782.4
1162460 1780.4
1162470 1780.4
1162480 1779.5
1162490 1780.4
1162500 1780.4
1162510 1782.3
1162520 1784.7
1162530 1784.7
1162540 1787.9
1162550 1788.0
1162560 1781.7
1162570 1779.9
1162580 1776.7
1162590 1776.7
1162600 1768.4
1162610 1756.3
1162620 1747.5
1162630 1747.5
1162640 1739.5
1162650 1731.3
1162660 1731.3
1162670 1720.6
1162680 1710.2
1162690 1710.2
1162700 1705.2
1162710 1699.8
1162720 1699.8
1162730 1702.0
1162740 1700.1
1162750 1700.1
1162760 1695.4
1162770 1690.1
1162780 1690.1
1162790 1683.4
1162800 1673.8
1162810 1673.8
1162820 1660.3
1162830 1644.5
1162840 1644.5
1162850 1638.4
1162860 1634.3
1162870 1634.3
1162880 1629.2
1162890 1628.4
1162900 1628.4
1162910 1632.1
1162920 1626.6
1162930 1616.8
1162940 1616.8
1162950 1607.0
1162960 1596.4
1162970 1596.4
1162980 1584.4
1162990 1575.9
1163000 1575.9
1163010 1582.5
1163020 1590.2
1163030 1590.2
1163040 1595.3
1163050 1600.0
1163060 1600.0
1163070 1603.5
1163080 1606.3
1163090 1606.3
1163100 1602.3
1163110 1591.4
1163120 1591.4
1163130 1580.7
1163140 1568.7
1163150 1568.7
1163160 1555.1
1163170 1547.5
1163180 1547.5
1163190 1540.3
1163200 1536.1
1163210 1543.2
1163220 1543.2
1163230 1543.9
1163240 1539.9
1163250 1539.9
1163260 1540.9
1163270 1543.5
1163280 1543.5
1163290 1548.0
1163300 1553.6
1163310 1553.6
1163320 1560.4
1163330 1568.3
1163340 1568.3
1163350 1576.4
1163360 1582.5
1163370 1582.5
1163380 1590.4
1163390 1598.3
1163400 1598.3
1163410 1606.8
1163420 1614.4
1163430 1614.4
1163440 1619.3
1163450 1623.4
1163460 1623.4
1163470 1627.5
1163480 1632.9
1163490 1632.9
1163500 1639.6
1163510 1647.2
1163520 1654.8
1163530 1654.8
1163540 1662.2
1163550 1669.4
1163560 1669.4
1163570 1677.0
1163580 1686.5
1163590 1686.5
1163600 1700.1
1163610 1707.7
1163620 1707.7
1163630 1710.6
1163640 1713.5
1163650 1713.5
1163660 1715.9
1163670 1719.6
1163680 1719.6
1163690 1723.8
1163700 1727.1
1163710 1727.1
1163720 1730.7
1163730 1735.3
1163740 1735.3
1163750 1737.2
1163760 1741.0
1163770 1741.0
1163780 1744.5
1163790 1747.1
1163800 1747.1
1163810 1749.4
1163820 1752.8
1163830 1755.7
1163840 1755.7
1163850 1758.0
1163860 1760.9
1163870 1760.9
1163880 1764.1
1163890 1767.1
1163900 1767.1
1163910 1770.1
1163920 1772.8
1163930 1772.8
1163940 1775.1
1163950 1776.9
1163960 1776.9
1163970 1778.7
1163980 1780.4
1163990 1780.4
1164000 1782.4
1164010 1784.9
1164020 1784.9
1164030 1787.2
1164040 1789.3
1164050 1789.3
1164060 1792.1
1164070 1794.8
1164080 1794.8
1164090 1796.8
1164100 1797.8
1164110 1798.3
1164120 1798.3
1164130 1798.6
1164140 1800.3
1164150 1797.6
1164160 1799.0
1164170 1800.1
1164180 1800.1
1164190 1801.7
1164200 1803.7
1164210 1803.7
1164220 1805.3
1164230 1806.4
1164240 1806.4
1164250 1807.5
1164260 1808.0
1164270 1808.0
1164280 1808.3
1164290 1808.8
1164300 1808.8
1164310 1808.9
1164320 1807.6
1164330 1807.6
1164340 1806.0
1164350 1805.0
1164360 1805.0
1164370 1804.9
1164380 1805.2
1164390 1805.2
1164400 1805.5
1164410 1805.4
1164420 1805.1
1164430 1805.1
1164440 1805.2
1164450 1804.5
1164460 1804.5
1164470 1804.0
1164480 1803.0
1164490 1803.0
1164500 1801.8
1164510 1800.5
1164520 1800.5
1164530 1798.4
1164540 1797.4
1164550 1789.1
1164560 1788.3
1164570 1788.4
1164580 1788.4
1164590 1787.8
1164600 1784.6
1164610 1784.6
1164620 1781.1
1164630 1775.7
1164640 1775.7
1164650 1767.8
1164660 1760.0
1164670 1760.0
1164680 1752.6
1164690 1746.9
1164700 1746.9
1164710 1746.2
1164720 1747.7
1164730 1747.8
1164740 1747.8
1164750 1746.6
1164760 1745.7
1164770 1745.7
1164780 1744.7
1164790 1744.2
1164800 1744.2
1164810 1744.6
1164820 1745.6
1164830 1745.6
1164840 1745.7
1164850 1746.6
1164860 1746.6
1164870 1747.5
1164880 1745.8
1164890 1745.8
1164900 1745.0
1164910 1745.6
1164920 1745.6
1164930 1744.0
1164940 1742.0
1164950 1739.9
1164960 1738.0
1164970 1736.7
1164980 1736.7
1164990 1735.3
1165000 1733.4
1165010 1732.0
1165020 1732.0
1165030 1729.9
1165040 1722.7
1165050 1722.7
1165060 1712.0
1165070 1707.4
1165080 1707.4
1165090 1709.0
1165100 1704.4
1165110 1704.4
1165120 1698.4
1165130 1697.9
1165140 1697.9
1165150 1697.2
1165160 1694.7
1165170 1694.7
1165180 1688.6
1165190 1678.0
1165200 1678.0
1165210 1673.9
1165220 1671.5
1165230 1671.5
1165240 1657.6
1165250 1646.0
1165260 1646.0
1165270 1638.1
1165280 1630.3
1165290 1630.3
1165300 1622.5
1165310 1614.8
1165320 1606.9
1165330 1606.9
1165340 1599.0
1165350 1594.1
1165360 1594.1
1165370 1586.6
1165380 1579.2
1165390 1579.2
1165400 1573.9
1165410 1571.0
1165420 1571.0
1165430 1566.8
1165440 1563.8
1165450 1563.8
1165460 1562.9
1165470 1564.0
1165480 1564.0
1165490 1562.6
1165500 1551.6
1165510 1551.6
1165520 1535.0
1165530 1526.9
1165540 1526.9
1165550 1518.9
1165560 1510.7
1165570 1510.7
1165580 1502.6
1165590 1495.0
1165600 1495.0
1165610 1489.1
1165620 1484.1
1165630 1479.7
1165640 1479.7
1165650 1475.5
1165660 1472.4
1165670 1472.4
1165680 1474.2
1165690 1476.3
1165700 1476.3
1165710 1474.6
1165720 1468.5
1165730 1468.5
1165740 1459.7
1165750 1457.7
1165760 1457.7
1165770 1456.3
1165780 1451.7
1165790 1451.7
1165800 1448.5
1165810 1445.7
1165820 1445.7
1165830 1443.2
1165840 1442.9
1165850 1442.9
1165860 1439.8
1165870 1435.4
1165880 1435.4
1165890 1432.3
1165900 1428.8
1165910 1423.3
1165920 1423.3
1165930 1418.9
1165940 1415.5
1165950 1415.5
1165960 1412.0
1165970 1407.4
1165980 1407.4
1165990 1400.3
1166000 1393.2
1166010 1393.2
1166020 1386.3
1166030 1379.4
1166040 1379.4
1166050 1372.6
1166060 1366.0
1166070 1366.0
1166080 1359.1
1166090 1353.4
1166100 1353.4
1166110 1345.5
1166120 1332.5
1166130 1332.5
1166140 1315.1
1166150 1303.6
1166160 1303.6
1166170 1290.7
1166180 1281.2
1166190 1281.2
1166200 1273.2
1166210 1266.2
1166220 1260.4
1166230 1260.4
1166240 1251.6
1166250 1239.9
1166260 1239.9
1166270 1230.7
1166280 1224.8
1166290 1224.8
1166300 1221.6
1166310 1220.8
1166320 1220.8
1166330 1222.1
1166340 1225.4
1166350 1225.4
1166360 1231.2
1166370 1235.2
1166380 1235.2
1166390 1240.3
1166400 1249.6
1166410 1249.6
1166420 1252.8
1166430 1252.0
1166440 1252.0
1166450 1254.8
1166460 1259.9
1166470 1259.9
1166480 1263.4
1166490 1265.9
1166500 1265.9
1166510 1272.1
1166520 1278.2
1166530 1282.9
1166540 1282.9
1166550 1282.6
1166560 1287.4
1166570 1287.4
1166580 1290.3
1166590 1292.8
1166600 1292.8
1166610 1295.5
1166620 1297.0
1166630 1297.0
1166640 1300.8
1166650 1305.0
1166660 1305.0
1166670 1310.0
1166680 1314.2
1166690 1314.2
1166700 1316.0
1166710 1316.3
1166720 1316.3
1166730 1313.1
1166740 1310.0
1166750 1310.0
1166760 1308.9
1166770 1310.3
1166780 1310.3
1166790 1312.8
1166800 1308.4
1166810 1297.5
1166820 1297.5
1166830 1286.8
1166840 1279.7
1166850 1279.7
1166860 1291.2
1166870 1301.3
1166880 1301.3
1166890 1311.7
1166900 1321.8
1166910 1321.8
1166920 1328.7
1166930 1331.6
1166940 1331.6
1166950 1328.4
1166960 1328.8
1166970 1328.8
1166980 1329.4
1166990 1329.7
1167000 1329.7
1167010 1329.3
1167020 1328.5
1167030 1328.5
1167040 1327.8
1167050 1327.0
1167060 1327.0
1167070 1327.2
1167080 1328.3
1167090 1328.3
1167100 1329.9
1167110 1331.1
1167120 1330.1
1167130 1330.1
1167140 1330.6
1167150 1332.3
1167160 1332.3
1167170 1332.9
1167180 1333.4
1167190 1333.4
1167200 1334.6
1167210 1336.5
1167220 1336.5
1167230 1337.9
1167240 1338.7
1167250 1338.7
1167260 1338.0
1167270 1335.9
1167280 1335.9
1167290 1335.4
1167300 1338.4
1167310 1338.4
1167320 1335.1
1167330 1334.1
1167340 1334.1
1167350 1331.2
1167360 1337.1
1167370 1337.1
1167380 1344.3
1167390 1349.2
1167400 1349.2
1167410 1351.7
1167420 1351.7
1167430 1352.3
1167440 1352.3
1167450 1354.1
1167460 1354.9
1167470 1354.9
1167480 1356.2
1167490 1359.9
1167500 1359.9
1167510 1361.1
1167520 1363.1
1167530 1363.1
1167540 1363.5
1167550 1363.1
1167560 1363.1
1167570 1363.8
1167580 1365.3
1167590 1365.3
1167600 1365.5
1167610 1364.0
1167620 1364.0
1167630 1362.2
1167640 1362.8
1167650 1362.8
1167660 1364.3
1167670 1365.8
1167680 1365.8
1167690 1368.0
1167700 1370.5
1167710 1371.9
1167720 1371.9
1167730 1372.2
1167740 1372.1
1167750 1372.1
1167760 1366.7
1167770 1367.1
1167780 1367.1
1167790 1368.5
1167800 1366.7
1167810 1366.7
1167820 1366.6
1167830 1367.8
1167840 1367.8
1167850 1368.1
1167860 1368.1
1167870 1368.1
1167880 1367.3
1167890 1365.7
1167900 1365.7
1167910 1363.5
1167920 1360.5
1167930 1360.5
1167940 1356.7
1167950 1351.9
1167960 1351.9
1167970 1345.5
1167980 1336.6
1167990 1336.6
1168000 1330.6
1168010 1331.1
1168020 1330.7
1168030 1330.7
1168040 1333.5
1168050 1333.6
1168060 1333.6
1168070 1326.4
1168080 1324.3
1168090 1324.3
1168100 1321.0
1168110 1325.0
1168120 1325.0
1168130 1332.7
1168140 1336.7
1168150 1336.7
1168160 1328.8
1168170 1329.3
1168180 1329.3
1168190 1329.6
1168200 1328.7
1168210 1328.7
1168220 1327.9
1168230 1329.5
1168240 1329.5
1168250 1333.3
1168260 1336.4
1168270 1336.4
1168280 1338.3
1168290 1339.5
1168300 1340.0
1168310 1340.0
1168320 1340.5
1168330 1342.2
1168340 1342.2
1168350 1344.1
1168360 1345.8
1168370 1345.8
1168380 1347.7
1168390 1348.1
1168400 1348.1
1168410 1347.4
1168420 1346.4
1168430 1346.4
1168440 1345.5
1168450 1344.2
1168460 1344.2
1168470 1338.5
1168480 1335.5
1168490 1335.5
1168500 1334.5
1168510 1333.9
1168520 1333.9
1168530 1335.6
1168540 1332.8
1168550 1332.8
1168560 1307.2
1168570 1301.0
1168580 1301.0
1168590 1290.0
1168600 1281.8
1168610 1276.4
1168620 1276.4
1168630 1273.2
1168640 1271.0
1168650 1271.0
1168660 1267.3
1168670 1263.4
1168680 1263.4
1168690 1260.8
1168700 1258.6
1168710 1258.6
1168720 1257.6
1168730 1257.1
1168740 1257.1
1168750 1256.7
1168760 1257.1
1168770 1257.1
1168780 1258.9
1168790 1259.1
1168800 1259.1
1168810 1260.3
1168820 1262.0
1168830 1262.0
1168840 1259.8
1168850 1257.7
1168860 1257.7
1168870 1257.0
1168880 1256.2
1168890 1256.2
1168900 1255.7
1168910 1257.6
1168920 1258.7
1168930 1258.7
1168940 1256.2
1168950 1254.7
1168960 1254.7
1168970 1246.9
1168980 1248.4
1168990 1248.4
1169000 1250.7
1169010 1251.3
1169020 1251.3
1169030 1250.9
1169040 1250.7
1169050 1250.7
1169060 1249.3
1169070 1244.9
1169080 1244.9
1169090 1238.7
1169100 1228.1
1169110 1228.1
1169120 1225.6
1169130 1232.6
1169140 1232.6
1169150 1241.5
1169160 1249.7
1169170 1249.7
1169180 1252.7
1169190 1252.2
1169200 1248.3
1169210 1248.3
1169220 1242.1
1169230 1238.1
1169240 1238.1
1169250 1240.1
1169260 1236.6
1169270 1236.6
1169280 1226.0
1169290 1217.7
1169300 1217.7
1169310 1226.4
1169320 1240.4
1169330 1240.4
1169340 1246.3
1169350 1247.5
1169360 1247.5
1169370 1241.7
1169380 1241.1
1169390 1241.1
1169400 1240.5
1169410 1239.8
1169420 1239.8
1169430 1238.9
1169440 1239.0
1169450 1239.0
1169460 1239.7
1169470 1240.4
1169480 1240.4
1169490 1240.6
1169500 1240.2
1169510 1238.9
1169520 1238.9
1169530 1235.5
1169540 1235.7
1169550 1235.7
1169560 1234.7
1169570 1229.2
1169580 1229.2
1169590 1219.8
1169600 1221.8
1169610 1221.8
1169620 1225.4
1169630 1227.1
1169640 1227.1
1169650 1228.8
1169660 1230.7
1169670 1230.7
1169680 1233.4
1169690 1235.6
1169700 1235.6
1169710 1235.6
1169720 1236.0
1169730 1236.0
1169740 1234.7
1169750 1234.2
1169760 1234.2
1169770 1226.3
1169780 1224.9
1169790 1224.9
1169800 1223.5
1169810 1226.8
1169820 1230.1
1169830 1230.1
1169840 1230.4
1169850 1233.0
1169860 1233.0
1169870 1234.3
1169880 1234.3
1169890 1234.3
1169900 1234.6
1169910 1236.7
1169920 1236.7
1169930 1237.8
1169940 1237.0
1169950 1237.0
1169960 1236.2
1169970 1235.6
1169980 1235.6
1169990 1235.5
1170000 1236.0
1170010 1236.0
1170020 1237.7
1170030 1239.9
1170040 1239.9
1170050 1241.5
1170060 1243.0
1170070 1243.0
1170080 1245.0
1170090 1246.5
1170100 1247.5
1170110 1247.5
1170120 1248.3
1170130 1248.3
1170140 1248.3
1170150 1247.8
1170160 1248.0
1170170 1248.0
1170180 1244.5
1170190 1245.6
1170200 1245.6
1170210 1246.1
1170220 1249.2
1170230 1249.2
1170240 1252.7
1170250 1253.8
1170260 1253.8
1170270 1254.5
1170280 1256.7
1170290 1256.7
1170300 1258.9
1170310 1260.8
1170320 1260.8
1170330 1262.7
1170340 1267.6
1170350 1267.6
1170360 1271.5
1170370 1274.0
1170380 1274.0
1170390 1275.9
1170400 1276.1
1170410 1273.7
1170420 1273.7
1170430 1271.1
1170440 1268.3
1170450 1268.3
1170460 1267.2
1170470 1267.2
1170480 1267.2
1170490 1266.8
1170500 1266.5
1170510 1266.5
1170520 1266.8
1170530 1268.7
1170540 1268.7
1170550 1272.0
1170560 1276.1
1170570 1276.1
1170580 1276.9
1170590 1267.3
1170600 1267.3
1170610 1262.3
1170620 1259.1
1170630 1259.1
1170640 1259.3
1170650 1257.9
1170660 1257.9
1170670 1258.3
1170680 1259.4
1170690 1259.4
1170700 1259.7
1170710 1259.6
1170720 1261.0
1170730 1261.0
1170740 1264.9
1170750 1269.6
1170760 1269.6
1170770 1271.9
1170780 1272.1
1170790 1272.1
1170800 1271.9
1170810 1271.8
1170820 1271.8
1170830 1272.2
1170840 1271.6
1170850 1271.6
1170860 1270.6
1170870 1269.2
1170880 1269.2
1170890 1266.0
1170900 1260.6
1170910 1260.6
1170920 1257.5
1170930 1258.4
1170940 1258.4
1170950 1260.5
1170960 1261.4
1170970 1261.4
1170980 1260.5
1170990 1254.2
1171000 1254.9
1171010 1254.9
1171020 1254.0
1171030 1252.5
1171040 1252.5
1171050 1252.6
1171060 1252.4
1171070 1252.4
1171080 1251.7
1171090 1251.4
1171100 1251.4
1171110 1251.2
1171120 1249.7
1171130 1249.7
1171140 1246.9
1171150 1244.1
1171160 1244.1
1171170 1241.9
1171180 1239.7
1171190 1239.7
1171200 1239.7
1171210 1238.5
1171220 1238.5
1171230 1237.9
1171240 1239.3
1171250 1239.3
1171260 1240.8
1171270 1242.0
1171280 1242.0
1171290 1242.4
1171300 1242.7
1171310 1243.7
1171320 1243.7
1171330 1243.5
1171340 1241.8
1171350 1241.8
1171360 1239.5
1171370 1238.2
1171380 1238.2
1171390 1237.6
1171400 1234.0
1171410 1234.0
1171420 1233.9
1171430 1233.7
1171440 1233.7
1171450 1233.3
1171460 1231.7
1171470 1231.7
1171480 1229.2
1171490 1227.0
1171500 1227.0
1171510 1225.0
1171520 1223.1
1171530 1223.1
1171540 1221.9
1171550 1220.5
1171560 1220.5
1171570 1218.5
1171580 1216.3
1171590 1216.3
1171600 1214.2
1171610 1212.6
1171620 1212.3
1171630 1212.3
1171640 1211.1
1171650 1208.9
1171660 1208.9
1171670 1206.5
1171680 1203.0
1171690 1203.0
1171700 1199.0
1171710 1198.2
1171720 1198.2
1171730 1197.2
1171740 1195.7
1171750 1195.7
1171760 1194.2
1171770 1192.8
1171780 1192.8
1171790 1191.6
1171800 1190.9
1171810 1191.5
1171820 1190.0
1171830 1187.4
1171840 1187.4
1171850 1183.2
1171860 1177.1
1171870 1177.1
1171880 1170.1
1171890 1163.9
1171900 1159.3
1171910 1159.3
1171920 1155.3
1171930 1152.0
1171940 1152.0
1171950 1151.7
1171960 1151.5
1171970 1151.5
1171980 1151.2
1171990 1150.5
1172000 1150.5
1172010 1147.7
1172020 1145.0
1172030 1145.0
1172040 1144.5
1172050 1143.9
1172060 1143.9
1172070 1144.9
1172080 1145.3
1172090 1145.3
1172100 1145.7
1172110 1145.9
1172120 1145.9
1172130 1146.0
1172140 1145.3
1172150 1145.3
1172160 1145.7
1172170 1147.4
1172180 1147.4
1172190 1150.7
1172200 1152.6
1172210 1150.4
1172220 1150.4
1172230 1151.6
1172240 1152.8
1172250 1152.8
1172260 1154.8
1172270 1156.0
1172280 1156.0
1172290 1157.5
1172300 1157.3
1172310 1157.3
1172320 1155.0
1172330 1152.2
1172340 1152.2
1172350 1148.2
1172360 1142.9
1172370 1142.9
1172380 1137.5
1172390 1134.5
1172400 1134.5
1172410 1132.8
1172420 1127.6
1172430 1127.6
1172440 1118.8
1172450 1111.2
1172460 1111.2
1172470 1103.6
1172480 1096.1
1172490 1089.3
1172500 1089.3
1172510 1083.1
1172520 1077.8
1172530 1077.8
1172540 1073.7
1172550 1069.1
1172560 1069.1
1172570 1064.9
1172580 1059.7
1172590 1059.7
1172600 1053.0
1172610 1046.1
1172620 1045.9
1172630 1040.8
1172640 1035.0
1172650 1035.0
1172660 1027.0
1172670 1020.4
1172680 1020.4
1172690 1018.1
1172700 1017.1
1172710 1017.1
1172720 1016.5
1172730 1015.0
1172740 1015.0
1172750 1013.7
1172760 1012.2
1172770 1012.2
1172780 1009.4
1172790 1007.5
1172800 1006.9
1172810 1006.9
1172820 1006.6
1172830 1006.4
1172840 1006.4
1172850 1006.3
1172860 1006.3
1172870 1006.3
1172880 1006.7
1172890 1006.6
1172900 1006.6
1172910 1005.4
1172920 999.8
1172930 999.8
1172940 995.7
1172950 993.5
1172960 993.5
1172970 991.3
1172980 988.7
1172990 988.7
1173000 986.5
1173010 985.7
1173020 985.7
1173030 987.6
1173040 988.1
1173050 988.1
1173060 989.3
1173070 991.5
1173080 991.5
1173090 992.6
1173100 991.7
1173110 991.7
1173120 991.7
1173130 989.7
1173140 985.0
1173150 985.0
1173160 978.5
1173170 972.7
1173180 972.7
1173190 968.9
1173200 967.0
1173210 967.0
1173220 965.1
1173230 964.5
1173240 964.5
1173250 964.5
1173260 966.7
1173270 966.7
1173280 970.1
1173290 970.7
1173300 970.7
1173310 971.0
1173320 971.3
1173330 971.3
1173340 971.5
1173350 971.8
1173360 971.8
1173370 971.6
1173380 971.2
1173390 970.2
1173400 970.2
1173410 968.8
1173420 968.7
1173430 968.7
1173440 969.0
1173450 968.8
1173460 968.8
1173470 968.7
1173480 968.3
1173490 968.3
1173500 967.9
1173510 967.3
1173520 967.3
1173530 967.0
1173540 966.8
1173550 966.8
1173560 966.7
1173570 966.7
1173580 966.7
1173590 966.6
1173600 966.4
1173610 966.4
1173620 966.2
1173630 965.9
1173640 965.9
1173650 965.8
1173660 965.7
1173670 965.7
1173680 965.4
1173690 965.3
1173700 965.2
1173710 965.2
1173720 965.1
1173730 964.9
1173740 964.9
1173750 964.7
1173760 964.6
1173770 964.6
1173780 964.3
1173790 964.2
1173800 964.2
1173810 964.3
1173820 964.1
1173830 964.1
1173840 964.0
1173850 964.0
1173860 964.0
1173870 963.8
1173880 963.5
1173890 963.5
1173900 963.3
1173910 963.1
1173920 963.1
1173930 963.0
1173940 963.0
1173950 963.0
1173960 962.9
1173970 962.8
1173980 962.8
1173990 962.7
1174000 962.5
1174010 962.3
1174020 962.3
1174030 962.1
1174040 962.0
1174050 962.0
1174060 961.9
1174070 960.3
1174080 960.3
1174090 955.8
1174100 952.3
1174110 952.3
1174120 952.0
1174130 952.1
1174140 952.1
1174150 952.3
1174160 951.3
1174170 951.3
1174180 946.4
1174190 944.7
1174200 944.7
1174210 944.6
1174220 944.6
1174230 944.6
1174240 944.9
1174250 945.0
1174260 945.0
1174270 945.1
1174280 945.1
1174290 945.2
1174300 945.2
1174310 945.2
1174320 945.3
1174330 945.3
1174340 945.3
1174350 945.4
1174360 945.4
1174370 945.5
1174380 945.6
1174390 945.6
1174400 945.6
1174410 945.8
1174420 945.8
1174430 945.8
1174440 945.6
1174450 945.6
1174460 945.6
1174470 945.4
1174480 945.4
1174490 945.3
1174500 945.4
1174510 945.4
1174520 945.5
1174530 945.7
1174540 945.7
1174550 945.7
1174560 945.8
1174570 945.8
1174580 945.1
1174590 944.8
1174600 945.0
1174610 945.0
1174620 945.2
1174630 945.5
1174640 945.5
1174650 945.3
1174660 943.5
1174670 943.8
1174680 943.0
1174690 943.0
1174700 943.0
1174710 942.9
1174720 942.8
1174730 942.8
1174740 944.8
1174750 951.6
1174760 951.6
1174770 955.6
1174780 961.2
1174790 961.2
1174800 964.6
1174810 965.6
1174820 965.6
1174830 964.4
1174840 969.6
1174850 969.6
1174860 975.6
1174870 979.0
1174880 982.3
1174890 982.3
1174900 985.9
1174910 989.7
1174920 989.7
1174930 993.8
1174940 997.7
1174950 997.7
1174960 1001.7
1174970 1005.6
1174980 1005.6
1174990 1011.9
1175000 1018.8
1175010 1018.8
1175020 1024.5
1175030 1030.3
1175040 1030.3
1175050 1037.1
1175060 1043.0
1175070 1043.0
1175080 1048.4
1175090 1051.1
1175100 1051.1
1175110 1059.9
1175120 1073.3
1175130 1073.3
1175140 1089.0
1175150 1097.0
1175160 1097.0
1175170 1101.8
1175180 1105.7
1175190 1109.3
1175200 1109.3
1175210 1114.0
1175220 1120.0
1175230 1120.0
1175240 1127.3
1175250 1136.5
1175260 1136.5
1175270 1143.0
1175280 1145.9
1175290 1145.9
1175300 1148.7
1175310 1151.4
1175320 1151.4
1175330 1153.7
1175340 1156.0
1175350 1156.0
1175360 1157.6
1175370 1158.4
1175380 1158.4
1175390 1162.0
1175400 1164.4
1175410 1164.4
1175420 1164.5
1175430 1165.4
1175440 1165.4
1175450 1167.1
1175460 1169.0
1175470 1169.0
1175480 1168.4
1175490 1165.5
1175500 1169.2
1175510 1169.2
1175520 1168.5
1175530 1168.5
1175540 1168.5
1175550 1169.1
1175560 1169.6
1175570 1169.6
1175580 1169.2
1175590 1167.7
1175600 1167.7
1175610 1167.7
1175620 1168.6
1175630 1168.6
1175640 1169.0
1175650 1169.8
1175660 1169.8
1175670 1172.1
1175680 1176.3
1175690 1176.3
1175700 1179.7
1175710 1179.0
1175720 1179.0
1175730 1177.3
1175740 1175.6
1175750 1175.6
1175760 1174.1
1175770 1174.5
1175780 1175.3
1175790 1175.3
1175800 1176.4
1175810 1177.7
1175820 1177.7
1175830 1180.1
1175840 1182.5
1175850 1182.5
1175860 1184.6
1175870 1184.6
1175880 1184.6
1175890 1181.2
1175900 1178.6
1175910 1186.8
1175920 1186.8
1175930 1186.5
1175940 1186.5
1175950 1185.0
1175960 1182.9
1175970 1182.9
1175980 1180.3
1175990 1179.7
1176000 1179.7
1176010 1176.8
1176020 1172.4
1176030 1172.4
1176040 1170.7
1176050 1171.6
1176060 1171.6
1176070 1172.4
1176080 1170.9
1176090 1168.5
1176100 1168.5
1176110 1166.6
1176120 1166.4
1176130 1166.4
1176140 1166.3
1176150 1166.8
1176160 1166.8
1176170 1165.8
1176180 1165.1
1176190 1165.1
1176200 1163.9
1176210 1161.0
1176220 1161.0
1176230 1158.0
1176240 1155.6
1176250 1155.6
1176260 1155.4
1176270 1153.4
1176280 1153.4
1176290 1150.6
1176300 1147.9
1176310 1147.9
1176320 1152.5
1176330 1154.9
1176340 1154.9
1176350 1156.7
1176360 1159.8
1176370 1159.8
1176380 1164.6
1176390 1168.6
1176400 1168.0
1176410 1168.0
1176420 1167.9
1176430 1163.6
1176440 1163.6
1176450 1159.0
1176460 1161.9
1176470 1161.9
1176480 1167.4
1176490 1166.0
1176500 1166.0
1176510 1161.1
1176520 1158.5
1176530 1158.5
1176540 1157.0
1176550 1157.3
1176560 1157.3
1176570 1157.4
1176580 1158.1
1176590 1158.1
1176600 1158.3
1176610 1159.3
1176620 1159.3
1176630 1159.6
1176640 1160.7
1176650 1160.7
1176660 1161.9
1176670 1164.2
1176680 1166.5
1176690 1166.5
1176700 1169.2
1176710 1172.2
1176720 1172.2
1176730 1174.9
1176740 1181.8
1176750 1181.8
1176760 1185.4
1176770 1188.2
1176780 1188.2
1176790 1191.3
1176800 1195.2
1176810 1195.2
1176820 1199.1
1176830 1202.8
1176840 1202.8
1176850 1206.5
1176860 1210.0
1176870 1210.0
1176880 1212.9
1176890 1216.3
1176900 1216.3
1176910 1220.3
1176920 1223.1
1176930 1223.1
1176940 1226.0
1176950 1229.4
1176960 1229.4
1176970 1232.9
1176980 1237.3
1176990 1240.1
1177000 1240.1
1177010 1239.7
1177020 1239.0
1177030 1239.0
1177040 1239.7
1177050 1242.4
1177060 1242.4
1177070 1248.8
1177080 1256.9
1177090 1256.9
1177100 1265.3
1177110 1273.8
1177120 1273.8
1177130 1281.4
1177140 1287.1
1177150 1288.7
1177160 1294.9
1177170 1300.0
1177180 1300.0
1177190 1304.5
1177200 1309.6
1177210 1309.6
1177220 1314.3
1177230 1319.4
1177240 1319.4
1177250 1325.0
1177260 1331.4
1177270 1337.9
1177280 1337.9
1177290 1344.3
1177300 1350.5
1177310 1350.5
1177320 1355.8
1177330 1358.8
1177340 1358.8
1177350 1363.4
1177360 1369.3
1177370 1369.3
1177380 1381.7
1177390 1395.0
1177400 1395.0
1177410 1398.5
1177420 1401.0
1177430 1401.0
1177440 1409.4
1177450 1421.5
1177460 1421.5
1177470 1434.7
1177480 1441.7
1177490 1441.7
1177500 1448.3
1177510 1453.4
1177520 1453.4
1177530 1456.7
1177540 1457.2
1177550 1457.2
1177560 1462.2
1177570 1476.1
1177580 1482.9
1177590 1482.9
1177600 1488.4
1177610 1493.0
1177620 1493.0
1177630 1492.7
1177640 1493.1
1177650 1493.1
1177660 1493.3
1177670 1490.2
1177680 1490.2
1177690 1490.7
1177700 1495.0
1177710 1495.0
1177720 1499.4
1177730 1502.6
1177740 1502.6
1177750 1505.2
1177760 1507.5
1177770 1507.5
1177780 1508.1
1177790 1505.5
1177800 1505.5
1177810 1502.0
1177820 1503.8
1177830 1503.8
1177840 1504.6
1177850 1503.7
1177860 1503.7
1177870 1502.9
1177880 1501.6
1177890 1498.3
1177900 1498.3
1177910 1493.8
1177920 1488.5
1177930 1488.5
1177940 1481.1
1177950 1475.1
1177960 1475.1
1177970 1471.1
1177980 1474.6
1177990 1474.6
1178000 1474.3
1178010 1473.6
1178020 1473.6
1178030 1469.3
1178040 1464.6
1178050 1464.6
1178060 1459.5
1178070 1454.1
1178080 1454.1
1178090 1449.8
1178100 1447.0
1178110 1447.0
1178120 1443.2
1178130 1436.0
1178140 1436.0
1178150 1427.5
1178160 1419.6
1178170 1412.5
1178180 1412.5
1178190 1405.5
1178200 1399.2
1178210 1399.2
1178220 1392.4
1178230 1385.4
1178240 1385.4
1178250 1377.8
1178260 1369.0
1178270 1369.0
1178280 1360.0
1178290 1351.6
1178300 1351.6
1178310 1344.5
1178320 1337.9
1178330 1337.9
1178340 1331.5
1178350 1325.5
1178360 1325.5
1178370 1319.0
1178380 1312.1
1178390 1312.1
1178400 1308.6
1178410 1303.6
1178420 1303.6
1178430 1299.2
1178440 1295.5
1178450 1295.5
1178460 1291.5
1178470 1287.5
1178480 1284.8
1178490 1284.8
1178500 1282.0
1178510 1279.5
1178520 1279.5
1178530 1276.9
1178540 1274.6
1178550 1274.6
1178560 1272.6
1178570 1275.4
1178580 1275.4
1178590 1276.1
1178600 1272.7
1178610 1272.7
1178620 1266.9
1178630 1261.0
1178640 1261.0
1178650 1257.3
1178660 1255.1
1178670 1255.1
1178680 1251.2
1178690 1246.6
1178700 1246.6
1178710 1243.1
1178720 1241.8
1178730 1241.8
1178740 1242.7
1178750 1242.9
1178760 1242.9
1178770 1243.9
1178780 1246.4
1178790 1250.3
1178800 1250.3
1178810 1255.3
1178820 1257.0
1178830 1257.0
1178840 1256.7
1178850 1252.4
1178860 1252.4
1178870 1244.2
1178880 1236.6
1178890 1236.6
1178900 1229.4
1178910 1222.2
1178920 1222.2
1178930 1214.3
1178940 1207.5
1178950 1207.5
1178960 1205.4
1178970 1206.9
1178980 1206.9
1178990 1211.8
1179000 1217.8
1179010 1217.8
1179020 1223.5
1179030 1229.4
1179040 1229.4
1179050 1234.9
1179060 1240.7
1179070 1247.1
1179080 1247.1
1179090 1254.1
1179100 1261.5
1179110 1261.5
1179120 1268.7
1179130 1276.4
1179140 1276.4
1179150 1284.7
1179160 1294.2
1179170 1294.2
1179180 1302.3
1179190 1308.4
1179200 1308.4
1179210 1314.2
1179220 1320.9
1179230 1329.4
1179240 1335.5
1179250 1342.3
1179260 1342.3
1179270 1348.1
1179280 1353.3
1179290 1353.3
1179300 1356.8
1179310 1359.1
1179320 1359.1
1179330 1360.9
1179340 1362.0
1179350 1362.0
1179360 1363.2
1179370 1364.1
1179380 1364.4
1179390 1364.4
1179400 1364.1
1179410 1363.7
1179420 1363.7
1179430 1362.9
1179440 1361.9
1179450 1361.9
1179460 1360.9
1179470 1360.1
1179480 1360.1
1179490 1359.2
1179500 1358.7
1179510 1358.7
1179520 1358.1
1179530 1357.9
1179540 1357.9
1179550 1357.6
1179560 1357.4
1179570 1357.4
1179580 1357.3
1179590 1356.7
1179600 1356.7
1179610 1356.1
1179620 1356.0
1179630 1356.0
1179640 1355.6
1179650 1359.8
1179660 1360.7
1179670 1360.7
1179680 1361.4
1179690 1361.5
1179700 1361.5
1179710 1361.3
1179720 1361.1
1179730 1361.1
1179740 1359.5
1179750 1358.2
1179760 1358.2
1179770 1357.9
1179780 1359.1
1179790 1359.1
1179800 1360.9
1179810 1361.3
1179820 1361.3
1179830 1361.9
1179840 1362.7
1179850 1362.7
1179860 1362.7
1179870 1362.9
1179880 1362.9
1179890 1362.7
1179900 1363.3
1179910 1363.3
1179920 1363.2
1179930 1362.8
1179940 1362.8
1179950 1362.6
1179960 1362.0
1179970 1361.6
1179980 1361.6
1179990 1361.0
