1160000 1895.8
1160010 1890.1
1160020 1890.1
1160030 1884.3
1160040 1878.0
1160050 1878.0
1160060 1871.8
1160070 1865.7
1160080 1865.7
1160090 1859.8
1160100 1854.1
1160110 1848.9
1160120 1848.9
1160130 1844.1
1160140 1839.6
1160150 1839.6
1160160 1835.2
1160170 1830.9
1160180 1830.9
1160190 1826.2
1160200 1820.5
1160210 1820.5
1160220 1814.8
1160230 1808.1
1160240 1808.1
1160250 1801.1
1160260 1794.4
1160270 1794.4
1160280 1788.2
1160290 1781.7
1160300 1781.7
1160310 1775.0
1160320 1768.0
1160330 1768.0
1160340 1760.5
1160350 1754.5
1160360 1754.5
1160370 1748.1
1160380 1741.6
1160390 1741.6
1160400 1735.8
1160410 1731.6
1160420 1727.3
1160430 1727.3
1160440 1723.0
1160450 1719.6
1160460 1719.6
1160470 1717.5
1160480 1714.2
1160490 1714.2
1160500 1710.6
1160510 1707.0
1160520 1707.0
1160530 1703.6
1160540 1701.1
1160550 1701.1
1160560 1699.1
1160570 1694.0
1160580 1694.0
1160590 1690.1
1160600 1693.3
1160610 1693.3
1160620 1688.1
1160630 1687.4
1160640 1687.4
1160650 1684.3
1160660 1682.3
1160670 1682.3
1160680 1680.8
1160690 1687.5
1160700 1687.5
1160710 1693.5
1160720 1697.6
1160730 1703.6
1160740 1703.6
1160750 1707.8
1160760 1712.5
1160770 1712.5
1160780 1716.8
1160790 1722.4
1160800 1722.4
1160810 1727.4
1160820 1733.8
1160830 1733.8
1160840 1738.2
1160850 1742.7
1160860 1742.7
1160870 1746.2
1160880 1751.2
1160890 1751.2
1160900 1756.9
1160910 1762.0
1160920 1762.0
1160930 1768.1
1160940 1777.8
1160950 1777.8
1160960 1783.8
1160970 1782.1
1160980 1782.1
1160990 1774.3
1161000 1768.5
1161010 1761.3
1161020 1764.5
1161030 1774.7
1161040 1781.5
1161050 1781.5
1161060 1786.1
1161070 1788.9
1161080 1788.9
1161090 1787.6
1161100 1790.1
1161110 1790.1
1161120 1796.2
1161130 1806.8
1161140 1806.8
1161150 1817.9
1161160 1826.8
1161170 1826.8
1161180 1839.6
1161190 1851.5
1161200 1851.5
1161210 1864.0
1161220 1874.8
1161230 1874.8
1161240 1882.9
1161250 1890.6
1161260 1890.6
1161270 1899.5
1161280 1907.4
1161290 1907.4
1161300 1916.4
1161310 1926.8
1161320 1934.1
1161330 1934.1
1161340 1941.1
1161350 1949.0
1161360 1949.0
1161370 1965.9
1161380 1998.5
1161390 1998.5
1161400 2015.2
1161410 2021.8
1161420 2021.8
1161430 2031.1
1161440 2037.8
1161450 2037.8
1161460 2044.2
1161470 2051.0
1161480 2051.0
1161490 2059.2
1161500 2068.2
1161510 2068.2
1161520 2082.9
1161530 2104.1
1161540 2104.1
1161550 2113.5
1161560 2115.5
1161570 2115.5
1161580 2132.4
1161590 2147.0
1161600 2147.0
1161610 2161.5
1161620 2172.9
1161630 2181.3
1161640 2181.3
1161650 2193.7
1161660 2204.2
1161670 2204.2
1161680 2213.7
1161690 2224.1
1161700 2224.1
1161710 2239.2
1161720 2247.9
1161730 2247.9
1161740 2239.8
1161750 2228.3
1161760 2228.3
1161770 2219.5
1161780 2211.0
1161790 2211.0
1161800 2198.5
1161810 2183.0
1161820 2183.0
1161830 2166.5
1161840 2157.5
1161850 2157.5
1161860 2149.8
1161870 2142.8
1161880 2142.8
1161890 2127.2
1161900 2113.1
1161910 2113.1
1161920 2103.0
1161930 2079.2
1161940 2068.0
1161950 2068.0
1161960 2062.3
1161970 2056.1
1161980 2056.1
1161990 2049.8
1162000 2043.9
1162010 2043.9
1162020 2038.4
1162030 2033.4
1162040 2033.4
1162050 2028.9
1162060 2024.6
1162070 2024.6
1162080 2020.3
1162090 2015.7
1162100 2015.7
1162110 2011.4
1162120 2007.8
1162130 2007.8
1162140 2003.9
1162150 1999.4
1162160 1999.4
1162170 1995.3
1162180 1992.5
1162190 1992.5
1162200 1988.3
1162210 1984.1
1162220 1984.1
1162230 1981.9
1162240 1980.9
1162250 1979.9
1162260 1979.9
1162270 1978.3
1162280 1976.5
1162290 1976.5
1162300 1974.4
1162310 1971.8
1162320 1971.8
1162330 1969.9
1162340 1968.7
1162350 1968.7
1162360 1967.8
1162370 1966.3
1162380 1966.3
1162390 1964.2
1162400 1961.6
1162410 1961.6
1162420 1957.7
1162430 1952.6
1162440 1952.6
1162450 1947.6
1162460 1943.1
1162470 1943.1
1162480 1938.7
1162490 1935.4
1162500 1935.4
1162510 1933.6
1162520 1932.6
1162530 1931.4
1162540 1931.4
1162550 1929.9
1162560 1928.1
1162570 1928.1
1162580 1926.1
1162590 1921.8
1162600 1921.8
1162610 1916.1
1162620 1910.3
1162630 1910.3
1162640 1905.2
1162650 1902.0
1162660 1902.0
1162670 1901.7
1162680 1901.4
1162690 1901.4
1162700 1898.9
1162710 1895.4
1162720 1895.4
1162730 1891.6
1162740 1889.8
1162750 1889.8
1162760 1889.3
1162770 1889.3
1162780 1889.3
1162790 1889.5
1162800 1889.2
1162810 1889.2
1162820 1889.0
1162830 1890.5
1162840 1893.6
1162850 1893.6
1162860 1896.8
1162870 1896.0
1162880 1896.0
1162890 1894.7
1162900 1894.9
1162910 1894.9
1162920 1894.7
1162930 1895.3
1162940 1895.3
1162950 1895.6
1162960 1894.9
1162970 1894.9
1162980 1892.4
1162990 1882.4
1163000 1882.4
1163010 1877.1
1163020 1872.1
1163030 1872.1
1163040 1866.3
1163050 1860.5
1163060 1860.5
1163070 1857.4
1163080 1855.1
1163090 1855.1
1163100 1852.9
1163110 1847.0
1163120 1847.0
1163130 1838.1
1163140 1830.8
1163150 1822.9
1163160 1822.9
1163170 1815.7
1163180 1817.5
1163190 1817.5
1163200 1820.8
1163210 1819.6
1163220 1819.6
1163230 1819.0
1163240 1820.8
1163250 1820.8
1163260 1822.4
1163270 1824.6
1163280 1824.6
1163290 1826.8
1163300 1828.8
1163310 1828.8
1163320 1835.1
1163330 1840.9
1163340 1840.9
1163350 1845.1
1163360 1848.9
1163370 1848.9
1163380 1853.4
1163390 1856.4
1163400 1856.4
1163410 1865.6
1163420 1878.2
1163430 1886.7
1163440 1886.7
1163450 1890.1
1163460 1893.6
1163470 1893.6
1163480 1895.6
1163490 1897.2
1163500 1897.2
1163510 1898.8
1163520 1901.1
1163530 1901.1
1163540 1903.1
1163550 1903.8
1163560 1903.8
1163570 1904.5
1163580 1905.4
1163590 1905.4
1163600 1906.2
1163610 1906.7
1163620 1906.7
1163630 1906.6
1163640 1906.0
1163650 1906.0
1163660 1905.9
1163670 1906.4
1163680 1906.4
1163690 1906.7
1163700 1907.3
1163710 1907.3
1163720 1908.1
1163730 1909.0
1163740 1909.5
1163750 1909.5
1163760 1910.7
1163770 1912.7
1163780 1909.8
1163790 1912.3
1163800 1915.0
1163810 1915.0
1163820 1917.2
1163830 1918.0
1163840 1918.0
1163850 1919.2
1163860 1920.5
1163870 1920.5
1163880 1922.8
1163890 1924.2
1163900 1924.2
1163910 1923.8
1163920 1921.3
1163930 1921.3
1163940 1916.4
1163950 1912.3
1163960 1912.3
1163970 1909.0
1163980 1905.6
1163990 1905.6
1164000 1902.5
1164010 1895.9
1164020 1895.9
1164030 1887.5
1164040 1876.8
1164050 1863.3
1164060 1863.3
1164070 1849.6
1164080 1837.2
1164090 1837.2
1164100 1823.3
1164110 1814.7
1164120 1814.7
1164130 1809.1
1164140 1804.4
1164150 1804.4
1164160 1802.9
1164170 1807.9
1164180 1812.8
1164190 1809.5
1164200 1804.0
1164210 1804.0
1164220 1796.9
1164230 1785.5
1164240 1785.5
1164250 1775.6
1164260 1768.5
1164270 1768.5
1164280 1762.6
1164290 1755.2
1164300 1755.2
1164310 1748.1
1164320 1739.9
1164330 1739.9
1164340 1731.8
1164350 1721.1
1164360 1705.6
1164370 1705.6
1164380 1699.8
1164390 1694.7
1164400 1694.7
1164410 1689.7
1164420 1683.0
1164430 1683.0
1164440 1676.5
1164450 1671.6
1164460 1671.6
1164470 1666.9
1164480 1660.7
1164490 1660.7
1164500 1654.3
1164510 1647.9
1164520 1647.9
1164530 1641.5
1164540 1635.0
1164550 1635.0
1164560 1628.8
1164570 1622.7
1164580 1626.4
1164590 1619.9
1164600 1613.6
1164610 1613.6
1164620 1608.3
1164630 1602.6
1164640 1596.8
1164650 1596.8
1164660 1590.8
1164670 1584.6
1164680 1584.6
1164690 1578.7
1164700 1572.7
1164710 1572.7
1164720 1566.6
1164730 1560.9
1164740 1560.9
1164750 1555.1
1164760 1550.3
1164770 1550.3
1164780 1546.3
1164790 1544.1
1164800 1544.1
1164810 1542.3
1164820 1540.3
1164830 1540.3
1164840 1538.7
1164850 1537.1
1164860 1537.1
1164870 1534.9
1164880 1532.6
1164890 1532.6
1164900 1530.2
1164910 1527.7
1164920 1527.7
1164930 1524.6
1164940 1519.6
1164950 1515.8
1164960 1515.8
1164970 1513.7
1164980 1509.6
1164990 1509.6
1165000 1507.7
1165010 1507.3
1165020 1507.3
1165030 1510.2
1165040 1512.2
1165050 1512.2
1165060 1511.4
1165070 1511.9
1165080 1511.9
1165090 1512.2
1165100 1511.3
1165110 1511.3
1165120 1510.3
1165130 1505.9
1165140 1505.9
1165150 1498.3
1165160 1492.5
1165170 1492.5
1165180 1489.7
1165190 1487.5
1165200 1487.5
1165210 1484.8
1165220 1482.1
1165230 1482.1
1165240 1482.8
1165250 1485.6
1165260 1488.1
1165270 1488.1
1165280 1490.1
1165290 1492.4
1165300 1492.4
1165310 1492.7
1165320 1492.0
1165330 1492.0
1165340 1492.1
1165350 1490.9
1165360 1490.9
1165370 1489.4
1165380 1480.0
1165390 1480.0
1165400 1477.0
1165410 1476.3
1165420 1476.3
1165430 1474.3
1165440 1474.9
1165450 1474.9
1165460 1474.6
1165470 1473.6
1165480 1473.6
1165490 1474.4
1165500 1476.3
1165510 1476.3
1165520 1478.8
1165530 1481.0
1165540 1483.0
1165550 1483.0
1165560 1484.3
1165570 1484.6
1165580 1484.6
1165590 1484.1
1165600 1484.5
1165610 1484.5
1165620 1485.4
1165630 1485.6
1165640 1485.6
1165650 1484.6
1165660 1482.4
1165670 1482.4
1165680 1483.2
1165690 1483.3
1165700 1483.3
1165710 1478.5
1165720 1478.3
1165730 1478.3
1165740 1479.3
1165750 1479.1
1165760 1479.1
1165770 1479.9
1165780 1476.1
1165790 1476.1
1165800 1478.5
1165810 1480.2
1165820 1480.2
1165830 1483.6
1165840 1488.0
1165850 1493.0
1165860 1493.0
1165870 1498.7
1165880 1504.3
1165890 1504.3
1165900 1501.0
1165910 1493.8
1165920 1493.8
1165930 1487.5
1165940 1482.2
1165950 1482.2
1165960 1477.1
1165970 1472.7
1165980 1472.7
1165990 1469.0
1166000 1463.4
1166010 1463.4
1166020 1457.4
1166030 1451.7
1166040 1451.7
1166050 1448.3
1166060 1446.8
1166070 1446.8
1166080 1445.8
1166090 1441.0
1166100 1441.0
1166110 1436.2
1166120 1438.5
1166130 1438.5
1166140 1444.3
1166150 1448.8
1166160 1450.9
1166170 1450.9
1166180 1444.0
1166190 1447.8
1166200 1447.8
1166210 1453.3
1166220 1457.8
1166230 1457.8
1166240 1462.1
1166250 1466.3
1166260 1466.3
1166270 1470.8
1166280 1475.8
1166290 1475.8
1166300 1481.1
1166310 1485.8
1166320 1485.8
1166330 1490.5
1166340 1495.3
1166350 1495.3
1166360 1499.8
1166370 1503.8
1166380 1503.8
1166390 1508.3
1166400 1514.2
1166410 1514.2
1166420 1520.1
1166430 1526.0
1166440 1526.0
1166450 1531.9
1166460 1537.5
1166470 1543.1
1166480 1543.1
1166490 1551.0
1166500 1584.1
1166510 1584.1
1166520 1626.8
1166530 1641.0
1166540 1641.0
1166550 1648.9
1166560 1655.5
1166570 1655.5
1166580 1655.1
1166590 1655.5
1166600 1655.5
1166610 1648.5
1166620 1635.1
1166630 1635.1
1166640 1625.6
1166650 1616.3
1166660 1616.3
1166670 1606.2
1166680 1614.8
1166690 1614.8
1166700 1641.1
1166710 1655.4
1166720 1655.4
1166730 1665.9
1166740 1675.0
1166750 1681.7
1166760 1681.7
1166770 1691.7
1166780 1703.4
1166790 1703.4
1166800 1715.1
1166810 1725.9
1166820 1725.9
1166830 1731.7
1166840 1736.2
1166850 1736.2
1166860 1737.7
1166870 1739.1
1166880 1739.1
1166890 1740.6
1166900 1742.5
1166910 1742.5
1166920 1744.1
1166930 1745.5
1166940 1745.5
1166950 1741.6
1166960 1729.1
1166970 1729.1
1166980 1721.5
1166990 1719.7
1167000 1719.7
1167010 1724.5
1167020 1735.6
1167030 1735.6
1167040 1743.9
1167050 1751.2
1167060 1756.2
1167070 1756.2
1167080 1760.4
1167090 1764.7
1167100 1764.7
1167110 1768.4
1167120 1772.0
1167130 1772.0
1167140 1775.9
1167150 1780.5
1167160 1780.5
1167170 1784.8
1167180 1788.6
1167190 1788.6
1167200 1791.8
1167210 1795.6
1167220 1795.6
1167230 1798.1
1167240 1799.2
1167250 1799.2
1167260 1800.0
1167270 1801.3
1167280 1801.3
1167290 1802.4
1167300 1803.4
1167310 1803.4
1167320 1803.3
1167330 1803.3
1167340 1803.3
1167350 1802.6
1167360 1800.4
1167370 1797.5
1167380 1797.5
1167390 1784.7
1167400 1781.5
1167410 1781.5
1167420 1779.3
1167430 1775.0
1167440 1775.0
1167450 1771.2
1167460 1766.5
1167470 1766.5
1167480 1765.7
1167490 1767.5
1167500 1767.5
1167510 1766.3
1167520 1764.1
1167530 1764.1
1167540 1761.2
1167550 1758.0
1167560 1758.0
1167570 1755.9
1167580 1756.1
1167590 1756.1
1167600 1754.4
1167610 1751.6
1167620 1751.6
1167630 1746.0
1167640 1746.6
1167650 1742.9
1167660 1742.9
1167670 1737.4
1167680 1729.9
1167690 1729.9
1167700 1727.1
1167710 1725.4
1167720 1725.4
1167730 1720.6
1167740 1718.1
1167750 1718.1
1167760 1712.6
1167770 1704.7
1167780 1704.7
1167790 1677.2
1167800 1680.4
1167810 1680.4
1167820 1687.3
1167830 1694.8
1167840 1694.8
1167850 1699.2
1167860 1700.0
1167870 1700.0
1167880 1701.1
1167890 1703.0
1167900 1703.0
1167910 1711.1
1167920 1725.5
1167930 1725.5
1167940 1749.8
1167950 1761.7
1167960 1765.4
1167970 1765.4
1167980 1770.0
1167990 1772.6
1168000 1772.6
1168010 1766.2
1168020 1761.1
1168030 1761.1
1168040 1758.9
1168050 1754.9
1168060 1754.9
1168070 1745.6
1168080 1735.7
1168090 1735.7
1168100 1734.8
1168110 1728.7
1168120 1728.7
1168130 1721.7
1168140 1724.2
1168150 1724.2
1168160 1733.4
1168170 1742.4
1168180 1742.4
1168190 1718.6
1168200 1714.6
1168210 1714.6
1168220 1719.1
1168230 1726.5
1168240 1726.5
1168250 1743.5
1168260 1761.3
1168270 1763.1
1168280 1763.1
1168290 1764.1
1168300 1764.3
1168310 1764.3
1168320 1760.4
1168330 1754.0
1168340 1754.0
1168350 1748.3
1168360 1742.5
1168370 1742.5
1168380 1739.7
1168390 1740.3
1168400 1740.3
1168410 1740.2
1168420 1734.4
1168430 1734.4
1168440 1728.2
1168450 1718.9
1168460 1718.9
1168470 1704.3
1168480 1689.0
1168490 1689.0
1168500 1674.5
1168510 1673.6
1168520 1673.6
1168530 1685.2
1168540 1713.1
1168550 1713.1
1168560 1721.5
1168570 1715.4
1168580 1701.7
1168590 1689.6
1168600 1677.5
1168610 1674.5
1168620 1674.5
1168630 1677.7
1168640 1687.9
1168650 1687.9
1168660 1688.1
1168670 1683.5
1168680 1683.5
1168690 1679.7
1168700 1671.7
1168710 1671.7
1168720 1660.5
1168730 1651.2
1168740 1651.2
1168750 1643.4
1168760 1640.3
1168770 1640.3
1168780 1643.9
1168790 1644.8
1168800 1644.8
1168810 1640.9
1168820 1638.0
1168830 1638.0
1168840 1641.2
1168850 1640.4
1168860 1639.6
1168870 1639.6
1168880 1639.0
1168890 1635.8
1168900 1635.8
1168910 1632.4
1168920 1628.3
1168930 1628.3
1168940 1623.8
1168950 1621.2
1168960 1621.2
1168970 1619.0
1168980 1617.4
1168990 1617.4
1169000 1612.3
1169010 1613.2
1169020 1613.2
1169030 1611.8
1169040 1606.9
1169050 1606.9
1169060 1602.8
1169070 1599.1
1169080 1599.1
1169090 1592.6
1169100 1591.2
1169110 1591.2
1169120 1596.1
1169130 1595.1
1169140 1595.1
1169150 1596.2
1169160 1595.5
1169170 1595.1
1169180 1595.1
1169190 1594.2
1169200 1592.9
1169210 1592.9
1169220 1587.1
1169230 1582.8
1169240 1582.8
1169250 1585.4
1169260 1589.0
1169270 1589.0
1169280 1590.3
1169290 1586.0
1169300 1586.0
1169310 1586.1
1169320 1590.2
1169330 1590.2
1169340 1591.8
1169350 1591.8
1169360 1591.8
1169370 1591.9
1169380 1591.7
1169390 1591.7
1169400 1585.1
1169410 1585.4
1169420 1585.4
1169430 1584.7
1169440 1583.9
1169450 1583.9
1169460 1582.7
1169470 1579.6
1169480 1575.4
1169490 1575.4
1169500 1572.0
1169510 1567.6
1169520 1567.6
1169530 1564.1
1169540 1561.2
1169550 1561.2
1169560 1558.7
1169570 1558.0
1169580 1558.0
1169590 1556.1
1169600 1557.4
1169610 1557.4
1169620 1556.4
1169630 1552.1
1169640 1552.1
1169650 1548.4
1169660 1544.6
1169670 1544.6
1169680 1535.1
1169690 1527.6
1169700 1527.6
1169710 1521.0
1169720 1521.6
1169730 1521.6
1169740 1529.2
1169750 1536.5
1169760 1541.9
1169770 1541.9
1169780 1546.0
1169790 1549.4
1169800 1549.4
1169810 1546.7
1169820 1550.1
1169830 1550.1
1169840 1553.6
1169850 1556.5
1169860 1556.5
1169870 1559.2
1169880 1560.4
1169890 1560.4
1169900 1561.0
1169910 1561.0
1169920 1561.0
1169930 1560.8
1169940 1561.0
1169950 1561.0
1169960 1561.2
1169970 1561.8
1169980 1561.8
1169990 1562.0
1170000 1561.8
1170010 1561.8
1170020 1561.3
1170030 1560.9
1170040 1560.9
1170050 1560.4
1170060 1559.1
1170070 1557.7
1170080 1557.7
1170090 1555.4
1170100 1552.0
1170110 1552.0
1170120 1549.0
1170130 1546.6
1170140 1546.6
1170150 1545.7
1170160 1545.3
1170170 1545.3
1170180 1546.1
1170190 1548.5
1170200 1548.5
1170210 1543.3
1170220 1542.6
1170230 1542.6
1170240 1543.3
1170250 1544.8
1170260 1544.8
1170270 1544.3
1170280 1542.0
1170290 1542.0
1170300 1540.5
1170310 1538.4
1170320 1538.4
1170330 1535.9
1170340 1535.3
1170350 1535.3
1170360 1534.0
1170370 1531.9
1170380 1530.0
1170390 1530.0
1170400 1527.3
1170410 1529.9
1170420 1529.9
1170430 1530.6
1170440 1533.0
1170450 1533.0
1170460 1534.8
1170470 1535.5
1170480 1535.5
1170490 1535.9
1170500 1535.2
1170510 1535.2
1170520 1533.4
1170530 1530.5
1170540 1530.5
1170550 1526.8
1170560 1522.9
1170570 1522.9
1170580 1521.3
1170590 1521.6
1170600 1521.6
1170610 1520.3
1170620 1511.2
1170630 1511.2
1170640 1510.6
1170650 1510.5
1170660 1510.5
1170670 1511.8
1170680 1510.9
1170690 1506.4
1170700 1506.4
1170710 1500.5
1170720 1496.0
1170730 1496.0
1170740 1496.3
1170750 1502.9
1170760 1502.9
1170770 1509.8
1170780 1516.7
1170790 1516.7
1170800 1522.5
1170810 1525.9
1170820 1525.9
1170830 1528.5
1170840 1529.9
1170850 1529.9
1170860 1529.6
1170870 1527.9
1170880 1527.9
1170890 1526.6
1170900 1525.2
1170910 1525.2
1170920 1524.8
1170930 1522.2
1170940 1522.2
1170950 1520.0
1170960 1517.6
1170970 1512.1
1170980 1512.1
1170990 1507.2
1171000 1503.5
1171010 1503.5
1171020 1499.7
1171030 1492.0
1171040 1492.0
1171050 1495.7
1171060 1505.7
1171070 1505.7
1171080 1520.0
1171090 1521.0
1171100 1521.0
1171110 1520.2
1171120 1518.9
1171130 1518.9
1171140 1516.8
1171150 1512.7
1171160 1512.7
1171170 1507.4
1171180 1502.3
1171190 1502.3
1171200 1496.3
1171210 1495.6
1171220 1495.6
1171230 1497.5
1171240 1502.8
1171250 1502.8
1171260 1503.0
1171270 1502.3
1171280 1502.0
1171290 1502.0
1171300 1502.1
1171310 1501.8
1171320 1501.8
1171330 1500.0
1171340 1496.6
1171350 1496.6
1171360 1494.6
1171370 1492.9
1171380 1492.9
1171390 1492.4
1171400 1492.0
1171410 1492.0
1171420 1492.5
1171430 1483.9
1171440 1483.9
1171450 1485.0
1171460 1485.6
1171470 1485.6
1171480 1485.1
1171490 1483.9
1171500 1483.9
1171510 1482.6
1171520 1480.3
1171530 1480.3
1171540 1477.2
1171550 1472.5
1171560 1472.5
1171570 1467.5
1171580 1465.2
1171590 1465.2
1171600 1465.2
1171610 1465.4
1171620 1464.1
1171630 1464.1
1171640 1462.5
1171650 1461.1
1171660 1461.1
1171670 1458.9
1171680 1456.3
1171690 1456.3
1171700 1453.8
1171710 1451.2
1171720 1451.2
1171730 1448.4
1171740 1445.8
1171750 1445.8
1171760 1443.8
1171770 1441.5
1171780 1441.5
1171790 1438.2
1171800 1436.6
1171810 1436.6
1171820 1433.8
1171830 1428.6
1171840 1422.2
1171850 1418.8
1171860 1415.8
1171870 1413.0
1171880 1413.0
1171890 1409.7
1171900 1405.8
1171910 1405.8
1171920 1402.2
1171930 1397.0
1171940 1397.0
1171950 1392.1
1171960 1388.6
1171970 1388.6
1171980 1385.5
1171990 1381.8
1172000 1381.8
1172010 1378.8
1172020 1375.9
1172030 1375.9
1172040 1372.0
1172050 1367.5
1172060 1367.5
1172070 1362.8
1172080 1357.5
1172090 1357.5
1172100 1353.3
1172110 1350.2
1172120 1350.2
1172130 1347.2
1172140 1344.3
1172150 1344.3
1172160 1340.5
1172170 1336.3
1172180 1332.7
1172190 1332.7
1172200 1329.3
1172210 1325.5
1172220 1325.5
1172230 1321.0
1172240 1316.5
1172250 1315.3
1172260 1311.1
1172270 1306.9
1172280 1306.9
1172290 1302.7
1172300 1299.0
1172310 1299.0
1172320 1296.1
1172330 1292.8
1172340 1292.8
1172350 1289.0
1172360 1285.5
1172370 1285.5
1172380 1282.0
1172390 1278.0
1172400 1278.0
1172410 1273.2
1172420 1268.3
1172430 1268.3
1172440 1263.6
1172450 1256.7
1172460 1256.7
1172470 1247.6
1172480 1241.5
1172490 1234.9
1172500 1234.9
1172510 1228.6
1172520 1223.4
1172530 1223.4
1172540 1218.1
1172550 1213.0
1172560 1213.0
1172570 1206.9
1172580 1199.9
1172590 1199.9
1172600 1194.5
1172610 1190.1
1172620 1190.1
1172630 1185.1
1172640 1178.0
1172650 1178.0
1172660 1160.7
1172670 1149.6
1172680 1149.6
1172690 1134.7
1172700 1124.8
1172710 1124.8
1172720 1118.0
1172730 1115.1
1172740 1115.1
1172750 1110.0
1172760 1104.9
1172770 1100.1
1172780 1100.1
1172790 1095.9
1172800 1092.5
1172810 1092.5
1172820 1088.7
1172830 1084.2
1172840 1084.2
1172850 1079.6
1172860 1075.7
1172870 1075.7
1172880 1072.3
1172890 1069.1
1172900 1069.1
1172910 1066.4
1172920 1063.5
1172930 1063.5
1172940 1059.6
1172950 1055.5
1172960 1055.5
1172970 1051.9
1172980 1048.4
1172990 1048.4
1173000 1044.8
1173010 1040.8
1173020 1040.8
1173030 1037.6
1173040 1035.5
1173050 1035.5
1173060 1034.0
1173070 1028.3
1173080 1027.8
1173090 1027.8
1173100 1027.8
1173110 1028.3
1173120 1028.3
1173130 1027.6
1173140 1026.2
1173150 1026.2
1173160 1022.9
1173170 1019.4
1173180 1019.4
1173190 1016.7
1173200 1014.4
1173210 1014.4
1173220 1011.9
1173230 1008.5
1173240 1008.5
1173250 1005.0
1173260 1002.0
1173270 1002.0
1173280 998.4
1173290 995.2
1173300 995.2
1173310 992.7
1173320 990.6
1173330 990.6
1173340 987.2
1173350 981.7
1173360 981.7
1173370 977.8
1173380 972.4
1173390 967.9
1173400 967.9
1173410 964.0
1173420 960.5
1173430 960.5
1173440 957.7
1173450 956.0
1173460 956.0
1173470 955.1
1173480 954.7
1173490 954.7
1173500 954.4
1173510 954.1
1173520 954.1
1173530 954.3
1173540 954.7
1173550 954.7
1173560 955.0
1173570 955.1
1173580 955.1
1173590 955.2
1173600 955.6
1173610 955.6
1173620 956.1
1173630 956.5
1173640 956.5
1173650 956.8
1173660 956.6
1173670 956.6
1173680 956.6
1173690 956.7
1173700 956.8
1173710 956.8
1173720 956.9
1173730 957.0
1173740 957.0
1173750 956.4
1173760 953.2
1173770 953.2
1173780 948.8
1173790 948.0
1173800 948.0
1173810 947.8
1173820 947.8
1173830 947.8
1173840 947.8
1173850 947.7
1173860 947.7
1173870 947.2
1173880 943.3
1173890 944.6
1173900 941.5
1173910 941.6
1173920 941.6
1173930 941.6
1173940 941.8
1173950 941.8
1173960 942.0
1173970 942.3
1173980 942.4
1173990 942.4
1174000 942.2
1174010 942.2
1174020 942.2
1174030 942.2
1174040 941.8
1174050 941.8
1174060 942.1
1174070 942.4
1174080 942.4
1174090 942.4
1174100 942.3
1174110 942.3
1174120 942.3
1174130 942.3
1174140 942.3
1174150 942.4
1174160 942.6
1174170 942.6
1174180 942.7
1174190 942.7
1174200 942.7
1174210 942.7
1174220 942.7
1174230 942.7
1174240 942.5
1174250 942.6
1174260 942.6
1174270 943.2
1174280 942.5
1174290 942.3
1174300 942.4
1174310 942.4
1174320 942.5
1174330 942.5
1174340 942.3
1174350 941.8
1174360 941.8
1174370 939.7
1174380 939.2
1174390 939.2
1174400 939.2
1174410 939.3
1174420 939.3
1174430 940.6
1174440 941.3
1174450 941.3
1174460 941.7
1174470 941.7
1174480 941.7
1174490 942.1
1174500 942.1
1174510 942.1
1174520 942.3
1174530 942.5
1174540 942.5
1174550 942.6
1174560 942.5
1174570 942.4
1174580 942.4
1174590 943.0
1174600 942.9
1174610 942.9
1174620 942.9
1174630 942.8
1174640 942.8
1174650 942.7
1174660 942.6
1174670 942.6
1174680 942.6
1174690 942.4
1174700 942.4
1174710 942.5
1174720 942.6
1174730 942.6
1174740 942.5
1174750 942.4
1174760 942.4
1174770 942.5
1174780 942.6
1174790 942.6
1174800 942.5
1174810 942.3
1174820 942.3
1174830 942.1
1174840 942.1
1174850 942.1
1174860 942.2
1174870 942.0
1174880 941.7
1174890 941.7
1174900 941.5
1174910 941.6
1174920 941.6
1174930 941.6
1174940 941.7
1174950 941.7
1174960 941.8
1174970 941.7
1174980 941.7
1174990 943.9
1175000 949.9
1175010 949.9
1175020 954.7
1175030 959.9
1175040 959.9
1175050 965.6
1175060 973.4
1175070 973.4
1175080 978.1
1175090 979.5
1175100 979.5
1175110 981.3
1175120 986.0
1175130 986.0
1175140 987.1
1175150 988.0
1175160 988.0
1175170 989.0
1175180 990.6
1175190 995.0
1175200 995.0
1175210 999.2
1175220 1003.9
1175230 1003.9
1175240 1007.5
1175250 1009.8
1175260 1009.8
1175270 1011.1
1175280 1011.4
1175290 1011.4
1175300 1011.6
1175310 1014.2
1175320 1014.2
1175330 1017.5
1175340 1019.0
1175350 1019.0
1175360 1019.4
1175370 1019.9
1175380 1019.9
1175390 1020.5
1175400 1020.9
1175410 1020.9
1175420 1020.5
1175430 1019.6
1175440 1019.6
1175450 1017.4
1175460 1015.5
1175470 1015.5
1175480 1015.8
1175490 1016.1
1175500 1017.0
1175510 1017.0
1175520 1018.1
1175530 1016.2
1175540 1016.2
1175550 1015.2
1175560 1014.6
1175570 1014.6
1175580 1015.0
1175590 1014.1
1175600 1014.1
1175610 1011.7
1175620 1007.8
1175630 1007.8
1175640 1005.5
1175650 1005.8
1175660 1005.8
1175670 1006.2
1175680 1010.0
1175690 1010.0
1175700 1014.5
1175710 1017.7
1175720 1017.7
1175730 1020.6
1175740 1023.7
1175750 1023.7
1175760 1023.7
1175770 1020.7
1175780 1016.9
1175790 1016.9
1175800 1012.9
1175810 1008.8
1175820 1008.8
1175830 1006.3
1175840 1005.6
1175850 1005.6
1175860 1005.5
1175870 1005.4
1175880 1005.4
1175890 1005.3
1175900 1005.7
1175910 1005.7
1175920 1006.3
1175930 1006.3
1175940 1006.3
1175950 1007.7
1175960 1007.9
1175970 1007.9
1175980 1008.0
1175990 1008.2
1176000 1008.2
1176010 1008.3
1176020 1008.4
1176030 1008.4
1176040 1008.5
1176050 1008.7
1176060 1008.7
1176070 1009.0
1176080 1009.1
1176090 1009.4
1176100 1009.4
1176110 1009.9
1176120 1010.6
1176130 1010.6
1176140 1011.4
1176150 1012.1
1176160 1012.1
1176170 1012.7
1176180 1013.2
1176190 1013.2
1176200 1013.7
1176210 1014.3
1176220 1014.3
1176230 1014.8
1176240 1015.0
1176250 1015.0
1176260 1015.2
1176270 1015.6
1176280 1015.6
1176290 1016.2
1176300 1016.6
1176310 1016.6
1176320 1017.4
1176330 1017.9
1176340 1017.9
1176350 1018.7
1176360 1020.8
1176370 1020.8
1176380 1021.3
1176390 1021.7
1176400 1021.8
1176410 1021.8
1176420 1022.4
1176430 1022.9
1176440 1022.9
1176450 1022.7
1176460 1022.4
1176470 1022.4
1176480 1021.9
1176490 1021.8
1176500 1021.8
1176510 1022.4
1176520 1022.3
1176530 1022.3
1176540 1022.6
1176550 1022.6
1176560 1022.6
1176570 1022.1
1176580 1021.6
1176590 1021.6
1176600 1021.7
1176610 1021.5
1176620 1021.5
1176630 1020.9
1176640 1020.3
1176650 1020.3
1176660 1020.3
1176670 1021.4
1176680 1022.3
1176690 1022.3
1176700 1022.6
1176710 1022.8
1176720 1022.8
1176730 1023.5
1176740 1024.4
1176750 1024.4
1176760 1025.5
1176770 1028.0
1176780 1028.0
1176790 1029.2
1176800 1030.7
1176810 1030.7
1176820 1034.0
1176830 1037.6
1176840 1037.6
1176850 1039.6
1176860 1039.9
1176870 1039.9
1176880 1040.0
1176890 1039.8
1176900 1039.8
1176910 1039.1
1176920 1041.6
1176930 1041.6
1176940 1045.9
1176950 1048.7
1176960 1048.7
1176970 1046.7
1176980 1044.6
1176990 1045.8
1177000 1045.8
1177010 1050.6
1177020 1051.9
1177030 1051.9
1177040 1054.5
1177050 1058.5
1177060 1058.5
1177070 1060.7
1177080 1061.2
1177090 1061.2
1177100 1063.0
1177110 1066.0
1177120 1066.0
1177130 1070.6
1177140 1074.3
1177150 1074.3
1177160 1075.3
1177170 1073.3
1177180 1073.3
1177190 1078.8
1177200 1080.0
1177210 1080.0
1177220 1082.9
1177230 1084.8
1177240 1084.8
1177250 1087.3
1177260 1088.1
1177270 1088.1
1177280 1092.0
1177290 1096.4
1177300 1100.8
1177310 1100.8
1177320 1102.2
1177330 1099.8
1177340 1099.8
1177350 1098.9
1177360 1100.2
1177370 1100.2
1177380 1103.0
1177390 1105.7
1177400 1105.7
1177410 1109.1
1177420 1111.5
1177430 1111.5
1177440 1113.5
1177450 1115.3
1177460 1115.3
1177470 1118.7
1177480 1121.3
1177490 1121.3
1177500 1122.7
1177510 1127.2
1177520 1127.2
1177530 1131.5
1177540 1133.7
1177550 1133.7
1177560 1134.3
1177570 1138.2
1177580 1139.3
1177590 1139.3
1177600 1145.6
1177610 1146.7
1177620 1146.7
1177630 1149.9
1177640 1152.5
1177650 1152.5
1177660 1155.1
1177670 1157.7
1177680 1157.7
1177690 1160.8
1177700 1164.3
1177710 1164.3
1177720 1163.9
1177730 1161.3
1177740 1161.3
1177750 1160.4
1177760 1161.0
1177770 1161.0
1177780 1163.1
1177790 1165.2
1177800 1165.2
1177810 1165.6
1177820 1167.7
1177830 1167.7
1177840 1170.2
1177850 1169.7
1177860 1169.7
1177870 1171.1
1177880 1175.2
1177890 1176.9
1177900 1176.9
1177910 1171.9
1177920 1167.6
1177930 1167.6
1177940 1166.5
1177950 1166.0
1177960 1166.0
1177970 1167.3
1177980 1171.4
1177990 1171.4
1178000 1170.5
1178010 1166.1
1178020 1169.2
1178030 1168.1
1178040 1170.2
1178050 1170.2
1178060 1170.7
1178070 1169.5
1178080 1169.5
1178090 1169.7
1178100 1171.1
1178110 1171.1
1178120 1173.4
1178130 1171.2
1178140 1171.2
1178150 1167.2
1178160 1165.2
1178170 1165.2
1178180 1165.9
1178190 1165.9
1178200 1167.2
1178210 1167.2
1178220 1167.8
1178230 1164.7
1178240 1164.7
1178250 1161.2
1178260 1156.7
1178270 1156.7
1178280 1156.1
1178290 1159.0
1178300 1159.0
1178310 1160.5
1178320 1157.6
1178330 1157.6
1178340 1154.8
1178350 1151.9
1178360 1151.9
1178370 1152.7
1178380 1155.7
1178390 1155.7
1178400 1154.6
1178410 1150.0
1178420 1150.0
1178430 1147.6
1178440 1148.5
1178450 1148.5
1178460 1150.9
1178470 1149.0
1178480 1146.8
1178490 1146.8
1178500 1141.9
1178510 1140.5
1178520 1140.5
1178530 1139.6
1178540 1132.8
1178550 1132.8
1178560 1124.3
1178570 1115.6
1178580 1115.6
1178590 1107.3
1178600 1100.3
1178610 1100.3
1178620 1093.3
1178630 1084.7
1178640 1084.7
1178650 1076.7
1178660 1067.4
1178670 1067.4
1178680 1058.3
1178690 1052.3
1178700 1052.3
1178710 1052.4
1178720 1060.4
1178730 1060.4
1178740 1075.8
1178750 1089.6
1178760 1089.6
1178770 1102.2
1178780 1112.2
1178790 1121.1
1178800 1121.1
1178810 1127.6
1178820 1134.0
1178830 1134.0
1178840 1139.7
1178850 1144.5
1178860 1144.5
1178870 1147.9
1178880 1150.0
1178890 1150.0
1178900 1152.2
1178910 1151.5
1178920 1151.5
1178930 1150.2
1178940 1148.8
1178950 1148.8
1178960 1146.0
1178970 1144.1
1178980 1144.1
1178990 1143.7
1179000 1146.7
1179010 1146.7
1179020 1150.4
1179030 1147.5
1179040 1147.5
1179050 1144.3
1179060 1142.0
1179070 1142.0
1179080 1140.3
1179090 1139.6
1179100 1137.2
1179110 1137.2
1179120 1134.0
1179130 1127.8
1179140 1127.8
1179150 1120.3
1179160 1112.4
1179170 1112.4
1179180 1104.5
1179190 1097.8
1179200 1097.8
1179210 1090.7
1179220 1082.9
1179230 1082.9
1179240 1074.7
1179250 1066.4
1179260 1066.4
1179270 1063.7
1179280 1060.6
1179290 1060.6
1179300 1064.0
1179310 1072.2
1179320 1072.2
1179330 1079.6
1179340 1087.9
1179350 1087.9
1179360 1098.8
1179370 1110.6
1179380 1116.6
1179390 1116.6
1179400 1111.7
1179410 1104.5
1179420 1104.5
1179430 1105.9
1179440 1093.3
1179450 1093.3
1179460 1087.1
1179470 1072.2
1179480 1072.2
1179490 1054.5
1179500 1041.7
1179510 1041.7
1179520 1050.0
1179530 1038.2
1179540 1038.2
1179550 1022.2
1179560 1011.9
1179570 1011.9
1179580 1007.0
1179590 1007.7
1179600 1007.7
1179610 1011.6
1179620 1017.2
1179630 1017.2
1179640 1025.3
1179650 1025.7
1179660 1025.7
1179670 1015.8
1179680 1015.1
1179690 1010.6
1179700 1010.6
1179710 1016.6
1179720 1017.6
1179730 1017.6
1179740 1019.1
1179750 1021.1
1179760 1021.1
1179770 1028.4
1179780 1035.6
1179790 1035.6
1179800 1045.3
1179810 1051.0
1179820 1051.0
1179830 1051.6
1179840 1047.0
1179850 1047.0
1179860 1049.8
1179870 1063.7
1179880 1063.7
1179890 1072.2
1179900 1058.2
1179910 1058.2
1179920 1055.4
1179930 1069.0
1179940 1069.0
1179950 1076.0
1179960 1073.5
1179970 1073.5
1179980 1069.9
1179990 1073.6
