1160000 1777.5
1160010 1777.3
1160020 1777.3
1160030 1776.4
1160040 1774.4
1160050 1774.4
1160060 1770.1
1160070 1765.3
1160080 1765.3
1160090 1764.7
1160100 1763.2
1160110 1763.2
1160120 1759.3
1160130 1756.0
1160140 1756.0
1160150 1751.5
1160160 1750.8
1160170 1750.8
1160180 1752.4
1160190 1748.8
1160200 1748.8
1160210 1743.3
1160220 1737.9
1160230 1737.9
1160240 1731.3
1160250 1721.2
1160260 1721.2
1160270 1713.4
1160280 1706.4
1160290 1699.8
1160300 1699.8
1160310 1694.6
1160320 1686.3
1160330 1686.3
1160340 1680.4
1160350 1674.4
1160360 1674.4
1160370 1668.7
1160380 1662.5
1160390 1662.5
1160400 1656.1
1160410 1649.2
1160420 1649.2
1160430 1643.7
1160440 1637.1
1160450 1637.1
1160460 1630.1
1160470 1622.5
1160480 1622.5
1160490 1614.8
1160500 1607.6
1160510 1607.6
1160520 1600.5
1160530 1593.4
1160540 1593.4
1160550 1588.0
1160560 1584.9
1160570 1584.9
1160580 1583.7
1160590 1583.3
1160600 1583.3
1160610 1583.3
1160620 1579.8
1160630 1576.4
1160640 1576.4
1160650 1571.4
1160660 1565.0
1160670 1565.0
1160680 1559.6
1160690 1556.9
1160700 1556.9
1160710 1558.1
1160720 1566.8
1160730 1566.8
1160740 1574.2
1160750 1578.5
1160760 1578.5
1160770 1582.1
1160780 1584.9
1160790 1584.9
1160800 1584.1
1160810 1583.2
1160820 1583.2
1160830 1583.4
1160840 1581.3
1160850 1581.3
1160860 1575.3
1160870 1564.9
1160880 1564.9
1160890 1562.4
1160900 1572.2
1160910 1591.9
1160920 1591.9
1160930 1608.5
1160940 1624.9
1160950 1624.9
1160960 1648.7
1160970 1676.3
1160980 1676.3
1160990 1690.6
1161000 1702.9
1161010 1702.9
1161020 1711.6
1161030 1724.9
1161040 1724.9
1161050 1741.2
1161060 1755.7
1161070 1755.7
1161080 1768.5
1161090 1778.4
1161100 1778.4
1161110 1787.6
1161120 1796.3
1161130 1796.3
1161140 1802.5
1161150 1810.1
1161160 1810.1
1161170 1820.1
1161180 1830.1
1161190 1837.3
1161200 1837.3
1161210 1846.2
1161220 1856.6
1161230 1856.6
1161240 1862.0
1161250 1867.5
1161260 1867.5
1161270 1872.9
1161280 1877.5
1161290 1877.5
1161300 1882.4
1161310 1888.3
1161320 1888.3
1161330 1895.0
1161340 1901.4
1161350 1901.4
1161360 1911.6
1161370 1923.5
1161380 1923.5
1161390 1936.9
1161400 1948.9
1161410 1948.9
1161420 1960.0
1161430 1965.4
1161440 1965.4
1161450 1971.4
1161460 1978.5
1161470 1978.5
1161480 1982.1
1161490 1983.3
1161500 1980.7
1161510 1980.7
1161520 1982.4
1161530 1983.4
1161540 1983.4
1161550 1984.7
1161560 1985.3
1161570 1985.3
1161580 1987.4
1161590 1990.4
1161600 1990.4
1161610 1994.6
1161620 1997.3
1161630 1997.3
1161640 1999.6
1161650 2000.1
1161660 2000.1
1161670 2002.6
1161680 2005.2
1161690 2005.2
1161700 2007.1
1161710 2006.2
1161720 2006.2
1161730 2006.1
1161740 2005.9
1161750 2005.9
1161760 2005.1
1161770 2005.2
1161780 2005.2
1161790 2004.2
1161800 2001.3
1161810 2000.3
1161820 2000.3
1161830 1999.6
1161840 1998.4
1161850 1998.4
1161860 1998.3
1161870 1998.0
1161880 1998.0
1161890 1996.8
1161900 1989.4
1161910 1989.4
1161920 1988.5
1161930 1987.3
1161940 1987.3
1161950 1986.3
1161960 1985.3
1161970 1985.3
1161980 1982.5
1161990 1980.9
1162000 1980.9
1162010 1980.8
1162020 1980.4
1162030 1980.4
1162040 1980.0
1162050 1980.1
1162060 1980.1
1162070 1979.0
1162080 1975.6
1162090 1972.7
1162100 1972.7
1162110 1972.5
1162120 1970.3
1162130 1970.3
1162140 1969.3
1162150 1968.2
1162160 1968.2
1162170 1965.3
1162180 1959.7
1162190 1959.7
1162200 1957.7
1162210 1952.5
1162220 1952.5
1162230 1951.4
1162240 1951.4
1162250 1951.4
1162260 1950.0
1162270 1947.2
1162280 1947.2
1162290 1939.5
1162300 1934.8
1162310 1934.8
1162320 1926.5
1162330 1917.3
1162340 1917.3
1162350 1908.7
1162360 1901.1
1162370 1901.1
1162380 1894.1
1162390 1887.5
1162400 1881.1
1162410 1881.1
1162420 1874.7
1162430 1868.4
1162440 1868.4
1162450 1858.9
1162460 1845.1
1162470 1845.1
1162480 1833.9
1162490 1826.4
1162500 1826.4
1162510 1819.9
1162520 1814.4
1162530 1814.4
1162540 1807.1
1162550 1800.3
1162560 1800.3
1162570 1793.5
1162580 1786.6
1162590 1786.6
1162600 1781.0
1162610 1777.6
1162620 1777.6
1162630 1774.3
1162640 1770.4
1162650 1770.4
1162660 1769.7
1162670 1769.0
1162680 1769.0
1162690 1760.8
1162700 1758.9
1162710 1756.0
1162720 1756.0
1162730 1752.2
1162740 1747.5
1162750 1747.5
1162760 1743.3
1162770 1738.4
1162780 1738.4
1162790 1733.2
1162800 1728.9
1162810 1728.9
1162820 1723.6
1162830 1718.2
1162840 1718.2
1162850 1711.6
1162860 1705.4
1162870 1705.4
1162880 1698.6
1162890 1694.6
1162900 1694.6
1162910 1698.9
1162920 1700.6
1162930 1700.6
1162940 1703.3
1162950 1704.7
1162960 1704.7
1162970 1703.2
1162980 1699.3
1162990 1695.6
1163000 1695.6
1163010 1690.1
1163020 1686.4
1163030 1686.4
1163040 1685.1
1163050 1685.0
1163060 1685.0
1163070 1686.8
1163080 1685.3
1163090 1680.6
1163100 1675.8
1163110 1669.3
1163120 1669.3
1163130 1664.4
1163140 1656.6
1163150 1656.6
1163160 1652.4
1163170 1653.6
1163180 1653.6
1163190 1655.6
1163200 1661.4
1163210 1661.4
1163220 1664.6
1163230 1666.8
1163240 1666.8
1163250 1669.6
1163260 1673.6
1163270 1673.6
1163280 1678.0
1163290 1682.7
1163300 1688.1
1163310 1688.1
1163320 1693.2
1163330 1697.7
1163340 1697.7
1163350 1702.6
1163360 1707.0
1163370 1707.0
1163380 1710.9
1163390 1715.4
1163400 1715.4
1163410 1721.2
1163420 1728.2
1163430 1728.2
1163440 1733.2
1163450 1735.0
1163460 1735.0
1163470 1738.5
1163480 1739.4
1163490 1739.4
1163500 1745.1
1163510 1751.2
1163520 1751.2
1163530 1758.8
1163540 1765.8
1163550 1765.8
1163560 1769.7
1163570 1773.2
1163580 1773.2
1163590 1776.5
1163600 1779.9
1163610 1783.3
1163620 1783.3
1163630 1787.9
1163640 1792.9
1163650 1792.9
1163660 1797.4
1163670 1800.4
1163680 1800.4
1163690 1805.6
1163700 1810.4
1163710 1810.4
1163720 1814.0
1163730 1817.2
1163740 1817.2
1163750 1821.3
1163760 1826.3
1163770 1826.3
1163780 1829.8
1163790 1832.1
1163800 1832.1
1163810 1834.2
1163820 1836.4
1163830 1836.4
1163840 1838.7
1163850 1840.9
1163860 1840.9
1163870 1843.2
1163880 1841.1
1163890 1841.1
1163900 1844.0
1163910 1847.2
1163920 1850.3
1163930 1850.3
1163940 1852.8
1163950 1855.0
1163960 1855.0
1163970 1856.7
1163980 1858.2
1163990 1858.2
1164000 1859.1
1164010 1860.0
1164020 1860.0
1164030 1861.4
1164040 1862.7
1164050 1862.7
1164060 1863.8
1164070 1864.7
1164080 1864.7
1164090 1865.5
1164100 1866.3
1164110 1866.3
1164120 1866.1
1164130 1865.6
1164140 1865.6
1164150 1864.1
1164160 1862.9
1164170 1862.9
1164180 1862.7
1164190 1863.1
1164200 1863.8
1164210 1863.8
1164220 1863.7
1164230 1862.4
1164240 1862.4
1164250 1861.1
1164260 1861.0
1164270 1861.0
1164280 1858.6
1164290 1858.5
1164300 1858.5
1164310 1857.6
1164320 1856.5
1164330 1856.5
1164340 1855.1
1164350 1853.6
1164360 1853.6
1164370 1851.5
1164380 1849.6
1164390 1849.6
1164400 1847.5
1164410 1845.9
1164420 1845.9
1164430 1844.3
1164440 1841.1
1164450 1841.1
1164460 1837.6
1164470 1833.2
1164480 1833.2
1164490 1828.0
1164500 1822.8
1164510 1816.9
1164520 1816.9
1164530 1812.3
1164540 1806.1
1164550 1806.1
1164560 1786.8
1164570 1773.3
1164580 1773.3
1164590 1764.6
1164600 1756.4
1164610 1756.4
1164620 1748.2
1164630 1741.5
1164640 1741.5
1164650 1735.5
1164660 1730.0
1164670 1730.0
1164680 1718.0
1164690 1711.5
1164700 1711.5
1164710 1704.0
1164720 1693.0
1164730 1693.0
1164740 1683.3
1164750 1675.2
1164760 1675.2
1164770 1667.7
1164780 1659.6
1164790 1659.6
1164800 1651.6
1164810 1643.6
1164820 1635.9
1164830 1635.9
1164840 1628.0
1164850 1620.3
1164860 1620.3
1164870 1612.5
1164880 1605.2
1164890 1605.2
1164900 1598.0
1164910 1591.3
1164920 1591.3
1164930 1586.1
1164940 1581.6
1164950 1581.6
1164960 1577.4
1164970 1573.5
1164980 1573.5
1164990 1569.9
1165000 1565.8
1165010 1565.8
1165020 1561.7
1165030 1558.2
1165040 1558.2
1165050 1554.3
1165060 1550.8
1165070 1550.8
1165080 1554.7
1165090 1551.8
1165100 1548.3
1165110 1548.3
1165120 1545.6
1165130 1542.6
1165140 1542.6
1165150 1539.9
1165160 1536.0
1165170 1536.0
1165180 1530.8
1165190 1525.6
1165200 1525.6
1165210 1522.7
1165220 1519.4
1165230 1519.4
1165240 1513.7
1165250 1508.2
1165260 1508.2
1165270 1503.8
1165280 1500.4
1165290 1500.4
1165300 1497.3
1165310 1493.6
1165320 1493.6
1165330 1490.1
1165340 1485.9
1165350 1485.9
1165360 1480.8
1165370 1475.9
1165380 1475.9
1165390 1471.8
1165400 1468.9
1165410 1466.9
1165420 1466.9
1165430 1463.6
1165440 1461.5
1165450 1461.5
1165460 1458.3
1165470 1454.0
1165480 1459.5
1165490 1454.8
1165500 1448.7
1165510 1448.7
1165520 1444.9
1165530 1442.8
1165540 1442.8
1165550 1439.6
1165560 1437.0
1165570 1437.0
1165580 1434.4
1165590 1429.1
1165600 1429.1
1165610 1427.0
1165620 1425.8
1165630 1425.8
1165640 1418.6
1165650 1408.3
1165660 1408.3
1165670 1401.2
1165680 1394.0
1165690 1394.0
1165700 1386.6
1165710 1380.1
1165720 1374.0
1165730 1374.0
1165740 1367.3
1165750 1359.5
1165760 1359.5
1165770 1349.8
1165780 1339.6
1165790 1339.6
1165800 1332.8
1165810 1326.2
1165820 1326.2
1165830 1319.4
1165840 1312.8
1165850 1312.8
1165860 1307.1
1165870 1304.8
1165880 1302.8
1165890 1301.8
1165900 1303.8
1165910 1303.8
1165920 1308.0
1165930 1311.2
1165940 1311.2
1165950 1313.9
1165960 1319.1
1165970 1319.1
1165980 1324.6
1165990 1329.6
1166000 1334.6
1166010 1334.6
1166020 1340.2
1166030 1346.0
1166040 1346.0
1166050 1351.0
1166060 1349.5
1166070 1349.5
1166080 1338.2
1166090 1326.9
1166100 1326.9
1166110 1318.4
1166120 1310.0
1166130 1310.0
1166140 1300.0
1166150 1295.9
1166160 1295.9
1166170 1299.5
1166180 1303.5
1166190 1303.5
1166200 1311.8
1166210 1320.5
1166220 1320.5
1166230 1329.2
1166240 1338.1
1166250 1338.1
1166260 1346.7
1166270 1355.9
1166280 1355.5
1166290 1370.1
1166300 1386.5
1166310 1386.6
1166320 1386.6
1166330 1382.8
1166340 1360.4
1166350 1360.4
1166360 1345.8
1166370 1337.6
1166380 1337.6
1166390 1333.3
1166400 1345.1
1166410 1345.1
1166420 1365.3
1166430 1373.4
1166440 1373.4
1166450 1376.4
1166460 1380.7
1166470 1380.7
1166480 1386.7
1166490 1392.7
1166500 1392.7
1166510 1398.6
1166520 1403.6
1166530 1403.6
1166540 1409.0
1166550 1415.5
1166560 1415.5
1166570 1422.5
1166580 1427.0
1166590 1427.0
1166600 1430.4
1166610 1434.0
1166620 1437.8
1166630 1437.8
1166640 1442.6
1166650 1444.6
1166660 1444.6
1166670 1445.3
1166680 1438.0
1166690 1438.0
1166700 1437.5
1166710 1437.0
1166720 1437.0
1166730 1436.4
1166740 1436.5
1166750 1436.5
1166760 1437.3
1166770 1437.5
1166780 1437.5
1166790 1437.0
1166800 1436.5
1166810 1436.5
1166820 1434.0
1166830 1433.6
1166840 1433.6
1166850 1433.6
1166860 1433.8
1166870 1433.8
1166880 1433.7
1166890 1432.5
1166900 1420.2
1166910 1420.2
1166920 1401.2
1166930 1392.8
1166940 1392.8
1166950 1389.8
1166960 1395.3
1166970 1395.3
1166980 1401.9
1166990 1406.9
1167000 1406.9
1167010 1413.6
1167020 1421.5
1167030 1421.5
1167040 1429.3
1167050 1437.1
1167060 1437.1
1167070 1444.6
1167080 1444.4
1167090 1444.4
1167100 1446.5
1167110 1446.7
1167120 1446.7
1167130 1447.8
1167140 1450.9
1167150 1450.9
1167160 1452.1
1167170 1453.1
1167180 1453.1
1167190 1453.2
1167200 1450.6
1167210 1451.3
1167220 1451.3
1167230 1452.4
1167240 1455.7
1167250 1455.7
1167260 1454.4
1167270 1454.8
1167280 1454.8
1167290 1456.5
1167300 1457.6
1167310 1457.6
1167320 1459.3
1167330 1460.6
1167340 1460.6
1167350 1460.7
1167360 1459.7
1167370 1459.7
1167380 1455.6
1167390 1461.0
1167400 1461.0
1167410 1464.6
1167420 1466.6
1167430 1466.6
1167440 1469.1
1167450 1471.8
1167460 1471.8
1167470 1475.7
1167480 1476.1
1167490 1476.1
1167500 1475.4
1167510 1473.9
1167520 1475.5
1167530 1475.5
1167540 1479.3
1167550 1482.4
1167560 1482.4
1167570 1488.1
1167580 1493.8
1167590 1493.8
1167600 1494.9
1167610 1496.9
1167620 1496.9
1167630 1499.0
1167640 1501.0
1167650 1501.0
1167660 1503.1
1167670 1504.9
1167680 1504.9
1167690 1506.4
1167700 1507.5
1167710 1507.5
1167720 1509.9
1167730 1512.7
1167740 1512.7
1167750 1515.3
1167760 1515.5
1167770 1515.5
1167780 1512.3
1167790 1510.2
1167800 1511.0
1167810 1511.0
1167820 1511.6
1167830 1511.2
1167840 1511.2
1167850 1511.2
1167860 1511.5
1167870 1511.5
1167880 1510.7
1167890 1503.4
1167900 1503.4
1167910 1501.6
1167920 1500.9
1167930 1500.9
1167940 1499.8
1167950 1498.4
1167960 1498.4
1167970 1497.2
1167980 1496.0
1167990 1496.0
1168000 1494.6
1168010 1493.0
1168020 1493.0
1168030 1491.3
1168040 1489.3
1168050 1489.3
1168060 1486.8
1168070 1484.5
1168080 1484.5
1168090 1482.0
1168100 1478.6
1168110 1475.1
1168120 1475.1
1168130 1470.0
1168140 1462.2
1168150 1462.2
1168160 1456.6
1168170 1458.7
1168180 1458.7
1168190 1459.9
1168200 1462.9
1168210 1462.9
1168220 1467.6
1168230 1474.1
1168240 1474.1
1168250 1480.7
1168260 1484.6
1168270 1484.6
1168280 1488.6
1168290 1489.1
1168300 1489.1
1168310 1491.3
1168320 1494.7
1168330 1494.7
1168340 1498.0
1168350 1500.2
1168360 1500.2
1168370 1499.5
1168380 1497.7
1168390 1497.7
1168400 1496.0
1168410 1494.1
1168420 1491.9
1168430 1491.9
1168440 1489.3
1168450 1487.4
1168460 1487.4
1168470 1485.8
1168480 1484.8
1168490 1484.8
1168500 1485.0
1168510 1484.8
1168520 1484.8
1168530 1482.9
1168540 1480.5
1168550 1480.5
1168560 1478.1
1168570 1476.9
1168580 1476.9
1168590 1478.4
1168600 1478.4
1168610 1478.4
1168620 1478.5
1168630 1477.7
1168640 1477.7
1168650 1476.6
1168660 1474.3
1168670 1474.3
1168680 1472.3
1168690 1467.3
1168700 1463.7
1168710 1463.7
1168720 1460.6
1168730 1461.5
1168740 1461.5
1168750 1461.0
1168760 1461.7
1168770 1461.7
1168780 1462.0
1168790 1462.1
1168800 1462.1
1168810 1461.2
1168820 1459.2
1168830 1459.2
1168840 1458.5
1168850 1457.4
1168860 1457.4
1168870 1455.7
1168880 1453.5
1168890 1453.5
1168900 1450.7
1168910 1447.3
1168920 1447.3
1168930 1444.7
1168940 1442.0
1168950 1442.0
1168960 1438.9
1168970 1438.3
1168980 1438.3
1168990 1436.3
1169000 1433.1
1169010 1431.3
1169020 1431.3
1169030 1432.6
1169040 1434.7
1169050 1434.7
1169060 1436.2
1169070 1436.7
1169080 1436.7
1169090 1436.8
1169100 1427.4
1169110 1427.4
1169120 1427.4
1169130 1428.1
1169140 1428.1
1169150 1429.7
1169160 1431.2
1169170 1431.2
1169180 1431.4
1169190 1430.7
1169200 1430.7
1169210 1428.6
1169220 1425.7
1169230 1425.7
1169240 1422.2
1169250 1419.3
1169260 1419.3
1169270 1417.1
1169280 1416.1
1169290 1416.1
1169300 1417.1
1169310 1417.7
1169320 1417.5
1169330 1417.5
1169340 1416.5
1169350 1415.2
1169360 1415.2
1169370 1418.1
1169380 1419.3
1169390 1419.3
1169400 1419.5
1169410 1418.9
1169420 1418.9
1169430 1417.4
1169440 1415.6
1169450 1415.6
1169460 1416.9
1169470 1416.9
1169480 1416.9
1169490 1406.1
1169500 1385.0
1169510 1385.0
1169520 1373.8
1169530 1368.0
1169540 1368.0
1169550 1362.2
1169560 1356.3
1169570 1356.3
1169580 1350.6
1169590 1345.3
1169600 1336.3
1169610 1336.3
1169620 1330.2
1169630 1338.6
1169640 1338.6
1169650 1346.0
1169660 1350.6
1169670 1350.6
1169680 1353.9
1169690 1356.3
1169700 1356.3
1169710 1357.9
1169720 1360.3
1169730 1360.3
1169740 1365.0
1169750 1372.2
1169760 1372.2
1169770 1378.6
1169780 1382.3
1169790 1382.3
1169800 1384.9
1169810 1383.3
1169820 1383.3
1169830 1385.2
1169840 1393.0
1169850 1393.0
1169860 1395.2
1169870 1396.2
1169880 1396.2
1169890 1395.5
1169900 1389.5
1169910 1372.6
1169920 1372.6
1169930 1373.7
1169940 1375.1
1169950 1375.1
1169960 1377.2
1169970 1379.9
1169980 1379.9
1169990 1381.8
1170000 1381.7
1170010 1381.7
1170020 1380.1
1170030 1378.0
1170040 1378.0
1170050 1376.7
1170060 1375.1
1170070 1375.1
1170080 1374.0
1170090 1373.6
1170100 1373.6
1170110 1373.0
1170120 1372.6
1170130 1372.6
1170140 1372.5
1170150 1371.6
1170160 1371.6
1170170 1370.8
1170180 1370.3
1170190 1370.3
1170200 1370.6
1170210 1371.1
1170220 1372.1
1170230 1372.1
1170240 1372.9
1170250 1373.1
1170260 1373.1
1170270 1373.2
1170280 1372.9
1170290 1372.9
1170300 1372.2
1170310 1368.9
1170320 1368.9
1170330 1369.8
1170340 1371.2
1170350 1371.2
1170360 1372.6
1170370 1373.8
1170380 1373.8
1170390 1374.5
1170400 1376.6
1170410 1376.6
1170420 1379.9
1170430 1382.0
1170440 1382.0
1170450 1383.1
1170460 1383.6
1170470 1383.6
1170480 1383.3
1170490 1382.0
1170500 1380.6
1170510 1380.6
1170520 1381.4
1170530 1380.8
1170540 1380.8
1170550 1380.3
1170560 1381.6
1170570 1381.6
1170580 1383.2
1170590 1384.2
1170600 1384.2
1170610 1384.4
1170620 1384.6
1170630 1384.6
1170640 1384.9
1170650 1384.9
1170660 1384.9
1170670 1383.8
1170680 1382.6
1170690 1382.6
1170700 1383.5
1170710 1384.1
1170720 1381.3
1170730 1381.3
1170740 1380.8
1170750 1380.8
1170760 1379.9
1170770 1377.6
1170780 1377.6
1170790 1375.3
1170800 1375.4
1170810 1376.7
1170820 1376.7
1170830 1378.0
1170840 1378.7
1170850 1378.7
1170860 1378.7
1170870 1378.2
1170880 1378.2
1170890 1377.7
1170900 1377.0
1170910 1377.0
1170920 1375.7
1170930 1374.6
1170940 1374.6
1170950 1374.3
1170960 1373.2
1170970 1373.2
1170980 1371.2
1170990 1368.2
1171000 1368.2
1171010 1366.2
1171020 1364.8
1171030 1364.8
1171040 1363.8
1171050 1361.8
1171060 1361.8
1171070 1359.1
1171080 1359.2
1171090 1359.2
1171100 1361.4
1171110 1362.6
1171120 1360.2
1171130 1360.2
1171140 1359.7
1171150 1358.6
1171160 1358.6
1171170 1357.7
1171180 1358.0
1171190 1358.0
1171200 1358.3
1171210 1357.9
1171220 1357.9
1171230 1357.3
1171240 1356.4
1171250 1356.4
1171260 1354.6
1171270 1352.6
1171280 1352.6
1171290 1350.1
1171300 1347.3
1171310 1347.3
1171320 1344.9
1171330 1342.8
1171340 1342.8
1171350 1340.0
1171360 1336.2
1171370 1336.2
1171380 1331.1
1171390 1326.4
1171400 1323.0
1171410 1323.0
1171420 1320.5
1171430 1317.7
1171440 1317.7
1171450 1315.9
1171460 1313.8
1171470 1313.8
1171480 1310.9
1171490 1309.7
1171500 1309.7
1171510 1309.7
1171520 1308.8
1171530 1302.5
1171540 1301.9
1171550 1302.3
1171560 1302.3
1171570 1300.2
1171580 1297.3
1171590 1297.3
1171600 1295.9
1171610 1296.3
1171620 1296.3
1171630 1297.8
1171640 1298.4
1171650 1298.4
1171660 1297.7
1171670 1296.2
1171680 1296.2
1171690 1293.0
1171700 1289.8
1171710 1285.8
1171720 1285.8
1171730 1284.0
1171740 1284.3
1171750 1284.3
1171760 1283.7
1171770 1282.8
1171780 1282.8
1171790 1282.3
1171800 1283.1
1171810 1283.1
1171820 1282.2
1171830 1279.1
1171840 1279.1
1171850 1278.0
1171860 1277.1
1171870 1277.1
1171880 1273.9
1171890 1271.5
1171900 1271.5
1171910 1273.0
1171920 1274.8
1171930 1274.8
1171940 1269.1
1171950 1267.2
1171960 1267.2
1171970 1264.6
1171980 1261.4
1171990 1261.4
1172000 1259.2
1172010 1257.8
1172020 1256.8
1172030 1256.8
1172040 1255.5
1172050 1253.1
1172060 1253.1
1172070 1249.4
1172080 1244.6
1172090 1244.6
1172100 1241.4
1172110 1240.6
1172120 1240.6
1172130 1240.4
1172140 1240.3
1172150 1240.3
1172160 1240.6
1172170 1240.8
1172180 1240.8
1172190 1240.2
1172200 1238.1
1172210 1238.1
1172220 1234.7
1172230 1229.9
1172240 1229.9
1172250 1226.8
1172260 1224.4
1172270 1224.4
1172280 1220.7
1172290 1215.9
1172300 1210.6
1172310 1210.6
1172320 1205.1
1172330 1199.5
1172340 1199.5
1172350 1187.6
1172360 1182.0
1172370 1182.0
1172380 1175.9
1172390 1171.0
1172400 1171.0
1172410 1165.7
1172420 1152.4
1172430 1152.4
1172440 1136.2
1172450 1125.7
1172460 1125.7
1172470 1112.9
1172480 1104.2
1172490 1104.2
1172500 1098.7
1172510 1093.7
1172520 1093.7
1172530 1088.3
1172540 1083.2
1172550 1083.2
1172560 1079.2
1172570 1075.6
1172580 1075.6
1172590 1071.0
1172600 1066.4
1172610 1061.7
1172620 1061.7
1172630 1057.0
1172640 1052.8
1172650 1052.8
1172660 1048.9
1172670 1044.4
1172680 1044.4
1172690 1039.8
1172700 1036.4
1172710 1036.4
1172720 1032.7
1172730 1027.6
1172740 1027.6
1172750 1023.4
1172760 1014.7
1172770 1014.7
1172780 1011.7
1172790 1010.3
1172800 1010.3
1172810 1010.3
1172820 1009.2
1172830 1009.2
1172840 1007.0
1172850 1005.6
1172860 1005.6
1172870 1003.1
1172880 999.3
1172890 999.3
1172900 995.3
1172910 990.8
1172920 987.3
1172930 987.3
1172940 985.4
1172950 983.8
1172960 983.8
1172970 982.0
1172980 979.2
1172990 979.2
1173000 977.2
1173010 975.1
1173020 975.1
1173030 971.3
1173040 967.0
1173050 967.0
1173060 964.0
1173070 962.7
1173080 962.7
1173090 961.6
1173100 960.9
1173110 960.9
1173120 960.8
1173130 960.9
1173140 960.9
1173150 961.2
1173160 961.5
1173170 961.7
1173180 961.9
1173190 962.0
1173200 962.1
1173210 962.1
1173220 962.3
1173230 962.4
1173240 962.4
1173250 962.3
1173260 962.4
1173270 962.4
1173280 962.4
1173290 962.6
1173300 962.6
1173310 962.8
1173320 962.6
1173330 962.6
1173340 962.4
1173350 962.3
1173360 962.3
1173370 962.3
1173380 962.4
1173390 962.4
1173400 962.5
1173410 962.5
1173420 962.5
1173430 962.6
1173440 962.7
1173450 962.7
1173460 962.8
1173470 963.0
1173480 963.0
1173490 963.1
1173500 963.1
1173510 963.0
1173520 963.0
1173530 962.9
1173540 962.8
1173550 962.8
1173560 962.9
1173570 963.0
1173580 963.4
1173590 963.5
1173600 963.7
1173610 963.7
1173620 963.9
1173630 964.3
1173640 964.3
1173650 964.3
1173660 964.1
1173670 964.1
1173680 964.0
1173690 963.9
1173700 963.9
1173710 963.8
1173720 963.8
1173730 963.8
1173740 963.6
1173750 963.5
1173760 963.5
1173770 963.5
1173780 963.4
1173790 963.4
1173800 963.4
1173810 963.3
1173820 963.3
1173830 963.3
1173840 963.4
1173850 963.4
1173860 963.4
1173870 962.8
1173880 958.6
1173890 958.6
1173900 952.9
1173910 950.9
1173920 950.9
1173930 950.8
1173940 950.3
1173950 950.3
1173960 949.6
1173970 949.5
1173980 949.5
1173990 949.5
1174000 949.3
1174010 949.3
1174020 949.0
1174030 949.0
1174040 949.0
1174050 949.3
1174060 949.2
1174070 949.2
1174080 945.9
1174090 943.7
1174100 943.7
1174110 943.7
1174120 943.5
1174130 943.4
1174140 943.4
1174150 943.4
1174160 943.6
1174170 943.6
1174180 943.7
1174190 943.8
1174200 943.8
1174210 943.8
1174220 943.8
1174230 943.8
1174240 943.9
1174250 943.5
1174260 943.5
1174270 943.7
1174280 943.9
1174290 943.9
1174300 944.0
1174310 944.0
1174320 944.0
1174330 944.1
1174340 944.2
1174350 944.2
1174360 944.2
1174370 944.1
1174380 944.1
1174390 944.3
1174400 944.5
1174410 944.6
1174420 944.6
1174430 943.9
1174440 943.5
1174450 943.5
1174460 943.5
1174470 943.7
1174480 943.7
1174490 943.7
1174500 943.9
1174510 943.9
1174520 944.0
1174530 942.6
1174540 942.6
1174550 941.3
1174560 941.2
1174570 941.2
1174580 941.2
1174590 941.3
1174600 941.3
1174610 942.6
1174620 944.0
1174630 944.0
1174640 944.8
1174650 944.9
1174660 944.9
1174670 944.7
1174680 944.6
1174690 944.6
1174700 944.6
1174710 944.5
1174720 944.2
1174730 944.2
1174740 944.1
1174750 944.0
1174760 944.0
1174770 944.0
1174780 944.0
1174790 944.0
1174800 944.1
1174810 945.2
1174820 945.2
1174830 947.1
1174840 949.3
1174850 949.3
1174860 951.0
1174870 953.9
1174880 953.9
1174890 958.8
1174900 962.7
1174910 962.7
1174920 964.9
1174930 969.7
1174940 969.7
1174950 975.5
1174960 979.4
1174970 979.4
1174980 985.4
1174990 993.5
1175000 1000.2
1175010 1000.2
1175020 1005.2
1175030 1011.5
1175040 1011.5
1175050 1018.6
1175060 1023.1
1175070 1023.1
1175080 1027.5
1175090 1032.7
1175100 1032.7
1175110 1036.3
1175120 1037.3
1175130 1037.3
1175140 1035.9
1175150 1036.0
1175160 1036.0
1175170 1033.5
1175180 1031.9
1175190 1031.9
1175200 1034.1
1175210 1037.4
1175220 1038.8
1175230 1039.9
1175240 1041.8
1175250 1041.8
1175260 1043.7
1175270 1045.0
1175280 1045.0
1175290 1046.7
1175300 1047.7
1175310 1048.0
1175320 1048.0
1175330 1048.5
1175340 1049.7
1175350 1049.7
1175360 1052.4
1175370 1058.1
1175380 1058.1
1175390 1062.3
1175400 1064.4
1175410 1064.4
1175420 1066.0
1175430 1068.1
1175440 1068.1
1175450 1069.9
1175460 1072.8
1175470 1072.8
1175480 1078.3
1175490 1085.1
1175500 1085.1
1175510 1095.2
1175520 1100.9
1175530 1100.9
1175540 1100.4
1175550 1100.2
1175560 1100.2
1175570 1098.4
1175580 1095.5
1175590 1095.5
1175600 1091.7
1175610 1089.2
1175620 1088.2
1175630 1090.3
1175640 1088.7
1175650 1088.9
1175660 1088.9
1175670 1090.2
1175680 1089.9
1175690 1089.9
1175700 1089.5
1175710 1089.9
1175720 1089.9
1175730 1090.9
1175740 1091.1
1175750 1091.1
1175760 1092.2
1175770 1092.8
1175780 1092.8
1175790 1092.3
1175800 1091.2
1175810 1091.2
1175820 1090.6
1175830 1089.9
1175840 1089.9
1175850 1088.8
1175860 1086.9
1175870 1086.9
1175880 1084.7
1175890 1083.3
1175900 1082.3
1175910 1082.3
1175920 1080.1
1175930 1077.4
1175940 1077.4
1175950 1075.4
1175960 1072.1
1175970 1072.1
1175980 1067.6
1175990 1065.7
1176000 1065.7
1176010 1063.9
1176020 1060.5
1176030 1060.5
1176040 1060.2
1176050 1058.5
1176060 1058.5
1176070 1056.7
1176080 1056.1
1176090 1056.1
1176100 1056.3
1176110 1057.2
1176120 1057.2
1176130 1058.5
1176140 1060.3
1176150 1060.3
1176160 1061.8
1176170 1063.6
1176180 1063.6
1176190 1065.0
1176200 1065.8
1176210 1066.6
1176220 1066.6
1176230 1067.6
1176240 1068.8
1176250 1068.8
1176260 1069.7
1176270 1071.0
1176280 1071.0
1176290 1072.5
1176300 1074.1
1176310 1074.1
1176320 1075.9
1176330 1077.5
1176340 1077.5
1176350 1078.1
1176360 1079.2
1176370 1079.2
1176380 1080.1
1176390 1081.3
1176400 1081.3
1176410 1082.1
1176420 1083.2
1176430 1083.2
1176440 1084.1
1176450 1084.6
1176460 1087.1
1176470 1088.2
1176480 1089.1
1176490 1089.1
1176500 1089.8
1176510 1090.4
1176520 1090.8
1176530 1090.8
1176540 1091.5
1176550 1092.3
1176560 1092.3
1176570 1092.4
1176580 1093.1
1176590 1093.1
1176600 1093.2
1176610 1093.8
1176620 1093.8
1176630 1094.2
1176640 1095.2
1176650 1095.2
1176660 1097.0
1176670 1098.7
1176680 1098.7
1176690 1100.5
1176700 1103.4
1176710 1103.4
1176720 1105.2
1176730 1105.4
1176740 1105.4
1176750 1106.6
1176760 1108.8
1176770 1108.8
1176780 1110.0
1176790 1111.7
1176800 1112.7
1176810 1112.7
1176820 1113.6
1176830 1115.3
1176840 1115.3
1176850 1116.3
1176860 1117.9
1176870 1121.4
1176880 1123.8
1176890 1125.9
1176900 1125.9
1176910 1127.8
1176920 1130.6
1176930 1130.6
1176940 1134.1
1176950 1137.6
1176960 1137.6
1176970 1141.3
1176980 1145.3
1176990 1145.3
1177000 1149.0
1177010 1152.6
1177020 1152.6
1177030 1155.3
1177040 1158.5
1177050 1158.5
1177060 1162.3
1177070 1165.9
1177080 1165.9
1177090 1168.1
1177100 1171.8
1177110 1175.8
1177120 1175.8
1177130 1179.7
1177140 1183.2
1177150 1183.2
1177160 1186.6
1177170 1190.5
1177180 1190.5
1177190 1194.4
1177200 1197.9
1177210 1197.9
1177220 1202.5
1177230 1207.6
1177240 1207.6
1177250 1213.4
1177260 1219.0
1177270 1219.0
1177280 1223.5
1177290 1232.8
1177300 1232.8
1177310 1236.3
1177320 1240.3
1177330 1240.3
1177340 1243.8
1177350 1248.1
1177360 1248.1
1177370 1253.2
1177380 1257.9
1177390 1257.9
1177400 1260.4
1177410 1263.2
1177420 1267.7
1177430 1267.7
1177440 1269.9
1177450 1273.9
1177460 1273.9
1177470 1279.4
1177480 1283.8
1177490 1283.8
1177500 1288.0
1177510 1292.6
1177520 1292.6
1177530 1297.1
1177540 1296.1
1177550 1296.1
1177560 1299.3
1177570 1305.9
1177580 1305.9
1177590 1316.1
1177600 1321.8
1177610 1321.8
1177620 1327.1
1177630 1329.4
1177640 1329.4
1177650 1332.8
1177660 1335.7
1177670 1335.7
1177680 1339.1
1177690 1342.2
1177700 1353.4
1177710 1353.4
1177720 1356.4
1177730 1358.3
1177740 1358.3
1177750 1358.6
1177760 1358.8
1177770 1358.8
1177780 1359.2
1177790 1359.9
1177800 1359.9
1177810 1360.1
1177820 1361.6
1177830 1361.6
1177840 1362.9
1177850 1363.0
1177860 1363.0
1177870 1362.8
1177880 1362.8
1177890 1362.8
1177900 1363.4
1177910 1363.8
1177920 1363.8
1177930 1363.9
1177940 1363.7
1177950 1363.7
1177960 1362.9
1177970 1361.5
1177980 1361.5
1177990 1360.0
1178000 1359.1
1178010 1358.2
1178020 1358.2
1178030 1356.7
1178040 1354.9
1178050 1354.9
1178060 1352.5
1178070 1349.8
1178080 1349.8
1178090 1346.1
1178100 1343.5
1178110 1343.5
1178120 1346.7
1178130 1343.0
1178140 1343.0
1178150 1339.0
1178160 1337.6
1178170 1337.6
1178180 1336.7
1178190 1335.4
1178200 1335.4
1178210 1331.5
1178220 1327.1
1178230 1327.1
1178240 1322.7
1178250 1318.5
1178260 1318.5
1178270 1314.6
1178280 1309.8
1178290 1302.7
1178300 1302.7
1178310 1297.2
1178320 1294.5
1178330 1294.5
1178340 1291.7
1178350 1286.5
1178360 1286.5
1178370 1281.0
1178380 1275.3
1178390 1275.3
1178400 1270.0
1178410 1263.6
1178420 1263.6
1178430 1255.8
1178440 1248.1
1178450 1248.1
1178460 1240.4
1178470 1232.8
1178480 1232.8
1178490 1225.7
1178500 1218.7
1178510 1218.7
1178520 1211.3
1178530 1204.6
1178540 1204.6
1178550 1198.4
1178560 1192.7
1178570 1192.7
1178580 1187.6
1178590 1184.1
1178600 1182.4
1178610 1182.4
1178620 1180.2
1178630 1177.8
1178640 1177.8
1178650 1177.4
1178660 1178.3
1178670 1178.3
1178680 1180.4
1178690 1184.7
1178700 1184.7
1178710 1188.9
1178720 1189.8
1178730 1189.8
1178740 1189.1
1178750 1189.0
1178760 1189.0
1178770 1186.8
1178780 1179.7
1178790 1179.7
1178800 1173.2
1178810 1167.3
1178820 1167.3
1178830 1162.6
1178840 1158.3
1178850 1158.3
1178860 1155.7
1178870 1153.9
1178880 1153.9
1178890 1150.2
1178900 1148.5
1178910 1153.4
1178920 1153.4
1178930 1156.8
1178940 1163.8
1178950 1164.8
1178960 1173.9
1178970 1185.5
1178980 1185.5
1178990 1195.6
1179000 1205.6
1179010 1205.6
1179020 1216.1
1179030 1224.4
1179040 1224.4
1179050 1232.9
1179060 1242.3
1179070 1242.3
1179080 1249.9
1179090 1256.7
1179100 1256.7
1179110 1263.0
1179120 1268.2
1179130 1268.2
1179140 1272.5
1179150 1275.3
1179160 1275.3
1179170 1276.7
1179180 1277.4
1179190 1277.9
1179200 1277.9
1179210 1278.7
1179220 1279.1
1179230 1279.1
1179240 1278.9
1179250 1278.4
1179260 1278.4
1179270 1278.3
1179280 1278.2
1179290 1278.2
1179300 1277.8
1179310 1277.1
1179320 1277.1
1179330 1276.7
1179340 1277.4
1179350 1277.4
1179360 1278.8
1179370 1281.9
1179380 1281.9
1179390 1283.5
1179400 1284.9
1179410 1284.9
1179420 1285.6
1179430 1285.4
1179440 1285.4
1179450 1284.6
1179460 1283.3
1179470 1283.3
1179480 1281.2
1179490 1278.2
1179500 1273.3
1179510 1273.3
1179520 1267.9
1179530 1262.7
1179540 1262.7
1179550 1258.7
1179560 1256.6
1179570 1256.6
1179580 1256.2
1179590 1256.6
1179600 1256.6
1179610 1255.0
1179620 1251.8
1179630 1251.8
1179640 1249.9
1179650 1248.6
1179660 1248.6
1179670 1246.4
1179680 1244.0
1179690 1244.0
1179700 1241.9
1179710 1240.0
1179720 1240.0
1179730 1237.9
1179740 1236.1
1179750 1236.1
1179760 1235.1
1179770 1233.7
1179780 1233.7
1179790 1237.7
1179800 1236.7
1179810 1237.1
1179820 1237.1
1179830 1238.0
1179840 1239.4
1179850 1239.4
1179860 1240.7
1179870 1241.7
1179880 1241.7
1179890 1241.8
1179900 1242.1
1179910 1242.1
1179920 1243.1
1179930 1244.1
1179940 1244.1
1179950 1244.6
1179960 1244.4
1179970 1244.4
1179980 1244.3
1179990 1243.4
