1160000 2177.2
1160010 2173.0
1160020 2173.0
1160030 2169.9
1160040 2167.9
1160050 2167.5
1160060 2167.5
1160070 2167.9
1160080 2168.7
1160090 2168.7
1160100 2167.9
1160110 2166.6
1160120 2166.6
1160130 2164.4
1160140 2161.5
1160150 2161.5
1160160 2158.4
1160170 2156.0
1160180 2156.0
1160190 2153.8
1160200 2153.3
1160210 2153.3
1160220 2153.9
1160230 2155.6
1160240 2155.6
1160250 2157.8
1160260 2160.2
1160270 2160.2
1160280 2162.9
1160290 2166.4
1160300 2166.4
1160310 2171.9
1160320 2176.6
1160330 2176.5
1160340 2176.5
1160350 2175.8
1160360 2175.4
1160370 2175.4
1160380 2174.5
1160390 2168.0
1160400 2168.0
1160410 2163.2
1160420 2156.5
1160430 2156.5
1160440 2150.6
1160450 2148.1
1160460 2148.1
1160470 2146.7
1160480 2145.5
1160490 2145.5
1160500 2144.3
1160510 2143.4
1160520 2143.4
1160530 2142.9
1160540 2143.1
1160550 2143.1
1160560 2143.8
1160570 2144.3
1160580 2144.3
1160590 2144.7
1160600 2145.3
1160610 2145.3
1160620 2146.0
1160630 2147.1
1160640 2149.0
1160650 2149.0
1160660 2152.2
1160670 2155.8
1160680 2155.8
1160690 2159.4
1160700 2162.7
1160710 2162.7
1160720 2165.8
1160730 2168.8
1160740 2168.8
1160750 2172.6
1160760 2177.1
1160770 2177.1
1160780 2176.7
1160790 2198.4
1160800 2198.4
1160810 2227.1
1160820 2230.7
1160830 2230.7
1160840 2231.5
1160850 2229.0
1160860 2229.0
1160870 2226.3
1160880 2224.8
1160890 2224.8
1160900 2226.0
1160910 2234.7
1160920 2234.7
1160930 2236.7
1160940 2245.0
1160950 2257.9
1160960 2257.9
1160970 2267.8
1160980 2277.2
1160990 2277.2
1161000 2288.5
1161010 2299.2
1161020 2299.2
1161030 2304.0
1161040 2298.1
1161050 2298.1
1161060 2294.2
1161070 2287.2
1161080 2287.2
1161090 2281.7
1161100 2286.3
1161110 2286.3
1161120 2290.3
1161130 2286.1
1161140 2286.1
1161150 2284.9
1161160 2283.6
1161170 2283.6
1161180 2269.4
1161190 2266.3
1161200 2266.3
1161210 2270.0
1161220 2280.1
1161230 2280.1
1161240 2288.1
1161250 2292.7
1161260 2294.2
1161270 2294.2
1161280 2290.1
1161290 2286.9
1161300 2286.9
1161310 2288.3
1161320 2288.5
1161330 2288.5
1161340 2291.2
1161350 2291.5
1161360 2291.5
1161370 2277.5
1161380 2266.6
1161390 2266.6
1161400 2260.9
1161410 2258.7
1161420 2258.7
1161430 2257.5
1161440 2257.1
1161450 2257.1
1161460 2256.7
1161470 2256.0
1161480 2256.0
1161490 2255.8
1161500 2256.1
1161510 2256.1
1161520 2257.0
1161530 2256.8
1161540 2256.8
1161550 2257.0
1161560 2258.3
1161570 2267.6
1161580 2267.6
1161590 2271.1
1161600 2275.9
1161610 2275.9
1161620 2280.0
1161630 2281.0
1161640 2281.0
1161650 2281.5
1161660 2276.7
1161670 2276.7
1161680 2270.8
1161690 2270.7
1161700 2270.7
1161710 2276.4
1161720 2283.2
1161730 2283.2
1161740 2292.4
1161750 2299.1
1161760 2299.1
1161770 2306.2
1161780 2311.6
1161790 2311.6
1161800 2316.1
1161810 2318.9
1161820 2318.9
1161830 2314.4
1161840 2304.6
1161850 2298.2
1161860 2298.2
1161870 2290.8
1161880 2278.8
1161890 2278.8
1161900 2272.2
1161910 2267.6
1161920 2267.6
1161930 2267.1
1161940 2268.3
1161950 2268.3
1161960 2263.3
1161970 2254.6
1161980 2254.6
1161990 2244.9
1162000 2229.9
1162010 2229.9
1162020 2211.8
1162030 2198.3
1162040 2198.3
1162050 2189.1
1162060 2180.3
1162070 2180.3
1162080 2170.1
1162090 2155.3
1162100 2155.3
1162110 2134.7
1162120 2119.3
1162130 2119.3
1162140 2108.0
1162150 2100.7
1162160 2076.9
1162170 2076.9
1162180 2024.9
1162190 2008.7
1162200 2008.7
1162210 2004.2
1162220 1994.4
1162230 1994.4
1162240 1986.2
1162250 1980.4
1162260 1980.4
1162270 1975.9
1162280 1972.4
1162290 1972.4
1162300 1969.5
1162310 1966.4
1162320 1966.4
1162330 1963.7
1162340 1963.1
1162350 1963.1
1162360 1971.4
1162370 1972.8
1162380 1972.8
1162390 1973.9
1162400 1974.7
1162410 1974.7
1162420 1974.9
1162430 1973.6
1162440 1973.6
1162450 1970.8
1162460 1968.1
1162470 1965.1
1162480 1965.1
1162490 1957.4
1162500 1952.2
1162510 1952.2
1162520 1949.5
1162530 1947.8
1162540 1947.8
1162550 1945.9
1162560 1945.4
1162570 1945.4
1162580 1944.6
1162590 1943.4
1162600 1943.4
1162610 1942.8
1162620 1943.8
1162630 1943.8
1162640 1946.2
1162650 1948.4
1162660 1948.4
1162670 1950.5
1162680 1952.9
1162690 1952.9
1162700 1968.5
1162710 1993.3
1162720 1993.3
1162730 1983.9
1162740 1977.9
1162750 1977.9
1162760 2021.5
1162770 2027.2
1162780 2029.4
1162790 2029.4
1162800 2013.5
1162810 1995.7
1162820 1995.7
1162830 1987.9
1162840 1988.2
1162850 1988.2
1162860 1989.6
1162870 1989.7
1162880 1989.7
1162890 1988.5
1162900 1989.2
1162910 1989.2
1162920 1989.2
1162930 1990.1
1162940 1990.1
1162950 1992.9
1162960 1997.2
1162970 1997.2
1162980 1998.7
1162990 1997.0
1163000 1997.0
1163010 1999.8
1163020 2002.9
1163030 2002.9
1163040 2006.0
1163050 2010.9
1163060 2010.9
1163070 2016.9
1163080 2025.2
1163090 2025.6
1163100 2025.6
1163110 2023.9
1163120 2036.3
1163130 2036.3
1163140 2050.5
1163150 2064.9
1163160 2089.0
1163170 2110.3
1163180 2117.5
1163190 2117.5
1163200 2112.3
1163210 2103.7
1163220 2103.7
1163230 2092.1
1163240 2074.9
1163250 2074.9
1163260 2060.9
1163270 2043.9
1163280 2043.9
1163290 2031.7
1163300 2025.5
1163310 2025.5
1163320 2020.7
1163330 2013.9
1163340 2013.9
1163350 2006.6
1163360 2001.3
1163370 2001.3
1163380 1996.2
1163390 1990.4
1163400 1984.7
1163410 1984.7
1163420 1979.2
1163430 1974.2
1163440 1974.2
1163450 1969.5
1163460 1965.0
1163470 1965.0
1163480 1960.8
1163490 1956.4
1163500 1956.4
1163510 1952.7
1163520 1949.5
1163530 1949.5
1163540 1945.7
1163550 1939.1
1163560 1939.1
1163570 1934.7
1163580 1930.1
1163590 1930.1
1163600 1925.8
1163610 1921.7
1163620 1921.7
1163630 1918.1
1163640 1914.8
1163650 1914.8
1163660 1911.5
1163670 1908.2
1163680 1904.8
1163690 1904.8
1163700 1901.5
1163710 1898.3
1163720 1898.3
1163730 1895.2
1163740 1892.6
1163750 1892.6
1163760 1890.4
1163770 1888.9
1163780 1888.9
1163790 1886.8
1163800 1884.5
1163810 1884.5
1163820 1879.3
1163830 1875.8
1163840 1875.8
1163850 1874.3
1163860 1870.1
1163870 1870.1
1163880 1861.5
1163890 1853.0
1163900 1853.0
1163910 1847.9
1163920 1843.3
1163930 1843.3
1163940 1836.5
1163950 1829.3
1163960 1829.3
1163970 1830.6
1163980 1834.6
1163990 1840.6
1164000 1840.6
1164010 1848.1
1164020 1853.9
1164030 1853.9
1164040 1856.8
1164050 1858.9
1164060 1858.9
1164070 1861.9
1164080 1867.0
1164090 1867.0
1164100 1872.6
1164110 1877.7
1164120 1877.7
1164130 1883.5
1164140 1886.6
1164150 1886.6
1164160 1888.1
1164170 1888.5
1164180 1888.5
1164190 1887.7
1164200 1892.7
1164210 1892.7
1164220 1894.9
1164230 1897.2
1164240 1897.2
1164250 1900.6
1164260 1903.7
1164270 1903.7
1164280 1907.7
1164290 1908.2
1164300 1897.8
1164310 1897.8
1164320 1891.9
1164330 1892.6
1164340 1892.6
1164350 1896.7
1164360 1905.2
1164370 1905.2
1164380 1913.3
1164390 1920.8
1164400 1920.8
1164410 1925.6
1164420 1929.0
1164430 1929.0
1164440 1932.3
1164450 1934.6
1164460 1934.6
1164470 1946.9
1164480 1955.2
1164490 1955.2
1164500 1956.4
1164510 1957.6
1164520 1957.6
1164530 1957.0
1164540 1954.3
1164550 1954.3
1164560 1950.4
1164570 1946.4
1164580 1946.4
1164590 1944.0
1164600 1939.1
1164610 1934.7
1164620 1934.7
1164630 1934.2
1164640 1934.1
1164650 1934.1
1164660 1932.3
1164670 1930.6
1164680 1930.6
1164690 1928.6
1164700 1929.2
1164710 1929.2
1164720 1929.9
1164730 1929.7
1164740 1929.7
1164750 1924.3
1164760 1924.0
1164770 1924.0
1164780 1925.8
1164790 1927.7
1164800 1927.7
1164810 1931.6
1164820 1935.5
1164830 1935.5
1164840 1940.0
1164850 1947.7
1164860 1947.7
1164870 1952.4
1164880 1956.1
1164890 1956.1
1164900 1966.3
1164910 1982.2
1164920 1982.7
1164930 1982.7
1164940 1979.2
1164950 1970.2
1164960 1970.2
1164970 1961.3
1164980 1956.4
1164990 1956.4
1165000 1955.3
1165010 1952.7
1165020 1952.7
1165030 1951.3
1165040 1948.6
1165050 1948.6
1165060 1945.3
1165070 1945.7
1165080 1945.7
1165090 1943.9
1165100 1945.0
1165110 1945.0
1165120 1950.7
1165130 1959.8
1165140 1959.8
1165150 1939.1
1165160 1939.1
1165170 1939.1
1165180 1931.9
1165190 1939.8
1165200 1970.2
1165210 1970.2
1165220 1986.4
1165230 1991.4
1165240 1991.4
1165250 1993.7
1165260 1999.5
1165270 1999.5
1165280 2000.5
1165290 2002.3
1165300 2002.3
1165310 1998.8
1165320 2000.2
1165330 2000.2
1165340 2002.6
1165350 2007.9
1165360 2007.9
1165370 2013.9
1165380 2016.4
1165390 2016.4
1165400 2017.3
1165410 2015.2
1165420 2015.2
1165430 2012.8
1165440 2010.4
1165450 2010.4
1165460 2008.3
1165470 2006.4
1165480 2006.4
1165490 2005.6
1165500 2002.2
1165510 1999.4
1165520 1999.4
1165530 2005.6
1165540 2008.9
1165550 2002.0
1165560 2003.5
1165570 2008.2
1165580 2008.2
1165590 2014.6
1165600 2017.8
1165610 2017.8
1165620 2022.6
1165630 2026.1
1165640 2026.1
1165650 2028.1
1165660 2032.8
1165670 2032.8
1165680 2038.6
1165690 2043.9
1165700 2043.9
1165710 2050.8
1165720 2053.4
1165730 2053.4
1165740 2056.1
1165750 2059.1
1165760 2059.1
1165770 2061.9
1165780 2064.5
1165790 2064.5
1165800 2067.6
1165810 2073.2
1165820 2075.8
1165830 2075.8
1165840 2080.3
1165850 2084.3
1165860 2084.3
1165870 2086.2
1165880 2090.0
1165890 2090.0
1165900 2092.1
1165910 2100.2
1165920 2100.2
1165930 2116.6
1165940 2131.0
1165950 2124.8
1165960 2125.1
1165970 2118.3
1165980 2118.3
1165990 2109.0
1166000 2124.9
1166010 2124.9
1166020 2140.9
1166030 2159.2
1166040 2159.2
1166050 2177.7
1166060 2192.4
1166070 2192.4
1166080 2194.9
1166090 2190.5
1166100 2190.5
1166110 2191.3
1166120 2194.7
1166130 2180.6
1166140 2180.6
1166150 2159.5
1166160 2147.5
1166170 2147.5
1166180 2142.5
1166190 2136.3
1166200 2136.3
1166210 2119.1
1166220 2104.3
1166230 2104.3
1166240 2103.6
1166250 2111.2
1166260 2111.2
1166270 2120.1
1166280 2131.8
1166290 2131.8
1166300 2147.5
1166310 2153.6
1166320 2153.6
1166330 2129.6
1166340 2108.7
1166350 2108.2
1166360 2095.1
1166370 2088.9
1166380 2088.9
1166390 2084.6
1166400 2080.6
1166410 2080.6
1166420 2078.1
1166430 2079.8
1166440 2090.8
1166450 2090.8
1166460 2100.5
1166470 2109.8
1166480 2109.8
1166490 2121.2
1166500 2136.2
1166510 2136.2
1166520 2157.9
1166530 2175.1
1166540 2175.1
1166550 2176.6
1166560 2168.3
1166570 2168.3
1166580 2166.9
1166590 2163.2
1166600 2163.2
1166610 2164.3
1166620 2171.3
1166630 2171.3
1166640 2167.4
1166650 2164.6
1166660 2164.6
1166670 2161.3
1166680 2163.6
1166690 2163.6
1166700 2173.0
1166710 2185.6
1166720 2192.9
1166730 2192.9
1166740 2185.8
1166750 2172.8
1166760 2172.8
1166770 2158.2
1166780 2161.6
1166790 2161.6
1166800 2151.9
1166810 2124.4
1166820 2124.4
1166830 2104.7
1166840 2095.2
1166850 2095.2
1166860 2085.1
1166870 2078.4
1166880 2078.4
1166890 2073.5
1166900 2068.4
1166910 2068.4
1166920 2063.7
1166930 2058.7
1166940 2058.7
1166950 2054.0
1166960 2048.7
1166970 2048.7
1166980 2042.8
1166990 2038.5
1167000 2038.5
1167010 2034.2
1167020 2029.4
1167030 2024.4
1167040 2024.4
1167050 2019.7
1167060 2014.8
1167070 2014.8
1167080 2010.9
1167090 2007.3
1167100 2007.3
1167110 2004.0
1167120 2001.4
1167130 2001.4
1167140 1998.7
1167150 2001.6
1167160 2001.6
1167170 1999.5
1167180 1997.2
1167190 1997.2
1167200 1994.0
1167210 1991.0
1167220 1991.0
1167230 1988.4
1167240 1985.8
1167250 1985.8
1167260 1983.0
1167270 1981.6
1167280 1981.6
1167290 1982.1
1167300 1983.0
1167310 1983.0
1167320 1984.9
1167330 1987.4
1167340 1989.8
1167350 1989.8
1167360 1992.1
1167370 1994.4
1167380 1994.4
1167390 1996.7
1167400 1999.0
1167410 1999.0
1167420 2001.7
1167430 2004.8
1167440 2004.8
1167450 2007.8
1167460 2010.3
1167470 2010.3
1167480 2013.5
1167490 2017.0
1167500 2017.0
1167510 2020.4
1167520 2023.0
1167530 2023.0
1167540 2024.6
1167550 2026.2
1167560 2032.9
1167570 2035.1
1167580 2036.9
1167590 2036.9
1167600 2039.4
1167610 2044.4
1167620 2044.4
1167630 2053.0
1167640 2065.4
1167650 2075.6
1167660 2075.6
1167670 2081.5
1167680 2079.4
1167690 2079.4
1167700 2076.3
1167710 2071.0
1167720 2071.0
1167730 2064.3
1167740 2055.7
1167750 2055.7
1167760 2040.2
1167770 2033.3
1167780 2033.3
1167790 2028.4
1167800 2020.7
1167810 2020.7
1167820 2010.7
1167830 1990.4
1167840 1990.4
1167850 1975.9
1167860 1972.5
1167870 1972.5
1167880 1971.0
1167890 1968.6
1167900 1968.6
1167910 1965.4
1167920 1961.5
1167930 1961.5
1167940 1956.7
1167950 1951.7
1167960 1952.0
1167970 1952.0
1167980 1946.3
1167990 1941.3
1168000 1941.3
1168010 1936.6
1168020 1932.3
1168030 1932.3
1168040 1928.3
1168050 1924.5
1168060 1924.5
1168070 1920.8
1168080 1918.3
1168090 1918.3
1168100 1916.9
1168110 1916.2
1168120 1916.2
1168130 1917.2
1168140 1919.3
1168150 1919.3
1168160 1922.3
1168170 1925.9
1168180 1925.9
1168190 1930.2
1168200 1935.2
1168210 1935.2
1168220 1940.5
1168230 1946.1
1168240 1951.9
1168250 1951.9
1168260 1957.8
1168270 1963.9
1168280 1963.9
1168290 1970.1
1168300 1976.4
1168310 1976.4
1168320 1982.8
1168330 1990.1
1168340 1990.1
1168350 2000.4
1168360 2007.7
1168370 2007.7
1168380 2016.3
1168390 2029.3
1168400 2029.3
1168410 2041.5
1168420 2053.1
1168430 2053.1
1168440 2064.2
1168450 2070.0
1168460 2070.0
1168470 2077.8
1168480 2085.5
1168490 2085.5
1168500 2091.7
1168510 2098.9
1168520 2098.9
1168530 2110.6
1168540 2130.2
1168550 2139.4
1168560 2139.4
1168570 2147.8
1168580 2155.2
1168590 2155.2
1168600 2162.0
1168610 2169.0
1168620 2169.0
1168630 2176.0
1168640 2182.7
1168650 2182.7
1168660 2189.5
1168670 2196.7
1168680 2196.7
1168690 2204.6
1168700 2213.7
1168710 2213.7
1168720 2223.8
1168730 2230.7
1168740 2230.7
1168750 2241.4
1168760 2249.9
1168770 2252.0
1168780 2261.4
1168790 2266.1
1168800 2266.1
1168810 2264.1
1168820 2256.3
1168830 2256.3
1168840 2250.7
1168850 2248.1
1168860 2247.7
1168870 2247.7
1168880 2239.7
1168890 2231.1
1168900 2231.1
1168910 2226.4
1168920 2228.2
1168930 2228.2
1168940 2221.2
1168950 2211.2
1168960 2211.2
1168970 2214.7
1168980 2205.5
1168990 2205.5
1169000 2177.1
1169010 2152.7
1169020 2152.7
1169030 2134.4
1169040 2113.5
1169050 2113.5
1169060 2105.6
1169070 2113.3
1169080 2113.3
1169090 2111.5
1169100 2088.4
1169110 2088.4
1169120 2081.8
1169130 2080.5
1169140 2080.5
1169150 2078.5
1169160 2076.1
1169170 2067.1
1169180 2067.1
1169190 2064.4
1169200 2061.4
1169210 2061.4
1169220 2057.9
1169230 2053.7
1169240 2053.7
1169250 2049.7
1169260 2045.1
1169270 2045.1
1169280 2041.8
1169290 2040.9
1169300 2040.9
1169310 2040.4
1169320 2040.1
1169330 2040.1
1169340 2039.1
1169350 2037.4
1169360 2037.4
1169370 2036.3
1169380 2035.7
1169390 2035.7
1169400 2036.6
1169410 2036.1
1169420 2036.1
1169430 2035.2
1169440 2034.6
1169450 2034.6
1169460 2032.3
1169470 2031.0
1169480 2031.3
1169490 2031.3
1169500 2031.3
1169510 2032.0
1169520 2032.0
1169530 2032.9
1169540 2032.8
1169550 2032.8
1169560 2032.9
1169570 2025.7
1169580 2025.7
1169590 2027.2
1169600 2029.0
1169610 2029.0
1169620 2029.9
1169630 2031.6
1169640 2031.6
1169650 2034.5
1169660 2037.7
1169670 2037.7
1169680 2040.8
1169690 2045.8
1169700 2045.8
1169710 2047.2
1169720 2053.4
1169730 2053.4
1169740 2065.0
1169750 2077.1
1169760 2083.7
1169770 2083.7
1169780 2091.9
1169790 2098.5
1169800 2098.5
1169810 2107.4
1169820 2115.4
1169830 2115.4
1169840 2119.2
1169850 2121.6
1169860 2121.6
1169870 2124.2
1169880 2126.7
1169890 2126.7
1169900 2125.5
1169910 2117.7
1169920 2117.7
1169930 2107.7
1169940 2099.8
1169950 2099.8
1169960 2093.8
1169970 2088.3
1169980 2092.5
1169990 2087.5
1170000 2082.0
1170010 2082.0
1170020 2077.7
1170030 2075.4
1170040 2075.4
1170050 2071.5
1170060 2068.3
1170070 2065.2
1170080 2065.2
1170090 2059.3
1170100 2053.9
1170110 2053.9
1170120 2049.9
1170130 2047.6
1170140 2047.6
1170150 2045.2
1170160 2042.2
1170170 2042.2
1170180 2039.2
1170190 2036.4
1170200 2036.4
1170210 2033.9
1170220 2031.1
1170230 2031.1
1170240 2028.6
1170250 2027.0
1170260 2027.0
1170270 2025.8
1170280 2023.4
1170290 2023.4
1170300 2020.2
1170310 2017.0
1170320 2017.0
1170330 2013.5
1170340 2010.2
1170350 2010.2
1170360 2007.8
1170370 2005.4
1170380 2002.8
1170390 2008.4
1170400 2006.4
1170410 2004.4
1170420 2004.4
1170430 2002.5
1170440 2001.4
1170450 2001.4
1170460 2000.5
1170470 2000.0
1170480 2000.0
1170490 2000.2
1170500 2000.1
1170510 2000.1
1170520 1998.0
1170530 1993.7
1170540 1993.7
1170550 1990.5
1170560 1988.3
1170570 1988.3
1170580 1986.2
1170590 1984.7
1170600 1984.7
1170610 1984.0
1170620 1983.4
1170630 1983.4
1170640 1982.1
1170650 1981.5
1170660 1981.5
1170670 1981.8
1170680 1981.2
1170690 1979.3
1170700 1979.3
1170710 1976.9
1170720 1974.8
1170730 1974.8
1170740 1972.8
1170750 1970.8
1170760 1970.8
1170770 1970.1
1170780 1971.1
1170790 1978.3
1170800 1979.8
1170810 1981.5
1170820 1981.5
1170830 1983.4
1170840 1983.2
1170850 1983.2
1170860 1985.5
1170870 1989.6
1170880 1989.6
1170890 1989.7
1170900 1990.8
1170910 1990.8
1170920 1997.3
1170930 1999.9
1170940 1999.9
1170950 2003.7
1170960 2001.1
1170970 1997.4
1170980 1997.4
1170990 2002.1
1171000 2007.5
1171010 2007.5
1171020 2006.5
1171030 2005.5
1171040 2005.5
1171050 2011.2
1171060 2020.3
1171070 2020.3
1171080 2020.6
1171090 2023.1
1171100 2023.1
1171110 2033.4
1171120 2039.4
1171130 2039.4
1171140 2039.7
1171150 2041.2
1171160 2041.2
1171170 2052.7
1171180 2054.6
1171190 2054.6
1171200 2061.9
1171210 2065.0
1171220 2065.0
1171230 2070.8
1171240 2081.9
1171250 2081.9
1171260 2089.6
1171270 2091.4
1171280 2091.2
1171290 2091.2
1171300 2091.0
1171310 2092.9
1171320 2092.9
1171330 2093.8
1171340 2092.2
1171350 2092.2
1171360 2086.3
1171370 2079.6
1171380 2079.6
1171390 2073.1
1171400 2063.2
1171410 2063.2
1171420 2048.2
1171430 2030.0
1171440 2030.0
1171450 2017.0
1171460 2009.2
1171470 2009.2
1171480 2002.5
1171490 1993.6
1171500 1993.6
1171510 1985.0
1171520 1975.8
1171530 1975.8
1171540 1966.3
1171550 1955.7
1171560 1955.7
1171570 1948.2
1171580 1942.4
1171590 1935.7
1171600 1935.7
1171610 1926.7
1171620 1919.9
1171630 1919.9
1171640 1912.6
1171650 1907.6
1171660 1907.6
1171670 1902.2
1171680 1896.7
1171690 1896.7
1171700 1891.5
1171710 1886.5
1171720 1886.5
1171730 1882.8
1171740 1880.6
1171750 1880.6
1171760 1878.6
1171770 1878.4
1171780 1878.4
1171790 1876.7
1171800 1871.3
1171810 1871.3
1171820 1865.2
1171830 1863.2
1171840 1863.2
1171850 1859.1
1171860 1854.0
1171870 1854.0
1171880 1848.3
1171890 1842.9
1171900 1838.0
1171910 1838.0
1171920 1834.5
1171930 1832.9
1171940 1832.9
1171950 1830.8
1171960 1827.9
1171970 1827.9
1171980 1824.0
1171990 1818.5
1172000 1818.5
1172010 1811.6
1172020 1809.8
1172030 1809.8
1172040 1809.5
1172050 1809.7
1172060 1809.7
1172070 1807.3
1172080 1802.8
1172090 1802.8
1172100 1798.2
1172110 1790.1
1172120 1790.1
1172130 1779.5
1172140 1771.9
1172150 1771.9
1172160 1760.9
1172170 1749.8
1172180 1749.8
1172190 1740.8
1172200 1730.9
1172210 1721.2
1172220 1721.2
1172230 1710.7
1172240 1700.3
1172250 1700.3
1172260 1689.6
1172270 1678.7
1172280 1678.7
1172290 1671.0
1172300 1663.3
1172310 1663.3
1172320 1655.8
1172330 1649.1
1172340 1649.1
1172350 1642.6
1172360 1635.9
1172370 1635.9
1172380 1630.0
1172390 1624.1
1172400 1624.1
1172410 1618.7
1172420 1612.5
1172430 1612.5
1172440 1606.8
1172450 1599.7
1172460 1599.7
1172470 1593.8
1172480 1590.0
1172490 1586.7
1172500 1586.7
1172510 1581.0
1172520 1570.9
1172530 1570.9
1172540 1560.5
1172550 1547.8
1172560 1547.8
1172570 1535.0
1172580 1526.0
1172590 1526.0
1172600 1518.2
1172610 1512.2
1172620 1512.2
1172630 1507.3
1172640 1502.4
1172650 1502.4
1172660 1497.5
1172670 1493.0
1172680 1493.0
1172690 1488.8
1172700 1485.3
1172710 1485.3
1172720 1477.3
1172730 1464.4
1172740 1464.4
1172750 1457.0
1172760 1451.9
1172770 1451.9
1172780 1446.3
1172790 1439.0
1172800 1432.5
1172810 1432.5
1172820 1427.1
1172830 1417.5
1172840 1417.5
1172850 1411.4
1172860 1407.1
1172870 1407.1
1172880 1403.5
1172890 1399.8
1172900 1399.8
1172910 1395.8
1172920 1390.2
1172930 1390.2
1172940 1382.8
1172950 1374.5
1172960 1374.5
1172970 1367.1
1172980 1361.1
1172990 1361.1
1173000 1356.8
1173010 1352.7
1173020 1352.7
1173030 1347.8
1173040 1341.4
1173050 1341.4
1173060 1332.9
1173070 1321.8
1173080 1321.8
1173090 1313.7
1173100 1306.2
1173110 1300.4
1173120 1300.4
1173130 1295.5
1173140 1289.4
1173150 1289.4
1173160 1279.7
1173170 1271.9
1173180 1271.9
1173190 1264.3
1173200 1258.3
1173210 1258.3
1173220 1254.7
1173230 1250.4
1173240 1256.9
1173250 1253.9
1173260 1250.0
1173270 1250.0
1173280 1243.8
1173290 1237.8
1173300 1237.8
1173310 1232.6
1173320 1228.0
1173330 1228.0
1173340 1223.7
1173350 1218.3
1173360 1218.3
1173370 1215.1
1173380 1209.3
1173390 1209.3
1173400 1200.5
1173410 1192.2
1173420 1185.6
1173430 1185.6
1173440 1182.1
1173450 1181.1
1173460 1181.1
1173470 1181.8
1173480 1182.7
1173490 1182.7
1173500 1183.6
1173510 1182.6
1173520 1182.6
1173530 1177.7
1173540 1171.3
1173550 1171.3
1173560 1165.2
1173570 1159.1
1173580 1159.1
1173590 1154.4
1173600 1151.1
1173610 1151.1
1173620 1147.8
1173630 1145.5
1173640 1145.5
1173650 1150.7
1173660 1151.3
1173670 1151.3
1173680 1149.0
1173690 1141.5
1173700 1141.5
1173710 1133.6
1173720 1127.5
1173730 1127.0
1173740 1127.0
1173750 1131.0
1173760 1138.4
1173770 1138.4
1173780 1145.5
1173790 1153.0
1173800 1153.0
1173810 1159.2
1173820 1165.1
1173830 1165.1
1173840 1165.0
1173850 1162.1
1173860 1162.1
1173870 1158.0
1173880 1153.6
1173890 1153.6
1173900 1149.9
1173910 1146.5
1173920 1146.5
1173930 1142.2
1173940 1138.0
1173950 1138.0
1173960 1134.2
1173970 1129.6
1173980 1129.6
1173990 1124.8
1174000 1121.4
1174010 1120.5
1174020 1120.5
1174030 1119.6
1174040 1118.3
1174050 1118.3
1174060 1115.6
1174070 1113.0
1174080 1113.0
1174090 1110.2
1174100 1107.4
1174110 1107.4
1174120 1106.3
1174130 1105.5
1174140 1105.5
1174150 1102.7
1174160 1100.0
1174170 1100.0
1174180 1098.9
1174190 1096.1
1174200 1096.1
1174210 1093.8
1174220 1088.5
1174230 1088.5
1174240 1083.1
1174250 1078.0
1174260 1078.0
1174270 1074.1
1174280 1072.7
1174290 1072.7
1174300 1068.5
1174310 1063.9
1174320 1061.8
1174330 1061.8
1174340 1059.7
1174350 1057.8
1174360 1057.8
1174370 1055.2
1174380 1053.6
1174390 1053.6
1174400 1053.3
1174410 1052.3
1174420 1052.3
1174430 1048.5
1174440 1040.9
1174450 1040.9
1174460 1032.3
1174470 1022.0
1174480 1022.0
1174490 1018.1
1174500 1012.2
1174510 1012.2
1174520 1008.5
1174530 1009.2
1174540 1009.2
1174550 1008.7
1174560 1007.2
1174570 1007.2
1174580 1004.2
1174590 1001.5
1174600 1001.5
1174610 999.6
1174620 996.9
1174630 992.7
1174640 992.7
1174650 987.7
1174660 983.6
1174670 983.6
1174680 979.6
1174690 976.0
1174700 976.0
1174710 972.4
1174720 969.0
1174730 969.0
1174740 966.8
1174750 966.0
1174760 966.0
1174770 965.5
1174780 964.1
1174790 964.1
1174800 960.5
1174810 956.7
1174820 956.7
1174830 951.3
1174840 945.0
1174850 945.0
1174860 940.8
1174870 937.3
1174880 937.3
1174890 934.7
1174900 934.4
1174910 934.4
1174920 934.4
1174930 934.4
1174940 934.7
1174950 934.7
1174960 936.4
1174970 938.2
1174980 938.2
1174990 938.0
1175000 937.5
1175010 937.5
1175020 937.7
1175030 938.0
1175040 938.0
1175050 938.0
1175060 937.9
1175070 937.9
1175080 937.8
1175090 937.6
1175100 937.6
1175110 937.6
1175120 937.5
1175130 937.5
1175140 937.4
1175150 937.3
1175160 937.3
1175170 937.2
1175180 937.2
1175190 937.2
1175200 937.1
1175210 937.3
1175220 937.3
1175230 937.3
1175240 937.0
1175250 936.3
1175260 936.3
1175270 936.2
1175280 936.7
1175290 936.7
1175300 936.8
1175310 937.2
1175320 937.2
1175330 937.1
1175340 937.2
1175350 937.2
1175360 937.2
1175370 937.0
1175380 937.0
1175390 936.8
1175400 936.6
1175410 936.6
1175420 936.6
1175430 936.7
1175440 936.7
1175450 938.1
1175460 938.3
1175470 938.3
1175480 938.4
1175490 938.8
1175500 938.8
1175510 939.1
1175520 939.4
1175530 939.9
1175540 939.9
1175550 940.5
1175560 941.4
1175570 941.4
1175580 943.2
1175590 944.0
1175600 944.0
1175610 942.1
1175620 940.8
1175630 940.8
1175640 940.0
1175650 939.6
1175660 939.6
1175670 939.4
1175680 939.0
1175690 939.0
1175700 939.0
1175710 939.0
1175720 939.0
1175730 939.0
1175740 939.2
1175750 939.2
1175760 939.4
1175770 939.4
1175780 939.4
1175790 939.7
1175800 939.8
1175810 939.8
1175820 939.9
1175830 940.2
1175840 940.3
1175850 940.3
1175860 940.4
1175870 940.7
1175880 940.7
1175890 940.9
1175900 941.0
1175910 941.0
1175920 941.1
1175930 941.1
1175940 941.1
1175950 940.2
1175960 939.2
1175970 939.2
1175980 939.2
1175990 940.6
1176000 940.6
1176010 942.3
1176020 942.6
1176030 942.6
1176040 943.1
1176050 943.6
1176060 943.6
1176070 943.3
1176080 943.2
1176090 943.2
1176100 943.1
1176110 943.3
1176120 943.6
1176130 943.4
1176140 943.5
1176150 944.4
1176160 944.4
1176170 945.7
1176180 946.8
1176190 946.8
1176200 947.3
1176210 947.0
1176220 947.0
1176230 947.6
1176240 949.4
1176250 949.4
1176260 952.2
1176270 954.7
1176280 954.7
1176290 957.3
1176300 959.6
1176310 959.6
1176320 961.1
1176330 961.6
1176340 961.6
1176350 961.7
1176360 961.8
1176370 961.8
1176380 961.9
1176390 961.9
1176400 961.9
1176410 962.0
1176420 962.1
1176430 962.1
1176440 962.1
1176450 962.1
1176460 962.2
1176470 962.2
1176480 962.4
1176490 962.9
1176500 962.9
1176510 963.5
1176520 964.4
1176530 964.4
1176540 965.0
1176550 965.0
1176560 965.0
1176570 965.1
1176580 965.1
1176590 965.1
1176600 965.4
1176610 965.6
1176620 965.6
1176630 967.5
1176640 974.6
1176650 974.6
1176660 982.0
1176670 987.3
1176680 987.3
1176690 990.5
1176700 993.0
1176710 993.0
1176720 994.8
1176730 995.9
1176740 997.1
1176750 997.1
1176760 998.9
1176770 1001.1
1176780 1001.1
1176790 1003.1
1176800 1005.6
1176810 1005.6
1176820 1007.6
1176830 1009.7
1176840 1009.7
1176850 1011.6
1176860 1013.9
1176870 1013.9
1176880 1017.5
1176890 1022.1
1176900 1022.1
1176910 1027.4
1176920 1032.9
1176930 1032.9
1176940 1037.0
1176950 1034.6
1176960 1034.6
1176970 1035.9
1176980 1037.2
1176990 1037.2
1177000 1039.6
1177010 1043.5
1177020 1043.5
1177030 1048.8
1177040 1054.5
1177050 1059.6
1177060 1059.6
1177070 1064.3
1177080 1069.7
1177090 1069.7
1177100 1075.4
1177110 1080.7
1177120 1080.7
1177130 1084.7
1177140 1088.0
1177150 1088.0
1177160 1091.0
1177170 1094.2
1177180 1094.2
1177190 1098.1
1177200 1102.3
1177210 1102.3
1177220 1106.7
1177230 1110.8
1177240 1110.8
1177250 1114.8
1177260 1118.9
1177270 1118.9
1177280 1122.6
1177290 1126.7
1177300 1126.7
1177310 1130.9
1177320 1134.5
1177330 1134.5
1177340 1138.1
1177350 1141.9
1177360 1142.8
1177370 1142.8
1177380 1147.3
1177390 1151.8
1177400 1151.8
1177410 1156.9
1177420 1162.2
1177430 1162.2
1177440 1167.6
1177450 1173.4
1177460 1173.4
1177470 1179.0
1177480 1183.9
1177490 1183.9
1177500 1188.6
1177510 1193.5
1177520 1193.5
1177530 1198.4
1177540 1202.8
1177550 1202.8
1177560 1206.7
1177570 1210.3
1177580 1210.3
1177590 1213.8
1177600 1217.3
1177610 1217.3
1177620 1220.9
1177630 1224.6
1177640 1224.6
1177650 1228.6
1177660 1232.6
1177670 1237.6
1177680 1237.6
1177690 1244.3
1177700 1251.1
1177710 1251.1
1177720 1257.2
1177730 1263.1
1177740 1263.1
1177750 1271.0
1177760 1277.2
1177770 1277.2
1177780 1275.2
1177790 1277.7
1177800 1277.7
1177810 1280.2
1177820 1282.9
1177830 1282.9
1177840 1286.2
1177850 1289.0
1177860 1289.0
1177870 1290.7
1177880 1291.8
1177890 1291.8
1177900 1294.0
1177910 1297.1
1177920 1297.1
1177930 1300.2
1177940 1303.1
1177950 1306.1
1177960 1306.1
1177970 1309.7
1177980 1314.3
1177990 1314.3
1178000 1319.7
1178010 1325.2
1178020 1325.2
1178030 1329.7
1178040 1333.3
1178050 1333.3
1178060 1337.8
1178070 1342.7
1178080 1342.7
1178090 1346.0
1178100 1348.6
1178110 1348.6
1178120 1349.7
1178130 1348.4
1178140 1348.4
1178150 1346.1
1178160 1344.0
1178170 1344.0
1178180 1340.7
1178190 1338.8
1178200 1329.0
1178210 1329.7
1178220 1327.6
1178230 1327.6
1178240 1324.5
1178250 1324.1
1178260 1324.8
1178270 1324.8
1178280 1326.7
1178290 1329.6
1178300 1329.6
1178310 1330.6
1178320 1330.7
1178330 1330.7
1178340 1330.5
1178350 1330.4
1178360 1330.4
1178370 1330.1
1178380 1332.4
1178390 1332.4
1178400 1337.7
1178410 1338.0
1178420 1338.0
1178430 1334.0
1178440 1331.4
1178450 1331.4
1178460 1331.9
1178470 1334.6
1178480 1334.6
1178490 1334.4
1178500 1335.5
1178510 1335.5
1178520 1337.3
1178530 1338.1
1178540 1338.1
1178550 1339.5
1178560 1343.4
1178570 1345.2
1178580 1345.2
1178590 1346.3
1178600 1346.7
1178610 1340.1
1178620 1338.8
1178630 1337.7
1178640 1337.7
1178650 1336.8
1178660 1335.2
1178670 1335.2
1178680 1335.1
1178690 1334.9
1178700 1334.9
1178710 1334.4
1178720 1338.2
1178730 1338.2
1178740 1338.6
1178750 1338.3
1178760 1338.3
1178770 1337.4
1178780 1335.9
1178790 1335.9
1178800 1334.6
1178810 1333.3
1178820 1333.3
1178830 1333.3
1178840 1331.8
1178850 1331.8
1178860 1329.0
1178870 1328.5
1178880 1326.7
1178890 1326.7
1178900 1323.8
1178910 1320.8
1178920 1320.8
1178930 1317.9
1178940 1314.8
1178950 1314.8
1178960 1311.9
1178970 1310.6
1178980 1310.6
1178990 1310.2
1179000 1308.7
1179010 1308.7
1179020 1305.7
1179030 1298.7
1179040 1298.7
1179050 1294.7
1179060 1288.9
1179070 1288.9
1179080 1283.4
1179090 1280.6
1179100 1280.6
1179110 1279.5
1179120 1278.3
1179130 1278.3
1179140 1275.0
1179150 1269.8
1179160 1264.2
1179170 1264.2
1179180 1257.5
1179190 1251.8
1179200 1251.8
1179210 1247.5
1179220 1242.4
1179230 1242.4
1179240 1236.6
1179250 1229.8
1179260 1229.8
1179270 1222.5
1179280 1214.7
1179290 1214.7
1179300 1200.6
1179310 1183.6
1179320 1183.6
1179330 1171.9
1179340 1163.6
1179350 1163.6
1179360 1154.0
1179370 1147.0
1179380 1147.0
1179390 1144.9
1179400 1143.9
1179410 1143.9
1179420 1144.8
1179430 1146.5
1179440 1146.5
1179450 1155.1
1179460 1162.5
1179470 1172.3
1179480 1172.3
1179490 1180.6
1179500 1190.8
1179510 1190.8
1179520 1193.5
1179530 1197.6
1179540 1197.6
1179550 1202.2
1179560 1207.0
1179570 1207.0
1179580 1214.1
1179590 1218.4
1179600 1218.4
1179610 1224.3
1179620 1233.2
1179630 1233.2
1179640 1238.8
1179650 1244.6
1179660 1244.6
1179670 1248.7
1179680 1253.6
1179690 1253.6
1179700 1257.3
1179710 1265.8
1179720 1265.8
1179730 1278.0
1179740 1292.7
1179750 1292.7
1179760 1302.1
1179770 1309.3
1179780 1318.6
1179790 1318.6
1179800 1324.2
1179810 1317.6
1179820 1317.6
1179830 1311.4
1179840 1316.1
1179850 1316.1
1179860 1328.3
1179870 1335.7
1179880 1335.7
1179890 1339.6
1179900 1346.0
1179910 1346.0
1179920 1345.9
1179930 1346.5
1179940 1346.5
1179950 1352.4
1179960 1368.4
1179970 1368.4
1179980 1386.6
1179990 1401.2
