1160000 2013.3
1160010 2013.3
1160020 2013.7
1160030 2014.5
1160040 2014.5
1160050 2014.2
1160060 2013.3
1160070 2013.3
1160080 2013.0
1160090 2011.9
1160100 2011.9
1160110 2008.3
1160120 2003.9
1160130 2003.9
1160140 1999.0
1160150 1993.1
1160160 1993.1
1160170 1988.1
1160180 1984.6
1160190 1984.6
1160200 1981.1
1160210 1977.2
1160220 1977.2
1160230 1974.1
1160240 1972.6
1160250 1972.6
1160260 1972.8
1160270 1974.0
1160280 1974.0
1160290 1975.8
1160300 1977.1
1160310 1977.2
1160320 1980.2
1160330 1979.5
1160340 1979.0
1160350 1979.0
1160360 1979.1
1160370 1980.0
1160380 1980.0
1160390 1981.7
1160400 1983.8
1160410 1983.8
1160420 1985.4
1160430 1986.7
1160440 1986.7
1160450 1987.9
1160460 1989.5
1160470 1989.5
1160480 1991.8
1160490 1994.8
1160500 1994.8
1160510 1998.2
1160520 2002.1
1160530 2002.1
1160540 2005.4
1160550 2008.2
1160560 2008.2
1160570 2011.1
1160580 2014.3
1160590 2014.3
1160600 2017.8
1160610 2021.3
1160620 2024.7
1160630 2024.7
1160640 2028.4
1160650 2031.9
1160660 2031.9
1160670 2035.1
1160680 2038.2
1160690 2038.2
1160700 2041.2
1160710 2043.1
1160720 2043.1
1160730 2045.8
1160740 2048.7
1160750 2048.7
1160760 2052.0
1160770 2055.1
1160780 2055.1
1160790 2057.9
1160800 2060.4
1160810 2060.4
1160820 2062.6
1160830 2064.6
1160840 2064.6
1160850 2066.6
1160860 2069.1
1160870 2069.1
1160880 2072.5
1160890 2077.4
1160900 2077.4
1160910 2083.3
1160920 2089.2
1160930 2095.3
1160940 2095.3
1160950 2101.6
1160960 2107.7
1160970 2107.7
1160980 2113.7
1160990 2119.5
1161000 2119.5
1161010 2125.8
1161020 2134.9
1161030 2134.9
1161040 2145.0
1161050 2150.8
1161060 2150.8
1161070 2156.4
1161080 2156.1
1161090 2156.1
1161100 2150.8
1161110 2151.5
1161120 2151.5
1161130 2146.4
1161140 2141.5
1161150 2141.5
1161160 2137.3
1161170 2132.9
1161180 2132.9
1161190 2129.5
1161200 2127.8
1161210 2127.8
1161220 2126.2
1161230 2123.0
1161240 2118.5
1161250 2118.5
1161260 2113.9
1161270 2109.7
1161280 2109.7
1161290 2106.2
1161300 2103.4
1161310 2103.4
1161320 2101.3
1161330 2098.8
1161340 2098.8
1161350 2095.4
1161360 2091.3
1161370 2091.3
1161380 2086.4
1161390 2081.6
1161400 2081.6
1161410 2077.7
1161420 2074.6
1161430 2074.6
1161440 2072.0
1161450 2069.6
1161460 2069.6
1161470 2066.8
1161480 2063.8
1161490 2063.8
1161500 2066.2
1161510 2062.7
1161520 2062.7
1161530 2059.2
1161540 2056.0
1161550 2053.1
1161560 2053.1
1161570 2050.3
1161580 2047.5
1161590 2047.5
1161600 2044.6
1161610 2041.5
1161620 2041.5
1161630 2038.5
1161640 2036.3
1161650 2036.3
1161660 2035.0
1161670 2034.2
1161680 2034.2
1161690 2033.9
1161700 2033.5
1161710 2033.5
1161720 2032.2
1161730 2030.0
1161740 2030.0
1161750 2027.2
1161760 2025.0
1161770 2025.0
1161780 2027.4
1161790 2034.9
1161800 2034.9
1161810 2038.3
1161820 2039.8
1161830 2039.8
1161840 2037.4
1161850 2026.7
1161860 2017.5
1161870 2017.5
1161880 2007.0
1161890 1999.9
1161900 2012.3
1161910 2006.7
1161920 2001.3
1161930 2001.3
1161940 1997.5
1161950 1992.0
1161960 1992.0
1161970 1985.4
1161980 1983.1
1161990 1983.1
1162000 1980.2
1162010 1972.6
1162020 1972.6
1162030 1969.2
1162040 1965.4
1162050 1965.4
1162060 1961.9
1162070 1959.0
1162080 1959.0
1162090 1956.0
1162100 1952.5
1162110 1952.5
1162120 1948.6
1162130 1945.2
1162140 1945.2
1162150 1942.3
1162160 1940.1
1162170 1937.9
1162180 1937.9
1162190 1936.4
1162200 1935.4
1162210 1935.4
1162220 1935.5
1162230 1935.3
1162240 1935.3
1162250 1933.3
1162260 1930.5
1162270 1930.5
1162280 1926.4
1162290 1923.4
1162300 1923.4
1162310 1917.6
1162320 1912.0
1162330 1912.0
1162340 1904.7
1162350 1889.0
1162360 1889.0
1162370 1865.0
1162380 1848.3
1162390 1848.3
1162400 1837.5
1162410 1828.4
1162420 1828.4
1162430 1820.7
1162440 1812.7
1162450 1812.7
1162460 1803.6
1162470 1795.4
1162480 1787.2
1162490 1787.2
1162500 1781.7
1162510 1777.9
1162520 1777.9
1162530 1778.8
1162540 1781.0
1162550 1781.0
1162560 1780.5
1162570 1779.2
1162580 1779.2
1162590 1779.1
1162600 1775.2
1162610 1775.2
1162620 1771.1
1162630 1767.4
1162640 1767.4
1162650 1765.2
1162660 1763.8
1162670 1763.8
1162680 1762.2
1162690 1762.9
1162700 1762.9
1162710 1759.1
1162720 1754.6
1162730 1754.6
1162740 1749.5
1162750 1743.9
1162760 1736.7
1162770 1736.7
1162780 1724.7
1162790 1719.7
1162800 1719.7
1162810 1719.3
1162820 1704.5
1162830 1704.5
1162840 1692.7
1162850 1688.2
1162860 1688.2
1162870 1686.8
1162880 1685.8
1162890 1685.8
1162900 1685.0
1162910 1685.7
1162920 1685.7
1162930 1683.4
1162940 1680.4
1162950 1680.4
1162960 1678.9
1162970 1677.5
1162980 1677.5
1162990 1675.5
1163000 1673.0
1163010 1673.0
1163020 1673.6
1163030 1675.7
1163040 1675.7
1163050 1679.1
1163060 1681.9
1163070 1683.5
1163080 1683.5
1163090 1684.8
1163100 1680.8
1163110 1680.8
1163120 1681.0
1163130 1684.8
1163140 1684.8
1163150 1689.6
1163160 1694.7
1163170 1694.7
1163180 1699.9
1163190 1704.9
1163200 1704.9
1163210 1710.0
1163220 1714.7
1163230 1714.7
1163240 1719.4
1163250 1723.1
1163260 1723.1
1163270 1726.8
1163280 1732.7
1163290 1732.7
1163300 1739.9
1163310 1746.2
1163320 1746.2
1163330 1751.9
1163340 1758.0
1163350 1758.0
1163360 1764.0
1163370 1769.7
1163380 1776.5
1163390 1776.5
1163400 1787.7
1163410 1799.9
1163420 1799.9
1163430 1818.5
1163440 1834.5
1163450 1834.5
1163460 1838.5
1163470 1846.7
1163480 1854.0
1163490 1861.3
1163500 1873.1
1163510 1873.1
1163520 1880.2
1163530 1886.0
1163540 1886.0
1163550 1892.1
1163560 1899.2
1163570 1899.2
1163580 1904.2
1163590 1908.8
1163600 1908.8
1163610 1915.4
1163620 1923.0
1163630 1923.0
1163640 1927.2
1163650 1930.3
1163660 1930.3
1163670 1932.9
1163680 1936.4
1163690 1941.2
1163700 1941.2
1163710 1945.3
1163720 1947.9
1163730 1947.9
1163740 1949.9
1163750 1951.0
1163760 1951.0
1163770 1950.1
1163780 1947.1
1163790 1947.1
1163800 1941.8
1163810 1935.5
1163820 1935.5
1163830 1930.7
1163840 1925.6
1163850 1925.6
1163860 1920.8
1163870 1917.6
1163880 1923.6
1163890 1921.4
1163900 1920.0
1163910 1920.0
1163920 1914.9
1163930 1896.0
1163940 1896.0
1163950 1883.3
1163960 1878.6
1163970 1878.6
1163980 1876.2
1163990 1874.2
1164000 1871.7
1164010 1871.7
1164020 1869.2
1164030 1866.6
1164040 1866.6
1164050 1863.9
1164060 1861.0
1164070 1861.0
1164080 1858.3
1164090 1856.1
1164100 1856.1
1164110 1854.6
1164120 1853.5
1164130 1853.5
1164140 1852.6
1164150 1852.1
1164160 1852.1
1164170 1851.4
1164180 1850.3
1164190 1850.3
1164200 1848.8
1164210 1846.7
1164220 1846.7
1164230 1845.8
1164240 1846.6
1164250 1846.6
1164260 1847.8
1164270 1849.7
1164280 1851.9
1164290 1853.8
1164300 1856.0
1164310 1858.9
1164320 1858.9
1164330 1861.7
1164340 1864.0
1164350 1864.0
1164360 1867.3
1164370 1871.5
1164380 1871.5
1164390 1876.6
1164400 1882.3
1164410 1882.3
1164420 1888.5
1164430 1895.1
1164440 1895.1
1164450 1902.2
1164460 1909.5
1164470 1909.5
1164480 1916.8
1164490 1923.8
1164500 1923.8
1164510 1931.0
1164520 1938.2
1164530 1938.2
1164540 1945.4
1164550 1952.6
1164560 1952.6
1164570 1960.1
1164580 1967.3
1164590 1967.3
1164600 1973.4
1164610 1977.2
1164620 1979.8
1164630 1979.8
1164640 1983.1
1164650 1987.1
1164660 1987.1
1164670 1991.6
1164680 1996.9
1164690 1996.9
1164700 2002.0
1164710 2007.4
1164720 2007.4
1164730 2013.0
1164740 2018.7
1164750 2018.7
1164760 2024.4
1164770 2030.0
1164780 2030.0
1164790 2035.4
1164800 2040.9
1164810 2040.9
1164820 2046.4
1164830 2052.0
1164840 2052.0
1164850 2058.2
1164860 2071.7
1164870 2071.7
1164880 2089.2
1164890 2098.3
1164900 2098.3
1164910 2105.8
1164920 2113.3
1164930 2121.0
1164940 2121.0
1164950 2129.1
1164960 2136.6
1164970 2136.6
1164980 2141.9
1164990 2149.9
1165000 2149.9
1165010 2158.5
1165020 2167.2
1165030 2167.2
1165040 2175.6
1165050 2184.4
1165060 2184.4
1165070 2193.2
1165080 2203.4
1165090 2203.4
1165100 2211.6
1165110 2220.7
1165120 2220.7
1165130 2228.1
1165140 2235.3
1165150 2235.3
1165160 2249.5
1165170 2257.6
1165180 2257.6
1165190 2268.9
1165200 2284.1
1165210 2289.6
1165220 2289.6
1165230 2295.7
1165240 2295.9
1165250 2295.9
1165260 2298.1
1165270 2294.0
1165280 2294.0
1165290 2286.0
1165300 2278.7
1165310 2278.7
1165320 2272.8
1165330 2266.1
1165340 2266.1
1165350 2259.3
1165360 2252.3
1165370 2252.3
1165380 2245.6
1165390 2238.5
1165400 2238.5
1165410 2232.2
1165420 2225.5
1165430 2225.5
1165440 2216.2
1165450 2205.5
1165460 2205.5
1165470 2190.5
1165480 2173.5
1165490 2173.5
1165500 2161.8
1165510 2153.6
1165520 2141.4
1165530 2141.4
1165540 2133.7
1165550 2128.1
1165560 2128.1
1165570 2122.2
1165580 2116.1
1165590 2116.1
1165600 2109.8
1165610 2103.4
1165620 2103.4
1165630 2097.1
1165640 2090.8
1165650 2090.8
1165660 2084.7
1165670 2078.7
1165680 2078.7
1165690 2072.8
1165700 2067.2
1165710 2067.2
1165720 2061.8
1165730 2056.4
1165740 2056.4
1165750 2050.9
1165760 2046.0
1165770 2046.0
1165780 2041.6
1165790 2037.3
1165800 2037.3
1165810 2032.5
1165820 2027.5
1165830 2022.7
1165840 2022.7
1165850 2018.2
1165860 2014.3
1165870 2014.3
1165880 2011.7
1165890 2008.4
1165900 2008.4
1165910 2005.2
1165920 2002.5
1165930 2002.5
1165940 2000.6
1165950 1999.1
1165960 1999.1
1165970 1997.3
1165980 1994.7
1165990 1994.7
1166000 1992.1
1166010 1990.4
1166020 1990.4
1166030 1989.2
1166040 1987.6
1166050 1987.6
1166060 1985.5
1166070 1983.2
1166080 1983.2
1166090 1981.2
1166100 1978.8
1166110 1978.8
1166120 1976.2
1166130 1973.7
1166140 1970.9
1166150 1970.9
1166160 1968.5
1166170 1966.7
1166180 1966.7
1166190 1965.6
1166200 1964.4
1166210 1964.4
1166220 1962.5
1166230 1960.6
1166240 1960.6
1166250 1958.9
1166260 1957.1
1166270 1957.1
1166280 1951.0
1166290 1949.3
1166300 1949.3
1166310 1948.0
1166320 1946.9
1166330 1946.9
1166340 1946.0
1166350 1945.5
1166360 1945.5
1166370 1945.5
1166380 1945.7
1166390 1945.7
1166400 1946.0
1166410 1946.4
1166420 1946.4
1166430 1947.2
1166440 1947.9
1166450 1949.1
1166460 1949.1
1166470 1950.8
1166480 1953.0
1166490 1953.0
1166500 1955.6
1166510 1958.4
1166520 1958.4
1166530 1961.2
1166540 1961.7
1166550 1961.7
1166560 1960.6
1166570 1958.4
1166580 1958.4
1166590 1955.3
1166600 1951.7
1166610 1951.7
1166620 1947.6
1166630 1943.1
1166640 1943.1
1166650 1938.6
1166660 1934.3
1166670 1934.3
1166680 1927.1
1166690 1923.4
1166700 1923.4
1166710 1919.9
1166720 1916.6
1166730 1916.6
1166740 1913.6
1166750 1911.3
1166760 1909.9
1166770 1909.9
1166780 1908.9
1166790 1907.4
1166800 1907.4
1166810 1904.6
1166820 1901.9
1166830 1901.9
1166840 1898.7
1166850 1895.0
1166860 1895.0
1166870 1890.4
1166880 1886.3
1166890 1886.3
1166900 1882.3
1166910 1878.5
1166920 1878.5
1166930 1875.0
1166940 1870.0
1166950 1870.0
1166960 1868.6
1166970 1868.9
1166980 1868.9
1166990 1866.8
1167000 1863.5
1167010 1863.5
1167020 1859.5
1167030 1854.5
1167040 1854.5
1167050 1849.3
1167060 1844.9
1167070 1840.7
1167080 1844.7
1167090 1840.8
1167100 1837.7
1167110 1837.7
1167120 1835.1
1167130 1832.8
1167140 1832.8
1167150 1830.9
1167160 1829.3
1167170 1829.3
1167180 1828.2
1167190 1827.9
1167200 1827.9
1167210 1827.9
1167220 1826.6
1167230 1826.6
1167240 1823.7
1167250 1821.8
1167260 1821.8
1167270 1821.2
1167280 1822.1
1167290 1822.1
1167300 1823.8
1167310 1825.4
1167320 1825.4
1167330 1822.3
1167340 1817.2
1167350 1816.1
1167360 1816.1
1167370 1813.8
1167380 1810.9
1167390 1810.9
1167400 1808.5
1167410 1807.2
1167420 1807.2
1167430 1806.2
1167440 1806.6
1167450 1806.6
1167460 1807.3
1167470 1807.2
1167480 1811.6
1167490 1810.4
1167500 1809.4
1167510 1809.4
1167520 1809.0
1167530 1808.1
1167540 1808.1
1167550 1807.0
1167560 1806.7
1167570 1806.7
1167580 1803.8
1167590 1801.5
1167600 1801.5
1167610 1802.0
1167620 1802.4
1167630 1802.4
1167640 1802.9
1167650 1802.5
1167660 1801.5
1167670 1801.5
1167680 1800.4
1167690 1798.0
1167700 1798.0
1167710 1794.6
1167720 1791.8
1167730 1791.8
1167740 1790.7
1167750 1790.5
1167760 1790.5
1167770 1789.1
1167780 1788.3
1167790 1788.3
1167800 1786.7
1167810 1784.7
1167820 1784.7
1167830 1782.4
1167840 1780.6
1167850 1780.6
1167860 1778.9
1167870 1778.3
1167880 1778.3
1167890 1781.0
1167900 1779.3
1167910 1779.3
1167920 1776.8
1167930 1773.3
1167940 1773.3
1167950 1769.2
1167960 1765.0
1167970 1762.7
1167980 1762.7
1167990 1761.8
1168000 1761.7
1168010 1761.7
1168020 1762.4
1168030 1762.3
1168040 1762.3
1168050 1759.1
1168060 1758.9
1168070 1758.9
1168080 1759.7
1168090 1761.1
1168100 1761.1
1168110 1763.8
1168120 1767.6
1168130 1767.6
1168140 1771.6
1168150 1775.7
1168160 1775.7
1168170 1778.9
1168180 1782.5
1168190 1782.5
1168200 1787.0
1168210 1792.1
1168220 1792.1
1168230 1796.4
1168240 1800.9
1168250 1800.9
1168260 1803.3
1168270 1805.7
1168280 1807.7
1168290 1812.8
1168300 1815.2
1168310 1818.0
1168320 1818.0
1168330 1820.4
1168340 1822.3
1168350 1822.3
1168360 1825.3
1168370 1831.3
1168380 1831.3
1168390 1837.1
1168400 1843.9
1168410 1843.9
1168420 1850.8
1168430 1857.3
1168440 1857.3
1168450 1862.9
1168460 1867.5
1168470 1867.5
1168480 1873.9
1168490 1879.7
1168500 1879.7
1168510 1881.6
1168520 1884.3
1168530 1884.3
1168540 1890.7
1168550 1897.3
1168560 1897.3
1168570 1903.6
1168580 1911.4
1168590 1919.5
1168600 1919.5
1168610 1929.7
1168620 1941.1
1168630 1941.1
1168640 1952.1
1168650 1965.3
1168660 1965.3
1168670 1978.5
1168680 1991.8
1168690 1997.4
1168700 2016.5
1168710 2029.4
1168720 2029.4
1168730 2043.1
1168740 2053.2
1168750 2053.2
1168760 2056.8
1168770 2054.9
1168780 2054.9
1168790 2053.8
1168800 2060.8
1168810 2060.8
1168820 2068.5
1168830 2077.7
1168840 2077.7
1168850 2081.2
1168860 2083.7
1168870 2083.7
1168880 2084.8
1168890 2082.6
1168900 2080.6
1168910 2080.6
1168920 2081.7
1168930 2084.9
1168940 2084.9
1168950 2090.3
1168960 2091.6
1168970 2091.6
1168980 2105.3
1168990 2122.0
1169000 2122.0
1169010 2127.7
1169020 2129.9
1169030 2129.9
1169040 2127.5
1169050 2122.3
1169060 2122.3
1169070 2125.6
1169080 2127.5
1169090 2127.5
1169100 2125.5
1169110 2118.1
1169120 2118.1
1169130 2110.9
1169140 2104.7
1169150 2104.7
1169160 2097.7
1169170 2092.1
1169180 2092.1
1169190 2087.3
1169200 2083.2
1169210 2079.9
1169220 2079.9
1169230 2077.3
1169240 2075.5
1169250 2075.5
1169260 2074.3
1169270 2073.2
1169280 2073.2
1169290 2071.4
1169300 2069.3
1169310 2069.3
1169320 2066.9
1169330 2064.6
1169340 2064.6
1169350 2062.6
1169360 2060.9
1169370 2060.9
1169380 2059.0
1169390 2056.9
1169400 2056.9
1169410 2055.0
1169420 2053.1
1169430 2053.1
1169440 2052.1
1169450 2052.1
1169460 2052.1
1169470 2052.2
1169480 2052.3
1169490 2052.3
1169500 2059.1
1169510 2059.7
1169520 2059.9
1169530 2059.9
1169540 2060.8
1169550 2065.5
1169560 2065.5
1169570 2069.6
1169580 2072.3
1169590 2072.3
1169600 2076.0
1169610 2079.1
1169620 2079.1
1169630 2081.8
1169640 2088.4
1169650 2088.4
1169660 2093.4
1169670 2096.9
1169680 2096.9
1169690 2097.0
1169700 2101.3
1169710 2101.3
1169720 2109.7
1169730 2115.2
1169740 2115.2
1169750 2121.2
1169760 2126.8
1169770 2126.8
1169780 2131.1
1169790 2136.8
1169800 2143.4
1169810 2143.4
1169820 2148.0
1169830 2151.7
1169840 2151.7
1169850 2155.5
1169860 2160.7
1169870 2160.7
1169880 2169.3
1169890 2174.7
1169900 2174.7
1169910 2185.9
1169920 2192.6
1169930 2192.6
1169940 2200.7
1169950 2208.7
1169960 2208.7
1169970 2214.6
1169980 2217.7
1169990 2217.7
1170000 2218.3
1170010 2213.7
1170020 2213.7
1170030 2209.4
1170040 2203.8
1170050 2203.8
1170060 2193.8
1170070 2181.5
1170080 2181.5
1170090 2170.0
1170100 2163.4
1170110 2165.8
1170120 2165.8
1170130 2164.0
1170140 2158.5
1170150 2158.5
1170160 2150.9
1170170 2143.4
1170180 2143.4
1170190 2140.0
1170200 2132.2
1170210 2132.2
1170220 2132.6
1170230 2128.1
1170240 2128.1
1170250 2114.3
1170260 2095.0
1170270 2095.0
1170280 2083.2
1170290 2064.4
1170300 2064.4
1170310 2025.7
1170320 2011.8
1170330 2011.8
1170340 1995.6
1170350 1988.5
1170360 1988.5
1170370 1981.8
1170380 1975.4
1170390 1975.4
1170400 1969.9
1170410 1965.5
1170420 1961.8
1170430 1961.8
1170440 1958.9
1170450 1955.5
1170460 1955.5
1170470 1951.9
1170480 1947.7
1170490 1947.7
1170500 1943.4
1170510 1938.4
1170520 1938.4
1170530 1933.5
1170540 1929.4
1170550 1929.4
1170560 1925.5
1170570 1921.8
1170580 1921.8
1170590 1918.4
1170600 1915.2
1170610 1915.2
1170620 1911.9
1170630 1908.3
1170640 1908.3
1170650 1906.5
1170660 1906.8
1170670 1906.8
1170680 1907.5
1170690 1908.0
1170700 1908.0
1170710 1907.7
1170720 1905.7
1170730 1903.1
1170740 1903.1
1170750 1900.8
1170760 1898.5
1170770 1898.5
1170780 1895.7
1170790 1892.6
1170800 1892.6
1170810 1889.4
1170820 1885.9
1170830 1885.9
1170840 1883.0
1170850 1880.4
1170860 1880.4
1170870 1878.0
1170880 1876.8
1170890 1876.8
1170900 1875.7
1170910 1872.2
1170920 1872.2
1170930 1868.5
1170940 1866.6
1170950 1866.6
1170960 1865.7
1170970 1864.5
1170980 1864.5
1170990 1864.0
1171000 1863.8
1171010 1863.8
1171020 1864.1
1171030 1863.9
1171040 1863.3
1171050 1863.3
1171060 1863.6
1171070 1862.9
1171080 1862.9
1171090 1862.2
1171100 1861.8
1171110 1861.8
1171120 1860.7
1171130 1860.3
1171140 1860.3
1171150 1859.6
1171160 1858.1
1171170 1858.1
1171180 1856.7
1171190 1855.5
1171200 1855.5
1171210 1853.3
1171220 1851.0
1171230 1851.0
1171240 1849.7
1171250 1849.5
1171260 1849.5
1171270 1849.4
1171280 1849.9
1171290 1849.9
1171300 1850.3
1171310 1849.4
1171320 1849.4
1171330 1847.3
1171340 1844.9
1171350 1843.4
1171360 1843.4
1171370 1841.9
1171380 1839.6
1171390 1839.6
1171400 1837.7
1171410 1836.7
1171420 1836.7
1171430 1836.7
1171440 1837.0
1171450 1837.0
1171460 1835.1
1171470 1835.4
1171480 1835.4
1171490 1837.2
1171500 1836.3
1171510 1836.3
1171520 1835.2
1171530 1835.9
1171540 1837.2
1171550 1839.9
1171560 1842.9
1171570 1842.9
1171580 1842.6
1171590 1840.8
1171600 1840.8
1171610 1840.3
1171620 1840.2
1171630 1840.2
1171640 1841.0
1171650 1841.6
1171660 1841.3
1171670 1841.3
1171680 1844.2
1171690 1849.7
1171700 1849.7
1171710 1856.3
1171720 1861.4
1171730 1861.4
1171740 1864.1
1171750 1864.7
1171760 1864.7
1171770 1864.0
1171780 1863.0
1171790 1863.0
1171800 1861.1
1171810 1857.8
1171820 1857.8
1171830 1853.8
1171840 1850.4
1171850 1850.4
1171860 1847.2
1171870 1844.6
1171880 1844.6
1171890 1841.2
1171900 1836.5
1171910 1836.5
1171920 1832.6
1171930 1828.2
1171940 1826.0
1171950 1826.0
1171960 1820.2
1171970 1815.3
1171980 1815.3
1171990 1811.3
1172000 1809.3
1172010 1809.3
1172020 1807.1
1172030 1804.6
1172040 1804.6
1172050 1802.3
1172060 1799.6
1172070 1799.6
1172080 1794.5
1172090 1789.6
1172100 1789.6
1172110 1785.9
1172120 1782.6
1172130 1782.6
1172140 1776.4
1172150 1771.6
1172160 1771.6
1172170 1767.4
1172180 1759.3
1172190 1759.3
1172200 1751.5
1172210 1745.2
1172220 1745.2
1172230 1738.9
1172240 1732.8
1172250 1726.7
1172260 1726.7
1172270 1720.5
1172280 1714.9
1172290 1714.9
1172300 1709.8
1172310 1703.0
1172320 1703.0
1172330 1696.1
1172340 1688.1
1172350 1685.8
1172360 1677.2
1172370 1669.0
1172380 1669.0
1172390 1661.1
1172400 1653.9
1172410 1653.9
1172420 1647.9
1172430 1641.9
1172440 1641.9
1172450 1633.2
1172460 1625.0
1172470 1625.0
1172480 1618.3
1172490 1612.6
1172500 1612.6
1172510 1607.3
1172520 1601.0
1172530 1601.0
1172540 1593.5
1172550 1586.9
1172560 1581.5
1172570 1581.5
1172580 1576.8
1172590 1571.5
1172600 1571.5
1172610 1566.2
1172620 1561.5
1172630 1561.5
1172640 1557.7
1172650 1553.3
1172660 1553.3
1172670 1547.5
1172680 1541.6
1172690 1541.6
1172700 1535.3
1172710 1528.0
1172720 1528.0
1172730 1522.4
1172740 1518.8
1172750 1518.8
1172760 1512.3
1172770 1511.2
1172780 1511.2
1172790 1508.6
1172800 1504.5
1172810 1504.5
1172820 1500.7
1172830 1496.7
1172840 1496.7
1172850 1491.7
1172860 1487.9
1172870 1484.3
1172880 1484.3
1172890 1480.4
1172900 1476.0
1172910 1476.0
1172920 1471.6
1172930 1466.0
1172940 1466.0
1172950 1458.6
1172960 1451.0
1172970 1451.0
1172980 1445.6
1172990 1442.3
1173000 1442.3
1173010 1438.4
1173020 1435.3
1173030 1435.3
1173040 1432.6
1173050 1429.5
1173060 1429.5
1173070 1424.9
1173080 1419.6
1173090 1419.6
1173100 1414.2
1173110 1408.4
1173120 1408.4
1173130 1402.6
1173140 1395.7
1173150 1395.7
1173160 1391.7
1173170 1391.5
1173180 1386.3
1173190 1386.3
1173200 1381.5
1173210 1376.9
1173220 1376.9
1173230 1373.1
1173240 1369.4
1173250 1369.4
1173260 1364.5
1173270 1359.6
1173280 1359.6
1173290 1354.9
1173300 1349.1
1173310 1349.1
1173320 1343.8
1173330 1339.3
1173340 1339.3
1173350 1337.0
1173360 1337.3
1173370 1337.3
1173380 1337.3
1173390 1334.2
1173400 1334.2
1173410 1328.3
1173420 1321.2
1173430 1321.2
1173440 1314.9
1173450 1310.4
1173460 1310.4
1173470 1304.7
1173480 1298.3
1173490 1290.9
1173500 1290.9
1173510 1278.6
1173520 1261.4
1173530 1261.4
1173540 1245.9
1173550 1231.4
1173560 1231.4
1173570 1222.6
1173580 1231.4
1173590 1231.4
1173600 1223.6
1173610 1212.6
1173620 1212.6
1173630 1202.7
1173640 1192.3
1173650 1192.3
1173660 1177.9
1173670 1162.5
1173680 1162.5
1173690 1151.0
1173700 1147.1
1173710 1147.1
1173720 1150.3
1173730 1155.6
1173740 1155.6
1173750 1160.4
1173760 1154.8
1173770 1144.6
1173780 1144.6
1173790 1136.7
1173800 1131.9
1173810 1131.9
1173820 1127.5
1173830 1122.1
1173840 1122.1
1173850 1116.3
1173860 1111.2
1173870 1111.2
1173880 1106.3
1173890 1101.0
1173900 1101.0
1173910 1096.7
1173920 1093.4
1173930 1093.4
1173940 1092.5
1173950 1088.9
1173960 1088.9
1173970 1082.8
1173980 1078.4
1173990 1077.9
1174000 1077.6
1174010 1078.6
1174020 1078.6
1174030 1078.3
1174040 1077.1
1174050 1077.1
1174060 1079.4
1174070 1081.0
1174080 1080.2
1174090 1080.2
1174100 1078.7
1174110 1076.0
1174120 1076.0
1174130 1073.1
1174140 1071.7
1174150 1071.7
1174160 1070.2
1174170 1069.0
1174180 1069.0
1174190 1067.8
1174200 1065.2
1174210 1065.2
1174220 1062.9
1174230 1062.1
1174240 1062.1
1174250 1063.8
1174260 1064.9
1174270 1064.9
1174280 1064.3
1174290 1062.7
1174300 1062.7
1174310 1061.3
1174320 1060.3
1174330 1060.3
1174340 1058.4
1174350 1056.1
1174360 1056.1
1174370 1054.6
1174380 1053.9
1174390 1053.1
1174400 1053.9
1174410 1053.2
1174420 1052.5
1174430 1052.5
1174440 1051.5
1174450 1050.5
1174460 1050.5
1174470 1049.5
1174480 1048.6
1174490 1048.6
1174500 1047.5
1174510 1045.6
1174520 1045.6
1174530 1047.0
1174540 1049.8
1174550 1049.8
1174560 1053.6
1174570 1058.2
1174580 1058.2
1174590 1062.8
1174600 1066.7
1174610 1066.7
1174620 1071.6
1174630 1077.7
1174640 1077.7
1174650 1084.9
1174660 1093.9
1174670 1093.9
1174680 1103.0
1174690 1107.2
1174700 1109.2
1174710 1109.2
1174720 1109.9
1174730 1109.0
1174740 1109.0
1174750 1108.9
1174760 1110.9
1174770 1110.9
1174780 1109.7
1174790 1108.2
1174800 1108.2
1174810 1107.2
1174820 1109.1
1174830 1109.1
1174840 1109.1
1174850 1106.6
1174860 1106.6
1174870 1104.5
1174880 1099.9
1174890 1099.9
1174900 1093.1
1174910 1088.5
1174920 1088.5
1174930 1090.6
1174940 1089.0
1174950 1089.0
1174960 1083.1
1174970 1076.4
1174980 1076.4
1174990 1070.1
1175000 1064.2
1175010 1058.2
1175020 1058.2
1175030 1054.6
1175040 1052.5
1175050 1052.5
1175060 1051.3
1175070 1052.6
1175080 1052.6
1175090 1054.5
1175100 1052.6
1175110 1052.6
1175120 1047.1
1175130 1039.0
1175140 1039.0
1175150 1031.0
1175160 1023.6
1175170 1023.6
1175180 1017.0
1175190 1011.9
1175200 1011.9
1175210 1009.7
1175220 1009.4
1175230 1008.2
1175240 1004.0
1175250 1000.3
1175260 1000.3
1175270 995.2
1175280 989.6
1175290 989.6
1175300 987.4
1175310 985.8
1175320 981.7
1175330 981.7
1175340 974.2
1175350 965.3
1175360 965.3
1175370 953.5
1175380 942.6
1175390 942.6
1175400 934.4
1175410 933.9
1175420 933.9
1175430 933.8
1175440 934.0
1175450 934.0
1175460 934.1
1175470 934.0
1175480 934.0
1175490 933.8
1175500 933.6
1175510 933.6
1175520 933.7
1175530 933.8
1175540 933.8
1175550 933.8
1175560 933.7
1175570 933.7
1175580 933.7
1175590 933.5
1175600 931.8
1175610 931.8
1175620 931.0
1175630 930.9
1175640 931.0
1175650 931.2
1175660 931.1
1175670 931.1
1175680 930.8
1175690 930.5
1175700 930.5
1175710 930.3
1175720 930.4
1175730 930.4
1175740 932.3
1175750 934.3
1175760 934.3
1175770 933.3
1175780 933.1
1175790 933.1
1175800 932.9
1175810 932.9
1175820 932.9
1175830 932.7
1175840 932.8
1175850 932.8
1175860 933.5
1175870 933.9
1175880 933.9
1175890 932.9
1175900 932.7
1175910 932.6
1175920 932.6
1175930 932.6
1175940 932.6
1175950 932.6
1175960 932.5
1175970 932.9
1175980 932.9
1175990 932.7
1176000 932.3
1176010 932.3
1176020 932.6
1176030 932.6
1176040 932.6
1176050 932.6
1176060 932.6
1176070 932.6
1176080 932.3
1176090 932.0
1176100 932.0
1176110 931.9
1176120 932.0
1176130 932.0
1176140 932.6
1176150 932.3
1176160 932.3
1176170 932.0
1176180 931.9
1176190 931.9
1176200 931.8
1176210 931.7
1176220 931.8
1176230 931.8
1176240 931.3
1176250 931.3
1176260 931.3
1176270 931.0
1176280 930.7
1176290 930.7
1176300 930.8
1176310 931.0
1176320 931.0
1176330 930.9
1176340 930.8
1176350 930.8
1176360 930.6
1176370 930.4
1176380 930.4
1176390 930.4
1176400 930.5
1176410 930.5
1176420 930.4
1176430 930.3
1176440 930.3
1176450 930.3
1176460 930.2
1176470 930.2
1176480 930.2
1176490 930.0
1176500 930.0
1176510 929.7
1176520 929.8
1176530 934.4
1176540 934.4
1176550 939.3
1176560 942.1
1176570 942.1
1176580 946.2
1176590 948.8
1176600 948.8
1176610 950.5
1176620 950.7
1176630 950.7
1176640 951.1
1176650 953.7
1176660 953.7
1176670 958.7
1176680 961.5
1176690 961.5
1176700 961.3
1176710 959.7
1176720 959.7
1176730 957.7
1176740 955.0
1176750 955.0
1176760 953.0
1176770 952.2
1176780 952.2
1176790 953.1
1176800 954.5
1176810 954.5
1176820 956.7
1176830 957.8
1176840 956.4
1176850 956.4
1176860 954.2
1176870 950.5
1176880 948.6
1176890 946.8
1176900 948.9
1176910 948.9
1176920 952.3
1176930 956.2
1176940 956.2
1176950 960.5
1176960 966.5
1176970 966.5
1176980 972.7
1176990 978.5
1177000 978.5
1177010 984.3
1177020 991.4
1177030 991.4
1177040 997.6
1177050 1002.8
1177060 1002.8
1177070 1006.9
1177080 1011.2
1177090 1011.2
1177100 1014.6
1177110 1019.8
1177120 1019.8
1177130 1027.3
1177140 1033.2
1177150 1036.5
1177160 1036.5
1177170 1040.2
1177180 1044.5
1177190 1044.5
1177200 1048.7
1177210 1051.7
1177220 1051.7
1177230 1054.9
1177240 1058.4
1177250 1058.4
1177260 1060.4
1177270 1062.2
1177280 1062.2
1177290 1070.9
1177300 1072.8
1177310 1072.8
1177320 1075.4
1177330 1079.7
1177340 1079.7
1177350 1085.9
1177360 1092.6
1177370 1092.6
1177380 1096.3
1177390 1098.2
1177400 1098.2
1177410 1100.0
1177420 1101.3
1177430 1101.3
1177440 1101.6
1177450 1103.7
1177460 1105.9
1177470 1105.9
1177480 1108.7
1177490 1113.7
1177500 1113.7
1177510 1120.6
1177520 1129.8
1177530 1129.8
1177540 1138.0
1177550 1142.3
1177560 1142.3
1177570 1145.4
1177580 1147.4
1177590 1147.4
1177600 1149.3
1177610 1151.4
1177620 1151.4
1177630 1153.1
1177640 1154.4
1177650 1154.4
1177660 1154.9
1177670 1155.3
1177680 1155.3
1177690 1156.4
1177700 1158.3
1177710 1161.1
1177720 1163.6
1177730 1167.2
1177740 1170.3
1177750 1170.3
1177760 1172.8
1177770 1174.2
1177780 1174.2
1177790 1176.5
1177800 1178.9
1177810 1178.9
1177820 1181.2
1177830 1184.9
1177840 1184.9
1177850 1191.0
1177860 1198.2
1177870 1198.2
1177880 1208.2
1177890 1215.2
1177900 1215.2
1177910 1219.9
1177920 1223.3
1177930 1223.3
1177940 1224.5
1177950 1227.8
1177960 1227.8
1177970 1233.5
1177980 1239.3
1177990 1239.3
1178000 1241.7
1178010 1245.8
1178020 1245.8
1178030 1253.2
1178040 1260.1
1178050 1267.1
1178060 1267.1
1178070 1269.9
1178080 1271.0
1178090 1271.0
1178100 1273.2
1178110 1275.9
1178120 1277.3
1178130 1280.4
1178140 1284.8
1178150 1284.8
1178160 1290.4
1178170 1297.2
1178180 1297.2
1178190 1305.7
1178200 1313.4
1178210 1313.4
1178220 1318.8
1178230 1324.7
1178240 1324.7
1178250 1330.7
1178260 1336.8
1178270 1336.8
1178280 1343.6
1178290 1350.5
1178300 1350.5
1178310 1358.0
1178320 1365.3
1178330 1365.3
1178340 1372.3
1178350 1381.1
1178360 1391.3
1178370 1391.3
1178380 1399.3
1178390 1406.6
1178400 1406.6
1178410 1414.7
1178420 1423.2
1178430 1423.2
1178440 1431.9
1178450 1440.3
1178460 1440.3
1178470 1449.7
1178480 1459.4
1178490 1459.4
1178500 1470.8
1178510 1480.1
1178520 1480.1
1178530 1489.8
1178540 1500.9
1178550 1500.9
1178560 1509.5
1178570 1516.9
1178580 1516.9
1178590 1524.7
1178600 1531.7
1178610 1531.7
1178620 1537.6
1178630 1543.2
1178640 1543.2
1178650 1549.0
1178660 1555.0
1178670 1561.6
1178680 1561.6
1178690 1568.9
1178700 1577.3
1178710 1577.3
1178720 1586.4
1178730 1594.1
1178740 1594.1
1178750 1599.8
1178760 1605.4
1178770 1605.4
1178780 1611.7
1178790 1616.9
1178800 1616.9
1178810 1622.0
1178820 1626.5
1178830 1626.5
1178840 1631.1
1178850 1635.6
1178860 1635.6
1178870 1639.9
1178880 1644.9
1178890 1644.9
1178900 1649.2
1178910 1652.0
1178920 1652.0
1178930 1653.0
1178940 1652.9
1178950 1652.9
1178960 1651.5
1178970 1650.7
1178980 1649.7
1178990 1649.7
1179000 1646.9
1179010 1644.2
1179020 1644.2
1179030 1643.0
1179040 1643.2
1179050 1643.2
1179060 1644.0
1179070 1644.4
1179080 1644.4
1179090 1644.3
1179100 1643.5
1179110 1643.5
1179120 1642.0
1179130 1639.0
1179140 1639.0
1179150 1635.4
1179160 1632.5
1179170 1632.5
1179180 1630.0
1179190 1626.2
1179200 1626.2
1179210 1622.8
1179220 1620.0
1179230 1620.0
1179240 1619.5
1179250 1620.2
1179260 1620.2
1179270 1621.0
1179280 1622.3
1179290 1622.6
1179300 1622.6
1179310 1622.5
1179320 1622.1
1179330 1622.1
1179340 1622.6
1179350 1623.1
1179360 1623.1
1179370 1614.6
1179380 1613.8
1179390 1613.8
1179400 1612.4
1179410 1607.1
1179420 1607.1
1179430 1598.2
1179440 1587.5
1179450 1587.5
1179460 1589.7
1179470 1593.3
1179480 1593.3
1179490 1597.7
1179500 1604.1
1179510 1604.1
1179520 1614.6
1179530 1619.6
1179540 1619.6
1179550 1619.6
1179560 1620.5
1179570 1621.6
1179580 1621.6
1179590 1621.8
1179600 1619.9
1179610 1619.9
1179620 1613.4
1179630 1605.5
1179640 1605.5
1179650 1601.6
1179660 1603.9
1179670 1603.9
1179680 1602.7
1179690 1604.8
1179700 1604.8
1179710 1610.0
1179720 1613.2
1179730 1613.2
1179740 1615.0
1179750 1616.7
1179760 1616.7
1179770 1617.9
1179780 1619.7
1179790 1612.4
1179800 1612.3
1179810 1610.1
1179820 1610.1
1179830 1608.1
1179840 1608.6
1179850 1608.6
1179860 1610.8
1179870 1612.7
1179880 1614.4
1179890 1614.4
1179900 1615.9
1179910 1616.4
1179920 1616.4
1179930 1616.0
1179940 1614.8
1179950 1614.8
1179960 1611.9
1179970 1606.6
1179980 1606.6
1179990 1601.2
