1160250 1828.2
1160260 1828.7
1160270 1828.7
1160280 1829.7
1160290 1830.5
1160300 1830.5
1160310 1831.4
1160320 1832.5
1160330 1832.5
1160340 1834.3
1160350 1837.3
1160360 1837.3
1160370 1841.3
1160380 1847.7
1160390 1847.7
1160400 1853.1
1160410 1858.8
1160420 1858.8
1160430 1864.7
1160440 1870.9
1160450 1870.9
1160460 1877.2
1160470 1883.3
1160480 1883.3
1160490 1888.6
1160500 1893.9
1160510 1893.9
1160520 1899.7
1160530 1905.7
1160540 1905.7
1160550 1911.9
1160560 1918.3
1160570 1924.7
1160580 1924.7
1160590 1931.2
1160600 1939.7
1160610 1939.7
1160620 1950.6
1160630 1957.0
1160640 1957.0
1160650 1962.6
1160660 1969.6
1160670 1969.6
1160680 1978.3
1160690 1988.8
1160700 1988.8
1160710 1998.9
1160720 2006.3
1160730 2006.3
1160740 2010.7
1160750 2017.5
1160760 2017.5
1160770 2044.3
1160780 2054.0
1160790 2054.0
1160800 2066.5
1160810 2085.2
1160820 2085.2
1160830 2097.1
1160840 2114.5
1160850 2114.5
1160860 2129.8
1160870 2143.6
1160880 2149.8
1160890 2149.8
1160900 2157.1
1160910 2171.1
1160920 2171.1
1160930 2191.2
1160940 2217.4
1160950 2217.4
1160960 2239.4
1160970 2250.7
1160980 2250.7
1160990 2253.1
1161000 2243.4
1161010 2243.4
1161020 2228.0
1161030 2215.4
1161040 2215.4
1161050 2205.3
1161060 2184.5
1161070 2184.5
1161080 2161.7
1161090 2154.1
1161100 2154.1
1161110 2148.6
1161120 2142.8
1161130 2142.8
1161140 2136.6
1161150 2130.2
1161160 2130.2
1161170 2126.8
1161180 2122.5
1161190 2118.6
1161200 2118.6
1161210 2115.2
1161220 2111.6
1161230 2111.6
1161240 2107.0
1161250 2101.6
1161260 2101.6
1161270 2095.6
1161280 2090.2
1161290 2090.2
1161300 2085.4
1161310 2080.4
1161320 2080.4
1161330 2075.4
1161340 2070.1
1161350 2070.1
1161360 2064.8
1161370 2059.7
1161380 2059.7
1161390 2055.3
1161400 2051.4
1161410 2051.4
1161420 2047.2
1161430 2042.4
1161440 2042.4
1161450 2037.0
1161460 2031.2
1161470 2031.2
1161480 2024.9
1161490 2018.5
1161500 2012.5
1161510 2012.5
1161520 2007.2
1161530 2001.7
1161540 2001.7
1161550 1995.9
1161560 1988.6
1161570 1988.6
1161580 1984.0
1161590 1979.3
1161600 1979.3
1161610 1975.4
1161620 1971.2
1161630 1971.2
1161640 1965.0
1161650 1958.3
1161660 1958.3
1161670 1951.9
1161680 1945.2
1161690 1945.2
1161700 1938.9
1161710 1932.1
1161720 1932.1
1161730 1924.1
1161740 1916.4
1161750 1916.4
1161760 1910.3
1161770 1906.1
1161780 1906.1
1161790 1901.9
1161800 1897.8
1161810 1895.3
1161820 1895.3
1161830 1890.4
1161840 1882.5
1161850 1882.5
1161860 1874.1
1161870 1867.7
1161880 1867.7
1161890 1862.8
1161900 1858.2
1161910 1858.2
1161920 1853.7
1161930 1849.4
1161940 1849.4
1161950 1845.4
1161960 1841.6
1161970 1841.6
1161980 1839.1
1161990 1836.6
1162000 1836.6
1162010 1833.4
1162020 1829.8
1162030 1829.8
1162040 1826.7
1162050 1822.8
1162060 1822.8
1162070 1818.9
1162080 1815.0
1162090 1815.0
1162100 1808.6
1162110 1800.0
1162120 1791.1
1162130 1791.1
1162140 1784.5
1162150 1779.7
1162160 1779.7
1162170 1776.0
1162180 1774.8
1162190 1774.8
1162200 1773.7
1162210 1770.4
1162220 1770.4
1162230 1764.7
1162240 1758.8
1162250 1758.8
1162260 1754.5
1162270 1750.5
1162280 1750.5
1162290 1746.5
1162300 1743.3
1162310 1743.3
1162320 1739.7
1162330 1734.6
1162340 1734.6
1162350 1726.2
1162360 1717.0
1162370 1717.0
1162380 1706.1
1162390 1698.0
1162400 1698.0
1162410 1686.6
1162420 1666.0
1162430 1654.8
1162440 1654.8
1162450 1647.4
1162460 1641.8
1162470 1641.8
1162480 1637.3
1162490 1636.7
1162500 1636.7
1162510 1634.2
1162520 1633.2
1162530 1633.2
1162540 1632.7
1162550 1626.4
1162560 1626.4
1162570 1617.5
1162580 1617.4
1162590 1617.4
1162600 1612.4
1162610 1604.0
1162620 1604.0
1162630 1596.7
1162640 1589.8
1162650 1589.8
1162660 1582.7
1162670 1576.9
1162680 1576.9
1162690 1571.5
1162700 1566.0
1162710 1566.0
1162720 1559.5
1162730 1552.8
1162740 1546.9
1162750 1544.6
1162760 1538.6
1162770 1532.7
1162780 1532.7
1162790 1526.7
1162800 1520.8
1162810 1520.8
1162820 1514.8
1162830 1509.1
1162840 1509.1
1162850 1504.0
1162860 1498.3
1162870 1498.3
1162880 1492.7
1162890 1487.4
1162900 1487.4
1162910 1483.1
1162920 1477.9
1162930 1477.9
1162940 1472.7
1162950 1467.0
1162960 1467.0
1162970 1460.8
1162980 1456.1
1162990 1456.1
1163000 1455.7
1163010 1456.5
1163020 1457.5
1163030 1457.5
1163040 1459.0
1163050 1462.6
1163060 1462.6
1163070 1464.5
1163080 1467.9
1163090 1467.9
1163100 1470.4
1163110 1473.3
1163120 1473.3
1163130 1478.3
1163140 1482.7
1163150 1486.9
1163160 1491.3
1163170 1495.6
1163180 1495.6
1163190 1499.6
1163200 1504.1
1163210 1504.1
1163220 1507.5
1163230 1510.1
1163240 1510.1
1163250 1512.8
1163260 1515.8
1163270 1515.8
1163280 1519.0
1163290 1521.4
1163300 1521.4
1163310 1523.8
1163320 1525.5
1163330 1527.0
1163340 1527.0
1163350 1527.5
1163360 1528.9
1163370 1528.9
1163380 1531.8
1163390 1533.5
1163400 1533.5
1163410 1534.3
1163420 1536.2
1163430 1536.2
1163440 1539.0
1163450 1544.1
1163460 1544.1
1163470 1549.9
1163480 1559.6
1163490 1559.6
1163500 1566.3
1163510 1572.7
1163520 1572.7
1163530 1578.3
1163540 1591.1
1163550 1591.1
1163560 1597.8
1163570 1605.0
1163580 1605.0
1163590 1609.4
1163600 1611.9
1163610 1611.9
1163620 1615.2
1163630 1618.0
1163640 1622.7
1163650 1622.7
1163660 1622.2
1163670 1623.6
1163680 1623.6
1163690 1627.9
1163700 1631.3
1163710 1631.3
1163720 1636.0
1163730 1642.2
1163740 1642.2
1163750 1648.4
1163760 1652.8
1163770 1652.8
1163780 1658.9
1163790 1665.4
1163800 1665.4
1163810 1679.8
1163820 1693.9
1163830 1693.9
1163840 1703.5
1163850 1712.9
1163860 1712.9
1163870 1723.8
1163880 1737.0
1163890 1737.0
1163900 1750.0
1163910 1763.4
1163920 1763.4
1163930 1765.7
1163940 1770.7
1163950 1767.0
1163960 1767.0
1163970 1762.8
1163980 1758.2
1163990 1758.2
1164000 1755.6
1164010 1753.3
1164020 1753.3
1164030 1749.9
1164040 1746.3
1164050 1746.3
1164060 1744.4
1164070 1744.1
1164080 1744.1
1164090 1745.6
1164100 1747.3
1164110 1747.3
1164120 1747.3
1164130 1745.0
1164140 1745.0
1164150 1740.9
1164160 1738.2
1164170 1738.2
1164180 1739.9
1164190 1743.1
1164200 1743.1
1164210 1745.9
1164220 1750.8
1164230 1750.8
1164240 1754.2
1164250 1756.6
1164260 1762.1
1164270 1762.1
1164280 1768.1
1164290 1772.5
1164300 1772.5
1164310 1776.6
1164320 1777.3
1164330 1777.3
1164340 1786.0
1164350 1785.8
1164360 1785.8
1164370 1784.3
1164380 1787.8
1164390 1787.8
1164400 1796.0
1164410 1804.9
1164420 1804.9
1164430 1814.9
1164440 1822.9
1164450 1822.9
1164460 1831.9
1164470 1845.3
1164480 1845.3
1164490 1862.0
1164500 1872.9
1164510 1872.9
1164520 1880.7
1164530 1888.1
1164540 1888.1
1164550 1895.2
1164560 1902.0
1164570 1908.2
1164580 1908.2
1164590 1913.9
1164600 1920.5
1164610 1920.5
1164620 1927.3
1164630 1933.9
1164640 1933.9
1164650 1940.9
1164660 1948.5
1164670 1948.5
1164680 1956.1
1164690 1963.4
1164700 1963.4
1164710 1970.7
1164720 1979.6
1164730 1979.6
1164740 1998.2
1164750 2008.5
1164760 2008.5
1164770 2011.0
1164780 2012.6
1164790 2012.6
1164800 2023.7
1164810 2050.1
1164820 2050.1
1164830 2076.0
1164840 2095.9
1164850 2095.9
1164860 2103.2
1164870 2111.5
1164880 2126.7
1164890 2126.7
1164900 2136.4
1164910 2142.4
1164920 2142.4
1164930 2152.8
1164940 2163.6
1164950 2163.6
1164960 2166.8
1164970 2166.8
1164980 2166.8
1164990 2163.0
1165000 2160.1
1165010 2160.1
1165020 2151.7
1165030 2134.6
1165040 2134.6
1165050 2125.9
1165060 2121.7
1165070 2121.7
1165080 2117.2
1165090 2113.9
1165100 2113.9
1165110 2111.0
1165120 2107.6
1165130 2107.6
1165140 2110.5
1165150 2106.6
1165160 2106.6
1165170 2102.7
1165180 2099.1
1165190 2096.7
1165200 2096.7
1165210 2095.4
1165220 2094.4
1165230 2094.4
1165240 2093.3
1165250 2091.8
1165260 2091.8
1165270 2090.7
1165280 2090.0
1165290 2090.0
1165300 2088.8
1165310 2087.2
1165320 2087.2
1165330 2085.8
1165340 2084.1
1165350 2084.1
1165360 2082.5
1165370 2087.9
1165380 2087.9
1165390 2092.8
1165400 2089.0
1165410 2089.0
1165420 2081.5
1165430 2080.0
1165440 2080.0
1165450 2081.3
1165460 2082.9
1165470 2082.9
1165480 2085.6
1165490 2101.9
1165500 2140.0
1165510 2140.0
1165520 2146.0
1165530 2135.1
1165540 2140.1
1165550 2139.2
1165560 2149.8
1165570 2149.8
1165580 2152.3
1165590 2154.2
1165600 2154.2
1165610 2156.6
1165620 2159.2
1165630 2159.2
1165640 2162.2
1165650 2166.1
1165660 2166.1
1165670 2172.5
1165680 2179.6
1165690 2179.6
1165700 2185.5
1165710 2187.3
1165720 2187.3
1165730 2191.2
1165740 2197.6
1165750 2197.6
1165760 2203.8
1165770 2207.3
1165780 2207.3
1165790 2221.6
1165800 2236.2
1165810 2248.5
1165820 2248.5
1165830 2265.5
1165840 2269.1
1165850 2269.1
1165860 2260.2
1165870 2245.6
1165880 2245.6
1165890 2237.6
1165900 2234.9
1165910 2234.9
1165920 2233.0
1165930 2231.1
1165940 2223.5
1165950 2220.2
1165960 2212.2
1165970 2212.2
1165980 2206.0
1165990 2200.9
1166000 2200.9
1166010 2197.1
1166020 2194.2
1166030 2194.2
1166040 2190.3
1166050 2188.4
1166060 2188.4
1166070 2186.1
1166080 2182.8
1166090 2182.8
1166100 2180.8
1166110 2179.1
1166120 2178.6
1166130 2178.6
1166140 2175.4
1166150 2173.3
1166160 2173.3
1166170 2173.3
1166180 2172.6
1166190 2172.6
1166200 2174.7
1166210 2174.1
1166220 2174.1
1166230 2170.3
1166240 2166.7
1166250 2166.7
1166260 2165.5
1166270 2164.0
1166280 2164.0
1166290 2163.4
1166300 2163.4
1166310 2163.4
1166320 2162.1
1166330 2158.5
1166340 2152.7
1166350 2149.4
1166360 2147.6
1166370 2147.6
1166380 2145.9
1166390 2143.8
1166400 2143.8
1166410 2142.0
1166420 2139.9
1166430 2137.9
1166440 2137.9
1166450 2136.0
1166460 2134.1
1166470 2134.1
1166480 2131.9
1166490 2129.7
1166500 2129.7
1166510 2127.4
1166520 2125.0
1166530 2125.0
1166540 2122.8
1166550 2120.5
1166560 2120.5
1166570 2117.7
1166580 2114.7
1166590 2114.7
1166600 2111.8
1166610 2108.9
1166620 2108.9
1166630 2105.9
1166640 2102.8
1166650 2102.8
1166660 2099.7
1166670 2096.5
1166680 2096.5
1166690 2093.5
1166700 2090.6
1166710 2088.0
1166720 2088.0
1166730 2085.8
1166740 2083.4
1166750 2083.4
1166760 2083.3
1166770 2082.3
1166780 2082.3
1166790 2080.8
1166800 2078.9
1166810 2078.9
1166820 2073.9
1166830 2067.0
1166840 2067.0
1166850 2057.4
1166860 2049.1
1166870 2049.1
1166880 2043.3
1166890 2037.5
1166900 2037.5
1166910 2031.0
1166920 2021.3
1166930 2021.3
1166940 2012.7
1166950 2004.8
1166960 2004.8
1166970 1997.1
1166980 1988.7
1166990 1988.7
1167000 1981.2
1167010 1973.2
1167020 1966.1
1167030 1966.1
1167040 1959.3
1167050 1952.9
1167060 1952.9
1167070 1947.6
1167080 1943.2
1167090 1943.2
1167100 1940.4
1167110 1935.8
1167120 1935.8
1167130 1921.2
1167140 1892.4
1167150 1892.4
1167160 1879.4
1167170 1881.4
1167180 1881.4
1167190 1881.0
1167200 1867.6
1167210 1867.6
1167220 1851.6
1167230 1831.6
1167240 1831.6
1167250 1811.6
1167260 1795.4
1167270 1795.4
1167280 1787.6
1167290 1781.9
1167300 1781.9
1167310 1776.3
1167320 1770.9
1167330 1764.4
1167340 1764.4
1167350 1757.9
1167360 1751.9
1167370 1751.9
1167380 1746.8
1167390 1741.6
1167400 1741.6
1167410 1737.1
1167420 1732.6
1167430 1732.6
1167440 1728.0
1167450 1723.0
1167460 1723.0
1167470 1717.8
1167480 1712.6
1167490 1712.6
1167500 1707.1
1167510 1701.3
1167520 1701.3
1167530 1695.3
1167540 1689.2
1167550 1689.2
1167560 1685.5
1167570 1683.0
1167580 1683.0
1167590 1676.6
1167600 1670.1
1167610 1670.1
1167620 1666.7
1167630 1662.3
1167640 1664.7
1167650 1664.7
1167660 1664.5
1167670 1663.7
1167680 1663.7
1167690 1662.5
1167700 1661.1
1167710 1661.1
1167720 1659.1
1167730 1656.4
1167740 1656.4
1167750 1653.5
1167760 1650.3
1167770 1650.3
1167780 1646.5
1167790 1642.6
1167800 1642.6
1167810 1638.3
1167820 1633.9
1167830 1633.9
1167840 1628.8
1167850 1623.9
1167860 1623.9
1167870 1619.6
1167880 1615.9
1167890 1615.9
1167900 1611.2
1167910 1607.5
1167920 1607.5
1167930 1604.2
1167940 1602.4
1167950 1607.4
1167960 1607.4
1167970 1605.5
1167980 1601.8
1167990 1601.8
1168000 1598.2
1168010 1596.2
1168020 1596.2
1168030 1596.1
1168040 1596.6
1168050 1596.6
1168060 1598.3
1168070 1598.9
1168080 1598.9
1168090 1600.6
1168100 1601.5
1168110 1601.5
1168120 1601.9
1168130 1603.1
1168140 1603.1
1168150 1605.2
1168160 1607.0
1168170 1607.0
1168180 1608.4
1168190 1608.1
1168200 1608.1
1168210 1608.5
1168220 1609.8
1168230 1609.8
1168240 1610.9
1168250 1612.6
1168260 1613.7
1168270 1613.7
1168280 1614.1
1168290 1616.4
1168300 1616.4
1168310 1620.7
1168320 1625.2
1168330 1625.2
1168340 1629.9
1168350 1637.6
1168360 1637.6
1168370 1641.8
1168380 1645.8
1168390 1645.8
1168400 1648.9
1168410 1651.7
1168420 1651.7
1168430 1662.7
1168440 1675.2
1168450 1675.2
1168460 1678.0
1168470 1685.1
1168480 1685.1
1168490 1694.8
1168500 1704.5
1168510 1704.5
1168520 1710.7
1168530 1709.4
1168540 1709.4
1168550 1707.3
1168560 1709.1
1168570 1714.2
1168580 1714.2
1168590 1720.6
1168600 1727.1
1168610 1727.1
1168620 1737.8
1168630 1750.1
1168640 1750.1
1168650 1762.7
1168660 1772.4
1168670 1772.4
1168680 1780.3
1168690 1785.9
1168700 1785.9
1168710 1791.5
1168720 1796.9
1168730 1796.9
1168740 1795.8
1168750 1795.1
1168760 1801.2
1168770 1804.4
1168780 1815.7
1168790 1815.7
1168800 1829.7
1168810 1838.2
1168820 1838.2
1168830 1843.6
1168840 1845.9
1168850 1845.9
1168860 1851.7
1168870 1858.9
1168880 1866.8
1168890 1866.8
1168900 1878.1
1168910 1886.3
1168920 1886.3
1168930 1893.6
1168940 1899.5
1168950 1899.5
1168960 1907.7
1168970 1916.5
1168980 1916.5
1168990 1920.1
1169000 1926.9
1169010 1926.9
1169020 1933.7
1169030 1940.4
1169040 1940.4
1169050 1941.5
1169060 1949.1
1169070 1949.1
1169080 1963.7
1169090 1976.4
1169100 1976.4
1169110 1985.0
1169120 1989.4
1169130 1989.4
1169140 1991.7
1169150 2003.0
1169160 2004.7
1169170 2012.5
1169180 2021.2
1169190 2030.4
1169200 2030.4
1169210 2041.7
1169220 2049.1
1169230 2049.1
1169240 2047.4
1169250 2036.6
1169260 2036.6
1169270 2023.4
1169280 2012.1
1169290 2012.1
1169300 1998.1
1169310 1986.2
1169320 1986.2
1169330 1977.3
1169340 1968.7
1169350 1968.7
1169360 1959.1
1169370 1952.7
1169380 1952.7
1169390 1946.3
1169400 1940.1
1169410 1940.1
1169420 1934.0
1169430 1927.9
1169440 1927.9
1169450 1922.0
1169460 1916.4
1169470 1916.4
1169480 1911.6
1169490 1908.0
1169500 1905.1
1169510 1905.1
1169520 1902.4
1169530 1900.1
1169540 1900.1
1169550 1898.2
1169560 1900.7
1169570 1900.7
1169580 1899.2
1169590 1898.2
1169600 1898.2
1169610 1897.3
1169620 1897.0
1169630 1897.0
1169640 1897.7
1169650 1898.6
1169660 1898.6
1169670 1899.6
1169680 1900.4
1169690 1900.4
1169700 1901.5
1169710 1903.1
1169720 1903.1
1169730 1905.4
1169740 1908.7
1169750 1908.7
1169760 1911.9
1169770 1914.9
1169780 1917.2
1169790 1917.2
1169800 1919.8
1169810 1924.2
1169820 1924.2
1169830 1928.7
1169840 1932.7
1169850 1932.7
1169860 1936.6
1169870 1940.5
1169880 1940.5
1169890 1944.4
1169900 1948.9
1169910 1948.9
1169920 1953.6
1169930 1959.0
1169940 1959.0
1169950 1965.7
1169960 1970.3
1169970 1976.9
1169980 1983.7
1169990 1989.6
1170000 1989.6
1170010 1995.0
1170020 1999.1
1170030 1999.1
1170040 2002.7
1170050 2006.1
1170060 2006.1
1170070 2008.6
1170080 2009.7
1170090 2010.5
1170100 2010.5
1170110 2011.8
1170120 2013.8
1170130 2013.8
1170140 2015.4
1170150 2015.4
1170160 2015.4
1170170 2014.7
1170180 2013.9
1170190 2013.9
1170200 2013.0
1170210 2012.1
1170220 2012.1
1170230 2011.5
1170240 2011.0
1170250 2011.0
1170260 2010.6
1170270 2010.0
1170280 2010.0
1170290 2009.3
1170300 2008.5
1170310 2008.5
1170320 2007.7
1170330 2007.0
1170340 2007.0
1170350 2007.0
1170360 2008.2
1170370 2008.2
1170380 2017.5
1170390 2019.2
1170400 2020.6
1170410 2020.6
1170420 2021.9
1170430 2023.4
1170440 2023.4
1170450 2025.2
1170460 2028.5
1170470 2028.5
1170480 2036.2
1170490 2039.0
1170500 2039.0
1170510 2038.5
1170520 2038.2
1170530 2038.2
1170540 2037.5
1170550 2035.1
1170560 2035.1
1170570 2029.7
1170580 2022.1
1170590 2022.1
1170600 2016.0
1170610 2003.8
1170620 2003.8
1170630 1994.7
1170640 1978.7
1170650 1978.7
1170660 1965.1
1170670 1958.1
1170680 1958.1
1170690 1951.4
1170700 1944.8
1170710 1938.3
1170720 1938.3
1170730 1932.2
1170740 1926.3
1170750 1926.3
1170760 1918.3
1170770 1911.1
1170780 1906.1
1170790 1900.3
1170800 1889.9
1170810 1889.9
1170820 1875.8
1170830 1866.2
1170840 1866.2
1170850 1859.9
1170860 1854.9
1170870 1854.9
1170880 1848.5
1170890 1841.4
1170900 1841.4
1170910 1835.5
1170920 1829.9
1170930 1829.9
1170940 1824.4
1170950 1819.6
1170960 1819.6
1170970 1815.2
1170980 1811.0
1170990 1811.0
1171000 1807.6
1171010 1804.5
1171020 1801.8
1171030 1801.8
1171040 1800.0
1171050 1798.4
1171060 1798.4
1171070 1796.8
1171080 1795.3
1171090 1795.3
1171100 1794.2
1171110 1793.5
1171120 1793.5
1171130 1792.5
1171140 1791.0
1171150 1791.0
1171160 1789.9
1171170 1788.4
1171180 1788.4
1171190 1787.4
1171200 1785.7
1171210 1785.7
1171220 1784.1
1171230 1782.0
1171240 1782.0
1171250 1779.1
1171260 1775.1
1171270 1775.1
1171280 1771.7
1171290 1769.3
1171300 1769.3
1171310 1767.6
1171320 1766.7
1171330 1766.3
1171340 1766.3
1171350 1766.0
1171360 1765.5
1171370 1765.5
1171380 1764.9
1171390 1765.2
1171400 1765.2
1171410 1764.9
1171420 1763.8
1171430 1763.8
1171440 1760.9
1171450 1757.8
1171460 1757.8
1171470 1755.2
1171480 1752.5
1171490 1752.5
1171500 1749.9
1171510 1747.5
1171520 1747.5
1171530 1745.2
1171540 1742.8
1171550 1742.8
1171560 1736.4
1171570 1732.8
1171580 1732.8
1171590 1736.3
1171600 1741.5
1171610 1741.5
1171620 1740.6
1171630 1739.3
1171640 1739.0
1171650 1739.0
1171660 1739.0
1171670 1738.7
1171680 1738.7
1171690 1737.5
1171700 1735.1
1171710 1735.1
1171720 1732.1
1171730 1728.9
1171740 1728.9
1171750 1724.2
1171760 1718.8
1171770 1718.8
1171780 1712.7
1171790 1705.7
1171800 1705.7
1171810 1696.5
1171820 1683.8
1171830 1683.8
1171840 1671.7
1171850 1658.5
1171860 1658.5
1171870 1646.8
1171880 1639.7
1171890 1639.7
1171900 1634.2
1171910 1628.5
1171920 1628.5
1171930 1622.7
1171940 1617.0
1171950 1611.0
1171960 1611.0
1171970 1605.0
1171980 1600.2
1171990 1600.2
1172000 1596.4
1172010 1591.6
1172020 1591.6
1172030 1588.7
1172040 1587.3
1172050 1587.3
1172060 1586.8
1172070 1588.3
1172080 1588.3
1172090 1586.3
1172100 1583.4
1172110 1583.4
1172120 1580.8
1172130 1578.7
1172140 1578.7
1172150 1575.9
1172160 1573.8
1172170 1573.8
1172180 1572.1
1172190 1569.3
1172200 1569.3
1172210 1565.8
1172220 1563.3
1172230 1563.3
1172240 1560.5
1172250 1557.4
1172260 1554.8
1172270 1554.8
1172280 1551.1
1172290 1545.9
1172300 1545.9
1172310 1541.3
1172320 1537.2
1172330 1537.2
1172340 1534.6
1172350 1530.7
1172360 1530.7
1172370 1525.6
1172380 1522.0
1172390 1522.0
1172400 1518.5
1172410 1518.9
1172420 1518.9
1172430 1514.6
1172440 1509.4
1172450 1509.4
1172460 1503.8
1172470 1502.3
1172480 1502.3
1172490 1499.0
1172500 1494.9
1172510 1494.9
1172520 1490.0
1172530 1485.0
1172540 1480.3
1172550 1480.3
1172560 1474.5
1172570 1469.1
1172580 1469.1
1172590 1464.5
1172600 1460.2
1172610 1460.2
1172620 1457.6
1172630 1455.0
1172640 1455.0
1172650 1450.3
1172660 1449.5
1172670 1449.5
1172680 1449.3
1172690 1450.1
1172700 1450.1
1172710 1450.6
1172720 1451.8
1172730 1451.8
1172740 1451.4
1172750 1449.0
1172760 1449.0
1172770 1447.3
1172780 1453.0
1172790 1453.0
1172800 1458.3
1172810 1462.0
1172820 1457.7
1172830 1455.2
1172840 1450.0
1172850 1445.8
1172860 1445.8
1172870 1445.3
1172880 1447.3
1172890 1447.3
1172900 1448.7
1172910 1447.4
1172920 1447.4
1172930 1441.7
1172940 1435.5
1172950 1435.5
1172960 1431.5
1172970 1429.4
1172980 1429.4
1172990 1433.5
1173000 1428.0
1173010 1428.0
1173020 1421.0
1173030 1417.4
1173040 1417.4
1173050 1410.5
1173060 1403.4
1173070 1403.4
1173080 1396.2
1173090 1399.2
1173100 1399.2
1173110 1403.6
1173120 1407.7
1173130 1407.7
1173140 1407.7
1173150 1407.4
1173160 1405.4
1173170 1405.4
1173180 1398.0
1173190 1386.8
1173200 1386.8
1173210 1378.0
1173220 1378.3
1173230 1370.1
1173240 1375.6
1173250 1387.2
1173260 1387.2
1173270 1397.5
1173280 1404.4
1173290 1404.4
1173300 1420.4
1173310 1434.8
1173320 1434.8
1173330 1428.9
1173340 1428.2
1173350 1428.2
1173360 1445.5
1173370 1451.8
1173380 1451.8
1173390 1457.9
1173400 1459.6
1173410 1459.6
1173420 1457.6
1173430 1453.9
1173440 1453.9
1173450 1449.3
1173460 1443.3
1173470 1436.7
1173480 1436.7
1173490 1429.8
1173500 1423.2
1173510 1423.2
1173520 1416.9
1173530 1410.1
1173540 1410.1
1173550 1403.4
1173560 1397.7
1173570 1397.7
1173580 1392.2
1173590 1386.1
1173600 1386.1
1173610 1379.6
1173620 1375.0
1173630 1375.0
1173640 1361.9
1173650 1355.8
1173660 1355.8
1173670 1348.7
1173680 1341.3
1173690 1341.3
1173700 1333.8
1173710 1326.1
1173720 1326.1
1173730 1319.2
1173740 1313.6
1173750 1313.6
1173760 1307.5
1173770 1300.8
1173780 1294.0
1173790 1294.0
1173800 1287.5
1173810 1282.7
1173820 1282.7
1173830 1277.9
1173840 1276.8
1173850 1276.8
1173860 1275.2
1173870 1270.9
1173880 1270.9
1173890 1265.9
1173900 1260.9
1173910 1260.9
1173920 1255.7
1173930 1249.8
1173940 1249.8
1173950 1243.3
1173960 1238.5
1173970 1238.5
1173980 1235.2
1173990 1231.9
1174000 1231.9
1174010 1227.5
1174020 1222.0
1174030 1222.0
1174040 1219.2
1174050 1212.4
1174060 1212.4
1174070 1211.2
1174080 1208.2
1174090 1204.5
1174100 1204.5
1174110 1200.5
1174120 1196.2
1174130 1196.2
1174140 1191.3
1174150 1186.8
1174160 1186.8
1174170 1182.8
1174180 1178.7
1174190 1178.7
1174200 1173.6
1174210 1168.5
1174220 1168.5
1174230 1163.1
1174240 1158.3
1174250 1158.3
1174260 1153.8
1174270 1149.0
1174280 1149.0
1174290 1144.2
1174300 1138.8
1174310 1138.8
1174320 1134.3
1174330 1130.2
1174340 1130.2
1174350 1125.8
1174360 1121.4
1174370 1121.4
1174380 1116.8
1174390 1111.8
1174400 1106.9
1174410 1106.9
1174420 1102.3
1174430 1099.0
1174440 1099.0
1174450 1095.2
1174460 1092.7
1174470 1092.7
1174480 1096.6
1174490 1100.5
1174500 1100.5
1174510 1101.4
1174520 1101.1
1174530 1101.1
1174540 1100.6
1174550 1100.1
1174560 1100.1
1174570 1099.4
1174580 1098.0
1174590 1098.0
1174600 1096.6
1174610 1095.0
1174620 1095.0
1174630 1092.3
1174640 1088.7
1174650 1088.7
1174660 1085.3
1174670 1080.6
1174680 1080.6
1174690 1075.5
1174700 1072.6
1174710 1069.3
1174720 1069.3
1174730 1064.5
1174740 1059.5
1174750 1059.5
1174760 1054.8
1174770 1050.2
1174780 1050.2
1174790 1046.0
1174800 1041.0
1174810 1041.0
1174820 1035.4
1174830 1028.9
1174840 1028.9
1174850 1022.5
1174860 1016.4
1174870 1016.4
1174880 1010.9
1174890 1002.7
1174900 1002.7
1174910 994.6
1174920 987.3
1174930 987.3
1174940 980.4
1174950 973.9
1174960 973.9
1174970 967.8
1174980 962.2
1174990 962.2
1175000 958.8
1175010 958.5
1175020 958.1
1175030 958.1
1175040 957.7
1175050 957.2
1175060 957.2
1175070 956.7
1175080 956.0
1175090 956.0
1175100 955.0
1175110 954.4
1175120 954.4
1175130 954.2
1175140 954.1
1175150 954.1
1175160 953.5
1175170 952.7
1175180 952.7
1175190 951.6
1175200 950.8
1175210 950.8
1175220 950.4
1175230 949.9
1175240 949.9
1175250 949.4
1175260 948.0
1175270 948.0
1175280 943.7
1175290 937.0
1175300 935.5
1175310 935.5
1175320 935.0
1175330 934.5
1175340 934.5
1175350 934.0
1175360 933.9
1175370 933.9
1175380 933.8
1175390 933.6
1175400 933.6
1175410 933.3
1175420 933.1
1175430 933.1
1175440 932.9
1175450 932.7
1175460 932.7
1175470 932.5
1175480 932.3
1175490 932.3
1175500 932.1
1175510 932.0
1175520 932.0
1175530 932.0
1175540 931.9
1175550 931.9
1175560 931.9
1175570 931.9
1175580 931.9
1175590 931.9
1175600 931.8
1175610 931.3
1175620 931.3
1175630 931.4
1175640 931.5
1175650 931.5
1175660 931.5
1175670 931.6
1175680 931.6
1175690 931.6
1175700 931.8
1175710 931.8
1175720 931.8
1175730 931.2
1175740 931.2
1175750 931.2
1175760 931.4
1175770 931.4
1175780 931.5
1175790 931.5
1175800 931.5
1175810 930.9
1175820 930.8
1175830 930.8
1175840 930.6
1175850 929.8
1175860 929.8
1175870 930.0
1175880 930.3
1175890 930.3
1175900 930.3
1175910 930.0
1175920 929.2
1175930 929.2
1175940 928.7
1175950 928.4
1175960 928.4
1175970 928.4
1175980 928.4
1175990 928.4
1176000 928.3
1176010 928.4
1176020 928.4
1176030 928.4
1176040 928.3
1176050 928.3
1176060 928.5
1176070 928.3
1176080 928.3
1176090 929.6
1176100 930.6
1176110 930.5
1176120 930.5
1176130 930.5
1176140 930.5
1176150 930.4
1176160 930.4
1176170 930.4
1176180 930.3
1176190 930.2
1176200 930.2
1176210 930.2
1176220 930.1
1176230 930.0
1176240 930.0
1176250 930.0
1176260 930.0
1176270 930.0
1176280 930.0
1176290 930.0
1176300 930.0
1176310 929.9
1176320 929.8
1176330 929.8
1176340 929.7
1176350 929.7
1176360 929.7
1176370 929.7
1176380 929.5
1176390 929.5
1176400 929.5
1176410 929.3
1176420 929.3
1176430 929.4
1176440 929.9
1176450 929.9
1176460 929.7
1176470 929.4
1176480 929.4
1176490 929.2
1176500 929.1
1176510 929.1
1176520 929.0
1176530 929.3
1176540 929.2
1176550 929.2
1176560 929.2
1176570 929.3
1176580 929.3
1176590 929.3
1176600 929.3
1176610 929.3
1176620 928.9
1176630 928.7
1176640 928.7
1176650 929.5
1176660 929.6
1176670 929.6
1176680 928.9
1176690 928.3
1176700 928.3
1176710 928.6
1176720 928.6
1176730 928.6
1176740 928.6
1176750 928.4
1176760 928.4
1176770 928.3
1176780 928.3
1176790 928.3
1176800 928.0
1176810 927.7
1176820 927.7
1176830 927.9
1176840 928.0
1176850 928.1
1176860 928.1
1176870 928.1
1176880 928.1
1176890 928.1
1176900 928.0
1176910 927.9
1176920 927.9
1176930 927.8
1176940 927.6
1176950 927.6
1176960 927.6
1176970 927.5
1176980 927.5
1176990 927.0
1177000 927.0
1177010 927.0
1177020 927.4
1177030 927.5
1177040 927.5
1177050 927.7
1177060 931.1
1177070 931.1
1177080 936.6
1177090 937.8
1177100 937.8
1177110 937.7
1177120 937.7
1177130 937.7
1177140 937.7
1177150 937.6
1177160 937.9
1177170 937.9
1177180 937.6
1177190 937.7
1177200 937.7
1177210 937.7
1177220 937.6
1177230 937.6
1177240 937.9
1177250 939.3
1177260 939.3
1177270 942.4
1177280 948.3
1177290 948.3
1177300 955.3
1177310 961.4
1177320 961.4
1177330 966.8
1177340 972.1
1177350 972.1
1177360 982.1
1177370 983.1
1177380 983.1
1177390 987.9
1177400 993.6
1177410 993.6
1177420 998.7
1177430 1004.1
1177440 1004.1
1177450 1010.7
1177460 1018.2
1177470 1025.7
1177480 1025.7
1177490 1031.3
1177500 1034.3
1177510 1034.3
1177520 1036.6
1177530 1038.6
1177540 1038.6
1177550 1039.7
1177560 1040.6
1177570 1040.6
1177580 1042.9
1177590 1042.9
1177600 1042.9
1177610 1043.6
1177620 1045.7
1177630 1045.7
1177640 1051.1
1177650 1056.7
1177660 1056.7
1177670 1062.0
1177680 1066.5
1177690 1066.5
1177700 1070.7
1177710 1074.9
1177720 1074.9
1177730 1078.9
1177740 1082.4
1177750 1082.4
1177760 1085.8
1177770 1091.3
1177780 1095.2
1177790 1095.2
1177800 1099.6
1177810 1104.1
1177820 1104.1
1177830 1108.6
1177840 1113.3
1177850 1113.3
1177860 1118.0
1177870 1122.4
1177880 1122.4
1177890 1126.9
1177900 1132.0
1177910 1132.0
1177920 1137.4
1177930 1142.4
1177940 1142.4
1177950 1147.3
1177960 1152.5
1177970 1152.5
1177980 1157.6
1177990 1162.7
1178000 1162.7
1178010 1167.5
1178020 1172.0
1178030 1172.0
1178040 1176.4
1178050 1182.1
1178060 1189.7
1178070 1189.7
1178080 1197.4
1178090 1204.7
1178100 1204.7
1178110 1212.1
1178120 1218.1
1178130 1218.1
1178140 1224.3
1178150 1230.6
1178160 1230.6
1178170 1237.2
1178180 1243.6
1178190 1244.5
1178200 1251.1
1178210 1257.9
1178220 1257.9
1178230 1264.6
1178240 1271.2
1178250 1271.2
1178260 1278.3
1178270 1285.5
1178280 1285.5
1178290 1292.5
1178300 1299.9
1178310 1299.9
1178320 1308.7
1178330 1317.6
1178340 1317.6
1178350 1325.8
1178360 1333.6
1178370 1344.2
1178380 1344.2
1178390 1353.2
1178400 1359.7
1178410 1359.7
1178420 1364.4
1178430 1369.1
1178440 1369.1
1178450 1372.7
1178460 1376.1
1178470 1376.1
1178480 1381.6
1178490 1387.0
1178500 1387.0
1178510 1393.0
1178520 1402.6
1178530 1402.6
1178540 1413.5
1178550 1425.1
1178560 1425.1
1178570 1434.9
1178580 1443.1
1178590 1443.1
1178600 1450.9
1178610 1458.4
1178620 1458.4
1178630 1464.9
1178640 1471.3
1178650 1471.3
1178660 1478.1
1178670 1485.1
1178680 1492.8
1178690 1492.8
1178700 1501.5
1178710 1511.9
1178720 1511.9
1178730 1520.7
1178740 1527.2
1178750 1527.2
1178760 1534.2
1178770 1540.5
1178780 1540.5
1178790 1548.7
1178800 1559.6
1178810 1559.6
1178820 1570.7
1178830 1582.9
1178840 1582.9
1178850 1594.3
1178860 1603.9
1178870 1603.9
1178880 1611.7
1178890 1617.8
1178900 1617.8
1178910 1623.9
1178920 1629.5
1178930 1629.5
1178940 1634.1
1178950 1637.5
1178960 1637.5
1178970 1644.3
1178980 1652.5
1178990 1663.3
1179000 1663.3
1179010 1674.2
1179020 1682.7
1179030 1682.7
1179040 1686.4
1179050 1689.7
1179060 1689.7
1179070 1693.5
1179080 1698.1
1179090 1698.1
1179100 1703.3
1179110 1709.2
1179120 1709.2
1179130 1715.0
1179140 1722.4
1179150 1722.4
1179160 1730.0
1179170 1737.2
1179180 1737.2
1179190 1744.4
1179200 1752.2
1179210 1752.2
1179220 1760.0
1179230 1767.8
1179240 1767.8
1179250 1775.4
1179260 1782.7
1179270 1782.7
1179280 1788.0
1179290 1792.4
1179300 1795.9
1179310 1795.9
1179320 1798.8
1179330 1801.3
1179340 1801.3
1179350 1804.8
1179360 1808.9
1179370 1808.9
1179380 1812.7
1179390 1816.2
1179400 1816.2
1179410 1820.5
1179420 1826.3
1179430 1826.3
1179440 1828.7
1179450 1833.7
1179460 1833.7
1179470 1838.4
1179480 1842.6
1179490 1842.6
1179500 1846.6
1179510 1849.4
1179520 1849.4
1179530 1851.0
1179540 1851.8
1179550 1851.8
1179560 1852.9
1179570 1854.7
1179580 1854.7
1179590 1857.2
1179600 1859.3
1179610 1861.7
1179620 1861.7
1179630 1863.8
1179640 1866.5
1179650 1866.5
1179660 1868.2
1179670 1869.8
1179680 1869.8
1179690 1871.1
1179700 1871.6
1179710 1871.6
1179720 1871.7
1179730 1871.8
1179740 1871.8
1179750 1869.6
1179760 1871.2
1179770 1871.2
1179780 1872.8
1179790 1873.1
1179800 1873.1
1179810 1874.3
1179820 1875.3
1179830 1875.3
1179840 1875.1
1179850 1875.0
1179860 1868.2
1179870 1867.8
1179880 1865.8
1179890 1865.8
1179900 1865.3
1179910 1863.3
1179920 1863.1
1179930 1863.1
1179940 1860.9
1179950 1858.1
1179960 1858.1
1179970 1854.1
1179980 1850.7
1179990 1850.7
