1160320 1825.6
1160330 1826.4
1160340 1826.4
1160350 1827.4
1160360 1828.7
1160370 1830.5
1160380 1830.5
1160390 1833.4
1160400 1836.9
1160410 1836.9
1160420 1841.0
1160430 1845.2
1160440 1845.2
1160450 1849.6
1160460 1854.2
1160470 1854.2
1160480 1858.9
1160490 1863.8
1160500 1863.8
1160510 1868.9
1160520 1874.5
1160530 1874.5
1160540 1881.7
1160550 1893.9
1160560 1893.9
1160570 1905.0
1160580 1911.3
1160590 1911.3
1160600 1919.8
1160610 1929.3
1160620 1929.3
1160630 1939.3
1160640 1948.4
1160650 1948.4
1160660 1958.8
1160670 1966.0
1160680 1971.8
1160690 1971.8
1160700 1978.2
1160710 1984.8
1160720 1986.7
1160730 1992.4
1160740 1998.4
1160750 1998.4
1160760 2004.5
1160770 2011.2
1160780 2011.2
1160790 2018.9
1160800 2026.3
1160810 2026.3
1160820 2033.6
1160830 2041.1
1160840 2041.1
1160850 2049.9
1160860 2060.6
1160870 2060.6
1160880 2074.0
1160890 2093.7
1160900 2093.7
1160910 2104.6
1160920 2114.1
1160930 2114.1
1160940 2126.5
1160950 2137.6
1160960 2137.6
1160970 2151.8
1160980 2166.4
1160990 2175.4
1161000 2175.4
1161010 2191.5
1161020 2208.0
1161030 2208.0
1161040 2203.5
1161050 2188.9
1161060 2188.9
1161070 2176.1
1161080 2165.8
1161090 2165.8
1161100 2160.1
1161110 2141.9
1161120 2141.9
1161130 2133.5
1161140 2122.6
1161150 2122.6
1161160 2115.7
1161170 2109.3
1161180 2109.3
1161190 2103.1
1161200 2096.9
1161210 2096.9
1161220 2091.0
1161230 2085.2
1161240 2085.2
1161250 2079.2
1161260 2073.8
1161270 2073.8
1161280 2068.6
1161290 2063.4
1161300 2058.7
1161310 2058.7
1161320 2054.8
1161330 2051.6
1161340 2051.6
1161350 2049.2
1161360 2047.0
1161370 2047.0
1161380 2045.6
1161390 2044.8
1161400 2044.8
1161410 2043.6
1161420 2040.2
1161430 2040.2
1161440 2035.4
1161450 2030.2
1161460 2030.2
1161470 2024.8
1161480 2021.5
1161490 2021.5
1161500 2019.3
1161510 2014.4
1161520 2014.4
1161530 2012.7
1161540 2007.7
1161550 2007.7
1161560 2002.6
1161570 1997.9
1161580 1997.9
1161590 1993.0
1161600 1987.8
1161610 1984.5
1161620 1984.5
1161630 1982.8
1161640 1980.6
1161650 1980.6
1161660 1978.6
1161670 1977.7
1161680 1977.7
1161690 1975.3
1161700 1970.1
1161710 1970.1
1161720 1964.2
1161730 1958.0
1161740 1958.0
1161750 1951.5
1161760 1944.7
1161770 1944.7
1161780 1937.5
1161790 1929.8
1161800 1929.8
1161810 1921.4
1161820 1913.8
1161830 1913.8
1161840 1907.9
1161850 1902.9
1161860 1902.9
1161870 1900.2
1161880 1897.2
1161890 1897.2
1161900 1891.9
1161910 1888.8
1161920 1883.3
1161930 1883.3
1161940 1876.6
1161950 1869.2
1161960 1869.2
1161970 1862.0
1161980 1855.6
1161990 1855.6
1162000 1849.1
1162010 1842.5
1162020 1842.5
1162030 1836.5
1162040 1831.4
1162050 1831.4
1162060 1826.6
1162070 1820.8
1162080 1820.8
1162090 1813.5
1162100 1805.5
1162110 1805.5
1162120 1799.1
1162130 1794.5
1162140 1794.5
1162150 1791.7
1162160 1789.4
1162170 1789.4
1162180 1785.7
1162190 1781.8
1162200 1777.2
1162210 1777.2
1162220 1772.1
1162230 1765.2
1162240 1765.2
1162250 1756.7
1162260 1750.3
1162270 1750.3
1162280 1744.0
1162290 1735.2
1162300 1734.1
1162310 1725.5
1162320 1718.0
1162330 1718.0
1162340 1711.0
1162350 1705.4
1162360 1705.4
1162370 1699.2
1162380 1691.4
1162390 1691.4
1162400 1686.5
1162410 1680.5
1162420 1680.5
1162430 1674.6
1162440 1669.6
1162450 1669.6
1162460 1663.7
1162470 1658.4
1162480 1658.4
1162490 1651.3
1162500 1645.6
1162510 1639.6
1162520 1639.6
1162530 1632.6
1162540 1626.1
1162550 1626.1
1162560 1623.1
1162570 1620.8
1162580 1620.8
1162590 1616.5
1162600 1612.2
1162610 1612.2
1162620 1609.1
1162630 1606.0
1162640 1606.0
1162650 1604.7
1162660 1602.6
1162670 1602.6
1162680 1600.0
1162690 1595.1
1162700 1595.1
1162710 1593.4
1162720 1589.2
1162730 1589.2
1162740 1580.1
1162750 1571.2
1162760 1571.2
1162770 1564.9
1162780 1557.0
1162790 1557.0
1162800 1548.1
1162810 1538.9
1162820 1529.2
1162830 1529.2
1162840 1522.9
1162850 1519.6
1162860 1519.6
1162870 1517.0
1162880 1513.5
1162890 1513.5
1162900 1507.8
1162910 1501.9
1162920 1501.9
1162930 1498.3
1162940 1498.8
1162950 1498.8
1162960 1501.9
1162970 1505.2
1162980 1505.2
1162990 1503.2
1163000 1499.8
1163010 1499.8
1163020 1496.5
1163030 1491.9
1163040 1491.9
1163050 1483.8
1163060 1476.0
1163070 1476.0
1163080 1468.6
1163090 1457.9
1163100 1457.9
1163110 1452.1
1163120 1446.8
1163130 1441.0
1163140 1441.0
1163150 1436.3
1163160 1434.0
1163170 1434.0
1163180 1433.0
1163190 1432.9
1163200 1432.9
1163210 1433.8
1163220 1435.6
1163230 1435.6
1163240 1437.6
1163250 1439.6
1163260 1439.6
1163270 1441.6
1163280 1443.7
1163290 1443.7
1163300 1445.2
1163310 1446.5
1163320 1446.5
1163330 1449.7
1163340 1454.4
1163350 1454.4
1163360 1458.8
1163370 1463.5
1163380 1463.5
1163390 1468.7
1163400 1473.9
1163410 1473.9
1163420 1478.9
1163430 1483.3
1163440 1487.3
1163450 1487.3
1163460 1491.2
1163470 1494.5
1163480 1494.5
1163490 1502.3
1163500 1504.6
1163510 1504.6
1163520 1507.9
1163530 1512.0
1163540 1512.0
1163550 1515.7
1163560 1519.0
1163570 1519.0
1163580 1522.1
1163590 1525.0
1163600 1525.0
1163610 1527.3
1163620 1529.7
1163630 1529.7
1163640 1531.9
1163650 1534.9
1163660 1534.9
1163670 1538.4
1163680 1543.3
1163690 1543.3
1163700 1548.8
1163710 1554.0
1163720 1554.0
1163730 1559.4
1163740 1566.7
1163750 1574.7
1163760 1574.7
1163770 1580.1
1163780 1583.9
1163790 1583.9
1163800 1591.0
1163810 1597.8
1163820 1597.8
1163830 1604.1
1163840 1612.6
1163850 1612.6
1163860 1622.6
1163870 1626.7
1163880 1626.7
1163890 1635.1
1163900 1637.2
1163910 1637.2
1163920 1639.5
1163930 1641.1
1163940 1641.1
1163950 1642.3
1163960 1645.8
1163970 1645.8
1163980 1649.1
1163990 1652.8
1164000 1652.8
1164010 1654.8
1164020 1656.9
1164030 1656.9
1164040 1661.0
1164050 1662.4
1164060 1662.5
1164070 1662.5
1164080 1658.2
1164090 1653.8
1164100 1653.8
1164110 1652.9
1164120 1657.4
1164130 1657.4
1164140 1660.2
1164150 1658.9
1164160 1658.9
1164170 1657.8
1164180 1659.7
1164190 1659.7
1164200 1662.9
1164210 1666.1
1164220 1666.1
1164230 1670.6
1164240 1678.1
1164250 1678.1
1164260 1686.1
1164270 1695.6
1164280 1697.9
1164290 1708.8
1164300 1719.0
1164310 1719.0
1164320 1727.9
1164330 1739.6
1164340 1739.6
1164350 1751.8
1164360 1759.9
1164370 1763.9
1164380 1763.9
1164390 1768.3
1164400 1774.5
1164410 1774.5
1164420 1782.2
1164430 1793.3
1164440 1793.3
1164450 1805.5
1164460 1814.0
1164470 1814.0
1164480 1821.8
1164490 1828.1
1164500 1828.1
1164510 1834.5
1164520 1841.9
1164530 1841.9
1164540 1849.4
1164550 1856.5
1164560 1856.5
1164570 1864.2
1164580 1871.5
1164590 1871.5
1164600 1877.1
1164610 1882.6
1164620 1882.6
1164630 1888.5
1164640 1893.5
1164650 1893.5
1164660 1896.4
1164670 1898.4
1164680 1907.9
1164690 1907.9
1164700 1908.2
1164710 1908.5
1164720 1908.5
1164730 1911.5
1164740 1916.9
1164750 1916.9
1164760 1931.3
1164770 1950.9
1164780 1950.9
1164790 1959.1
1164800 1967.6
1164810 1967.6
1164820 1980.1
1164830 1984.3
1164840 1984.3
1164850 1991.4
1164860 1999.4
1164870 1999.4
1164880 2009.1
1164890 2017.7
1164900 2017.7
1164910 2020.8
1164920 2026.7
1164930 2026.7
1164940 2034.2
1164950 2040.6
1164960 2040.6
1164970 2047.0
1164980 2056.0
1164990 2059.9
1165000 2059.9
1165010 2063.8
1165020 2063.2
1165030 2063.2
1165040 2053.3
1165050 2036.5
1165060 2036.5
1165070 2022.2
1165080 2021.9
1165090 2021.9
1165100 2017.7
1165110 2014.1
1165120 2014.1
1165130 2011.0
1165140 2008.3
1165150 2008.3
1165160 2005.8
1165170 2003.9
1165180 2003.9
1165190 2002.0
1165200 2000.4
1165210 2000.4
1165220 1999.0
1165230 1997.5
1165240 1997.5
1165250 1996.2
1165260 1995.2
1165270 1995.2
1165280 1994.3
1165290 1993.3
1165300 1992.1
1165310 1992.1
1165320 1990.8
1165330 1989.6
1165340 1989.6
1165350 1988.8
1165360 1988.2
1165370 1988.2
1165380 1987.9
1165390 1987.2
1165400 1987.2
1165410 1986.1
1165420 1985.1
1165430 1985.1
1165440 1985.1
1165450 1986.5
1165460 1986.5
1165470 1989.1
1165480 1996.1
1165490 1996.1
1165500 1999.7
1165510 2003.8
1165520 2003.8
1165530 2008.0
1165540 2012.3
1165550 2012.3
1165560 2023.8
1165570 2033.9
1165580 2033.9
1165590 2039.8
1165600 2046.0
1165610 2057.0
1165620 2057.0
1165630 2072.1
1165640 2085.0
1165650 2085.0
1165660 2094.5
1165670 2106.1
1165680 2106.1
1165690 2118.1
1165700 2125.9
1165710 2125.9
1165720 2141.1
1165730 2157.7
1165740 2157.7
1165750 2165.6
1165760 2176.4
1165770 2176.4
1165780 2186.3
1165790 2192.4
1165800 2192.4
1165810 2200.3
1165820 2208.2
1165830 2208.2
1165840 2218.4
1165850 2227.1
1165860 2227.1
1165870 2238.6
1165880 2248.7
1165890 2248.7
1165900 2256.5
1165910 2264.0
1165920 2270.9
1165930 2270.9
1165940 2276.8
1165950 2282.0
1165960 2282.0
1165970 2287.1
1165980 2292.0
1165990 2292.0
1166000 2296.7
1166010 2301.3
1166020 2301.3
1166030 2305.4
1166040 2308.2
1166050 2308.2
1166060 2305.6
1166070 2299.0
1166080 2299.0
1166090 2289.7
1166100 2277.3
1166110 2277.3
1166120 2265.4
1166130 2255.7
1166140 2255.7
1166150 2246.9
1166160 2240.7
1166170 2240.7
1166180 2234.7
1166190 2228.2
1166200 2228.2
1166210 2222.4
1166220 2216.0
1166230 2203.0
1166240 2203.0
1166250 2187.6
1166260 2176.9
1166270 2176.9
1166280 2175.4
1166290 2167.9
1166300 2167.9
1166310 2157.0
1166320 2146.6
1166330 2146.6
1166340 2136.2
1166350 2129.8
1166360 2129.8
1166370 2124.2
1166380 2117.5
1166390 2117.5
1166400 2111.3
1166410 2102.9
1166420 2102.9
1166430 2092.4
1166440 2077.6
1166450 2077.6
1166460 2062.6
1166470 2049.7
1166480 2049.7
1166490 2038.7
1166500 2031.3
1166510 2031.3
1166520 2023.3
1166530 2015.5
1166540 2008.3
1166550 2008.3
1166560 2001.6
1166570 1995.2
1166580 1995.2
1166590 1989.1
1166600 1983.0
1166610 1983.0
1166620 1976.9
1166630 1970.7
1166640 1970.7
1166650 1964.4
1166660 1958.0
1166670 1958.0
1166680 1954.9
1166690 1948.8
1166700 1948.8
1166710 1942.9
1166720 1937.8
1166730 1937.8
1166740 1933.6
1166750 1929.3
1166760 1929.3
1166770 1924.9
1166780 1920.4
1166790 1920.4
1166800 1916.0
1166810 1911.6
1166820 1907.3
1166830 1907.3
1166840 1902.9
1166850 1898.6
1166860 1898.6
1166870 1894.6
1166880 1891.3
1166890 1891.3
1166900 1888.2
1166910 1885.3
1166920 1885.3
1166930 1882.8
1166940 1880.7
1166950 1880.7
1166960 1879.0
1166970 1877.6
1166980 1877.6
1166990 1876.3
1167000 1874.9
1167010 1874.9
1167020 1873.3
1167030 1872.0
1167040 1872.0
1167050 1871.0
1167060 1869.5
1167070 1869.5
1167080 1867.7
1167090 1869.4
1167100 1869.4
1167110 1868.4
1167120 1867.8
1167130 1867.6
1167140 1867.6
1167150 1868.2
1167160 1869.3
1167170 1869.3
1167180 1870.2
1167190 1870.8
1167200 1870.8
1167210 1871.5
1167220 1870.9
1167230 1870.9
1167240 1867.2
1167250 1863.8
1167260 1863.8
1167270 1863.9
1167280 1865.6
1167290 1865.6
1167300 1864.9
1167310 1862.5
1167320 1862.5
1167330 1858.1
1167340 1849.5
1167350 1849.5
1167360 1839.4
1167370 1832.4
1167380 1832.4
1167390 1830.9
1167400 1821.5
1167410 1821.5
1167420 1803.6
1167430 1786.3
1167440 1790.3
1167450 1790.3
1167460 1790.9
1167470 1778.8
1167480 1778.8
1167490 1749.1
1167500 1744.2
1167510 1744.2
1167520 1740.5
1167530 1734.2
1167540 1734.2
1167550 1725.0
1167560 1716.9
1167570 1716.9
1167580 1709.4
1167590 1702.1
1167600 1702.1
1167610 1691.0
1167620 1674.2
1167630 1674.2
1167640 1667.0
1167650 1661.0
1167660 1661.0
1167670 1654.5
1167680 1647.6
1167690 1647.6
1167700 1640.8
1167710 1634.1
1167720 1634.1
1167730 1627.4
1167740 1620.6
1167750 1613.9
1167760 1613.9
1167770 1607.3
1167780 1601.0
1167790 1601.0
1167800 1595.4
1167810 1591.1
1167820 1591.1
1167830 1585.0
1167840 1578.0
1167850 1578.0
1167860 1574.4
1167870 1571.5
1167880 1571.5
1167890 1568.1
1167900 1563.7
1167910 1563.7
1167920 1559.7
1167930 1554.9
1167940 1554.9
1167950 1548.2
1167960 1542.4
1167970 1542.4
1167980 1536.3
1167990 1531.4
1168000 1531.4
1168010 1530.3
1168020 1533.3
1168030 1533.3
1168040 1537.3
1168050 1538.4
1168060 1538.7
1168070 1538.7
1168080 1539.2
1168090 1539.4
1168100 1539.4
1168110 1541.4
1168120 1541.7
1168130 1541.7
1168140 1544.0
1168150 1544.9
1168160 1544.9
1168170 1545.6
1168180 1548.5
1168190 1548.5
1168200 1552.6
1168210 1555.8
1168220 1555.8
1168230 1558.9
1168240 1563.0
1168250 1563.0
1168260 1567.6
1168270 1572.2
1168280 1572.2
1168290 1578.4
1168300 1582.3
1168310 1582.3
1168320 1586.5
1168330 1590.8
1168340 1590.8
1168350 1595.4
1168360 1599.3
1168370 1603.1
1168380 1603.1
1168390 1607.7
1168400 1612.9
1168410 1612.9
1168420 1618.2
1168430 1623.6
1168440 1623.6
1168450 1629.2
1168460 1634.5
1168470 1634.5
1168480 1639.9
1168490 1644.4
1168500 1644.4
1168510 1649.6
1168520 1654.4
1168530 1654.4
1168540 1659.0
1168550 1663.6
1168560 1663.6
1168570 1669.0
1168580 1674.7
1168590 1674.7
1168600 1680.6
1168610 1686.4
1168620 1686.4
1168630 1692.1
1168640 1697.7
1168650 1697.7
1168660 1703.5
1168670 1709.7
1168680 1715.6
1168690 1715.6
1168700 1725.7
1168710 1732.0
1168720 1732.0
1168730 1738.1
1168740 1744.1
1168750 1744.1
1168760 1749.8
1168770 1753.2
1168780 1753.2
1168790 1755.8
1168800 1760.2
1168810 1760.2
1168820 1765.5
1168830 1773.3
1168840 1773.3
1168850 1785.8
1168860 1806.8
1168870 1806.8
1168880 1816.5
1168890 1819.4
1168900 1819.4
1168910 1823.6
1168920 1832.4
1168930 1832.4
1168940 1843.4
1168950 1860.9
1168960 1860.9
1168970 1882.4
1168980 1894.5
1168990 1901.7
1169000 1901.7
1169010 1907.1
1169020 1912.8
1169030 1912.8
1169040 1918.1
1169050 1923.8
1169060 1923.8
1169070 1930.0
1169080 1937.0
1169090 1937.0
1169100 1949.2
1169110 1957.1
1169120 1957.1
1169130 1964.2
1169140 1971.0
1169150 1971.0
1169160 1978.2
1169170 1985.6
1169180 1985.6
1169190 1993.5
1169200 2001.7
1169210 2001.7
1169220 2010.9
1169230 2018.8
1169240 2018.8
1169250 2024.4
1169260 2029.6
1169270 2029.6
1169280 2034.9
1169290 2037.2
1169300 2036.3
1169310 2036.3
1169320 2033.8
1169330 2030.3
1169340 2030.3
1169350 2026.3
1169360 2021.0
1169370 2021.0
1169380 2010.3
1169390 1996.9
1169400 1996.9
1169410 1984.1
1169420 1968.9
1169430 1968.9
1169440 1953.7
1169450 1942.1
1169460 1942.1
1169470 1931.6
1169480 1915.7
1169490 1915.7
1169500 1907.2
1169510 1900.1
1169520 1900.1
1169530 1892.9
1169540 1886.0
1169550 1886.0
1169560 1879.1
1169570 1872.4
1169580 1872.4
1169590 1867.0
1169600 1863.8
1169610 1861.6
1169620 1861.6
1169630 1860.2
1169640 1859.0
1169650 1859.0
1169660 1858.3
1169670 1858.3
1169680 1858.3
1169690 1858.8
1169700 1861.3
1169710 1861.3
1169720 1865.0
1169730 1866.2
1169740 1866.2
1169750 1867.0
1169760 1865.0
1169770 1865.0
1169780 1865.7
1169790 1866.2
1169800 1866.2
1169810 1866.4
1169820 1867.2
1169830 1867.2
1169840 1868.0
1169850 1869.6
1169860 1869.6
1169870 1871.8
1169880 1873.2
1169890 1873.2
1169900 1872.0
1169910 1876.1
1169920 1876.9
1169930 1876.9
1169940 1878.7
1169950 1881.4
1169960 1881.4
1169970 1883.2
1169980 1885.3
1169990 1885.3
1170000 1887.8
1170010 1890.1
1170020 1890.1
1170030 1892.2
1170040 1893.5
1170050 1893.5
1170060 1893.6
1170070 1894.0
1170080 1894.0
1170090 1895.7
1170100 1897.1
1170110 1897.1
1170120 1898.0
1170130 1901.0
1170140 1901.0
1170150 1905.7
1170160 1908.2
1170170 1908.2
1170180 1909.4
1170190 1910.2
1170200 1910.2
1170210 1911.8
1170220 1912.5
1170230 1911.8
1170240 1911.8
1170250 1911.7
1170260 1908.5
1170270 1908.5
1170280 1906.1
1170290 1905.3
1170300 1905.3
1170310 1905.1
1170320 1911.7
1170330 1911.7
1170340 1911.8
1170350 1912.4
1170360 1912.4
1170370 1913.6
1170380 1915.4
1170390 1915.4
1170400 1916.9
1170410 1917.6
1170420 1917.6
1170430 1917.5
1170440 1917.0
1170450 1917.0
1170460 1916.5
1170470 1916.6
1170480 1916.6
1170490 1916.9
1170500 1916.8
1170510 1916.6
1170520 1916.6
1170530 1916.4
1170540 1916.5
1170550 1916.5
1170560 1917.1
1170570 1918.0
1170580 1918.0
1170590 1918.7
1170600 1919.3
1170610 1919.3
1170620 1920.0
1170630 1920.3
1170640 1920.3
1170650 1920.3
1170660 1920.0
1170670 1920.0
1170680 1920.1
1170690 1920.7
1170700 1920.7
1170710 1920.9
1170720 1920.7
1170730 1929.8
1170740 1928.8
1170750 1927.7
1170760 1927.7
1170770 1927.5
1170780 1928.0
1170790 1928.0
1170800 1927.7
1170810 1925.9
1170820 1922.7
1170830 1922.7
1170840 1917.9
1170850 1912.0
1170860 1912.0
1170870 1906.1
1170880 1900.7
1170890 1900.7
1170900 1895.2
1170910 1889.5
1170920 1889.5
1170930 1884.8
1170940 1881.4
1170950 1881.4
1170960 1876.8
1170970 1871.1
1170980 1871.1
1170990 1867.0
1171000 1862.2
1171010 1862.2
1171020 1857.8
1171030 1851.3
1171040 1851.3
1171050 1841.1
1171060 1827.0
1171070 1827.0
1171080 1819.2
1171090 1813.5
1171100 1813.5
1171110 1807.4
1171120 1803.2
1171130 1797.2
1171140 1797.2
1171150 1791.8
1171160 1787.6
1171170 1787.6
1171180 1784.6
1171190 1780.4
1171200 1780.4
1171210 1775.9
1171220 1772.1
1171230 1772.1
1171240 1768.5
1171250 1765.1
1171260 1765.1
1171270 1762.1
1171280 1759.6
1171290 1759.6
1171300 1757.2
1171310 1755.9
1171320 1755.9
1171330 1755.2
1171340 1755.1
1171350 1755.1
1171360 1754.4
1171370 1753.5
1171380 1753.5
1171390 1752.7
1171400 1751.9
1171410 1751.9
1171420 1750.9
1171430 1749.2
1171440 1746.8
1171450 1746.8
1171460 1744.7
1171470 1743.0
1171480 1743.0
1171490 1741.2
1171500 1739.6
1171510 1739.6
1171520 1737.8
1171530 1736.1
1171540 1734.3
1171550 1732.2
1171560 1730.4
1171570 1730.4
1171580 1729.1
1171590 1727.6
1171600 1727.6
1171610 1726.6
1171620 1726.4
1171630 1726.4
1171640 1724.7
1171650 1719.5
1171660 1719.5
1171670 1713.0
1171680 1706.2
1171690 1706.2
1171700 1699.6
1171710 1693.2
1171720 1693.2
1171730 1687.1
1171740 1682.1
1171750 1678.4
1171760 1678.4
1171770 1673.9
1171780 1667.5
1171790 1667.5
1171800 1659.0
1171810 1651.0
1171820 1651.0
1171830 1643.6
1171840 1636.7
1171850 1636.7
1171860 1631.4
1171870 1627.1
1171880 1627.1
1171890 1624.4
1171900 1622.1
1171910 1622.1
1171920 1618.2
1171930 1614.5
1171940 1614.5
1171950 1611.4
1171960 1607.9
1171970 1607.9
1171980 1602.6
1171990 1597.1
1172000 1597.1
1172010 1591.4
1172020 1585.7
1172030 1585.7
1172040 1580.1
1172050 1574.7
1172060 1569.2
1172070 1569.2
1172080 1563.8
1172090 1559.7
1172100 1559.7
1172110 1556.4
1172120 1555.5
1172130 1555.5
1172140 1554.2
1172150 1552.9
1172160 1552.9
1172170 1551.7
1172180 1549.6
1172190 1549.6
1172200 1548.2
1172210 1546.4
1172220 1546.4
1172230 1544.4
1172240 1541.8
1172250 1541.8
1172260 1539.2
1172270 1537.9
1172280 1537.9
1172290 1537.6
1172300 1538.2
1172310 1538.2
1172320 1538.7
1172330 1539.3
1172340 1539.3
1172350 1540.9
1172360 1537.0
1172370 1536.5
1172380 1536.5
1172390 1534.6
1172400 1532.6
1172410 1532.6
1172420 1529.8
1172430 1530.6
1172440 1530.6
1172450 1527.9
1172460 1529.8
1172470 1529.8
1172480 1530.9
1172490 1530.6
1172500 1530.6
1172510 1530.4
1172520 1530.1
1172530 1530.1
1172540 1528.8
1172550 1527.6
1172560 1527.6
1172570 1526.9
1172580 1525.2
1172590 1525.2
1172600 1524.4
1172610 1525.4
1172620 1525.4
1172630 1526.6
1172640 1527.8
1172650 1527.8
1172660 1530.4
1172670 1532.6
1172680 1531.7
1172690 1531.7
1172700 1529.6
1172710 1530.7
1172720 1530.7
1172730 1531.9
1172740 1532.1
1172750 1532.1
1172760 1532.5
1172770 1524.8
1172780 1524.8
1172790 1525.5
1172800 1529.4
1172810 1529.4
1172820 1535.3
1172830 1542.7
1172840 1542.7
1172850 1549.8
1172860 1557.1
1172870 1557.1
1172880 1561.0
1172890 1558.8
1172900 1558.8
1172910 1551.3
1172920 1546.2
1172930 1546.2
1172940 1545.7
1172950 1545.5
1172960 1545.5
1172970 1543.5
1172980 1544.2
1172990 1545.3
1173000 1545.3
1173010 1542.9
1173020 1539.0
1173030 1539.0
1173040 1535.7
1173050 1532.1
1173060 1532.1
1173070 1528.8
1173080 1525.5
1173090 1525.5
1173100 1517.5
1173110 1510.3
1173120 1510.3
1173130 1505.9
1173140 1517.0
1173150 1517.0
1173160 1528.6
1173170 1527.0
1173180 1525.3
1173190 1522.9
1173200 1520.9
1173210 1520.9
1173220 1518.8
1173230 1516.2
1173240 1516.2
1173250 1516.5
1173260 1515.2
1173270 1515.2
1173280 1513.4
1173290 1511.8
1173300 1509.0
1173310 1509.0
1173320 1505.7
1173330 1503.2
1173340 1503.2
1173350 1500.6
1173360 1497.7
1173370 1497.7
1173380 1493.6
1173390 1489.8
1173400 1489.8
1173410 1486.0
1173420 1482.8
1173430 1482.8
1173440 1480.4
1173450 1478.2
1173460 1478.2
1173470 1475.2
1173480 1472.5
1173490 1472.5
1173500 1470.0
1173510 1465.0
1173520 1465.0
1173530 1460.1
1173540 1455.9
1173550 1455.9
1173560 1452.1
1173570 1448.8
1173580 1448.8
1173590 1439.7
1173600 1434.7
1173610 1430.0
1173620 1430.0
1173630 1425.9
1173640 1422.9
1173650 1422.9
1173660 1419.0
1173670 1414.1
1173680 1414.1
1173690 1408.6
1173700 1402.3
1173710 1402.3
1173720 1397.5
1173730 1390.7
1173740 1390.7
1173750 1383.3
1173760 1374.2
1173770 1374.2
1173780 1365.4
1173790 1357.3
1173800 1357.3
1173810 1349.8
1173820 1342.6
1173830 1342.6
1173840 1336.1
1173850 1328.5
1173860 1328.5
1173870 1321.4
1173880 1314.5
1173890 1307.1
1173900 1307.1
1173910 1300.3
1173920 1294.2
1173930 1294.2
1173940 1288.2
1173950 1281.7
1173960 1281.7
1173970 1275.7
1173980 1270.3
1173990 1270.3
1174000 1263.9
1174010 1260.0
1174020 1260.0
1174030 1256.4
1174040 1254.0
1174050 1254.0
1174060 1251.7
1174070 1249.3
1174080 1249.3
1174090 1244.5
1174100 1238.9
1174110 1238.9
1174120 1233.8
1174130 1229.8
1174140 1229.8
1174150 1225.4
1174160 1221.2
1174170 1221.2
1174180 1219.1
1174190 1214.4
1174200 1208.3
1174210 1208.3
1174220 1203.8
1174230 1200.0
1174240 1200.0
1174250 1195.7
1174260 1190.8
1174270 1190.8
1174280 1185.9
1174290 1181.7
1174300 1181.7
1174310 1179.5
1174320 1176.5
1174330 1176.5
1174340 1172.6
1174350 1168.8
1174360 1168.8
1174370 1164.0
1174380 1159.4
1174390 1159.4
1174400 1155.4
1174410 1147.7
1174420 1147.7
1174430 1144.0
1174440 1141.2
1174450 1141.2
1174460 1139.1
1174470 1136.2
1174480 1136.2
1174490 1131.6
1174500 1127.0
1174510 1123.2
1174520 1123.2
1174530 1120.1
1174540 1117.5
1174550 1117.5
1174560 1115.1
1174570 1113.2
1174580 1113.2
1174590 1111.3
1174600 1109.3
1174610 1109.3
1174620 1106.3
1174630 1104.7
1174640 1104.7
1174650 1102.6
1174660 1099.9
1174670 1099.9
1174680 1095.7
1174690 1092.7
1174700 1092.7
1174710 1090.4
1174720 1086.6
1174730 1086.6
1174740 1080.0
1174750 1073.1
1174760 1073.1
1174770 1066.6
1174780 1060.1
1174790 1060.1
1174800 1051.3
1174810 1044.9
1174820 1047.0
1174830 1047.0
1174840 1041.0
1174850 1034.0
1174860 1034.0
1174870 1026.1
1174880 1018.4
1174890 1018.4
1174900 1011.5
1174910 1004.2
1174920 1004.2
1174930 996.8
1174940 989.7
1174950 989.7
1174960 980.4
1174970 969.9
1174980 969.9
1174990 962.1
1175000 956.3
1175010 956.3
1175020 952.2
1175030 951.1
1175040 951.1
1175050 950.5
1175060 949.6
1175070 949.6
1175080 948.7
1175090 948.0
1175100 948.0
1175110 947.6
1175120 947.3
1175130 946.7
1175140 946.7
1175150 946.2
1175160 944.9
1175170 944.9
1175180 943.6
1175190 943.6
1175200 943.6
1175210 943.7
1175220 943.7
1175230 943.8
1175240 941.1
1175250 939.2
1175260 939.2
1175270 939.0
1175280 936.8
1175290 936.8
1175300 934.9
1175310 931.2
1175320 931.2
1175330 930.9
1175340 930.9
1175350 930.9
1175360 930.7
1175370 930.5
1175380 930.5
1175390 930.5
1175400 930.7
1175410 930.7
1175420 930.8
1175430 930.9
1175440 930.8
1175450 930.8
1175460 931.0
1175470 930.9
1175480 930.9
1175490 930.9
1175500 930.9
1175510 930.9
1175520 930.8
1175530 931.0
1175540 931.0
1175550 931.0
1175560 931.0
1175570 931.0
1175580 931.0
1175590 931.1
1175600 931.1
1175610 931.0
1175620 930.9
1175630 930.9
1175640 931.0
1175650 931.0
1175660 931.0
1175670 931.0
1175680 931.1
1175690 931.1
1175700 931.2
1175710 931.0
1175720 931.0
1175730 930.8
1175740 930.7
1175750 930.8
1175760 930.8
1175770 930.9
1175780 930.9
1175790 930.9
1175800 931.0
1175810 930.8
1175820 930.8
1175830 930.8
1175840 930.7
1175850 930.7
1175860 930.7
1175870 930.8
1175880 930.8
1175890 930.7
1175900 930.4
1175910 930.4
1175920 930.0
1175930 929.5
1175940 929.5
1175950 929.1
1175960 928.8
1175970 928.8
1175980 928.3
1175990 928.2
1176000 928.2
1176010 928.1
1176020 927.2
1176030 927.2
1176040 928.1
1176050 929.5
1176060 927.8
1176070 927.8
1176080 927.4
1176090 927.2
1176100 927.2
1176110 927.2
1176120 927.5
1176130 927.5
1176140 927.6
1176150 927.5
1176160 927.5
1176170 927.5
1176180 927.4
1176190 927.4
1176200 927.4
1176210 927.5
1176220 927.5
1176230 928.2
1176240 929.0
1176250 929.0
1176260 929.5
1176270 929.4
1176280 929.4
1176290 929.3
1176300 929.2
1176310 929.2
1176320 929.0
1176330 929.0
1176340 929.0
1176350 929.0
1176360 928.6
1176370 928.4
1176380 928.4
1176390 928.3
1176400 928.4
1176410 928.4
1176420 928.4
1176430 928.4
1176440 928.4
1176450 928.3
1176460 928.2
1176470 928.4
1176480 928.3
1176490 928.1
1176500 928.1
1176510 928.1
1176520 928.2
1176530 928.2
1176540 928.1
1176550 927.9
1176560 927.9
1176570 927.9
1176580 928.1
1176590 928.1
1176600 928.1
1176610 927.8
1176620 927.8
1176630 927.8
1176640 928.3
1176650 928.3
1176660 927.8
1176670 927.8
1176680 928.0
1176690 928.0
1176700 928.1
1176710 928.3
1176720 928.3
1176730 928.3
1176740 928.2
1176750 928.2
1176760 928.0
1176770 927.9
1176780 927.9
1176790 927.3
1176800 927.8
1176810 927.8
1176820 928.1
1176830 927.2
1176840 927.2
1176850 927.1
1176860 927.1
1176870 927.1
1176880 927.1
1176890 927.2
1176900 927.2
1176910 927.1
1176920 926.9
1176930 926.9
1176940 926.9
1176950 927.0
1176960 926.9
1176970 926.9
1176980 926.9
1176990 926.9
1177000 926.9
1177010 927.0
1177020 927.0
1177030 927.0
1177040 927.1
1177050 926.8
1177060 926.8
1177070 926.3
1177080 926.0
1177090 926.0
1177100 926.4
1177110 926.6
1177120 926.6
1177130 926.9
1177140 927.3
1177150 927.3
1177160 927.6
1177170 927.8
1177180 927.8
1177190 928.5
1177200 933.1
1177210 933.1
1177220 936.4
1177230 936.8
1177240 936.8
1177250 936.9
1177260 936.5
1177270 936.4
1177280 936.4
1177290 936.8
1177300 941.2
1177310 941.2
1177320 945.8
1177330 951.7
1177340 951.7
1177350 958.6
1177360 966.5
1177370 966.5
1177380 976.5
1177390 986.8
1177400 986.8
1177410 993.3
1177420 998.3
1177430 998.3
1177440 1003.9
1177450 1009.2
1177460 1009.2
1177470 1012.1
1177480 1010.4
1177490 1010.4
1177500 1006.9
1177510 1006.4
1177520 1006.4
1177530 1007.5
1177540 1010.3
1177550 1010.3
1177560 1015.4
1177570 1021.3
1177580 1027.4
1177590 1027.4
1177600 1034.0
1177610 1041.7
1177620 1041.7
1177630 1048.8
1177640 1054.3
1177650 1054.3
1177660 1060.4
1177670 1064.2
1177680 1064.2
1177690 1066.3
1177700 1068.8
1177710 1069.6
1177720 1071.5
1177730 1073.8
1177740 1073.8
1177750 1077.1
1177760 1080.5
1177770 1080.5
1177780 1084.1
1177790 1088.0
1177800 1088.0
1177810 1092.3
1177820 1096.8
1177830 1096.8
1177840 1101.1
1177850 1104.0
1177860 1104.0
1177870 1106.3
1177880 1108.9
1177890 1112.5
1177900 1112.5
1177910 1116.4
1177920 1121.8
1177930 1121.8
1177940 1127.5
1177950 1132.5
1177960 1132.5
1177970 1137.1
1177980 1141.8
1177990 1141.8
1178000 1146.4
1178010 1151.0
1178020 1151.0
1178030 1155.3
1178040 1159.0
1178050 1159.0
1178060 1163.1
1178070 1167.9
1178080 1167.9
1178090 1174.1
1178100 1181.3
1178110 1181.3
1178120 1188.2
1178130 1194.0
1178140 1194.0
1178150 1199.9
1178160 1207.0
1178170 1207.0
1178180 1214.8
1178190 1221.5
1178200 1227.4
1178210 1227.4
1178220 1233.4
1178230 1240.2
1178240 1240.2
1178250 1247.6
1178260 1255.3
1178270 1255.3
1178280 1261.9
1178290 1267.2
1178300 1267.2
1178310 1273.0
1178320 1278.7
1178330 1278.7
1178340 1284.8
1178350 1292.2
1178360 1292.2
1178370 1298.7
1178380 1303.9
1178390 1303.9
1178400 1308.4
1178410 1316.1
1178420 1316.1
1178430 1325.8
1178440 1333.0
1178450 1333.0
1178460 1340.3
1178470 1349.4
1178480 1349.4
1178490 1357.4
1178500 1363.1
1178510 1368.4
1178520 1368.4
1178530 1372.8
1178540 1379.6
1178550 1387.0
1178560 1392.9
1178570 1398.8
1178580 1398.8
1178590 1405.4
1178600 1412.2
1178610 1412.2
1178620 1421.3
1178630 1434.4
1178640 1434.4
1178650 1442.3
1178660 1447.3
1178670 1447.3
1178680 1452.7
1178690 1463.6
1178700 1463.6
1178710 1479.1
1178720 1490.7
1178730 1490.7
1178740 1497.4
1178750 1502.1
1178760 1502.1
1178770 1508.2
1178780 1515.0
1178790 1515.0
1178800 1522.6
1178810 1528.6
1178820 1533.7
1178830 1533.7
1178840 1539.6
1178850 1545.5
1178860 1545.5
1178870 1552.0
1178880 1558.0
1178890 1558.0
1178900 1563.0
1178910 1568.7
1178920 1568.7
1178930 1575.0
1178940 1581.6
1178950 1581.6
1178960 1593.7
1178970 1600.5
1178980 1600.5
1178990 1607.8
1179000 1612.8
1179010 1612.8
1179020 1617.0
1179030 1621.8
1179040 1621.8
1179050 1627.4
1179060 1634.5
1179070 1634.5
1179080 1642.5
1179090 1650.2
1179100 1650.2
1179110 1658.7
1179120 1666.7
1179130 1675.4
1179140 1675.4
1179150 1684.3
1179160 1693.5
1179170 1693.5
1179180 1700.8
1179190 1707.9
1179200 1707.9
1179210 1717.9
1179220 1725.3
1179230 1725.3
1179240 1729.9
1179250 1734.4
1179260 1734.4
1179270 1739.5
1179280 1746.7
1179290 1746.7
1179300 1750.6
1179310 1757.2
1179320 1757.2
1179330 1764.2
1179340 1775.3
1179350 1775.3
1179360 1781.4
1179370 1787.5
1179380 1793.5
1179390 1799.7
1179400 1807.5
1179410 1807.5
1179420 1816.3
1179430 1826.2
1179440 1835.6
1179450 1835.6
1179460 1840.4
1179470 1847.2
1179480 1847.2
1179490 1858.1
1179500 1867.1
1179510 1867.1
1179520 1871.8
1179530 1879.8
1179540 1879.8
1179550 1889.3
1179560 1897.6
1179570 1897.6
1179580 1906.5
1179590 1915.5
1179600 1915.5
1179610 1923.8
1179620 1930.5
1179630 1930.5
1179640 1937.3
1179650 1944.4
1179660 1944.4
1179670 1952.8
1179680 1961.9
1179690 1961.9
1179700 1968.5
1179710 1971.0
1179720 1971.6
1179730 1971.6
1179740 1972.2
1179750 1973.4
1179760 1973.4
1179770 1975.5
1179780 1976.8
1179790 1976.8
1179800 1972.4
1179810 1974.3
1179820 1974.3
1179830 1975.3
1179840 1974.8
1179850 1974.8
1179860 1972.9
1179870 1969.1
1179880 1969.1
1179890 1963.9
1179900 1960.1
1179910 1960.1
1179920 1959.8
1179930 1956.7
1179940 1956.7
1179950 1953.5
1179960 1952.3
1179970 1952.3
1179980 1951.9
1179990 1953.6
