1160710 2054.3
1160720 2054.3
1160730 2060.2
1160740 2066.8
1160750 2066.8
1160760 2073.3
1160770 2079.8
1160780 2079.8
1160790 2086.1
1160800 2092.8
1160810 2092.8
1160820 2099.2
1160830 2105.6
1160840 2105.6
1160850 2112.4
1160860 2122.6
1160870 2122.6
1160880 2129.7
1160890 2136.6
1160900 2136.6
1160910 2143.5
1160920 2150.5
1160930 2150.5
1160940 2156.4
1160950 2163.4
1160960 2163.4
1160970 2171.5
1160980 2180.5
1160990 2180.5
1161000 2189.1
1161010 2197.6
1161020 2205.3
1161030 2205.3
1161040 2211.3
1161050 2216.7
1161060 2216.7
1161070 2220.6
1161080 2223.4
1161090 2223.4
1161100 2224.0
1161110 2225.5
1161120 2225.5
1161130 2229.5
1161140 2235.8
1161150 2235.8
1161160 2240.6
1161170 2246.4
1161180 2246.4
1161190 2252.9
1161200 2258.0
1161210 2258.0
1161220 2261.9
1161230 2265.7
1161240 2265.7
1161250 2260.7
1161260 2253.0
1161270 2253.0
1161280 2244.4
1161290 2236.0
1161300 2236.0
1161310 2227.8
1161320 2223.1
1161330 2223.1
1161340 2219.5
1161350 2213.6
1161360 2205.5
1161370 2205.5
1161380 2192.2
1161390 2181.9
1161400 2181.9
1161410 2175.9
1161420 2176.0
1161430 2176.0
1161440 2169.1
1161450 2164.8
1161460 2164.8
1161470 2155.0
1161480 2147.4
1161490 2147.4
1161500 2142.7
1161510 2142.7
1161520 2142.7
1161530 2134.2
1161540 2124.0
1161550 2124.0
1161560 2119.8
1161570 2115.4
1161580 2115.4
1161590 2107.5
1161600 2098.9
1161610 2098.9
1161620 2090.9
1161630 2080.5
1161640 2080.5
1161650 2053.3
1161660 2039.8
1161670 2031.0
1161680 2031.0
1161690 2022.7
1161700 2013.0
1161710 2013.0
1161720 2005.4
1161730 1997.8
1161740 1997.8
1161750 1990.9
1161760 1984.7
1161770 1984.7
1161780 1978.9
1161790 1974.1
1161800 1974.1
1161810 1970.4
1161820 1967.6
1161830 1967.6
1161840 1965.6
1161850 1963.2
1161860 1963.2
1161870 1959.9
1161880 1956.2
1161890 1956.2
1161900 1952.7
1161910 1949.3
1161920 1949.3
1161930 1946.1
1161940 1943.0
1161950 1943.0
1161960 1940.3
1161970 1937.6
1161980 1934.7
1161990 1934.7
1162000 1931.7
1162010 1928.1
1162020 1928.1
1162030 1924.5
1162040 1922.4
1162050 1922.4
1162060 1919.9
1162070 1917.4
1162080 1917.4
1162090 1914.9
1162100 1912.4
1162110 1912.4
1162120 1909.9
1162130 1907.6
1162140 1907.6
1162150 1905.8
1162160 1904.5
1162170 1904.5
1162180 1903.4
1162190 1902.6
1162200 1902.6
1162210 1902.2
1162220 1901.7
1162230 1901.7
1162240 1901.3
1162250 1901.3
1162260 1901.3
1162270 1901.7
1162280 1902.8
1162290 1904.7
1162300 1904.7
1162310 1906.7
1162320 1907.7
1162330 1907.7
1162340 1907.8
1162350 1904.7
1162360 1904.7
1162370 1900.5
1162380 1896.3
1162390 1896.3
1162400 1892.4
1162410 1887.3
1162420 1887.3
1162430 1881.0
1162440 1878.2
1162450 1878.2
1162460 1870.9
1162470 1864.0
1162480 1864.0
1162490 1857.5
1162500 1851.3
1162510 1851.3
1162520 1844.6
1162530 1835.5
1162540 1835.5
1162550 1827.3
1162560 1820.0
1162570 1820.0
1162580 1813.5
1162590 1807.3
1162600 1801.4
1162610 1801.4
1162620 1795.7
1162630 1790.2
1162640 1790.2
1162650 1784.8
1162660 1779.6
1162670 1779.6
1162680 1774.7
1162690 1769.9
1162700 1769.9
1162710 1765.3
1162720 1761.2
1162730 1761.2
1162740 1757.7
1162750 1755.3
1162760 1755.3
1162770 1754.5
1162780 1754.1
1162790 1754.1
1162800 1752.4
1162810 1748.9
1162820 1748.9
1162830 1744.4
1162840 1739.4
1162850 1739.4
1162860 1734.0
1162870 1729.0
1162880 1729.0
1162890 1725.4
1162900 1718.4
1162910 1713.1
1162920 1713.1
1162930 1708.1
1162940 1703.4
1162950 1703.4
1162960 1699.3
1162970 1692.9
1162980 1692.9
1162990 1687.2
1163000 1682.6
1163010 1682.6
1163020 1679.3
1163030 1675.6
1163040 1675.6
1163050 1671.3
1163060 1668.3
1163070 1668.3
1163080 1665.5
1163090 1661.3
1163100 1661.3
1163110 1657.5
1163120 1653.8
1163130 1653.8
1163140 1648.7
1163150 1642.9
1163160 1642.9
1163170 1637.2
1163180 1633.1
1163190 1633.1
1163200 1629.0
1163210 1625.3
1163220 1621.6
1163230 1622.4
1163240 1619.4
1163250 1616.8
1163260 1616.8
1163270 1613.5
1163280 1609.1
1163290 1609.1
1163300 1605.5
1163310 1602.6
1163320 1602.6
1163330 1600.6
1163340 1596.9
1163350 1596.9
1163360 1592.6
1163370 1587.9
1163380 1587.9
1163390 1584.8
1163400 1583.0
1163410 1583.0
1163420 1578.5
1163430 1573.3
1163440 1573.3
1163450 1568.0
1163460 1561.8
1163470 1561.8
1163480 1555.3
1163490 1549.8
1163500 1549.8
1163510 1545.4
1163520 1541.4
1163530 1537.9
1163540 1537.9
1163550 1534.3
1163560 1530.6
1163570 1530.6
1163580 1527.3
1163590 1524.4
1163600 1524.4
1163610 1521.4
1163620 1519.0
1163630 1520.9
1163640 1518.6
1163650 1516.8
1163660 1516.8
1163670 1514.8
1163680 1512.8
1163690 1512.8
1163700 1510.7
1163710 1508.7
1163720 1508.7
1163730 1506.5
1163740 1503.7
1163750 1503.7
1163760 1500.0
1163770 1497.2
1163780 1497.2
1163790 1494.8
1163800 1492.2
1163810 1492.2
1163820 1489.7
1163830 1486.8
1163840 1483.1
1163850 1483.1
1163860 1478.8
1163870 1474.1
1163880 1474.1
1163890 1469.5
1163900 1465.2
1163910 1465.2
1163920 1460.8
1163930 1456.3
1163940 1456.3
1163950 1451.9
1163960 1447.3
1163970 1447.3
1163980 1443.3
1163990 1439.7
1164000 1439.7
1164010 1437.1
1164020 1435.5
1164030 1437.5
1164040 1433.9
1164050 1429.5
1164060 1429.5
1164070 1424.8
1164080 1419.8
1164090 1419.8
1164100 1414.3
1164110 1408.2
1164120 1408.2
1164130 1402.3
1164140 1396.5
1164150 1389.4
1164160 1389.4
1164170 1381.3
1164180 1373.9
1164190 1373.9
1164200 1366.8
1164210 1360.2
1164220 1360.2
1164230 1353.0
1164240 1343.4
1164250 1343.4
1164260 1332.8
1164270 1324.7
1164280 1324.7
1164290 1317.6
1164300 1309.0
1164310 1309.0
1164320 1298.4
1164330 1292.9
1164340 1292.9
1164350 1296.4
1164360 1303.0
1164370 1303.0
1164380 1307.9
1164390 1312.0
1164400 1312.0
1164410 1317.0
1164420 1325.3
1164430 1325.3
1164440 1330.3
1164450 1334.4
1164460 1336.4
1164470 1336.4
1164480 1338.5
1164490 1340.2
1164500 1340.2
1164510 1342.5
1164520 1346.3
1164530 1346.3
1164540 1350.8
1164550 1356.2
1164560 1356.2
1164570 1361.3
1164580 1365.8
1164590 1365.8
1164600 1369.9
1164610 1373.9
1164620 1373.9
1164630 1378.1
1164640 1378.7
1164650 1378.7
1164660 1372.7
1164670 1371.3
1164680 1371.3
1164690 1380.5
1164700 1391.4
1164710 1391.4
1164720 1398.8
1164730 1408.0
1164740 1408.0
1164750 1413.8
1164760 1413.4
1164770 1415.7
1164780 1415.7
1164790 1424.8
1164800 1440.6
1164810 1440.6
1164820 1460.0
1164830 1474.1
1164840 1474.1
1164850 1482.4
1164860 1492.8
1164870 1492.8
1164880 1502.9
1164890 1511.2
1164900 1511.2
1164910 1517.2
1164920 1522.9
1164930 1522.9
1164940 1528.8
1164950 1533.6
1164960 1533.6
1164970 1538.2
1164980 1543.6
1164990 1543.6
1165000 1549.7
1165010 1553.7
1165020 1553.7
1165030 1556.5
1165040 1560.4
1165050 1560.4
1165060 1564.7
1165070 1568.8
1165080 1572.8
1165090 1572.8
1165100 1576.4
1165110 1578.9
1165120 1578.9
1165130 1581.7
1165140 1584.4
1165150 1584.4
1165160 1587.0
1165170 1588.5
1165180 1588.5
1165190 1588.9
1165200 1591.4
1165210 1591.4
1165220 1600.3
1165230 1602.5
1165240 1602.5
1165250 1604.2
1165260 1606.0
1165270 1606.0
1165280 1607.7
1165290 1610.0
1165300 1610.0
1165310 1611.3
1165320 1611.6
1165330 1611.6
1165340 1609.1
1165350 1603.4
1165360 1603.4
1165370 1597.0
1165380 1590.6
1165390 1585.6
1165400 1585.6
1165410 1580.9
1165420 1575.8
1165430 1575.8
1165440 1570.1
1165450 1564.4
1165460 1564.4
1165470 1562.6
1165480 1560.4
1165490 1560.4
1165500 1562.7
1165510 1568.3
1165520 1568.3
1165530 1572.0
1165540 1575.9
1165550 1575.9
1165560 1579.5
1165570 1583.5
1165580 1583.5
1165590 1587.3
1165600 1590.5
1165610 1590.5
1165620 1599.2
1165630 1600.1
1165640 1600.1
1165650 1597.9
1165660 1596.7
1165670 1596.7
1165680 1598.8
1165690 1603.3
1165700 1607.5
1165710 1607.5
1165720 1614.1
1165730 1622.7
1165740 1622.7
1165750 1628.1
1165760 1628.4
1165770 1628.4
1165780 1630.0
1165790 1636.7
1165800 1636.7
1165810 1643.2
1165820 1645.5
1165830 1645.5
1165840 1647.8
1165850 1651.0
1165860 1651.0
1165870 1654.1
1165880 1654.5
1165890 1654.5
1165900 1655.3
1165910 1657.3
1165920 1657.3
1165930 1659.9
1165940 1665.4
1165950 1665.4
1165960 1674.9
1165970 1683.5
1165980 1683.5
1165990 1687.3
1166000 1688.0
1166010 1687.9
1166020 1694.0
1166030 1694.8
1166040 1695.4
1166050 1695.4
1166060 1695.3
1166070 1695.2
1166080 1695.2
1166090 1695.6
1166100 1698.5
1166110 1698.5
1166120 1702.6
1166130 1706.6
1166140 1706.6
1166150 1709.0
1166160 1708.4
1166170 1708.4
1166180 1709.1
1166190 1708.7
1166200 1708.7
1166210 1711.4
1166220 1714.4
1166230 1714.4
1166240 1716.0
1166250 1716.2
1166260 1716.2
1166270 1716.2
1166280 1716.5
1166290 1716.5
1166300 1717.3
1166310 1718.6
1166320 1718.7
1166330 1718.7
1166340 1719.8
1166350 1722.0
1166360 1722.0
1166370 1723.7
1166380 1725.3
1166390 1725.3
1166400 1727.7
1166410 1730.6
1166420 1730.6
1166430 1739.8
1166440 1742.0
1166450 1742.0
1166460 1742.1
1166470 1741.5
1166480 1741.5
1166490 1743.3
1166500 1743.9
1166510 1743.9
1166520 1743.5
1166530 1741.8
1166540 1741.8
1166550 1739.5
1166560 1737.4
1166570 1737.4
1166580 1736.9
1166590 1740.5
1166600 1740.5
1166610 1744.6
1166620 1746.5
1166630 1746.3
1166640 1746.3
1166650 1747.0
1166660 1749.1
1166670 1749.1
1166680 1750.9
1166690 1753.3
1166700 1753.3
1166710 1756.3
1166720 1759.7
1166730 1759.7
1166740 1765.2
1166750 1771.0
1166760 1771.0
1166770 1774.9
1166780 1777.2
1166790 1777.2
1166800 1778.3
1166810 1780.3
1166820 1780.3
1166830 1787.0
1166840 1788.4
1166850 1788.4
1166860 1789.9
1166870 1791.9
1166880 1791.9
1166890 1794.0
1166900 1794.5
1166910 1794.5
1166920 1793.4
1166930 1791.5
1166940 1788.5
1166950 1788.5
1166960 1786.9
1166970 1787.5
1166980 1787.5
1166990 1786.1
1167000 1784.9
1167010 1784.9
1167020 1783.0
1167030 1782.7
1167040 1782.7
1167050 1778.4
1167060 1769.3
1167070 1769.3
1167080 1760.0
1167090 1752.7
1167100 1752.7
1167110 1744.3
1167120 1737.5
1167130 1737.5
1167140 1730.9
1167150 1725.5
1167160 1725.5
1167170 1722.0
1167180 1717.2
1167190 1717.2
1167200 1711.9
1167210 1707.7
1167220 1707.7
1167230 1704.0
1167240 1700.2
1167250 1696.8
1167260 1696.8
1167270 1692.9
1167280 1689.5
1167290 1689.5
1167300 1687.6
1167310 1685.2
1167320 1685.2
1167330 1682.0
1167340 1679.5
1167350 1679.5
1167360 1677.6
1167370 1678.2
1167380 1678.2
1167390 1679.1
1167400 1677.6
1167410 1677.6
1167420 1673.5
1167430 1668.7
1167440 1668.7
1167450 1667.8
1167460 1666.5
1167470 1666.5
1167480 1664.3
1167490 1661.1
1167500 1661.1
1167510 1658.1
1167520 1654.0
1167530 1654.0
1167540 1648.3
1167550 1642.8
1167560 1642.8
1167570 1637.7
1167580 1632.2
1167590 1625.0
1167600 1625.0
1167610 1619.4
1167620 1614.6
1167630 1616.7
1167640 1611.7
1167650 1607.4
1167660 1607.4
1167670 1601.9
1167680 1594.7
1167690 1594.7
1167700 1587.0
1167710 1582.9
1167720 1582.9
1167730 1576.8
1167740 1568.2
1167750 1568.2
1167760 1560.1
1167770 1550.8
1167780 1550.8
1167790 1543.9
1167800 1538.4
1167810 1538.4
1167820 1530.2
1167830 1520.3
1167840 1520.3
1167850 1512.3
1167860 1501.0
1167870 1501.0
1167880 1492.5
1167890 1485.0
1167900 1476.6
1167910 1476.6
1167920 1469.6
1167930 1464.2
1167940 1464.2
1167950 1458.4
1167960 1452.3
1167970 1452.3
1167980 1446.0
1167990 1439.7
1168000 1439.7
1168010 1433.4
1168020 1426.8
1168030 1428.4
1168040 1421.6
1168050 1414.6
1168060 1414.6
1168070 1407.8
1168080 1401.0
1168090 1401.0
1168100 1394.2
1168110 1387.6
1168120 1387.6
1168130 1380.7
1168140 1373.9
1168150 1373.9
1168160 1367.2
1168170 1360.6
1168180 1360.6
1168190 1354.0
1168200 1347.3
1168210 1340.8
1168220 1340.8
1168230 1334.3
1168240 1327.9
1168250 1327.9
1168260 1322.0
1168270 1316.5
1168280 1316.5
1168290 1311.1
1168300 1307.5
1168310 1307.5
1168320 1308.4
1168330 1309.3
1168340 1309.3
1168350 1308.0
1168360 1305.1
1168370 1305.1
1168380 1306.3
1168390 1308.4
1168400 1308.4
1168410 1308.2
1168420 1306.8
1168430 1306.8
1168440 1307.9
1168450 1308.6
1168460 1308.6
1168470 1311.8
1168480 1314.3
1168490 1314.3
1168500 1315.7
1168510 1318.5
1168520 1321.1
1168530 1321.1
1168540 1326.5
1168550 1332.5
1168560 1332.5
1168570 1338.6
1168580 1344.6
1168590 1344.6
1168600 1351.4
1168610 1359.5
1168620 1359.5
1168630 1367.6
1168640 1375.4
1168650 1375.4
1168660 1382.6
1168670 1390.1
1168680 1390.1
1168690 1396.0
1168700 1402.8
1168710 1402.8
1168720 1408.8
1168730 1414.0
1168740 1414.0
1168750 1419.7
1168760 1426.6
1168770 1426.6
1168780 1432.1
1168790 1436.4
1168800 1436.4
1168810 1440.9
1168820 1447.2
1168830 1453.8
1168840 1459.1
1168850 1463.0
1168860 1465.1
1168870 1465.1
1168880 1467.0
1168890 1469.7
1168900 1469.7
1168910 1473.7
1168920 1474.2
1168930 1474.2
1168940 1476.0
1168950 1476.6
1168960 1476.6
1168970 1480.6
1168980 1486.1
1168990 1486.1
1169000 1486.6
1169010 1486.7
1169020 1486.7
1169030 1486.2
1169040 1485.3
1169050 1485.3
1169060 1485.4
1169070 1484.5
1169080 1484.5
1169090 1484.7
1169100 1485.6
1169110 1485.6
1169120 1486.1
1169130 1485.6
1169140 1486.4
1169150 1486.4
1169160 1488.2
1169170 1489.9
1169180 1489.9
1169190 1492.0
1169200 1495.6
1169210 1495.6
1169220 1496.7
1169230 1496.5
1169240 1496.5
1169250 1504.6
1169260 1504.2
1169270 1504.2
1169280 1504.0
1169290 1504.9
1169300 1504.9
1169310 1505.6
1169320 1506.3
1169330 1506.3
1169340 1506.3
1169350 1505.5
1169360 1505.5
1169370 1504.1
1169380 1502.8
1169390 1502.8
1169400 1502.4
1169410 1502.6
1169420 1502.6
1169430 1500.3
1169440 1498.3
1169450 1499.1
1169460 1499.1
1169470 1498.6
1169480 1495.4
1169490 1495.4
1169500 1492.1
1169510 1488.5
1169520 1488.5
1169530 1486.9
1169540 1485.3
1169550 1485.3
1169560 1484.8
1169570 1486.9
1169580 1486.9
1169590 1488.0
1169600 1483.0
1169610 1483.0
1169620 1477.5
1169630 1474.4
1169640 1474.4
1169650 1480.1
1169660 1480.3
1169670 1480.3
1169680 1477.7
1169690 1473.9
1169700 1473.9
1169710 1472.5
1169720 1471.3
1169730 1471.3
1169740 1468.6
1169750 1465.5
1169760 1462.6
1169770 1462.6
1169780 1460.5
1169790 1460.3
1169800 1460.3
1169810 1460.7
1169820 1460.3
1169830 1460.3
1169840 1459.0
1169850 1457.1
1169860 1457.1
1169870 1455.9
1169880 1453.8
1169890 1453.8
1169900 1451.4
1169910 1446.4
1169920 1446.4
1169930 1439.4
1169940 1432.4
1169950 1432.4
1169960 1425.7
1169970 1419.4
1169980 1419.4
1169990 1413.7
1170000 1408.1
1170010 1408.1
1170020 1402.2
1170030 1396.4
1170040 1396.4
1170050 1391.0
1170060 1385.9
1170070 1381.2
1170080 1381.2
1170090 1377.1
1170100 1373.5
1170110 1373.5
1170120 1369.4
1170130 1365.2
1170140 1365.2
1170150 1360.8
1170160 1357.6
1170170 1357.6
1170180 1355.1
1170190 1354.3
1170200 1354.3
1170210 1353.7
1170220 1352.6
1170230 1352.6
1170240 1352.3
1170250 1351.1
1170260 1351.1
1170270 1348.5
1170280 1345.0
1170290 1345.0
1170300 1341.6
1170310 1339.3
1170320 1339.3
1170330 1339.1
1170340 1342.2
1170350 1342.2
1170360 1347.3
1170370 1352.3
1170380 1358.8
1170390 1358.8
1170400 1364.7
1170410 1364.6
1170420 1364.6
1170430 1360.2
1170440 1353.2
1170450 1353.2
1170460 1349.0
1170470 1342.3
1170480 1342.3
1170490 1340.0
1170500 1337.4
1170510 1337.4
1170520 1332.0
1170530 1329.2
1170540 1329.2
1170550 1336.3
1170560 1342.3
1170570 1342.3
1170580 1344.7
1170590 1346.3
1170600 1346.3
1170610 1347.9
1170620 1349.8
1170630 1349.8
1170640 1352.0
1170650 1353.3
1170660 1353.3
1170670 1355.3
1170680 1357.1
1170690 1359.6
1170700 1359.6
1170710 1362.1
1170720 1367.2
1170730 1367.2
1170740 1373.5
1170750 1380.3
1170760 1380.3
1170770 1387.3
1170780 1394.5
1170790 1394.5
1170800 1401.7
1170810 1409.1
1170820 1409.1
1170830 1417.0
1170840 1425.3
1170850 1425.3
1170860 1433.1
1170870 1443.1
1170880 1443.1
1170890 1452.3
1170900 1460.9
1170910 1460.9
1170920 1468.7
1170930 1474.0
1170940 1474.0
1170950 1477.5
1170960 1481.0
1170970 1481.0
1170980 1484.1
1170990 1487.1
1171000 1490.6
1171010 1490.6
1171020 1495.0
1171030 1499.4
1171040 1499.4
1171050 1503.4
1171060 1506.4
1171070 1506.4
1171080 1507.9
1171090 1509.0
1171100 1509.0
1171110 1511.0
1171120 1513.9
1171130 1513.9
1171140 1516.8
1171150 1520.2
1171160 1520.2
1171170 1523.1
1171180 1526.4
1171190 1526.4
1171200 1528.7
1171210 1531.0
1171220 1531.0
1171230 1534.0
1171240 1537.0
1171250 1537.0
1171260 1539.1
1171270 1540.6
1171280 1545.0
1171290 1548.9
1171300 1553.5
1171310 1558.1
1171320 1558.1
1171330 1561.1
1171340 1563.1
1171350 1563.1
1171360 1565.2
1171370 1568.7
1171380 1568.7
1171390 1573.2
1171400 1576.5
1171410 1576.5
1171420 1579.0
1171430 1581.4
1171440 1581.4
1171450 1583.9
1171460 1586.5
1171470 1586.5
1171480 1588.6
1171490 1588.2
1171500 1588.2
1171510 1588.5
1171520 1588.5
1171530 1588.5
1171540 1588.9
1171550 1590.1
1171560 1590.1
1171570 1593.1
1171580 1594.4
1171590 1594.4
1171600 1595.7
1171610 1597.0
1171620 1596.6
1171630 1596.6
1171640 1595.8
1171650 1595.2
1171660 1595.2
1171670 1594.8
1171680 1592.6
1171690 1598.0
1171700 1598.5
1171710 1601.9
1171720 1601.9
1171730 1601.9
1171740 1598.0
1171750 1598.0
1171760 1593.2
1171770 1595.9
1171780 1595.9
1171790 1599.5
1171800 1603.1
1171810 1603.1
1171820 1607.2
1171830 1607.6
1171840 1607.6
1171850 1608.2
1171860 1608.1
1171870 1608.1
1171880 1605.3
1171890 1603.9
1171900 1603.9
1171910 1607.9
1171920 1610.3
1171930 1611.4
1171940 1611.4
1171950 1609.9
1171960 1613.2
1171970 1613.2
1171980 1616.2
1171990 1612.0
1172000 1612.0
1172010 1610.2
1172020 1614.6
1172030 1614.6
1172040 1621.0
1172050 1621.4
1172060 1621.4
1172070 1622.8
1172080 1624.2
1172090 1632.8
1172100 1633.4
1172110 1633.6
1172120 1633.6
1172130 1637.6
1172140 1638.5
1172150 1638.5
1172160 1639.6
1172170 1640.0
1172180 1640.0
1172190 1640.4
1172200 1641.4
1172210 1641.4
1172220 1640.8
1172230 1640.7
1172240 1643.2
1172250 1643.2
1172260 1642.8
1172270 1637.4
1172280 1637.4
1172290 1632.6
1172300 1636.1
1172310 1636.1
1172320 1641.6
1172330 1636.3
1172340 1636.3
1172350 1641.0
1172360 1655.4
1172370 1655.4
1172380 1658.6
1172390 1659.8
1172400 1659.8
1172410 1660.7
1172420 1660.3
1172430 1660.3
1172440 1661.8
1172450 1663.5
1172460 1663.5
1172470 1664.1
1172480 1663.8
1172490 1663.8
1172500 1674.9
1172510 1672.7
1172520 1672.7
1172530 1673.5
1172540 1674.6
1172550 1673.0
1172560 1673.0
1172570 1672.3
1172580 1670.0
1172590 1670.0
1172600 1669.6
1172610 1669.7
1172620 1669.7
1172630 1670.6
1172640 1669.3
1172650 1669.3
1172660 1672.8
1172670 1675.3
1172680 1675.3
1172690 1675.1
1172700 1675.2
1172710 1675.2
1172720 1675.3
1172730 1675.8
1172740 1675.8
1172750 1677.4
1172760 1679.5
1172770 1679.5
1172780 1682.6
1172790 1685.7
1172800 1685.7
1172810 1687.6
1172820 1688.4
1172830 1688.4
1172840 1688.2
1172850 1686.9
1172860 1685.2
1172870 1685.2
1172880 1684.1
1172890 1682.4
1172900 1682.4
1172910 1682.7
1172920 1684.3
1172930 1684.3
1172940 1687.2
1172950 1691.3
1172960 1691.3
1172970 1695.4
1172980 1698.6
1172990 1698.6
1173000 1700.4
1173010 1701.8
1173020 1701.8
1173030 1703.8
1173040 1704.9
1173050 1704.9
1173060 1704.7
1173070 1707.4
1173080 1707.4
1173090 1709.0
1173100 1705.9
1173110 1705.9
1173120 1701.7
1173130 1700.6
1173140 1700.6
1173150 1698.2
1173160 1692.7
1173170 1686.9
1173180 1686.9
1173190 1683.2
1173200 1681.6
1173210 1681.6
1173220 1679.6
1173230 1678.2
1173240 1678.2
1173250 1675.5
1173260 1672.0
1173270 1672.0
1173280 1669.0
1173290 1665.7
1173300 1665.7
1173310 1663.1
1173320 1664.0
1173330 1664.0
1173340 1661.5
1173350 1659.4
1173360 1659.4
1173370 1657.2
1173380 1655.7
1173390 1655.7
1173400 1655.2
1173410 1653.6
1173420 1653.6
1173430 1651.9
1173440 1649.7
1173450 1649.7
1173460 1647.0
1173470 1643.6
1173480 1640.1
1173490 1640.1
1173500 1637.9
1173510 1636.7
1173520 1636.7
1173530 1636.8
1173540 1636.3
1173550 1636.3
1173560 1635.5
1173570 1634.6
1173580 1634.6
1173590 1634.9
1173600 1634.8
1173610 1634.8
1173620 1631.8
1173630 1623.9
1173640 1623.9
1173650 1612.7
1173660 1600.0
1173670 1600.0
1173680 1588.6
1173690 1580.3
1173700 1580.3
1173710 1571.6
1173720 1561.4
1173730 1562.9
1173740 1553.2
1173750 1543.5
1173760 1543.5
1173770 1534.9
1173780 1527.4
1173790 1520.7
1173800 1520.7
1173810 1514.4
1173820 1508.1
1173830 1508.1
1173840 1502.0
1173850 1495.4
1173860 1495.4
1173870 1488.9
1173880 1482.5
1173890 1482.5
1173900 1476.1
1173910 1470.4
1173920 1470.4
1173930 1465.7
1173940 1461.4
1173950 1461.4
1173960 1456.7
1173970 1450.1
1173980 1450.1
1173990 1440.9
1174000 1427.9
1174010 1427.9
1174020 1417.6
1174030 1407.4
1174040 1407.4
1174050 1397.3
1174060 1386.8
1174070 1386.8
1174080 1374.9
1174090 1364.5
1174100 1356.2
1174110 1356.2
1174120 1349.2
1174130 1341.3
1174140 1340.5
1174150 1331.3
1174160 1322.6
1174170 1322.6
1174180 1314.4
1174190 1304.4
1174200 1304.4
1174210 1293.8
1174220 1284.9
1174230 1284.9
1174240 1277.7
1174250 1271.5
1174260 1271.5
1174270 1265.4
1174280 1258.7
1174290 1258.7
1174300 1252.7
1174310 1247.2
1174320 1247.2
1174330 1241.8
1174340 1236.4
1174350 1236.4
1174360 1230.6
1174370 1224.5
1174380 1224.5
1174390 1219.4
1174400 1213.8
1174410 1208.1
1174420 1208.1
1174430 1202.8
1174440 1197.4
1174450 1197.4
1174460 1192.0
1174470 1186.6
1174480 1186.6
1174490 1181.2
1174500 1176.2
1174510 1176.2
1174520 1171.3
1174530 1166.9
1174540 1166.9
1174550 1165.2
1174560 1162.2
1174570 1162.2
1174580 1158.3
1174590 1153.5
1174600 1153.5
1174610 1147.7
1174620 1140.4
1174630 1140.4
1174640 1131.7
1174650 1123.5
1174660 1123.5
1174670 1119.1
1174680 1115.4
1174690 1115.4
1174700 1111.6
1174710 1107.5
1174720 1103.3
1174730 1103.3
1174740 1099.0
1174750 1094.7
1174760 1094.7
1174770 1090.5
1174780 1086.4
1174790 1086.4
1174800 1082.8
1174810 1079.3
1174820 1079.3
1174830 1076.0
1174840 1072.3
1174850 1072.3
1174860 1069.0
1174870 1065.5
1174880 1065.5
1174890 1062.0
1174900 1059.1
1174910 1059.1
1174920 1056.7
1174930 1053.9
1174940 1053.9
1174950 1050.8
1174960 1047.6
1174970 1047.3
1174980 1043.5
1174990 1038.6
1175000 1038.6
1175010 1033.9
1175020 1029.9
1175030 1026.4
1175040 1026.4
1175050 1024.1
1175060 1025.4
1175070 1025.4
1175080 1028.5
1175090 1030.2
1175100 1030.2
1175110 1029.9
1175120 1028.7
1175130 1028.7
1175140 1028.3
1175150 1027.8
1175160 1027.8
1175170 1027.3
1175180 1027.3
1175190 1027.3
1175200 1028.9
1175210 1031.9
1175220 1031.9
1175230 1034.6
1175240 1034.4
1175250 1034.4
1175260 1033.1
1175270 1032.4
1175280 1032.4
1175290 1031.3
1175300 1028.6
1175310 1028.6
1175320 1026.3
1175330 1024.2
1175340 1022.3
1175350 1022.3
1175360 1021.1
1175370 1019.2
1175380 1021.4
1175390 1016.7
1175400 1011.8
1175410 1011.8
1175420 1009.5
1175430 1010.1
1175440 1010.1
1175450 1010.5
1175460 1010.1
1175470 1010.1
1175480 1007.7
1175490 1003.7
1175500 1003.7
1175510 998.8
1175520 993.5
1175530 993.5
1175540 988.9
1175550 984.9
1175560 984.9
1175570 980.6
1175580 976.6
1175590 976.6
1175600 973.1
1175610 971.2
1175620 971.2
1175630 971.4
1175640 972.1
1175650 971.0
1175660 971.0
1175670 970.4
1175680 969.3
1175690 969.3
1175700 966.9
1175710 963.8
1175720 963.8
1175730 960.9
1175740 959.1
1175750 959.1
1175760 958.1
1175770 955.8
1175780 955.8
1175790 953.4
1175800 951.9
1175810 951.9
1175820 949.7
1175830 948.1
1175840 948.1
1175850 946.9
1175860 944.0
1175870 944.0
1175880 940.3
1175890 936.9
1175900 936.9
1175910 932.7
1175920 929.5
1175930 929.5
1175940 928.2
1175950 927.4
1175960 926.9
1175970 926.9
1175980 926.6
1175990 926.6
1176000 926.6
1176010 926.7
1176020 926.7
1176030 926.7
1176040 926.5
1176050 926.9
1176060 926.9
1176070 927.1
1176080 926.1
1176090 926.1
1176100 924.9
1176110 924.7
1176120 924.7
1176130 924.6
1176140 924.6
1176150 924.6
1176160 924.7
1176170 924.8
1176180 924.8
1176190 924.6
1176200 924.3
1176210 924.3
1176220 924.5
1176230 924.3
1176240 924.3
1176250 923.6
1176260 923.2
1176270 923.2
1176280 923.2
1176290 923.8
1176300 923.8
1176310 923.8
1176320 923.6
1176330 923.4
1176340 923.4
1176350 923.4
1176360 923.7
1176370 923.7
1176380 923.8
1176390 923.8
1176400 923.8
1176410 923.8
1176420 923.5
1176430 923.5
1176440 923.0
1176450 923.0
1176460 923.0
1176470 923.1
1176480 922.8
1176490 922.8
1176500 922.3
1176510 922.6
1176520 922.6
1176530 922.6
1176540 922.5
1176550 922.5
1176560 922.3
1176570 922.4
1176580 922.3
1176590 922.3
1176600 922.4
1176610 922.6
1176620 922.7
1176630 922.7
1176640 922.5
1176650 922.5
1176660 922.2
1176670 921.9
1176680 921.9
1176690 921.9
1176700 921.8
1176710 921.8
1176720 921.8
1176730 921.8
1176740 921.8
1176750 921.8
1176760 921.9
1176770 921.9
1176780 922.0
1176790 921.3
1176800 921.3
1176810 920.5
1176820 920.6
1176830 920.6
1176840 920.8
1176850 921.1
1176860 921.1
1176870 921.1
1176880 920.9
1176890 920.9
1176900 920.9
1176910 920.3
1176920 920.4
1176930 920.4
1176940 920.7
1176950 920.5
1176960 920.5
1176970 920.4
1176980 920.4
1176990 920.4
1177000 920.3
1177010 920.1
1177020 920.1
1177030 920.0
1177040 919.9
1177050 919.9
1177060 919.8
1177070 919.8
1177080 919.8
1177090 919.8
1177100 919.7
1177110 919.7
1177120 919.7
1177130 919.7
1177140 919.7
1177150 919.6
1177160 919.6
1177170 919.6
1177180 919.5
1177190 919.4
1177200 919.4
1177210 919.4
1177220 919.3
1177230 919.2
1177240 919.2
1177250 919.1
1177260 919.0
1177270 919.0
1177280 918.9
1177290 918.9
1177300 918.9
1177310 918.9
1177320 919.0
1177330 919.0
1177340 919.5
1177350 920.3
1177360 920.3
1177370 920.4
1177380 920.3
1177390 920.3
1177400 920.2
1177410 920.1
1177420 920.1
1177430 920.0
1177440 919.8
1177450 919.7
1177460 919.9
1177470 920.4
1177480 920.4
1177490 920.0
1177500 920.1
1177510 920.6
1177520 920.6
1177530 920.5
1177540 920.5
1177550 920.5
1177560 920.5
1177570 920.3
1177580 920.3
1177590 920.1
1177600 920.0
1177610 920.0
1177620 920.0
1177630 919.8
1177640 919.8
1177650 919.5
1177660 919.4
1177670 919.4
1177680 919.7
1177690 919.1
1177700 919.1
1177710 919.4
1177720 924.2
1177730 924.2
1177740 928.3
1177750 936.8
1177760 936.8
1177770 945.8
1177780 952.9
1177790 952.9
1177800 956.1
1177810 958.9
1177820 962.1
1177830 962.1
1177840 967.1
1177850 972.6
1177860 974.3
1177870 978.2
1177880 982.6
1177890 982.6
1177900 987.8
1177910 993.7
1177920 993.7
1177930 999.9
1177940 1005.6
1177950 1005.6
1177960 1011.4
1177970 1017.1
1177980 1017.1
1177990 1022.5
1178000 1027.5
1178010 1027.5
1178020 1032.5
1178030 1038.1
1178040 1038.1
1178050 1045.0
1178060 1053.0
1178070 1053.0
1178080 1060.8
1178090 1070.4
1178100 1070.4
1178110 1078.5
1178120 1084.0
1178130 1088.9
1178140 1088.9
1178150 1093.5
1178160 1096.7
1178170 1096.7
1178180 1102.8
1178190 1108.0
1178200 1108.0
1178210 1112.8
1178220 1119.1
1178230 1119.1
1178240 1122.8
1178250 1123.4
1178260 1123.4
1178270 1123.1
1178280 1128.6
1178290 1128.6
1178300 1132.3
1178310 1135.4
1178320 1135.4
1178330 1138.2
1178340 1141.2
1178350 1141.2
1178360 1145.4
1178370 1150.5
1178380 1150.5
1178390 1155.9
1178400 1161.1
1178410 1161.1
1178420 1166.0
1178430 1171.1
1178440 1176.2
1178450 1176.2
1178460 1181.8
1178470 1187.4
1178480 1187.4
1178490 1193.2
1178500 1198.9
1178510 1198.9
1178520 1204.4
1178530 1209.9
1178540 1209.9
1178550 1215.2
1178560 1220.6
1178570 1220.6
1178580 1226.0
1178590 1231.6
1178600 1231.6
1178610 1237.4
1178620 1242.7
1178630 1242.7
1178640 1247.9
1178650 1253.2
1178660 1253.2
1178670 1258.5
1178680 1263.0
1178690 1263.0
1178700 1272.0
1178710 1277.0
1178720 1277.0
1178730 1282.1
1178740 1287.2
1178750 1292.4
1178760 1292.4
1178770 1297.6
1178780 1302.8
1178790 1302.8
1178800 1308.2
1178810 1313.5
1178820 1313.5
1178830 1318.9
1178840 1324.3
1178850 1324.3
1178860 1329.3
1178870 1334.1
1178880 1334.1
1178890 1339.3
1178900 1345.0
1178910 1345.0
1178920 1351.1
1178930 1357.3
1178940 1357.3
1178950 1363.2
1178960 1369.1
1178970 1369.1
1178980 1375.2
1178990 1381.3
1179000 1381.3
1179010 1387.7
1179020 1394.0
1179030 1394.0
1179040 1400.0
1179050 1405.1
1179060 1410.1
1179070 1410.1
1179080 1415.6
1179090 1420.9
1179100 1420.9
1179110 1430.0
1179120 1434.9
1179130 1434.9
1179140 1439.0
1179150 1442.5
1179160 1442.5
1179170 1446.5
1179180 1451.5
1179190 1451.5
1179200 1457.8
1179210 1465.2
1179220 1465.2
1179230 1472.3
1179240 1478.1
1179250 1478.1
1179260 1483.7
1179270 1489.0
1179280 1489.0
1179290 1495.6
1179300 1504.9
1179310 1504.9
1179320 1519.0
1179330 1528.2
1179340 1528.2
1179350 1533.4
1179360 1540.8
1179370 1554.4
1179380 1554.4
1179390 1572.2
1179400 1600.4
1179410 1600.4
1179420 1613.4
1179430 1622.9
1179440 1622.9
1179450 1634.8
1179460 1643.9
1179470 1643.9
1179480 1652.1
1179490 1660.2
1179500 1660.2
1179510 1668.0
1179520 1678.1
1179530 1677.8
1179540 1686.1
1179550 1694.4
1179560 1694.4
1179570 1702.1
1179580 1710.1
1179590 1710.1
1179600 1717.2
1179610 1723.1
1179620 1723.1
1179630 1729.0
1179640 1737.0
1179650 1737.0
1179660 1746.5
1179670 1754.5
1179680 1761.1
1179690 1761.1
1179700 1765.6
1179710 1770.0
1179720 1770.0
1179730 1771.3
1179740 1774.3
1179750 1774.3
1179760 1781.9
1179770 1798.5
1179780 1798.5
1179790 1826.7
1179800 1843.3
1179810 1843.3
1179820 1853.3
1179830 1868.3
1179840 1868.3
1179850 1885.9
1179860 1890.3
1179870 1890.3
1179880 1891.4
1179890 1891.9
1179900 1891.9
1179910 1890.0
1179920 1886.1
1179930 1886.1
1179940 1882.2
1179950 1879.1
1179960 1879.1
1179970 1876.5
1179980 1874.8
1179990 1870.8
