1160800 1855.7
1160810 1855.7
1160820 1856.9
1160830 1862.6
1160840 1862.6
1160850 1868.3
1160860 1873.1
1160870 1873.1
1160880 1876.5
1160890 1877.8
1160900 1877.8
1160910 1879.2
1160920 1881.2
1160930 1881.2
1160940 1892.1
1160950 1901.8
1160960 1901.8
1160970 1909.4
1160980 1921.1
1160990 1928.4
1161000 1937.3
1161010 1948.4
1161020 1948.4
1161030 1958.0
1161040 1958.9
1161050 1959.5
1161060 1959.5
1161070 1969.1
1161080 1986.7
1161090 1986.7
1161100 1994.0
1161110 1998.3
1161120 1998.3
1161130 2002.8
1161140 2006.2
1161150 2006.2
1161160 2008.7
1161170 2011.5
1161180 2011.5
1161190 2012.7
1161200 2013.2
1161210 2013.2
1161220 2012.6
1161230 2002.2
1161240 2002.2
1161250 1997.7
1161260 1996.9
1161270 1996.9
1161280 1997.1
1161290 1999.0
1161300 1999.0
1161310 2002.4
1161320 2009.8
1161330 2009.8
1161340 2016.4
1161350 2025.9
1161360 2028.6
1161370 2028.6
1161380 2044.0
1161390 2052.9
1161400 2052.9
1161410 2066.2
1161420 2086.6
1161430 2086.6
1161440 2099.7
1161450 2108.3
1161460 2108.3
1161470 2114.9
1161480 2120.2
1161490 2120.2
1161500 2124.5
1161510 2128.5
1161520 2128.5
1161530 2133.8
1161540 2139.2
1161550 2139.2
1161560 2145.0
1161570 2150.6
1161580 2150.6
1161590 2156.5
1161600 2161.3
1161610 2161.3
1161620 2166.5
1161630 2172.6
1161640 2172.6
1161650 2178.0
1161660 2182.6
1161670 2187.1
1161680 2187.1
1161690 2191.6
1161700 2196.4
1161710 2196.4
1161720 2198.4
1161730 2192.1
1161740 2192.1
1161750 2182.4
1161760 2174.5
1161770 2174.5
1161780 2168.5
1161790 2161.9
1161800 2161.9
1161810 2155.0
1161820 2147.3
1161830 2147.3
1161840 2139.7
1161850 2132.5
1161860 2132.5
1161870 2125.3
1161880 2117.4
1161890 2117.4
1161900 2109.0
1161910 2100.5
1161920 2100.5
1161930 2091.8
1161940 2082.9
1161950 2082.9
1161960 2073.3
1161970 2064.3
1161980 2056.5
1161990 2056.5
1162000 2049.1
1162010 2041.9
1162020 2041.9
1162030 2035.0
1162040 2028.4
1162050 2028.4
1162060 2021.8
1162070 2015.2
1162080 2015.2
1162090 2009.1
1162100 2003.1
1162110 2003.1
1162120 1997.5
1162130 1992.1
1162140 1992.1
1162150 1986.7
1162160 1980.5
1162170 1977.2
1162180 1970.3
1162190 1964.8
1162200 1964.8
1162210 1962.3
1162220 1956.7
1162230 1956.7
1162240 1950.0
1162250 1942.2
1162260 1942.2
1162270 1932.8
1162280 1923.4
1162290 1914.9
1162300 1914.9
1162310 1907.5
1162320 1901.7
1162330 1901.7
1162340 1896.9
1162350 1893.7
1162360 1893.7
1162370 1892.5
1162380 1891.1
1162390 1891.1
1162400 1888.7
1162410 1884.8
1162420 1884.8
1162430 1877.8
1162440 1872.1
1162450 1872.1
1162460 1867.0
1162470 1859.0
1162480 1859.0
1162490 1851.1
1162500 1843.6
1162510 1843.6
1162520 1837.0
1162530 1830.3
1162540 1830.3
1162550 1821.6
1162560 1812.2
1162570 1802.4
1162580 1793.8
1162590 1787.4
1162600 1781.1
1162610 1781.1
1162620 1775.5
1162630 1770.2
1162640 1770.2
1162650 1764.9
1162660 1760.1
1162670 1760.1
1162680 1754.4
1162690 1748.2
1162700 1748.2
1162710 1742.1
1162720 1736.3
1162730 1736.3
1162740 1730.9
1162750 1725.6
1162760 1725.6
1162770 1720.1
1162780 1715.0
1162790 1715.0
1162800 1710.5
1162810 1705.4
1162820 1705.4
1162830 1700.2
1162840 1695.1
1162850 1695.1
1162860 1690.3
1162870 1685.6
1162880 1685.6
1162890 1681.3
1162900 1676.9
1162910 1672.5
1162920 1672.5
1162930 1668.2
1162940 1663.8
1162950 1663.8
1162960 1659.4
1162970 1655.8
1162980 1655.8
1162990 1651.5
1163000 1647.0
1163010 1647.0
1163020 1642.8
1163030 1638.5
1163040 1638.5
1163050 1634.5
1163060 1630.7
1163070 1630.7
1163080 1627.2
1163090 1623.5
1163100 1623.5
1163110 1619.4
1163120 1615.5
1163130 1615.5
1163140 1612.0
1163150 1608.2
1163160 1608.2
1163170 1604.7
1163180 1601.4
1163190 1601.4
1163200 1598.1
1163210 1595.0
1163220 1595.0
1163230 1591.6
1163240 1587.4
1163250 1583.7
1163260 1583.7
1163270 1580.7
1163280 1577.8
1163290 1577.8
1163300 1574.9
1163310 1571.9
1163320 1571.9
1163330 1568.1
1163340 1562.9
1163350 1562.9
1163360 1559.6
1163370 1556.8
1163380 1556.8
1163390 1553.9
1163400 1551.1
1163410 1551.1
1163420 1548.1
1163430 1544.8
1163440 1544.8
1163450 1542.0
1163460 1539.2
1163470 1539.2
1163480 1535.9
1163490 1531.8
1163500 1531.8
1163510 1526.0
1163520 1521.5
1163530 1521.5
1163540 1516.0
1163550 1509.9
1163560 1505.1
1163570 1505.1
1163580 1500.2
1163590 1495.8
1163600 1495.8
1163610 1491.3
1163620 1487.1
1163630 1487.1
1163640 1482.7
1163650 1478.3
1163660 1478.3
1163670 1473.1
1163680 1467.8
1163690 1467.8
1163700 1463.8
1163710 1458.6
1163720 1458.6
1163730 1452.7
1163740 1451.1
1163750 1451.1
1163760 1458.4
1163770 1455.0
1163780 1455.0
1163790 1451.7
1163800 1447.8
1163810 1447.8
1163820 1442.4
1163830 1434.8
1163840 1434.8
1163850 1426.3
1163860 1418.3
1163870 1413.3
1163880 1413.3
1163890 1413.9
1163900 1416.9
1163910 1416.9
1163920 1417.1
1163930 1415.5
1163940 1415.5
1163950 1413.4
1163960 1410.3
1163970 1410.3
1163980 1407.2
1163990 1403.5
1164000 1403.5
1164010 1399.8
1164020 1396.4
1164030 1396.4
1164040 1392.4
1164050 1387.9
1164060 1387.9
1164070 1383.0
1164080 1378.0
1164090 1378.0
1164100 1373.4
1164110 1369.6
1164120 1369.6
1164130 1366.0
1164140 1362.7
1164150 1362.7
1164160 1360.5
1164170 1356.7
1164180 1353.1
1164190 1353.1
1164200 1349.7
1164210 1346.2
1164220 1346.2
1164230 1342.3
1164240 1340.0
1164250 1340.0
1164260 1337.4
1164270 1333.4
1164280 1333.4
1164290 1328.3
1164300 1323.5
1164310 1323.5
1164320 1319.4
1164330 1315.7
1164340 1315.7
1164350 1312.0
1164360 1308.5
1164370 1308.5
1164380 1304.1
1164390 1298.2
1164400 1298.2
1164410 1292.4
1164420 1284.9
1164430 1284.9
1164440 1276.6
1164450 1268.7
1164460 1268.7
1164470 1261.8
1164480 1255.5
1164490 1250.0
1164500 1250.0
1164510 1247.0
1164520 1245.4
1164530 1245.4
1164540 1244.3
1164550 1243.7
1164560 1244.6
1164570 1243.6
1164580 1240.8
1164590 1240.8
1164600 1238.3
1164610 1238.0
1164620 1238.0
1164630 1239.5
1164640 1238.7
1164650 1238.7
1164660 1237.5
1164670 1237.4
1164680 1237.4
1164690 1239.0
1164700 1240.7
1164710 1240.7
1164720 1242.1
1164730 1245.5
1164740 1245.5
1164750 1249.5
1164760 1254.5
1164770 1254.5
1164780 1258.8
1164790 1263.9
1164800 1268.2
1164810 1268.2
1164820 1270.0
1164830 1274.4
1164840 1274.4
1164850 1282.7
1164860 1291.3
1164870 1291.3
1164880 1297.6
1164890 1303.1
1164900 1303.1
1164910 1310.8
1164920 1320.1
1164930 1320.1
1164940 1326.1
1164950 1334.5
1164960 1342.9
1164970 1351.8
1164980 1359.5
1164990 1359.5
1165000 1361.6
1165010 1362.8
1165020 1362.8
1165030 1367.3
1165040 1379.1
1165050 1379.1
1165060 1387.4
1165070 1394.2
1165080 1394.2
1165090 1396.1
1165100 1395.3
1165110 1398.5
1165120 1398.5
1165130 1404.0
1165140 1407.4
1165150 1407.4
1165160 1414.1
1165170 1426.3
1165180 1426.3
1165190 1432.1
1165200 1434.6
1165210 1434.6
1165220 1432.8
1165230 1430.5
1165240 1430.5
1165250 1428.0
1165260 1426.4
1165270 1426.4
1165280 1431.0
1165290 1438.9
1165300 1438.9
1165310 1448.1
1165320 1454.8
1165330 1454.8
1165340 1451.2
1165350 1449.1
1165360 1462.4
1165370 1461.1
1165380 1458.5
1165390 1458.5
1165400 1455.7
1165410 1454.5
1165420 1454.8
1165430 1454.8
1165440 1455.0
1165450 1453.4
1165460 1453.4
1165470 1450.1
1165480 1445.7
1165490 1445.7
1165500 1442.2
1165510 1440.0
1165520 1440.0
1165530 1434.2
1165540 1433.1
1165550 1433.1
1165560 1442.1
1165570 1445.0
1165580 1445.0
1165590 1445.8
1165600 1445.4
1165610 1445.4
1165620 1447.2
1165630 1453.5
1165640 1453.5
1165650 1461.0
1165660 1469.9
1165670 1469.9
1165680 1477.9
1165690 1484.4
1165700 1484.4
1165710 1487.9
1165720 1489.4
1165730 1491.1
1165740 1491.1
1165750 1492.2
1165760 1500.2
1165770 1500.2
1165780 1501.3
1165790 1501.9
1165800 1501.9
1165810 1501.3
1165820 1501.8
1165830 1501.8
1165840 1500.8
1165850 1501.3
1165860 1501.3
1165870 1503.4
1165880 1507.0
1165890 1507.0
1165900 1510.8
1165910 1513.6
1165920 1513.6
1165930 1516.5
1165940 1518.9
1165950 1518.9
1165960 1520.6
1165970 1522.9
1165980 1522.9
1165990 1523.8
1166000 1523.4
1166010 1523.4
1166020 1522.8
1166030 1522.1
1166040 1521.3
1166050 1521.3
1166060 1519.7
1166070 1520.0
1166080 1520.0
1166090 1520.4
1166100 1520.9
1166110 1520.9
1166120 1521.7
1166130 1520.6
1166140 1520.6
1166150 1521.7
1166160 1523.8
1166170 1523.8
1166180 1524.1
1166190 1526.3
1166200 1526.3
1166210 1527.8
1166220 1530.9
1166230 1530.9
1166240 1533.0
1166250 1534.8
1166260 1534.8
1166270 1535.6
1166280 1535.9
1166290 1535.9
1166300 1537.1
1166310 1540.4
1166320 1540.4
1166330 1543.0
1166340 1545.2
1166350 1549.2
1166360 1549.2
1166370 1554.3
1166380 1557.6
1166390 1557.6
1166400 1560.4
1166410 1562.3
1166420 1562.3
1166430 1565.1
1166440 1567.9
1166450 1567.9
1166460 1572.6
1166470 1578.1
1166480 1578.1
1166490 1582.5
1166500 1586.7
1166510 1586.7
1166520 1588.9
1166530 1592.0
1166540 1592.0
1166550 1596.7
1166560 1608.0
1166570 1608.0
1166580 1610.6
1166590 1608.3
1166600 1608.3
1166610 1607.6
1166620 1606.3
1166630 1606.3
1166640 1605.0
1166650 1605.3
1166660 1608.1
1166670 1608.1
1166680 1614.3
1166690 1618.6
1166700 1618.6
1166710 1621.3
1166720 1624.4
1166730 1624.4
1166740 1627.4
1166750 1629.9
1166760 1629.9
1166770 1630.2
1166780 1630.8
1166790 1630.8
1166800 1631.7
1166810 1631.8
1166820 1631.8
1166830 1631.4
1166840 1631.2
1166850 1631.2
1166860 1631.9
1166870 1634.1
1166880 1634.1
1166890 1636.1
1166900 1637.7
1166910 1637.7
1166920 1639.6
1166930 1641.2
1166940 1641.2
1166950 1642.4
1166960 1649.0
1166970 1650.5
1166980 1650.5
1166990 1651.1
1167000 1651.8
1167010 1651.8
1167020 1652.4
1167030 1652.5
1167040 1652.5
1167050 1651.5
1167060 1650.3
1167070 1650.3
1167080 1647.9
1167090 1645.4
1167100 1645.4
1167110 1644.9
1167120 1641.6
1167130 1641.6
1167140 1638.5
1167150 1633.8
1167160 1633.8
1167170 1626.7
1167180 1618.7
1167190 1618.7
1167200 1612.4
1167210 1610.1
1167220 1610.1
1167230 1610.8
1167240 1612.6
1167250 1612.6
1167260 1611.3
1167270 1610.5
1167280 1610.5
1167290 1602.1
1167300 1597.0
1167310 1599.1
1167320 1599.1
1167330 1609.4
1167340 1611.1
1167350 1611.1
1167360 1615.7
1167370 1604.3
1167380 1604.3
1167390 1593.8
1167400 1581.1
1167410 1581.1
1167420 1582.6
1167430 1579.2
1167440 1579.2
1167450 1577.6
1167460 1582.2
1167470 1582.2
1167480 1592.0
1167490 1599.1
1167500 1599.1
1167510 1595.4
1167520 1590.5
1167530 1590.5
1167540 1584.0
1167550 1577.9
1167560 1577.9
1167570 1572.1
1167580 1567.0
1167590 1567.0
1167600 1563.6
1167610 1558.3
1167620 1544.6
1167630 1544.6
1167640 1537.8
1167650 1535.7
1167660 1535.7
1167670 1529.0
1167680 1517.5
1167690 1517.5
1167700 1508.3
1167710 1500.6
1167720 1500.6
1167730 1493.4
1167740 1486.5
1167750 1486.5
1167760 1479.0
1167770 1476.6
1167780 1476.6
1167790 1469.8
1167800 1461.2
1167810 1461.2
1167820 1452.6
1167830 1444.6
1167840 1444.6
1167850 1437.0
1167860 1430.1
1167870 1430.1
1167880 1423.6
1167890 1417.0
1167900 1417.0
1167910 1410.1
1167920 1403.3
1167930 1396.4
1167940 1396.4
1167950 1389.7
1167960 1383.0
1167970 1383.0
1167980 1376.3
1167990 1370.0
1168000 1370.0
1168010 1364.1
1168020 1359.5
1168030 1359.5
1168040 1355.4
1168050 1351.0
1168060 1351.0
1168070 1346.6
1168080 1342.4
1168090 1342.4
1168100 1338.3
1168110 1334.9
1168120 1334.9
1168130 1331.7
1168140 1328.5
1168150 1328.5
1168160 1325.7
1168170 1327.1
1168180 1327.1
1168190 1327.4
1168200 1328.1
1168210 1328.1
1168220 1327.1
1168230 1325.6
1168240 1324.7
1168250 1324.7
1168260 1323.0
1168270 1321.0
1168280 1321.0
1168290 1319.6
1168300 1319.0
1168310 1319.0
1168320 1317.8
1168330 1314.1
1168340 1314.1
1168350 1309.2
1168360 1303.8
1168370 1303.8
1168380 1298.0
1168390 1292.1
1168400 1292.1
1168410 1286.1
1168420 1280.2
1168430 1280.2
1168440 1275.7
1168450 1271.9
1168460 1271.9
1168470 1268.0
1168480 1265.2
1168490 1265.2
1168500 1264.0
1168510 1262.5
1168520 1262.5
1168530 1261.1
1168540 1258.2
1168550 1252.3
1168560 1252.3
1168570 1248.2
1168580 1251.3
1168590 1251.3
1168600 1257.7
1168610 1265.2
1168620 1265.2
1168630 1268.3
1168640 1269.9
1168650 1269.9
1168660 1273.4
1168670 1277.5
1168680 1277.5
1168690 1280.5
1168700 1283.3
1168710 1283.3
1168720 1286.5
1168730 1287.3
1168740 1287.3
1168750 1288.3
1168760 1291.5
1168770 1291.5
1168780 1295.9
1168790 1299.9
1168800 1299.9
1168810 1302.9
1168820 1304.8
1168830 1304.8
1168840 1305.9
1168850 1306.0
1168860 1307.1
1168870 1307.1
1168880 1308.2
1168890 1309.5
1168900 1309.5
1168910 1310.8
1168920 1311.9
1168930 1311.9
1168940 1312.7
1168950 1312.9
1168960 1312.9
1168970 1312.2
1168980 1321.0
1168990 1321.0
1169000 1322.7
1169010 1323.6
1169020 1323.6
1169030 1323.1
1169040 1324.3
1169050 1324.3
1169060 1326.4
1169070 1326.4
1169080 1326.4
1169090 1324.1
1169100 1319.4
1169110 1319.4
1169120 1315.6
1169130 1317.6
1169140 1317.6
1169150 1318.8
1169160 1317.4
1169170 1316.1
1169180 1316.1
1169190 1315.5
1169200 1316.0
1169210 1316.0
1169220 1319.0
1169230 1319.2
1169240 1319.2
1169250 1317.9
1169260 1317.5
1169270 1317.5
1169280 1316.3
1169290 1316.1
1169300 1316.1
1169310 1316.8
1169320 1316.1
1169330 1316.1
1169340 1315.6
1169350 1315.4
1169360 1315.4
1169370 1315.1
1169380 1320.9
1169390 1320.9
1169400 1321.9
1169410 1321.9
1169420 1321.9
1169430 1322.4
1169440 1324.7
1169450 1324.7
1169460 1326.9
1169470 1328.9
1169480 1330.8
1169490 1330.8
1169500 1332.5
1169510 1334.1
1169520 1334.1
1169530 1334.6
1169540 1332.9
1169550 1332.9
1169560 1334.5
1169570 1337.4
1169580 1337.4
1169590 1340.5
1169600 1344.8
1169610 1344.8
1169620 1348.8
1169630 1351.9
1169640 1351.9
1169650 1349.5
1169660 1345.7
1169670 1345.7
1169680 1343.1
1169690 1341.5
1169700 1341.5
1169710 1341.7
1169720 1345.5
1169730 1345.5
1169740 1349.3
1169750 1349.9
1169760 1349.9
1169770 1349.4
1169780 1350.0
1169790 1353.5
1169800 1353.5
1169810 1354.5
1169820 1355.9
1169830 1355.9
1169840 1357.1
1169850 1357.4
1169860 1357.4
1169870 1358.0
1169880 1357.9
1169890 1357.9
1169900 1358.5
1169910 1359.1
1169920 1359.1
1169930 1359.2
1169940 1358.4
1169950 1358.4
1169960 1357.4
1169970 1357.4
1169980 1357.4
1169990 1359.4
1170000 1361.9
1170010 1361.9
1170020 1358.5
1170030 1352.0
1170040 1352.0
1170050 1345.5
1170060 1341.4
1170070 1341.4
1170080 1338.4
1170090 1334.1
1170100 1330.8
1170110 1330.8
1170120 1328.0
1170130 1324.3
1170140 1324.3
1170150 1321.6
1170160 1318.8
1170170 1318.8
1170180 1316.5
1170190 1319.3
1170200 1319.3
1170210 1318.5
1170220 1317.6
1170230 1317.6
1170240 1315.6
1170250 1315.5
1170260 1315.5
1170270 1315.5
1170280 1309.6
1170290 1309.6
1170300 1302.9
1170310 1297.0
1170320 1297.0
1170330 1292.7
1170340 1289.3
1170350 1289.3
1170360 1286.6
1170370 1284.4
1170380 1284.4
1170390 1280.7
1170400 1278.5
1170410 1279.6
1170420 1279.6
1170430 1277.3
1170440 1273.0
1170450 1273.0
1170460 1276.8
1170470 1281.1
1170480 1281.1
1170490 1282.2
1170500 1285.6
1170510 1285.6
1170520 1292.7
1170530 1300.1
1170540 1300.1
1170550 1306.8
1170560 1311.1
1170570 1311.1
1170580 1311.1
1170590 1312.2
1170600 1314.0
1170610 1317.5
1170620 1320.6
1170630 1320.6
1170640 1324.0
1170650 1329.0
1170660 1329.0
1170670 1335.1
1170680 1341.4
1170690 1341.4
1170700 1347.9
1170710 1353.6
1170720 1359.0
1170730 1359.0
1170740 1363.6
1170750 1365.3
1170760 1365.3
1170770 1365.6
1170780 1367.8
1170790 1367.8
1170800 1370.4
1170810 1372.6
1170820 1372.6
1170830 1374.8
1170840 1377.5
1170850 1377.5
1170860 1379.7
1170870 1382.5
1170880 1382.5
1170890 1386.5
1170900 1389.5
1170910 1389.5
1170920 1391.8
1170930 1394.3
1170940 1394.3
1170950 1397.1
1170960 1400.2
1170970 1400.2
1170980 1402.7
1170990 1404.9
1171000 1404.9
1171010 1409.7
1171020 1410.2
1171030 1410.6
1171040 1410.6
1171050 1411.0
1171060 1411.5
1171070 1411.5
1171080 1411.6
1171090 1412.2
1171100 1412.2
1171110 1412.8
1171120 1413.4
1171130 1413.4
1171140 1413.6
1171150 1413.0
1171160 1413.0
1171170 1412.3
1171180 1412.4
1171190 1412.4
1171200 1412.0
1171210 1410.9
1171220 1410.9
1171230 1411.9
1171240 1412.7
1171250 1412.7
1171260 1412.6
1171270 1412.3
1171280 1412.3
1171290 1412.1
1171300 1413.1
1171310 1413.1
1171320 1414.2
1171330 1415.3
1171340 1416.9
1171350 1416.9
1171360 1420.0
1171370 1423.7
1171380 1423.7
1171390 1426.9
1171400 1430.2
1171410 1437.0
1171420 1439.9
1171430 1441.8
1171440 1441.8
1171450 1443.0
1171460 1444.2
1171470 1444.2
1171480 1445.6
1171490 1447.0
1171500 1447.0
1171510 1448.4
1171520 1449.2
1171530 1449.2
1171540 1450.1
1171550 1450.2
1171560 1450.2
1171570 1450.1
1171580 1450.1
1171590 1450.1
1171600 1450.3
1171610 1450.0
1171620 1450.0
1171630 1449.2
1171640 1449.3
1171650 1449.3
1171660 1449.3
1171670 1449.8
1171680 1450.0
1171690 1450.0
1171700 1449.3
1171710 1449.1
1171720 1449.1
1171730 1449.9
1171740 1451.9
1171750 1451.9
1171760 1453.3
1171770 1451.1
1171780 1451.1
1171790 1450.4
1171800 1451.4
1171810 1451.4
1171820 1460.8
1171830 1467.5
1171840 1467.5
1171850 1470.0
1171860 1471.2
1171870 1471.2
1171880 1471.5
1171890 1472.0
1171900 1472.0
1171910 1474.0
1171920 1474.0
1171930 1474.0
1171940 1474.0
1171950 1474.0
1171960 1474.2
1171970 1474.2
1171980 1475.0
1171990 1476.7
1172000 1476.7
1172010 1474.7
1172020 1476.9
1172030 1476.9
1172040 1477.4
1172050 1477.4
1172060 1477.4
1172070 1480.4
1172080 1482.5
1172090 1482.5
1172100 1481.8
1172110 1481.9
1172120 1481.9
1172130 1483.2
1172140 1485.8
1172150 1485.8
1172160 1486.4
1172170 1486.3
1172180 1486.3
1172190 1487.2
1172200 1487.2
1172210 1487.2
1172220 1480.8
1172230 1477.8
1172240 1477.8
1172250 1479.6
1172260 1483.9
1172270 1490.6
1172280 1490.6
1172290 1496.1
1172300 1495.9
1172310 1495.9
1172320 1495.5
1172330 1495.2
1172340 1495.2
1172350 1494.4
1172360 1492.3
1172370 1492.3
1172380 1488.6
1172390 1489.6
1172400 1489.6
1172410 1490.0
1172420 1494.7
1172430 1494.7
1172440 1497.6
1172450 1499.0
1172460 1499.0
1172470 1501.3
1172480 1502.8
1172490 1502.8
1172500 1504.4
1172510 1505.1
1172520 1505.1
1172530 1505.8
1172540 1509.3
1172550 1509.3
1172560 1511.9
1172570 1513.3
1172580 1513.3
1172590 1514.5
1172600 1515.2
1172610 1515.9
1172620 1515.9
1172630 1516.1
1172640 1520.0
1172650 1520.0
1172660 1520.0
1172670 1519.8
1172680 1519.8
1172690 1520.6
1172700 1521.4
1172710 1521.4
1172720 1522.9
1172730 1524.6
1172740 1524.6
1172750 1526.4
1172760 1528.4
1172770 1528.4
1172780 1530.3
1172790 1531.4
1172800 1531.4
1172810 1531.8
1172820 1531.8
1172830 1531.8
1172840 1531.6
1172850 1530.9
1172860 1530.9
1172870 1529.8
1172880 1529.9
1172890 1529.9
1172900 1530.8
1172910 1531.6
1172920 1531.6
1172930 1531.6
1172940 1531.0
1172950 1529.8
1172960 1529.8
1172970 1528.9
1172980 1527.9
1172990 1527.9
1173000 1526.9
1173010 1526.4
1173020 1526.4
1173030 1526.2
1173040 1525.3
1173050 1529.6
1173060 1528.0
1173070 1527.2
1173080 1527.2
1173090 1526.1
1173100 1524.6
1173110 1524.6
1173120 1522.9
1173130 1522.3
1173140 1522.3
1173150 1521.6
1173160 1520.5
1173170 1520.5
1173180 1519.9
1173190 1519.7
1173200 1519.7
1173210 1518.5
1173220 1519.1
1173230 1519.0
1173240 1519.0
1173250 1518.9
1173260 1517.2
1173270 1517.2
1173280 1515.9
1173290 1514.8
1173300 1514.8
1173310 1513.9
1173320 1512.5
1173330 1512.5
1173340 1511.2
1173350 1510.3
1173360 1510.3
1173370 1508.2
1173380 1505.7
1173390 1505.7
1173400 1505.7
1173410 1504.9
1173420 1504.9
1173430 1503.1
1173440 1502.7
1173450 1502.7
1173460 1513.8
1173470 1517.8
1173480 1517.8
1173490 1518.3
1173500 1517.6
1173510 1517.6
1173520 1516.7
1173530 1515.9
1173540 1514.4
1173550 1514.4
1173560 1513.0
1173570 1512.9
1173580 1512.9
1173590 1512.0
1173600 1510.7
1173610 1510.7
1173620 1509.7
1173630 1508.7
1173640 1508.7
1173650 1508.0
1173660 1507.8
1173670 1507.8
1173680 1507.6
1173690 1507.8
1173700 1507.8
1173710 1508.1
1173720 1508.5
1173730 1508.5
1173740 1509.3
1173750 1510.2
1173760 1510.2
1173770 1510.6
1173780 1510.3
1173790 1510.3
1173800 1509.3
1173810 1508.1
1173820 1508.1
1173830 1505.5
1173840 1502.0
1173850 1498.6
1173860 1498.6
1173870 1496.5
1173880 1490.0
1173890 1490.0
1173900 1485.7
1173910 1480.5
1173920 1480.5
1173930 1473.4
1173940 1464.7
1173950 1464.7
1173960 1456.6
1173970 1449.5
1173980 1449.5
1173990 1443.0
1174000 1437.0
1174010 1437.0
1174020 1431.3
1174030 1425.6
1174040 1425.6
1174050 1420.1
1174060 1414.3
1174070 1414.3
1174080 1406.2
1174090 1396.3
1174100 1396.3
1174110 1385.7
1174120 1377.0
1174130 1377.0
1174140 1369.7
1174150 1360.8
1174160 1351.3
1174170 1351.3
1174180 1342.4
1174190 1334.2
1174200 1334.2
1174210 1326.3
1174220 1318.7
1174230 1318.7
1174240 1311.5
1174250 1304.5
1174260 1304.5
1174270 1297.8
1174280 1293.0
1174290 1293.0
1174300 1287.8
1174310 1283.5
1174320 1283.5
1174330 1278.4
1174340 1273.0
1174350 1273.0
1174360 1267.2
1174370 1262.0
1174380 1262.0
1174390 1257.2
1174400 1252.0
1174410 1252.0
1174420 1246.6
1174430 1240.5
1174440 1240.5
1174450 1234.5
1174460 1228.8
1174470 1223.5
1174480 1223.5
1174490 1218.7
1174500 1213.9
1174510 1213.9
1174520 1208.7
1174530 1203.4
1174540 1203.4
1174550 1199.2
1174560 1195.5
1174570 1195.5
1174580 1192.9
1174590 1188.6
1174600 1188.6
1174610 1184.2
1174620 1179.9
1174630 1179.9
1174640 1176.8
1174650 1173.0
1174660 1173.0
1174670 1167.2
1174680 1161.6
1174690 1162.9
1174700 1159.0
1174710 1155.2
1174720 1155.2
1174730 1151.6
1174740 1148.2
1174750 1148.2
1174760 1143.8
1174770 1134.6
1174780 1125.8
1174790 1125.8
1174800 1118.7
1174810 1112.4
1174820 1112.4
1174830 1106.9
1174840 1101.6
1174850 1101.6
1174860 1096.5
1174870 1092.1
1174880 1092.1
1174890 1089.6
1174900 1087.9
1174910 1087.9
1174920 1085.7
1174930 1083.5
1174940 1083.5
1174950 1081.3
1174960 1079.5
1174970 1079.5
1174980 1078.1
1174990 1076.7
1175000 1076.7
1175010 1075.2
1175020 1073.6
1175030 1073.6
1175040 1072.1
1175050 1070.3
1175060 1070.3
1175070 1068.2
1175080 1066.3
1175090 1064.6
1175100 1065.7
1175110 1064.1
1175120 1063.0
1175130 1063.0
1175140 1063.0
1175150 1062.1
1175160 1062.1
1175170 1059.8
1175180 1057.7
1175190 1057.7
1175200 1055.8
1175210 1054.1
1175220 1054.1
1175230 1052.9
1175240 1051.2
1175250 1051.2
1175260 1049.4
1175270 1046.8
1175280 1046.8
1175290 1044.1
1175300 1042.5
1175310 1042.5
1175320 1041.1
1175330 1040.5
1175340 1040.5
1175350 1039.6
1175360 1037.6
1175370 1037.6
1175380 1036.3
1175390 1035.3
1175400 1034.1
1175410 1034.1
1175420 1032.8
1175430 1032.6
1175440 1032.6
1175450 1031.9
1175460 1029.7
1175470 1029.7
1175480 1026.9
1175490 1023.5
1175500 1023.5
1175510 1019.9
1175520 1017.0
1175530 1017.0
1175540 1013.7
1175550 1012.2
1175560 1012.2
1175570 1009.9
1175580 1008.5
1175590 1008.5
1175600 1008.3
1175610 1007.3
1175620 1007.3
1175630 1005.4
1175640 1003.2
1175650 1003.2
1175660 1001.9
1175670 999.8
1175680 999.8
1175690 997.4
1175700 995.3
1175710 992.3
1175720 992.3
1175730 987.6
1175740 982.5
1175750 982.5
1175760 977.3
1175770 972.1
1175780 972.1
1175790 967.2
1175800 963.4
1175810 963.4
1175820 960.8
1175830 958.4
1175840 958.4
1175850 956.9
1175860 956.8
1175870 956.8
1175880 955.5
1175890 953.5
1175900 953.5
1175910 951.3
1175920 949.1
1175930 950.7
1175940 949.8
1175950 946.7
1175960 946.7
1175970 943.3
1175980 941.0
1175990 941.0
1176000 940.1
1176010 939.3
1176020 938.2
1176030 938.2
1176040 937.2
1176050 937.0
1176060 937.0
1176070 937.4
1176080 936.8
1176090 936.8
1176100 933.3
1176110 931.6
1176120 931.6
1176130 931.0
1176140 929.6
1176150 929.6
1176160 927.4
1176170 925.5
1176180 925.5
1176190 924.5
1176200 923.7
1176210 923.7
1176220 923.2
1176230 923.0
1176240 923.0
1176250 923.1
1176260 923.1
1176270 923.1
1176280 923.1
1176290 923.0
1176300 923.0
1176310 922.2
1176320 921.8
1176330 922.0
1176340 921.9
1176350 922.0
1176360 922.1
1176370 922.1
1176380 922.2
1176390 922.1
1176400 922.1
1176410 922.1
1176420 921.7
1176430 921.7
1176440 922.1
1176450 922.1
1176460 922.1
1176470 922.1
1176480 922.0
1176490 922.0
1176500 922.0
1176510 921.8
1176520 921.8
1176530 921.8
1176540 922.1
1176550 922.1
1176560 922.2
1176570 922.1
1176580 922.1
1176590 922.2
1176600 922.2
1176610 922.2
1176620 921.6
1176630 921.6
1176640 921.3
1176650 921.3
1176660 921.3
1176670 921.2
1176680 921.2
1176690 920.8
1176700 921.0
1176710 921.0
1176720 920.9
1176730 921.0
1176740 921.0
1176750 921.0
1176760 921.2
1176770 921.2
1176780 920.9
1176790 921.1
1176800 921.1
1176810 921.1
1176820 920.8
1176830 920.8
1176840 920.7
1176850 920.8
1176860 920.8
1176870 920.7
1176880 920.2
1176890 920.2
1176900 920.1
1176910 920.3
1176920 920.3
1176930 920.2
1176940 920.0
1176950 920.2
1176960 920.2
1176970 920.2
1176980 920.1
1176990 920.1
1177000 919.9
1177010 919.8
1177020 919.8
1177030 919.9
1177040 919.4
1177050 919.4
1177060 918.6
1177070 918.8
1177080 918.8
1177090 918.6
1177100 918.6
1177110 918.6
1177120 918.6
1177130 918.5
1177140 918.5
1177150 917.8
1177160 917.7
1177170 918.0
1177180 918.0
1177190 917.7
1177200 917.7
1177210 917.3
1177220 917.3
1177230 917.3
1177240 917.7
1177250 918.0
1177260 918.0
1177270 918.0
1177280 917.8
1177290 917.8
1177300 917.8
1177310 917.4
1177320 917.5
1177330 917.5
1177340 918.0
1177350 917.7
1177360 917.7
1177370 917.7
1177380 917.7
1177390 917.7
1177400 917.8
1177410 917.5
1177420 917.5
1177430 917.5
1177440 917.5
1177450 917.5
1177460 917.5
1177470 917.5
1177480 917.5
1177490 917.5
1177500 917.6
1177510 917.6
1177520 917.4
1177530 917.3
1177540 917.3
1177550 917.4
1177560 917.5
1177570 917.5
1177580 917.5
1177590 918.5
1177600 918.8
1177610 918.8
1177620 918.4
1177630 918.9
1177640 918.9
1177650 918.8
1177660 918.5
1177670 918.5
1177680 918.1
1177690 917.9
1177700 917.9
1177710 918.4
1177720 918.9
1177730 918.9
1177740 918.3
1177750 920.3
1177760 920.3
1177770 924.5
1177780 927.2
1177790 927.2
1177800 935.5
1177810 943.0
1177820 943.0
1177830 946.0
1177840 947.5
1177850 947.5
1177860 952.7
1177870 958.0
1177880 957.8
1177890 957.8
1177900 957.1
1177910 958.8
1177920 958.8
1177930 962.3
1177940 967.0
1177950 967.0
1177960 972.4
1177970 977.5
1177980 977.5
1177990 981.8
1178000 988.5
1178010 988.5
1178020 993.7
1178030 1000.0
1178040 1000.0
1178050 1006.7
1178060 1014.4
1178070 1014.4
1178080 1023.8
1178090 1029.3
1178100 1029.3
1178110 1034.3
1178120 1039.3
1178130 1039.3
1178140 1043.8
1178150 1048.4
1178160 1048.4
1178170 1055.2
1178180 1064.6
1178190 1072.2
1178200 1072.2
1178210 1078.4
1178220 1084.8
1178230 1084.8
1178240 1091.0
1178250 1099.9
1178260 1099.9
1178270 1106.4
1178280 1111.0
1178290 1111.0
1178300 1115.8
1178310 1119.6
1178320 1119.6
1178330 1122.8
1178340 1128.4
1178350 1128.4
1178360 1135.1
1178370 1138.2
1178380 1138.2
1178390 1138.9
1178400 1139.4
1178410 1139.4
1178420 1137.4
1178430 1140.9
1178440 1140.9
1178450 1146.6
1178460 1152.1
1178470 1152.1
1178480 1155.9
1178490 1155.9
1178500 1156.9
1178510 1156.9
1178520 1159.4
1178530 1161.4
1178540 1161.4
1178550 1163.5
1178560 1166.5
1178570 1166.5
1178580 1169.7
1178590 1174.3
1178600 1174.3
1178610 1178.5
1178620 1183.1
1178630 1183.1
1178640 1188.0
1178650 1193.1
1178660 1193.1
1178670 1198.3
1178680 1203.7
1178690 1203.7
1178700 1209.5
1178710 1215.3
1178720 1215.3
1178730 1220.9
1178740 1226.9
1178750 1226.9
1178760 1232.9
1178770 1238.7
1178780 1238.7
1178790 1244.4
1178800 1250.3
1178810 1256.4
1178820 1256.4
1178830 1262.8
1178840 1271.4
1178850 1271.4
1178860 1277.8
1178870 1283.9
1178880 1283.9
1178890 1289.6
1178900 1295.1
1178910 1295.1
1178920 1300.5
1178930 1305.8
1178940 1305.8
1178950 1311.4
1178960 1317.3
1178970 1317.3
1178980 1323.2
1178990 1329.0
1179000 1329.0
1179010 1335.0
1179020 1340.6
1179030 1340.6
1179040 1346.0
1179050 1351.7
1179060 1351.7
1179070 1357.7
1179080 1364.1
1179090 1364.1
1179100 1370.8
1179110 1377.3
1179120 1383.6
1179130 1383.6
1179140 1390.2
1179150 1396.8
1179160 1396.8
1179170 1403.3
1179180 1409.6
1179190 1409.6
1179200 1415.8
1179210 1422.6
1179220 1422.6
1179230 1430.2
1179240 1438.1
1179250 1439.5
1179260 1446.8
1179270 1454.9
1179280 1454.9
1179290 1462.9
1179300 1469.8
1179310 1469.8
1179320 1475.2
1179330 1479.3
1179340 1479.3
1179350 1483.8
1179360 1490.7
1179370 1490.7
1179380 1499.9
1179390 1508.1
1179400 1508.1
1179410 1515.3
1179420 1522.1
1179430 1528.8
1179440 1528.8
1179450 1535.4
1179460 1540.2
1179470 1540.2
1179480 1545.6
1179490 1553.6
1179500 1553.6
1179510 1561.8
1179520 1567.4
1179530 1567.4
1179540 1573.2
1179550 1580.4
1179560 1580.4
1179570 1591.0
1179580 1601.5
1179590 1601.5
1179600 1609.5
1179610 1618.0
1179620 1618.0
1179630 1627.0
1179640 1634.6
1179650 1634.6
1179660 1644.7
1179670 1660.5
1179680 1660.5
1179690 1673.3
1179700 1684.4
1179710 1684.4
1179720 1694.3
1179730 1705.1
1179740 1718.2
1179750 1718.2
1179760 1730.5
1179770 1737.6
1179780 1737.6
1179790 1743.8
1179800 1750.3
1179810 1750.3
1179820 1759.0
1179830 1767.5
1179840 1767.5
1179850 1773.9
1179860 1776.1
1179870 1776.1
1179880 1777.7
1179890 1779.4
1179900 1779.4
1179910 1778.9
1179920 1773.9
1179930 1773.9
1179940 1767.4
1179950 1760.6
1179960 1760.6
1179970 1754.4
1179980 1749.9
1179990 1749.9
