1161060 1654.5
1161070 1654.5
1161080 1657.8
1161090 1666.3
1161100 1666.3
1161110 1673.7
1161120 1683.5
1161130 1683.5
1161140 1695.6
1161150 1710.5
1161160 1710.5
1161170 1719.1
1161180 1720.5
1161190 1728.2
1161200 1728.2
1161210 1740.7
1161220 1748.1
1161230 1748.1
1161240 1755.0
1161250 1764.0
1161260 1764.0
1161270 1772.3
1161280 1776.6
1161290 1776.6
1161300 1780.6
1161310 1784.8
1161320 1787.3
1161330 1791.9
1161340 1795.2
1161350 1795.2
1161360 1798.9
1161370 1804.1
1161380 1804.1
1161390 1809.8
1161400 1814.6
1161410 1814.6
1161420 1817.2
1161430 1815.3
1161440 1815.3
1161450 1818.5
1161460 1828.7
1161470 1828.7
1161480 1837.5
1161490 1847.4
1161500 1847.4
1161510 1856.8
1161520 1865.5
1161530 1874.1
1161540 1874.1
1161550 1884.7
1161560 1896.9
1161570 1896.9
1161580 1905.9
1161590 1914.1
1161600 1914.1
1161610 1921.0
1161620 1927.7
1161630 1927.7
1161640 1936.9
1161650 1948.7
1161660 1948.7
1161670 1957.2
1161680 1964.3
1161690 1964.3
1161700 1971.7
1161710 1981.2
1161720 1990.3
1161730 1996.8
1161740 2003.6
1161750 2003.6
1161760 2010.6
1161770 2017.9
1161780 2017.9
1161790 2028.7
1161800 2028.1
1161810 2028.1
1161820 2017.2
1161830 2006.0
1161840 1996.3
1161850 1996.3
1161860 1988.9
1161870 1981.9
1161880 1981.9
1161890 1976.4
1161900 1970.5
1161910 1970.5
1161920 1963.5
1161930 1955.5
1161940 1955.5
1161950 1949.3
1161960 1945.0
1161970 1945.0
1161980 1939.6
1161990 1934.2
1162000 1934.2
1162010 1926.5
1162020 1919.6
1162030 1919.6
1162040 1914.1
1162050 1908.7
1162060 1908.7
1162070 1903.3
1162080 1897.5
1162090 1897.5
1162100 1891.1
1162110 1883.1
1162120 1883.1
1162130 1875.0
1162140 1869.0
1162150 1864.0
1162160 1864.0
1162170 1857.8
1162180 1851.1
1162190 1851.1
1162200 1844.6
1162210 1838.1
1162220 1838.1
1162230 1834.1
1162240 1831.8
1162250 1831.8
1162260 1829.8
1162270 1830.3
1162280 1830.3
1162290 1836.7
1162300 1838.1
1162310 1838.1
1162320 1832.8
1162330 1826.2
1162340 1826.2
1162350 1821.4
1162360 1817.0
1162370 1817.0
1162380 1813.2
1162390 1808.9
1162400 1808.9
1162410 1805.4
1162420 1801.9
1162430 1801.9
1162440 1800.1
1162450 1798.4
1162460 1792.8
1162470 1792.8
1162480 1788.4
1162490 1792.5
1162500 1792.5
1162510 1788.0
1162520 1776.3
1162530 1776.3
1162540 1760.3
1162550 1750.3
1162560 1750.3
1162570 1744.6
1162580 1740.6
1162590 1740.6
1162600 1735.0
1162610 1729.4
1162620 1729.4
1162630 1725.4
1162640 1721.5
1162650 1721.5
1162660 1716.1
1162670 1710.4
1162680 1710.4
1162690 1705.6
1162700 1700.4
1162710 1700.4
1162720 1695.7
1162730 1689.9
1162740 1689.9
1162750 1684.0
1162760 1678.2
1162770 1672.1
1162780 1672.1
1162790 1667.7
1162800 1666.3
1162810 1666.3
1162820 1664.3
1162830 1662.1
1162840 1662.1
1162850 1660.2
1162860 1656.9
1162870 1656.9
1162880 1653.1
1162890 1649.8
1162900 1649.8
1162910 1642.4
1162920 1640.1
1162930 1640.1
1162940 1638.4
1162950 1637.1
1162960 1637.1
1162970 1635.1
1162980 1634.7
1162990 1634.7
1163000 1633.9
1163010 1632.7
1163020 1632.7
1163030 1629.9
1163040 1628.4
1163050 1628.4
1163060 1624.8
1163070 1623.7
1163080 1622.8
1163090 1622.8
1163100 1619.4
1163110 1615.1
1163120 1615.1
1163130 1611.3
1163140 1607.0
1163150 1607.0
1163160 1600.3
1163170 1594.2
1163180 1594.2
1163190 1589.3
1163200 1585.1
1163210 1585.1
1163220 1574.7
1163230 1569.3
1163240 1569.3
1163250 1576.5
1163260 1577.9
1163270 1577.9
1163280 1573.1
1163290 1574.6
1163300 1564.7
1163310 1571.9
1163320 1575.6
1163330 1575.6
1163340 1572.3
1163350 1566.1
1163360 1566.1
1163370 1560.6
1163380 1555.2
1163390 1555.2
1163400 1550.3
1163410 1544.5
1163420 1545.0
1163430 1545.0
1163440 1549.7
1163450 1547.9
1163460 1547.9
1163470 1543.7
1163480 1546.9
1163490 1546.9
1163500 1546.2
1163510 1540.4
1163520 1540.4
1163530 1536.0
1163540 1533.7
1163550 1533.7
1163560 1534.3
1163570 1537.1
1163580 1537.1
1163590 1534.9
1163600 1535.5
1163610 1535.5
1163620 1535.6
1163630 1534.9
1163640 1534.9
1163650 1532.2
1163660 1531.0
1163670 1531.0
1163680 1529.8
1163690 1528.1
1163700 1521.6
1163710 1516.4
1163720 1508.6
1163730 1505.8
1163740 1505.8
1163750 1503.3
1163760 1500.3
1163770 1500.3
1163780 1490.8
1163790 1481.1
1163800 1481.1
1163810 1478.4
1163820 1475.4
1163830 1475.4
1163840 1474.8
1163850 1473.9
1163860 1473.9
1163870 1474.2
1163880 1475.7
1163890 1475.7
1163900 1472.6
1163910 1468.4
1163920 1468.4
1163930 1464.6
1163940 1460.9
1163950 1460.9
1163960 1457.9
1163970 1453.9
1163980 1453.9
1163990 1450.9
1164000 1449.5
1164010 1449.5
1164020 1449.0
1164030 1448.2
1164040 1447.9
1164050 1447.9
1164060 1449.1
1164070 1449.0
1164080 1449.0
1164090 1449.7
1164100 1442.7
1164110 1442.7
1164120 1441.8
1164130 1440.1
1164140 1440.1
1164150 1438.6
1164160 1437.2
1164170 1437.2
1164180 1435.6
1164190 1433.5
1164200 1433.5
1164210 1430.3
1164220 1427.0
1164230 1427.0
1164240 1423.7
1164250 1420.4
1164260 1420.4
1164270 1417.4
1164280 1415.2
1164290 1415.2
1164300 1413.5
1164310 1412.9
1164320 1412.9
1164330 1413.8
1164340 1412.4
1164350 1415.5
1164360 1415.5
1164370 1416.5
1164380 1415.9
1164390 1415.9
1164400 1415.0
1164410 1413.9
1164420 1413.9
1164430 1413.1
1164440 1407.7
1164450 1407.7
1164460 1404.9
1164470 1405.3
1164480 1405.3
1164490 1402.9
1164500 1394.2
1164510 1394.2
1164520 1396.2
1164530 1394.7
1164540 1394.7
1164550 1391.7
1164560 1389.0
1164570 1389.0
1164580 1388.1
1164590 1385.5
1164600 1385.5
1164610 1381.0
1164620 1378.5
1164630 1378.5
1164640 1377.0
1164650 1373.9
1164660 1370.9
1164670 1370.9
1164680 1367.4
1164690 1365.1
1164700 1365.1
1164710 1363.9
1164720 1361.0
1164730 1361.0
1164740 1359.0
1164750 1357.2
1164760 1357.2
1164770 1354.1
1164780 1352.8
1164790 1352.8
1164800 1350.7
1164810 1347.0
1164820 1347.0
1164830 1341.8
1164840 1337.9
1164850 1337.9
1164860 1336.4
1164870 1335.9
1164880 1335.9
1164890 1336.0
1164900 1331.3
1164910 1331.3
1164920 1330.9
1164930 1329.3
1164940 1329.3
1164950 1327.1
1164960 1324.7
1164970 1322.8
1164980 1322.8
1164990 1320.3
1165000 1316.8
1165010 1316.8
1165020 1315.4
1165030 1312.2
1165040 1312.2
1165050 1309.1
1165060 1305.6
1165070 1305.6
1165080 1301.7
1165090 1299.0
1165100 1299.0
1165110 1295.4
1165120 1291.5
1165130 1291.5
1165140 1288.7
1165150 1285.8
1165160 1285.8
1165170 1283.2
1165180 1281.4
1165190 1281.4
1165200 1279.8
1165210 1279.6
1165220 1279.6
1165230 1281.1
1165240 1281.0
1165250 1281.0
1165260 1277.3
1165270 1278.4
1165280 1278.4
1165290 1278.4
1165300 1273.4
1165310 1273.2
1165320 1273.2
1165330 1272.6
1165340 1270.9
1165350 1270.9
1165360 1269.2
1165370 1267.0
1165380 1267.0
1165390 1264.1
1165400 1261.1
1165410 1261.1
1165420 1258.7
1165430 1256.2
1165440 1256.2
1165450 1253.0
1165460 1250.0
1165470 1250.0
1165480 1247.3
1165490 1244.8
1165500 1244.8
1165510 1243.1
1165520 1241.1
1165530 1241.1
1165540 1239.3
1165550 1238.3
1165560 1238.3
1165570 1237.9
1165580 1237.7
1165590 1237.7
1165600 1237.6
1165610 1237.2
1165620 1237.0
1165630 1237.0
1165640 1236.9
1165650 1235.8
1165660 1235.8
1165670 1233.8
1165680 1233.2
1165690 1233.2
1165700 1233.9
1165710 1233.4
1165720 1233.4
1165730 1228.9
1165740 1222.0
1165750 1222.0
1165760 1216.8
1165770 1213.2
1165780 1213.2
1165790 1209.6
1165800 1207.2
1165810 1207.2
1165820 1202.1
1165830 1196.9
1165840 1196.9
1165850 1192.8
1165860 1189.6
1165870 1189.6
1165880 1187.7
1165890 1185.5
1165900 1185.5
1165910 1185.0
1165920 1184.5
1165930 1184.7
1165940 1184.7
1165950 1184.6
1165960 1184.5
1165970 1184.5
1165980 1183.0
1165990 1180.8
1166000 1180.8
1166010 1178.7
1166020 1177.6
1166030 1177.6
1166040 1177.3
1166050 1176.9
1166060 1176.9
1166070 1176.6
1166080 1175.8
1166090 1175.8
1166100 1174.4
1166110 1174.0
1166120 1174.0
1166130 1173.5
1166140 1173.2
1166150 1173.2
1166160 1173.1
1166170 1172.4
1166180 1172.4
1166190 1171.8
1166200 1171.4
1166210 1171.4
1166220 1171.0
1166230 1170.7
1166240 1170.7
1166250 1170.7
1166260 1170.4
1166270 1170.3
1166280 1170.3
1166290 1170.3
1166300 1170.1
1166310 1170.1
1166320 1170.2
1166330 1170.0
1166340 1170.0
1166350 1169.8
1166360 1169.5
1166370 1169.5
1166380 1169.0
1166390 1169.0
1166400 1169.0
1166410 1170.2
1166420 1170.2
1166430 1170.2
1166440 1169.9
1166450 1173.3
1166460 1173.3
1166470 1177.2
1166480 1177.6
1166490 1177.6
1166500 1175.5
1166510 1175.3
1166520 1175.3
1166530 1175.4
1166540 1175.5
1166550 1175.7
1166560 1175.7
1166570 1175.7
1166580 1175.1
1166590 1175.1
1166600 1172.8
1166610 1170.6
1166620 1170.6
1166630 1168.3
1166640 1166.0
1166650 1166.0
1166660 1164.1
1166670 1163.0
1166680 1163.0
1166690 1162.4
1166700 1162.3
1166710 1162.3
1166720 1162.2
1166730 1160.9
1166740 1160.9
1166750 1159.7
1166760 1158.9
1166770 1158.9
1166780 1158.6
1166790 1158.5
1166800 1158.5
1166810 1158.2
1166820 1158.0
1166830 1158.0
1166840 1157.5
1166850 1157.1
1166860 1156.8
1166870 1156.8
1166880 1156.1
1166890 1156.0
1166900 1156.0
1166910 1155.2
1166920 1154.8
1166930 1154.8
1166940 1154.5
1166950 1154.1
1166960 1154.1
1166970 1153.7
1166980 1153.3
1166990 1153.3
1167000 1153.0
1167010 1152.9
1167020 1152.9
1167030 1152.9
1167040 1153.1
1167050 1153.1
1167060 1153.0
1167070 1152.8
1167080 1152.8
1167090 1152.6
1167100 1152.2
1167110 1152.2
1167120 1151.9
1167130 1151.7
1167140 1151.7
1167150 1151.4
1167160 1151.2
1167170 1151.0
1167180 1151.0
1167190 1150.7
1167200 1150.6
1167210 1150.6
1167220 1150.4
1167230 1150.2
1167240 1150.2
1167250 1149.7
1167260 1149.5
1167270 1149.5
1167280 1149.2
1167290 1149.0
1167300 1149.0
1167310 1148.6
1167320 1148.3
1167330 1148.3
1167340 1148.1
1167350 1148.0
1167360 1148.0
1167370 1147.9
1167380 1147.7
1167390 1147.7
1167400 1147.4
1167410 1147.1
1167420 1147.1
1167430 1146.8
1167440 1146.4
1167450 1146.4
1167460 1146.2
1167470 1146.1
1167480 1146.1
1167490 1145.7
1167500 1145.4
1167510 1145.2
1167520 1145.2
1167530 1145.0
1167540 1144.9
1167550 1144.9
1167560 1144.7
1167570 1144.5
1167580 1144.5
1167590 1144.3
1167600 1146.2
1167610 1146.2
1167620 1151.0
1167630 1157.6
1167640 1157.6
1167650 1165.2
1167660 1164.6
1167670 1164.6
1167680 1161.4
1167690 1159.2
1167700 1159.2
1167710 1166.2
1167720 1166.5
1167730 1166.5
1167740 1166.3
1167750 1166.1
1167760 1166.1
1167770 1165.7
1167780 1165.4
1167790 1165.4
1167800 1165.2
1167810 1164.9
1167820 1164.6
1167830 1164.6
1167840 1164.2
1167850 1164.0
1167860 1164.0
1167870 1163.6
1167880 1163.4
1167890 1163.4
1167900 1163.1
1167910 1162.7
1167920 1162.7
1167930 1162.3
1167940 1162.0
1167950 1162.0
1167960 1161.9
1167970 1161.6
1167980 1161.6
1167990 1161.4
1168000 1161.2
1168010 1161.2
1168020 1161.0
1168030 1160.8
1168040 1160.8
1168050 1160.8
1168060 1161.6
1168070 1161.6
1168080 1163.2
1168090 1165.2
1168100 1165.2
1168110 1167.6
1168120 1168.5
1168130 1164.4
1168140 1164.4
1168150 1162.5
1168160 1165.8
1168170 1165.8
1168180 1167.5
1168190 1172.4
1168200 1172.4
1168210 1176.8
1168220 1177.2
1168230 1177.2
1168240 1177.3
1168250 1177.0
1168260 1177.0
1168270 1176.6
1168280 1176.0
1168290 1176.0
1168300 1176.0
1168310 1176.1
1168320 1176.1
1168330 1176.7
1168340 1178.1
1168350 1178.1
1168360 1180.4
1168370 1181.3
1168380 1181.3
1168390 1181.6
1168400 1182.4
1168410 1182.4
1168420 1182.5
1168430 1184.4
1168440 1189.1
1168450 1189.1
1168460 1192.5
1168470 1194.9
1168480 1194.9
1168490 1198.0
1168500 1200.7
1168510 1204.4
1168520 1205.0
1168530 1205.5
1168540 1205.5
1168550 1205.8
1168560 1206.0
1168570 1206.0
1168580 1206.1
1168590 1206.4
1168600 1206.4
1168610 1206.4
1168620 1206.6
1168630 1206.6
1168640 1206.9
1168650 1206.9
1168660 1206.9
1168670 1207.2
1168680 1207.5
1168690 1207.5
1168700 1205.1
1168710 1200.2
1168720 1200.2
1168730 1195.0
1168740 1188.5
1168750 1182.0
1168760 1182.0
1168770 1178.1
1168780 1174.8
1168790 1174.8
1168800 1169.6
1168810 1167.8
1168820 1167.8
1168830 1164.7
1168840 1162.2
1168850 1162.2
1168860 1166.1
1168870 1172.6
1168880 1172.6
1168890 1179.5
1168900 1186.6
1168910 1186.6
1168920 1194.8
1168930 1199.6
1168940 1199.6
1168950 1206.0
1168960 1209.2
1168970 1209.2
1168980 1208.9
1168990 1208.8
1169000 1208.8
1169010 1208.8
1169020 1209.1
1169030 1209.1
1169040 1208.5
1169050 1208.0
1169060 1207.6
1169070 1207.6
1169080 1207.0
1169090 1205.9
1169100 1205.9
1169110 1201.4
1169120 1196.1
1169130 1196.1
1169140 1193.5
1169150 1193.7
1169160 1193.7
1169170 1196.9
1169180 1199.9
1169190 1199.9
1169200 1200.7
1169210 1195.6
1169220 1195.6
1169230 1190.3
1169240 1188.2
1169250 1188.2
1169260 1188.3
1169270 1188.6
1169280 1188.6
1169290 1190.6
1169300 1190.7
1169310 1190.7
1169320 1198.1
1169330 1197.7
1169340 1197.7
1169350 1196.7
1169360 1195.8
1169370 1194.6
1169380 1194.6
1169390 1193.3
1169400 1192.6
1169410 1192.6
1169420 1191.6
1169430 1190.8
1169440 1190.8
1169450 1189.9
1169460 1188.1
1169470 1188.1
1169480 1184.8
1169490 1181.0
1169500 1181.0
1169510 1176.6
1169520 1172.0
1169530 1172.0
1169540 1167.8
1169550 1164.4
1169560 1164.4
1169570 1163.7
1169580 1166.6
1169590 1166.6
1169600 1169.5
1169610 1169.8
1169620 1169.8
1169630 1169.7
1169640 1169.5
1169650 1169.5
1169660 1169.9
1169670 1170.3
1169680 1170.1
1169690 1170.1
1169700 1169.8
1169710 1170.3
1169720 1170.3
1169730 1173.9
1169740 1173.9
1169750 1173.9
1169760 1174.4
1169770 1174.4
1169780 1174.4
1169790 1174.4
1169800 1174.2
1169810 1174.2
1169820 1173.9
1169830 1173.3
1169840 1173.3
1169850 1172.8
1169860 1172.8
1169870 1172.8
1169880 1173.7
1169890 1174.7
1169900 1174.7
1169910 1175.1
1169920 1175.3
1169930 1175.3
1169940 1175.9
1169950 1176.5
1169960 1176.5
1169970 1175.7
1169980 1174.4
1169990 1174.4
1170000 1173.2
1170010 1172.8
1170020 1171.9
1170030 1171.9
1170040 1171.6
1170050 1172.1
1170060 1172.1
1170070 1172.7
1170080 1172.6
1170090 1172.6
1170100 1172.1
1170110 1172.8
1170120 1172.8
1170130 1174.5
1170140 1175.2
1170150 1175.2
1170160 1175.8
1170170 1177.0
1170180 1177.0
1170190 1177.8
1170200 1178.7
1170210 1178.7
1170220 1179.2
1170230 1180.1
1170240 1180.1
1170250 1180.6
1170260 1180.9
1170270 1180.9
1170280 1180.8
1170290 1181.6
1170300 1181.6
1170310 1181.7
1170320 1177.9
1170330 1173.1
1170340 1173.1
1170350 1174.3
1170360 1180.1
1170370 1180.1
1170380 1185.0
1170390 1186.2
1170400 1186.2
1170410 1186.2
1170420 1186.6
1170430 1186.6
1170440 1185.7
1170450 1186.4
1170460 1186.4
1170470 1187.3
1170480 1185.0
1170490 1185.0
1170500 1178.0
1170510 1170.6
1170520 1170.6
1170530 1163.0
1170540 1159.9
1170550 1159.9
1170560 1155.0
1170570 1147.3
1170580 1147.3
1170590 1147.5
1170600 1152.5
1170610 1152.5
1170620 1154.2
1170630 1154.2
1170640 1157.8
1170650 1157.8
1170660 1160.7
1170670 1161.7
1170680 1161.7
1170690 1160.8
1170700 1160.4
1170710 1160.4
1170720 1160.8
1170730 1160.6
1170740 1160.6
1170750 1160.0
1170760 1159.6
1170770 1159.6
1170780 1159.7
1170790 1158.0
1170800 1158.0
1170810 1156.5
1170820 1156.7
1170830 1156.7
1170840 1158.0
1170850 1161.9
1170860 1161.9
1170870 1166.3
1170880 1170.0
1170890 1170.0
1170900 1172.7
1170910 1175.7
1170920 1175.7
1170930 1177.3
1170940 1176.0
1170950 1177.1
1170960 1177.1
1170970 1176.3
1170980 1175.3
1170990 1175.3
1171000 1174.1
1171010 1173.1
1171020 1173.1
1171030 1172.3
1171040 1170.9
1171050 1170.9
1171060 1169.8
1171070 1169.2
1171080 1169.2
1171090 1168.5
1171100 1167.7
1171110 1167.7
1171120 1166.8
1171130 1165.9
1171140 1165.9
1171150 1165.1
1171160 1164.2
1171170 1164.2
1171180 1163.1
1171190 1161.7
1171200 1161.7
1171210 1158.8
1171220 1157.5
1171230 1157.5
1171240 1158.1
1171250 1158.7
1171260 1158.4
1171270 1158.4
1171280 1157.5
1171290 1156.8
1171300 1156.8
1171310 1156.1
1171320 1155.9
1171330 1155.9
1171340 1155.3
1171350 1155.2
1171360 1155.2
1171370 1155.9
1171380 1157.0
1171390 1157.0
1171400 1158.2
1171410 1158.4
1171420 1158.4
1171430 1157.3
1171440 1156.7
1171450 1156.7
1171460 1156.6
1171470 1155.7
1171480 1155.7
1171490 1154.0
1171500 1152.0
1171510 1152.0
1171520 1150.6
1171530 1149.4
1171540 1149.4
1171550 1148.7
1171560 1148.4
1171570 1147.7
1171580 1147.7
1171590 1148.0
1171600 1148.8
1171610 1148.8
1171620 1149.8
1171630 1149.8
1171640 1149.8
1171650 1149.4
1171660 1148.3
1171670 1148.3
1171680 1147.7
1171690 1142.7
1171700 1142.7
1171710 1137.1
1171720 1137.3
1171730 1137.3
1171740 1143.1
1171750 1146.3
1171760 1148.8
1171770 1150.5
1171780 1151.1
1171790 1151.1
1171800 1151.5
1171810 1150.6
1171820 1150.6
1171830 1147.8
1171840 1144.2
1171850 1144.2
1171860 1140.2
1171870 1143.6
1171880 1142.8
1171890 1142.8
1171900 1138.6
1171910 1136.6
1171920 1136.6
1171930 1140.1
1171940 1144.5
1171950 1144.5
1171960 1144.7
1171970 1142.1
1171980 1142.1
1171990 1136.2
1172000 1139.6
1172010 1139.6
1172020 1147.0
1172030 1148.6
1172040 1148.6
1172050 1148.9
1172060 1147.8
1172070 1147.8
1172080 1146.0
1172090 1145.4
1172100 1145.4
1172110 1145.1
1172120 1144.0
1172130 1144.0
1172140 1143.3
1172150 1143.4
1172160 1143.4
1172170 1147.1
1172180 1147.5
1172190 1147.5
1172200 1146.9
1172210 1146.4
1172220 1146.2
1172230 1146.2
1172240 1147.6
1172250 1148.7
1172260 1148.7
1172270 1149.2
1172280 1148.8
1172290 1148.8
1172300 1145.5
1172310 1137.2
1172320 1137.2
1172330 1126.6
1172340 1125.3
1172350 1125.3
1172360 1129.7
1172370 1132.9
1172380 1132.9
1172390 1136.3
1172400 1138.1
1172410 1138.1
1172420 1137.0
1172430 1135.9
1172440 1135.9
1172450 1135.7
1172460 1135.6
1172470 1135.6
1172480 1134.9
1172490 1134.1
1172500 1134.1
1172510 1134.8
1172520 1134.1
1172530 1133.1
1172540 1133.1
1172550 1133.2
1172560 1133.0
1172570 1133.0
1172580 1136.4
1172590 1136.1
1172600 1136.1
1172610 1135.5
1172620 1136.3
1172630 1136.3
1172640 1137.0
1172650 1137.4
1172660 1137.4
1172670 1136.3
1172680 1135.5
1172690 1135.5
1172700 1135.6
1172710 1136.2
1172720 1136.2
1172730 1134.2
1172740 1132.0
1172750 1132.0
1172760 1132.0
1172770 1132.5
1172780 1132.5
1172790 1132.4
1172800 1132.1
1172810 1132.1
1172820 1128.4
1172830 1123.9
1172840 1125.8
1172850 1125.8
1172860 1127.5
1172870 1128.5
1172880 1128.5
1172890 1127.5
1172900 1122.6
1172910 1122.6
1172920 1118.1
1172930 1115.1
1172940 1115.1
1172950 1119.9
1172960 1121.4
1172970 1121.4
1172980 1117.6
1172990 1122.4
1173000 1122.4
1173010 1124.0
1173020 1123.6
1173030 1123.6
1173040 1124.3
1173050 1122.1
1173060 1122.1
1173070 1122.3
1173080 1122.4
1173090 1122.4
1173100 1123.8
1173110 1121.8
1173120 1121.8
1173130 1118.6
1173140 1119.1
1173150 1121.8
1173160 1121.8
1173170 1124.8
1173180 1129.9
1173190 1129.9
1173200 1135.7
1173210 1139.9
1173220 1139.9
1173230 1141.3
1173240 1142.8
1173250 1142.8
1173260 1144.0
1173270 1145.0
1173280 1145.0
1173290 1146.4
1173300 1147.9
1173310 1147.9
1173320 1149.3
1173330 1150.7
1173340 1150.7
1173350 1151.6
1173360 1152.6
1173370 1152.6
1173380 1153.8
1173390 1154.5
1173400 1161.7
1173410 1162.0
1173420 1162.7
1173430 1162.7
1173440 1163.4
1173450 1163.6
1173460 1163.8
1173470 1163.8
1173480 1163.9
1173490 1164.7
1173500 1164.7
1173510 1165.9
1173520 1167.0
1173530 1167.0
1173540 1168.1
1173550 1168.8
1173560 1168.8
1173570 1169.3
1173580 1169.9
1173590 1169.9
1173600 1170.6
1173610 1171.1
1173620 1171.1
1173630 1171.5
1173640 1171.4
1173650 1171.4
1173660 1170.3
1173670 1168.9
1173680 1168.9
1173690 1167.9
1173700 1167.0
1173710 1167.0
1173720 1165.9
1173730 1164.6
1173740 1164.6
1173750 1163.2
1173760 1160.9
1173770 1160.4
1173780 1160.4
1173790 1160.1
1173800 1159.8
1173810 1165.8
1173820 1164.8
1173830 1163.7
1173840 1163.7
1173850 1162.4
1173860 1161.1
1173870 1161.1
1173880 1159.8
1173890 1156.4
1173900 1156.4
1173910 1153.3
1173920 1152.9
1173930 1152.9
1173940 1150.8
1173950 1148.1
1173960 1148.1
1173970 1146.1
1173980 1143.6
1173990 1143.6
1174000 1142.9
1174010 1142.5
1174020 1142.5
1174030 1141.3
1174040 1139.5
1174050 1139.5
1174060 1138.0
1174070 1137.0
1174080 1136.7
1174090 1136.7
1174100 1135.7
1174110 1123.4
1174120 1123.4
1174130 1109.3
1174140 1109.6
1174150 1109.6
1174160 1099.9
1174170 1100.5
1174180 1100.5
1174190 1089.7
1174200 1070.9
1174210 1070.9
1174220 1065.9
1174230 1059.2
1174240 1059.2
1174250 1054.2
1174260 1045.9
1174270 1045.9
1174280 1031.7
1174290 1017.9
1174300 1017.9
1174310 1025.0
1174320 1031.5
1174330 1031.5
1174340 1033.7
1174350 1045.4
1174360 1045.4
1174370 1066.2
1174380 1084.4
1174390 1092.6
1174400 1092.6
1174410 1101.9
1174420 1110.7
1174430 1110.7
1174440 1110.9
1174450 1110.5
1174460 1110.5
1174470 1109.2
1174480 1107.8
1174490 1107.8
1174500 1106.5
1174510 1106.9
1174520 1106.9
1174530 1101.4
1174540 1092.1
1174550 1092.1
1174560 1062.4
1174570 1035.8
1174580 1035.8
1174590 1015.0
1174600 1003.1
1174610 1003.1
1174620 996.2
1174630 995.9
1174640 995.9
1174650 1001.6
1174660 1014.4
1174670 1014.4
1174680 1014.2
1174690 999.5
1174700 999.5
1174710 991.6
1174720 988.8
1174730 987.9
1174740 987.9
1174750 991.8
1174760 997.1
1174770 997.1
1174780 1005.3
1174790 1009.9
1174800 1009.9
1174810 1014.2
1174820 1018.4
1174830 1018.4
1174840 1023.1
1174850 1028.1
1174860 1028.1
1174870 1034.1
1174880 1037.4
1174890 1037.4
1174900 1040.2
1174910 1042.3
1174920 1042.3
1174930 1038.6
1174940 1032.0
1174950 1032.0
1174960 1033.9
1174970 1035.8
1174980 1035.8
1174990 1023.6
1175000 1010.1
1175010 1010.1
1175020 1015.2
1175030 1021.3
1175040 1018.7
1175050 1018.7
1175060 1021.1
1175070 1024.9
1175080 1024.9
1175090 1033.2
1175100 1042.8
1175110 1042.8
1175120 1051.4
1175130 1055.3
1175140 1055.3
1175150 1057.6
1175160 1061.4
1175170 1061.4
1175180 1065.9
1175190 1070.4
1175200 1070.4
1175210 1074.4
1175220 1077.3
1175230 1077.3
1175240 1078.0
1175250 1077.2
1175260 1077.2
1175270 1072.7
1175280 1066.7
1175290 1066.7
1175300 1060.5
1175310 1054.9
1175320 1054.9
1175330 1048.4
1175340 1040.6
1175350 1034.9
1175360 1034.9
1175370 1038.3
1175380 1043.3
1175390 1043.3
1175400 1050.5
1175410 1056.2
1175420 1056.2
1175430 1059.2
1175440 1058.8
1175450 1049.3
1175460 1048.6
1175470 1045.0
1175480 1045.0
1175490 1038.1
1175500 1034.0
1175510 1034.0
1175520 1032.3
1175530 1029.6
1175540 1029.6
1175550 1026.4
1175560 1022.6
1175570 1022.6
1175580 1019.0
1175590 1016.6
1175600 1016.6
1175610 1018.2
1175620 1020.0
1175630 1020.0
1175640 1022.3
1175650 1024.1
1175660 1028.4
1175670 1028.4
1175680 1030.4
1175690 1029.2
1175700 1029.2
1175710 1026.2
1175720 1021.3
1175730 1021.3
1175740 1019.0
1175750 1016.6
1175760 1016.6
1175770 1014.0
1175780 1012.6
1175790 1012.6
1175800 1010.9
1175810 1009.4
1175820 1009.4
1175830 1008.6
1175840 1008.6
1175850 1008.6
1175860 1008.1
1175870 1005.3
1175880 1005.3
1175890 1003.8
1175900 1002.2
1175910 1002.2
1175920 1000.6
1175930 999.0
1175940 999.0
1175950 997.0
1175960 992.2
1175970 987.0
1175980 987.0
1175990 983.1
1176000 980.1
1176010 980.1
1176020 976.9
1176030 974.1
1176040 974.1
1176050 970.6
1176060 967.8
1176070 967.8
1176080 967.4
1176090 964.2
1176100 964.2
1176110 958.0
1176120 951.8
1176130 951.8
1176140 947.6
1176150 946.0
1176160 946.0
1176170 944.6
1176180 943.3
1176190 943.3
1176200 942.1
1176210 941.1
1176220 941.1
1176230 940.9
1176240 940.7
1176250 940.7
1176260 940.8
1176270 940.9
1176280 941.2
1176290 941.2
1176300 941.3
1176310 941.4
1176320 941.4
1176330 941.3
1176340 941.2
1176350 941.2
1176360 941.2
1176370 941.1
1176380 941.1
1176390 940.9
1176400 940.9
1176410 940.9
1176420 940.9
1176430 940.6
1176440 940.6
1176450 935.4
1176460 927.8
1176470 927.8
1176480 921.7
1176490 920.1
1176500 920.1
1176510 920.0
1176520 920.1
1176530 920.1
1176540 920.1
1176550 920.1
1176560 920.1
1176570 920.1
1176580 920.2
1176590 920.2
1176600 920.2
1176610 920.2
1176620 920.2
1176630 920.2
1176640 920.0
1176650 920.0
1176660 920.0
1176670 919.9
1176680 919.8
1176690 919.8
1176700 919.9
1176710 919.8
1176720 919.8
1176730 919.7
1176740 919.5
1176750 919.5
1176760 919.5
1176770 919.4
1176780 919.4
1176790 919.3
1176800 919.5
1176810 919.5
1176820 919.5
1176830 919.5
1176840 919.5
1176850 919.6
1176860 919.6
1176870 919.6
1176880 919.4
1176890 919.3
1176900 919.1
1176910 919.1
1176920 919.1
1176930 919.0
1176940 919.0
1176950 918.9
1176960 918.8
1176970 918.8
1176980 918.6
1176990 918.5
1177000 918.5
1177010 918.4
1177020 918.5
1177030 918.5
1177040 918.4
1177050 918.2
1177060 918.2
1177070 918.0
1177080 917.9
1177090 917.9
1177100 917.7
1177110 917.5
1177120 917.5
1177130 917.4
1177140 917.3
1177150 917.3
1177160 917.3
1177170 917.3
1177180 917.3
1177190 917.4
1177200 917.3
1177210 917.2
1177220 917.2
1177230 916.9
1177240 916.8
1177250 916.8
1177260 916.7
1177270 916.6
1177280 916.6
1177290 916.6
1177300 915.6
1177310 915.6
1177320 914.8
1177330 914.7
1177340 914.7
1177350 914.8
1177360 914.9
1177370 914.9
1177380 914.2
1177390 913.3
1177400 913.3
1177410 913.4
1177420 913.3
1177430 913.3
1177440 913.3
1177450 913.3
1177460 913.3
1177470 913.0
1177480 913.0
1177490 913.0
1177500 913.2
1177510 913.2
1177520 913.2
1177530 913.4
1177540 913.1
1177550 913.0
1177560 913.0
1177570 913.0
1177580 913.1
1177590 913.1
1177600 913.2
1177610 913.1
1177620 913.1
1177630 913.2
1177640 912.4
1177650 912.4
1177660 912.3
1177670 912.3
1177680 912.3
1177690 912.7
1177700 912.9
1177710 912.9
1177720 912.9
1177730 912.9
1177740 912.9
1177750 913.1
1177760 912.6
1177770 912.6
1177780 911.8
1177790 911.2
1177800 911.2
1177810 912.6
1177820 914.8
1177830 914.8
1177840 914.6
1177850 915.4
1177860 915.4
1177870 915.4
1177880 915.4
1177890 915.3
1177900 915.3
1177910 915.2
1177920 915.2
1177930 915.2
1177940 915.2
1177950 915.0
1177960 915.0
1177970 915.0
1177980 915.0
1177990 915.0
1178000 915.1
1178010 915.2
1178020 915.2
1178030 915.4
1178040 916.2
1178050 916.2
1178060 917.9
1178070 917.9
1178080 917.9
1178090 917.8
1178100 917.8
1178110 917.8
1178120 917.7
1178130 918.2
1178140 918.2
1178150 919.3
1178160 921.1
1178170 923.7
1178180 923.7
1178190 926.9
1178200 929.6
1178210 929.6
1178220 931.4
1178230 933.4
1178240 933.4
1178250 935.2
1178260 936.3
1178270 936.3
1178280 936.7
1178290 936.9
1178300 936.9
1178310 935.3
1178320 932.7
1178330 932.7
1178340 933.2
1178350 936.8
1178360 937.4
1178370 941.1
1178380 944.2
1178390 944.2
1178400 944.9
1178410 945.0
1178420 945.0
1178430 946.4
1178440 947.0
1178450 947.0
1178460 945.7
1178470 946.7
1178480 950.7
1178490 950.7
1178500 954.1
1178510 957.0
1178520 957.0
1178530 959.7
1178540 962.4
1178550 962.4
1178560 964.2
1178570 968.4
1178580 968.4
1178590 973.2
1178600 978.8
1178610 978.8
1178620 985.0
1178630 991.2
1178640 991.2
1178650 995.5
1178660 998.8
1178670 998.8
1178680 1000.1
1178690 1000.4
1178700 1000.4
1178710 1002.3
1178720 1005.4
1178730 1005.4
1178740 1007.8
1178750 1010.6
1178760 1010.6
1178770 1016.1
1178780 1018.7
1178790 1022.2
1178800 1022.2
1178810 1027.0
1178820 1032.2
1178830 1032.2
1178840 1037.8
1178850 1043.6
1178860 1043.6
1178870 1048.9
1178880 1055.3
1178890 1055.3
1178900 1061.3
1178910 1066.9
1178920 1066.9
1178930 1072.8
1178940 1079.2
1178950 1079.2
1178960 1087.6
1178970 1098.2
1178980 1098.2
1178990 1108.0
1179000 1118.5
1179010 1118.5
1179020 1126.2
1179030 1130.7
1179040 1130.7
1179050 1134.6
1179060 1139.3
1179070 1139.3
1179080 1146.7
1179090 1147.2
1179100 1136.7
1179110 1136.7
1179120 1134.7
1179130 1154.9
1179140 1154.9
1179150 1179.0
1179160 1184.4
1179170 1184.4
1179180 1189.3
1179190 1203.0
1179200 1203.0
1179210 1208.4
1179220 1214.6
1179230 1214.6
1179240 1217.1
1179250 1221.0
1179260 1221.0
1179270 1228.4
1179280 1236.9
1179290 1236.9
1179300 1247.8
1179310 1258.7
1179320 1258.7
1179330 1270.1
1179340 1280.4
1179350 1280.4
1179360 1288.5
1179370 1295.0
1179380 1295.0
1179390 1302.6
1179400 1310.4
1179410 1315.4
1179420 1315.4
1179430 1322.2
1179440 1332.2
1179450 1332.2
1179460 1339.6
1179470 1341.8
1179480 1341.8
1179490 1345.1
1179500 1348.8
1179510 1348.8
1179520 1353.9
1179530 1359.8
1179540 1359.8
1179550 1361.1
1179560 1359.8
1179570 1359.8
1179580 1363.2
1179590 1368.3
1179600 1368.3
1179610 1373.7
1179620 1376.9
1179630 1376.9
1179640 1379.6
1179650 1381.1
1179660 1381.1
1179670 1382.9
1179680 1389.4
1179690 1389.4
1179700 1397.6
1179710 1405.4
1179720 1413.8
1179730 1413.8
1179740 1421.4
1179750 1426.3
1179760 1426.3
1179770 1430.3
1179780 1434.4
1179790 1434.4
1179800 1438.5
1179810 1442.2
1179820 1442.2
1179830 1444.2
1179840 1444.0
1179850 1444.0
1179860 1445.8
1179870 1449.4
1179880 1449.4
1179890 1453.3
1179900 1457.2
1179910 1457.2
1179920 1461.9
1179930 1465.8
1179940 1465.8
1179950 1468.9
1179960 1472.7
1179970 1472.7
1179980 1476.1
1179990 1479.0
