1163430 1826.8
1163440 1834.8
1163450 1834.8
1163460 1840.8
1163470 1840.0
1163480 1840.0
1163490 1834.1
1163500 1824.1
1163510 1824.1
1163520 1815.2
1163530 1810.9
1163540 1810.9
1163550 1809.2
1163560 1809.1
1163570 1809.1
1163580 1808.5
1163590 1809.4
1163600 1809.4
1163610 1811.6
1163620 1813.9
1163630 1813.9
1163640 1815.9
1163650 1817.9
1163660 1817.9
1163670 1820.5
1163680 1823.7
1163690 1823.7
1163700 1826.8
1163710 1830.0
1163720 1830.0
1163730 1833.4
1163740 1836.7
1163750 1836.7
1163760 1840.0
1163770 1843.1
1163780 1846.7
1163790 1851.6
1163800 1855.3
1163810 1859.4
1163820 1859.4
1163830 1863.7
1163840 1867.6
1163850 1867.6
1163860 1870.5
1163870 1872.6
1163880 1872.6
1163890 1877.2
1163900 1884.4
1163910 1884.4
1163920 1891.1
1163930 1894.8
1163940 1894.8
1163950 1901.8
1163960 1912.9
1163970 1912.9
1163980 1921.0
1163990 1923.9
1164000 1923.9
1164010 1929.3
1164020 1935.7
1164030 1935.7
1164040 1943.1
1164050 1951.5
1164060 1951.5
1164070 1959.5
1164080 1967.6
1164090 1975.6
1164100 1975.6
1164110 1981.0
1164120 1982.6
1164130 1982.6
1164140 1974.5
1164150 1959.3
1164160 1959.3
1164170 1947.5
1164180 1939.4
1164190 1937.5
1164200 1929.7
1164210 1922.4
1164220 1922.4
1164230 1915.1
1164240 1907.9
1164250 1907.9
1164260 1901.0
1164270 1894.2
1164280 1894.2
1164290 1887.8
1164300 1881.7
1164310 1881.7
1164320 1875.9
1164330 1870.4
1164340 1870.4
1164350 1866.0
1164360 1862.7
1164370 1862.7
1164380 1861.0
1164390 1859.7
1164400 1858.4
1164410 1858.4
1164420 1856.7
1164430 1855.5
1164440 1855.5
1164450 1855.8
1164460 1856.1
1164470 1856.1
1164480 1855.3
1164490 1852.6
1164500 1852.6
1164510 1850.0
1164520 1848.6
1164530 1848.6
1164540 1848.3
1164550 1848.8
1164560 1848.8
1164570 1849.8
1164580 1850.8
1164590 1848.1
1164600 1847.3
1164610 1846.4
1164620 1846.4
1164630 1846.7
1164640 1848.8
1164650 1848.8
1164660 1849.8
1164670 1850.0
1164680 1850.0
1164690 1850.2
1164700 1850.7
1164710 1850.7
1164720 1852.2
1164730 1853.1
1164740 1851.4
1164750 1851.4
1164760 1850.0
1164770 1849.6
1164780 1849.6
1164790 1848.6
1164800 1847.9
1164810 1847.9
1164820 1847.2
1164830 1846.2
1164840 1846.2
1164850 1845.1
1164860 1844.4
1164870 1844.4
1164880 1843.3
1164890 1842.1
1164900 1842.1
1164910 1841.9
1164920 1841.8
1164930 1841.8
1164940 1840.2
1164950 1839.0
1164960 1839.0
1164970 1838.6
1164980 1839.7
1164990 1833.8
1165000 1833.5
1165010 1832.9
1165020 1832.9
1165030 1832.1
1165040 1831.2
1165050 1830.5
1165060 1830.5
1165070 1831.3
1165080 1832.0
1165090 1832.0
1165100 1832.2
1165110 1833.1
1165120 1833.1
1165130 1834.8
1165140 1836.3
1165150 1836.3
1165160 1840.1
1165170 1841.0
1165180 1841.0
1165190 1841.5
1165200 1841.7
1165210 1841.7
1165220 1841.5
1165230 1839.9
1165240 1839.9
1165250 1838.4
1165260 1837.1
1165270 1837.1
1165280 1836.6
1165290 1835.9
1165300 1835.9
1165310 1833.3
1165320 1830.9
1165330 1830.9
1165340 1829.4
1165350 1827.2
1165360 1825.2
1165370 1825.2
1165380 1824.1
1165390 1818.2
1165400 1818.2
1165410 1815.0
1165420 1811.2
1165430 1811.2
1165440 1808.0
1165450 1799.0
1165460 1799.0
1165470 1781.1
1165480 1769.3
1165490 1769.3
1165500 1759.0
1165510 1748.0
1165520 1748.0
1165530 1740.2
1165540 1733.8
1165550 1733.8
1165560 1727.4
1165570 1721.5
1165580 1721.5
1165590 1715.6
1165600 1710.1
1165610 1710.1
1165620 1705.2
1165630 1700.6
1165640 1700.6
1165650 1696.6
1165660 1693.1
1165670 1693.1
1165680 1690.4
1165690 1688.0
1165700 1685.3
1165710 1685.3
1165720 1682.6
1165730 1679.9
1165740 1679.9
1165750 1676.9
1165760 1673.9
1165770 1673.9
1165780 1670.2
1165790 1667.5
1165800 1667.5
1165810 1663.0
1165820 1659.1
1165830 1659.1
1165840 1655.7
1165850 1651.1
1165860 1651.1
1165870 1646.9
1165880 1643.0
1165890 1643.0
1165900 1638.7
1165910 1634.4
1165920 1634.4
1165930 1630.7
1165940 1626.1
1165950 1626.1
1165960 1614.5
1165970 1602.6
1165980 1602.6
1165990 1599.0
1166000 1603.5
1166010 1609.3
1166020 1609.3
1166030 1614.7
1166040 1613.5
1166050 1613.5
1166060 1621.1
1166070 1627.9
1166080 1627.9
1166090 1632.8
1166100 1633.5
1166110 1633.5
1166120 1631.5
1166130 1633.7
1166140 1633.7
1166150 1640.2
1166160 1647.9
1166170 1647.9
1166180 1656.5
1166190 1657.3
1166200 1657.3
1166210 1665.4
1166220 1667.5
1166230 1667.5
1166240 1669.4
1166250 1679.8
1166260 1679.8
1166270 1688.6
1166280 1691.7
1166290 1691.7
1166300 1694.7
1166310 1696.0
1166320 1697.0
1166330 1697.0
1166340 1702.1
1166350 1711.1
1166360 1711.1
1166370 1718.1
1166380 1724.1
1166390 1724.1
1166400 1727.8
1166410 1733.0
1166420 1733.0
1166430 1742.3
1166440 1748.2
1166450 1748.2
1166460 1754.9
1166470 1762.5
1166480 1762.5
1166490 1772.7
1166500 1783.3
1166510 1783.3
1166520 1793.7
1166530 1805.8
1166540 1805.8
1166550 1819.8
1166560 1825.8
1166570 1825.8
1166580 1826.4
1166590 1824.1
1166600 1824.1
1166610 1822.4
1166620 1819.5
1166630 1819.5
1166640 1817.9
1166650 1816.2
1166660 1812.2
1166670 1812.2
1166680 1806.9
1166690 1803.3
1166700 1803.3
1166710 1797.2
1166720 1792.1
1166730 1792.1
1166740 1787.9
1166750 1784.2
1166760 1784.2
1166770 1780.4
1166780 1776.1
1166790 1776.1
1166800 1772.0
1166810 1770.5
1166820 1770.5
1166830 1769.4
1166840 1767.7
1166850 1767.7
1166860 1765.1
1166870 1762.0
1166880 1762.0
1166890 1757.4
1166900 1749.7
1166910 1749.7
1166920 1741.5
1166930 1734.1
1166940 1734.1
1166950 1726.7
1166960 1719.1
1166970 1714.4
1166980 1714.4
1166990 1705.2
1167000 1699.5
1167010 1699.5
1167020 1693.7
1167030 1687.8
1167040 1687.8
1167050 1681.7
1167060 1677.5
1167070 1677.5
1167080 1674.9
1167090 1671.3
1167100 1671.3
1167110 1666.2
1167120 1661.0
1167130 1661.0
1167140 1648.0
1167150 1629.1
1167160 1629.1
1167170 1615.5
1167180 1608.5
1167190 1608.5
1167200 1601.3
1167210 1593.9
1167220 1593.9
1167230 1588.2
1167240 1584.7
1167250 1584.7
1167260 1579.5
1167270 1572.3
1167280 1563.1
1167290 1563.1
1167300 1559.8
1167310 1569.0
1167320 1569.0
1167330 1581.6
1167340 1587.8
1167350 1587.8
1167360 1592.0
1167370 1595.6
1167380 1595.6
1167390 1598.9
1167400 1604.7
1167410 1604.7
1167420 1609.6
1167430 1614.2
1167440 1614.2
1167450 1619.5
1167460 1624.8
1167470 1624.8
1167480 1627.5
1167490 1629.3
1167500 1629.3
1167510 1633.5
1167520 1638.9
1167530 1638.9
1167540 1644.9
1167550 1651.9
1167560 1651.9
1167570 1659.7
1167580 1667.9
1167590 1667.9
1167600 1676.0
1167610 1683.9
1167620 1691.8
1167630 1691.8
1167640 1699.9
1167650 1707.9
1167660 1707.9
1167670 1714.2
1167680 1718.6
1167690 1718.6
1167700 1723.3
1167710 1727.1
1167720 1727.1
1167730 1730.6
1167740 1733.0
1167750 1733.0
1167760 1735.1
1167770 1736.4
1167780 1736.4
1167790 1736.9
1167800 1733.8
1167810 1733.8
1167820 1732.0
1167830 1730.0
1167840 1730.0
1167850 1727.6
1167860 1725.0
1167870 1725.0
1167880 1722.9
1167890 1720.6
1167900 1720.6
1167910 1718.5
1167920 1715.9
1167930 1712.9
1167940 1712.9
1167950 1709.9
1167960 1704.9
1167970 1704.9
1167980 1694.6
1167990 1686.9
1168000 1686.9
1168010 1679.4
1168020 1671.5
1168030 1671.5
1168040 1665.7
1168050 1648.9
1168060 1648.9
1168070 1631.9
1168080 1620.4
1168090 1620.4
1168100 1603.1
1168110 1584.9
1168120 1584.9
1168130 1575.3
1168140 1568.5
1168150 1568.5
1168160 1559.9
1168170 1548.9
1168180 1548.9
1168190 1543.5
1168200 1526.1
1168210 1526.1
1168220 1516.8
1168230 1509.3
1168240 1498.6
1168250 1498.6
1168260 1490.8
1168270 1492.1
1168280 1492.1
1168290 1498.3
1168300 1500.6
1168310 1500.6
1168320 1506.6
1168330 1517.2
1168340 1517.2
1168350 1519.4
1168360 1520.8
1168370 1520.8
1168380 1522.3
1168390 1523.2
1168400 1523.2
1168410 1523.3
1168420 1522.6
1168430 1522.6
1168440 1521.8
1168450 1526.3
1168460 1526.3
1168470 1531.1
1168480 1537.0
1168490 1537.0
1168500 1542.8
1168510 1546.8
1168520 1546.8
1168530 1549.8
1168540 1550.2
1168550 1550.2
1168560 1549.4
1168570 1550.6
1168580 1550.4
1168590 1550.4
1168600 1546.1
1168610 1550.9
1168620 1550.9
1168630 1556.8
1168640 1563.9
1168650 1563.9
1168660 1572.3
1168670 1581.5
1168680 1581.5
1168690 1597.1
1168700 1611.1
1168710 1611.1
1168720 1617.2
1168730 1622.5
1168740 1622.5
1168750 1627.6
1168760 1632.8
1168770 1632.8
1168780 1637.7
1168790 1642.3
1168800 1642.3
1168810 1646.3
1168820 1648.7
1168830 1648.7
1168840 1650.4
1168850 1652.8
1168860 1652.8
1168870 1655.0
1168880 1656.8
1168890 1658.2
1168900 1658.2
1168910 1658.1
1168920 1654.5
1168930 1654.5
1168940 1656.5
1168950 1663.3
1168960 1663.3
1168970 1666.6
1168980 1669.3
1168990 1669.3
1169000 1671.5
1169010 1670.0
1169020 1670.0
1169030 1672.8
1169040 1675.3
1169050 1675.3
1169060 1677.6
1169070 1680.1
1169080 1680.1
1169090 1682.9
1169100 1686.1
1169110 1686.1
1169120 1688.3
1169130 1690.2
1169140 1690.2
1169150 1692.1
1169160 1693.3
1169170 1693.3
1169180 1694.8
1169190 1694.1
1169200 1695.3
1169210 1695.3
1169220 1699.0
1169230 1699.3
1169240 1699.3
1169250 1700.5
1169260 1703.6
1169270 1703.6
1169280 1705.4
1169290 1704.8
1169300 1704.8
1169310 1704.4
1169320 1703.1
1169330 1703.1
1169340 1703.9
1169350 1704.8
1169360 1704.8
1169370 1706.7
1169380 1708.4
1169390 1708.4
1169400 1708.5
1169410 1706.1
1169420 1706.1
1169430 1712.6
1169440 1719.5
1169450 1719.5
1169460 1726.1
1169470 1733.2
1169480 1733.2
1169490 1739.9
1169500 1745.9
1169510 1750.0
1169520 1750.0
1169530 1752.9
1169540 1755.7
1169550 1755.7
1169560 1758.5
1169570 1761.8
1169580 1761.8
1169590 1765.4
1169600 1769.0
1169610 1769.0
1169620 1772.1
1169630 1775.3
1169640 1775.3
1169650 1778.3
1169660 1780.5
1169670 1780.5
1169680 1783.0
1169690 1785.4
1169700 1785.4
1169710 1788.9
1169720 1793.0
1169730 1793.0
1169740 1797.0
1169750 1801.1
1169760 1801.1
1169770 1805.0
1169780 1808.4
1169790 1808.4
1169800 1809.2
1169810 1807.3
1169820 1803.3
1169830 1803.5
1169840 1804.0
1169850 1804.0
1169860 1804.0
1169870 1803.4
1169880 1804.6
1169890 1804.6
1169900 1809.0
1169910 1813.2
1169920 1813.2
1169930 1817.0
1169940 1820.2
1169950 1820.2
1169960 1823.2
1169970 1826.3
1169980 1826.3
1169990 1829.0
1170000 1831.9
1170010 1831.9
1170020 1835.2
1170030 1837.6
1170040 1837.6
1170050 1839.6
1170060 1842.0
1170070 1842.0
1170080 1847.1
1170090 1852.5
1170100 1852.5
1170110 1857.4
1170120 1860.5
1170130 1860.5
1170140 1862.1
1170150 1863.5
1170160 1864.1
1170170 1864.1
1170180 1864.1
1170190 1862.6
1170200 1862.6
1170210 1859.9
1170220 1855.2
1170230 1855.2
1170240 1851.2
1170250 1845.8
1170260 1845.8
1170270 1840.4
1170280 1834.8
1170290 1834.8
1170300 1830.1
1170310 1824.3
1170320 1824.3
1170330 1817.4
1170340 1811.6
1170350 1811.6
1170360 1806.3
1170370 1801.3
1170380 1801.3
1170390 1796.1
1170400 1791.9
1170410 1791.9
1170420 1787.6
1170430 1781.1
1170440 1781.1
1170450 1776.3
1170460 1771.3
1170470 1767.1
1170480 1767.1
1170490 1765.0
1170500 1762.5
1170510 1762.5
1170520 1761.3
1170530 1761.4
1170540 1761.4
1170550 1760.6
1170560 1757.9
1170570 1757.9
1170580 1753.5
1170590 1750.0
1170600 1750.0
1170610 1748.7
1170620 1747.4
1170630 1751.3
1170640 1749.2
1170650 1746.9
1170660 1746.9
1170670 1744.4
1170680 1741.6
1170690 1741.6
1170700 1738.8
1170710 1734.2
1170720 1734.2
1170730 1728.6
1170740 1724.2
1170750 1724.2
1170760 1721.1
1170770 1719.1
1170780 1719.1
1170790 1717.7
1170800 1716.3
1170810 1715.0
1170820 1715.0
1170830 1711.0
1170840 1704.2
1170850 1704.2
1170860 1699.2
1170870 1694.6
1170880 1694.6
1170890 1691.3
1170900 1689.5
1170910 1689.5
1170920 1688.0
1170930 1687.0
1170940 1687.0
1170950 1685.5
1170960 1683.6
1170970 1683.6
1170980 1682.1
1170990 1681.2
1171000 1681.2
1171010 1681.0
1171020 1682.2
1171030 1682.2
1171040 1690.4
1171050 1692.0
1171060 1692.0
1171070 1693.8
1171080 1695.8
1171090 1695.8
1171100 1700.0
1171110 1704.4
1171120 1705.3
1171130 1705.3
1171140 1703.1
1171150 1700.4
1171160 1700.4
1171170 1697.7
1171180 1694.7
1171190 1694.7
1171200 1690.8
1171210 1686.7
1171220 1686.7
1171230 1683.6
1171240 1680.8
1171250 1680.8
1171260 1678.2
1171270 1675.5
1171280 1675.5
1171290 1673.4
1171300 1671.8
1171310 1671.8
1171320 1669.5
1171330 1666.2
1171340 1666.2
1171350 1660.9
1171360 1654.8
1171370 1654.8
1171380 1650.0
1171390 1645.8
1171400 1645.8
1171410 1641.0
1171420 1636.0
1171430 1632.1
1171440 1636.5
1171450 1631.0
1171460 1623.1
1171470 1623.1
1171480 1616.4
1171490 1610.2
1171500 1610.2
1171510 1603.3
1171520 1595.5
1171530 1595.5
1171540 1581.2
1171550 1571.2
1171560 1571.2
1171570 1553.3
1171580 1533.1
1171590 1533.1
1171600 1525.6
1171610 1516.7
1171620 1516.7
1171630 1516.1
1171640 1521.4
1171650 1521.4
1171660 1511.8
1171670 1495.1
1171680 1495.1
1171690 1466.6
1171700 1447.1
1171710 1447.1
1171720 1434.0
1171730 1426.3
1171740 1426.3
1171750 1420.3
1171760 1413.9
1171770 1407.9
1171780 1407.9
1171790 1401.8
1171800 1395.9
1171810 1395.9
1171820 1389.8
1171830 1383.3
1171840 1383.3
1171850 1379.2
1171860 1372.5
1171870 1372.5
1171880 1366.8
1171890 1362.9
1171900 1362.9
1171910 1359.7
1171920 1355.1
1171930 1355.1
1171940 1355.1
1171950 1360.4
1171960 1360.4
1171970 1363.2
1171980 1365.1
1171990 1365.1
1172000 1368.5
1172010 1373.7
1172020 1373.7
1172030 1379.0
1172040 1382.4
1172050 1382.4
1172060 1384.4
1172070 1387.1
1172080 1389.8
1172090 1389.8
1172100 1391.9
1172110 1394.6
1172120 1394.6
1172130 1397.3
1172140 1399.7
1172150 1399.7
1172160 1402.6
1172170 1406.0
1172180 1406.0
1172190 1409.2
1172200 1411.1
1172210 1411.1
1172220 1410.8
1172230 1411.2
1172240 1411.2
1172250 1415.5
1172260 1416.9
1172270 1416.9
1172280 1422.0
1172290 1426.9
1172300 1426.9
1172310 1431.2
1172320 1434.4
1172330 1434.4
1172340 1437.0
1172350 1441.0
1172360 1441.0
1172370 1445.7
1172380 1449.6
1172390 1453.3
1172400 1453.3
1172410 1456.9
1172420 1460.1
1172430 1460.1
1172440 1460.8
1172450 1463.6
1172460 1463.6
1172470 1474.3
1172480 1483.9
1172490 1483.9
1172500 1488.8
1172510 1492.6
1172520 1492.6
1172530 1494.5
1172540 1497.1
1172550 1497.1
1172560 1501.5
1172570 1506.5
1172580 1506.5
1172590 1509.7
1172600 1512.7
1172610 1512.7
1172620 1514.8
1172630 1516.2
1172640 1516.2
1172650 1517.9
1172660 1520.5
1172670 1513.5
1172680 1515.7
1172690 1516.9
1172700 1516.9
1172710 1518.8
1172720 1521.4
1172730 1522.4
1172740 1522.4
1172750 1523.9
1172760 1526.7
1172770 1526.7
1172780 1528.8
1172790 1529.5
1172800 1529.5
1172810 1529.4
1172820 1528.7
1172830 1528.7
1172840 1526.9
1172850 1530.5
1172860 1530.5
1172870 1533.1
1172880 1531.5
1172890 1531.5
1172900 1529.9
1172910 1529.3
1172920 1529.3
1172930 1530.2
1172940 1529.8
1172950 1529.8
1172960 1530.1
1172970 1528.8
1172980 1528.8
1172990 1528.9
1173000 1529.9
1173010 1529.9
1173020 1529.2
1173030 1527.4
1173040 1524.4
1173050 1524.4
1173060 1522.3
1173070 1533.0
1173080 1536.8
1173090 1541.9
1173100 1544.1
1173110 1544.1
1173120 1544.9
1173130 1545.8
1173140 1545.8
1173150 1547.2
1173160 1548.7
1173170 1548.7
1173180 1549.9
1173190 1551.4
1173200 1551.4
1173210 1552.7
1173220 1553.7
1173230 1553.7
1173240 1554.4
1173250 1554.2
1173260 1554.2
1173270 1552.6
1173280 1553.8
1173290 1553.8
1173300 1552.7
1173310 1552.6
1173320 1552.6
1173330 1554.0
1173340 1555.7
1173350 1558.0
1173360 1558.0
1173370 1560.1
1173380 1562.9
1173390 1562.9
1173400 1567.5
1173410 1574.3
1173420 1574.3
1173430 1582.8
1173440 1591.6
1173450 1591.6
1173460 1599.7
1173470 1604.0
1173480 1604.0
1173490 1599.9
1173500 1601.9
1173510 1601.9
1173520 1604.0
1173530 1606.0
1173540 1606.0
1173550 1607.9
1173560 1609.5
1173570 1609.5
1173580 1610.9
1173590 1612.0
1173600 1612.0
1173610 1612.4
1173620 1612.0
1173630 1612.0
1173640 1613.4
1173650 1616.0
1173660 1617.6
1173670 1617.6
1173680 1619.0
1173690 1620.1
1173700 1620.1
1173710 1621.2
1173720 1621.5
1173730 1621.5
1173740 1621.8
1173750 1622.0
1173760 1622.0
1173770 1622.7
1173780 1623.4
1173790 1623.4
1173800 1624.8
1173810 1626.7
1173820 1626.7
1173830 1627.3
1173840 1629.6
1173850 1629.6
1173860 1630.9
1173870 1631.3
1173880 1631.3
1173890 1632.4
1173900 1625.2
1173910 1625.2
1173920 1626.6
1173930 1627.9
1173940 1627.9
1173950 1630.0
1173960 1630.1
1173970 1630.1
1173980 1632.2
1173990 1635.1
1174000 1634.2
1174010 1634.2
1174020 1633.7
1174030 1633.0
1174040 1633.0
1174050 1632.2
1174060 1630.8
1174070 1630.8
1174080 1629.2
1174090 1627.7
1174100 1627.7
1174110 1625.9
1174120 1623.6
1174130 1623.6
1174140 1620.8
1174150 1618.9
1174160 1618.9
1174170 1616.2
1174180 1612.4
1174190 1612.4
1174200 1608.1
1174210 1603.2
1174220 1603.2
1174230 1596.9
1174240 1590.1
1174250 1590.1
1174260 1584.1
1174270 1580.3
1174280 1580.3
1174290 1579.6
1174300 1577.0
1174310 1570.8
1174320 1570.8
1174330 1569.0
1174340 1567.2
1174350 1567.2
1174360 1567.0
1174370 1567.0
1174380 1567.0
1174390 1566.2
1174400 1564.8
1174410 1564.8
1174420 1570.2
1174430 1576.7
1174440 1576.7
1174450 1582.7
1174460 1588.0
1174470 1588.0
1174480 1593.3
1174490 1599.6
1174500 1599.6
1174510 1599.2
1174520 1596.7
1174530 1596.7
1174540 1594.1
1174550 1591.2
1174560 1591.2
1174570 1588.6
1174580 1587.4
1174590 1587.4
1174600 1587.0
1174610 1586.7
1174620 1586.2
1174630 1586.2
1174640 1585.8
1174650 1586.1
1174660 1586.1
1174670 1585.4
1174680 1583.0
1174690 1583.0
1174700 1578.6
1174710 1575.2
1174720 1569.3
1174730 1567.2
1174740 1566.0
1174750 1566.0
1174760 1564.8
1174770 1563.7
1174780 1563.7
1174790 1561.3
1174800 1555.3
1174810 1555.3
1174820 1549.9
1174830 1546.4
1174840 1546.4
1174850 1543.7
1174860 1542.0
1174870 1542.0
1174880 1540.4
1174890 1537.3
1174900 1537.3
1174910 1533.2
1174920 1528.7
1174930 1528.7
1174940 1523.7
1174950 1518.0
1174960 1514.1
1174970 1514.1
1174980 1509.1
1174990 1505.0
1175000 1505.0
1175010 1502.0
1175020 1499.4
1175030 1499.4
1175040 1492.6
1175050 1487.5
1175060 1487.5
1175070 1483.1
1175080 1478.8
1175090 1478.8
1175100 1474.6
1175110 1471.3
1175120 1471.3
1175130 1469.8
1175140 1466.6
1175150 1466.6
1175160 1466.1
1175170 1465.2
1175180 1465.2
1175190 1463.8
1175200 1462.8
1175210 1462.8
1175220 1462.9
1175230 1462.0
1175240 1462.0
1175250 1459.3
1175260 1455.5
1175270 1451.0
1175280 1451.0
1175290 1446.4
1175300 1442.2
1175310 1442.2
1175320 1438.5
1175330 1435.5
1175340 1435.5
1175350 1432.4
1175360 1430.0
1175370 1430.0
1175380 1428.2
1175390 1424.3
1175400 1424.3
1175410 1409.8
1175420 1396.1
1175430 1396.1
1175440 1386.2
1175450 1377.8
1175460 1377.8
1175470 1370.5
1175480 1364.4
1175490 1364.4
1175500 1358.8
1175510 1355.3
1175520 1355.3
1175530 1352.5
1175540 1348.6
1175550 1343.1
1175560 1339.1
1175570 1334.1
1175580 1328.9
1175590 1328.9
1175600 1323.9
1175610 1319.1
1175620 1319.1
1175630 1313.7
1175640 1308.8
1175650 1308.8
1175660 1305.0
1175670 1304.5
1175680 1304.5
1175690 1303.7
1175700 1302.1
1175710 1302.1
1175720 1299.8
1175730 1297.2
1175740 1297.2
1175750 1294.6
1175760 1292.5
1175770 1292.5
1175780 1290.2
1175790 1288.1
1175800 1288.1
1175810 1285.8
1175820 1282.9
1175830 1282.9
1175840 1279.5
1175850 1276.1
1175860 1276.1
1175870 1272.6
1175880 1269.1
1175890 1269.1
1175900 1265.7
1175910 1262.3
1175920 1259.9
1175930 1259.9
1175940 1259.0
1175950 1258.7
1175960 1256.4
1175970 1256.5
1175980 1258.5
1175990 1258.5
1176000 1262.5
1176010 1267.2
1176020 1267.2
1176030 1270.4
1176040 1273.2
1176050 1273.2
1176060 1275.3
1176070 1276.7
1176080 1276.7
1176090 1277.2
1176100 1277.9
1176110 1277.9
1176120 1278.9
1176130 1279.3
1176140 1279.3
1176150 1279.1
1176160 1278.1
1176170 1278.1
1176180 1275.9
1176190 1271.8
1176200 1271.8
1176210 1267.9
1176220 1263.3
1176230 1259.4
1176240 1259.4
1176250 1256.6
1176260 1252.3
1176270 1252.3
1176280 1246.2
1176290 1237.8
1176300 1237.8
1176310 1231.3
1176320 1225.3
1176330 1225.3
1176340 1218.2
1176350 1212.4
1176360 1212.4
1176370 1208.5
1176380 1202.2
1176390 1202.2
1176400 1199.7
1176410 1200.1
1176420 1200.1
1176430 1199.2
1176440 1198.6
1176450 1198.6
1176460 1197.6
1176470 1195.9
1176480 1195.9
1176490 1195.2
1176500 1195.0
1176510 1195.0
1176520 1193.3
1176530 1190.6
1176540 1187.4
1176550 1187.4
1176560 1183.4
1176570 1179.9
1176580 1179.9
1176590 1176.4
1176600 1173.1
1176610 1173.1
1176620 1170.5
1176630 1168.1
1176640 1168.1
1176650 1165.8
1176660 1163.9
1176670 1163.9
1176680 1162.5
1176690 1161.3
1176700 1161.3
1176710 1160.9
1176720 1159.7
1176730 1159.7
1176740 1157.5
1176750 1153.8
1176760 1153.8
1176770 1149.4
1176780 1142.8
1176790 1140.2
1176800 1126.4
1176810 1115.7
1176820 1115.7
1176830 1109.0
1176840 1103.3
1176850 1100.6
1176860 1100.6
1176870 1100.7
1176880 1098.6
1176890 1098.6
1176900 1097.4
1176910 1095.9
1176920 1095.9
1176930 1094.0
1176940 1090.3
1176950 1090.3
1176960 1085.6
1176970 1084.5
1176980 1084.5
1176990 1081.7
1177000 1077.2
1177010 1077.2
1177020 1073.9
1177030 1070.4
1177040 1070.4
1177050 1065.7
1177060 1060.5
1177070 1060.5
1177080 1058.0
1177090 1057.4
1177100 1057.4
1177110 1058.7
1177120 1059.9
1177130 1059.9
1177140 1057.9
1177150 1054.8
1177160 1054.8
1177170 1051.7
1177180 1048.4
1177190 1044.4
1177200 1044.4
1177210 1031.9
1177220 1029.3
1177230 1029.3
1177240 1026.3
1177250 1021.0
1177260 1021.0
1177270 1013.0
1177280 1005.7
1177290 1005.7
1177300 999.4
1177310 993.8
1177320 993.8
1177330 988.9
1177340 984.4
1177350 984.4
1177360 978.8
1177370 971.7
1177380 971.7
1177390 964.8
1177400 959.0
1177410 959.0
1177420 955.4
1177430 952.4
1177440 952.4
1177450 950.1
1177460 947.4
1177470 947.4
1177480 944.4
1177490 941.5
1177500 939.3
1177510 939.3
1177520 938.4
1177530 937.6
1177540 937.6
1177550 936.8
1177560 937.3
1177570 937.3
1177580 938.3
1177590 937.6
1177600 937.6
1177610 935.3
1177620 930.1
1177630 930.1
1177640 928.7
1177650 927.7
1177660 927.7
1177670 926.3
1177680 922.6
1177690 922.6
1177700 918.3
1177710 916.5
1177720 916.5
1177730 916.1
1177740 915.1
1177750 915.1
1177760 913.1
1177770 909.7
1177780 909.7
1177790 905.7
1177800 903.4
1177810 902.9
1177820 902.9
1177830 902.9
1177840 903.0
1177850 903.0
1177860 902.9
1177870 902.7
1177880 902.7
1177890 902.6
1177900 904.0
1177910 904.0
1177920 906.3
1177930 907.1
1177940 907.1
1177950 907.1
1177960 907.1
1177970 907.1
1177980 907.1
1177990 907.1
1178000 907.1
1178010 907.1
1178020 907.0
1178030 907.0
1178040 906.8
1178050 906.7
1178060 906.7
1178070 906.6
1178080 906.5
1178090 906.5
1178100 906.4
1178110 906.8
1178120 906.8
1178130 907.6
1178140 907.4
1178150 906.5
1178160 906.5
1178170 906.2
1178180 906.1
1178190 906.1
1178200 906.4
1178210 906.3
1178220 906.3
1178230 905.9
1178240 906.1
1178250 906.1
1178260 906.4
1178270 906.3
1178280 906.3
1178290 906.2
1178300 906.2
1178310 906.2
1178320 906.0
1178330 906.0
1178340 906.0
1178350 905.9
1178360 905.7
1178370 905.7
1178380 905.6
1178390 905.4
1178400 905.4
1178410 905.4
1178420 905.4
1178430 905.4
1178440 905.3
1178450 905.2
1178460 905.1
1178470 905.1
1178480 905.4
1178490 905.8
1178500 905.8
1178510 905.9
1178520 906.0
1178530 906.0
1178540 906.0
1178550 906.0
1178560 906.0
1178570 905.9
1178580 905.8
1178590 905.8
1178600 905.7
1178610 905.6
1178620 905.6
1178630 905.7
1178640 905.7
1178650 905.7
1178660 905.6
1178670 905.5
1178680 905.5
1178690 905.6
1178700 905.6
1178710 905.6
1178720 905.5
1178730 905.4
1178740 905.4
1178750 905.3
1178760 905.2
1178770 905.2
1178780 905.2
1178790 905.2
1178800 905.1
1178810 905.1
1178820 905.1
1178830 905.0
1178840 905.0
1178850 904.8
1178860 904.6
1178870 904.7
1178880 904.8
1178890 904.8
1178900 904.8
1178910 904.7
1178920 904.8
1178930 904.8
1178940 904.8
1178950 904.8
1178960 904.8
1178970 905.1
1178980 905.2
1178990 905.2
1179000 905.1
1179010 905.2
1179020 905.2
1179030 905.5
1179040 905.4
1179050 905.4
1179060 905.3
1179070 905.3
1179080 905.2
1179090 905.2
1179100 905.4
1179110 905.3
1179120 905.3
1179130 905.4
1179140 905.3
1179150 905.3
1179160 905.2
1179170 904.9
1179180 904.9
1179190 904.9
1179200 904.9
1179210 904.9
1179220 904.9
1179230 904.8
1179240 904.8
1179250 904.7
1179260 904.7
1179270 904.7
1179280 904.7
1179290 904.3
1179300 904.3
1179310 904.3
1179320 904.2
1179330 904.2
1179340 904.0
1179350 903.8
1179360 903.8
1179370 903.7
1179380 903.6
1179390 903.6
1179400 903.6
1179410 903.6
1179420 903.6
1179430 903.6
1179440 903.5
1179450 903.5
1179460 903.5
1179470 903.4
1179480 903.3
1179490 903.3
1179500 903.2
1179510 903.2
1179520 903.2
1179530 903.2
1179540 903.2
1179550 903.2
1179560 903.2
1179570 903.2
1179580 903.2
1179590 903.1
1179600 903.1
1179610 903.1
1179620 903.2
1179630 903.4
1179640 903.4
1179650 903.8
1179660 904.1
1179670 904.1
1179680 903.8
1179690 903.4
1179700 903.4
1179710 902.6
1179720 902.7
1179730 902.7
1179740 902.7
1179750 902.7
1179760 902.7
1179770 902.7
1179780 902.7
1179790 902.8
1179800 902.8
1179810 902.8
1179820 902.9
1179830 902.9
1179840 902.9
1179850 902.9
1179860 902.9
1179870 903.1
1179880 902.9
1179890 902.9
1179900 902.7
1179910 902.6
1179920 902.6
1179930 903.1
1179940 905.0
1179950 905.0
1179960 908.9
1179970 912.9
1179980 912.9
1179990 914.1
