1163390 1770.5
1163400 1770.5
1163410 1777.4
1163420 1785.2
1163430 1785.2
1163440 1792.9
1163450 1801.7
1163460 1801.7
1163470 1812.0
1163480 1821.3
1163490 1821.3
1163500 1828.1
1163510 1833.8
1163520 1833.8
1163530 1840.5
1163540 1848.6
1163550 1848.6
1163560 1856.7
1163570 1864.2
1163580 1864.2
1163590 1868.7
1163600 1878.0
1163610 1886.2
1163620 1886.2
1163630 1892.1
1163640 1898.9
1163650 1898.9
1163660 1907.3
1163670 1920.3
1163680 1920.3
1163690 1934.9
1163700 1944.2
1163710 1944.2
1163720 1949.8
1163730 1957.5
1163740 1957.5
1163750 1966.4
1163760 1974.3
1163770 1974.3
1163780 1978.0
1163790 1976.7
1163800 1976.7
1163810 1977.0
1163820 1986.6
1163830 1986.6
1163840 1994.9
1163850 1993.6
1163860 1993.6
1163870 1979.5
1163880 1982.0
1163890 1982.0
1163900 1988.8
1163910 1996.1
1163920 2002.6
1163930 2002.6
1163940 2008.2
1163950 2011.8
1163960 2011.8
1163970 2009.1
1163980 2010.5
1163990 2019.0
1164000 2020.3
1164010 2013.3
1164020 2013.3
1164030 2004.8
1164040 1997.0
1164050 1997.0
1164060 1989.4
1164070 1981.7
1164080 1981.7
1164090 1974.0
1164100 1966.1
1164110 1966.1
1164120 1958.4
1164130 1950.9
1164140 1950.9
1164150 1943.9
1164160 1937.6
1164170 1937.6
1164180 1930.1
1164190 1922.9
1164200 1922.9
1164210 1916.7
1164220 1909.7
1164230 1909.7
1164240 1902.4
1164250 1896.1
1164260 1890.0
1164270 1890.0
1164280 1883.8
1164290 1877.5
1164300 1877.5
1164310 1871.6
1164320 1865.8
1164330 1865.8
1164340 1860.1
1164350 1854.6
1164360 1854.6
1164370 1849.3
1164380 1844.1
1164390 1844.1
1164400 1839.0
1164410 1834.1
1164420 1834.1
1164430 1830.1
1164440 1827.7
1164450 1827.7
1164460 1827.1
1164470 1827.4
1164480 1827.4
1164490 1828.4
1164500 1829.1
1164510 1829.1
1164520 1828.8
1164530 1827.6
1164540 1827.6
1164550 1826.9
1164560 1828.9
1164570 1827.9
1164580 1827.9
1164590 1826.0
1164600 1829.2
1164610 1829.2
1164620 1827.1
1164630 1823.1
1164640 1823.1
1164650 1819.0
1164660 1814.8
1164670 1814.8
1164680 1814.6
1164690 1813.6
1164700 1813.6
1164710 1812.4
1164720 1808.8
1164730 1808.8
1164740 1804.2
1164750 1800.2
1164760 1800.2
1164770 1799.5
1164780 1797.7
1164790 1792.9
1164800 1789.4
1164810 1786.3
1164820 1786.3
1164830 1784.9
1164840 1783.7
1164850 1783.7
1164860 1782.7
1164870 1782.2
1164880 1782.2
1164890 1782.2
1164900 1781.2
1164910 1780.2
1164920 1780.2
1164930 1778.8
1164940 1774.4
1164950 1774.4
1164960 1774.7
1164970 1778.6
1164980 1778.6
1164990 1780.3
1165000 1780.4
1165010 1780.4
1165020 1778.8
1165030 1775.2
1165040 1775.2
1165050 1773.5
1165060 1771.8
1165070 1771.8
1165080 1769.2
1165090 1767.2
1165100 1767.2
1165110 1768.1
1165120 1768.3
1165130 1768.3
1165140 1767.1
1165150 1765.4
1165160 1765.4
1165170 1762.3
1165180 1758.4
1165190 1751.6
1165200 1748.8
1165210 1747.1
1165220 1745.4
1165230 1745.4
1165240 1743.4
1165250 1741.7
1165260 1741.7
1165270 1740.6
1165280 1741.2
1165290 1741.2
1165300 1740.6
1165310 1739.5
1165320 1739.5
1165330 1738.1
1165340 1737.3
1165350 1737.3
1165360 1735.1
1165370 1733.0
1165380 1733.0
1165390 1731.9
1165400 1731.5
1165410 1731.5
1165420 1735.6
1165430 1737.8
1165440 1737.8
1165450 1736.9
1165460 1736.1
1165470 1736.1
1165480 1737.5
1165490 1738.5
1165500 1738.5
1165510 1737.5
1165520 1741.2
1165530 1741.6
1165540 1741.6
1165550 1741.6
1165560 1740.6
1165570 1740.6
1165580 1737.0
1165590 1731.1
1165600 1731.1
1165610 1725.3
1165620 1719.2
1165630 1719.2
1165640 1711.9
1165650 1705.2
1165660 1705.2
1165670 1698.3
1165680 1691.5
1165690 1691.5
1165700 1685.1
1165710 1678.6
1165720 1678.6
1165730 1671.6
1165740 1665.3
1165750 1665.3
1165760 1659.4
1165770 1652.9
1165780 1652.9
1165790 1646.6
1165800 1640.5
1165810 1640.5
1165820 1635.6
1165830 1632.1
1165840 1626.0
1165850 1626.0
1165860 1618.5
1165870 1612.2
1165880 1612.2
1165890 1606.8
1165900 1602.0
1165910 1602.0
1165920 1597.3
1165930 1593.5
1165940 1593.5
1165950 1589.3
1165960 1585.0
1165970 1585.0
1165980 1581.9
1165990 1573.3
1166000 1573.3
1166010 1569.3
1166020 1564.3
1166030 1564.3
1166040 1553.5
1166050 1548.4
1166060 1548.4
1166070 1552.1
1166080 1557.7
1166090 1557.7
1166100 1564.5
1166110 1570.9
1166120 1570.9
1166130 1575.7
1166140 1579.3
1166150 1579.3
1166160 1579.2
1166170 1582.9
1166180 1587.7
1166190 1587.7
1166200 1594.7
1166210 1601.7
1166220 1601.7
1166230 1606.2
1166240 1611.9
1166250 1611.9
1166260 1618.0
1166270 1624.8
1166280 1624.8
1166290 1632.7
1166300 1642.6
1166310 1642.6
1166320 1653.2
1166330 1658.1
1166340 1658.1
1166350 1659.8
1166360 1661.2
1166370 1661.2
1166380 1667.8
1166390 1680.8
1166400 1680.8
1166410 1694.4
1166420 1699.3
1166430 1699.3
1166440 1708.2
1166450 1715.7
1166460 1715.7
1166470 1721.3
1166480 1724.6
1166490 1723.3
1166500 1723.3
1166510 1719.9
1166520 1715.5
1166530 1715.5
1166540 1714.2
1166550 1717.1
1166560 1717.1
1166570 1720.4
1166580 1727.8
1166590 1727.8
1166600 1739.4
1166610 1747.2
1166620 1747.2
1166630 1749.6
1166640 1752.9
1166650 1752.9
1166660 1754.3
1166670 1759.6
1166680 1759.6
1166690 1766.7
1166700 1774.3
1166710 1774.3
1166720 1774.3
1166730 1770.8
1166740 1770.8
1166750 1766.9
1166760 1762.2
1166770 1762.2
1166780 1757.7
1166790 1750.6
1166800 1747.4
1166810 1747.4
1166820 1744.5
1166830 1739.4
1166840 1739.4
1166850 1734.6
1166860 1730.1
1166870 1730.1
1166880 1725.5
1166890 1721.6
1166900 1721.6
1166910 1718.9
1166920 1716.1
1166930 1716.1
1166940 1712.3
1166950 1707.4
1166960 1707.4
1166970 1698.9
1166980 1686.5
1166990 1686.5
1167000 1671.9
1167010 1662.6
1167020 1662.6
1167030 1655.8
1167040 1649.3
1167050 1649.3
1167060 1642.3
1167070 1634.8
1167080 1634.8
1167090 1627.1
1167100 1620.3
1167110 1620.3
1167120 1610.7
1167130 1600.3
1167140 1592.9
1167150 1592.9
1167160 1582.9
1167170 1568.3
1167180 1568.3
1167190 1539.0
1167200 1523.8
1167210 1523.8
1167220 1517.0
1167230 1512.1
1167240 1512.1
1167250 1507.8
1167260 1505.0
1167270 1505.0
1167280 1506.7
1167290 1516.0
1167300 1516.0
1167310 1526.1
1167320 1535.1
1167330 1535.1
1167340 1538.9
1167350 1542.7
1167360 1542.7
1167370 1547.4
1167380 1551.8
1167390 1551.8
1167400 1555.9
1167410 1557.7
1167420 1557.7
1167430 1559.4
1167440 1563.0
1167450 1565.7
1167460 1565.7
1167470 1570.2
1167480 1575.2
1167490 1575.2
1167500 1581.3
1167510 1588.5
1167520 1588.5
1167530 1598.1
1167540 1606.5
1167550 1606.5
1167560 1613.8
1167570 1619.4
1167580 1619.4
1167590 1621.5
1167600 1624.5
1167610 1624.5
1167620 1624.3
1167630 1622.1
1167640 1622.1
1167650 1621.7
1167660 1626.4
1167670 1626.4
1167680 1632.6
1167690 1640.5
1167700 1640.5
1167710 1647.6
1167720 1654.6
1167730 1654.6
1167740 1659.8
1167750 1664.3
1167760 1668.2
1167770 1668.2
1167780 1672.1
1167790 1674.7
1167800 1674.7
1167810 1676.6
1167820 1678.2
1167830 1678.2
1167840 1678.1
1167850 1679.0
1167860 1679.0
1167870 1682.7
1167880 1684.2
1167890 1684.2
1167900 1684.1
1167910 1683.6
1167920 1683.6
1167930 1683.0
1167940 1681.5
1167950 1681.5
1167960 1679.4
1167970 1677.1
1167980 1677.1
1167990 1673.7
1168000 1667.5
1168010 1667.5
1168020 1661.6
1168030 1653.4
1168040 1653.4
1168050 1644.9
1168060 1632.1
1168070 1617.8
1168080 1617.8
1168090 1607.6
1168100 1597.4
1168110 1597.4
1168120 1578.8
1168130 1560.9
1168140 1560.9
1168150 1551.1
1168160 1542.4
1168170 1542.4
1168180 1534.0
1168190 1524.8
1168200 1524.8
1168210 1516.6
1168220 1508.6
1168230 1508.6
1168240 1499.6
1168250 1491.2
1168260 1491.2
1168270 1475.4
1168280 1463.7
1168290 1463.7
1168300 1456.5
1168310 1445.4
1168320 1445.4
1168330 1438.1
1168340 1430.2
1168350 1430.2
1168360 1421.9
1168370 1423.8
1168380 1423.8
1168390 1430.4
1168400 1422.9
1168410 1422.1
1168420 1422.1
1168430 1427.8
1168440 1435.0
1168450 1435.0
1168460 1441.2
1168470 1447.0
1168480 1447.0
1168490 1454.1
1168500 1462.2
1168510 1462.2
1168520 1470.7
1168530 1479.9
1168540 1479.9
1168550 1490.4
1168560 1501.3
1168570 1501.3
1168580 1515.1
1168590 1528.0
1168600 1528.0
1168610 1535.0
1168620 1540.7
1168630 1540.7
1168640 1545.7
1168650 1550.6
1168660 1550.6
1168670 1555.4
1168680 1560.0
1168690 1560.0
1168700 1565.1
1168710 1570.0
1168720 1574.8
1168730 1574.8
1168740 1577.9
1168750 1578.6
1168760 1578.6
1168770 1579.8
1168780 1581.6
1168790 1581.6
1168800 1584.0
1168810 1583.9
1168820 1583.9
1168830 1586.2
1168840 1587.1
1168850 1587.1
1168860 1587.8
1168870 1589.2
1168880 1589.2
1168890 1590.2
1168900 1593.1
1168910 1593.1
1168920 1597.3
1168930 1602.7
1168940 1602.7
1168950 1608.7
1168960 1612.5
1168970 1612.5
1168980 1615.1
1168990 1617.4
1169000 1617.4
1169010 1619.8
1169020 1622.5
1169030 1624.1
1169040 1624.1
1169050 1624.4
1169060 1624.8
1169070 1624.8
1169080 1625.2
1169090 1626.2
1169100 1626.2
1169110 1627.0
1169120 1624.5
1169130 1624.5
1169140 1621.5
1169150 1618.1
1169160 1618.1
1169170 1617.9
1169180 1621.0
1169190 1621.0
1169200 1626.5
1169210 1635.2
1169220 1635.2
1169230 1641.8
1169240 1649.0
1169250 1649.0
1169260 1655.3
1169270 1660.4
1169280 1660.4
1169290 1665.1
1169300 1669.7
1169310 1669.7
1169320 1674.3
1169330 1678.4
1169340 1678.4
1169350 1680.3
1169360 1685.3
1169370 1692.7
1169380 1692.7
1169390 1696.6
1169400 1699.7
1169410 1699.7
1169420 1702.1
1169430 1704.6
1169440 1704.6
1169450 1707.1
1169460 1709.3
1169470 1709.3
1169480 1711.2
1169490 1713.0
1169500 1713.0
1169510 1715.4
1169520 1718.3
1169530 1718.3
1169540 1721.5
1169550 1724.7
1169560 1724.7
1169570 1727.7
1169580 1730.0
1169590 1730.0
1169600 1731.6
1169610 1733.2
1169620 1729.2
1169630 1730.9
1169640 1734.2
1169650 1734.2
1169660 1738.4
1169670 1742.0
1169680 1746.2
1169690 1746.2
1169700 1750.0
1169710 1753.4
1169720 1753.4
1169730 1755.0
1169740 1755.8
1169750 1755.8
1169760 1755.9
1169770 1758.4
1169780 1758.4
1169790 1761.1
1169800 1764.3
1169810 1764.3
1169820 1768.0
1169830 1772.4
1169840 1772.4
1169850 1777.1
1169860 1780.4
1169870 1780.4
1169880 1782.0
1169890 1783.4
1169900 1783.4
1169910 1784.4
1169920 1784.2
1169930 1784.2
1169940 1783.7
1169950 1783.7
1169960 1783.7
1169970 1784.2
1169980 1784.6
1169990 1786.3
1170000 1786.3
1170010 1786.2
1170020 1787.7
1170030 1787.7
1170040 1792.8
1170050 1799.2
1170060 1799.2
1170070 1806.2
1170080 1809.9
1170090 1809.9
1170100 1811.7
1170110 1812.6
1170120 1812.6
1170130 1813.2
1170140 1813.5
1170150 1813.5
1170160 1813.0
1170170 1812.3
1170180 1812.3
1170190 1811.3
1170200 1811.5
1170210 1811.5
1170220 1812.8
1170230 1814.4
1170240 1814.4
1170250 1816.1
1170260 1817.2
1170270 1817.2
1170280 1818.6
1170290 1820.1
1170300 1821.2
1170310 1821.2
1170320 1821.6
1170330 1822.1
1170340 1822.1
1170350 1822.7
1170360 1823.5
1170370 1823.5
1170380 1823.5
1170390 1823.3
1170400 1823.3
1170410 1823.0
1170420 1821.6
1170430 1818.7
1170440 1816.8
1170450 1815.2
1170460 1815.2
1170470 1813.6
1170480 1812.2
1170490 1812.2
1170500 1811.0
1170510 1810.1
1170520 1810.1
1170530 1809.9
1170540 1809.7
1170550 1809.7
1170560 1809.2
1170570 1807.5
1170580 1807.5
1170590 1806.3
1170600 1804.2
1170610 1804.2
1170620 1802.1
1170630 1800.8
1170640 1799.3
1170650 1799.3
1170660 1798.0
1170670 1796.6
1170680 1796.6
1170690 1795.8
1170700 1795.1
1170710 1795.1
1170720 1794.3
1170730 1792.4
1170740 1792.4
1170750 1789.7
1170760 1787.4
1170770 1787.4
1170780 1785.1
1170790 1783.9
1170800 1783.9
1170810 1784.0
1170820 1784.6
1170830 1779.4
1170840 1779.8
1170850 1779.8
1170860 1779.8
1170870 1778.8
1170880 1778.1
1170890 1778.1
1170900 1776.7
1170910 1774.6
1170920 1774.6
1170930 1773.0
1170940 1771.9
1170950 1770.9
1170960 1770.9
1170970 1770.6
1170980 1770.1
1170990 1770.1
1171000 1769.0
1171010 1768.5
1171020 1768.5
1171030 1768.1
1171040 1767.2
1171050 1767.2
1171060 1765.5
1171070 1764.6
1171080 1764.6
1171090 1763.7
1171100 1762.8
1171110 1762.8
1171120 1761.5
1171130 1759.7
1171140 1759.7
1171150 1757.8
1171160 1755.5
1171170 1755.5
1171180 1752.7
1171190 1749.0
1171200 1749.0
1171210 1744.4
1171220 1739.6
1171230 1739.6
1171240 1740.0
1171250 1735.4
1171260 1731.0
1171270 1731.0
1171280 1726.6
1171290 1723.3
1171300 1723.3
1171310 1721.0
1171320 1717.0
1171330 1717.0
1171340 1711.8
1171350 1706.5
1171360 1706.5
1171370 1703.9
1171380 1701.3
1171390 1701.3
1171400 1697.1
1171410 1692.8
1171420 1692.8
1171430 1688.1
1171440 1682.9
1171450 1682.9
1171460 1678.5
1171470 1671.6
1171480 1671.6
1171490 1664.2
1171500 1657.3
1171510 1657.3
1171520 1651.8
1171530 1643.5
1171540 1643.5
1171550 1632.6
1171560 1624.5
1171570 1624.5
1171580 1618.9
1171590 1614.9
1171600 1609.9
1171610 1609.9
1171620 1598.8
1171630 1590.5
1171640 1590.5
1171650 1591.0
1171660 1586.1
1171670 1586.1
1171680 1578.9
1171690 1570.5
1171700 1570.5
1171710 1563.5
1171720 1556.7
1171730 1556.7
1171740 1549.4
1171750 1541.8
1171760 1541.8
1171770 1529.0
1171780 1512.6
1171790 1512.6
1171800 1501.5
1171810 1493.6
1171820 1493.6
1171830 1485.5
1171840 1475.4
1171850 1475.4
1171860 1463.7
1171870 1452.6
1171880 1452.6
1171890 1436.0
1171900 1418.9
1171910 1404.2
1171920 1404.2
1171930 1394.1
1171940 1384.9
1171950 1384.9
1171960 1377.6
1171970 1370.7
1171980 1370.7
1171990 1365.3
1172000 1359.4
1172010 1359.4
1172020 1352.9
1172030 1346.7
1172040 1346.7
1172050 1341.0
1172060 1336.3
1172070 1336.3
1172080 1331.9
1172090 1328.3
1172100 1328.3
1172110 1324.9
1172120 1319.2
1172130 1319.2
1172140 1312.1
1172150 1312.3
1172160 1312.3
1172170 1320.2
1172180 1327.9
1172190 1327.9
1172200 1331.5
1172210 1332.8
1172220 1335.1
1172230 1335.1
1172240 1337.9
1172250 1341.3
1172260 1341.3
1172270 1345.2
1172280 1349.4
1172290 1349.4
1172300 1353.0
1172310 1357.0
1172320 1357.0
1172330 1361.4
1172340 1366.3
1172350 1366.3
1172360 1370.3
1172370 1372.1
1172380 1372.1
1172390 1374.5
1172400 1379.2
1172410 1379.2
1172420 1383.0
1172430 1384.3
1172440 1384.3
1172450 1384.9
1172460 1389.2
1172470 1385.0
1172480 1384.4
1172490 1383.3
1172500 1383.3
1172510 1386.1
1172520 1390.0
1172530 1390.0
1172540 1393.5
1172550 1396.0
1172560 1397.8
1172570 1397.8
1172580 1401.9
1172590 1405.7
1172600 1405.7
1172610 1405.7
1172620 1411.6
1172630 1411.6
1172640 1417.0
1172650 1420.6
1172660 1420.6
1172670 1422.6
1172680 1423.7
1172690 1423.7
1172700 1419.2
1172710 1416.9
1172720 1416.9
1172730 1422.1
1172740 1425.9
1172750 1425.9
1172760 1425.6
1172770 1426.9
1172780 1426.9
1172790 1427.6
1172800 1430.1
1172810 1430.1
1172820 1435.6
1172830 1440.3
1172840 1440.3
1172850 1440.7
1172860 1437.3
1172870 1434.7
1172880 1427.2
1172890 1426.4
1172900 1424.6
1172910 1424.6
1172920 1422.4
1172930 1416.0
1172940 1416.0
1172950 1415.1
1172960 1421.4
1172970 1421.4
1172980 1425.7
1172990 1427.7
1173000 1427.7
1173010 1431.3
1173020 1433.1
1173030 1433.1
1173040 1432.4
1173050 1432.7
1173060 1432.7
1173070 1435.2
1173080 1436.4
1173090 1436.4
1173100 1438.5
1173110 1438.9
1173120 1438.9
1173130 1439.0
1173140 1440.9
1173150 1440.9
1173160 1442.9
1173170 1445.6
1173180 1449.9
1173190 1449.9
1173200 1456.0
1173210 1464.5
1173220 1464.5
1173230 1473.0
1173240 1483.9
1173250 1483.9
1173260 1494.7
1173270 1500.6
1173280 1500.6
1173290 1496.8
1173300 1499.3
1173310 1499.3
1173320 1503.0
1173330 1506.0
1173340 1506.0
1173350 1509.1
1173360 1511.4
1173370 1511.4
1173380 1513.5
1173390 1515.7
1173400 1515.7
1173410 1517.9
1173420 1520.7
1173430 1520.7
1173440 1523.2
1173450 1525.2
1173460 1525.2
1173470 1527.9
1173480 1529.7
1173490 1531.2
1173500 1531.2
1173510 1533.4
1173520 1535.0
1173530 1535.0
1173540 1536.0
1173550 1536.2
1173560 1536.2
1173570 1537.2
1173580 1539.3
1173590 1539.3
1173600 1539.3
1173610 1541.0
1173620 1541.0
1173630 1542.2
1173640 1542.8
1173650 1542.8
1173660 1543.9
1173670 1545.9
1173680 1545.9
1173690 1547.8
1173700 1543.6
1173710 1543.6
1173720 1543.0
1173730 1542.8
1173740 1542.8
1173750 1544.7
1173760 1547.6
1173770 1547.6
1173780 1551.2
1173790 1553.5
1173800 1553.5
1173810 1554.2
1173820 1554.8
1173830 1555.9
1173840 1555.9
1173850 1557.3
1173860 1558.5
1173870 1558.5
1173880 1559.4
1173890 1560.1
1173900 1560.1
1173910 1560.9
1173920 1561.7
1173930 1561.7
1173940 1562.6
1173950 1564.3
1173960 1564.3
1173970 1566.0
1173980 1567.1
1173990 1567.1
1174000 1568.1
1174010 1569.1
1174020 1569.1
1174030 1569.1
1174040 1568.5
1174050 1568.5
1174060 1562.7
1174070 1556.0
1174080 1556.0
1174090 1550.9
1174100 1547.3
1174110 1539.9
1174120 1537.1
1174130 1535.5
1174140 1532.9
1174150 1532.9
1174160 1527.1
1174170 1519.8
1174180 1519.8
1174190 1516.1
1174200 1511.9
1174210 1511.9
1174220 1507.0
1174230 1503.0
1174240 1503.0
1174250 1500.4
1174260 1498.2
1174270 1498.2
1174280 1497.3
1174290 1498.7
1174300 1498.7
1174310 1501.8
1174320 1502.8
1174330 1502.8
1174340 1502.8
1174350 1502.3
1174360 1502.3
1174370 1503.0
1174380 1503.9
1174390 1503.9
1174400 1506.2
1174410 1508.2
1174420 1508.2
1174430 1509.2
1174440 1510.1
1174450 1510.8
1174460 1510.8
1174470 1511.1
1174480 1510.9
1174490 1510.9
1174500 1511.0
1174510 1510.9
1174520 1504.8
1174530 1504.7
1174540 1504.9
1174550 1504.9
1174560 1505.7
1174570 1506.0
1174580 1506.0
1174590 1506.3
1174600 1506.7
1174610 1506.7
1174620 1506.3
1174630 1504.5
1174640 1504.5
1174650 1503.8
1174660 1502.6
1174670 1502.6
1174680 1499.4
1174690 1496.4
1174700 1496.4
1174710 1495.8
1174720 1492.4
1174730 1492.4
1174740 1489.6
1174750 1487.6
1174760 1485.7
1174770 1485.7
1174780 1483.5
1174790 1480.7
1174800 1480.7
1174810 1478.1
1174820 1476.2
1174830 1476.2
1174840 1475.0
1174850 1473.5
1174860 1473.5
1174870 1470.7
1174880 1469.1
1174890 1469.1
1174900 1468.0
1174910 1467.3
1174920 1467.3
1174930 1463.6
1174940 1462.2
1174950 1462.2
1174960 1461.2
1174970 1460.1
1174980 1460.1
1174990 1458.8
1175000 1457.3
1175010 1457.3
1175020 1455.8
1175030 1454.5
1175040 1454.5
1175050 1452.6
1175060 1450.3
1175070 1450.3
1175080 1448.0
1175090 1445.8
1175100 1444.6
1175110 1444.6
1175120 1443.9
1175130 1443.1
1175140 1443.1
1175150 1441.5
1175160 1440.0
1175170 1440.0
1175180 1438.6
1175190 1437.2
1175200 1437.2
1175210 1435.6
1175220 1433.9
1175230 1433.9
1175240 1431.1
1175250 1426.9
1175260 1426.9
1175270 1422.2
1175280 1417.1
1175290 1417.1
1175300 1410.9
1175310 1402.3
1175320 1402.3
1175330 1395.2
1175340 1380.9
1175350 1380.9
1175360 1369.8
1175370 1357.0
1175380 1357.0
1175390 1348.9
1175400 1341.1
1175410 1333.7
1175420 1333.7
1175430 1327.2
1175440 1321.9
1175450 1321.9
1175460 1316.9
1175470 1312.3
1175480 1312.3
1175490 1309.0
1175500 1306.4
1175510 1306.4
1175520 1303.4
1175530 1299.9
1175540 1299.9
1175550 1295.4
1175560 1290.8
1175570 1290.8
1175580 1286.0
1175590 1281.9
1175600 1281.9
1175610 1278.8
1175620 1276.1
1175630 1276.1
1175640 1273.9
1175650 1270.6
1175660 1270.6
1175670 1267.5
1175680 1263.4
1175690 1263.4
1175700 1259.4
1175710 1256.2
1175720 1253.0
1175730 1253.0
1175740 1249.8
1175750 1247.6
1175760 1243.3
1175770 1241.1
1175780 1239.0
1175790 1239.0
1175800 1236.6
1175810 1233.6
1175820 1233.6
1175830 1230.2
1175840 1226.8
1175850 1226.8
1175860 1224.3
1175870 1222.5
1175880 1222.5
1175890 1221.3
1175900 1220.1
1175910 1220.1
1175920 1218.6
1175930 1216.8
1175940 1216.8
1175950 1214.8
1175960 1211.7
1175970 1211.7
1175980 1212.1
1175990 1211.4
1176000 1211.4
1176010 1211.4
1176020 1212.3
1176030 1212.3
1176040 1213.0
1176050 1213.0
1176060 1213.5
1176070 1213.5
1176080 1214.7
1176090 1214.9
1176100 1214.9
1176110 1214.6
1176120 1212.9
1176130 1212.9
1176140 1208.7
1176150 1205.5
1176160 1205.5
1176170 1195.4
1176180 1193.5
1176190 1193.5
1176200 1192.1
1176210 1191.4
1176220 1191.4
1176230 1190.9
1176240 1190.4
1176250 1190.4
1176260 1189.8
1176270 1189.4
1176280 1189.4
1176290 1189.1
1176300 1187.4
1176310 1187.4
1176320 1184.8
1176330 1180.2
1176340 1180.2
1176350 1176.3
1176360 1172.8
1176370 1168.1
1176380 1168.1
1176390 1164.2
1176400 1160.7
1176410 1160.7
1176420 1156.6
1176430 1151.9
1176440 1151.9
1176450 1145.8
1176460 1144.5
1176470 1144.5
1176480 1144.1
1176490 1141.9
1176500 1141.9
1176510 1139.0
1176520 1138.2
1176530 1138.2
1176540 1137.7
1176550 1137.0
1176560 1137.0
1176570 1137.3
1176580 1133.8
1176590 1133.8
1176600 1134.3
1176610 1134.3
1176620 1134.3
1176630 1133.1
1176640 1131.7
1176650 1131.7
1176660 1130.7
1176670 1129.1
1176680 1127.4
1176690 1127.4
1176700 1124.0
1176710 1121.5
1176720 1121.5
1176730 1119.7
1176740 1116.7
1176750 1116.7
1176760 1112.2
1176770 1107.7
1176780 1107.7
1176790 1103.1
1176800 1097.9
1176810 1097.9
1176820 1088.9
1176830 1082.9
1176840 1082.9
1176850 1081.3
1176860 1080.2
1176870 1080.2
1176880 1077.6
1176890 1076.2
1176900 1076.2
1176910 1074.0
1176920 1070.6
1176930 1070.6
1176940 1066.3
1176950 1062.2
1176960 1062.2
1176970 1060.2
1176980 1058.2
1176990 1055.2
1177000 1053.8
1177010 1051.0
1177020 1048.2
1177030 1048.2
1177040 1045.2
1177050 1040.2
1177060 1040.2
1177070 1033.7
1177080 1027.5
1177090 1027.5
1177100 1021.2
1177110 1014.8
1177120 1014.8
1177130 1005.9
1177140 996.6
1177150 996.6
1177160 988.2
1177170 983.5
1177180 983.5
1177190 983.6
1177200 980.6
1177210 980.6
1177220 977.3
1177230 972.3
1177240 972.3
1177250 968.1
1177260 964.4
1177270 964.4
1177280 960.1
1177290 956.5
1177300 956.5
1177310 952.4
1177320 948.3
1177330 945.2
1177340 945.2
1177350 942.9
1177360 941.1
1177370 941.1
1177380 939.3
1177390 937.6
1177400 937.6
1177410 934.7
1177420 935.1
1177430 935.1
1177440 936.2
1177450 935.0
1177460 935.0
1177470 932.8
1177480 930.2
1177490 930.2
1177500 928.1
1177510 926.5
1177520 926.5
1177530 922.6
1177540 918.1
1177550 918.1
1177560 915.7
1177570 912.4
1177580 912.4
1177590 908.4
1177600 905.8
1177610 905.8
1177620 904.3
1177630 904.0
1177640 904.0
1177650 904.0
1177660 904.0
1177670 904.1
1177680 904.1
1177690 904.1
1177700 904.0
1177710 904.0
1177720 904.1
1177730 904.2
1177740 904.2
1177750 904.2
1177760 904.9
1177770 904.9
1177780 904.9
1177790 904.5
1177800 904.5
1177810 904.8
1177820 904.9
1177830 905.3
1177840 906.7
1177850 906.8
1177860 906.8
1177870 907.1
1177880 907.3
1177890 907.3
1177900 907.5
1177910 907.9
1177920 907.9
1177930 907.9
1177940 907.7
1177950 907.6
1177960 907.6
1177970 907.5
1177980 907.6
1177990 907.6
1178000 907.4
1178010 907.4
1178020 907.4
1178030 907.3
1178040 907.7
1178050 907.7
1178060 907.7
1178070 907.5
1178080 907.5
1178090 907.4
1178100 907.1
1178110 907.1
1178120 906.9
1178130 907.0
1178140 907.0
1178150 906.9
1178160 906.8
1178170 906.8
1178180 906.9
1178190 907.0
1178200 907.0
1178210 907.1
1178220 907.0
1178230 907.0
1178240 906.5
1178250 906.3
1178260 906.8
1178270 906.8
1178280 907.1
1178290 907.0
1178300 907.0
1178310 907.2
1178320 907.1
1178330 907.1
1178340 906.7
1178350 906.3
1178360 906.3
1178370 906.4
1178380 906.3
1178390 906.3
1178400 906.9
1178410 907.6
1178420 907.6
1178430 907.3
1178440 906.2
1178450 906.2
1178460 905.7
1178470 906.1
1178480 906.1
1178490 906.9
1178500 906.8
1178510 906.8
1178520 906.7
1178530 906.6
1178540 906.6
1178550 906.6
1178560 906.5
1178570 906.5
1178580 906.4
1178590 906.4
1178600 906.5
1178610 906.5
1178620 906.7
1178630 906.7
1178640 906.7
1178650 906.6
1178660 906.2
1178670 906.2
1178680 906.3
1178690 906.5
1178700 906.5
1178710 906.7
1178720 906.8
1178730 906.8
1178740 906.8
1178750 906.7
1178760 906.7
1178770 906.6
1178780 906.7
1178790 906.7
1178800 906.6
1178810 906.5
1178820 906.5
1178830 906.7
1178840 906.6
1178850 906.6
1178860 906.4
1178870 906.4
1178880 906.4
1178890 906.4
1178900 905.8
1178910 905.9
1178920 905.9
1178930 906.2
1178940 906.2
1178950 906.2
1178960 905.9
1178970 906.3
1178980 906.3
1178990 906.3
1179000 906.2
1179010 906.2
1179020 906.1
1179030 905.9
1179040 905.9
1179050 905.8
1179060 906.0
1179070 906.0
1179080 905.9
1179090 905.7
1179100 905.7
1179110 905.6
1179120 905.5
1179130 905.5
1179140 905.6
1179150 905.5
1179160 905.5
1179170 905.6
1179180 905.6
1179190 905.6
1179200 905.4
1179210 905.5
1179220 905.5
1179230 905.5
1179240 905.9
1179250 906.2
1179260 906.2
1179270 906.1
1179280 905.6
1179290 905.6
1179300 905.3
1179310 904.8
1179320 904.8
1179330 904.6
1179340 904.7
1179350 904.7
1179360 904.8
1179370 904.8
1179380 904.8
1179390 904.8
1179400 904.9
1179410 904.9
1179420 905.0
1179430 905.1
1179440 905.1
1179450 905.0
1179460 904.9
1179470 904.9
1179480 904.9
1179490 904.9
1179500 904.8
1179510 904.7
1179520 904.5
1179530 904.5
1179540 904.3
1179550 904.3
1179560 904.5
1179570 904.5
1179580 905.3
1179590 906.6
1179600 906.6
1179610 907.3
1179620 907.3
1179630 907.3
1179640 907.2
1179650 907.1
1179660 907.1
1179670 907.3
1179680 908.8
1179690 908.8
1179700 911.3
1179710 913.9
1179720 913.9
1179730 915.2
1179740 915.3
1179750 915.3
1179760 915.3
1179770 915.2
1179780 915.2
1179790 915.1
1179800 914.9
1179810 914.9
1179820 914.8
1179830 914.6
1179840 914.6
1179850 914.2
1179860 914.2
1179870 914.3
1179880 914.3
1179890 914.3
1179900 914.3
1179910 914.3
1179920 914.3
1179930 914.3
1179940 914.3
1179950 914.2
1179960 914.2
1179970 914.2
1179980 914.3
1179990 914.4
