1164520 1937.4
1164530 1940.7
1164540 1948.8
1164550 1948.8
1164560 1954.4
1164570 1960.3
1164580 1960.3
1164590 1966.4
1164600 1972.9
1164610 1972.9
1164620 1979.6
1164630 1985.9
1164640 1985.9
1164650 1991.9
1164660 1998.7
1164670 1998.7
1164680 2005.1
1164690 2011.5
1164700 2011.5
1164710 2018.0
1164720 2023.7
1164730 2023.7
1164740 2021.4
1164750 2010.8
1164760 2010.8
1164770 1997.7
1164780 1987.5
1164790 1987.5
1164800 1977.7
1164810 1968.4
1164820 1968.4
1164830 1961.7
1164840 1956.6
1164850 1956.6
1164860 1950.5
1164870 1944.3
1164880 1938.4
1164890 1938.4
1164900 1932.7
1164910 1927.2
1164920 1927.2
1164930 1921.6
1164940 1915.5
1164950 1915.5
1164960 1909.3
1164970 1901.7
1164980 1901.7
1164990 1894.3
1165000 1887.4
1165010 1887.4
1165020 1881.4
1165030 1876.6
1165040 1876.6
1165050 1874.4
1165060 1871.0
1165070 1871.0
1165080 1868.5
1165090 1866.4
1165100 1866.4
1165110 1865.7
1165120 1865.9
1165130 1865.9
1165140 1866.3
1165150 1868.1
1165160 1868.1
1165170 1871.1
1165180 1873.2
1165190 1874.1
1165200 1874.1
1165210 1875.2
1165220 1874.8
1165230 1874.8
1165240 1873.6
1165250 1873.5
1165260 1873.5
1165270 1874.1
1165280 1873.8
1165290 1873.8
1165300 1872.7
1165310 1871.7
1165320 1871.7
1165330 1871.9
1165340 1873.2
1165350 1873.2
1165360 1873.8
1165370 1875.0
1165380 1875.0
1165390 1877.7
1165400 1880.3
1165410 1880.3
1165420 1885.7
1165430 1894.6
1165440 1894.6
1165450 1912.2
1165460 1916.5
1165470 1916.5
1165480 1918.8
1165490 1920.0
1165500 1920.0
1165510 1925.2
1165520 1931.1
1165530 1934.6
1165540 1934.6
1165550 1940.0
1165560 1944.1
1165570 1944.1
1165580 1946.6
1165590 1948.8
1165600 1948.8
1165610 1950.9
1165620 1952.8
1165630 1952.8
1165640 1954.4
1165650 1956.0
1165660 1956.0
1165670 1958.3
1165680 1961.5
1165690 1961.5
1165700 1965.0
1165710 1967.4
1165720 1967.4
1165730 1968.4
1165740 1968.6
1165750 1968.6
1165760 1968.3
1165770 1968.0
1165780 1968.0
1165790 1967.8
1165800 1967.9
1165810 1967.9
1165820 1968.0
1165830 1968.2
1165840 1968.6
1165850 1968.6
1165860 1971.1
1165870 1973.5
1165880 1973.5
1165890 1975.5
1165900 1977.1
1165910 1977.1
1165920 1978.8
1165930 1980.5
1165940 1980.5
1165950 1982.3
1165960 1984.6
1165970 1984.6
1165980 1987.1
1165990 1990.0
1166000 1990.0
1166010 1992.8
1166020 1995.3
1166030 1995.3
1166040 1998.6
1166050 2004.0
1166060 2004.0
1166070 2010.9
1166080 2019.4
1166090 2019.4
1166100 2027.6
1166110 2036.0
1166120 2036.0
1166130 2047.1
1166140 2057.5
1166150 2057.5
1166160 2063.0
1166170 2059.6
1166180 2054.4
1166190 2054.4
1166200 2048.9
1166210 2043.1
1166220 2043.1
1166230 2036.8
1166240 2028.6
1166250 2028.6
1166260 2021.4
1166270 2015.3
1166280 2015.3
1166290 2009.9
1166300 2005.3
1166310 2005.3
1166320 2001.6
1166330 1999.2
1166340 1999.2
1166350 1997.3
1166360 1993.6
1166370 1993.6
1166380 1988.9
1166390 1983.4
1166400 1983.4
1166410 1977.7
1166420 1973.5
1166430 1973.5
1166440 1970.7
1166450 1969.2
1166460 1969.2
1166470 1968.6
1166480 1968.9
1166490 1969.4
1166500 1969.4
1166510 1969.9
1166520 1970.9
1166530 1970.9
1166540 1973.1
1166550 1977.2
1166560 1977.2
1166570 1983.3
1166580 1985.6
1166590 1985.6
1166600 1985.6
1166610 1985.3
1166620 1985.3
1166630 1985.0
1166640 1984.3
1166650 1984.3
1166660 1986.8
1166670 1986.8
1166680 1986.8
1166690 1986.6
1166700 1985.8
1166710 1985.8
1166720 1985.0
1166730 1984.9
1166740 1984.9
1166750 1984.6
1166760 1984.2
1166770 1984.2
1166780 1983.3
1166790 1981.8
1166800 1979.3
1166810 1979.3
1166820 1976.5
1166830 1974.3
1166840 1974.3
1166850 1973.0
1166860 1972.0
1166870 1972.0
1166880 1970.9
1166890 1969.6
1166900 1969.6
1166910 1967.7
1166920 1965.2
1166930 1965.2
1166940 1963.1
1166950 1962.2
1166960 1962.2
1166970 1961.9
1166980 1961.5
1166990 1961.5
1167000 1961.0
1167010 1960.2
1167020 1960.2
1167030 1959.0
1167040 1957.0
1167050 1957.0
1167060 1962.1
1167070 1959.7
1167080 1959.7
1167090 1956.7
1167100 1952.5
1167110 1952.5
1167120 1947.4
1167130 1944.1
1167140 1942.4
1167150 1942.4
1167160 1940.7
1167170 1938.3
1167180 1938.3
1167190 1936.4
1167200 1936.2
1167210 1936.2
1167220 1936.4
1167230 1935.5
1167240 1935.5
1167250 1933.3
1167260 1931.1
1167270 1931.1
1167280 1929.0
1167290 1926.8
1167300 1926.8
1167310 1924.2
1167320 1920.2
1167330 1920.2
1167340 1914.8
1167350 1910.8
1167360 1910.8
1167370 1910.1
1167380 1910.9
1167390 1910.9
1167400 1910.7
1167410 1912.7
1167420 1912.7
1167430 1914.2
1167440 1913.3
1167450 1913.3
1167460 1918.1
1167470 1919.9
1167480 1921.7
1167490 1921.7
1167500 1922.6
1167510 1921.7
1167520 1921.7
1167530 1920.6
1167540 1921.7
1167550 1921.7
1167560 1924.2
1167570 1926.7
1167580 1926.7
1167590 1928.6
1167600 1927.9
1167610 1927.9
1167620 1927.5
1167630 1925.9
1167640 1925.9
1167650 1922.8
1167660 1920.1
1167670 1920.1
1167680 1917.7
1167690 1915.2
1167700 1915.2
1167710 1912.5
1167720 1910.4
1167730 1910.4
1167740 1909.4
1167750 1909.3
1167760 1909.3
1167770 1908.2
1167780 1904.6
1167790 1899.4
1167800 1899.4
1167810 1894.9
1167820 1891.2
1167830 1891.2
1167840 1888.7
1167850 1887.4
1167860 1884.8
1167870 1882.4
1167880 1880.2
1167890 1880.2
1167900 1877.4
1167910 1875.8
1167920 1875.8
1167930 1873.5
1167940 1870.5
1167950 1870.5
1167960 1867.4
1167970 1864.9
1167980 1864.9
1167990 1861.7
1168000 1859.2
1168010 1859.2
1168020 1857.4
1168030 1854.0
1168040 1854.0
1168050 1850.0
1168060 1847.2
1168070 1847.2
1168080 1845.1
1168090 1843.9
1168100 1843.9
1168110 1843.9
1168120 1844.4
1168130 1845.2
1168140 1845.2
1168150 1846.6
1168160 1847.8
1168170 1847.8
1168180 1847.7
1168190 1846.0
1168200 1846.0
1168210 1846.3
1168220 1850.6
1168230 1850.6
1168240 1857.3
1168250 1862.3
1168260 1862.3
1168270 1859.4
1168280 1860.9
1168290 1860.9
1168300 1860.6
1168310 1861.5
1168320 1861.5
1168330 1862.5
1168340 1864.3
1168350 1864.3
1168360 1866.7
1168370 1868.9
1168380 1868.9
1168390 1871.9
1168400 1875.2
1168410 1875.2
1168420 1878.8
1168430 1883.4
1168440 1886.7
1168450 1886.7
1168460 1888.3
1168470 1889.7
1168480 1889.7
1168490 1892.2
1168500 1894.5
1168510 1894.5
1168520 1896.9
1168530 1898.2
1168540 1898.2
1168550 1900.7
1168560 1903.7
1168570 1903.7
1168580 1907.5
1168590 1912.5
1168600 1912.5
1168610 1916.4
1168620 1918.9
1168630 1918.9
1168640 1921.8
1168650 1923.4
1168660 1923.4
1168670 1918.9
1168680 1917.6
1168690 1917.6
1168700 1915.3
1168710 1911.9
1168720 1911.9
1168730 1907.3
1168740 1903.7
1168750 1900.8
1168760 1900.8
1168770 1898.5
1168780 1896.9
1168790 1896.9
1168800 1896.3
1168810 1895.9
1168820 1895.9
1168830 1896.2
1168840 1896.9
1168850 1896.9
1168860 1897.5
1168870 1898.6
1168880 1898.6
1168890 1900.1
1168900 1901.9
1168910 1901.9
1168920 1903.8
1168930 1906.0
1168940 1906.0
1168950 1907.9
1168960 1909.0
1168970 1909.0
1168980 1912.1
1168990 1914.8
1169000 1914.8
1169010 1918.1
1169020 1919.9
1169030 1919.9
1169040 1921.5
1169050 1924.5
1169060 1929.3
1169070 1929.3
1169080 1932.8
1169090 1935.3
1169100 1935.3
1169110 1937.0
1169120 1938.3
1169130 1938.3
1169140 1939.6
1169150 1940.7
1169160 1940.7
1169170 1942.2
1169180 1944.4
1169190 1944.4
1169200 1946.1
1169210 1946.1
1169220 1946.1
1169230 1945.1
1169240 1943.5
1169250 1943.5
1169260 1941.5
1169270 1939.1
1169280 1939.1
1169290 1936.5
1169300 1933.6
1169310 1933.6
1169320 1930.8
1169330 1927.9
1169340 1927.9
1169350 1925.1
1169360 1922.6
1169370 1922.6
1169380 1920.4
1169390 1918.8
1169400 1916.7
1169410 1916.7
1169420 1912.3
1169430 1907.4
1169440 1907.4
1169450 1901.1
1169460 1894.8
1169470 1894.8
1169480 1886.8
1169490 1881.7
1169500 1881.7
1169510 1877.2
1169520 1873.3
1169530 1873.3
1169540 1869.8
1169550 1866.3
1169560 1866.3
1169570 1862.9
1169580 1860.4
1169590 1860.4
1169600 1858.4
1169610 1856.1
1169620 1856.1
1169630 1853.4
1169640 1850.7
1169650 1850.7
1169660 1848.5
1169670 1847.0
1169680 1847.0
1169690 1845.5
1169700 1844.0
1169710 1842.5
1169720 1842.5
1169730 1840.8
1169740 1838.9
1169750 1838.9
1169760 1837.1
1169770 1835.1
1169780 1835.1
1169790 1831.9
1169800 1830.6
1169810 1830.6
1169820 1830.8
1169830 1829.4
1169840 1829.4
1169850 1828.4
1169860 1826.0
1169870 1826.0
1169880 1824.2
1169890 1820.4
1169900 1820.4
1169910 1813.9
1169920 1804.7
1169930 1804.7
1169940 1789.7
1169950 1779.8
1169960 1779.8
1169970 1773.3
1169980 1768.2
1169990 1768.2
1170000 1764.5
1170010 1761.8
1170020 1761.8
1170030 1758.9
1170040 1754.3
1170050 1748.0
1170060 1748.0
1170070 1747.2
1170080 1747.2
1170090 1747.2
1170100 1746.5
1170110 1745.8
1170120 1745.8
1170130 1745.9
1170140 1744.7
1170150 1744.7
1170160 1746.2
1170170 1749.6
1170180 1749.6
1170190 1751.7
1170200 1753.2
1170210 1753.2
1170220 1754.7
1170230 1755.4
1170240 1755.4
1170250 1754.7
1170260 1751.5
1170270 1751.5
1170280 1749.4
1170290 1746.2
1170300 1746.2
1170310 1747.1
1170320 1747.9
1170330 1747.9
1170340 1749.5
1170350 1750.3
1170360 1750.1
1170370 1750.1
1170380 1750.0
1170390 1748.9
1170400 1748.9
1170410 1748.8
1170420 1750.1
1170430 1750.1
1170440 1751.2
1170450 1753.3
1170460 1753.3
1170470 1757.4
1170480 1762.6
1170490 1762.6
1170500 1767.7
1170510 1771.2
1170520 1771.2
1170530 1776.2
1170540 1781.2
1170550 1781.2
1170560 1785.4
1170570 1789.4
1170580 1789.4
1170590 1792.3
1170600 1794.6
1170610 1794.6
1170620 1800.4
1170630 1804.1
1170640 1804.1
1170650 1807.6
1170660 1811.3
1170670 1814.7
1170680 1814.7
1170690 1819.3
1170700 1823.2
1170710 1823.2
1170720 1827.6
1170730 1831.3
1170740 1831.3
1170750 1834.0
1170760 1834.9
1170770 1834.9
1170780 1835.3
1170790 1835.8
1170800 1835.8
1170810 1835.7
1170820 1836.3
1170830 1836.3
1170840 1838.7
1170850 1842.2
1170860 1842.2
1170870 1846.0
1170880 1849.1
1170890 1849.1
1170900 1851.6
1170910 1853.5
1170920 1853.5
1170930 1854.6
1170940 1854.9
1170950 1854.9
1170960 1853.7
1170970 1850.8
1170980 1850.8
1170990 1848.1
1171000 1846.7
1171010 1847.6
1171020 1847.6
1171030 1847.3
1171040 1847.3
1171050 1847.3
1171060 1848.4
1171070 1851.0
1171080 1851.0
1171090 1854.4
1171100 1856.6
1171110 1851.7
1171120 1853.9
1171130 1855.9
1171140 1855.9
1171150 1857.4
1171160 1859.9
1171170 1859.9
1171180 1861.9
1171190 1862.4
1171200 1862.4
1171210 1862.5
1171220 1862.2
1171230 1862.2
1171240 1862.9
1171250 1866.7
1171260 1866.7
1171270 1869.8
1171280 1870.8
1171290 1870.8
1171300 1870.9
1171310 1868.5
1171320 1865.4
1171330 1865.4
1171340 1866.5
1171350 1866.7
1171360 1866.7
1171370 1865.5
1171380 1862.7
1171390 1862.7
1171400 1858.3
1171410 1855.7
1171420 1855.7
1171430 1852.4
1171440 1849.5
1171450 1849.5
1171460 1848.9
1171470 1848.7
1171480 1848.7
1171490 1849.2
1171500 1849.2
1171510 1849.2
1171520 1844.1
1171530 1843.9
1171540 1843.9
1171550 1843.1
1171560 1842.7
1171570 1842.7
1171580 1844.3
1171590 1846.9
1171600 1846.9
1171610 1850.7
1171620 1855.5
1171630 1855.5
1171640 1860.6
1171650 1865.3
1171660 1870.0
1171670 1870.0
1171680 1875.3
1171690 1879.8
1171700 1879.8
1171710 1883.9
1171720 1887.6
1171730 1887.6
1171740 1891.6
1171750 1897.1
1171760 1897.1
1171770 1906.3
1171780 1916.3
1171790 1916.3
1171800 1928.0
1171810 1938.5
1171820 1938.5
1171830 1946.8
1171840 1955.7
1171850 1955.7
1171860 1963.6
1171870 1970.7
1171880 1970.7
1171890 1972.9
1171900 1970.0
1171910 1970.0
1171920 1955.9
1171930 1960.0
1171940 1960.0
1171950 1977.3
1171960 1993.6
1171970 2001.0
1171980 2001.0
1171990 2004.8
1172000 2008.0
1172010 2008.0
1172020 2009.4
1172030 2012.5
1172040 2012.5
1172050 2018.0
1172060 2020.3
1172070 2020.3
1172080 2020.4
1172090 2025.1
1172100 2025.1
1172110 2022.8
1172120 2014.8
1172130 2014.8
1172140 2006.2
1172150 2004.1
1172160 2004.1
1172170 2007.2
1172180 2002.0
1172190 2002.0
1172200 1996.4
1172210 2003.2
1172220 2003.2
1172230 2007.6
1172240 2012.0
1172250 2012.0
1172260 2018.0
1172270 2026.0
1172280 2026.0
1172290 2032.4
1172300 2034.7
1172310 2034.4
1172320 2034.4
1172330 2025.8
1172340 2021.0
1172350 2021.0
1172360 2015.5
1172370 2014.5
1172380 2014.5
1172390 2014.1
1172400 2015.7
1172410 2015.7
1172420 2017.2
1172430 2015.6
1172440 2015.6
1172450 2011.6
1172460 2007.2
1172470 2007.2
1172480 2003.4
1172490 2004.0
1172500 2004.0
1172510 2006.9
1172520 2009.6
1172530 2009.6
1172540 2010.5
1172550 2009.3
1172560 2009.3
1172570 2009.3
1172580 2010.6
1172590 2010.6
1172600 2010.9
1172610 2013.4
1172620 2015.4
1172630 2015.4
1172640 2017.0
1172650 2016.9
1172660 2016.9
1172670 2018.1
1172680 2020.1
1172690 2020.1
1172700 2022.8
1172710 2027.3
1172720 2027.3
1172730 2033.0
1172740 2041.4
1172750 2041.4
1172760 2049.4
1172770 2057.0
1172780 2057.0
1172790 2064.5
1172800 2071.5
1172810 2071.5
1172820 2078.6
1172830 2085.8
1172840 2085.8
1172850 2092.7
1172860 2099.3
1172870 2099.3
1172880 2105.5
1172890 2111.5
1172900 2111.5
1172910 2117.4
1172920 2122.5
1172930 2120.1
1172940 2120.1
1172950 2106.8
1172960 2096.0
1172970 2096.0
1172980 2084.8
1172990 2072.3
1173000 2072.3
1173010 2063.7
1173020 2055.3
1173030 2055.3
1173040 2047.4
1173050 2039.9
1173060 2039.9
1173070 2032.4
1173080 2025.2
1173090 2025.2
1173100 2018.2
1173110 2011.2
1173120 2011.2
1173130 2004.4
1173140 1997.8
1173150 1996.0
1173160 1989.5
1173170 1983.1
1173180 1983.1
1173190 1977.0
1173200 1970.9
1173210 1970.9
1173220 1964.9
1173230 1958.9
1173240 1958.9
1173250 1953.2
1173260 1947.4
1173270 1941.9
1173280 1941.9
1173290 1936.5
1173300 1931.2
1173310 1931.2
1173320 1926.1
1173330 1920.9
1173340 1920.9
1173350 1916.2
1173360 1911.4
1173370 1911.4
1173380 1907.3
1173390 1903.7
1173400 1903.7
1173410 1901.8
1173420 1901.2
1173430 1901.2
1173440 1901.2
1173450 1902.7
1173460 1902.7
1173470 1905.4
1173480 1907.2
1173490 1907.2
1173500 1906.1
1173510 1904.9
1173520 1904.9
1173530 1904.6
1173540 1906.8
1173550 1906.8
1173560 1901.7
1173570 1901.2
1173580 1902.3
1173590 1902.3
1173600 1903.9
1173610 1905.1
1173620 1905.1
1173630 1906.6
1173640 1909.3
1173650 1909.3
1173660 1912.8
1173670 1915.2
1173680 1915.2
1173690 1918.2
1173700 1920.9
1173710 1920.9
1173720 1923.2
1173730 1924.8
1173740 1924.8
1173750 1926.9
1173760 1928.7
1173770 1928.7
1173780 1929.4
1173790 1929.8
1173800 1929.8
1173810 1928.9
1173820 1928.7
1173830 1928.7
1173840 1929.1
1173850 1929.6
1173860 1929.6
1173870 1930.4
1173880 1931.5
1173890 1931.5
1173900 1934.8
1173910 1938.3
1173920 1942.3
1173930 1942.3
1173940 1945.5
1173950 1948.3
1173960 1948.3
1173970 1944.6
1173980 1946.9
1173990 1946.9
1174000 1949.2
1174010 1950.5
1174020 1950.5
1174030 1950.5
1174040 1949.8
1174050 1949.8
1174060 1949.1
1174070 1950.2
1174080 1950.2
1174090 1955.4
1174100 1959.9
1174110 1959.9
1174120 1965.4
1174130 1982.3
1174140 1982.3
1174150 1988.8
1174160 1981.7
1174170 1981.7
1174180 1977.9
1174190 1979.8
1174200 1979.8
1174210 1989.8
1174220 1992.0
1174230 1990.7
1174240 1990.7
1174250 1993.8
1174260 1996.6
1174270 1996.6
1174280 2000.2
1174290 2004.0
1174300 2004.0
1174310 2006.7
1174320 2011.5
1174330 2011.5
1174340 2016.1
1174350 2021.9
1174360 2021.9
1174370 2029.9
1174380 2037.0
1174390 2037.0
1174400 2042.2
1174410 2046.4
1174420 2046.4
1174430 2042.8
1174440 2032.7
1174450 2032.7
1174460 2023.1
1174470 2013.1
1174480 2013.1
1174490 2004.5
1174500 1996.6
1174510 1996.6
1174520 1989.0
1174530 1981.5
1174540 1974.4
1174550 1974.4
1174560 1967.6
1174570 1961.1
1174580 1961.1
1174590 1954.8
1174600 1948.4
1174610 1948.4
1174620 1942.1
1174630 1936.5
1174640 1936.5
1174650 1931.2
1174660 1925.7
1174670 1925.7
1174680 1920.8
1174690 1916.3
1174700 1916.3
1174710 1911.9
1174720 1909.0
1174730 1909.0
1174740 1906.8
1174750 1905.0
1174760 1905.0
1174770 1903.4
1174780 1902.7
1174790 1902.7
1174800 1902.9
1174810 1900.4
1174820 1900.4
1174830 1895.7
1174840 1889.8
1174850 1889.8
1174860 1889.3
1174870 1890.2
1174880 1890.9
1174890 1890.9
1174900 1891.0
1174910 1889.3
1174920 1889.3
1174930 1889.3
1174940 1887.5
1174950 1887.5
1174960 1886.4
1174970 1887.5
1174980 1887.5
1174990 1889.4
1175000 1891.8
1175010 1891.8
1175020 1894.8
1175030 1897.4
1175040 1897.4
1175050 1899.1
1175060 1901.2
1175070 1901.2
1175080 1903.6
1175090 1905.8
1175100 1905.8
1175110 1908.6
1175120 1911.2
1175130 1911.2
1175140 1911.7
1175150 1912.2
1175160 1912.2
1175170 1913.3
1175180 1914.8
1175190 1917.2
1175200 1917.2
1175210 1916.0
1175220 1919.5
1175230 1919.5
1175240 1921.8
1175250 1921.6
1175260 1921.6
1175270 1920.3
1175280 1917.6
1175290 1917.6
1175300 1913.8
1175310 1909.5
1175320 1909.5
1175330 1906.4
1175340 1904.4
1175350 1904.4
1175360 1902.2
1175370 1898.1
1175380 1898.1
1175390 1892.9
1175400 1888.6
1175410 1888.6
1175420 1885.4
1175430 1880.8
1175440 1880.8
1175450 1875.7
1175460 1869.6
1175470 1869.6
1175480 1864.7
1175490 1857.7
1175500 1857.7
1175510 1850.9
1175520 1846.5
1175530 1840.0
1175540 1840.0
1175550 1834.6
1175560 1829.2
1175570 1829.2
1175580 1825.0
1175590 1822.0
1175600 1822.0
1175610 1817.1
1175620 1805.4
1175630 1805.4
1175640 1804.2
1175650 1801.1
1175660 1801.1
1175670 1797.4
1175680 1793.2
1175690 1793.2
1175700 1789.2
1175710 1783.6
1175720 1783.6
1175730 1777.9
1175740 1777.1
1175750 1777.1
1175760 1777.5
1175770 1777.4
1175780 1777.4
1175790 1775.6
1175800 1773.3
1175810 1773.3
1175820 1770.8
1175830 1766.9
1175840 1762.2
1175850 1762.2
1175860 1758.9
1175870 1756.2
1175880 1756.2
1175890 1753.8
1175900 1751.0
1175910 1751.0
1175920 1747.3
1175930 1743.1
1175940 1743.1
1175950 1740.0
1175960 1735.4
1175970 1735.4
1175980 1726.9
1175990 1717.0
1176000 1717.0
1176010 1706.5
1176020 1695.0
1176030 1692.1
1176040 1682.6
1176050 1676.5
1176060 1676.5
1176070 1670.8
1176080 1664.3
1176090 1664.3
1176100 1658.8
1176110 1655.0
1176120 1655.0
1176130 1651.9
1176140 1648.2
1176150 1648.2
1176160 1641.8
1176170 1633.1
1176180 1624.1
1176190 1624.1
1176200 1616.9
1176210 1611.1
1176220 1611.1
1176230 1597.5
1176240 1583.1
1176250 1583.1
1176260 1574.0
1176270 1568.7
1176280 1568.7
1176290 1563.8
1176300 1561.3
1176310 1561.3
1176320 1559.0
1176330 1557.7
1176340 1557.7
1176350 1553.1
1176360 1551.7
1176370 1551.7
1176380 1557.3
1176390 1558.6
1176400 1558.6
1176410 1555.5
1176420 1551.1
1176430 1551.1
1176440 1544.5
1176450 1531.8
1176460 1531.8
1176470 1526.9
1176480 1524.1
1176490 1523.1
1176500 1523.1
1176510 1520.6
1176520 1519.8
1176530 1519.8
1176540 1518.3
1176550 1514.9
1176560 1514.9
1176570 1510.9
1176580 1506.9
1176590 1506.9
1176600 1501.9
1176610 1495.7
1176620 1495.7
1176630 1491.5
1176640 1492.8
1176650 1492.8
1176660 1493.1
1176670 1491.7
1176680 1491.7
1176690 1488.9
1176700 1485.7
1176710 1485.7
1176720 1483.4
1176730 1481.2
1176740 1481.2
1176750 1478.4
1176760 1475.9
1176770 1475.9
1176780 1473.1
1176790 1470.3
1176800 1467.4
1176810 1467.4
1176820 1464.6
1176830 1459.9
1176840 1459.9
1176850 1453.7
1176860 1451.8
1176870 1451.8
1176880 1451.1
1176890 1449.5
1176900 1449.5
1176910 1448.3
1176920 1447.7
1176930 1447.7
1176940 1446.7
1176950 1444.4
1176960 1444.4
1176970 1445.2
1176980 1443.9
1176990 1443.9
1177000 1441.8
1177010 1438.9
1177020 1438.9
1177030 1436.1
1177040 1432.5
1177050 1432.5
1177060 1427.7
1177070 1422.2
1177080 1422.2
1177090 1417.3
1177100 1411.1
1177110 1411.1
1177120 1404.5
1177130 1397.0
1177140 1392.8
1177150 1392.8
1177160 1389.7
1177170 1382.9
1177180 1382.9
1177190 1376.5
1177200 1374.8
1177210 1374.8
1177220 1376.3
1177230 1375.9
1177240 1375.9
1177250 1377.0
1177260 1375.1
1177270 1375.1
1177280 1365.2
1177290 1359.5
1177300 1359.5
1177310 1354.3
1177320 1349.3
1177330 1349.3
1177340 1344.0
1177350 1339.2
1177360 1339.2
1177370 1335.8
1177380 1331.6
1177390 1331.6
1177400 1327.2
1177410 1322.8
1177420 1322.8
1177430 1318.7
1177440 1315.1
1177450 1310.5
1177460 1310.5
1177470 1304.9
1177480 1299.3
1177490 1299.3
1177500 1294.5
1177510 1290.7
1177520 1290.7
1177530 1287.0
1177540 1283.5
1177550 1283.5
1177560 1279.4
1177570 1273.6
1177580 1273.6
1177590 1267.8
1177600 1262.7
1177610 1262.7
1177620 1256.4
1177630 1250.1
1177640 1250.1
1177650 1242.2
1177660 1233.3
1177670 1233.3
1177680 1224.4
1177690 1213.9
1177700 1213.9
1177710 1205.9
1177720 1198.5
1177730 1198.5
1177740 1191.5
1177750 1185.3
1177760 1185.3
1177770 1181.0
1177780 1174.9
1177790 1168.9
1177800 1168.9
1177810 1167.2
1177820 1162.7
1177830 1162.7
1177840 1155.7
1177850 1148.4
1177860 1148.4
1177870 1142.9
1177880 1141.4
1177890 1141.4
1177900 1137.9
1177910 1131.9
1177920 1131.9
1177930 1126.9
1177940 1128.9
1177950 1128.9
1177960 1132.8
1177970 1130.9
1177980 1130.9
1177990 1127.8
1178000 1125.9
1178010 1125.9
1178020 1124.6
1178030 1122.7
1178040 1122.7
1178050 1118.9
1178060 1115.8
1178070 1115.8
1178080 1113.9
1178090 1111.1
1178100 1108.1
1178110 1102.6
1178120 1101.0
1178130 1098.0
1178140 1098.0
1178150 1094.0
1178160 1091.7
1178170 1091.7
1178180 1089.3
1178190 1086.3
1178200 1086.3
1178210 1082.5
1178220 1078.7
1178230 1078.7
1178240 1074.7
1178250 1071.2
1178260 1071.2
1178270 1067.1
1178280 1063.0
1178290 1063.0
1178300 1059.1
1178310 1056.3
1178320 1056.3
1178330 1053.7
1178340 1050.6
1178350 1050.6
1178360 1044.7
1178370 1041.9
1178380 1041.9
1178390 1040.9
1178400 1038.0
1178410 1037.0
1178420 1037.0
1178430 1038.2
1178440 1039.0
1178450 1039.0
1178460 1038.1
1178470 1037.6
1178480 1037.6
1178490 1036.8
1178500 1035.8
1178510 1035.8
1178520 1034.7
1178530 1025.7
1178540 1025.7
1178550 1024.0
1178560 1024.4
1178570 1024.4
1178580 1024.5
1178590 1023.3
1178600 1023.3
1178610 1020.6
1178620 1016.4
1178630 1016.4
1178640 1010.2
1178650 1002.0
1178660 1002.0
1178670 993.7
1178680 985.8
1178690 985.8
1178700 977.9
1178710 973.0
1178720 973.0
1178730 975.9
1178740 987.8
1178750 995.4
1178760 995.4
1178770 993.7
1178780 988.3
1178790 988.3
1178800 984.4
1178810 982.3
1178820 982.3
1178830 979.5
1178840 975.7
1178850 975.7
1178860 971.8
1178870 966.7
1178880 966.7
1178890 964.3
1178900 959.8
1178910 959.8
1178920 954.8
1178930 951.1
1178940 947.2
1178950 942.9
1178960 941.6
1178970 941.6
1178980 939.8
1178990 937.1
1179000 937.1
1179010 934.5
1179020 932.1
1179030 932.1
1179040 930.2
1179050 927.8
1179060 924.9
1179070 924.9
1179080 920.9
1179090 916.1
1179100 916.1
1179110 914.3
1179120 913.3
1179130 913.3
1179140 912.9
1179150 911.3
1179160 911.3
1179170 910.3
1179180 906.2
1179190 906.2
1179200 905.2
1179210 902.7
1179220 902.7
1179230 901.7
1179240 901.1
1179250 901.1
1179260 903.4
1179270 906.3
1179280 906.3
1179290 906.0
1179300 905.1
1179310 905.1
1179320 901.8
1179330 901.0
1179340 901.0
1179350 900.8
1179360 900.5
1179370 900.4
1179380 900.4
1179390 900.3
1179400 900.2
1179410 900.2
1179420 900.2
1179430 900.6
1179440 900.6
1179450 900.8
1179460 900.8
1179470 900.8
1179480 900.9
1179490 900.8
1179500 900.8
1179510 900.8
1179520 900.6
1179530 900.6
1179540 900.0
1179550 900.8
1179560 900.8
1179570 904.0
1179580 903.7
1179590 903.7
1179600 902.2
1179610 899.9
1179620 899.9
1179630 899.0
1179640 898.7
1179650 898.7
1179660 898.5
1179670 898.5
1179680 898.5
1179690 898.4
1179700 897.7
1179710 897.7
1179720 897.7
1179730 897.6
1179740 898.1
1179750 898.1
1179760 899.5
1179770 898.5
1179780 897.6
1179790 897.1
1179800 896.5
1179810 896.5
1179820 895.6
1179830 895.5
1179840 895.5
1179850 895.4
1179860 895.4
1179870 895.4
1179880 895.3
1179890 895.0
1179900 895.0
1179910 895.1
1179920 895.3
1179930 895.3
1179940 895.3
1179950 895.3
1179960 895.3
1179970 895.3
1179980 895.2
1179990 895.2
