1164660 1997.3
1164670 2001.7
1164680 2001.7
1164690 2005.5
1164700 2002.4
1164710 2002.4
1164720 1992.9
1164730 1987.1
1164740 1987.1
1164750 1984.0
1164760 1978.0
1164770 1978.0
1164780 1969.8
1164790 1959.5
1164800 1959.5
1164810 1951.9
1164820 1943.4
1164830 1943.4
1164840 1934.7
1164850 1926.9
1164860 1926.9
1164870 1920.3
1164880 1914.4
1164890 1914.4
1164900 1908.8
1164910 1903.4
1164920 1903.4
1164930 1898.1
1164940 1892.9
1164950 1889.0
1164960 1889.0
1164970 1883.0
1164980 1877.6
1164990 1877.6
1165000 1872.9
1165010 1868.6
1165020 1868.6
1165030 1865.7
1165040 1863.3
1165050 1863.3
1165060 1859.7
1165070 1857.0
1165080 1857.0
1165090 1857.2
1165100 1857.8
1165110 1857.8
1165120 1857.4
1165130 1855.3
1165140 1855.3
1165150 1852.6
1165160 1850.5
1165170 1850.5
1165180 1850.5
1165190 1851.2
1165200 1851.2
1165210 1851.4
1165220 1851.7
1165230 1851.7
1165240 1851.3
1165250 1850.6
1165260 1850.6
1165270 1848.9
1165280 1847.2
1165290 1846.7
1165300 1846.7
1165310 1846.5
1165320 1846.2
1165330 1846.2
1165340 1845.8
1165350 1847.8
1165360 1847.8
1165370 1847.3
1165380 1847.4
1165390 1847.4
1165400 1847.9
1165410 1849.1
1165420 1849.1
1165430 1851.5
1165440 1854.3
1165450 1854.3
1165460 1857.0
1165470 1859.7
1165480 1859.7
1165490 1862.2
1165500 1864.8
1165510 1864.8
1165520 1868.4
1165530 1872.3
1165540 1872.3
1165550 1875.9
1165560 1878.8
1165570 1878.8
1165580 1881.5
1165590 1884.5
1165600 1887.7
1165610 1887.7
1165620 1890.6
1165630 1896.7
1165640 1896.7
1165650 1906.6
1165660 1914.2
1165670 1914.2
1165680 1920.3
1165690 1926.0
1165700 1926.0
1165710 1931.2
1165720 1935.9
1165730 1935.9
1165740 1940.9
1165750 1948.8
1165760 1948.8
1165770 1951.4
1165780 1953.7
1165790 1953.7
1165800 1955.3
1165810 1956.1
1165820 1956.1
1165830 1956.7
1165840 1957.4
1165850 1957.4
1165860 1957.9
1165870 1957.1
1165880 1957.1
1165890 1956.2
1165900 1957.4
1165910 1960.3
1165920 1960.3
1165930 1963.7
1165940 1967.8
1165950 1967.8
1165960 1972.5
1165970 1977.8
1165980 1977.8
1165990 1983.5
1166000 1989.6
1166010 1989.6
1166020 1995.9
1166030 2002.6
1166040 2002.6
1166050 2009.4
1166060 2019.3
1166070 2019.3
1166080 2037.9
1166090 2058.2
1166100 2058.2
1166110 2050.2
1166120 2040.9
1166130 2040.9
1166140 2032.5
1166150 2024.7
1166160 2027.6
1166170 2022.1
1166180 2018.8
1166190 2018.8
1166200 2017.0
1166210 2015.8
1166220 2015.8
1166230 2013.2
1166240 2005.9
1166250 2001.4
1166260 2001.4
1166270 1997.7
1166280 1995.3
1166290 1995.3
1166300 1994.2
1166310 1993.8
1166320 1993.8
1166330 1993.5
1166340 1992.6
1166350 1992.6
1166360 1990.3
1166370 1984.9
1166380 1984.9
1166390 1979.8
1166400 1977.6
1166410 1977.6
1166420 1976.1
1166430 1973.5
1166440 1973.5
1166450 1966.8
1166460 1957.7
1166470 1957.7
1166480 1951.6
1166490 1949.4
1166500 1949.4
1166510 1950.5
1166520 1953.6
1166530 1953.6
1166540 1957.7
1166550 1960.3
1166560 1963.9
1166570 1963.9
1166580 1962.7
1166590 1965.1
1166600 1965.1
1166610 1971.5
1166620 1975.4
1166630 1975.4
1166640 1975.8
1166650 1974.9
1166660 1974.9
1166670 1974.6
1166680 1972.5
1166690 1972.5
1166700 1970.3
1166710 1968.3
1166720 1968.3
1166730 1964.5
1166740 1959.8
1166750 1959.8
1166760 1955.9
1166770 1952.6
1166780 1952.6
1166790 1950.5
1166800 1949.7
1166810 1949.7
1166820 1949.5
1166830 1947.6
1166840 1947.6
1166850 1945.3
1166860 1943.2
1166870 1943.2
1166880 1939.0
1166890 1934.4
1166900 1931.6
1166910 1931.6
1166920 1929.6
1166930 1927.6
1166940 1927.6
1166950 1925.4
1166960 1928.2
1166970 1928.2
1166980 1926.3
1166990 1924.3
1167000 1924.3
1167010 1922.2
1167020 1920.3
1167030 1920.3
1167040 1919.5
1167050 1919.2
1167060 1919.2
1167070 1919.6
1167080 1920.2
1167090 1920.2
1167100 1920.5
1167110 1920.1
1167120 1920.1
1167130 1918.5
1167140 1915.9
1167150 1915.9
1167160 1913.8
1167170 1911.7
1167180 1911.7
1167190 1908.1
1167200 1903.7
1167210 1904.2
1167220 1904.2
1167230 1905.5
1167240 1906.9
1167250 1906.9
1167260 1908.5
1167270 1910.2
1167280 1910.2
1167290 1910.0
1167300 1908.7
1167310 1908.7
1167320 1906.3
1167330 1902.6
1167340 1902.6
1167350 1898.4
1167360 1892.9
1167370 1892.9
1167380 1887.7
1167390 1886.4
1167400 1886.4
1167410 1886.3
1167420 1886.4
1167430 1886.4
1167440 1886.4
1167450 1886.7
1167460 1886.7
1167470 1885.9
1167480 1884.4
1167490 1884.4
1167500 1882.7
1167510 1881.1
1167520 1881.1
1167530 1881.1
1167540 1882.8
1167550 1885.8
1167560 1885.8
1167570 1890.0
1167580 1894.2
1167590 1894.2
1167600 1899.1
1167610 1905.3
1167620 1905.3
1167630 1910.1
1167640 1912.9
1167650 1912.9
1167660 1920.8
1167670 1925.7
1167680 1925.7
1167690 1924.7
1167700 1919.4
1167710 1919.4
1167720 1914.8
1167730 1911.2
1167740 1911.2
1167750 1908.0
1167760 1907.2
1167770 1907.2
1167780 1903.4
1167790 1900.4
1167800 1900.4
1167810 1897.5
1167820 1895.2
1167830 1895.2
1167840 1893.0
1167850 1890.3
1167860 1886.7
1167870 1886.7
1167880 1883.1
1167890 1880.1
1167900 1880.1
1167910 1876.5
1167920 1872.4
1167930 1872.4
1167940 1868.6
1167950 1865.5
1167960 1865.5
1167970 1864.2
1167980 1862.7
1167990 1862.7
1168000 1860.5
1168010 1857.8
1168020 1857.8
1168030 1855.3
1168040 1852.6
1168050 1852.6
1168060 1850.6
1168070 1851.0
1168080 1851.0
1168090 1854.4
1168100 1858.8
1168110 1858.8
1168120 1863.6
1168130 1868.4
1168140 1868.4
1168150 1871.8
1168160 1871.2
1168170 1866.3
1168180 1867.3
1168190 1869.7
1168200 1873.3
1168210 1873.3
1168220 1877.1
1168230 1881.5
1168240 1881.5
1168250 1885.5
1168260 1890.3
1168270 1890.3
1168280 1897.2
1168290 1902.2
1168300 1902.2
1168310 1900.4
1168320 1900.4
1168330 1900.4
1168340 1901.8
1168350 1902.7
1168360 1902.7
1168370 1904.7
1168380 1907.0
1168390 1907.0
1168400 1909.7
1168410 1912.3
1168420 1912.3
1168430 1916.5
1168440 1919.7
1168450 1919.7
1168460 1921.7
1168470 1923.8
1168480 1923.8
1168490 1926.0
1168500 1930.7
1168510 1933.7
1168520 1933.7
1168530 1935.5
1168540 1937.2
1168550 1937.2
1168560 1937.7
1168570 1933.4
1168580 1933.4
1168590 1933.8
1168600 1933.5
1168610 1933.5
1168620 1933.6
1168630 1933.1
1168640 1933.1
1168650 1931.8
1168660 1929.8
1168670 1929.8
1168680 1927.8
1168690 1926.0
1168700 1926.0
1168710 1924.4
1168720 1923.0
1168730 1923.0
1168740 1921.9
1168750 1921.3
1168760 1921.3
1168770 1920.3
1168780 1918.3
1168790 1918.3
1168800 1916.3
1168810 1915.8
1168820 1916.4
1168830 1916.4
1168840 1917.1
1168850 1917.5
1168860 1917.5
1168870 1918.0
1168880 1918.6
1168890 1918.6
1168900 1919.3
1168910 1920.2
1168920 1920.2
1168930 1921.8
1168940 1924.0
1168950 1924.0
1168960 1926.3
1168970 1929.0
1168980 1926.8
1168990 1929.4
1169000 1929.4
1169010 1929.4
1169020 1928.7
1169030 1934.8
1169040 1934.8
1169050 1939.7
1169060 1943.8
1169070 1943.8
1169080 1947.1
1169090 1948.8
1169100 1948.8
1169110 1950.6
1169120 1951.9
1169130 1951.9
1169140 1953.9
1169150 1957.7
1169160 1960.3
1169170 1960.3
1169180 1960.1
1169190 1958.3
1169200 1958.3
1169210 1955.8
1169220 1952.5
1169230 1952.5
1169240 1948.1
1169250 1943.3
1169260 1943.3
1169270 1938.7
1169280 1934.6
1169290 1934.6
1169300 1930.8
1169310 1926.9
1169320 1926.9
1169330 1923.1
1169340 1919.6
1169350 1919.6
1169360 1916.5
1169370 1913.7
1169380 1915.3
1169390 1912.6
1169400 1910.3
1169410 1910.3
1169420 1908.1
1169430 1905.9
1169440 1905.9
1169450 1903.4
1169460 1900.3
1169470 1896.7
1169480 1896.7
1169490 1892.8
1169500 1888.7
1169510 1888.7
1169520 1885.6
1169530 1883.5
1169540 1883.5
1169550 1881.5
1169560 1879.5
1169570 1879.5
1169580 1877.0
1169590 1874.3
1169600 1874.3
1169610 1871.3
1169620 1868.3
1169630 1868.3
1169640 1865.6
1169650 1863.4
1169660 1863.4
1169670 1861.2
1169680 1859.3
1169690 1859.3
1169700 1857.6
1169710 1855.6
1169720 1855.6
1169730 1853.5
1169740 1852.4
1169750 1852.4
1169760 1851.9
1169770 1850.3
1169780 1850.3
1169790 1846.0
1169800 1840.7
1169810 1842.0
1169820 1842.0
1169830 1841.6
1169840 1839.2
1169850 1839.2
1169860 1835.6
1169870 1830.9
1169880 1830.9
1169890 1825.2
1169900 1819.1
1169910 1819.1
1169920 1812.6
1169930 1805.8
1169940 1805.8
1169950 1797.5
1169960 1788.6
1169970 1788.6
1169980 1780.8
1169990 1775.2
1170000 1775.2
1170010 1776.7
1170020 1779.1
1170030 1779.1
1170040 1780.2
1170050 1779.3
1170060 1779.3
1170070 1773.1
1170080 1772.6
1170090 1772.6
1170100 1775.0
1170110 1774.8
1170120 1773.9
1170130 1773.9
1170140 1773.8
1170150 1774.5
1170160 1774.5
1170170 1774.7
1170180 1774.1
1170190 1768.6
1170200 1766.8
1170210 1774.9
1170220 1774.9
1170230 1778.1
1170240 1779.4
1170250 1779.4
1170260 1780.4
1170270 1779.5
1170280 1779.5
1170290 1781.7
1170300 1782.8
1170310 1782.8
1170320 1782.9
1170330 1782.8
1170340 1782.8
1170350 1782.1
1170360 1779.7
1170370 1779.7
1170380 1780.3
1170390 1781.3
1170400 1781.3
1170410 1783.7
1170420 1785.5
1170430 1785.5
1170440 1787.1
1170450 1790.3
1170460 1794.0
1170470 1794.0
1170480 1799.0
1170490 1802.3
1170500 1802.3
1170510 1805.6
1170520 1808.7
1170530 1808.7
1170540 1811.7
1170550 1813.5
1170560 1813.5
1170570 1812.0
1170580 1812.5
1170590 1812.5
1170600 1812.5
1170610 1811.9
1170620 1811.9
1170630 1814.3
1170640 1820.6
1170650 1820.6
1170660 1824.7
1170670 1827.2
1170680 1827.2
1170690 1829.8
1170700 1832.1
1170710 1832.1
1170720 1835.3
1170730 1838.8
1170740 1838.8
1170750 1842.3
1170760 1845.1
1170770 1848.0
1170780 1848.0
1170790 1850.6
1170800 1854.1
1170810 1854.1
1170820 1857.1
1170830 1859.2
1170840 1859.2
1170850 1861.8
1170860 1863.5
1170870 1863.5
1170880 1863.3
1170890 1862.7
1170900 1862.7
1170910 1861.4
1170920 1859.9
1170930 1859.9
1170940 1859.5
1170950 1861.0
1170960 1861.0
1170970 1864.2
1170980 1867.5
1170990 1867.5
1171000 1871.1
1171010 1868.6
1171020 1868.6
1171030 1872.3
1171040 1875.8
1171050 1875.8
1171060 1879.1
1171070 1883.1
1171080 1887.1
1171090 1887.1
1171100 1890.0
1171110 1893.8
1171120 1893.8
1171130 1898.0
1171140 1900.1
1171150 1900.1
1171160 1902.4
1171170 1904.1
1171180 1904.1
1171190 1908.2
1171200 1912.1
1171210 1912.1
1171220 1916.9
1171230 1920.3
1171240 1920.3
1171250 1921.6
1171260 1920.6
1171270 1920.6
1171280 1922.2
1171290 1923.1
1171300 1923.1
1171310 1921.5
1171320 1920.3
1171330 1920.3
1171340 1919.8
1171350 1918.2
1171360 1918.2
1171370 1915.5
1171380 1912.1
1171390 1912.1
1171400 1908.3
1171410 1898.0
1171420 1894.1
1171430 1894.1
1171440 1890.8
1171450 1888.2
1171460 1888.2
1171470 1885.8
1171480 1884.4
1171490 1884.4
1171500 1883.9
1171510 1884.1
1171520 1884.1
1171530 1883.9
1171540 1884.3
1171550 1884.3
1171560 1885.4
1171570 1885.4
1171580 1885.4
1171590 1885.3
1171600 1886.7
1171610 1886.7
1171620 1889.5
1171630 1892.5
1171640 1892.5
1171650 1895.9
1171660 1900.6
1171670 1900.6
1171680 1905.4
1171690 1910.5
1171700 1910.5
1171710 1915.9
1171720 1920.2
1171730 1924.6
1171740 1924.6
1171750 1930.6
1171760 1936.6
1171770 1936.6
1171780 1941.6
1171790 1946.7
1171800 1946.7
1171810 1952.7
1171820 1959.9
1171830 1959.9
1171840 1966.8
1171850 1974.3
1171860 1974.3
1171870 1981.0
1171880 1987.8
1171890 1987.8
1171900 1994.5
1171910 2002.0
1171920 2002.0
1171930 2010.9
1171940 2021.1
1171950 2021.1
1171960 2027.2
1171970 2026.0
1171980 2026.0
1171990 2036.5
1172000 2051.4
1172010 2051.4
1172020 2058.6
1172030 2061.3
1172040 2061.3
1172050 2062.8
1172060 2073.0
1172070 2077.6
1172080 2077.6
1172090 2075.8
1172100 2075.1
1172110 2075.1
1172120 2080.0
1172130 2075.6
1172140 2075.6
1172150 2062.8
1172160 2048.6
1172170 2048.6
1172180 2044.4
1172190 2045.6
1172200 2045.6
1172210 2043.9
1172220 2041.9
1172230 2050.5
1172240 2051.5
1172250 2043.7
1172260 2043.7
1172270 2042.8
1172280 2051.8
1172290 2051.8
1172300 2066.7
1172310 2083.6
1172320 2083.6
1172330 2097.3
1172340 2095.7
1172350 2095.7
1172360 2084.2
1172370 2086.2
1172380 2095.8
1172390 2095.8
1172400 2098.7
1172410 2086.1
1172420 2086.1
1172430 2070.7
1172440 2060.1
1172450 2060.1
1172460 2057.7
1172470 2054.1
1172480 2054.1
1172490 2051.0
1172500 2049.7
1172510 2049.7
1172520 2050.9
1172530 2052.8
1172540 2052.8
1172550 2057.6
1172560 2065.5
1172570 2065.5
1172580 2067.7
1172590 2068.3
1172600 2068.3
1172610 2070.1
1172620 2075.7
1172630 2075.7
1172640 2069.2
1172650 2069.2
1172660 2069.2
1172670 2066.7
1172680 2066.5
1172690 2066.5
1172700 2068.1
1172710 2071.1
1172720 2072.7
1172730 2072.7
1172740 2071.5
1172750 2070.9
1172760 2070.9
1172770 2073.3
1172780 2076.0
1172790 2076.0
1172800 2080.1
1172810 2086.6
1172820 2086.6
1172830 2093.5
1172840 2101.7
1172850 2101.7
1172860 2111.0
1172870 2119.8
1172880 2119.8
1172890 2126.8
1172900 2132.9
1172910 2132.9
1172920 2131.9
1172930 2122.7
1172940 2122.7
1172950 2114.9
1172960 2105.1
1172970 2105.1
1172980 2097.0
1172990 2090.5
1173000 2090.5
1173010 2082.9
1173020 2074.3
1173030 2063.5
1173040 2063.5
1173050 2052.1
1173060 2040.4
1173070 2040.4
1173080 2032.9
1173090 2026.8
1173100 2026.8
1173110 2020.6
1173120 2013.3
1173130 2013.3
1173140 2006.1
1173150 1999.1
1173160 1999.1
1173170 1992.5
1173180 1986.1
1173190 1986.1
1173200 1979.8
1173210 1973.9
1173220 1973.9
1173230 1968.2
1173240 1962.7
1173250 1962.7
1173260 1957.4
1173270 1952.3
1173280 1952.3
1173290 1947.6
1173300 1943.4
1173310 1943.4
1173320 1939.5
1173330 1935.8
1173340 1932.3
1173350 1932.3
1173360 1929.1
1173370 1925.7
1173380 1925.7
1173390 1922.2
1173400 1919.1
1173410 1919.1
1173420 1917.0
1173430 1916.2
1173440 1916.2
1173450 1915.3
1173460 1914.3
1173470 1914.3
1173480 1915.0
1173490 1914.0
1173500 1914.0
1173510 1914.0
1173520 1913.9
1173530 1913.9
1173540 1915.8
1173550 1918.8
1173560 1918.8
1173570 1923.4
1173580 1926.2
1173590 1926.2
1173600 1926.0
1173610 1927.3
1173620 1927.3
1173630 1929.0
1173640 1932.0
1173650 1932.0
1173660 1935.1
1173670 1938.1
1173680 1941.1
1173690 1941.1
1173700 1944.3
1173710 1947.7
1173720 1947.7
1173730 1951.6
1173740 1956.5
1173750 1956.5
1173760 1960.2
1173770 1963.1
1173780 1963.1
1173790 1965.7
1173800 1967.3
1173810 1967.3
1173820 1969.0
1173830 1969.8
1173840 1969.8
1173850 1969.3
1173860 1968.2
1173870 1962.9
1173880 1960.7
1173890 1959.9
1173900 1959.9
1173910 1962.6
1173920 1967.4
1173930 1967.4
1173940 1973.1
1173950 1977.5
1173960 1977.5
1173970 1981.7
1173980 1987.8
1173990 1991.8
1174000 1991.8
1174010 1993.0
1174020 1993.7
1174030 1993.7
1174040 2001.4
1174050 2012.5
1174060 2012.5
1174070 2022.0
1174080 2029.2
1174090 2029.2
1174100 2026.6
1174110 2024.3
1174120 2024.3
1174130 2026.3
1174140 2031.3
1174150 2031.3
1174160 2034.4
1174170 2036.5
1174180 2036.5
1174190 2038.7
1174200 2036.8
1174210 2036.8
1174220 2035.0
1174230 2040.1
1174240 2040.1
1174250 2045.4
1174260 2044.9
1174270 2044.9
1174280 2038.6
1174290 2043.9
1174300 2043.9
1174310 2047.9
1174320 2051.5
1174330 2054.6
1174340 2054.6
1174350 2059.3
1174360 2064.7
1174370 2064.7
1174380 2069.6
1174390 2067.0
1174400 2067.0
1174410 2058.4
1174420 2049.6
1174430 2049.6
1174440 2040.5
1174450 2032.0
1174460 2032.0
1174470 2023.2
1174480 2015.5
1174490 2015.5
1174500 2008.1
1174510 2001.2
1174520 2001.2
1174530 1994.7
1174540 1989.2
1174550 1989.2
1174560 1983.8
1174570 1977.9
1174580 1977.9
1174590 1972.0
1174600 1966.6
1174610 1966.6
1174620 1961.4
1174630 1956.2
1174640 1951.2
1174650 1951.2
1174660 1946.6
1174670 1942.7
1174680 1942.7
1174690 1935.5
1174700 1932.7
1174710 1932.7
1174720 1929.1
1174730 1925.7
1174740 1925.7
1174750 1922.7
1174760 1920.2
1174770 1920.2
1174780 1918.6
1174790 1916.7
1174800 1916.7
1174810 1916.7
1174820 1914.4
1174830 1914.4
1174840 1911.0
1174850 1910.6
1174860 1910.6
1174870 1911.7
1174880 1913.9
1174890 1913.9
1174900 1914.8
1174910 1914.7
1174920 1914.7
1174930 1914.4
1174940 1916.9
1174950 1919.7
1174960 1919.7
1174970 1921.6
1174980 1922.7
1174990 1922.7
1175000 1924.1
1175010 1926.2
1175020 1926.2
1175030 1927.1
1175040 1926.2
1175050 1926.2
1175060 1926.3
1175070 1927.0
1175080 1927.0
1175090 1928.0
1175100 1926.1
1175110 1926.1
1175120 1928.2
1175130 1930.5
1175140 1930.5
1175150 1931.2
1175160 1932.1
1175170 1932.1
1175180 1934.7
1175190 1936.2
1175200 1936.2
1175210 1936.1
1175220 1934.9
1175230 1934.9
1175240 1932.5
1175250 1929.7
1175260 1929.7
1175270 1927.7
1175280 1926.8
1175290 1925.6
1175300 1925.6
1175310 1923.1
1175320 1920.5
1175330 1920.5
1175340 1919.3
1175350 1917.8
1175360 1917.8
1175370 1916.4
1175380 1914.0
1175390 1914.0
1175400 1911.9
1175410 1911.1
1175420 1911.1
1175430 1908.8
1175440 1906.8
1175450 1906.8
1175460 1904.5
1175470 1901.3
1175480 1901.3
1175490 1896.8
1175500 1892.1
1175510 1892.1
1175520 1882.3
1175530 1876.2
1175540 1876.2
1175550 1868.9
1175560 1863.5
1175570 1863.5
1175580 1861.2
1175590 1860.5
1175600 1857.5
1175610 1857.5
1175620 1850.6
1175630 1842.1
1175640 1842.1
1175650 1836.6
1175660 1833.1
1175670 1833.1
1175680 1829.3
1175690 1828.2
1175700 1828.2
1175710 1826.5
1175720 1826.8
1175730 1826.8
1175740 1826.0
1175750 1825.3
1175760 1825.3
1175770 1824.1
1175780 1822.9
1175790 1822.9
1175800 1819.6
1175810 1813.6
1175820 1813.6
1175830 1808.5
1175840 1803.9
1175850 1803.9
1175860 1796.5
1175870 1790.0
1175880 1790.0
1175890 1784.1
1175900 1779.1
1175910 1779.1
1175920 1774.1
1175930 1765.4
1175940 1752.4
1175950 1752.4
1175960 1739.3
1175970 1729.7
1175980 1729.7
1175990 1721.3
1176000 1710.0
1176010 1710.0
1176020 1699.7
1176030 1691.5
1176040 1691.5
1176050 1684.6
1176060 1679.5
1176070 1679.5
1176080 1677.7
1176090 1679.4
1176100 1679.4
1176110 1679.1
1176120 1676.9
1176130 1676.9
1176140 1673.7
1176150 1670.3
1176160 1670.3
1176170 1660.9
1176180 1658.5
1176190 1658.5
1176200 1658.1
1176210 1657.7
1176220 1657.7
1176230 1660.5
1176240 1657.5
1176250 1653.0
1176260 1653.0
1176270 1648.2
1176280 1643.7
1176290 1643.7
1176300 1639.7
1176310 1634.2
1176320 1634.2
1176330 1617.8
1176340 1599.5
1176350 1599.5
1176360 1607.1
1176370 1615.8
1176380 1615.8
1176390 1612.5
1176400 1608.2
1176410 1608.2
1176420 1604.2
1176430 1601.3
1176440 1601.3
1176450 1598.9
1176460 1596.2
1176470 1596.2
1176480 1590.3
1176490 1581.1
1176500 1581.1
1176510 1568.4
1176520 1558.1
1176530 1558.1
1176540 1547.5
1176550 1546.6
1176560 1546.6
1176570 1550.7
1176580 1545.1
1176590 1545.9
1176600 1545.9
1176610 1544.6
1176620 1540.9
1176630 1540.9
1176640 1537.7
1176650 1534.4
1176660 1534.4
1176670 1531.3
1176680 1527.6
1176690 1527.6
1176700 1522.5
1176710 1517.7
1176720 1517.7
1176730 1513.5
1176740 1509.4
1176750 1509.4
1176760 1501.2
1176770 1498.8
1176780 1498.8
1176790 1495.4
1176800 1488.9
1176810 1488.9
1176820 1483.0
1176830 1481.9
1176840 1481.9
1176850 1483.8
1176860 1483.1
1176870 1483.1
1176880 1481.3
1176890 1479.5
1176900 1477.5
1176910 1477.5
1176920 1475.7
1176930 1473.7
1176940 1473.7
1176950 1472.0
1176960 1471.0
1176970 1471.0
1176980 1468.4
1176990 1465.8
1177000 1465.8
1177010 1463.3
1177020 1460.6
1177030 1460.6
1177040 1457.5
1177050 1454.8
1177060 1454.8
1177070 1451.9
1177080 1448.0
1177090 1448.0
1177100 1442.4
1177110 1436.2
1177120 1436.2
1177130 1429.9
1177140 1424.5
1177150 1424.5
1177160 1421.7
1177170 1411.5
1177180 1411.5
1177190 1409.0
1177200 1406.7
1177210 1404.7
1177220 1404.7
1177230 1400.9
1177240 1396.0
1177250 1396.0
1177260 1391.4
1177270 1387.3
1177280 1387.3
1177290 1382.8
1177300 1377.1
1177310 1377.1
1177320 1370.5
1177330 1366.5
1177340 1366.5
1177350 1362.3
1177360 1356.9
1177370 1356.9
1177380 1351.6
1177390 1349.2
1177400 1349.2
1177410 1346.8
1177420 1343.6
1177430 1343.6
1177440 1339.2
1177450 1332.8
1177460 1332.8
1177470 1326.6
1177480 1321.7
1177490 1321.7
1177500 1316.0
1177510 1305.2
1177520 1305.2
1177530 1295.8
1177540 1289.1
1177550 1282.7
1177560 1282.7
1177570 1276.5
1177580 1270.7
1177590 1265.7
1177600 1259.6
1177610 1254.7
1177620 1254.7
1177630 1250.2
1177640 1244.7
1177650 1244.7
1177660 1238.4
1177670 1232.5
1177680 1232.5
1177690 1230.1
1177700 1227.7
1177710 1227.7
1177720 1225.0
1177730 1223.5
1177740 1223.5
1177750 1221.6
1177760 1218.1
1177770 1218.1
1177780 1217.2
1177790 1216.2
1177800 1216.2
1177810 1212.4
1177820 1207.0
1177830 1207.0
1177840 1198.3
1177850 1190.0
1177860 1188.7
1177870 1188.7
1177880 1191.2
1177890 1189.0
1177900 1189.0
1177910 1187.0
1177920 1184.1
1177930 1184.1
1177940 1182.1
1177950 1179.6
1177960 1179.6
1177970 1175.8
1177980 1170.2
1177990 1170.2
1178000 1166.5
1178010 1159.6
1178020 1159.6
1178030 1156.9
1178040 1152.5
1178050 1152.5
1178060 1148.0
1178070 1145.0
1178080 1145.0
1178090 1141.9
1178100 1138.1
1178110 1138.1
1178120 1133.8
1178130 1129.3
1178140 1129.3
1178150 1124.3
1178160 1118.7
1178170 1118.7
1178180 1113.8
1178190 1109.2
1178200 1105.1
1178210 1105.1
1178220 1101.3
1178230 1097.5
1178240 1097.5
1178250 1093.8
1178260 1090.9
1178270 1090.9
1178280 1089.3
1178290 1089.2
1178300 1089.2
1178310 1088.4
1178320 1085.4
1178330 1085.4
1178340 1082.2
1178350 1081.8
1178360 1081.8
1178370 1082.9
1178380 1084.1
1178390 1084.1
1178400 1083.0
1178410 1080.0
1178420 1075.6
1178430 1072.3
1178440 1068.2
1178450 1068.2
1178460 1064.2
1178470 1060.3
1178480 1060.3
1178490 1056.5
1178500 1052.7
1178510 1049.3
1178520 1049.3
1178530 1045.2
1178540 1040.8
1178550 1040.8
1178560 1038.3
1178570 1029.7
1178580 1029.7
1178590 1019.3
1178600 1013.2
1178610 1013.2
1178620 1018.6
1178630 1022.9
1178640 1022.9
1178650 1028.3
1178660 1032.0
1178670 1032.0
1178680 1030.1
1178690 1027.5
1178700 1027.5
1178710 1024.9
1178720 1022.2
1178730 1022.2
1178740 1020.0
1178750 1018.0
1178760 1018.0
1178770 1015.5
1178780 1012.0
1178790 1012.0
1178800 1007.1
1178810 1003.0
1178820 999.9
1178830 999.9
1178840 993.3
1178850 989.3
1178860 989.3
1178870 983.9
1178880 980.1
1178890 980.1
1178900 976.2
1178910 973.5
1178920 973.5
1178930 970.9
1178940 968.8
1178950 968.8
1178960 966.8
1178970 964.6
1178980 964.6
1178990 962.8
1179000 962.3
1179010 962.3
1179020 962.5
1179030 961.7
1179040 961.7
1179050 959.2
1179060 957.1
1179070 957.1
1179080 953.2
1179090 951.6
1179100 951.6
1179110 948.3
1179120 942.5
1179130 942.5
1179140 944.8
1179150 948.6
1179160 947.1
1179170 947.1
1179180 944.0
1179190 940.1
1179200 940.1
1179210 935.3
1179220 936.4
1179230 936.4
1179240 936.0
1179250 933.9
1179260 927.7
1179270 925.3
1179280 922.3
1179290 922.3
1179300 919.4
1179310 916.4
1179320 916.4
1179330 915.1
1179340 913.9
1179350 913.9
1179360 913.0
1179370 912.1
1179380 912.1
1179390 911.6
1179400 912.4
1179410 912.4
1179420 912.5
1179430 912.9
1179440 912.9
1179450 912.3
1179460 913.7
1179470 913.6
1179480 913.6
1179490 911.2
1179500 912.8
1179510 912.8
1179520 913.4
1179530 912.1
1179540 912.1
1179550 912.4
1179560 912.0
1179570 912.0
1179580 911.1
1179590 910.7
1179600 910.7
1179610 909.4
1179620 908.9
1179630 908.9
1179640 908.6
1179650 909.0
1179660 909.0
1179670 908.0
1179680 906.3
1179690 906.3
1179700 906.0
1179710 906.5
1179720 906.5
1179730 906.9
1179740 908.2
1179750 908.2
1179760 910.8
1179770 912.7
1179780 912.7
1179790 911.0
1179800 910.8
1179810 911.4
1179820 911.4
1179830 910.1
1179840 909.1
1179850 909.1
1179860 908.9
1179870 908.7
1179880 908.7
1179890 908.0
1179900 906.9
1179910 906.9
1179920 905.5
1179930 904.9
1179940 904.9
1179950 904.1
1179960 903.4
1179970 903.4
1179980 902.9
1179990 901.9
