1164660 1666.6
1164670 1668.8
1164680 1671.9
1164690 1671.9
1164700 1673.7
1164710 1683.3
1164720 1683.3
1164730 1689.4
1164740 1694.3
1164750 1694.3
1164760 1700.1
1164770 1706.9
1164780 1706.9
1164790 1713.4
1164800 1719.3
1164810 1719.3
1164820 1723.6
1164830 1727.7
1164840 1727.7
1164850 1732.5
1164860 1737.0
1164870 1737.0
1164880 1742.0
1164890 1747.4
1164900 1747.4
1164910 1753.1
1164920 1759.2
1164930 1759.2
1164940 1765.3
1164950 1771.3
1164960 1771.3
1164970 1777.1
1164980 1780.3
1164990 1785.8
1165000 1785.8
1165010 1791.8
1165020 1798.8
1165030 1798.8
1165040 1806.1
1165050 1813.3
1165060 1813.3
1165070 1819.0
1165080 1825.4
1165090 1825.4
1165100 1832.9
1165110 1839.3
1165120 1839.3
1165130 1846.2
1165140 1853.9
1165150 1853.9
1165160 1861.6
1165170 1867.2
1165180 1867.2
1165190 1872.2
1165200 1879.6
1165210 1879.6
1165220 1886.9
1165230 1895.3
1165240 1895.3
1165250 1903.0
1165260 1911.5
1165270 1911.5
1165280 1919.4
1165290 1927.6
1165300 1927.6
1165310 1935.4
1165320 1942.4
1165330 1948.6
1165340 1948.6
1165350 1954.3
1165360 1962.0
1165370 1962.0
1165380 1968.5
1165390 1975.4
1165400 1975.4
1165410 1982.6
1165420 1989.7
1165430 1989.7
1165440 1996.9
1165450 2004.0
1165460 2004.0
1165470 2011.6
1165480 2019.6
1165490 2019.6
1165500 2026.5
1165510 2032.3
1165520 2032.3
1165530 2037.2
1165540 2041.9
1165550 2041.9
1165560 2046.5
1165570 2050.2
1165580 2050.2
1165590 2052.9
1165600 2054.8
1165610 2054.8
1165620 2055.2
1165630 2051.8
1165640 2046.0
1165650 2046.0
1165660 2036.8
1165670 2027.4
1165680 2027.4
1165690 2020.8
1165700 2013.9
1165710 2013.9
1165720 2006.9
1165730 1998.9
1165740 1998.9
1165750 1995.0
1165760 1992.0
1165770 1992.0
1165780 1994.4
1165790 1991.0
1165800 1991.0
1165810 1988.1
1165820 1986.5
1165830 1986.5
1165840 1987.2
1165850 1988.2
1165860 1988.2
1165870 1987.1
1165880 1986.0
1165890 1986.0
1165900 1984.6
1165910 1982.1
1165920 1982.1
1165930 1978.9
1165940 1974.5
1165950 1974.5
1165960 1970.1
1165970 1966.2
1165980 1963.1
1165990 1963.1
1166000 1961.0
1166010 1959.6
1166020 1959.6
1166030 1958.8
1166040 1958.7
1166050 1958.7
1166060 1959.0
1166070 1960.2
1166080 1960.2
1166090 1961.1
1166100 1960.4
1166110 1960.4
1166120 1959.1
1166130 1957.1
1166140 1957.1
1166150 1954.9
1166160 1952.9
1166170 1952.9
1166180 1955.5
1166190 1953.6
1166200 1953.6
1166210 1951.9
1166220 1950.4
1166230 1950.4
1166240 1949.3
1166250 1948.0
1166260 1948.0
1166270 1946.5
1166280 1944.3
1166290 1941.8
1166300 1941.8
1166310 1939.4
1166320 1937.2
1166330 1937.2
1166340 1935.6
1166350 1935.7
1166360 1935.7
1166370 1938.6
1166380 1943.6
1166390 1943.6
1166400 1941.1
1166410 1927.6
1166420 1927.6
1166430 1916.5
1166440 1906.9
1166450 1906.9
1166460 1881.5
1166470 1861.5
1166480 1861.5
1166490 1836.6
1166500 1812.2
1166510 1812.2
1166520 1796.6
1166530 1788.0
1166540 1788.0
1166550 1779.6
1166560 1770.0
1166570 1770.0
1166580 1759.8
1166590 1763.4
1166600 1763.4
1166610 1750.5
1166620 1727.1
1166630 1713.2
1166640 1713.2
1166650 1702.5
1166660 1690.2
1166670 1690.2
1166680 1673.8
1166690 1657.6
1166700 1657.6
1166710 1651.0
1166720 1648.2
1166730 1648.2
1166740 1643.8
1166750 1636.1
1166760 1636.1
1166770 1630.5
1166780 1624.6
1166790 1624.6
1166800 1608.7
1166810 1608.5
1166820 1608.5
1166830 1604.5
1166840 1592.7
1166850 1592.7
1166860 1579.7
1166870 1573.9
1166880 1573.9
1166890 1570.6
1166900 1569.0
1166910 1569.0
1166920 1566.0
1166930 1560.1
1166940 1560.1
1166950 1554.0
1166960 1551.1
1166970 1540.1
1166980 1540.1
1166990 1537.5
1167000 1526.1
1167010 1526.1
1167020 1513.9
1167030 1506.4
1167040 1506.4
1167050 1497.1
1167060 1491.2
1167070 1491.2
1167080 1484.4
1167090 1474.9
1167100 1474.9
1167110 1466.2
1167120 1458.9
1167130 1458.9
1167140 1452.4
1167150 1446.2
1167160 1446.2
1167170 1440.0
1167180 1433.1
1167190 1433.1
1167200 1425.9
1167210 1418.2
1167220 1418.2
1167230 1410.3
1167240 1402.9
1167250 1402.9
1167260 1395.7
1167270 1388.6
1167280 1382.2
1167290 1382.2
1167300 1377.9
1167310 1375.6
1167320 1375.6
1167330 1376.9
1167340 1376.6
1167350 1376.6
1167360 1377.3
1167370 1378.9
1167380 1378.9
1167390 1395.6
1167400 1395.9
1167410 1395.9
1167420 1397.0
1167430 1399.0
1167440 1399.0
1167450 1400.0
1167460 1399.8
1167470 1399.8
1167480 1398.0
1167490 1399.9
1167500 1399.9
1167510 1402.8
1167520 1403.2
1167530 1403.2
1167540 1405.3
1167550 1407.8
1167560 1407.8
1167570 1408.2
1167580 1408.4
1167590 1408.4
1167600 1410.4
1167610 1413.1
1167620 1416.6
1167630 1416.6
1167640 1421.4
1167650 1425.3
1167660 1425.3
1167670 1431.5
1167680 1439.2
1167690 1439.2
1167700 1445.6
1167710 1454.0
1167720 1454.0
1167730 1460.8
1167740 1467.5
1167750 1467.5
1167760 1475.2
1167770 1483.4
1167780 1483.4
1167790 1511.6
1167800 1523.7
1167810 1523.7
1167820 1531.9
1167830 1528.6
1167840 1528.6
1167850 1525.5
1167860 1531.3
1167870 1531.3
1167880 1528.1
1167890 1531.9
1167900 1531.9
1167910 1547.9
1167920 1567.1
1167930 1581.7
1167940 1581.7
1167950 1589.4
1167960 1588.6
1167970 1588.6
1167980 1596.0
1167990 1609.8
1168000 1609.8
1168010 1619.0
1168020 1627.1
1168030 1627.1
1168040 1633.7
1168050 1634.6
1168060 1634.6
1168070 1638.0
1168080 1641.2
1168090 1641.2
1168100 1646.7
1168110 1652.6
1168120 1652.6
1168130 1656.3
1168140 1660.8
1168150 1660.8
1168160 1667.7
1168170 1674.4
1168180 1674.4
1168190 1681.3
1168200 1699.0
1168210 1699.0
1168220 1705.3
1168230 1713.4
1168240 1713.4
1168250 1716.8
1168260 1716.4
1168270 1721.5
1168280 1721.5
1168290 1723.2
1168300 1730.7
1168310 1730.7
1168320 1738.9
1168330 1745.4
1168340 1745.4
1168350 1747.5
1168360 1749.5
1168370 1749.5
1168380 1753.6
1168390 1759.5
1168400 1759.5
1168410 1765.4
1168420 1771.4
1168430 1771.4
1168440 1777.8
1168450 1786.7
1168460 1786.7
1168470 1797.6
1168480 1804.1
1168490 1804.1
1168500 1810.6
1168510 1819.2
1168520 1819.2
1168530 1829.3
1168540 1838.4
1168550 1838.4
1168560 1846.1
1168570 1854.9
1168580 1854.9
1168590 1869.4
1168600 1892.5
1168610 1904.4
1168620 1904.4
1168630 1916.4
1168640 1927.3
1168650 1927.3
1168660 1935.2
1168670 1941.6
1168680 1941.6
1168690 1947.2
1168700 1951.4
1168710 1951.4
1168720 1954.1
1168730 1955.5
1168740 1955.5
1168750 1956.2
1168760 1959.3
1168770 1959.3
1168780 1965.8
1168790 1973.3
1168800 1973.3
1168810 1980.1
1168820 1985.8
1168830 1985.8
1168840 1990.1
1168850 1991.3
1168860 1991.3
1168870 1987.0
1168880 1980.3
1168890 1980.3
1168900 1975.1
1168910 1969.9
1168920 1964.0
1168930 1964.0
1168940 1958.1
1168950 1952.7
1168960 1952.7
1168970 1948.0
1168980 1943.8
1168990 1943.8
1169000 1944.1
1169010 1940.6
1169020 1940.6
1169030 1937.1
1169040 1933.4
1169050 1933.4
1169060 1929.5
1169070 1925.6
1169080 1925.6
1169090 1921.4
1169100 1917.0
1169110 1917.0
1169120 1912.8
1169130 1908.8
1169140 1908.8
1169150 1904.7
1169160 1900.4
1169170 1900.4
1169180 1896.1
1169190 1892.2
1169200 1892.2
1169210 1889.1
1169220 1887.2
1169230 1887.2
1169240 1886.4
1169250 1886.2
1169260 1885.7
1169270 1885.7
1169280 1885.3
1169290 1884.8
1169300 1884.8
1169310 1884.1
1169320 1882.4
1169330 1882.4
1169340 1880.1
1169350 1877.8
1169360 1877.8
1169370 1875.8
1169380 1873.9
1169390 1873.9
1169400 1871.6
1169410 1876.3
1169420 1876.3
1169430 1874.1
1169440 1872.2
1169450 1872.2
1169460 1870.7
1169470 1869.7
1169480 1869.7
1169490 1867.3
1169500 1863.5
1169510 1863.5
1169520 1859.1
1169530 1854.4
1169540 1854.4
1169550 1849.7
1169560 1845.1
1169570 1840.7
1169580 1840.7
1169590 1836.3
1169600 1831.8
1169610 1831.8
1169620 1827.0
1169630 1821.8
1169640 1821.8
1169650 1816.3
1169660 1810.6
1169670 1810.6
1169680 1805.1
1169690 1800.0
1169700 1800.0
1169710 1795.4
1169720 1791.3
1169730 1791.3
1169740 1788.3
1169750 1786.6
1169760 1786.6
1169770 1785.4
1169780 1784.2
1169790 1784.2
1169800 1782.6
1169810 1780.9
1169820 1786.6
1169830 1784.4
1169840 1781.4
1169850 1781.4
1169860 1777.7
1169870 1773.7
1169880 1773.7
1169890 1769.9
1169900 1766.7
1169910 1764.4
1169920 1764.4
1169930 1762.8
1169940 1761.1
1169950 1761.1
1169960 1759.9
1169970 1758.2
1169980 1758.2
1169990 1756.0
1170000 1753.7
1170010 1753.7
1170020 1751.4
1170030 1749.2
1170040 1749.2
1170050 1748.2
1170060 1747.3
1170070 1747.3
1170080 1746.7
1170090 1747.2
1170100 1747.2
1170110 1748.0
1170120 1750.2
1170130 1750.2
1170140 1749.2
1170150 1749.1
1170160 1749.1
1170170 1751.0
1170180 1754.4
1170190 1754.4
1170200 1748.3
1170210 1741.8
1170220 1756.7
1170230 1756.7
1170240 1754.8
1170250 1750.3
1170260 1750.3
1170270 1746.9
1170280 1742.5
1170290 1742.5
1170300 1741.5
1170310 1741.4
1170320 1741.4
1170330 1742.6
1170340 1743.6
1170350 1743.6
1170360 1747.0
1170370 1752.7
1170380 1752.7
1170390 1755.1
1170400 1752.8
1170410 1752.8
1170420 1755.6
1170430 1760.6
1170440 1760.6
1170450 1765.6
1170460 1768.6
1170470 1768.6
1170480 1773.2
1170490 1778.9
1170500 1778.9
1170510 1787.4
1170520 1796.6
1170530 1796.6
1170540 1802.1
1170550 1805.4
1170560 1807.4
1170570 1807.4
1170580 1804.7
1170590 1799.1
1170600 1799.1
1170610 1794.1
1170620 1790.2
1170630 1788.0
1170640 1785.8
1170650 1783.7
1170660 1783.7
1170670 1781.1
1170680 1778.5
1170690 1778.5
1170700 1776.2
1170710 1774.6
1170720 1774.6
1170730 1770.7
1170740 1769.6
1170750 1769.6
1170760 1769.5
1170770 1769.5
1170780 1769.5
1170790 1769.5
1170800 1769.5
1170810 1769.5
1170820 1769.5
1170830 1769.5
1170840 1769.5
1170850 1769.5
1170860 1769.5
1170870 1769.5
1170880 1769.5
1170890 1769.5
1170900 1769.6
1170910 1769.6
1170920 1770.7
1170930 1772.7
1170940 1772.7
1170950 1775.4
1170960 1778.5
1170970 1778.5
1170980 1782.1
1170990 1786.2
1171000 1786.2
1171010 1790.7
1171020 1795.9
1171030 1797.9
1171040 1803.3
1171050 1808.9
1171060 1808.9
1171070 1814.0
1171080 1818.7
1171090 1818.7
1171100 1823.6
1171110 1828.7
1171120 1828.7
1171130 1834.2
1171140 1840.6
1171150 1840.6
1171160 1846.7
1171170 1852.7
1171180 1852.7
1171190 1856.2
1171200 1858.9
1171210 1865.2
1171220 1865.2
1171230 1873.2
1171240 1884.2
1171250 1884.2
1171260 1894.9
1171270 1901.9
1171280 1901.9
1171290 1909.6
1171300 1916.9
1171310 1916.9
1171320 1921.5
1171330 1920.7
1171340 1920.7
1171350 1916.3
1171360 1910.4
1171370 1910.4
1171380 1904.9
1171390 1899.9
1171400 1899.9
1171410 1895.4
1171420 1891.7
1171430 1891.7
1171440 1885.4
1171450 1883.2
1171460 1883.2
1171470 1881.7
1171480 1880.5
1171490 1880.5
1171500 1879.8
1171510 1879.2
1171520 1879.2
1171530 1878.8
1171540 1877.3
1171550 1875.1
1171560 1875.1
1171570 1872.2
1171580 1869.6
1171590 1869.6
1171600 1866.9
1171610 1865.4
1171620 1865.4
1171630 1864.8
1171640 1864.5
1171650 1864.5
1171660 1864.8
1171670 1863.9
1171680 1863.9
1171690 1861.9
1171700 1859.4
1171710 1859.4
1171720 1855.5
1171730 1852.1
1171740 1852.1
1171750 1849.4
1171760 1847.2
1171770 1847.2
1171780 1845.0
1171790 1842.6
1171800 1842.6
1171810 1841.0
1171820 1839.2
1171830 1839.2
1171840 1837.0
1171850 1833.7
1171860 1831.0
1171870 1831.0
1171880 1828.8
1171890 1825.6
1171900 1825.6
1171910 1820.7
1171920 1819.0
1171930 1819.0
1171940 1819.5
1171950 1816.9
1171960 1816.9
1171970 1814.9
1171980 1812.8
1171990 1812.8
1172000 1811.1
1172010 1809.9
1172020 1809.9
1172030 1808.3
1172040 1807.0
1172050 1807.0
1172060 1806.7
1172070 1807.4
1172080 1807.4
1172090 1807.5
1172100 1807.5
1172110 1807.5
1172120 1806.6
1172130 1805.5
1172140 1805.5
1172150 1804.3
1172160 1802.9
1172170 1802.9
1172180 1801.3
1172190 1799.6
1172200 1797.2
1172210 1797.2
1172220 1793.7
1172230 1791.4
1172240 1791.4
1172250 1790.0
1172260 1786.7
1172270 1786.7
1172280 1784.3
1172290 1781.2
1172300 1781.2
1172310 1777.6
1172320 1773.3
1172330 1773.3
1172340 1767.5
1172350 1762.1
1172360 1762.1
1172370 1757.3
1172380 1752.2
1172390 1752.2
1172400 1747.6
1172410 1743.0
1172420 1743.0
1172430 1738.3
1172440 1734.2
1172450 1734.2
1172460 1729.0
1172470 1724.4
1172480 1724.4
1172490 1720.5
1172500 1716.3
1172510 1711.5
1172520 1711.5
1172530 1706.1
1172540 1699.1
1172550 1699.1
1172560 1691.5
1172570 1684.8
1172580 1684.8
1172590 1678.1
1172600 1671.6
1172610 1671.6
1172620 1665.7
1172630 1660.0
1172640 1660.0
1172650 1653.8
1172660 1647.1
1172670 1646.6
1172680 1640.6
1172690 1634.2
1172700 1634.2
1172710 1627.5
1172720 1622.0
1172730 1622.0
1172740 1616.4
1172750 1609.9
1172760 1609.9
1172770 1603.8
1172780 1599.0
1172790 1599.0
1172800 1596.7
1172810 1594.5
1172820 1594.5
1172830 1592.6
1172840 1591.5
1172850 1590.5
1172860 1590.5
1172870 1591.4
1172880 1590.3
1172890 1590.3
1172900 1586.3
1172910 1582.9
1172920 1582.9
1172930 1580.8
1172940 1579.0
1172950 1579.0
1172960 1577.0
1172970 1574.8
1172980 1574.8
1172990 1572.6
1173000 1570.9
1173010 1570.9
1173020 1569.0
1173030 1567.8
1173040 1567.8
1173050 1567.7
1173060 1568.3
1173070 1568.3
1173080 1573.1
1173090 1576.1
1173100 1576.1
1173110 1579.3
1173120 1582.0
1173130 1582.0
1173140 1585.4
1173150 1588.9
1173160 1592.4
1173170 1592.4
1173180 1596.1
1173190 1599.8
1173200 1599.8
1173210 1603.9
1173220 1608.4
1173230 1608.4
1173240 1613.1
1173250 1617.9
1173260 1617.9
1173270 1622.6
1173280 1626.8
1173290 1626.8
1173300 1630.5
1173310 1633.7
1173320 1633.7
1173330 1637.4
1173340 1640.3
1173350 1640.3
1173360 1641.9
1173370 1643.7
1173380 1643.7
1173390 1645.2
1173400 1646.6
1173410 1646.6
1173420 1648.6
1173430 1650.5
1173440 1650.5
1173450 1651.6
1173460 1654.8
1173470 1654.8
1173480 1659.8
1173490 1671.3
1173500 1676.5
1173510 1676.5
1173520 1689.3
1173530 1703.0
1173540 1703.0
1173550 1708.2
1173560 1713.4
1173570 1713.4
1173580 1719.6
1173590 1725.3
1173600 1725.3
1173610 1730.9
1173620 1735.8
1173630 1735.8
1173640 1739.5
1173650 1744.0
1173660 1744.0
1173670 1749.0
1173680 1755.1
1173690 1755.1
1173700 1758.4
1173710 1762.3
1173720 1762.3
1173730 1770.8
1173740 1779.1
1173750 1779.1
1173760 1787.3
1173770 1792.7
1173780 1792.7
1173790 1797.3
1173800 1803.0
1173810 1803.0
1173820 1809.8
1173830 1818.1
1173840 1820.4
1173850 1820.4
1173860 1821.6
1173870 1828.5
1173880 1828.5
1173890 1837.9
1173900 1862.1
1173910 1862.1
1173920 1871.7
1173930 1878.8
1173940 1878.8
1173950 1885.7
1173960 1893.4
1173970 1893.4
1173980 1894.9
1173990 1887.9
1174000 1887.9
1174010 1891.5
1174020 1895.8
1174030 1895.8
1174040 1908.2
1174050 1918.3
1174060 1918.3
1174070 1924.0
1174080 1930.7
1174090 1930.7
1174100 1937.7
1174110 1945.8
1174120 1945.8
1174130 1956.4
1174140 1967.4
1174150 1974.5
1174160 1974.5
1174170 1978.1
1174180 1978.6
1174190 1978.6
1174200 1980.4
1174210 1983.7
1174220 1983.7
1174230 1993.5
1174240 2000.3
1174250 2000.3
1174260 2002.0
1174270 2006.2
1174280 2006.2
1174290 2008.9
1174300 2014.9
1174310 2020.7
1174320 2029.3
1174330 2034.3
1174340 2034.3
1174350 2043.9
1174360 2051.5
1174370 2051.5
1174380 2054.6
1174390 2054.4
1174400 2054.4
1174410 2054.9
1174420 2058.3
1174430 2058.3
1174440 2062.1
1174450 2063.7
1174460 2063.7
1174470 2055.8
1174480 2042.0
1174490 2033.9
1174500 2033.9
1174510 2027.8
1174520 2019.4
1174530 2019.4
1174540 2012.0
1174550 2005.4
1174560 2005.4
1174570 1998.2
1174580 1990.9
1174590 1990.9
1174600 1983.2
1174610 1975.1
1174620 1975.1
1174630 1967.2
1174640 1959.5
1174650 1959.5
1174660 1952.1
1174670 1944.9
1174680 1944.9
1174690 1937.7
1174700 1930.7
1174710 1930.7
1174720 1924.8
1174730 1918.5
1174740 1918.5
1174750 1912.6
1174760 1907.2
1174770 1907.2
1174780 1902.5
1174790 1898.8
1174800 1896.2
1174810 1896.2
1174820 1894.9
1174830 1893.9
1174840 1893.9
1174850 1893.1
1174860 1892.3
1174870 1892.3
1174880 1892.1
1174890 1892.6
1174900 1892.6
1174910 1891.3
1174920 1886.8
1174930 1886.8
1174940 1882.4
1174950 1877.4
1174960 1877.4
1174970 1869.9
1174980 1861.5
1174990 1861.5
1175000 1852.8
1175010 1844.2
1175020 1844.2
1175030 1837.5
1175040 1831.7
1175050 1831.7
1175060 1826.9
1175070 1822.3
1175080 1822.3
1175090 1817.5
1175100 1812.9
1175110 1812.9
1175120 1807.9
1175130 1803.5
1175140 1797.7
1175150 1797.7
1175160 1795.3
1175170 1793.8
1175180 1793.8
1175190 1793.4
1175200 1792.3
1175210 1792.3
1175220 1789.6
1175230 1785.0
1175240 1785.0
1175250 1779.8
1175260 1775.1
1175270 1775.1
1175280 1770.8
1175290 1767.4
1175300 1767.4
1175310 1764.1
1175320 1760.5
1175330 1760.5
1175340 1758.0
1175350 1755.7
1175360 1755.7
1175370 1753.9
1175380 1752.2
1175390 1752.2
1175400 1750.5
1175410 1749.1
1175420 1749.1
1175430 1747.0
1175440 1744.5
1175450 1742.8
1175460 1742.8
1175470 1740.9
1175480 1737.3
1175490 1737.3
1175500 1733.1
1175510 1729.1
1175520 1729.1
1175530 1723.2
1175540 1716.6
1175550 1720.2
1175560 1715.2
1175570 1712.5
1175580 1712.5
1175590 1711.9
1175600 1713.5
1175610 1713.5
1175620 1713.4
1175630 1711.4
1175640 1711.4
1175650 1708.8
1175660 1706.0
1175670 1706.0
1175680 1704.0
1175690 1701.9
1175700 1701.9
1175710 1699.3
1175720 1695.4
1175730 1695.4
1175740 1691.7
1175750 1688.9
1175760 1688.9
1175770 1685.7
1175780 1681.6
1175790 1677.1
1175800 1677.1
1175810 1672.6
1175820 1668.1
1175830 1668.1
1175840 1663.7
1175850 1659.0
1175860 1659.0
1175870 1654.0
1175880 1649.8
1175890 1649.8
1175900 1646.2
1175910 1642.8
1175920 1642.8
1175930 1638.9
1175940 1635.8
1175950 1635.8
1175960 1637.3
1175970 1635.3
1175980 1635.3
1175990 1635.2
1176000 1635.0
1176010 1635.0
1176020 1631.8
1176030 1626.7
1176040 1626.7
1176050 1623.6
1176060 1625.6
1176070 1625.6
1176080 1625.8
1176090 1627.9
1176100 1630.7
1176110 1630.7
1176120 1632.8
1176130 1635.4
1176140 1635.4
1176150 1637.3
1176160 1639.0
1176170 1639.0
1176180 1641.6
1176190 1643.2
1176200 1643.2
1176210 1644.9
1176220 1647.4
1176230 1647.4
1176240 1651.2
1176250 1658.0
1176260 1658.0
1176270 1665.5
1176280 1673.4
1176290 1673.4
1176300 1680.0
1176310 1691.3
1176320 1691.3
1176330 1701.8
1176340 1707.5
1176350 1707.5
1176360 1709.5
1176370 1709.2
1176380 1719.5
1176390 1720.2
1176400 1720.5
1176410 1720.5
1176420 1730.9
1176430 1742.4
1176440 1749.8
1176450 1749.8
1176460 1755.8
1176470 1762.3
1176480 1762.3
1176490 1769.2
1176500 1775.8
1176510 1775.8
1176520 1781.1
1176530 1779.0
1176540 1779.0
1176550 1781.5
1176560 1789.5
1176570 1789.5
1176580 1796.4
1176590 1802.7
1176600 1802.7
1176610 1804.2
1176620 1808.8
1176630 1808.8
1176640 1816.5
1176650 1826.1
1176660 1826.1
1176670 1835.6
1176680 1844.0
1176690 1844.0
1176700 1851.9
1176710 1859.1
1176720 1859.1
1176730 1865.7
1176740 1871.1
1176750 1871.1
1176760 1874.4
1176770 1873.8
1176780 1871.1
1176790 1872.1
1176800 1868.4
1176810 1861.4
1176820 1861.4
1176830 1854.4
1176840 1847.4
1176850 1847.4
1176860 1841.9
1176870 1836.3
1176880 1836.3
1176890 1830.4
1176900 1826.0
1176910 1826.0
1176920 1819.9
1176930 1813.5
1176940 1813.5
1176950 1807.6
1176960 1802.0
1176970 1802.0
1176980 1795.8
1176990 1788.0
1177000 1788.0
1177010 1781.0
1177020 1775.3
1177030 1775.3
1177040 1769.0
1177050 1762.6
1177060 1762.6
1177070 1758.0
1177080 1754.5
1177090 1751.8
1177100 1751.8
1177110 1749.2
1177120 1746.8
1177130 1746.8
1177140 1745.2
1177150 1743.4
1177160 1743.4
1177170 1742.1
1177180 1741.0
1177190 1741.0
1177200 1740.6
1177210 1733.1
1177220 1733.1
1177230 1729.7
1177240 1725.7
1177250 1725.7
1177260 1720.9
1177270 1715.8
1177280 1715.8
1177290 1711.3
1177300 1706.3
1177310 1706.3
1177320 1703.1
1177330 1700.3
1177340 1700.3
1177350 1696.8
1177360 1693.5
1177370 1693.5
1177380 1689.6
1177390 1685.3
1177400 1685.3
1177410 1680.2
1177420 1675.3
1177430 1671.3
1177440 1671.3
1177450 1668.4
1177460 1665.6
1177470 1665.6
1177480 1662.7
1177490 1659.0
1177500 1659.0
1177510 1655.1
1177520 1650.9
1177530 1650.9
1177540 1649.5
1177550 1649.5
1177560 1649.5
1177570 1650.0
1177580 1649.9
1177590 1649.9
1177600 1648.4
1177610 1646.1
1177620 1639.2
1177630 1636.3
1177640 1639.0
1177650 1639.0
1177660 1643.5
1177670 1648.7
1177680 1648.7
1177690 1654.2
1177700 1658.7
1177710 1658.7
1177720 1660.5
1177730 1661.9
1177740 1663.5
1177750 1663.5
1177760 1664.9
1177770 1666.0
1177780 1666.0
1177790 1667.6
1177800 1668.9
1177810 1668.9
1177820 1669.9
1177830 1670.5
1177840 1670.5
1177850 1670.3
1177860 1670.3
1177870 1670.3
1177880 1671.4
1177890 1672.7
1177900 1672.7
1177910 1674.2
1177920 1675.1
1177930 1675.1
1177940 1675.5
1177950 1675.8
1177960 1675.8
1177970 1676.2
1177980 1676.2
1177990 1676.2
1178000 1675.7
1178010 1675.6
1178020 1675.6
1178030 1675.8
1178040 1671.7
1178050 1671.7
1178060 1672.2
1178070 1672.6
1178080 1671.9
1178090 1671.9
1178100 1671.1
1178110 1670.6
1178120 1670.6
1178130 1670.9
1178140 1671.7
1178150 1671.7
1178160 1670.8
1178170 1668.7
1178180 1668.7
1178190 1667.5
1178200 1667.5
1178210 1667.5
1178220 1668.8
1178230 1670.4
1178240 1670.4
1178250 1672.2
1178260 1673.6
1178270 1673.6
1178280 1674.1
1178290 1675.0
1178300 1675.0
1178310 1675.6
1178320 1676.6
1178330 1676.6
1178340 1677.4
1178350 1678.0
1178360 1678.0
1178370 1678.3
1178380 1677.9
1178390 1676.6
1178400 1676.6
1178410 1675.2
1178420 1674.0
1178430 1674.0
1178440 1673.2
1178450 1667.0
1178460 1667.0
1178470 1665.7
1178480 1663.6
1178490 1663.6
1178500 1661.1
1178510 1658.0
1178520 1658.0
1178530 1654.0
1178540 1647.9
1178550 1647.9
1178560 1643.2
1178570 1639.9
1178580 1639.9
1178590 1637.5
1178600 1634.5
1178610 1634.5
1178620 1631.6
1178630 1629.2
1178640 1629.2
1178650 1626.3
1178660 1623.6
1178670 1623.6
1178680 1622.0
1178690 1620.5
1178700 1620.5
1178710 1617.9
1178720 1615.3
1178730 1612.7
1178740 1612.7
1178750 1610.4
1178760 1607.5
1178770 1607.5
1178780 1604.2
1178790 1601.7
1178800 1601.7
1178810 1599.4
1178820 1597.3
1178830 1597.3
1178840 1595.4
1178850 1594.1
1178860 1594.1
1178870 1587.3
1178880 1585.6
1178890 1585.6
1178900 1583.6
1178910 1580.9
1178920 1580.9
1178930 1577.9
1178940 1574.3
1178950 1574.3
1178960 1571.0
1178970 1567.9
1178980 1567.9
1178990 1566.7
1179000 1565.4
1179010 1565.4
1179020 1562.9
1179030 1560.3
1179040 1557.1
1179050 1557.1
1179060 1553.9
1179070 1551.0
1179080 1551.0
1179090 1548.8
1179100 1545.9
1179110 1545.9
1179120 1544.1
1179130 1541.4
1179140 1541.4
1179150 1539.5
1179160 1537.3
1179170 1537.3
1179180 1537.0
1179190 1537.0
1179200 1537.0
1179210 1535.3
1179220 1533.6
1179230 1533.6
1179240 1532.8
1179250 1532.9
1179260 1532.9
1179270 1532.6
1179280 1532.3
1179290 1525.9
1179300 1525.8
1179310 1525.5
1179320 1525.5
1179330 1525.3
1179340 1525.6
1179350 1525.6
1179360 1526.0
1179370 1526.7
1179380 1527.3
1179390 1527.3
1179400 1526.9
1179410 1526.5
1179420 1526.5
1179430 1525.9
1179440 1525.4
1179450 1525.4
1179460 1524.0
1179470 1522.4
1179480 1522.4
1179490 1521.1
1179500 1518.9
1179510 1518.9
1179520 1515.6
1179530 1512.6
1179540 1512.6
1179550 1511.3
1179560 1509.9
1179570 1509.9
1179580 1506.8
1179590 1503.6
1179600 1503.6
1179610 1501.4
1179620 1498.9
1179630 1498.9
1179640 1496.5
1179650 1495.1
1179660 1495.1
1179670 1494.1
1179680 1493.5
1179690 1492.9
1179700 1492.9
1179710 1484.9
1179720 1484.8
1179730 1484.8
1179740 1484.4
1179750 1483.3
1179760 1483.3
1179770 1481.1
1179780 1479.4
1179790 1479.4
1179800 1477.6
1179810 1476.0
1179820 1476.0
1179830 1474.8
1179840 1473.2
1179850 1473.2
1179860 1471.3
1179870 1467.7
1179880 1467.7
1179890 1462.7
1179900 1458.2
1179910 1458.2
1179920 1454.4
1179930 1450.7
1179940 1450.7
1179950 1447.2
1179960 1443.0
1179970 1443.0
1179980 1439.3
1179990 1435.6
