1164660 1618.1
1164670 1618.1
1164680 1625.1
1164690 1639.2
1164700 1639.2
1164710 1647.7
1164720 1656.9
1164730 1656.9
1164740 1667.2
1164750 1672.6
1164760 1672.6
1164770 1678.3
1164780 1686.5
1164790 1686.5
1164800 1692.8
1164810 1701.1
1164820 1710.8
1164830 1710.8
1164840 1716.9
1164850 1724.1
1164860 1724.1
1164870 1731.7
1164880 1741.2
1164890 1741.2
1164900 1752.8
1164910 1762.4
1164920 1762.4
1164930 1772.4
1164940 1782.5
1164950 1782.5
1164960 1796.7
1164970 1810.4
1164980 1810.4
1164990 1820.3
1165000 1828.1
1165010 1828.1
1165020 1835.5
1165030 1842.8
1165040 1842.8
1165050 1849.5
1165060 1856.9
1165070 1856.9
1165080 1863.9
1165090 1870.3
1165100 1870.3
1165110 1876.9
1165120 1884.3
1165130 1884.3
1165140 1892.0
1165150 1899.0
1165160 1905.5
1165170 1905.5
1165180 1912.7
1165190 1919.4
1165200 1919.4
1165210 1926.6
1165220 1933.5
1165230 1933.5
1165240 1940.8
1165250 1948.6
1165260 1948.6
1165270 1956.9
1165280 1966.0
1165290 1966.0
1165300 1973.4
1165310 1979.8
1165320 1979.8
1165330 1984.3
1165340 1987.9
1165350 1987.9
1165360 1992.5
1165370 1998.6
1165380 1998.6
1165390 2005.2
1165400 2011.4
1165410 2011.4
1165420 2016.9
1165430 2021.8
1165440 2021.8
1165450 2025.8
1165460 2029.3
1165470 2029.3
1165480 2031.9
1165490 2033.9
1165500 2035.4
1165510 2035.4
1165520 2034.3
1165530 2030.0
1165540 2030.0
1165550 2022.7
1165560 2016.5
1165570 2016.5
1165580 2009.5
1165590 2004.5
1165600 2004.5
1165610 2000.3
1165620 1996.7
1165630 1996.7
1165640 1993.8
1165650 1990.9
1165660 1990.9
1165670 1988.2
1165680 1986.0
1165690 1986.0
1165700 1983.1
1165710 1979.1
1165720 1979.1
1165730 1975.0
1165740 1971.3
1165750 1971.3
1165760 1967.9
1165770 1964.6
1165780 1964.6
1165790 1961.4
1165800 1957.8
1165810 1953.9
1165820 1953.9
1165830 1950.0
1165840 1946.3
1165850 1946.3
1165860 1942.9
1165870 1939.5
1165880 1939.5
1165890 1936.3
1165900 1933.1
1165910 1933.1
1165920 1930.1
1165930 1927.4
1165940 1927.4
1165950 1925.1
1165960 1923.5
1165970 1923.5
1165980 1923.4
1165990 1923.1
1166000 1923.1
1166010 1923.1
1166020 1922.5
1166030 1922.5
1166040 1921.1
1166050 1918.6
1166060 1918.6
1166070 1915.6
1166080 1911.9
1166090 1911.9
1166100 1907.5
1166110 1902.3
1166120 1902.3
1166130 1896.7
1166140 1889.8
1166150 1883.3
1166160 1883.3
1166170 1877.5
1166180 1872.9
1166190 1872.9
1166200 1868.3
1166210 1863.5
1166220 1863.5
1166230 1859.6
1166240 1856.1
1166250 1856.1
1166260 1852.8
1166270 1850.6
1166280 1850.6
1166290 1848.2
1166300 1845.7
1166310 1845.7
1166320 1843.8
1166330 1842.5
1166340 1842.5
1166350 1843.2
1166360 1843.4
1166370 1843.4
1166380 1851.2
1166390 1850.5
1166400 1850.5
1166410 1849.6
1166420 1839.0
1166430 1839.0
1166440 1821.3
1166450 1803.6
1166460 1790.0
1166470 1790.0
1166480 1776.3
1166490 1771.4
1166500 1771.4
1166510 1763.8
1166520 1744.0
1166530 1744.0
1166540 1728.7
1166550 1726.5
1166560 1726.5
1166570 1710.5
1166580 1687.9
1166590 1687.9
1166600 1676.7
1166610 1666.5
1166620 1666.5
1166630 1654.6
1166640 1639.3
1166650 1639.3
1166660 1627.5
1166670 1618.6
1166680 1618.6
1166690 1614.7
1166700 1607.3
1166710 1607.3
1166720 1599.5
1166730 1594.4
1166740 1594.4
1166750 1590.0
1166760 1586.6
1166770 1586.6
1166780 1577.1
1166790 1570.0
1166800 1560.6
1166810 1560.6
1166820 1547.1
1166830 1537.2
1166840 1537.2
1166850 1530.2
1166860 1523.3
1166870 1523.3
1166880 1514.1
1166890 1503.4
1166900 1503.4
1166910 1494.1
1166920 1485.2
1166930 1485.2
1166940 1476.7
1166950 1470.0
1166960 1470.0
1166970 1466.4
1166980 1466.9
1166990 1466.9
1167000 1465.5
1167010 1460.7
1167020 1460.7
1167030 1455.8
1167040 1450.0
1167050 1450.0
1167060 1444.4
1167070 1439.0
1167080 1439.0
1167090 1433.5
1167100 1427.8
1167110 1427.8
1167120 1421.9
1167130 1415.6
1167140 1409.6
1167150 1409.6
1167160 1403.8
1167170 1398.0
1167180 1398.0
1167190 1394.3
1167200 1388.0
1167210 1388.0
1167220 1381.8
1167230 1375.2
1167240 1375.2
1167250 1368.6
1167260 1362.7
1167270 1362.7
1167280 1357.6
1167290 1352.1
1167300 1352.1
1167310 1346.2
1167320 1340.6
1167330 1340.6
1167340 1335.3
1167350 1329.7
1167360 1329.7
1167370 1324.6
1167380 1319.5
1167390 1319.5
1167400 1314.5
1167410 1309.6
1167420 1309.6
1167430 1305.0
1167440 1300.7
1167450 1296.0
1167460 1296.0
1167470 1291.2
1167480 1286.0
1167490 1286.0
1167500 1281.5
1167510 1279.4
1167520 1279.4
1167530 1280.1
1167540 1282.7
1167550 1282.7
1167560 1285.0
1167570 1286.7
1167580 1286.7
1167590 1293.9
1167600 1296.1
1167610 1296.1
1167620 1300.2
1167630 1304.9
1167640 1304.9
1167650 1309.5
1167660 1314.8
1167670 1314.8
1167680 1321.1
1167690 1328.5
1167700 1328.5
1167710 1334.4
1167720 1339.8
1167730 1339.8
1167740 1344.9
1167750 1348.8
1167760 1348.8
1167770 1352.2
1167780 1355.6
1167790 1359.1
1167800 1359.1
1167810 1362.5
1167820 1365.6
1167830 1365.6
1167840 1369.1
1167850 1373.0
1167860 1373.0
1167870 1376.3
1167880 1380.3
1167890 1380.3
1167900 1383.9
1167910 1387.7
1167920 1387.7
1167930 1390.2
1167940 1393.5
1167950 1393.5
1167960 1398.5
1167970 1404.6
1167980 1404.6
1167990 1410.4
1168000 1415.3
1168010 1415.3
1168020 1420.4
1168030 1425.7
1168040 1425.7
1168050 1431.3
1168060 1438.5
1168070 1438.5
1168080 1447.6
1168090 1455.5
1168100 1464.3
1168110 1464.3
1168120 1472.0
1168130 1479.5
1168140 1479.5
1168150 1491.6
1168160 1508.2
1168170 1508.2
1168180 1520.9
1168190 1539.7
1168200 1539.7
1168210 1557.1
1168220 1569.8
1168230 1569.8
1168240 1577.6
1168250 1586.0
1168260 1586.0
1168270 1596.0
1168280 1606.5
1168290 1606.5
1168300 1616.5
1168310 1628.5
1168320 1628.5
1168330 1643.1
1168340 1652.9
1168350 1652.9
1168360 1660.2
1168370 1671.6
1168380 1671.6
1168390 1680.2
1168400 1686.5
1168410 1686.5
1168420 1682.7
1168430 1691.3
1168440 1704.3
1168450 1704.3
1168460 1715.6
1168470 1722.9
1168480 1722.9
1168490 1733.8
1168500 1754.7
1168510 1754.7
1168520 1779.5
1168530 1799.0
1168540 1799.0
1168550 1808.4
1168560 1816.2
1168570 1816.2
1168580 1823.4
1168590 1830.6
1168600 1830.6
1168610 1837.1
1168620 1844.1
1168630 1844.1
1168640 1851.7
1168650 1859.2
1168660 1859.2
1168670 1867.0
1168680 1874.7
1168690 1874.7
1168700 1882.7
1168710 1891.5
1168720 1891.5
1168730 1901.0
1168740 1908.5
1168750 1908.5
1168760 1916.8
1168770 1927.1
1168780 1936.4
1168790 1936.4
1168800 1942.4
1168810 1946.9
1168820 1946.9
1168830 1950.9
1168840 1954.4
1168850 1954.4
1168860 1957.0
1168870 1959.0
1168880 1959.0
1168890 1960.7
1168900 1962.1
1168910 1962.1
1168920 1963.2
1168930 1963.8
1168940 1963.8
1168950 1963.3
1168960 1962.7
1168970 1962.7
1168980 1962.0
1168990 1961.1
1169000 1961.1
1169010 1960.2
1169020 1959.4
1169030 1959.4
1169040 1957.5
1169050 1954.7
1169060 1954.7
1169070 1951.1
1169080 1946.3
1169090 1939.7
1169100 1939.7
1169110 1932.5
1169120 1925.7
1169130 1925.7
1169140 1919.7
1169150 1914.5
1169160 1914.5
1169170 1909.2
1169180 1904.1
1169190 1904.1
1169200 1899.3
1169210 1889.8
1169220 1889.8
1169230 1884.7
1169240 1879.9
1169250 1879.9
1169260 1875.4
1169270 1871.1
1169280 1871.1
1169290 1867.2
1169300 1863.4
1169310 1863.4
1169320 1860.7
1169330 1858.8
1169340 1858.8
1169350 1856.4
1169360 1853.1
1169370 1853.1
1169380 1848.2
1169390 1843.2
1169400 1843.2
1169410 1839.9
1169420 1836.9
1169430 1833.7
1169440 1833.7
1169450 1830.6
1169460 1827.9
1169470 1827.9
1169480 1824.8
1169490 1821.2
1169500 1821.2
1169510 1817.0
1169520 1812.3
1169530 1812.3
1169540 1807.4
1169550 1802.6
1169560 1802.6
1169570 1798.2
1169580 1793.9
1169590 1793.9
1169600 1789.8
1169610 1783.1
1169620 1783.1
1169630 1780.4
1169640 1778.1
1169650 1778.1
1169660 1775.9
1169670 1773.6
1169680 1773.6
1169690 1771.3
1169700 1769.1
1169710 1769.1
1169720 1767.1
1169730 1765.3
1169740 1764.0
1169750 1764.0
1169760 1762.8
1169770 1762.0
1169780 1762.0
1169790 1761.6
1169800 1761.5
1169810 1761.5
1169820 1761.5
1169830 1761.6
1169840 1761.6
1169850 1761.8
1169860 1762.8
1169870 1762.8
1169880 1763.3
1169890 1762.0
1169900 1762.0
1169910 1761.1
1169920 1760.2
1169930 1760.2
1169940 1760.3
1169950 1763.2
1169960 1763.2
1169970 1766.6
1169980 1770.2
1169990 1770.2
1170000 1770.3
1170010 1767.1
1170020 1760.9
1170030 1757.2
1170040 1753.5
1170050 1753.5
1170060 1750.0
1170070 1746.4
1170080 1742.1
1170090 1742.1
1170100 1737.6
1170110 1732.8
1170120 1732.8
1170130 1728.0
1170140 1723.4
1170150 1723.4
1170160 1719.0
1170170 1714.6
1170180 1714.6
1170190 1710.4
1170200 1706.8
1170210 1706.8
1170220 1703.7
1170230 1701.4
1170240 1701.4
1170250 1700.7
1170260 1700.0
1170270 1700.0
1170280 1697.4
1170290 1694.4
1170300 1694.4
1170310 1691.5
1170320 1689.3
1170330 1689.3
1170340 1688.3
1170350 1687.3
1170360 1687.3
1170370 1686.1
1170380 1685.1
1170390 1685.1
1170400 1684.3
1170410 1683.7
1170420 1684.2
1170430 1684.2
1170440 1684.5
1170450 1683.1
1170460 1683.1
1170470 1681.8
1170480 1682.2
1170490 1682.2
1170500 1683.0
1170510 1684.3
1170520 1684.3
1170530 1686.2
1170540 1688.3
1170550 1688.3
1170560 1691.1
1170570 1694.1
1170580 1694.1
1170590 1697.5
1170600 1701.6
1170610 1701.6
1170620 1705.7
1170630 1710.2
1170640 1710.2
1170650 1713.9
1170660 1716.5
1170670 1716.5
1170680 1718.6
1170690 1720.9
1170700 1720.9
1170710 1724.2
1170720 1729.2
1170730 1735.8
1170740 1735.8
1170750 1749.1
1170760 1758.4
1170770 1758.4
1170780 1762.0
1170790 1762.8
1170800 1762.8
1170810 1759.1
1170820 1760.8
1170830 1769.2
1170840 1768.9
1170850 1772.8
1170860 1772.8
1170870 1779.7
1170880 1784.9
1170890 1784.9
1170900 1790.8
1170910 1796.3
1170920 1796.3
1170930 1798.2
1170940 1797.1
1170950 1797.1
1170960 1796.3
1170970 1797.2
1170980 1797.2
1170990 1796.9
1171000 1795.7
1171010 1795.7
1171020 1796.1
1171030 1798.7
1171040 1798.7
1171050 1799.4
1171060 1799.5
1171070 1801.0
1171080 1801.0
1171090 1802.4
1171100 1803.5
1171110 1803.5
1171120 1804.7
1171130 1806.9
1171140 1806.9
1171150 1809.4
1171160 1811.8
1171170 1811.8
1171180 1814.7
1171190 1817.4
1171200 1817.4
1171210 1820.6
1171220 1825.1
1171230 1825.1
1171240 1833.2
1171250 1839.1
1171260 1839.1
1171270 1846.8
1171280 1855.6
1171290 1855.6
1171300 1864.1
1171310 1870.5
1171320 1870.5
1171330 1876.0
1171340 1881.5
1171350 1881.5
1171360 1886.9
1171370 1893.3
1171380 1900.2
1171390 1900.2
1171400 1906.1
1171410 1911.0
1171420 1911.0
1171430 1915.6
1171440 1919.0
1171450 1919.0
1171460 1921.6
1171470 1922.7
1171480 1922.7
1171490 1921.8
1171500 1919.8
1171510 1919.8
1171520 1917.4
1171530 1913.0
1171540 1913.0
1171550 1907.2
1171560 1901.9
1171570 1901.9
1171580 1897.8
1171590 1895.1
1171600 1895.1
1171610 1892.9
1171620 1890.1
1171630 1890.1
1171640 1888.4
1171650 1885.8
1171660 1885.8
1171670 1883.1
1171680 1880.3
1171690 1880.3
1171700 1877.0
1171710 1873.3
1171720 1869.9
1171730 1869.9
1171740 1866.7
1171750 1863.3
1171760 1863.3
1171770 1859.7
1171780 1856.4
1171790 1856.4
1171800 1853.4
1171810 1851.3
1171820 1851.3
1171830 1849.9
1171840 1848.3
1171850 1848.3
1171860 1846.2
1171870 1843.9
1171880 1843.9
1171890 1841.0
1171900 1838.2
1171910 1838.2
1171920 1835.3
1171930 1832.0
1171940 1832.0
1171950 1827.5
1171960 1823.6
1171970 1823.6
1171980 1821.0
1171990 1819.4
1172000 1819.4
1172010 1816.6
1172020 1813.3
1172030 1809.7
1172040 1809.7
1172050 1806.0
1172060 1801.0
1172070 1801.0
1172080 1796.2
1172090 1795.8
1172100 1795.8
1172110 1794.6
1172120 1794.6
1172130 1794.6
1172140 1793.9
1172150 1791.4
1172160 1791.4
1172170 1788.8
1172180 1785.9
1172190 1785.9
1172200 1782.6
1172210 1781.2
1172220 1781.2
1172230 1779.1
1172240 1775.7
1172250 1775.7
1172260 1771.5
1172270 1767.2
1172280 1767.2
1172290 1762.4
1172300 1757.6
1172310 1757.6
1172320 1754.7
1172330 1752.8
1172340 1752.8
1172350 1751.1
1172360 1748.6
1172370 1745.6
1172380 1745.6
1172390 1742.5
1172400 1738.3
1172410 1738.3
1172420 1735.6
1172430 1734.2
1172440 1734.2
1172450 1734.2
1172460 1730.2
1172470 1730.2
1172480 1724.6
1172490 1719.8
1172500 1719.8
1172510 1715.2
1172520 1711.4
1172530 1711.4
1172540 1708.1
1172550 1705.1
1172560 1705.1
1172570 1702.5
1172580 1700.1
1172590 1700.1
1172600 1697.4
1172610 1693.9
1172620 1693.9
1172630 1689.5
1172640 1684.2
1172650 1684.2
1172660 1678.3
1172670 1672.6
1172680 1672.6
1172690 1666.8
1172700 1660.1
1172710 1651.3
1172720 1651.3
1172730 1643.3
1172740 1636.6
1172750 1636.6
1172760 1630.2
1172770 1624.5
1172780 1624.5
1172790 1617.7
1172800 1610.7
1172810 1610.7
1172820 1602.9
1172830 1595.7
1172840 1595.7
1172850 1588.4
1172860 1581.7
1172870 1580.9
1172880 1575.2
1172890 1570.2
1172900 1570.2
1172910 1566.0
1172920 1562.8
1172930 1562.8
1172940 1561.9
1172950 1562.6
1172960 1562.6
1172970 1563.1
1172980 1565.0
1172990 1565.0
1173000 1565.0
1173010 1560.6
1173020 1555.7
1173030 1555.7
1173040 1551.7
1173050 1548.5
1173060 1548.5
1173070 1546.8
1173080 1546.5
1173090 1546.5
1173100 1546.3
1173110 1545.7
1173120 1545.7
1173130 1545.0
1173140 1544.9
1173150 1544.9
1173160 1546.1
1173170 1548.5
1173180 1548.5
1173190 1551.7
1173200 1553.3
1173210 1553.3
1173220 1555.6
1173230 1556.0
1173240 1556.0
1173250 1557.0
1173260 1558.5
1173270 1558.5
1173280 1565.4
1173290 1567.4
1173300 1567.4
1173310 1568.1
1173320 1570.3
1173330 1570.3
1173340 1574.6
1173350 1578.8
1173360 1583.7
1173370 1583.7
1173380 1588.1
1173390 1592.4
1173400 1592.4
1173410 1597.1
1173420 1602.2
1173430 1602.2
1173440 1606.2
1173450 1609.7
1173460 1609.7
1173470 1614.5
1173480 1617.8
1173490 1617.8
1173500 1619.3
1173510 1623.3
1173520 1623.3
1173530 1625.1
1173540 1628.9
1173550 1628.9
1173560 1635.9
1173570 1646.1
1173580 1646.1
1173590 1657.0
1173600 1661.6
1173610 1661.6
1173620 1666.6
1173630 1675.5
1173640 1675.5
1173650 1682.5
1173660 1686.9
1173670 1692.5
1173680 1692.5
1173690 1701.8
1173700 1708.2
1173710 1708.2
1173720 1715.0
1173730 1723.5
1173740 1723.5
1173750 1730.0
1173760 1735.8
1173770 1735.8
1173780 1735.8
1173790 1724.6
1173800 1724.6
1173810 1725.1
1173820 1732.9
1173830 1732.9
1173840 1742.6
1173850 1752.0
1173860 1752.0
1173870 1759.8
1173880 1766.2
1173890 1766.2
1173900 1771.1
1173910 1776.1
1173920 1776.1
1173930 1781.9
1173940 1788.4
1173950 1788.4
1173960 1794.3
1173970 1799.1
1173980 1799.1
1173990 1802.5
1174000 1806.2
1174010 1809.6
1174020 1809.6
1174030 1816.0
1174040 1823.3
1174050 1823.3
1174060 1831.4
1174070 1838.9
1174080 1838.9
1174090 1842.5
1174100 1853.2
1174110 1853.2
1174120 1859.8
1174130 1871.0
1174140 1871.0
1174150 1888.9
1174160 1893.4
1174170 1893.4
1174180 1881.6
1174190 1872.9
1174200 1872.9
1174210 1878.3
1174220 1890.2
1174230 1890.2
1174240 1897.5
1174250 1904.0
1174260 1904.0
1174270 1906.8
1174280 1901.3
1174290 1901.3
1174300 1898.2
1174310 1903.1
1174320 1918.4
1174330 1918.4
1174340 1923.4
1174350 1926.0
1174360 1926.0
1174370 1929.5
1174380 1935.0
1174390 1935.0
1174400 1940.0
1174410 1939.5
1174420 1939.5
1174430 1943.3
1174440 1945.0
1174450 1945.0
1174460 1948.1
1174470 1953.3
1174480 1953.3
1174490 1955.3
1174500 1959.8
1174510 1965.6
1174520 1963.2
1174530 1960.4
1174540 1960.4
1174550 1955.7
1174560 1948.4
1174570 1948.4
1174580 1939.6
1174590 1931.7
1174600 1931.7
1174610 1924.6
1174620 1917.8
1174630 1917.8
1174640 1910.7
1174650 1903.9
1174660 1897.5
1174670 1897.5
1174680 1891.8
1174690 1886.8
1174700 1886.8
1174710 1882.8
1174720 1879.1
1174730 1879.1
1174740 1874.3
1174750 1868.8
1174760 1868.8
1174770 1863.9
1174780 1859.6
1174790 1859.6
1174800 1854.6
1174810 1849.1
1174820 1849.1
1174830 1844.2
1174840 1839.7
1174850 1839.7
1174860 1837.1
1174870 1837.4
1174880 1837.4
1174890 1840.5
1174900 1843.4
1174910 1843.4
1174920 1846.0
1174930 1856.1
1174940 1856.1
1174950 1858.1
1174960 1859.4
1174970 1859.4
1174980 1859.7
1174990 1862.9
1175000 1873.9
1175010 1873.9
1175020 1880.7
1175030 1884.4
1175040 1884.4
1175050 1885.6
1175060 1884.7
1175070 1884.7
1175080 1882.7
1175090 1882.0
1175100 1882.0
1175110 1883.2
1175120 1881.9
1175130 1881.9
1175140 1877.0
1175150 1871.1
1175160 1871.1
1175170 1866.2
1175180 1860.9
1175190 1860.9
1175200 1857.2
1175210 1851.1
1175220 1851.1
1175230 1844.5
1175240 1837.8
1175250 1837.8
1175260 1830.8
1175270 1824.5
1175280 1824.5
1175290 1818.9
1175300 1814.7
1175310 1811.6
1175320 1811.6
1175330 1808.1
1175340 1797.1
1175350 1797.1
1175360 1792.9
1175370 1789.5
1175380 1789.5
1175390 1786.1
1175400 1782.0
1175410 1782.0
1175420 1777.2
1175430 1772.1
1175440 1772.1
1175450 1766.3
1175460 1760.9
1175470 1760.9
1175480 1755.4
1175490 1748.4
1175500 1748.4
1175510 1741.3
1175520 1735.4
1175530 1735.4
1175540 1728.0
1175550 1719.2
1175560 1719.2
1175570 1712.0
1175580 1705.6
1175590 1705.6
1175600 1700.6
1175610 1696.3
1175620 1696.3
1175630 1692.5
1175640 1688.7
1175650 1684.7
1175660 1684.7
1175670 1680.4
1175680 1675.8
1175690 1675.8
1175700 1670.5
1175710 1665.5
1175720 1665.5
1175730 1661.4
1175740 1657.6
1175750 1658.7
1175760 1650.6
1175770 1647.3
1175780 1647.3
1175790 1651.7
1175800 1651.1
1175810 1651.1
1175820 1645.7
1175830 1639.0
1175840 1639.0
1175850 1635.4
1175860 1632.8
1175870 1632.8
1175880 1628.8
1175890 1622.4
1175900 1622.4
1175910 1617.6
1175920 1613.3
1175930 1613.3
1175940 1609.5
1175950 1606.5
1175960 1602.9
1175970 1602.9
1175980 1600.2
1175990 1598.1
1176000 1598.1
1176010 1595.4
1176020 1592.3
1176030 1592.3
1176040 1592.2
1176050 1591.7
1176060 1591.7
1176070 1589.1
1176080 1585.5
1176090 1585.5
1176100 1583.3
1176110 1580.5
1176120 1580.5
1176130 1579.1
1176140 1578.4
1176150 1578.4
1176160 1578.7
1176170 1582.3
1176180 1582.3
1176190 1582.9
1176200 1584.3
1176210 1584.3
1176220 1587.8
1176230 1591.2
1176240 1591.2
1176250 1594.7
1176260 1598.6
1176270 1598.6
1176280 1602.8
1176290 1606.9
1176300 1610.8
1176310 1610.8
1176320 1614.0
1176330 1617.5
1176340 1617.5
1176350 1622.6
1176360 1628.4
1176370 1628.4
1176380 1633.9
1176390 1639.5
1176400 1639.5
1176410 1644.6
1176420 1648.8
1176430 1648.8
1176440 1653.7
1176450 1658.7
1176460 1658.7
1176470 1664.9
1176480 1671.8
1176490 1671.8
1176500 1678.1
1176510 1683.0
1176520 1683.0
1176530 1689.2
1176540 1695.3
1176550 1695.3
1176560 1705.4
1176570 1715.7
1176580 1719.9
1176590 1727.7
1176600 1729.4
1176610 1738.4
1176620 1738.4
1176630 1749.0
1176640 1765.6
1176650 1765.6
1176660 1778.6
1176670 1786.4
1176680 1786.4
1176690 1790.2
1176700 1794.1
1176710 1794.1
1176720 1796.2
1176730 1796.3
1176740 1796.3
1176750 1800.2
1176760 1808.4
1176770 1808.4
1176780 1817.3
1176790 1826.9
1176800 1826.9
1176810 1838.2
1176820 1846.3
1176830 1846.3
1176840 1853.5
1176850 1860.4
1176860 1860.4
1176870 1866.0
1176880 1868.2
1176890 1868.2
1176900 1867.5
1176910 1864.8
1176920 1864.8
1176930 1860.7
1176940 1856.8
1176950 1854.0
1176960 1854.0
1176970 1852.7
1176980 1850.3
1176990 1850.3
1177000 1844.4
1177010 1841.5
1177020 1841.5
1177030 1837.7
1177040 1832.9
1177050 1832.9
1177060 1829.5
1177070 1826.3
1177080 1826.3
1177090 1823.2
1177100 1819.5
1177110 1819.5
1177120 1813.5
1177130 1806.2
1177140 1806.2
1177150 1798.9
1177160 1794.6
1177170 1794.6
1177180 1789.1
1177190 1782.6
1177200 1782.6
1177210 1776.5
1177220 1771.7
1177230 1771.7
1177240 1767.6
1177250 1763.9
1177260 1763.9
1177270 1760.4
1177280 1756.8
1177290 1753.5
1177300 1753.5
1177310 1749.8
1177320 1747.1
1177330 1747.1
1177340 1743.5
1177350 1740.2
1177360 1740.2
1177370 1736.7
1177380 1734.3
1177390 1734.3
1177400 1732.5
1177410 1729.1
1177420 1729.1
1177430 1723.6
1177440 1719.0
1177450 1719.0
1177460 1716.9
1177470 1713.8
1177480 1713.8
1177490 1708.9
1177500 1704.2
1177510 1704.2
1177520 1700.1
1177530 1696.3
1177540 1696.3
1177550 1693.0
1177560 1690.1
1177570 1690.1
1177580 1687.3
1177590 1684.7
1177600 1682.3
1177610 1682.3
1177620 1680.3
1177630 1678.5
1177640 1678.5
1177650 1677.5
1177660 1676.4
1177670 1676.4
1177680 1676.2
1177690 1677.1
1177700 1677.1
1177710 1677.5
1177720 1678.1
1177730 1678.1
1177740 1679.8
1177750 1681.9
1177760 1681.9
1177770 1683.7
1177780 1684.7
1177790 1684.7
1177800 1685.4
1177810 1687.1
1177820 1687.1
1177830 1690.0
1177840 1691.9
1177850 1691.9
1177860 1693.1
1177870 1693.8
1177880 1693.8
1177890 1694.9
1177900 1696.5
1177910 1696.5
1177920 1697.9
1177930 1698.5
1177940 1699.3
1177950 1699.3
1177960 1700.2
1177970 1700.9
1177980 1700.9
1177990 1701.0
1178000 1700.8
1178010 1700.8
1178020 1700.8
1178030 1701.1
1178040 1701.1
1178050 1701.6
1178060 1702.6
1178070 1702.6
1178080 1703.7
1178090 1705.1
1178100 1705.1
1178110 1706.3
1178120 1707.2
1178130 1707.2
1178140 1707.4
1178150 1707.4
1178160 1707.4
1178170 1706.0
1178180 1704.8
1178190 1704.8
1178200 1704.1
1178210 1704.3
1178220 1704.3
1178230 1705.0
1178240 1704.1
1178250 1706.0
1178260 1706.0
1178270 1707.5
1178280 1708.9
1178290 1708.9
1178300 1710.1
1178310 1710.9
1178320 1710.9
1178330 1711.3
1178340 1711.4
1178350 1711.4
1178360 1711.5
1178370 1711.0
1178380 1711.0
1178390 1710.5
1178400 1710.4
1178410 1710.4
1178420 1710.5
1178430 1710.2
1178440 1710.2
1178450 1709.4
1178460 1708.4
1178470 1708.4
1178480 1707.4
1178490 1706.9
1178500 1706.9
1178510 1707.0
1178520 1707.0
1178530 1707.0
1178540 1707.0
1178550 1706.8
1178560 1706.8
1178570 1706.4
1178580 1706.0
1178590 1705.9
1178600 1705.9
1178610 1705.7
1178620 1704.3
1178630 1704.3
1178640 1702.9
1178650 1702.0
1178660 1696.9
1178670 1695.9
1178680 1694.4
1178690 1694.4
1178700 1692.9
1178710 1691.1
1178720 1691.1
1178730 1687.9
1178740 1684.8
1178750 1684.8
1178760 1681.3
1178770 1677.8
1178780 1677.8
1178790 1675.3
1178800 1672.9
1178810 1672.9
1178820 1671.1
1178830 1670.5
1178840 1670.5
1178850 1670.2
1178860 1669.8
1178870 1669.8
1178880 1669.0
1178890 1667.7
1178900 1665.3
1178910 1665.3
1178920 1662.8
1178930 1661.7
1178940 1661.7
1178950 1659.3
1178960 1655.8
1178970 1655.8
1178980 1653.1
1178990 1651.7
1179000 1651.7
1179010 1650.8
1179020 1649.8
1179030 1649.8
1179040 1647.5
1179050 1643.9
1179060 1643.9
1179070 1638.8
1179080 1628.2
1179090 1628.2
1179100 1624.2
1179110 1623.0
1179120 1623.0
1179130 1622.2
1179140 1621.5
1179150 1621.5
1179160 1620.5
1179170 1618.7
1179180 1618.7
1179190 1617.2
1179200 1616.4
1179210 1616.4
1179220 1614.3
1179230 1611.0
1179240 1607.6
1179250 1607.6
1179260 1604.4
1179270 1600.7
1179280 1600.7
1179290 1597.6
1179300 1594.4
1179310 1594.4
1179320 1591.7
1179330 1589.3
1179340 1589.3
1179350 1587.6
1179360 1585.4
1179370 1585.4
1179380 1583.8
1179390 1582.6
1179400 1582.6
1179410 1581.2
1179420 1579.5
1179430 1579.5
1179440 1578.0
1179450 1577.6
1179460 1577.6
1179470 1577.2
1179480 1576.9
1179490 1576.9
1179500 1572.7
1179510 1572.4
1179520 1572.4
1179530 1572.5
1179540 1572.6
1179550 1572.0
1179560 1572.0
1179570 1571.1
1179580 1570.2
1179590 1570.2
1179600 1569.2
1179610 1567.6
1179620 1567.6
1179630 1564.6
1179640 1561.5
1179650 1561.5
1179660 1558.3
1179670 1556.2
1179680 1556.2
1179690 1555.6
1179700 1554.5
1179710 1554.5
1179720 1553.3
1179730 1551.8
1179740 1551.8
1179750 1549.2
1179760 1546.0
1179770 1546.0
1179780 1543.5
1179790 1541.4
1179800 1541.4
1179810 1539.4
1179820 1536.6
1179830 1536.6
1179840 1533.4
1179850 1531.4
1179860 1531.4
1179870 1529.5
1179880 1528.1
1179890 1525.4
1179900 1525.4
1179910 1521.2
1179920 1512.1
1179930 1512.1
1179940 1509.0
1179950 1506.7
1179960 1506.7
1179970 1503.2
1179980 1499.0
1179990 1499.0
