1164660 1801.2
1164670 1808.8
1164680 1808.8
1164690 1817.6
1164700 1824.3
1164710 1824.3
1164720 1831.2
1164730 1838.5
1164740 1838.5
1164750 1848.8
1164760 1856.7
1164770 1856.7
1164780 1855.3
1164790 1854.1
1164800 1854.1
1164810 1855.1
1164820 1868.3
1164830 1868.3
1164840 1877.7
1164850 1890.4
1164860 1890.4
1164870 1900.1
1164880 1911.2
1164890 1911.2
1164900 1920.8
1164910 1927.9
1164920 1927.9
1164930 1940.2
1164940 1955.3
1164950 1955.3
1164960 1970.7
1164970 1984.7
1164980 1990.3
1164990 1990.3
1165000 1989.2
1165010 2000.1
1165020 2000.1
1165030 2018.2
1165040 2026.1
1165050 2026.1
1165060 2023.1
1165070 2017.7
1165080 2017.7
1165090 2008.9
1165100 2000.1
1165110 2000.1
1165120 1991.6
1165130 1982.4
1165140 1982.4
1165150 1974.2
1165160 1966.2
1165170 1966.2
1165180 1955.0
1165190 1943.0
1165200 1943.0
1165210 1934.3
1165220 1926.8
1165230 1926.8
1165240 1919.8
1165250 1913.3
1165260 1913.3
1165270 1907.3
1165280 1901.9
1165290 1901.9
1165300 1897.1
1165310 1892.3
1165320 1887.5
1165330 1887.5
1165340 1882.8
1165350 1878.3
1165360 1878.3
1165370 1873.6
1165380 1869.1
1165390 1869.1
1165400 1864.8
1165410 1860.5
1165420 1860.5
1165430 1856.0
1165440 1851.2
1165450 1851.2
1165460 1842.8
1165470 1838.5
1165480 1838.5
1165490 1834.5
1165500 1831.0
1165510 1831.0
1165520 1827.4
1165530 1823.7
1165540 1823.7
1165550 1820.2
1165560 1817.4
1165570 1817.4
1165580 1814.6
1165590 1811.0
1165600 1811.0
1165610 1807.6
1165620 1804.0
1165630 1804.0
1165640 1800.7
1165650 1797.5
1165660 1794.5
1165670 1794.5
1165680 1791.7
1165690 1788.9
1165700 1788.9
1165710 1785.9
1165720 1783.0
1165730 1783.0
1165740 1781.3
1165750 1779.4
1165760 1779.4
1165770 1777.4
1165780 1775.3
1165790 1775.3
1165800 1773.1
1165810 1771.2
1165820 1771.2
1165830 1769.0
1165840 1762.2
1165850 1762.2
1165860 1755.6
1165870 1747.1
1165880 1747.1
1165890 1738.9
1165900 1732.3
1165910 1732.3
1165920 1726.4
1165930 1721.2
1165940 1721.2
1165950 1716.8
1165960 1712.7
1165970 1712.7
1165980 1708.3
1165990 1703.6
1166000 1699.6
1166010 1699.6
1166020 1695.7
1166030 1690.9
1166040 1690.9
1166050 1686.2
1166060 1681.5
1166070 1681.5
1166080 1676.3
1166090 1671.7
1166100 1671.7
1166110 1667.5
1166120 1662.8
1166130 1662.8
1166140 1658.4
1166150 1654.2
1166160 1654.2
1166170 1650.5
1166180 1647.5
1166190 1647.5
1166200 1644.2
1166210 1640.3
1166220 1640.3
1166230 1636.3
1166240 1631.8
1166250 1631.8
1166260 1627.3
1166270 1622.1
1166280 1622.1
1166290 1616.0
1166300 1609.2
1166310 1603.7
1166320 1603.7
1166330 1596.5
1166340 1587.7
1166350 1587.7
1166360 1573.0
1166370 1558.1
1166380 1558.1
1166390 1544.8
1166400 1535.7
1166410 1535.7
1166420 1522.7
1166430 1510.1
1166440 1510.1
1166450 1502.8
1166460 1496.7
1166470 1496.7
1166480 1493.2
1166490 1491.8
1166500 1491.8
1166510 1490.2
1166520 1486.2
1166530 1486.2
1166540 1479.1
1166550 1474.9
1166560 1474.9
1166570 1470.2
1166580 1463.9
1166590 1463.9
1166600 1457.3
1166610 1450.5
1166620 1450.5
1166630 1443.6
1166640 1437.5
1166650 1432.2
1166660 1432.1
1166670 1427.2
1166680 1423.0
1166690 1423.0
1166700 1419.0
1166710 1415.0
1166720 1415.0
1166730 1410.9
1166740 1406.9
1166750 1406.9
1166760 1403.1
1166770 1399.5
1166780 1399.5
1166790 1396.0
1166800 1392.6
1166810 1392.6
1166820 1389.0
1166830 1385.0
1166840 1385.0
1166850 1381.1
1166860 1377.2
1166870 1377.2
1166880 1373.3
1166890 1369.1
1166900 1369.1
1166910 1362.2
1166920 1348.9
1166930 1348.9
1166940 1334.7
1166950 1321.1
1166960 1321.1
1166970 1308.2
1166980 1300.4
1166990 1297.8
1167000 1297.8
1167010 1296.5
1167020 1293.1
1167030 1293.1
1167040 1288.1
1167050 1285.2
1167060 1276.8
1167070 1272.0
1167080 1267.5
1167090 1267.5
1167100 1266.2
1167110 1269.0
1167120 1269.0
1167130 1270.5
1167140 1268.7
1167150 1268.7
1167160 1263.0
1167170 1253.7
1167180 1253.7
1167190 1242.9
1167200 1235.1
1167210 1235.1
1167220 1226.7
1167230 1218.7
1167240 1218.7
1167250 1212.8
1167260 1210.9
1167270 1210.9
1167280 1209.8
1167290 1208.5
1167300 1207.1
1167310 1207.1
1167320 1205.6
1167330 1205.2
1167340 1205.2
1167350 1205.1
1167360 1204.8
1167370 1204.8
1167380 1205.3
1167390 1205.2
1167400 1205.2
1167410 1205.2
1167420 1206.0
1167430 1206.0
1167440 1207.0
1167450 1207.2
1167460 1207.5
1167470 1207.2
1167480 1206.5
1167490 1206.5
1167500 1206.6
1167510 1207.7
1167520 1207.7
1167530 1208.4
1167540 1209.4
1167550 1209.4
1167560 1209.6
1167570 1211.5
1167580 1211.5
1167590 1214.0
1167600 1217.1
1167610 1217.1
1167620 1220.1
1167630 1221.7
1167640 1223.6
1167650 1223.6
1167660 1226.6
1167670 1229.8
1167680 1229.8
1167690 1232.8
1167700 1235.8
1167710 1235.8
1167720 1238.4
1167730 1241.5
1167740 1241.5
1167750 1244.8
1167760 1248.1
1167770 1248.1
1167780 1251.6
1167790 1255.1
1167800 1255.1
1167810 1258.9
1167820 1262.6
1167830 1262.6
1167840 1266.0
1167850 1269.7
1167860 1269.7
1167870 1273.4
1167880 1277.2
1167890 1277.2
1167900 1281.3
1167910 1285.3
1167920 1285.3
1167930 1289.3
1167940 1293.6
1167950 1293.6
1167960 1297.9
1167970 1301.6
1167980 1304.9
1167990 1304.9
1168000 1308.5
1168010 1312.6
1168020 1312.6
1168030 1317.1
1168040 1322.1
1168050 1322.1
1168060 1327.6
1168070 1333.2
1168080 1333.2
1168090 1338.4
1168100 1342.8
1168110 1342.8
1168120 1346.7
1168130 1350.6
1168140 1350.6
1168150 1356.3
1168160 1360.6
1168170 1360.6
1168180 1365.5
1168190 1371.5
1168200 1371.5
1168210 1376.8
1168220 1382.8
1168230 1382.8
1168240 1389.1
1168250 1395.6
1168260 1395.6
1168270 1400.2
1168280 1406.9
1168290 1406.9
1168300 1413.6
1168310 1420.2
1168320 1427.9
1168330 1427.9
1168340 1435.1
1168350 1442.3
1168360 1442.3
1168370 1448.9
1168380 1456.2
1168390 1456.2
1168400 1464.1
1168410 1471.8
1168420 1471.8
1168430 1479.4
1168440 1488.1
1168450 1488.1
1168460 1497.2
1168470 1508.1
1168480 1508.1
1168490 1520.0
1168500 1533.9
1168510 1533.9
1168520 1549.9
1168530 1565.9
1168540 1565.9
1168550 1583.5
1168560 1594.1
1168570 1594.1
1168580 1601.1
1168590 1607.6
1168600 1607.6
1168610 1615.5
1168620 1629.7
1168630 1632.4
1168640 1632.4
1168650 1632.9
1168660 1635.4
1168670 1644.9
1168680 1651.8
1168690 1673.1
1168700 1673.1
1168710 1688.0
1168720 1695.8
1168730 1695.8
1168740 1705.3
1168750 1714.9
1168760 1714.9
1168770 1727.2
1168780 1731.2
1168790 1731.2
1168800 1733.1
1168810 1731.5
1168820 1731.5
1168830 1736.3
1168840 1746.8
1168850 1746.8
1168860 1759.0
1168870 1774.9
1168880 1774.9
1168890 1777.1
1168900 1768.7
1168910 1768.7
1168920 1762.9
1168930 1758.1
1168940 1758.1
1168950 1751.4
1168960 1751.6
1168970 1751.7
1168980 1751.7
1168990 1748.7
1169000 1745.6
1169010 1745.6
1169020 1745.8
1169030 1748.2
1169040 1748.2
1169050 1747.3
1169060 1745.9
1169070 1745.9
1169080 1754.3
1169090 1752.7
1169100 1752.7
1169110 1751.0
1169120 1749.5
1169130 1749.5
1169140 1749.3
1169150 1746.0
1169160 1746.0
1169170 1742.2
1169180 1742.7
1169190 1742.7
1169200 1736.3
1169210 1728.0
1169220 1728.0
1169230 1721.8
1169240 1715.0
1169250 1715.0
1169260 1709.5
1169270 1706.1
1169280 1706.1
1169290 1703.0
1169300 1699.9
1169310 1697.3
1169320 1697.3
1169330 1695.3
1169340 1691.0
1169350 1691.0
1169360 1685.9
1169370 1680.5
1169380 1680.5
1169390 1674.8
1169400 1669.5
1169410 1669.5
1169420 1664.7
1169430 1659.9
1169440 1659.9
1169450 1654.7
1169460 1649.9
1169470 1649.9
1169480 1651.8
1169490 1650.6
1169500 1650.6
1169510 1650.1
1169520 1647.8
1169530 1647.8
1169540 1643.2
1169550 1637.7
1169560 1637.7
1169570 1629.3
1169580 1625.7
1169590 1625.7
1169600 1618.5
1169610 1614.3
1169620 1615.9
1169630 1615.9
1169640 1604.9
1169650 1589.1
1169660 1589.1
1169670 1577.2
1169680 1560.8
1169690 1560.8
1169700 1545.5
1169710 1538.8
1169720 1538.8
1169730 1533.9
1169740 1529.5
1169750 1529.5
1169760 1524.8
1169770 1519.9
1169780 1519.9
1169790 1514.0
1169800 1508.6
1169810 1508.6
1169820 1505.6
1169830 1503.7
1169840 1503.7
1169850 1501.1
1169860 1497.3
1169870 1497.3
1169880 1494.0
1169890 1498.5
1169900 1498.5
1169910 1495.4
1169920 1491.1
1169930 1491.1
1169940 1487.3
1169950 1485.4
1169960 1484.4
1169970 1484.4
1169980 1483.5
1169990 1482.4
1170000 1482.4
1170010 1480.6
1170020 1478.6
1170030 1478.6
1170040 1478.0
1170050 1478.9
1170060 1478.9
1170070 1480.2
1170080 1480.6
1170090 1480.6
1170100 1480.4
1170110 1479.4
1170120 1479.4
1170130 1478.0
1170140 1476.4
1170150 1476.4
1170160 1473.7
1170170 1471.9
1170180 1471.9
1170190 1474.9
1170200 1480.8
1170210 1480.8
1170220 1490.1
1170230 1502.0
1170240 1502.0
1170250 1511.8
1170260 1518.2
1170270 1518.2
1170280 1525.0
1170290 1529.1
1170300 1540.1
1170310 1540.1
1170320 1545.2
1170330 1550.6
1170340 1550.6
1170350 1555.3
1170360 1559.1
1170370 1559.1
1170380 1562.9
1170390 1567.2
1170400 1567.2
1170410 1573.8
1170420 1580.9
1170430 1580.9
1170440 1591.0
1170450 1596.3
1170460 1596.3
1170470 1596.2
1170480 1595.5
1170490 1595.5
1170500 1598.4
1170510 1609.0
1170520 1609.0
1170530 1621.2
1170540 1630.0
1170550 1630.0
1170560 1636.5
1170570 1639.4
1170580 1639.4
1170590 1642.2
1170600 1647.6
1170610 1654.9
1170620 1654.9
1170630 1666.5
1170640 1675.5
1170650 1675.5
1170660 1682.0
1170670 1687.9
1170680 1687.9
1170690 1694.6
1170700 1701.1
1170710 1701.1
1170720 1708.6
1170730 1717.3
1170740 1717.3
1170750 1725.5
1170760 1736.5
1170770 1736.5
1170780 1743.2
1170790 1748.0
1170800 1748.0
1170810 1756.0
1170820 1762.7
1170830 1762.7
1170840 1764.8
1170850 1770.1
1170860 1770.1
1170870 1774.9
1170880 1777.4
1170890 1777.4
1170900 1779.1
1170910 1786.1
1170920 1786.1
1170930 1793.4
1170940 1797.8
1170950 1799.7
1170960 1799.7
1170970 1805.2
1170980 1814.8
1170990 1814.8
1171000 1825.9
1171010 1833.9
1171020 1833.9
1171030 1840.5
1171040 1848.1
1171050 1848.1
1171060 1856.0
1171070 1863.8
1171080 1863.8
1171090 1870.6
1171100 1876.1
1171110 1867.7
1171120 1873.8
1171130 1883.0
1171140 1883.0
1171150 1894.3
1171160 1906.0
1171170 1906.0
1171180 1916.8
1171190 1924.8
1171200 1924.8
1171210 1930.2
1171220 1932.4
1171230 1932.4
1171240 1929.7
1171250 1929.1
1171260 1929.1
1171270 1934.0
1171280 1939.4
1171290 1941.7
1171300 1941.7
1171310 1945.7
1171320 1948.5
1171330 1948.5
1171340 1947.9
1171350 1950.6
1171360 1950.6
1171370 1957.0
1171380 1960.1
1171390 1960.1
1171400 1966.1
1171410 1974.1
1171420 1974.1
1171430 1980.1
1171440 1986.5
1171450 1986.5
1171460 1997.1
1171470 2010.7
1171480 2010.7
1171490 2005.3
1171500 1999.1
1171510 1999.1
1171520 1996.5
1171530 1992.2
1171540 1992.2
1171550 1988.2
1171560 1983.8
1171570 1983.8
1171580 1980.1
1171590 1977.7
1171600 1975.7
1171610 1975.7
1171620 1972.5
1171630 1967.5
1171640 1967.5
1171650 1961.2
1171660 1956.1
1171670 1956.1
1171680 1952.4
1171690 1949.2
1171700 1949.2
1171710 1946.7
1171720 1944.5
1171730 1944.5
1171740 1941.9
1171750 1938.7
1171760 1938.7
1171770 1935.1
1171780 1931.4
1171790 1931.4
1171800 1927.6
1171810 1924.1
1171820 1924.1
1171830 1920.3
1171840 1916.0
1171850 1916.0
1171860 1911.6
1171870 1908.1
1171880 1908.1
1171890 1905.5
1171900 1899.9
1171910 1899.9
1171920 1895.0
1171930 1889.8
1171940 1881.8
1171950 1881.8
1171960 1876.0
1171970 1870.6
1171980 1870.6
1171990 1865.4
1172000 1860.6
1172010 1860.6
1172020 1856.6
1172030 1853.7
1172040 1853.7
1172050 1851.5
1172060 1849.6
1172070 1849.6
1172080 1848.0
1172090 1847.3
1172100 1847.3
1172110 1846.8
1172120 1846.5
1172130 1846.5
1172140 1846.3
1172150 1846.4
1172160 1846.4
1172170 1845.9
1172180 1844.1
1172190 1844.1
1172200 1840.7
1172210 1837.3
1172220 1837.3
1172230 1835.3
1172240 1831.5
1172250 1831.5
1172260 1825.0
1172270 1816.8
1172280 1808.0
1172290 1808.0
1172300 1800.9
1172310 1795.2
1172320 1795.2
1172330 1795.0
1172340 1789.1
1172350 1789.1
1172360 1783.7
1172370 1778.9
1172380 1778.9
1172390 1774.8
1172400 1770.3
1172410 1770.3
1172420 1762.6
1172430 1755.5
1172440 1755.5
1172450 1755.4
1172460 1759.2
1172470 1759.2
1172480 1758.3
1172490 1754.8
1172500 1754.8
1172510 1753.0
1172520 1752.6
1172530 1752.6
1172540 1750.0
1172550 1747.3
1172560 1747.3
1172570 1745.3
1172580 1744.6
1172590 1744.6
1172600 1742.4
1172610 1739.6
1172620 1737.4
1172630 1737.4
1172640 1735.5
1172650 1733.6
1172660 1733.6
1172670 1731.6
1172680 1728.9
1172690 1728.9
1172700 1723.6
1172710 1721.1
1172720 1721.1
1172730 1724.8
1172740 1728.4
1172750 1728.4
1172760 1725.9
1172770 1723.2
1172780 1723.2
1172790 1721.4
1172800 1719.6
1172810 1719.6
1172820 1718.1
1172830 1717.0
1172840 1717.0
1172850 1714.9
1172860 1712.3
1172870 1712.3
1172880 1710.0
1172890 1708.0
1172900 1708.0
1172910 1705.6
1172920 1703.6
1172930 1701.7
1172940 1701.7
1172950 1699.7
1172960 1697.3
1172970 1697.3
1172980 1695.2
1172990 1693.0
1173000 1693.0
1173010 1690.2
1173020 1687.4
1173030 1687.4
1173040 1684.5
1173050 1682.7
1173060 1682.7
1173070 1680.4
1173080 1676.4
1173090 1676.4
1173100 1672.0
1173110 1667.7
1173120 1667.7
1173130 1663.8
1173140 1657.8
1173150 1653.5
1173160 1647.3
1173170 1642.2
1173180 1642.2
1173190 1637.8
1173200 1632.7
1173210 1632.7
1173220 1628.3
1173230 1623.2
1173240 1623.2
1173250 1618.7
1173260 1614.1
1173270 1609.4
1173280 1609.4
1173290 1604.6
1173300 1599.5
1173310 1599.5
1173320 1594.5
1173330 1589.3
1173340 1589.3
1173350 1583.7
1173360 1578.2
1173370 1578.2
1173380 1570.8
1173390 1562.2
1173400 1562.2
1173410 1551.9
1173420 1543.8
1173430 1543.8
1173440 1537.1
1173450 1531.0
1173460 1531.0
1173470 1525.5
1173480 1520.5
1173490 1520.5
1173500 1515.0
1173510 1509.7
1173520 1509.7
1173530 1507.2
1173540 1501.0
1173550 1501.0
1173560 1498.9
1173570 1492.6
1173580 1492.6
1173590 1481.7
1173600 1470.4
1173610 1471.0
1173620 1471.0
1173630 1480.4
1173640 1482.1
1173650 1482.1
1173660 1479.9
1173670 1476.7
1173680 1476.7
1173690 1472.6
1173700 1469.3
1173710 1469.3
1173720 1466.1
1173730 1462.7
1173740 1462.7
1173750 1459.3
1173760 1455.0
1173770 1455.0
1173780 1450.6
1173790 1446.9
1173800 1446.9
1173810 1444.5
1173820 1441.8
1173830 1441.8
1173840 1439.7
1173850 1436.6
1173860 1436.6
1173870 1433.4
1173880 1430.7
1173890 1430.7
1173900 1427.8
1173910 1424.8
1173920 1421.7
1173930 1421.7
1173940 1418.7
1173950 1415.5
1173960 1415.5
1173970 1412.8
1173980 1405.3
1173990 1405.3
1174000 1401.3
1174010 1397.6
1174020 1397.6
1174030 1394.7
1174040 1392.4
1174050 1392.4
1174060 1389.5
1174070 1386.3
1174080 1386.3
1174090 1383.4
1174100 1380.3
1174110 1380.3
1174120 1377.3
1174130 1373.7
1174140 1373.7
1174150 1369.7
1174160 1365.7
1174170 1365.7
1174180 1362.1
1174190 1359.5
1174200 1359.5
1174210 1357.9
1174220 1356.3
1174230 1356.3
1174240 1353.4
1174250 1350.8
1174260 1348.2
1174270 1348.2
1174280 1344.9
1174290 1342.9
1174300 1342.9
1174310 1340.4
1174320 1338.3
1174330 1338.3
1174340 1336.4
1174350 1334.8
1174360 1334.8
1174370 1334.5
1174380 1333.1
1174390 1328.7
1174400 1326.2
1174410 1323.4
1174420 1323.4
1174430 1320.1
1174440 1317.3
1174450 1317.3
1174460 1315.1
1174470 1312.9
1174480 1312.9
1174490 1310.7
1174500 1308.5
1174510 1308.5
1174520 1308.7
1174530 1310.1
1174540 1310.1
1174550 1312.1
1174560 1312.1
1174570 1312.1
1174580 1313.2
1174590 1312.4
1174600 1311.8
1174610 1311.8
1174620 1309.6
1174630 1308.2
1174640 1308.2
1174650 1309.8
1174660 1311.5
1174670 1311.5
1174680 1312.3
1174690 1310.9
1174700 1310.9
1174710 1309.3
1174720 1306.8
1174730 1306.8
1174740 1303.7
1174750 1300.0
1174760 1300.0
1174770 1300.8
1174780 1301.9
1174790 1301.9
1174800 1303.6
1174810 1299.9
1174820 1299.9
1174830 1297.1
1174840 1294.4
1174850 1294.4
1174860 1291.1
1174870 1287.4
1174880 1287.4
1174890 1286.0
1174900 1286.0
1174910 1285.7
1174920 1285.7
1174930 1285.0
1174940 1284.0
1174950 1284.0
1174960 1285.5
1174970 1286.2
1174980 1286.2
1174990 1287.3
1175000 1288.6
1175010 1288.6
1175020 1291.4
1175030 1292.9
1175040 1292.9
1175050 1289.4
1175060 1289.8
1175070 1289.8
1175080 1291.2
1175090 1290.5
1175100 1290.5
1175110 1290.3
1175120 1290.2
1175130 1290.2
1175140 1289.3
1175150 1287.3
1175160 1287.3
1175170 1289.4
1175180 1292.2
1175190 1292.2
1175200 1297.3
1175210 1307.5
1175220 1307.5
1175230 1306.4
1175240 1305.8
1175250 1304.8
1175260 1304.8
1175270 1302.8
1175280 1301.7
1175290 1301.7
1175300 1297.1
1175310 1295.1
1175320 1295.1
1175330 1296.7
1175340 1295.3
1175350 1295.3
1175360 1292.8
1175370 1292.1
1175380 1292.1
1175390 1288.3
1175400 1293.9
1175410 1293.9
1175420 1297.7
1175430 1297.1
1175440 1297.1
1175450 1291.1
1175460 1294.3
1175470 1294.3
1175480 1296.7
1175490 1297.8
1175500 1297.8
1175510 1298.2
1175520 1298.0
1175530 1298.0
1175540 1299.1
1175550 1299.7
1175560 1299.7
1175570 1298.3
1175580 1295.7
1175590 1296.2
1175600 1296.2
1175610 1295.4
1175620 1300.3
1175630 1300.3
1175640 1300.7
1175650 1301.2
1175660 1301.2
1175670 1296.9
1175680 1295.7
1175690 1295.7
1175700 1298.3
1175710 1300.3
1175720 1300.3
1175730 1298.7
1175740 1297.9
1175750 1297.9
1175760 1297.1
1175770 1297.3
1175780 1297.3
1175790 1296.1
1175800 1294.0
1175810 1294.0
1175820 1289.8
1175830 1285.6
1175840 1285.6
1175850 1284.8
1175860 1289.4
1175870 1289.4
1175880 1292.8
1175890 1292.8
1175900 1292.4
1175910 1292.4
1175920 1290.4
1175930 1286.5
1175940 1286.5
1175950 1283.7
1175960 1284.2
1175970 1284.2
1175980 1285.0
1175990 1284.9
1176000 1284.9
1176010 1283.7
1176020 1283.1
1176030 1283.1
1176040 1284.9
1176050 1278.5
1176060 1278.5
1176070 1282.4
1176080 1283.2
1176090 1283.2
1176100 1285.2
1176110 1285.2
1176120 1285.2
1176130 1282.0
1176140 1278.6
1176150 1278.6
1176160 1277.5
1176170 1274.9
1176180 1274.9
1176190 1274.4
1176200 1272.4
1176210 1272.4
1176220 1268.7
1176230 1265.2
1176240 1263.1
1176250 1263.1
1176260 1263.0
1176270 1262.1
1176280 1262.1
1176290 1256.2
1176300 1249.9
1176310 1249.9
1176320 1245.3
1176330 1242.1
1176340 1242.1
1176350 1239.5
1176360 1236.0
1176370 1236.0
1176380 1232.6
1176390 1229.4
1176400 1229.4
1176410 1224.9
1176420 1220.9
1176430 1220.9
1176440 1217.8
1176450 1217.0
1176460 1217.0
1176470 1208.0
1176480 1209.8
1176490 1209.8
1176500 1212.7
1176510 1218.9
1176520 1218.9
1176530 1225.0
1176540 1229.8
1176550 1229.8
1176560 1236.4
1176570 1240.5
1176580 1243.6
1176590 1243.6
1176600 1244.9
1176610 1243.4
1176620 1243.4
1176630 1247.4
1176640 1249.3
1176650 1249.3
1176660 1250.1
1176670 1251.0
1176680 1251.0
1176690 1251.9
1176700 1253.3
1176710 1253.3
1176720 1254.8
1176730 1256.1
1176740 1256.1
1176750 1256.3
1176760 1260.1
1176770 1260.1
1176780 1262.2
1176790 1263.6
1176800 1263.6
1176810 1264.4
1176820 1266.5
1176830 1266.5
1176840 1269.0
1176850 1271.2
1176860 1271.2
1176870 1280.3
1176880 1279.7
1176890 1283.5
1176900 1283.5
1176910 1285.6
1176920 1289.0
1176930 1289.0
1176940 1291.8
1176950 1292.8
1176960 1292.8
1176970 1294.1
1176980 1296.2
1176990 1296.2
1177000 1297.6
1177010 1299.8
1177020 1299.8
1177030 1300.7
1177040 1301.5
1177050 1301.5
1177060 1301.6
1177070 1303.8
1177080 1303.8
1177090 1304.7
1177100 1305.4
1177110 1305.4
1177120 1306.0
1177130 1307.4
1177140 1307.4
1177150 1307.7
1177160 1308.1
1177170 1308.1
1177180 1306.5
1177190 1305.4
1177200 1305.4
1177210 1307.4
1177220 1308.8
1177230 1311.5
1177240 1311.5
1177250 1312.7
1177260 1311.8
1177270 1311.8
1177280 1319.4
1177290 1320.5
1177300 1320.5
1177310 1321.2
1177320 1322.1
1177330 1322.1
1177340 1323.0
1177350 1322.1
1177360 1322.1
1177370 1322.2
1177380 1322.8
1177390 1322.8
1177400 1323.5
1177410 1323.9
1177420 1323.9
1177430 1324.4
1177440 1324.3
1177450 1324.3
1177460 1324.3
1177470 1324.2
1177480 1324.2
1177490 1323.3
1177500 1323.8
1177510 1323.8
1177520 1323.9
1177530 1326.6
1177540 1326.6
1177550 1328.1
1177560 1326.7
1177570 1321.9
1177580 1321.9
1177590 1318.9
1177600 1318.1
1177610 1318.1
1177620 1320.4
1177630 1320.8
1177640 1320.8
1177650 1321.6
1177660 1319.3
1177670 1319.3
1177680 1313.8
1177690 1314.5
1177700 1319.6
1177710 1321.8
1177720 1318.2
1177730 1318.2
1177740 1318.4
1177750 1322.5
1177760 1322.5
1177770 1322.3
1177780 1316.1
1177790 1316.1
1177800 1311.2
1177810 1316.6
1177820 1316.6
1177830 1320.5
1177840 1318.6
1177850 1318.6
1177860 1321.3
1177870 1327.3
1177880 1333.7
1177890 1333.7
1177900 1338.1
1177910 1339.5
1177920 1339.5
1177930 1340.5
1177940 1341.0
1177950 1341.0
1177960 1340.9
1177970 1340.5
1177980 1340.5
1177990 1339.5
1178000 1337.7
1178010 1337.7
1178020 1335.8
1178030 1333.4
1178040 1333.4
1178050 1332.4
1178060 1332.6
1178070 1332.6
1178080 1331.3
1178090 1330.0
1178100 1330.0
1178110 1329.9
1178120 1337.0
1178130 1337.0
1178140 1333.2
1178150 1330.4
1178160 1330.4
1178170 1331.2
1178180 1333.3
1178190 1333.3
1178200 1334.9
1178210 1338.1
1178220 1336.0
1178230 1336.0
1178240 1332.0
1178250 1331.8
1178260 1331.8
1178270 1332.4
1178280 1332.4
1178290 1332.4
1178300 1333.1
1178310 1333.4
1178320 1333.4
1178330 1329.3
1178340 1328.5
1178350 1328.5
1178360 1328.4
1178370 1325.4
1178380 1325.4
1178390 1321.9
1178400 1318.7
1178410 1318.7
1178420 1314.1
1178430 1310.0
1178440 1310.0
1178450 1312.8
1178460 1316.8
1178470 1316.8
1178480 1318.6
1178490 1319.2
1178500 1319.2
1178510 1318.2
1178520 1317.2
1178530 1321.2
1178540 1320.2
1178550 1320.7
1178560 1322.4
1178570 1322.4
1178580 1322.2
1178590 1320.9
1178600 1320.9
1178610 1319.1
1178620 1314.2
1178630 1314.2
1178640 1308.7
1178650 1305.0
1178660 1305.0
1178670 1303.2
1178680 1302.3
1178690 1302.3
1178700 1301.5
1178710 1302.6
1178720 1302.6
1178730 1304.3
1178740 1304.7
1178750 1304.7
1178760 1307.6
1178770 1307.9
1178780 1307.9
1178790 1304.3
1178800 1303.5
1178810 1303.5
1178820 1302.2
1178830 1301.1
1178840 1301.1
1178850 1299.8
1178860 1298.2
1178870 1296.2
1178880 1296.2
1178890 1294.8
1178900 1295.9
1178910 1295.9
1178920 1295.5
1178930 1294.0
1178940 1294.0
1178950 1293.1
1178960 1289.0
1178970 1289.0
1178980 1285.7
1178990 1285.2
1179000 1285.2
1179010 1284.4
1179020 1284.1
1179030 1284.1
1179040 1285.7
1179050 1289.0
1179060 1289.0
1179070 1292.0
1179080 1291.7
1179090 1291.7
1179100 1291.1
1179110 1291.3
1179120 1291.3
1179130 1291.3
1179140 1289.6
1179150 1289.6
1179160 1284.2
1179170 1278.0
1179180 1278.0
1179190 1275.3
1179200 1276.1
1179210 1275.9
1179220 1275.9
1179230 1275.0
1179240 1273.9
1179250 1273.9
1179260 1272.9
1179270 1271.2
1179280 1271.2
1179290 1269.9
1179300 1268.1
1179310 1268.1
1179320 1266.4
1179330 1265.9
1179340 1265.9
1179350 1265.0
1179360 1266.7
1179370 1267.4
1179380 1269.0
1179390 1269.0
1179400 1269.0
1179410 1270.3
1179420 1271.4
1179430 1271.4
1179440 1272.2
1179450 1272.8
1179460 1272.8
1179470 1275.9
1179480 1280.2
1179490 1280.2
1179500 1284.2
1179510 1289.4
1179520 1289.4
1179530 1292.7
1179540 1292.9
1179550 1294.6
1179560 1294.6
1179570 1296.2
1179580 1297.2
1179590 1297.2
1179600 1297.8
1179610 1297.4
1179620 1297.4
1179630 1297.2
1179640 1297.6
1179650 1297.6
1179660 1300.0
1179670 1301.6
1179680 1301.6
1179690 1303.2
1179700 1306.5
1179710 1306.5
1179720 1309.7
1179730 1312.1
1179740 1312.1
1179750 1314.5
1179760 1315.9
1179770 1315.9
1179780 1315.4
1179790 1317.4
1179800 1317.4
1179810 1318.5
1179820 1320.6
1179830 1320.6
1179840 1322.8
1179850 1325.2
1179860 1328.5
1179870 1328.5
1179880 1331.3
1179890 1333.1
1179900 1333.1
1179910 1333.8
1179920 1333.9
1179930 1333.9
1179940 1336.3
1179950 1337.2
1179960 1337.2
1179970 1336.7
1179980 1337.4
1179990 1337.4
