1164660 1744.7
1164670 1744.7
1164680 1751.2
1164690 1762.6
1164700 1762.6
1164710 1772.5
1164720 1777.9
1164730 1777.9
1164740 1782.7
1164750 1774.0
1164760 1774.0
1164770 1782.4
1164780 1794.1
1164790 1794.1
1164800 1807.7
1164810 1820.4
1164820 1820.4
1164830 1838.8
1164840 1853.6
1164850 1853.6
1164860 1862.0
1164870 1870.6
1164880 1870.6
1164890 1887.3
1164900 1895.4
1164910 1895.4
1164920 1890.6
1164930 1901.5
1164940 1901.5
1164950 1914.7
1164960 1924.4
1164970 1924.4
1164980 1931.9
1164990 1940.9
1165000 1947.5
1165010 1947.5
1165020 1956.2
1165030 1964.9
1165040 1964.9
1165050 1975.1
1165060 1993.6
1165070 1993.6
1165080 2002.9
1165090 2005.2
1165100 2005.2
1165110 2004.9
1165120 2000.1
1165130 2000.1
1165140 1991.0
1165150 1985.2
1165160 1985.2
1165170 1977.3
1165180 1968.6
1165190 1968.6
1165200 1959.9
1165210 1953.5
1165220 1953.5
1165230 1947.7
1165240 1939.9
1165250 1939.9
1165260 1931.9
1165270 1923.5
1165280 1923.5
1165290 1914.6
1165300 1906.6
1165310 1897.2
1165320 1897.2
1165330 1887.5
1165340 1878.3
1165350 1878.3
1165360 1870.4
1165370 1863.9
1165380 1863.9
1165390 1858.0
1165400 1852.2
1165410 1852.2
1165420 1846.4
1165430 1840.7
1165440 1840.7
1165450 1835.5
1165460 1830.6
1165470 1830.6
1165480 1825.4
1165490 1820.6
1165500 1820.6
1165510 1816.8
1165520 1813.1
1165530 1813.1
1165540 1809.4
1165550 1806.1
1165560 1806.1
1165570 1802.4
1165580 1799.0
1165590 1799.0
1165600 1795.5
1165610 1791.9
1165620 1791.9
1165630 1788.4
1165640 1785.0
1165650 1781.6
1165660 1781.6
1165670 1778.5
1165680 1775.4
1165690 1775.4
1165700 1772.2
1165710 1769.2
1165720 1769.2
1165730 1766.4
1165740 1763.1
1165750 1763.1
1165760 1759.8
1165770 1756.9
1165780 1756.9
1165790 1754.0
1165800 1750.7
1165810 1750.7
1165820 1746.7
1165830 1742.5
1165840 1742.5
1165850 1737.9
1165860 1732.7
1165870 1732.7
1165880 1727.9
1165890 1723.4
1165900 1723.4
1165910 1718.6
1165920 1713.6
1165930 1713.6
1165940 1709.1
1165950 1707.7
1165960 1707.7
1165970 1703.8
1165980 1699.8
1165990 1696.5
1166000 1696.5
1166010 1693.7
1166020 1690.5
1166030 1690.5
1166040 1687.3
1166050 1683.7
1166060 1683.7
1166070 1679.8
1166080 1676.1
1166090 1676.1
1166100 1672.5
1166110 1668.3
1166120 1668.3
1166130 1664.0
1166140 1659.9
1166150 1659.9
1166160 1655.4
1166170 1650.9
1166180 1650.9
1166190 1646.7
1166200 1642.4
1166210 1642.4
1166220 1638.1
1166230 1633.9
1166240 1633.9
1166250 1629.5
1166260 1624.6
1166270 1624.6
1166280 1618.9
1166290 1611.7
1166300 1604.3
1166310 1604.3
1166320 1598.9
1166330 1593.4
1166340 1593.4
1166350 1589.4
1166360 1569.2
1166370 1569.2
1166380 1540.8
1166390 1538.2
1166400 1538.2
1166410 1539.0
1166420 1535.3
1166430 1535.3
1166440 1517.2
1166450 1502.3
1166460 1502.3
1166470 1494.0
1166480 1488.4
1166490 1488.4
1166500 1485.1
1166510 1482.7
1166520 1482.7
1166530 1479.7
1166540 1475.5
1166550 1475.5
1166560 1470.5
1166570 1465.7
1166580 1465.7
1166590 1461.4
1166600 1457.4
1166610 1457.4
1166620 1453.5
1166630 1449.9
1166640 1445.8
1166650 1445.8
1166660 1441.3
1166670 1437.0
1166680 1437.0
1166690 1432.8
1166700 1428.4
1166710 1428.4
1166720 1424.1
1166730 1419.7
1166740 1419.7
1166750 1416.1
1166760 1409.1
1166770 1409.1
1166780 1402.3
1166790 1395.2
1166800 1395.2
1166810 1381.7
1166820 1369.5
1166830 1369.5
1166840 1357.7
1166850 1348.0
1166860 1348.0
1166870 1336.2
1166880 1327.9
1166890 1327.9
1166900 1324.4
1166910 1319.8
1166920 1319.8
1166930 1316.3
1166940 1311.7
1166950 1311.7
1166960 1306.4
1166970 1301.9
1166980 1296.6
1166990 1296.6
1167000 1292.2
1167010 1287.4
1167020 1287.4
1167030 1280.7
1167040 1273.5
1167050 1273.5
1167060 1266.7
1167070 1260.7
1167080 1260.7
1167090 1256.0
1167100 1251.9
1167110 1251.9
1167120 1248.1
1167130 1246.0
1167140 1246.0
1167150 1243.1
1167160 1239.5
1167170 1239.5
1167180 1234.7
1167190 1230.1
1167200 1230.1
1167210 1226.6
1167220 1223.8
1167230 1223.8
1167240 1221.1
1167250 1218.7
1167260 1218.7
1167270 1217.0
1167280 1215.8
1167290 1214.4
1167300 1214.4
1167310 1212.6
1167320 1211.1
1167330 1211.1
1167340 1209.6
1167350 1208.9
1167360 1208.9
1167370 1209.2
1167380 1208.9
1167390 1208.9
1167400 1209.1
1167410 1210.0
1167420 1210.0
1167430 1210.5
1167440 1209.8
1167450 1209.8
1167460 1210.2
1167470 1210.8
1167480 1210.8
1167490 1210.3
1167500 1211.3
1167510 1211.3
1167520 1212.0
1167530 1213.1
1167540 1213.1
1167550 1214.0
1167560 1216.1
1167570 1216.1
1167580 1217.9
1167590 1220.8
1167600 1220.8
1167610 1224.4
1167620 1226.3
1167630 1229.1
1167640 1229.1
1167650 1232.2
1167660 1235.6
1167670 1235.6
1167680 1239.1
1167690 1242.5
1167700 1242.5
1167710 1245.8
1167720 1249.0
1167730 1249.0
1167740 1252.0
1167750 1255.5
1167760 1255.5
1167770 1258.9
1167780 1262.2
1167790 1262.2
1167800 1265.7
1167810 1269.3
1167820 1269.3
1167830 1273.1
1167840 1277.2
1167850 1277.2
1167860 1280.5
1167870 1283.2
1167880 1283.2
1167890 1286.4
1167900 1290.0
1167910 1290.0
1167920 1294.2
1167930 1298.5
1167940 1298.5
1167950 1303.2
1167960 1310.7
1167970 1316.8
1167980 1316.8
1167990 1322.9
1168000 1329.0
1168010 1329.0
1168020 1335.3
1168030 1341.1
1168040 1341.1
1168050 1347.0
1168060 1353.8
1168070 1353.8
1168080 1361.9
1168090 1371.8
1168100 1371.8
1168110 1380.8
1168120 1393.4
1168130 1393.4
1168140 1407.4
1168150 1417.4
1168160 1417.4
1168170 1424.3
1168180 1431.0
1168190 1431.0
1168200 1436.5
1168210 1437.3
1168220 1437.3
1168230 1436.6
1168240 1440.9
1168250 1440.9
1168260 1448.8
1168270 1458.7
1168280 1468.7
1168290 1468.7
1168300 1477.5
1168310 1480.7
1168320 1480.7
1168330 1484.0
1168340 1491.8
1168350 1491.8
1168360 1509.2
1168370 1516.6
1168380 1516.6
1168390 1509.9
1168400 1498.5
1168410 1498.5
1168420 1500.4
1168430 1513.7
1168440 1513.7
1168450 1528.2
1168460 1539.2
1168470 1539.2
1168480 1548.3
1168490 1556.8
1168500 1556.8
1168510 1564.4
1168520 1573.5
1168530 1573.5
1168540 1584.5
1168550 1595.2
1168560 1595.2
1168570 1607.3
1168580 1622.7
1168590 1622.7
1168600 1634.8
1168610 1643.9
1168620 1652.6
1168630 1652.6
1168640 1659.8
1168650 1667.1
1168660 1667.1
1168670 1675.0
1168680 1683.2
1168690 1683.2
1168700 1692.2
1168710 1706.7
1168720 1706.7
1168730 1717.1
1168740 1726.6
1168750 1726.6
1168760 1737.4
1168770 1742.3
1168780 1742.3
1168790 1751.0
1168800 1762.4
1168810 1762.4
1168820 1775.1
1168830 1785.1
1168840 1785.1
1168850 1795.1
1168860 1805.2
1168870 1805.2
1168880 1814.1
1168890 1820.9
1168900 1820.9
1168910 1827.6
1168920 1834.2
1168930 1834.2
1168940 1839.7
1168950 1843.2
1168960 1843.0
1168970 1843.0
1168980 1839.6
1168990 1832.3
1169000 1832.3
1169010 1824.9
1169020 1822.6
1169030 1822.6
1169040 1822.2
1169050 1822.9
1169060 1822.9
1169070 1823.1
1169080 1822.4
1169090 1822.4
1169100 1821.9
1169110 1821.9
1169120 1821.9
1169130 1821.8
1169140 1821.9
1169150 1821.9
1169160 1822.2
1169170 1829.3
1169180 1829.3
1169190 1826.3
1169200 1811.7
1169210 1811.7
1169220 1795.4
1169230 1790.4
1169240 1790.4
1169250 1787.5
1169260 1785.4
1169270 1785.4
1169280 1783.4
1169290 1781.0
1169300 1778.0
1169310 1778.0
1169320 1773.9
1169330 1769.0
1169340 1769.0
1169350 1763.6
1169360 1758.8
1169370 1758.8
1169380 1751.4
1169390 1743.8
1169400 1743.8
1169410 1734.6
1169420 1726.3
1169430 1726.3
1169440 1720.7
1169450 1715.1
1169460 1715.1
1169470 1711.9
1169480 1712.1
1169490 1712.1
1169500 1714.6
1169510 1710.7
1169520 1710.7
1169530 1699.3
1169540 1693.6
1169550 1693.6
1169560 1691.4
1169570 1689.5
1169580 1698.8
1169590 1697.7
1169600 1695.9
1169610 1693.1
1169620 1693.1
1169630 1688.9
1169640 1684.3
1169650 1684.3
1169660 1680.1
1169670 1676.4
1169680 1676.4
1169690 1673.6
1169700 1668.0
1169710 1668.0
1169720 1662.3
1169730 1654.4
1169740 1654.4
1169750 1648.2
1169760 1647.6
1169770 1647.6
1169780 1650.0
1169790 1653.4
1169800 1653.4
1169810 1653.7
1169820 1644.9
1169830 1644.9
1169840 1643.5
1169850 1641.0
1169860 1641.0
1169870 1638.8
1169880 1635.6
1169890 1635.6
1169900 1629.6
1169910 1623.5
1169920 1623.5
1169930 1615.0
1169940 1606.5
1169950 1594.5
1169960 1594.5
1169970 1594.5
1169980 1607.8
1169990 1607.8
1170000 1604.5
1170010 1600.7
1170020 1600.7
1170030 1598.0
1170040 1596.1
1170050 1596.1
1170060 1593.7
1170070 1591.1
1170080 1591.1
1170090 1588.3
1170100 1584.5
1170110 1584.5
1170120 1581.8
1170130 1580.4
1170140 1580.4
1170150 1579.9
1170160 1579.0
1170170 1579.0
1170180 1580.0
1170190 1583.1
1170200 1583.1
1170210 1589.6
1170220 1596.9
1170230 1596.9
1170240 1600.3
1170250 1594.3
1170260 1594.3
1170270 1594.0
1170280 1600.2
1170290 1606.9
1170300 1606.9
1170310 1607.8
1170320 1606.6
1170330 1606.6
1170340 1604.8
1170350 1603.2
1170360 1603.2
1170370 1604.2
1170380 1606.7
1170390 1612.2
1170400 1616.1
1170410 1621.9
1170420 1621.9
1170430 1637.0
1170440 1642.8
1170450 1642.8
1170460 1647.0
1170470 1651.7
1170480 1651.7
1170490 1654.4
1170500 1655.3
1170510 1655.3
1170520 1655.7
1170530 1655.0
1170540 1655.0
1170550 1654.2
1170560 1654.3
1170570 1654.3
1170580 1655.1
1170590 1656.4
1170600 1658.4
1170610 1658.4
1170620 1661.3
1170630 1664.7
1170640 1664.7
1170650 1668.8
1170660 1672.7
1170670 1672.7
1170680 1676.5
1170690 1680.7
1170700 1680.7
1170710 1684.7
1170720 1688.7
1170730 1688.7
1170740 1692.7
1170750 1697.1
1170760 1697.1
1170770 1702.5
1170780 1709.7
1170790 1709.7
1170800 1714.8
1170810 1721.1
1170820 1721.1
1170830 1726.6
1170840 1731.6
1170850 1731.6
1170860 1736.5
1170870 1741.3
1170880 1741.3
1170890 1746.8
1170900 1752.3
1170910 1752.3
1170920 1759.5
1170930 1766.5
1170940 1773.1
1170950 1773.1
1170960 1780.3
1170970 1787.0
1170980 1787.0
1170990 1793.6
1171000 1798.9
1171010 1798.9
1171020 1804.2
1171030 1810.8
1171040 1810.8
1171050 1818.5
1171060 1828.3
1171070 1828.3
1171080 1840.6
1171090 1857.7
1171100 1857.7
1171110 1876.5
1171120 1891.9
1171130 1891.9
1171140 1896.6
1171150 1890.9
1171160 1890.9
1171170 1886.3
1171180 1882.9
1171190 1882.9
1171200 1871.4
1171210 1870.4
1171220 1870.4
1171230 1873.8
1171240 1878.7
1171250 1878.7
1171260 1884.1
1171270 1889.7
1171280 1895.2
1171290 1895.2
1171300 1901.3
1171310 1907.6
1171320 1907.6
1171330 1914.1
1171340 1920.8
1171350 1920.8
1171360 1927.7
1171370 1934.7
1171380 1934.7
1171390 1941.9
1171400 1949.2
1171410 1949.2
1171420 1956.6
1171430 1964.1
1171440 1964.1
1171450 1972.2
1171460 1981.4
1171470 1981.4
1171480 1990.9
1171490 2007.3
1171500 2007.3
1171510 2039.7
1171520 2050.2
1171530 2050.2
1171540 2043.6
1171550 2032.3
1171560 2032.3
1171570 2012.1
1171580 1999.2
1171590 1996.6
1171600 1996.6
1171610 1997.7
1171620 1993.1
1171630 1993.1
1171640 1988.4
1171650 1984.3
1171660 1984.3
1171670 1980.7
1171680 1978.0
1171690 1978.0
1171700 1975.3
1171710 1972.5
1171720 1972.5
1171730 1969.0
1171740 1965.0
1171750 1965.0
1171760 1960.8
1171770 1956.8
1171780 1956.8
1171790 1952.7
1171800 1948.8
1171810 1948.8
1171820 1945.4
1171830 1942.0
1171840 1942.0
1171850 1938.8
1171860 1936.9
1171870 1936.9
1171880 1936.9
1171890 1935.3
1171900 1935.3
1171910 1935.0
1171920 1933.3
1171930 1932.0
1171940 1932.0
1171950 1931.1
1171960 1929.3
1171970 1929.3
1171980 1926.7
1171990 1924.3
1172000 1924.3
1172010 1921.1
1172020 1910.1
1172030 1910.1
1172040 1905.6
1172050 1901.0
1172060 1901.0
1172070 1895.7
1172080 1890.3
1172090 1890.3
1172100 1882.6
1172110 1873.9
1172120 1873.9
1172130 1866.7
1172140 1859.2
1172150 1859.2
1172160 1852.0
1172170 1846.2
1172180 1846.2
1172190 1841.5
1172200 1836.7
1172210 1836.7
1172220 1831.3
1172230 1825.5
1172240 1825.5
1172250 1820.2
1172260 1815.2
1172270 1810.2
1172280 1810.2
1172290 1805.7
1172300 1800.9
1172310 1800.9
1172320 1796.7
1172330 1794.3
1172340 1794.3
1172350 1794.3
1172360 1794.4
1172370 1794.4
1172380 1793.8
1172390 1794.0
1172400 1794.0
1172410 1796.2
1172420 1799.9
1172430 1808.3
1172440 1804.9
1172450 1800.6
1172460 1800.6
1172470 1796.3
1172480 1792.2
1172490 1792.2
1172500 1788.4
1172510 1784.9
1172520 1784.9
1172530 1781.8
1172540 1779.1
1172550 1779.1
1172560 1777.0
1172570 1775.1
1172580 1773.2
1172590 1773.2
1172600 1771.3
1172610 1769.1
1172620 1769.1
1172630 1767.3
1172640 1766.1
1172650 1766.1
1172660 1762.2
1172670 1760.8
1172680 1760.8
1172690 1762.2
1172700 1760.9
1172710 1760.9
1172720 1758.2
1172730 1755.5
1172740 1755.5
1172750 1753.1
1172760 1749.9
1172770 1749.9
1172780 1746.3
1172790 1742.0
1172800 1742.0
1172810 1737.6
1172820 1733.6
1172830 1733.6
1172840 1727.0
1172850 1723.1
1172860 1723.1
1172870 1719.7
1172880 1716.6
1172890 1716.6
1172900 1714.4
1172910 1712.0
1172920 1708.3
1172930 1708.3
1172940 1703.5
1172950 1697.7
1172960 1697.7
1172970 1691.4
1172980 1685.1
1172990 1685.1
1173000 1679.5
1173010 1675.1
1173020 1675.1
1173030 1671.2
1173040 1668.0
1173050 1668.0
1173060 1664.3
1173070 1659.3
1173080 1659.3
1173090 1653.5
1173100 1648.9
1173110 1648.9
1173120 1644.9
1173130 1639.6
1173140 1639.6
1173150 1630.0
1173160 1621.2
1173170 1621.2
1173180 1614.4
1173190 1608.9
1173200 1608.9
1173210 1606.4
1173220 1604.9
1173230 1604.9
1173240 1597.8
1173250 1587.7
1173260 1582.1
1173270 1582.1
1173280 1578.6
1173290 1573.9
1173300 1573.9
1173310 1567.4
1173320 1560.7
1173330 1560.7
1173340 1552.9
1173350 1545.2
1173360 1545.2
1173370 1537.0
1173380 1529.9
1173390 1529.9
1173400 1524.7
1173410 1517.6
1173420 1517.6
1173430 1509.0
1173440 1501.8
1173450 1501.8
1173460 1497.2
1173470 1492.1
1173480 1492.1
1173490 1486.2
1173500 1481.1
1173510 1481.1
1173520 1475.9
1173530 1471.1
1173540 1471.1
1173550 1466.8
1173560 1462.6
1173570 1458.9
1173580 1458.9
1173590 1455.2
1173600 1451.8
1173610 1451.8
1173620 1449.2
1173630 1441.7
1173640 1441.7
1173650 1428.0
1173660 1419.7
1173670 1419.7
1173680 1415.0
1173690 1413.2
1173700 1413.2
1173710 1413.0
1173720 1413.3
1173730 1413.3
1173740 1416.5
1173750 1420.9
1173760 1420.9
1173770 1417.5
1173780 1414.9
1173790 1414.9
1173800 1412.9
1173810 1410.2
1173820 1410.2
1173830 1407.2
1173840 1403.3
1173850 1403.3
1173860 1400.6
1173870 1398.1
1173880 1398.1
1173890 1395.9
1173900 1393.0
1173910 1390.3
1173920 1390.3
1173930 1387.5
1173940 1383.9
1173950 1383.9
1173960 1380.6
1173970 1377.1
1173980 1377.1
1173990 1374.3
1174000 1371.2
1174010 1371.2
1174020 1370.6
1174030 1369.5
1174040 1369.5
1174050 1367.6
1174060 1365.5
1174070 1362.9
1174080 1361.0
1174090 1359.2
1174100 1359.2
1174110 1357.6
1174120 1355.9
1174130 1355.9
1174140 1354.7
1174150 1353.4
1174160 1353.4
1174170 1351.9
1174180 1350.6
1174190 1350.6
1174200 1349.6
1174210 1348.5
1174220 1348.5
1174230 1346.9
1174240 1343.7
1174250 1339.2
1174260 1339.2
1174270 1338.4
1174280 1339.4
1174290 1339.4
1174300 1338.9
1174310 1339.0
1174320 1339.0
1174330 1341.5
1174340 1340.4
1174350 1340.4
1174360 1338.4
1174370 1338.9
1174380 1338.9
1174390 1342.4
1174400 1344.3
1174410 1344.3
1174420 1346.2
1174430 1345.8
1174440 1345.8
1174450 1345.1
1174460 1344.8
1174470 1344.8
1174480 1347.8
1174490 1346.8
1174500 1346.8
1174510 1345.0
1174520 1344.7
1174530 1344.7
1174540 1345.3
1174550 1347.3
1174560 1346.5
1174570 1346.5
1174580 1347.7
1174590 1345.5
1174600 1345.5
1174610 1346.0
1174620 1347.2
1174630 1347.2
1174640 1348.7
1174650 1349.4
1174660 1349.4
1174670 1350.1
1174680 1350.4
1174690 1350.4
1174700 1349.7
1174710 1342.1
1174720 1342.1
1174730 1336.7
1174740 1336.4
1174750 1336.4
1174760 1340.0
1174770 1342.2
1174780 1342.2
1174790 1336.9
1174800 1339.1
1174810 1339.1
1174820 1345.0
1174830 1346.9
1174840 1346.9
1174850 1348.1
1174860 1348.1
1174870 1348.1
1174880 1349.5
1174890 1362.0
1174900 1362.1
1174910 1362.1
1174920 1362.1
1174930 1362.1
1174940 1362.1
1174950 1361.5
1174960 1359.8
1174970 1359.8
1174980 1359.3
1174990 1361.3
1175000 1361.3
1175010 1361.1
1175020 1359.2
1175030 1359.2
1175040 1355.6
1175050 1357.3
1175060 1357.3
1175070 1357.8
1175080 1358.0
1175090 1358.0
1175100 1358.7
1175110 1359.1
1175120 1359.1
1175130 1358.1
1175140 1352.5
1175150 1352.5
1175160 1348.6
1175170 1351.2
1175180 1351.2
1175190 1354.0
1175200 1356.2
1175210 1356.2
1175220 1357.6
1175230 1356.8
1175240 1356.1
1175250 1356.1
1175260 1353.7
1175270 1352.4
1175280 1352.4
1175290 1354.4
1175300 1353.6
1175310 1361.1
1175320 1363.3
1175330 1362.7
1175340 1362.7
1175350 1362.1
1175360 1361.0
1175370 1361.0
1175380 1362.2
1175390 1362.2
1175400 1362.2
1175410 1362.8
1175420 1361.8
1175430 1361.8
1175440 1361.2
1175450 1361.1
1175460 1361.1
1175470 1360.1
1175480 1360.0
1175490 1360.0
1175500 1358.6
1175510 1355.7
1175520 1355.7
1175530 1353.0
1175540 1353.7
1175550 1352.0
1175560 1352.0
1175570 1350.2
1175580 1349.6
1175590 1349.6
1175600 1348.5
1175610 1352.5
1175620 1352.5
1175630 1350.7
1175640 1350.5
1175650 1350.5
1175660 1349.2
1175670 1344.2
1175680 1344.2
1175690 1339.5
1175700 1342.5
1175710 1342.5
1175720 1352.2
1175730 1354.8
1175740 1354.8
1175750 1353.5
1175760 1352.0
1175770 1352.0
1175780 1350.7
1175790 1349.6
1175800 1349.6
1175810 1347.9
1175820 1343.9
1175830 1343.9
1175840 1338.9
1175850 1337.7
1175860 1337.7
1175870 1344.7
1175880 1349.4
1175890 1348.2
1175900 1348.2
1175910 1345.5
1175920 1343.2
1175930 1343.2
1175940 1341.7
1175950 1340.7
1175960 1340.7
1175970 1339.0
1175980 1337.0
1175990 1337.0
1176000 1333.4
1176010 1332.3
1176020 1332.3
1176030 1333.4
1176040 1334.8
1176050 1334.8
1176060 1333.9
1176070 1335.3
1176080 1335.3
1176090 1334.4
1176100 1330.5
1176110 1330.5
1176120 1329.5
1176130 1335.6
1176140 1335.6
1176150 1334.4
1176160 1333.9
1176170 1333.9
1176180 1333.0
1176190 1329.7
1176200 1329.7
1176210 1324.6
1176220 1318.1
1176230 1311.3
1176240 1311.3
1176250 1305.7
1176260 1300.2
1176270 1300.2
1176280 1295.0
1176290 1290.9
1176300 1290.9
1176310 1287.2
1176320 1283.4
1176330 1283.4
1176340 1279.2
1176350 1274.7
1176360 1274.7
1176370 1269.4
1176380 1265.5
1176390 1265.5
1176400 1262.7
1176410 1255.5
1176420 1255.5
1176430 1247.9
1176440 1250.3
1176450 1250.3
1176460 1255.3
1176470 1256.7
1176480 1256.7
1176490 1256.4
1176500 1260.0
1176510 1260.0
1176520 1261.7
1176530 1264.9
1176540 1269.4
1176550 1276.5
1176560 1280.5
1176570 1283.9
1176580 1283.9
1176590 1287.4
1176600 1287.8
1176610 1287.8
1176620 1291.3
1176630 1299.6
1176640 1299.6
1176650 1305.4
1176660 1310.2
1176670 1310.2
1176680 1312.8
1176690 1316.0
1176700 1316.0
1176710 1320.6
1176720 1323.0
1176730 1323.0
1176740 1323.9
1176750 1326.4
1176760 1326.4
1176770 1331.3
1176780 1332.7
1176790 1332.7
1176800 1333.9
1176810 1336.5
1176820 1336.5
1176830 1338.5
1176840 1340.2
1176850 1340.2
1176860 1343.5
1176870 1347.1
1176880 1348.9
1176890 1348.9
1176900 1350.2
1176910 1348.5
1176920 1348.5
1176930 1344.7
1176940 1351.4
1176950 1351.4
1176960 1361.1
1176970 1362.3
1176980 1362.3
1176990 1364.5
1177000 1365.0
1177010 1365.0
1177020 1364.9
1177030 1365.0
1177040 1365.0
1177050 1365.1
1177060 1364.5
1177070 1364.5
1177080 1366.6
1177090 1367.7
1177100 1367.7
1177110 1367.4
1177120 1367.0
1177130 1367.0
1177140 1367.3
1177150 1366.8
1177160 1366.8
1177170 1367.4
1177180 1368.5
1177190 1368.5
1177200 1368.9
1177210 1369.7
1177220 1369.4
1177230 1369.4
1177240 1369.5
1177250 1370.8
1177260 1370.8
1177270 1370.6
1177280 1370.0
1177290 1370.0
1177300 1370.7
1177310 1370.7
1177320 1370.7
1177330 1370.0
1177340 1370.1
1177350 1370.1
1177360 1371.8
1177370 1373.7
1177380 1380.3
1177390 1381.3
1177400 1380.6
1177410 1380.6
1177420 1378.5
1177430 1376.7
1177440 1376.7
1177450 1375.1
1177460 1373.5
1177470 1373.5
1177480 1372.2
1177490 1371.0
1177500 1371.0
1177510 1370.2
1177520 1367.5
1177530 1363.7
1177540 1363.7
1177550 1361.0
1177560 1358.6
1177570 1358.6
1177580 1356.4
1177590 1355.3
1177600 1355.3
1177610 1356.5
1177620 1358.0
1177630 1358.0
1177640 1358.8
1177650 1355.2
1177660 1355.2
1177670 1352.2
1177680 1351.0
1177690 1351.0
1177700 1353.0
1177710 1350.1
1177720 1350.1
1177730 1347.9
1177740 1350.1
1177750 1350.1
1177760 1349.7
1177770 1344.4
1177780 1344.4
1177790 1344.8
1177800 1338.8
1177810 1338.8
1177820 1336.2
1177830 1335.7
1177840 1335.7
1177850 1335.9
1177860 1339.7
1177870 1344.9
1177880 1344.9
1177890 1350.4
1177900 1353.4
1177910 1353.4
1177920 1357.2
1177930 1361.5
1177940 1361.5
1177950 1366.0
1177960 1367.9
1177970 1367.9
1177980 1365.4
1177990 1363.0
1178000 1363.0
1178010 1364.1
1178020 1363.8
1178030 1363.8
1178040 1365.2
1178050 1369.2
1178060 1369.2
1178070 1372.0
1178080 1371.8
1178090 1371.8
1178100 1372.4
1178110 1372.7
1178120 1372.7
1178130 1372.5
1178140 1371.4
1178150 1371.4
1178160 1369.9
1178170 1368.5
1178180 1368.5
1178190 1368.1
1178200 1369.2
1178210 1370.9
1178220 1370.9
1178230 1369.7
1178240 1368.9
1178250 1368.9
1178260 1368.2
1178270 1367.6
1178280 1367.6
1178290 1367.2
1178300 1364.2
1178310 1364.2
1178320 1360.9
1178330 1359.2
1178340 1359.2
1178350 1355.8
1178360 1351.6
1178370 1351.6
1178380 1347.0
1178390 1343.2
1178400 1343.2
1178410 1341.2
1178420 1342.1
1178430 1342.1
1178440 1343.0
1178450 1342.2
1178460 1342.2
1178470 1341.6
1178480 1342.6
1178490 1342.6
1178500 1344.8
1178510 1345.8
1178520 1347.1
1178530 1347.1
1178540 1347.8
1178550 1348.3
1178560 1348.3
1178570 1347.9
1178580 1344.6
1178590 1344.6
1178600 1342.2
1178610 1338.7
1178620 1338.7
1178630 1334.1
1178640 1329.7
1178650 1329.7
1178660 1326.1
1178670 1323.3
1178680 1323.3
1178690 1324.7
1178700 1325.6
1178710 1325.6
1178720 1326.4
1178730 1326.6
1178740 1326.6
1178750 1328.5
1178760 1327.3
1178770 1327.3
1178780 1325.1
1178790 1323.4
1178800 1323.4
1178810 1321.8
1178820 1319.2
1178830 1319.2
1178840 1315.5
1178850 1311.7
1178860 1310.9
1178870 1310.9
1178880 1312.8
1178890 1315.1
1178900 1315.1
1178910 1315.6
1178920 1313.5
1178930 1313.5
1178940 1309.4
1178950 1308.8
1178960 1308.8
1178970 1308.8
1178980 1308.9
1178990 1308.9
1179000 1308.1
1179010 1307.2
1179020 1307.2
1179030 1308.0
1179040 1310.3
1179050 1312.7
1179060 1312.4
1179070 1311.0
1179080 1311.0
1179090 1309.8
1179100 1309.1
1179110 1309.1
1179120 1309.5
1179130 1310.0
1179140 1310.0
1179150 1310.9
1179160 1309.3
1179170 1305.3
1179180 1305.3
1179190 1303.3
1179200 1301.9
1179210 1301.9
1179220 1300.5
1179230 1298.7
1179240 1298.7
1179250 1296.8
1179260 1296.8
1179270 1296.8
1179280 1296.8
1179290 1295.8
1179300 1295.8
1179310 1294.0
1179320 1293.2
1179330 1293.2
1179340 1289.9
1179350 1289.4
1179360 1289.4
1179370 1287.1
1179380 1285.5
1179390 1285.5
1179400 1285.5
1179410 1287.0
1179420 1287.0
1179430 1288.2
1179440 1289.6
1179450 1289.6
1179460 1294.7
1179470 1297.9
1179480 1297.9
1179490 1304.2
1179500 1310.6
1179510 1316.4
1179520 1316.4
1179530 1322.9
1179540 1328.0
1179550 1328.0
1179560 1328.2
1179570 1326.2
1179580 1326.2
1179590 1329.6
1179600 1331.8
1179610 1331.8
1179620 1332.6
1179630 1331.6
1179640 1331.6
1179650 1327.8
1179660 1324.8
1179670 1324.8
1179680 1325.1
1179690 1327.9
1179700 1327.9
1179710 1329.9
1179720 1330.9
1179730 1330.9
1179740 1331.5
1179750 1331.5
1179760 1331.5
1179770 1330.1
1179780 1331.3
1179790 1331.3
1179800 1333.8
1179810 1335.9
1179820 1335.9
1179830 1338.7
1179840 1341.3
1179850 1342.9
1179860 1342.9
1179870 1343.9
1179880 1348.7
1179890 1348.7
1179900 1352.5
1179910 1356.6
1179920 1356.6
1179930 1360.9
1179940 1362.7
1179950 1362.7
1179960 1362.8
1179970 1361.9
1179980 1361.9
1179990 1361.5
