1164660 1812.3
1164670 1812.3
1164680 1823.1
1164690 1838.7
1164700 1838.7
1164710 1847.3
1164720 1857.4
1164730 1857.4
1164740 1871.1
1164750 1884.1
1164760 1884.1
1164770 1896.9
1164780 1901.9
1164790 1901.9
1164800 1904.9
1164810 1907.5
1164820 1907.5
1164830 1910.9
1164840 1916.3
1164850 1916.3
1164860 1922.0
1164870 1929.4
1164880 1934.3
1164890 1940.3
1164900 1945.1
1164910 1945.1
1164920 1951.7
1164930 1959.5
1164940 1969.9
1164950 1969.9
1164960 1984.0
1164970 1993.9
1164980 1993.9
1164990 2003.5
1165000 2011.0
1165010 2011.0
1165020 2015.6
1165030 2022.1
1165040 2022.1
1165050 2026.8
1165060 2032.3
1165070 2032.3
1165080 2038.5
1165090 2045.9
1165100 2045.9
1165110 2055.2
1165120 2064.2
1165130 2064.2
1165140 2072.8
1165150 2081.8
1165160 2081.8
1165170 2091.6
1165180 2097.7
1165190 2097.7
1165200 2074.7
1165210 2055.4
1165220 2055.4
1165230 2043.4
1165240 2034.9
1165250 2034.9
1165260 2035.6
1165270 2034.3
1165280 2025.4
1165290 2025.4
1165300 2019.0
1165310 2010.4
1165320 2010.4
1165330 2002.1
1165340 1994.1
1165350 1994.1
1165360 1985.0
1165370 1975.4
1165380 1975.4
1165390 1967.9
1165400 1962.3
1165410 1962.3
1165420 1956.7
1165430 1951.2
1165440 1951.2
1165450 1945.8
1165460 1940.2
1165470 1940.2
1165480 1934.6
1165490 1929.1
1165500 1929.1
1165510 1924.0
1165520 1919.0
1165530 1919.0
1165540 1914.3
1165550 1910.3
1165560 1910.3
1165570 1906.0
1165580 1902.2
1165590 1898.1
1165600 1898.1
1165610 1894.1
1165620 1890.2
1165630 1890.2
1165640 1885.3
1165650 1879.9
1165660 1879.9
1165670 1875.1
1165680 1865.5
1165690 1865.5
1165700 1861.9
1165710 1858.2
1165720 1858.2
1165730 1853.3
1165740 1848.8
1165750 1848.8
1165760 1844.4
1165770 1840.0
1165780 1840.0
1165790 1835.9
1165800 1831.7
1165810 1831.7
1165820 1827.5
1165830 1823.5
1165840 1823.5
1165850 1820.9
1165860 1816.8
1165870 1816.8
1165880 1812.2
1165890 1807.7
1165900 1807.7
1165910 1802.7
1165920 1798.2
1165930 1793.9
1165940 1793.9
1165950 1789.4
1165960 1785.1
1165970 1785.1
1165980 1780.6
1165990 1776.6
1166000 1776.6
1166010 1772.2
1166020 1767.5
1166030 1767.5
1166040 1762.7
1166050 1757.6
1166060 1757.6
1166070 1752.4
1166080 1745.2
1166090 1745.2
1166100 1738.3
1166110 1730.5
1166120 1730.5
1166130 1721.4
1166140 1710.9
1166150 1710.9
1166160 1703.5
1166170 1697.3
1166180 1697.3
1166190 1688.9
1166200 1680.4
1166210 1680.4
1166220 1674.4
1166230 1671.1
1166240 1671.1
1166250 1668.9
1166260 1665.1
1166270 1660.3
1166280 1660.3
1166290 1655.1
1166300 1646.6
1166310 1646.6
1166320 1640.0
1166330 1636.2
1166340 1636.2
1166350 1633.3
1166360 1629.8
1166370 1629.8
1166380 1627.1
1166390 1626.5
1166400 1626.5
1166410 1626.3
1166420 1627.3
1166430 1627.3
1166440 1627.2
1166450 1623.4
1166460 1623.4
1166470 1617.5
1166480 1607.6
1166490 1607.6
1166500 1601.6
1166510 1594.8
1166520 1594.8
1166530 1589.6
1166540 1583.5
1166550 1583.5
1166560 1577.7
1166570 1568.9
1166580 1568.9
1166590 1557.5
1166600 1548.4
1166610 1537.5
1166620 1537.5
1166630 1521.8
1166640 1516.2
1166650 1516.2
1166660 1514.5
1166670 1507.9
1166680 1507.9
1166690 1498.6
1166700 1488.5
1166710 1488.5
1166720 1485.5
1166730 1482.2
1166740 1482.2
1166750 1477.1
1166760 1469.1
1166770 1469.1
1166780 1464.8
1166790 1464.9
1166800 1464.9
1166810 1464.2
1166820 1458.8
1166830 1458.8
1166840 1453.7
1166850 1450.5
1166860 1450.5
1166870 1445.1
1166880 1439.8
1166890 1432.3
1166900 1427.3
1166910 1421.5
1166920 1415.1
1166930 1415.1
1166940 1409.8
1166950 1402.8
1166960 1402.8
1166970 1396.3
1166980 1392.7
1166990 1392.7
1167000 1388.5
1167010 1383.8
1167020 1383.8
1167030 1378.1
1167040 1371.9
1167050 1371.9
1167060 1366.0
1167070 1361.2
1167080 1361.2
1167090 1355.2
1167100 1348.3
1167110 1348.3
1167120 1342.1
1167130 1336.6
1167140 1336.6
1167150 1331.5
1167160 1322.3
1167170 1322.3
1167180 1307.8
1167190 1294.3
1167200 1294.3
1167210 1291.9
1167220 1291.6
1167230 1291.6
1167240 1285.4
1167250 1276.7
1167260 1262.5
1167270 1262.5
1167280 1248.2
1167290 1240.8
1167300 1240.8
1167310 1235.8
1167320 1229.9
1167330 1229.9
1167340 1224.7
1167350 1219.4
1167360 1219.4
1167370 1214.1
1167380 1208.8
1167390 1208.8
1167400 1205.2
1167410 1202.7
1167420 1202.7
1167430 1199.1
1167440 1196.9
1167450 1196.9
1167460 1197.5
1167470 1198.0
1167480 1198.0
1167490 1198.7
1167500 1198.1
1167510 1198.1
1167520 1198.8
1167530 1198.6
1167540 1198.6
1167550 1197.1
1167560 1196.5
1167570 1196.5
1167580 1198.1
1167590 1199.7
1167600 1201.0
1167610 1201.0
1167620 1201.7
1167630 1202.0
1167640 1202.0
1167650 1203.2
1167660 1204.7
1167670 1204.7
1167680 1206.3
1167690 1210.1
1167700 1210.1
1167710 1212.5
1167720 1215.2
1167730 1215.2
1167740 1217.6
1167750 1220.0
1167760 1220.0
1167770 1222.1
1167780 1223.8
1167790 1223.8
1167800 1226.0
1167810 1228.6
1167820 1228.6
1167830 1230.1
1167840 1231.7
1167850 1231.7
1167860 1234.6
1167870 1237.0
1167880 1237.0
1167890 1239.5
1167900 1241.6
1167910 1241.6
1167920 1242.1
1167930 1242.0
1167940 1242.9
1167950 1242.9
1167960 1243.2
1167970 1244.0
1167980 1244.0
1167990 1244.7
1168000 1245.9
1168010 1245.9
1168020 1249.9
1168030 1255.4
1168040 1255.4
1168050 1261.4
1168060 1268.5
1168070 1268.5
1168080 1274.9
1168090 1293.5
1168100 1293.5
1168110 1309.2
1168120 1326.1
1168130 1326.1
1168140 1342.1
1168150 1352.3
1168160 1352.3
1168170 1358.1
1168180 1363.4
1168190 1363.4
1168200 1371.1
1168210 1380.5
1168220 1380.5
1168230 1386.5
1168240 1392.9
1168250 1398.9
1168260 1398.9
1168270 1404.5
1168280 1411.0
1168290 1411.0
1168300 1417.9
1168310 1425.3
1168320 1425.3
1168330 1429.9
1168340 1435.5
1168350 1435.5
1168360 1441.7
1168370 1446.6
1168380 1446.6
1168390 1450.8
1168400 1455.5
1168410 1455.5
1168420 1459.8
1168430 1463.2
1168440 1463.2
1168450 1467.3
1168460 1471.1
1168470 1471.1
1168480 1475.0
1168490 1479.2
1168500 1483.7
1168510 1487.7
1168520 1491.4
1168530 1491.4
1168540 1495.4
1168550 1499.3
1168560 1499.3
1168570 1503.6
1168580 1508.1
1168590 1512.7
1168600 1512.7
1168610 1517.6
1168620 1521.7
1168630 1521.7
1168640 1524.8
1168650 1528.8
1168660 1528.8
1168670 1532.7
1168680 1536.3
1168690 1536.3
1168700 1540.0
1168710 1543.7
1168720 1543.7
1168730 1547.4
1168740 1550.6
1168750 1550.6
1168760 1553.9
1168770 1556.9
1168780 1556.9
1168790 1558.8
1168800 1560.4
1168810 1560.4
1168820 1562.7
1168830 1564.9
1168840 1564.9
1168850 1566.2
1168860 1567.9
1168870 1567.9
1168880 1569.7
1168890 1571.4
1168900 1578.5
1168910 1579.7
1168920 1580.5
1168930 1581.2
1168940 1581.2
1168950 1581.9
1168960 1582.7
1168970 1582.7
1168980 1582.7
1168990 1583.8
1169000 1583.8
1169010 1584.9
1169020 1586.8
1169030 1586.8
1169040 1587.9
1169050 1588.4
1169060 1588.4
1169070 1589.4
1169080 1590.4
1169090 1590.4
1169100 1590.8
1169110 1591.0
1169120 1591.0
1169130 1592.8
1169140 1597.2
1169150 1597.2
1169160 1600.3
1169170 1604.4
1169180 1604.4
1169190 1606.7
1169200 1607.5
1169210 1607.5
1169220 1605.8
1169230 1599.4
1169240 1594.5
1169250 1594.5
1169260 1590.0
1169270 1586.2
1169280 1586.2
1169290 1582.4
1169300 1578.2
1169310 1583.8
1169320 1579.0
1169330 1575.3
1169340 1575.3
1169350 1570.4
1169360 1566.0
1169370 1566.0
1169380 1561.4
1169390 1553.7
1169400 1553.7
1169410 1548.0
1169420 1541.2
1169430 1541.2
1169440 1530.2
1169450 1523.6
1169460 1523.6
1169470 1523.7
1169480 1521.5
1169490 1521.5
1169500 1517.7
1169510 1512.8
1169520 1512.8
1169530 1506.4
1169540 1499.9
1169550 1499.9
1169560 1493.6
1169570 1487.5
1169580 1481.6
1169590 1481.6
1169600 1475.1
1169610 1469.0
1169620 1469.0
1169630 1463.5
1169640 1458.8
1169650 1458.8
1169660 1454.5
1169670 1450.2
1169680 1450.2
1169690 1445.1
1169700 1439.8
1169710 1443.9
1169720 1439.3
1169730 1434.2
1169740 1434.2
1169750 1429.2
1169760 1424.4
1169770 1424.4
1169780 1419.1
1169790 1414.0
1169800 1414.0
1169810 1409.1
1169820 1404.5
1169830 1404.5
1169840 1400.0
1169850 1396.0
1169860 1396.0
1169870 1392.7
1169880 1389.8
1169890 1389.8
1169900 1387.0
1169910 1385.0
1169920 1383.8
1169930 1383.8
1169940 1382.7
1169950 1381.3
1169960 1381.3
1169970 1379.7
1169980 1377.7
1169990 1377.7
1170000 1376.2
1170010 1373.9
1170020 1373.9
1170030 1371.3
1170040 1369.2
1170050 1369.2
1170060 1368.3
1170070 1371.9
1170080 1371.9
1170090 1376.0
1170100 1379.4
1170110 1379.4
1170120 1385.7
1170130 1388.0
1170140 1388.0
1170150 1390.7
1170160 1393.6
1170170 1393.6
1170180 1397.4
1170190 1402.3
1170200 1402.3
1170210 1407.4
1170220 1412.6
1170230 1412.6
1170240 1418.0
1170250 1423.8
1170260 1429.5
1170270 1429.5
1170280 1434.4
1170290 1439.6
1170300 1439.6
1170310 1445.3
1170320 1450.4
1170330 1450.4
1170340 1455.4
1170350 1461.0
1170360 1461.0
1170370 1466.9
1170380 1473.2
1170390 1473.2
1170400 1479.5
1170410 1485.9
1170420 1485.9
1170430 1496.4
1170440 1509.3
1170450 1509.3
1170460 1516.0
1170470 1519.8
1170480 1519.8
1170490 1522.8
1170500 1528.0
1170510 1528.0
1170520 1535.9
1170530 1543.2
1170540 1543.2
1170550 1551.3
1170560 1559.8
1170570 1568.1
1170580 1568.1
1170590 1575.8
1170600 1589.7
1170610 1589.7
1170620 1600.6
1170630 1615.1
1170640 1615.1
1170650 1631.1
1170660 1646.3
1170670 1646.3
1170680 1671.1
1170690 1706.0
1170700 1706.0
1170710 1726.4
1170720 1744.3
1170730 1744.3
1170740 1761.0
1170750 1772.1
1170760 1772.1
1170770 1780.9
1170780 1788.9
1170790 1788.9
1170800 1796.7
1170810 1804.5
1170820 1804.5
1170830 1812.3
1170840 1820.1
1170850 1820.1
1170860 1827.8
1170870 1835.4
1170880 1835.4
1170890 1843.1
1170900 1850.5
1170910 1857.9
1170920 1857.9
1170930 1863.2
1170940 1871.4
1170950 1871.4
1170960 1879.1
1170970 1887.4
1170980 1887.4
1170990 1895.6
1171000 1903.2
1171010 1903.2
1171020 1910.3
1171030 1917.5
1171040 1917.5
1171050 1924.5
1171060 1931.3
1171070 1931.3
1171080 1937.8
1171090 1944.2
1171100 1944.2
1171110 1951.0
1171120 1957.9
1171130 1957.9
1171140 1964.3
1171150 1970.6
1171160 1970.6
1171170 1976.8
1171180 1982.5
1171190 1982.5
1171200 1987.6
1171210 1991.8
1171220 1991.8
1171230 1994.8
1171240 1996.7
1171250 1997.8
1171260 1997.8
1171270 1998.9
1171280 1999.9
1171290 1999.9
1171300 2000.8
1171310 2002.3
1171320 2002.3
1171330 2004.0
1171340 2005.2
1171350 2005.2
1171360 2008.3
1171370 2011.3
1171380 2011.3
1171390 2014.0
1171400 2015.8
1171410 2015.8
1171420 2016.1
1171430 2014.0
1171440 2014.0
1171450 2009.4
1171460 2004.8
1171470 2004.8
1171480 2000.4
1171490 1995.9
1171500 1995.9
1171510 1990.8
1171520 1985.1
1171530 1985.1
1171540 1979.3
1171550 1973.5
1171560 1967.8
1171570 1967.8
1171580 1962.4
1171590 1957.1
1171600 1957.1
1171610 1951.8
1171620 1946.2
1171630 1946.2
1171640 1940.2
1171650 1934.1
1171660 1934.1
1171670 1928.2
1171680 1922.6
1171690 1922.6
1171700 1917.7
1171710 1913.6
1171720 1913.6
1171730 1909.9
1171740 1906.6
1171750 1906.7
1171760 1903.6
1171770 1900.1
1171780 1900.1
1171790 1896.3
1171800 1892.5
1171810 1892.5
1171820 1889.4
1171830 1886.7
1171840 1886.7
1171850 1883.9
1171860 1879.8
1171870 1879.8
1171880 1875.1
1171890 1871.0
1171900 1867.2
1171910 1867.2
1171920 1863.0
1171930 1858.4
1171940 1858.4
1171950 1853.4
1171960 1847.6
1171970 1847.6
1171980 1843.4
1171990 1838.6
1172000 1838.6
1172010 1832.6
1172020 1827.2
1172030 1827.2
1172040 1822.2
1172050 1817.5
1172060 1817.5
1172070 1812.6
1172080 1807.2
1172090 1807.2
1172100 1801.5
1172110 1796.1
1172120 1796.1
1172130 1791.5
1172140 1787.1
1172150 1787.1
1172160 1785.5
1172170 1781.4
1172180 1781.4
1172190 1778.0
1172200 1774.9
1172210 1774.9
1172220 1771.2
1172230 1767.4
1172240 1764.0
1172250 1764.0
1172260 1761.1
1172270 1757.8
1172280 1757.8
1172290 1754.6
1172300 1751.6
1172310 1751.6
1172320 1748.6
1172330 1744.7
1172340 1744.7
1172350 1739.8
1172360 1740.1
1172370 1740.1
1172380 1741.0
1172390 1741.8
1172400 1741.8
1172410 1741.5
1172420 1741.7
1172430 1741.7
1172440 1743.3
1172450 1743.6
1172460 1743.6
1172470 1743.4
1172480 1743.1
1172490 1743.1
1172500 1742.5
1172510 1743.0
1172520 1743.0
1172530 1742.8
1172540 1741.7
1172550 1741.7
1172560 1740.6
1172570 1736.8
1172580 1734.7
1172590 1734.7
1172600 1733.9
1172610 1734.0
1172620 1734.0
1172630 1734.0
1172640 1734.1
1172650 1734.1
1172660 1735.7
1172670 1734.6
1172680 1734.6
1172690 1735.0
1172700 1736.2
1172710 1736.2
1172720 1737.8
1172730 1742.2
1172740 1742.2
1172750 1743.2
1172760 1743.6
1172770 1743.6
1172780 1744.0
1172790 1744.0
1172800 1744.0
1172810 1744.1
1172820 1743.1
1172830 1743.1
1172840 1741.2
1172850 1738.8
1172860 1738.8
1172870 1736.7
1172880 1732.4
1172890 1727.1
1172900 1727.1
1172910 1721.2
1172920 1715.6
1172930 1715.6
1172940 1711.6
1172950 1707.4
1172960 1707.4
1172970 1702.9
1172980 1695.3
1172990 1695.3
1173000 1693.8
1173010 1689.1
1173020 1689.1
1173030 1683.8
1173040 1678.7
1173050 1678.7
1173060 1674.0
1173070 1669.5
1173080 1669.5
1173090 1665.5
1173100 1662.5
1173110 1662.5
1173120 1660.3
1173130 1658.2
1173140 1658.2
1173150 1657.2
1173160 1654.9
1173170 1654.9
1173180 1651.6
1173190 1646.9
1173200 1646.9
1173210 1646.0
1173220 1645.8
1173230 1640.9
1173240 1640.9
1173250 1636.6
1173260 1634.7
1173270 1634.7
1173280 1634.6
1173290 1633.6
1173300 1633.6
1173310 1632.2
1173320 1635.2
1173330 1635.2
1173340 1634.8
1173350 1636.2
1173360 1636.2
1173370 1638.6
1173380 1638.7
1173390 1631.1
1173400 1639.4
1173410 1642.4
1173420 1642.4
1173430 1642.4
1173440 1642.2
1173450 1642.2
1173460 1641.9
1173470 1641.2
1173480 1641.2
1173490 1639.9
1173500 1637.7
1173510 1637.7
1173520 1635.2
1173530 1632.8
1173540 1632.8
1173550 1630.7
1173560 1628.3
1173570 1625.6
1173580 1625.6
1173590 1623.0
1173600 1620.0
1173610 1620.0
1173620 1616.3
1173630 1613.2
1173640 1613.2
1173650 1610.2
1173660 1607.3
1173670 1607.3
1173680 1604.1
1173690 1601.0
1173700 1601.0
1173710 1597.6
1173720 1592.7
1173730 1592.7
1173740 1588.3
1173750 1584.9
1173760 1584.9
1173770 1580.2
1173780 1575.0
1173790 1575.0
1173800 1566.4
1173810 1563.5
1173820 1563.5
1173830 1558.8
1173840 1554.2
1173850 1554.2
1173860 1552.2
1173870 1549.4
1173880 1546.0
1173890 1546.0
1173900 1542.2
1173910 1538.7
1173920 1538.7
1173930 1535.1
1173940 1531.5
1173950 1531.5
1173960 1528.1
1173970 1524.2
1173980 1524.2
1173990 1519.4
1174000 1515.6
1174010 1515.6
1174020 1512.8
1174030 1509.1
1174040 1509.1
1174050 1494.1
1174060 1478.4
1174070 1478.4
1174080 1478.7
1174090 1479.2
1174100 1479.2
1174110 1478.4
1174120 1481.4
1174130 1481.4
1174140 1479.4
1174150 1476.4
1174160 1476.4
1174170 1471.5
1174180 1467.2
1174190 1467.2
1174200 1462.6
1174210 1450.1
1174220 1445.3
1174230 1445.3
1174240 1442.7
1174250 1439.1
1174260 1439.1
1174270 1436.2
1174280 1433.5
1174290 1433.5
1174300 1430.4
1174310 1426.5
1174320 1426.5
1174330 1423.3
1174340 1421.5
1174350 1421.5
1174360 1418.9
1174370 1416.7
1174380 1416.7
1174390 1413.6
1174400 1412.2
1174410 1412.2
1174420 1409.2
1174430 1405.7
1174440 1405.7
1174450 1403.1
1174460 1401.1
1174470 1401.1
1174480 1399.0
1174490 1395.9
1174500 1395.9
1174510 1392.7
1174520 1390.1
1174530 1390.1
1174540 1389.3
1174550 1390.7
1174560 1391.4
1174570 1391.4
1174580 1387.0
1174590 1379.2
1174600 1379.2
1174610 1380.2
1174620 1377.2
1174630 1377.2
1174640 1373.9
1174650 1369.6
1174660 1369.6
1174670 1366.3
1174680 1363.3
1174690 1363.3
1174700 1362.2
1174710 1361.9
1174720 1361.9
1174730 1360.0
1174740 1359.9
1174750 1359.9
1174760 1361.0
1174770 1358.8
1174780 1358.8
1174790 1355.6
1174800 1351.8
1174810 1351.8
1174820 1348.6
1174830 1346.2
1174840 1346.2
1174850 1344.4
1174860 1344.3
1174870 1344.6
1174880 1344.6
1174890 1344.4
1174900 1343.3
1174910 1343.3
1174920 1341.3
1174930 1338.2
1174940 1338.2
1174950 1335.5
1174960 1333.3
1174970 1333.3
1174980 1331.7
1174990 1330.9
1175000 1330.9
1175010 1330.5
1175020 1330.6
1175030 1325.5
1175040 1324.8
1175050 1324.8
1175060 1324.8
1175070 1323.8
1175080 1323.1
1175090 1323.1
1175100 1321.9
1175110 1320.9
1175120 1320.9
1175130 1321.1
1175140 1320.7
1175150 1320.7
1175160 1319.9
1175170 1318.9
1175180 1318.9
1175190 1318.9
1175200 1320.1
1175210 1322.0
1175220 1322.0
1175230 1323.1
1175240 1323.4
1175250 1323.4
1175260 1323.7
1175270 1323.6
1175280 1323.6
1175290 1323.9
1175300 1324.9
1175310 1324.9
1175320 1325.6
1175330 1326.3
1175340 1326.3
1175350 1326.8
1175360 1326.3
1175370 1326.3
1175380 1325.5
1175390 1323.5
1175400 1323.5
1175410 1320.9
1175420 1319.6
1175430 1319.6
1175440 1318.1
1175450 1311.9
1175460 1311.9
1175470 1310.8
1175480 1310.1
1175490 1310.1
1175500 1306.8
1175510 1304.3
1175520 1304.3
1175530 1302.6
1175540 1301.6
1175550 1301.5
1175560 1301.5
1175570 1301.5
1175580 1301.4
1175590 1301.4
1175600 1299.8
1175610 1297.7
1175620 1297.7
1175630 1296.0
1175640 1293.9
1175650 1293.9
1175660 1292.4
1175670 1290.6
1175680 1290.6
1175690 1287.9
1175700 1285.4
1175710 1285.4
1175720 1283.1
1175730 1280.7
1175740 1280.7
1175750 1278.3
1175760 1275.8
1175770 1275.8
1175780 1272.8
1175790 1270.2
1175800 1270.2
1175810 1268.1
1175820 1264.9
1175830 1264.9
1175840 1262.7
1175850 1262.8
1175860 1257.3
1175870 1258.8
1175880 1258.0
1175890 1252.6
1175900 1252.6
1175910 1247.2
1175920 1242.2
1175930 1242.2
1175940 1237.6
1175950 1232.6
1175960 1232.6
1175970 1228.6
1175980 1226.7
1175990 1226.7
1176000 1226.0
1176010 1225.0
1176020 1225.0
1176030 1226.7
1176040 1225.7
1176050 1225.7
1176060 1226.0
1176070 1225.7
1176080 1225.7
1176090 1225.7
1176100 1226.3
1176110 1226.3
1176120 1228.0
1176130 1228.0
1176140 1228.0
1176150 1223.6
1176160 1220.6
1176170 1220.6
1176180 1222.7
1176190 1223.1
1176200 1224.2
1176210 1224.2
1176220 1226.0
1176230 1229.4
1176240 1229.4
1176250 1228.0
1176260 1226.2
1176270 1220.1
1176280 1222.5
1176290 1224.4
1176300 1224.4
1176310 1223.2
1176320 1222.2
1176330 1222.2
1176340 1221.9
1176350 1221.1
1176360 1221.1
1176370 1221.0
1176380 1225.0
1176390 1225.0
1176400 1226.8
1176410 1226.7
1176420 1226.7
1176430 1226.0
1176440 1224.3
1176450 1224.3
1176460 1223.8
1176470 1223.5
1176480 1223.5
1176490 1222.5
1176500 1221.1
1176510 1221.1
1176520 1218.9
1176530 1217.9
1176540 1217.6
1176550 1217.6
1176560 1218.2
1176570 1218.1
1176580 1218.1
1176590 1216.6
1176600 1214.0
1176610 1214.0
1176620 1210.6
1176630 1206.9
1176640 1206.9
1176650 1203.7
1176660 1200.4
1176670 1200.4
1176680 1197.8
1176690 1192.3
1176700 1192.3
1176710 1190.3
1176720 1184.3
1176730 1184.3
1176740 1178.9
1176750 1175.9
1176760 1175.9
1176770 1173.8
1176780 1173.3
1176790 1173.3
1176800 1173.0
1176810 1172.6
1176820 1172.6
1176830 1171.9
1176840 1171.5
1176850 1171.5
1176860 1171.1
1176870 1171.0
1176880 1171.4
1176890 1171.4
1176900 1171.8
1176910 1173.5
1176920 1173.5
1176930 1177.9
1176940 1183.3
1176950 1183.3
1176960 1185.3
1176970 1183.3
1176980 1183.3
1176990 1181.9
1177000 1180.8
1177010 1180.8
1177020 1180.6
1177030 1179.9
1177040 1179.9
1177050 1179.9
1177060 1182.0
1177070 1182.0
1177080 1181.7
1177090 1178.8
1177100 1168.7
1177110 1165.6
1177120 1164.3
1177130 1164.3
1177140 1164.0
1177150 1169.3
1177160 1169.3
1177170 1176.3
1177180 1184.4
1177190 1190.3
1177200 1190.3
1177210 1192.7
1177220 1197.0
1177230 1197.0
1177240 1203.5
1177250 1204.3
1177260 1204.3
1177270 1206.5
1177280 1207.0
1177290 1207.0
1177300 1208.4
1177310 1214.1
1177320 1214.1
1177330 1209.8
1177340 1215.5
1177350 1215.5
1177360 1225.7
1177370 1228.3
1177380 1228.3
1177390 1231.8
1177400 1234.4
1177410 1234.4
1177420 1236.9
1177430 1238.0
1177440 1238.0
1177450 1238.0
1177460 1237.4
1177470 1237.4
1177480 1238.6
1177490 1241.4
1177500 1241.4
1177510 1242.5
1177520 1245.5
1177530 1243.9
1177540 1243.9
1177550 1244.4
1177560 1245.1
1177570 1245.1
1177580 1244.6
1177590 1242.7
1177600 1242.7
1177610 1241.8
1177620 1240.9
1177630 1240.9
1177640 1239.4
1177650 1237.5
1177660 1237.5
1177670 1233.9
1177680 1225.9
1177690 1225.9
1177700 1214.6
1177710 1207.0
1177720 1207.0
1177730 1206.7
1177740 1214.3
1177750 1214.3
1177760 1224.1
1177770 1229.9
1177780 1229.9
1177790 1232.2
1177800 1230.7
1177810 1230.7
1177820 1226.7
1177830 1223.5
1177840 1223.5
1177850 1223.8
1177860 1226.3
1177870 1228.7
1177880 1228.7
1177890 1231.1
1177900 1230.9
1177910 1230.9
1177920 1229.8
1177930 1233.2
1177940 1233.2
1177950 1234.0
1177960 1235.7
1177970 1235.7
1177980 1240.2
1177990 1243.1
1178000 1243.1
1178010 1241.2
1178020 1235.7
1178030 1235.7
1178040 1231.9
1178050 1231.2
1178060 1231.2
1178070 1230.8
1178080 1230.1
1178090 1230.1
1178100 1231.0
1178110 1232.7
1178120 1232.7
1178130 1233.9
1178140 1234.0
1178150 1234.0
1178160 1232.7
1178170 1231.7
1178180 1231.5
1178190 1231.5
1178200 1231.8
1178210 1231.6
1178220 1231.6
1178230 1230.0
1178240 1229.0
1178250 1229.0
1178260 1227.7
1178270 1226.4
1178280 1226.4
1178290 1223.9
1178300 1224.5
1178310 1224.5
1178320 1224.5
1178330 1223.4
1178340 1223.4
1178350 1227.4
1178360 1226.3
1178370 1226.3
1178380 1223.3
1178390 1222.2
1178400 1222.2
1178410 1223.6
1178420 1223.7
1178430 1223.7
1178440 1222.8
1178450 1222.7
1178460 1222.7
1178470 1220.8
1178480 1220.5
1178490 1220.5
1178500 1218.3
1178510 1216.3
1178520 1218.0
1178530 1218.0
1178540 1222.0
1178550 1223.3
1178560 1223.3
1178570 1222.5
1178580 1221.1
1178590 1221.1
1178600 1218.7
1178610 1214.2
1178620 1214.2
1178630 1212.4
1178640 1214.1
1178650 1214.1
1178660 1215.9
1178670 1217.6
1178680 1217.6
1178690 1216.8
1178700 1216.3
1178710 1216.3
1178720 1218.6
1178730 1219.8
1178740 1219.8
1178750 1220.0
1178760 1218.1
1178770 1221.3
1178780 1218.1
1178790 1216.1
1178800 1216.1
1178810 1215.3
1178820 1216.6
1178830 1216.6
1178840 1216.6
1178850 1216.0
1178860 1216.0
1178870 1216.0
1178880 1216.4
1178890 1215.5
1178900 1215.5
1178910 1215.1
1178920 1215.3
1178930 1215.3
1178940 1215.3
1178950 1215.7
1178960 1215.7
1178970 1216.5
1178980 1215.7
1178990 1215.7
1179000 1216.2
1179010 1215.7
1179020 1215.7
1179030 1214.3
1179040 1214.0
1179050 1214.0
1179060 1217.0
1179070 1218.7
1179080 1218.7
1179090 1219.6
1179100 1219.9
1179110 1219.9
1179120 1220.4
1179130 1220.3
1179140 1220.3
1179150 1220.8
1179160 1221.9
1179170 1222.9
1179180 1222.9
1179190 1225.4
1179200 1223.7
1179210 1223.7
1179220 1223.2
1179230 1224.6
1179240 1224.6
1179250 1221.6
1179260 1219.4
1179270 1219.4
1179280 1220.9
1179290 1221.6
1179300 1221.6
1179310 1222.6
1179320 1224.8
1179330 1224.8
1179340 1220.4
1179350 1215.5
1179360 1215.5
1179370 1219.0
1179380 1224.4
1179390 1224.4
1179400 1226.4
1179410 1227.0
1179420 1227.0
1179430 1227.1
1179440 1226.9
1179450 1226.9
1179460 1227.7
1179470 1228.1
1179480 1228.1
1179490 1229.4
1179500 1231.2
1179510 1232.7
1179520 1232.7
1179530 1232.7
1179540 1231.4
1179550 1231.4
1179560 1232.0
1179570 1234.1
1179580 1234.1
1179590 1234.8
1179600 1233.6
1179610 1239.0
1179620 1238.2
1179630 1240.9
1179640 1240.9
1179650 1241.0
1179660 1240.5
1179670 1240.5
1179680 1241.0
1179690 1242.2
1179700 1242.2
1179710 1243.6
1179720 1245.4
1179730 1245.4
1179740 1247.3
1179750 1249.7
1179760 1249.7
1179770 1250.9
1179780 1249.7
1179790 1249.7
1179800 1249.6
1179810 1253.3
1179820 1253.3
1179830 1254.7
1179840 1257.8
1179850 1259.8
1179860 1259.8
1179870 1261.6
1179880 1263.3
1179890 1263.3
1179900 1265.2
1179910 1267.6
1179920 1267.6
1179930 1270.7
1179940 1273.9
1179950 1273.9
1179960 1277.4
1179970 1280.5
1179980 1280.5
1179990 1280.7
