1164340 1685.6
1164350 1685.6
1164360 1689.2
1164370 1695.1
1164380 1695.1
1164390 1701.0
1164400 1707.6
1164410 1707.6
1164420 1714.6
1164430 1722.4
1164440 1722.4
1164450 1730.1
1164460 1737.4
1164470 1737.4
1164480 1744.6
1164490 1751.9
1164500 1751.9
1164510 1759.7
1164520 1768.2
1164530 1768.2
1164540 1777.7
1164550 1794.1
1164560 1794.1
1164570 1812.7
1164580 1821.9
1164590 1821.9
1164600 1831.2
1164610 1840.4
1164620 1840.4
1164630 1842.2
1164640 1841.1
1164650 1841.1
1164660 1842.5
1164670 1847.7
1164680 1856.1
1164690 1856.1
1164700 1862.2
1164710 1861.0
1164720 1861.0
1164730 1860.5
1164740 1863.8
1164750 1863.8
1164760 1869.7
1164770 1877.2
1164780 1877.2
1164790 1884.9
1164800 1894.1
1164810 1894.1
1164820 1904.2
1164830 1920.0
1164840 1920.0
1164850 1943.3
1164860 1955.9
1164870 1955.9
1164880 1966.2
1164890 1974.8
1164900 1974.8
1164910 1983.6
1164920 1992.2
1164930 1992.2
1164940 2000.1
1164950 2005.2
1164960 2005.2
1164970 2015.3
1164980 2031.6
1164990 2031.6
1165000 2044.9
1165010 2052.3
1165020 2057.0
1165030 2057.0
1165040 2064.9
1165050 2081.3
1165060 2081.3
1165070 2092.1
1165080 2103.9
1165090 2103.9
1165100 2113.3
1165110 2120.3
1165120 2120.3
1165130 2125.7
1165140 2131.5
1165150 2131.5
1165160 2138.2
1165170 2145.1
1165180 2145.1
1165190 2150.8
1165200 2156.9
1165210 2156.9
1165220 2166.4
1165230 2172.6
1165240 2172.6
1165250 2180.0
1165260 2191.1
1165270 2191.1
1165280 2198.0
1165290 2203.7
1165300 2203.7
1165310 2207.8
1165320 2199.0
1165330 2178.5
1165340 2178.5
1165350 2173.5
1165360 2161.2
1165370 2161.2
1165380 2131.3
1165390 2101.2
1165400 2101.2
1165410 2088.9
1165420 2071.0
1165430 2071.0
1165440 2046.7
1165450 2035.3
1165460 2035.3
1165470 2032.5
1165480 2029.5
1165490 2029.5
1165500 2025.8
1165510 2020.4
1165520 2020.4
1165530 2015.4
1165540 2014.0
1165550 2014.0
1165560 2011.1
1165570 2007.7
1165580 2007.7
1165590 2004.0
1165600 1998.2
1165610 1998.2
1165620 1992.0
1165630 1987.8
1165640 1987.8
1165650 1980.5
1165660 1968.8
1165670 1957.1
1165680 1957.1
1165690 1920.2
1165700 1908.5
1165710 1908.5
1165720 1900.2
1165730 1888.1
1165740 1888.1
1165750 1891.2
1165760 1887.8
1165770 1887.8
1165780 1888.0
1165790 1889.3
1165800 1889.3
1165810 1889.5
1165820 1887.4
1165830 1887.4
1165840 1861.2
1165850 1839.5
1165860 1839.5
1165870 1834.4
1165880 1832.1
1165890 1832.1
1165900 1829.5
1165910 1826.4
1165920 1826.4
1165930 1823.0
1165940 1818.9
1165950 1818.9
1165960 1814.5
1165970 1810.4
1165980 1810.4
1165990 1806.7
1166000 1802.9
1166010 1799.3
1166020 1799.3
1166030 1796.8
1166040 1794.6
1166050 1794.6
1166060 1792.4
1166070 1791.0
1166080 1791.0
1166090 1788.0
1166100 1782.4
1166110 1782.4
1166120 1775.6
1166130 1769.6
1166140 1769.6
1166150 1768.6
1166160 1765.8
1166170 1765.8
1166180 1763.3
1166190 1760.1
1166200 1760.1
1166210 1756.2
1166220 1751.5
1166230 1751.5
1166240 1747.1
1166250 1743.4
1166260 1743.4
1166270 1740.6
1166280 1738.6
1166290 1738.6
1166300 1737.2
1166310 1734.4
1166320 1734.4
1166330 1731.4
1166340 1729.7
1166350 1724.6
1166360 1724.6
1166370 1713.8
1166380 1699.6
1166390 1699.6
1166400 1683.6
1166410 1673.6
1166420 1673.6
1166430 1665.6
1166440 1659.6
1166450 1659.6
1166460 1655.0
1166470 1651.3
1166480 1651.3
1166490 1647.7
1166500 1644.5
1166510 1644.5
1166520 1642.0
1166530 1640.6
1166540 1640.6
1166550 1647.3
1166560 1647.3
1166570 1647.3
1166580 1646.3
1166590 1644.7
1166600 1644.7
1166610 1642.8
1166620 1642.6
1166630 1642.6
1166640 1641.8
1166650 1639.7
1166660 1639.7
1166670 1633.0
1166680 1627.1
1166690 1623.5
1166700 1623.5
1166710 1620.1
1166720 1613.0
1166730 1613.0
1166740 1608.5
1166750 1601.6
1166760 1601.6
1166770 1593.9
1166780 1585.5
1166790 1585.5
1166800 1580.5
1166810 1577.7
1166820 1577.7
1166830 1575.4
1166840 1574.8
1166850 1574.8
1166860 1573.1
1166870 1572.5
1166880 1572.5
1166890 1570.6
1166900 1569.6
1166910 1569.6
1166920 1569.4
1166930 1569.9
1166940 1569.9
1166950 1568.5
1166960 1575.0
1166970 1575.0
1166980 1573.0
1166990 1570.5
1167000 1568.2
1167010 1568.2
1167020 1565.6
1167030 1562.8
1167040 1562.8
1167050 1560.5
1167060 1556.3
1167070 1556.3
1167080 1550.5
1167090 1544.4
1167100 1544.4
1167110 1540.6
1167120 1540.1
1167130 1540.1
1167140 1534.1
1167150 1527.9
1167160 1527.9
1167170 1521.4
1167180 1511.2
1167190 1511.2
1167200 1490.8
1167210 1479.7
1167220 1479.7
1167230 1476.3
1167240 1465.2
1167250 1465.2
1167260 1447.5
1167270 1431.7
1167280 1431.7
1167290 1420.3
1167300 1409.7
1167310 1409.7
1167320 1398.8
1167330 1385.4
1167340 1370.2
1167350 1370.2
1167360 1349.3
1167370 1332.7
1167380 1332.7
1167390 1323.0
1167400 1313.2
1167410 1313.2
1167420 1304.5
1167430 1295.9
1167440 1295.9
1167450 1288.6
1167460 1282.2
1167470 1282.2
1167480 1275.6
1167490 1268.5
1167500 1268.5
1167510 1260.7
1167520 1253.1
1167530 1253.1
1167540 1246.1
1167550 1239.5
1167560 1239.5
1167570 1233.1
1167580 1226.5
1167590 1226.5
1167600 1220.1
1167610 1213.8
1167620 1213.8
1167630 1207.8
1167640 1201.7
1167650 1201.7
1167660 1195.1
1167670 1188.4
1167680 1182.0
1167690 1182.0
1167700 1177.1
1167710 1175.0
1167720 1175.0
1167730 1174.8
1167740 1174.6
1167750 1174.6
1167760 1174.5
1167770 1174.4
1167780 1174.4
1167790 1174.3
1167800 1174.2
1167810 1174.2
1167820 1174.2
1167830 1174.0
1167840 1174.0
1167850 1173.9
1167860 1173.8
1167870 1173.8
1167880 1173.8
1167890 1173.9
1167900 1173.9
1167910 1173.8
1167920 1173.8
1167930 1173.8
1167940 1173.7
1167950 1173.8
1167960 1173.8
1167970 1173.6
1167980 1173.4
1167990 1173.4
1168000 1173.0
1168010 1172.5
1168020 1172.0
1168030 1172.0
1168040 1172.0
1168050 1171.7
1168060 1171.7
1168070 1171.4
1168080 1171.2
1168090 1171.2
1168100 1171.0
1168110 1170.7
1168120 1170.7
1168130 1170.3
1168140 1170.0
1168150 1170.0
1168160 1169.8
1168170 1169.5
1168180 1169.5
1168190 1169.2
1168200 1168.9
1168210 1168.9
1168220 1168.8
1168230 1168.5
1168240 1168.5
1168250 1168.2
1168260 1167.7
1168270 1167.7
1168280 1167.4
1168290 1167.2
1168300 1167.2
1168310 1167.1
1168320 1166.8
1168330 1166.3
1168340 1166.3
1168350 1166.0
1168360 1165.7
1168370 1165.7
1168380 1165.5
1168390 1165.5
1168400 1165.5
1168410 1165.4
1168420 1165.2
1168430 1165.2
1168440 1165.0
1168450 1164.9
1168460 1164.9
1168470 1164.7
1168480 1164.6
1168490 1164.6
1168500 1164.6
1168510 1164.6
1168520 1164.6
1168530 1164.6
1168540 1164.6
1168550 1164.6
1168560 1164.6
1168570 1164.6
1168580 1164.6
1168590 1164.6
1168600 1164.6
1168610 1164.6
1168620 1164.6
1168630 1164.6
1168640 1164.6
1168650 1164.6
1168660 1164.6
1168670 1164.6
1168680 1164.6
1168690 1164.6
1168700 1164.6
1168710 1164.6
1168720 1164.6
1168730 1164.6
1168740 1164.6
1168750 1164.6
1168760 1164.6
1168770 1164.6
1168780 1164.6
1168790 1164.6
1168800 1164.6
1168810 1164.6
1168820 1164.6
1168830 1164.6
1168840 1164.7
1168850 1165.5
1168860 1165.5
1168870 1165.7
1168880 1165.3
1168890 1165.3
1168900 1164.8
1168910 1164.8
1168920 1164.8
1168930 1166.1
1168940 1169.4
1168950 1169.4
1168960 1173.1
1168970 1179.0
1168980 1179.0
1168990 1181.2
1169000 1183.9
1169010 1187.5
1169020 1187.5
1169030 1191.1
1169040 1195.6
1169050 1195.6
1169060 1200.2
1169070 1204.0
1169080 1204.0
1169090 1207.2
1169100 1210.1
1169110 1210.1
1169120 1213.2
1169130 1215.5
1169140 1215.5
1169150 1218.9
1169160 1223.0
1169170 1223.0
1169180 1227.1
1169190 1229.4
1169200 1229.4
1169210 1231.8
1169220 1234.0
1169230 1234.0
1169240 1234.5
1169250 1234.8
1169260 1234.8
1169270 1234.9
1169280 1233.8
1169290 1233.8
1169300 1232.6
1169310 1230.7
1169320 1230.7
1169330 1228.2
1169340 1225.0
1169350 1223.4
1169360 1223.4
1169370 1223.8
1169380 1231.1
1169390 1231.1
1169400 1233.4
1169410 1236.5
1169420 1236.5
1169430 1237.1
1169440 1234.7
1169450 1234.7
1169460 1231.2
1169470 1229.0
1169480 1229.0
1169490 1228.2
1169500 1228.2
1169510 1228.2
1169520 1230.0
1169530 1232.0
1169540 1232.0
1169550 1233.7
1169560 1234.5
1169570 1234.5
1169580 1235.0
1169590 1234.4
1169600 1234.4
1169610 1234.9
1169620 1237.2
1169630 1237.2
1169640 1240.8
1169650 1244.0
1169660 1244.0
1169670 1247.5
1169680 1250.6
1169690 1252.5
1169700 1252.5
1169710 1254.0
1169720 1255.8
1169730 1255.8
1169740 1256.8
1169750 1255.0
1169760 1255.0
1169770 1254.9
1169780 1257.9
1169790 1257.9
1169800 1258.4
1169810 1261.6
1169820 1261.6
1169830 1264.2
1169840 1265.8
1169850 1265.8
1169860 1267.2
1169870 1268.5
1169880 1268.5
1169890 1269.9
1169900 1271.3
1169910 1271.3
1169920 1272.9
1169930 1274.7
1169940 1274.7
1169950 1276.3
1169960 1276.8
1169970 1276.8
1169980 1278.1
1169990 1280.3
1170000 1282.0
1170010 1282.0
1170020 1283.0
1170030 1287.1
1170040 1287.1
1170050 1291.8
1170060 1296.5
1170070 1296.5
1170080 1300.9
1170090 1305.3
1170100 1305.3
1170110 1309.6
1170120 1314.2
1170130 1314.2
1170140 1319.6
1170150 1325.5
1170160 1325.5
1170170 1331.9
1170180 1338.7
1170190 1336.2
1170200 1343.4
1170210 1350.8
1170220 1350.8
1170230 1358.6
1170240 1366.2
1170250 1366.2
1170260 1372.5
1170270 1378.2
1170280 1378.2
1170290 1383.9
1170300 1392.6
1170310 1392.6
1170320 1408.3
1170330 1421.3
1170340 1430.8
1170350 1430.8
1170360 1449.4
1170370 1468.6
1170380 1468.6
1170390 1490.4
1170400 1506.8
1170410 1506.8
1170420 1528.3
1170430 1548.5
1170440 1548.5
1170450 1573.6
1170460 1594.5
1170470 1594.5
1170480 1603.8
1170490 1609.6
1170500 1609.6
1170510 1611.9
1170520 1618.1
1170530 1618.1
1170540 1628.7
1170550 1638.9
1170560 1638.9
1170570 1647.4
1170580 1653.5
1170590 1653.5
1170600 1662.1
1170610 1667.2
1170620 1667.2
1170630 1673.6
1170640 1680.9
1170650 1680.9
1170660 1688.5
1170670 1697.8
1170680 1706.0
1170690 1706.0
1170700 1713.0
1170710 1719.9
1170720 1719.9
1170730 1726.8
1170740 1733.9
1170750 1733.9
1170760 1740.3
1170770 1745.4
1170780 1745.4
1170790 1749.8
1170800 1753.3
1170810 1753.3
1170820 1756.6
1170830 1759.6
1170840 1759.6
1170850 1763.0
1170860 1766.7
1170870 1766.7
1170880 1770.7
1170890 1775.2
1170900 1775.2
1170910 1780.7
1170920 1786.4
1170930 1786.4
1170940 1792.1
1170950 1797.4
1170960 1797.4
1170970 1801.6
1170980 1805.0
1170990 1805.0
1171000 1801.8
1171010 1803.9
1171020 1805.4
1171030 1805.4
1171040 1806.5
1171050 1806.5
1171060 1806.5
1171070 1807.9
1171080 1810.6
1171090 1810.6
1171100 1812.7
1171110 1815.2
1171120 1815.2
1171130 1817.7
1171140 1820.4
1171150 1820.4
1171160 1823.8
1171170 1826.4
1171180 1826.4
1171190 1828.2
1171200 1831.0
1171210 1831.0
1171220 1837.0
1171230 1843.7
1171240 1843.7
1171250 1848.8
1171260 1854.5
1171270 1854.5
1171280 1860.0
1171290 1865.3
1171300 1865.3
1171310 1871.0
1171320 1877.1
1171330 1883.1
1171340 1883.1
1171350 1888.6
1171360 1893.9
1171370 1893.9
1171380 1899.4
1171390 1904.4
1171400 1904.4
1171410 1905.7
1171420 1911.0
1171430 1911.0
1171440 1916.4
1171450 1921.7
1171460 1921.7
1171470 1926.8
1171480 1931.7
1171490 1931.7
1171500 1936.2
1171510 1940.1
1171520 1940.1
1171530 1943.8
1171540 1947.1
1171550 1947.1
1171560 1949.9
1171570 1952.3
1171580 1952.3
1171590 1954.5
1171600 1956.8
1171610 1956.8
1171620 1959.1
1171630 1960.2
1171640 1960.2
1171650 1961.4
1171660 1962.7
1171670 1964.1
1171680 1964.1
1171690 1965.9
1171700 1968.1
1171710 1968.1
1171720 1970.0
1171730 1970.9
1171740 1970.9
1171750 1971.1
1171760 1970.0
1171770 1970.0
1171780 1966.8
1171790 1960.2
1171800 1960.2
1171810 1953.8
1171820 1950.1
1171830 1950.1
1171840 1945.6
1171850 1942.1
1171860 1942.1
1171870 1939.1
1171880 1934.8
1171890 1934.8
1171900 1929.7
1171910 1925.0
1171920 1925.0
1171930 1921.3
1171940 1917.8
1171950 1917.8
1171960 1913.5
1171970 1909.3
1171980 1909.3
1171990 1905.2
1172000 1900.8
1172010 1897.0
1172020 1897.0
1172030 1894.3
1172040 1891.3
1172050 1891.3
1172060 1887.9
1172070 1883.9
1172080 1883.9
1172090 1879.1
1172100 1873.9
1172110 1873.9
1172120 1868.9
1172130 1863.2
1172140 1863.2
1172150 1856.8
1172160 1850.7
1172170 1850.7
1172180 1846.3
1172190 1844.6
1172200 1844.6
1172210 1844.1
1172220 1844.3
1172230 1848.0
1172240 1846.7
1172250 1844.5
1172260 1844.5
1172270 1842.4
1172280 1842.7
1172290 1842.7
1172300 1843.1
1172310 1844.1
1172320 1844.1
1172330 1846.2
1172340 1848.0
1172350 1849.3
1172360 1849.3
1172370 1851.1
1172380 1854.3
1172390 1854.3
1172400 1858.1
1172410 1861.6
1172420 1861.6
1172430 1865.1
1172440 1868.6
1172450 1868.6
1172460 1872.8
1172470 1879.0
1172480 1879.0
1172490 1884.5
1172500 1889.4
1172510 1889.4
1172520 1895.0
1172530 1901.0
1172540 1901.0
1172550 1906.8
1172560 1912.6
1172570 1912.6
1172580 1918.5
1172590 1922.5
1172600 1922.5
1172610 1924.2
1172620 1924.0
1172630 1924.0
1172640 1916.2
1172650 1913.0
1172660 1911.5
1172670 1911.5
1172680 1912.2
1172690 1913.2
1172700 1913.2
1172710 1914.6
1172720 1912.0
1172730 1912.0
1172740 1906.5
1172750 1902.0
1172760 1902.0
1172770 1899.4
1172780 1897.6
1172790 1897.6
1172800 1896.1
1172810 1895.1
1172820 1895.1
1172830 1894.0
1172840 1892.5
1172850 1892.5
1172860 1890.1
1172870 1887.2
1172880 1887.2
1172890 1883.6
1172900 1879.4
1172910 1879.4
1172920 1873.3
1172930 1865.1
1172940 1865.1
1172950 1857.5
1172960 1851.5
1172970 1851.5
1172980 1846.7
1172990 1842.2
1173000 1837.4
1173010 1837.4
1173020 1832.5
1173030 1827.6
1173040 1827.6
1173050 1818.3
1173060 1812.9
1173070 1812.9
1173080 1808.7
1173090 1806.3
1173100 1806.3
1173110 1803.0
1173120 1797.7
1173130 1797.7
1173140 1792.5
1173150 1786.7
1173160 1786.7
1173170 1782.4
1173180 1781.1
1173190 1781.1
1173200 1781.3
1173210 1778.4
1173220 1778.4
1173230 1776.7
1173240 1775.5
1173250 1775.5
1173260 1772.6
1173270 1772.7
1173280 1772.7
1173290 1774.4
1173300 1773.2
1173310 1773.2
1173320 1771.5
1173330 1767.7
1173340 1762.9
1173350 1762.9
1173360 1760.7
1173370 1762.1
1173380 1762.1
1173390 1760.5
1173400 1759.8
1173410 1759.8
1173420 1759.3
1173430 1756.1
1173440 1756.1
1173450 1751.4
1173460 1744.0
1173470 1744.0
1173480 1742.5
1173490 1746.8
1173500 1746.8
1173510 1752.2
1173520 1756.3
1173530 1756.3
1173540 1759.8
1173550 1762.7
1173560 1762.7
1173570 1764.5
1173580 1765.4
1173590 1765.4
1173600 1770.5
1173610 1776.2
1173620 1776.2
1173630 1781.6
1173640 1785.5
1173650 1785.5
1173660 1789.2
1173670 1794.3
1173680 1797.9
1173690 1797.9
1173700 1800.9
1173710 1803.2
1173720 1803.2
1173730 1804.0
1173740 1803.7
1173750 1803.7
1173760 1802.7
1173770 1800.7
1173780 1800.7
1173790 1798.6
1173800 1799.6
1173810 1799.6
1173820 1800.8
1173830 1800.6
1173840 1800.6
1173850 1801.2
1173860 1800.8
1173870 1793.6
1173880 1793.6
1173890 1793.9
1173900 1793.9
1173910 1795.3
1173920 1798.6
1173930 1798.6
1173940 1802.9
1173950 1804.8
1173960 1804.8
1173970 1809.7
1173980 1814.6
1173990 1814.6
1174000 1817.4
1174010 1820.3
1174020 1822.3
1174030 1822.3
1174040 1821.5
1174050 1819.2
1174060 1819.2
1174070 1815.2
1174080 1814.0
1174090 1814.0
1174100 1809.8
1174110 1807.0
1174120 1807.0
1174130 1800.8
1174140 1797.1
1174150 1797.1
1174160 1795.8
1174170 1793.3
1174180 1793.3
1174190 1789.6
1174200 1787.6
1174210 1787.6
1174220 1786.2
1174230 1783.8
1174240 1783.8
1174250 1780.6
1174260 1777.8
1174270 1777.8
1174280 1765.9
1174290 1757.7
1174300 1757.7
1174310 1748.8
1174320 1740.7
1174330 1740.2
1174340 1740.2
1174350 1743.5
1174360 1740.3
1174370 1740.3
1174380 1736.4
1174390 1734.1
1174400 1734.1
1174410 1737.3
1174420 1741.7
1174430 1741.7
1174440 1741.1
1174450 1740.0
1174460 1740.0
1174470 1743.0
1174480 1742.0
1174490 1742.0
1174500 1737.2
1174510 1734.8
1174520 1734.8
1174530 1737.4
1174540 1738.3
1174550 1738.3
1174560 1737.0
1174570 1735.5
1174580 1735.5
1174590 1732.8
1174600 1731.0
1174610 1731.0
1174620 1729.2
1174630 1727.2
1174640 1727.2
1174650 1725.2
1174660 1722.7
1174670 1722.2
1174680 1722.2
1174690 1716.1
1174700 1715.5
1174710 1715.5
1174720 1714.7
1174730 1712.7
1174740 1712.7
1174750 1713.2
1174760 1711.2
1174770 1711.2
1174780 1708.3
1174790 1706.3
1174800 1706.3
1174810 1702.8
1174820 1700.2
1174830 1700.2
1174840 1699.2
1174850 1699.6
1174860 1699.6
1174870 1697.7
1174880 1694.6
1174890 1694.6
1174900 1691.9
1174910 1689.6
1174920 1689.6
1174930 1686.3
1174940 1682.5
1174950 1682.5
1174960 1677.5
1174970 1669.9
1174980 1669.9
1174990 1666.9
1175000 1663.3
1175010 1659.6
1175020 1659.6
1175030 1652.2
1175040 1642.4
1175050 1642.4
1175060 1636.1
1175070 1631.6
1175080 1631.6
1175090 1630.6
1175100 1632.8
1175110 1626.4
1175120 1630.4
1175130 1635.8
1175140 1635.8
1175150 1642.5
1175160 1641.8
1175170 1641.8
1175180 1633.8
1175190 1625.6
1175200 1625.6
1175210 1618.2
1175220 1612.3
1175230 1612.3
1175240 1607.9
1175250 1606.6
1175260 1606.6
1175270 1609.0
1175280 1613.3
1175290 1613.3
1175300 1615.9
1175310 1620.0
1175320 1620.0
1175330 1622.7
1175340 1626.8
1175350 1631.3
1175360 1631.3
1175370 1627.3
1175380 1621.7
1175390 1621.7
1175400 1615.9
1175410 1611.6
1175420 1611.6
1175430 1605.6
1175440 1599.7
1175450 1599.7
1175460 1596.1
1175470 1598.9
1175480 1598.9
1175490 1606.1
1175500 1608.8
1175510 1608.8
1175520 1600.0
1175530 1597.5
1175540 1597.5
1175550 1598.2
1175560 1598.0
1175570 1598.0
1175580 1598.9
1175590 1598.2
1175600 1598.2
1175610 1595.2
1175620 1590.2
1175630 1590.2
1175640 1585.0
1175650 1578.7
1175660 1572.9
1175670 1572.9
1175680 1569.7
1175690 1568.7
1175700 1568.7
1175710 1570.5
1175720 1572.4
1175730 1572.4
1175740 1567.6
1175750 1562.9
1175760 1562.9
1175770 1558.9
1175780 1554.4
1175790 1554.4
1175800 1549.1
1175810 1547.0
1175820 1547.0
1175830 1542.2
1175840 1534.9
1175850 1534.9
1175860 1530.5
1175870 1527.8
1175880 1527.8
1175890 1524.5
1175900 1520.3
1175910 1520.3
1175920 1520.5
1175930 1522.0
1175940 1522.0
1175950 1525.9
1175960 1527.8
1175970 1527.8
1175980 1530.4
1175990 1531.8
1176000 1530.2
1176010 1530.2
1176020 1527.7
1176030 1526.3
1176040 1526.3
1176050 1529.1
1176060 1528.1
1176070 1528.1
1176080 1525.2
1176090 1518.1
1176100 1518.1
1176110 1514.2
1176120 1517.7
1176130 1517.7
1176140 1522.2
1176150 1524.7
1176160 1524.7
1176170 1525.2
1176180 1525.3
1176190 1525.3
1176200 1523.4
1176210 1521.1
1176220 1521.1
1176230 1520.4
1176240 1516.5
1176250 1516.5
1176260 1514.2
1176270 1515.5
1176280 1515.5
1176290 1518.1
1176300 1521.9
1176310 1521.9
1176320 1526.5
1176330 1530.2
1176340 1532.3
1176350 1524.7
1176360 1524.1
1176370 1524.8
1176380 1524.8
1176390 1522.1
1176400 1519.8
1176410 1519.8
1176420 1515.0
1176430 1511.5
1176440 1511.5
1176450 1509.8
1176460 1507.1
1176470 1507.1
1176480 1503.2
1176490 1498.9
1176500 1498.9
1176510 1493.5
1176520 1492.2
1176530 1492.2
1176540 1493.2
1176550 1498.4
1176560 1498.4
1176570 1500.8
1176580 1501.2
1176590 1501.2
1176600 1504.3
1176610 1507.2
1176620 1507.2
1176630 1509.0
1176640 1508.7
1176650 1508.7
1176660 1508.8
1176670 1510.3
1176680 1510.6
1176690 1510.6
1176700 1507.2
1176710 1501.8
1176720 1501.8
1176730 1496.9
1176740 1491.5
1176750 1491.5
1176760 1479.0
1176770 1478.3
1176780 1478.3
1176790 1478.8
1176800 1481.6
1176810 1481.6
1176820 1477.1
1176830 1472.3
1176840 1472.3
1176850 1467.9
1176860 1466.1
1176870 1466.1
1176880 1466.2
1176890 1465.0
1176900 1465.0
1176910 1465.6
1176920 1463.2
1176930 1463.2
1176940 1459.6
1176950 1456.5
1176960 1456.5
1176970 1455.7
1176980 1455.2
1176990 1454.0
1177000 1454.0
1177010 1452.2
1177020 1448.7
1177030 1448.7
1177040 1446.2
1177050 1441.2
1177060 1441.2
1177070 1438.9
1177080 1441.1
1177090 1441.1
1177100 1443.8
1177110 1442.8
1177120 1442.8
1177130 1437.0
1177140 1433.5
1177150 1433.5
1177160 1424.9
1177170 1421.3
1177180 1412.2
1177190 1408.1
1177200 1405.5
1177210 1405.5
1177220 1403.9
1177230 1399.4
1177240 1399.4
1177250 1394.1
1177260 1391.8
1177270 1391.8
1177280 1390.2
1177290 1387.5
1177300 1387.5
1177310 1383.9
1177320 1380.1
1177330 1377.7
1177340 1377.7
1177350 1375.2
1177360 1372.0
1177370 1372.0
1177380 1368.7
1177390 1365.5
1177400 1365.5
1177410 1362.0
1177420 1360.2
1177430 1360.2
1177440 1357.6
1177450 1354.8
1177460 1354.8
1177470 1351.0
1177480 1347.8
1177490 1347.8
1177500 1344.3
1177510 1341.4
1177520 1341.4
1177530 1338.4
1177540 1335.1
1177550 1335.1
1177560 1332.6
1177570 1330.8
1177580 1330.8
1177590 1323.9
1177600 1321.0
1177610 1321.0
1177620 1315.5
1177630 1310.4
1177640 1310.4
1177650 1305.7
1177660 1302.8
1177670 1300.9
1177680 1300.9
1177690 1299.5
1177700 1298.6
1177710 1298.6
1177720 1297.6
1177730 1296.3
1177740 1296.3
1177750 1295.1
1177760 1293.8
1177770 1293.8
1177780 1291.8
1177790 1288.9
1177800 1288.9
1177810 1284.7
1177820 1278.9
1177830 1278.9
1177840 1272.7
1177850 1265.7
1177860 1265.7
1177870 1257.7
1177880 1249.8
1177890 1249.8
1177900 1242.2
1177910 1233.5
1177920 1233.5
1177930 1220.8
1177940 1198.9
1177950 1198.9
1177960 1185.4
1177970 1192.1
1177980 1204.2
1177990 1204.2
1178000 1213.8
1178010 1219.4
1178020 1219.4
1178030 1228.0
1178040 1237.1
1178050 1237.1
1178060 1242.2
1178070 1245.4
1178080 1245.4
1178090 1248.9
1178100 1251.8
1178110 1251.8
1178120 1252.5
1178130 1252.7
1178140 1252.7
1178150 1253.9
1178160 1255.0
1178170 1255.0
1178180 1254.7
1178190 1254.3
1178200 1254.3
1178210 1252.8
1178220 1250.4
1178230 1250.4
1178240 1247.6
1178250 1244.6
1178260 1244.6
1178270 1243.3
1178280 1240.1
1178290 1240.1
1178300 1238.9
1178310 1240.0
1178320 1241.6
1178330 1241.6
1178340 1242.1
1178350 1243.2
1178360 1243.2
1178370 1244.0
1178380 1243.3
1178390 1243.3
1178400 1242.3
1178410 1242.3
1178420 1242.3
1178430 1236.6
1178440 1235.6
1178450 1235.6
1178460 1235.0
1178470 1233.9
1178480 1233.9
1178490 1232.3
1178500 1228.2
1178510 1228.2
1178520 1221.9
1178530 1219.6
1178540 1219.6
1178550 1221.8
1178560 1225.8
1178570 1225.8
1178580 1225.9
1178590 1226.5
1178600 1226.5
1178610 1226.4
1178620 1226.2
1178630 1226.2
1178640 1226.3
1178650 1224.5
1178660 1223.0
1178670 1223.0
1178680 1225.4
1178690 1226.5
1178700 1226.5
1178710 1225.9
1178720 1224.9
1178730 1224.9
1178740 1223.1
1178750 1221.2
1178760 1221.2
1178770 1219.7
1178780 1217.7
1178790 1217.7
1178800 1213.0
1178810 1214.4
1178820 1214.4
1178830 1217.5
1178840 1212.1
1178850 1212.1
1178860 1211.6
1178870 1210.0
1178880 1210.0
1178890 1208.8
1178900 1208.8
1178910 1208.8
1178920 1210.8
1178930 1213.6
1178940 1213.6
1178950 1216.0
1178960 1216.2
1178970 1216.2
1178980 1213.6
1178990 1209.7
1179000 1205.2
1179010 1205.2
1179020 1200.1
1179030 1196.3
1179040 1196.3
1179050 1194.4
1179060 1192.4
1179070 1192.4
1179080 1190.2
1179090 1185.8
1179100 1185.8
1179110 1180.1
1179120 1183.7
1179130 1183.7
1179140 1185.6
1179150 1184.3
1179160 1184.3
1179170 1187.2
1179180 1188.1
1179190 1188.1
1179200 1186.4
1179210 1182.8
1179220 1182.8
1179230 1181.0
1179240 1180.4
1179250 1180.4
1179260 1176.1
1179270 1173.9
1179280 1173.9
1179290 1168.0
1179300 1164.8
1179310 1162.6
1179320 1162.6
1179330 1164.3
1179340 1162.7
1179350 1162.7
1179360 1161.2
1179370 1160.4
1179380 1160.4
1179390 1162.8
1179400 1167.2
1179410 1167.2
1179420 1169.5
1179430 1166.7
1179440 1166.7
1179450 1163.8
1179460 1162.9
1179470 1162.9
1179480 1160.0
1179490 1156.3
1179500 1156.3
1179510 1155.5
1179520 1155.5
1179530 1155.5
1179540 1154.8
1179550 1154.7
1179560 1154.7
1179570 1156.3
1179580 1158.1
1179590 1158.1
1179600 1158.5
1179610 1158.9
1179620 1158.9
1179630 1160.0
1179640 1159.7
1179650 1157.1
1179660 1157.1
1179670 1154.3
1179680 1148.7
1179690 1148.7
1179700 1147.6
1179710 1147.0
1179720 1147.0
1179730 1142.2
1179740 1137.5
1179750 1137.5
1179760 1134.0
1179770 1130.0
1179780 1130.0
1179790 1125.2
1179800 1119.3
1179810 1119.3
1179820 1112.4
1179830 1108.5
1179840 1108.5
1179850 1107.6
1179860 1105.6
1179870 1105.6
1179880 1099.6
1179890 1091.8
1179900 1091.8
1179910 1089.1
1179920 1092.7
1179930 1092.7
1179940 1093.7
1179950 1096.1
1179960 1096.1
1179970 1096.8
1179980 1096.8
1179990 1094.0
