1164390 1771.3
1164400 1771.5
1164410 1771.5
1164420 1772.9
1164430 1774.3
1164440 1774.3
1164450 1776.3
1164460 1778.3
1164470 1778.3
1164480 1779.8
1164490 1781.2
1164500 1781.2
1164510 1782.7
1164520 1784.6
1164530 1790.9
1164540 1792.9
1164550 1794.3
1164560 1794.3
1164570 1795.6
1164580 1797.1
1164590 1797.1
1164600 1798.5
1164610 1800.7
1164620 1800.7
1164630 1803.1
1164640 1805.4
1164650 1805.4
1164660 1807.4
1164670 1809.4
1164680 1811.7
1164690 1811.7
1164700 1814.7
1164710 1818.7
1164720 1818.7
1164730 1823.2
1164740 1827.1
1164750 1827.1
1164760 1830.4
1164770 1834.4
1164780 1834.4
1164790 1839.0
1164800 1843.2
1164810 1843.2
1164820 1849.3
1164830 1855.9
1164840 1855.9
1164850 1867.9
1164860 1875.7
1164870 1875.7
1164880 1879.0
1164890 1885.2
1164900 1885.2
1164910 1892.2
1164920 1899.7
1164930 1906.6
1164940 1913.0
1164950 1919.7
1164960 1919.7
1164970 1924.9
1164980 1932.0
1164990 1932.0
1165000 1944.2
1165010 1956.5
1165020 1962.4
1165030 1962.4
1165040 1965.8
1165050 1971.2
1165060 1971.2
1165070 1980.2
1165080 1991.0
1165090 1991.0
1165100 2000.7
1165110 2009.2
1165120 2009.2
1165130 2019.2
1165140 2028.7
1165150 2028.7
1165160 2036.3
1165170 2044.2
1165180 2044.2
1165190 2053.2
1165200 2061.2
1165210 2061.2
1165220 2063.9
1165230 2060.9
1165240 2060.9
1165250 2056.9
1165260 2054.2
1165270 2054.2
1165280 2052.0
1165290 2049.8
1165300 2049.8
1165310 2047.5
1165320 2045.5
1165330 2038.6
1165340 2037.4
1165350 2035.7
1165360 2032.6
1165370 2032.6
1165380 2029.4
1165390 2026.0
1165400 2026.0
1165410 2023.5
1165420 2022.1
1165430 2022.1
1165440 2019.4
1165450 2017.1
1165460 2017.1
1165470 2013.5
1165480 2011.9
1165490 2011.9
1165500 2012.5
1165510 2011.7
1165520 2011.7
1165530 2009.0
1165540 2005.5
1165550 2005.5
1165560 2005.9
1165570 2007.2
1165580 2007.2
1165590 2008.2
1165600 2007.7
1165610 2007.7
1165620 2005.4
1165630 2002.7
1165640 2002.7
1165650 2003.6
1165660 1997.8
1165670 1997.8
1165680 1991.2
1165690 1985.7
1165700 1981.3
1165710 1981.3
1165720 1977.5
1165730 1967.8
1165740 1967.8
1165750 1965.6
1165760 1963.1
1165770 1963.1
1165780 1962.8
1165790 1965.0
1165800 1965.0
1165810 1964.9
1165820 1966.7
1165830 1966.7
1165840 1970.6
1165850 1966.8
1165860 1966.8
1165870 1963.3
1165880 1962.7
1165890 1962.7
1165900 1954.8
1165910 1946.5
1165920 1946.5
1165930 1945.2
1165940 1945.0
1165950 1945.0
1165960 1942.9
1165970 1944.3
1165980 1944.3
1165990 1945.9
1166000 1946.0
1166010 1946.0
1166020 1946.6
1166030 1935.5
1166040 1918.6
1166050 1918.6
1166060 1907.4
1166070 1898.4
1166080 1898.4
1166090 1890.8
1166100 1884.8
1166110 1884.8
1166120 1881.0
1166130 1870.8
1166140 1870.8
1166150 1869.6
1166160 1871.3
1166170 1871.3
1166180 1874.9
1166190 1878.8
1166200 1878.8
1166210 1881.9
1166220 1884.8
1166230 1884.8
1166240 1886.9
1166250 1890.0
1166260 1890.0
1166270 1891.7
1166280 1890.5
1166290 1890.5
1166300 1888.2
1166310 1886.9
1166320 1886.9
1166330 1886.6
1166340 1882.2
1166350 1862.6
1166360 1862.6
1166370 1850.6
1166380 1851.3
1166390 1851.3
1166400 1855.4
1166410 1858.1
1166420 1858.1
1166430 1859.4
1166440 1860.8
1166450 1860.8
1166460 1861.1
1166470 1862.0
1166480 1862.0
1166490 1863.2
1166500 1865.6
1166510 1865.6
1166520 1869.9
1166530 1866.4
1166540 1866.4
1166550 1874.3
1166560 1874.6
1166570 1874.6
1166580 1871.0
1166590 1870.4
1166600 1870.4
1166610 1872.0
1166620 1871.5
1166630 1871.5
1166640 1869.7
1166650 1867.6
1166660 1867.6
1166670 1864.6
1166680 1861.7
1166690 1857.7
1166700 1857.7
1166710 1852.1
1166720 1849.2
1166730 1849.2
1166740 1849.1
1166750 1844.4
1166760 1844.4
1166770 1836.1
1166780 1827.7
1166790 1827.7
1166800 1820.6
1166810 1816.6
1166820 1816.6
1166830 1813.2
1166840 1807.8
1166850 1807.8
1166860 1801.4
1166870 1792.2
1166880 1792.2
1166890 1782.4
1166900 1774.4
1166910 1774.4
1166920 1764.7
1166930 1756.3
1166940 1756.3
1166950 1748.3
1166960 1741.3
1166970 1741.3
1166980 1733.6
1166990 1725.4
1167000 1725.4
1167010 1714.5
1167020 1703.0
1167030 1695.4
1167040 1695.4
1167050 1689.9
1167060 1683.5
1167070 1683.5
1167080 1677.2
1167090 1672.5
1167100 1672.5
1167110 1668.7
1167120 1665.2
1167130 1665.2
1167140 1663.0
1167150 1660.3
1167160 1660.3
1167170 1657.7
1167180 1655.1
1167190 1655.1
1167200 1652.7
1167210 1651.8
1167220 1651.8
1167230 1649.1
1167240 1644.6
1167250 1644.6
1167260 1641.9
1167270 1641.2
1167280 1641.2
1167290 1640.8
1167300 1641.6
1167310 1641.6
1167320 1640.6
1167330 1641.7
1167340 1635.2
1167350 1637.6
1167360 1639.6
1167370 1643.2
1167380 1643.2
1167390 1649.5
1167400 1650.2
1167410 1650.2
1167420 1650.2
1167430 1649.7
1167440 1649.7
1167450 1648.1
1167460 1647.3
1167470 1647.3
1167480 1647.5
1167490 1647.5
1167500 1647.5
1167510 1646.7
1167520 1643.4
1167530 1643.4
1167540 1639.3
1167550 1635.4
1167560 1635.4
1167570 1634.1
1167580 1634.2
1167590 1634.2
1167600 1635.1
1167610 1634.7
1167620 1634.7
1167630 1634.3
1167640 1634.8
1167650 1634.8
1167660 1633.7
1167670 1632.7
1167680 1632.7
1167690 1634.9
1167700 1634.5
1167710 1632.7
1167720 1632.7
1167730 1630.6
1167740 1619.4
1167750 1619.4
1167760 1616.7
1167770 1614.0
1167780 1614.0
1167790 1613.0
1167800 1611.6
1167810 1611.6
1167820 1610.8
1167830 1610.4
1167840 1610.4
1167850 1609.8
1167860 1608.5
1167870 1608.5
1167880 1606.3
1167890 1603.9
1167900 1603.9
1167910 1601.5
1167920 1597.4
1167930 1597.4
1167940 1594.9
1167950 1592.7
1167960 1592.7
1167970 1590.1
1167980 1585.3
1167990 1585.3
1168000 1582.3
1168010 1581.0
1168020 1581.0
1168030 1579.0
1168040 1575.0
1168050 1570.2
1168060 1570.2
1168070 1567.0
1168080 1563.8
1168090 1563.8
1168100 1561.4
1168110 1559.6
1168120 1559.6
1168130 1557.1
1168140 1548.4
1168150 1548.4
1168160 1545.0
1168170 1541.3
1168180 1541.3
1168190 1538.1
1168200 1535.7
1168210 1535.7
1168220 1533.6
1168230 1530.6
1168240 1530.6
1168250 1526.8
1168260 1522.8
1168270 1522.8
1168280 1518.8
1168290 1514.7
1168300 1514.7
1168310 1510.4
1168320 1506.2
1168330 1506.2
1168340 1501.5
1168350 1496.1
1168360 1496.1
1168370 1489.4
1168380 1482.8
1168390 1476.0
1168400 1476.0
1168410 1468.8
1168420 1463.3
1168430 1463.3
1168440 1460.7
1168450 1459.5
1168460 1459.5
1168470 1457.2
1168480 1453.5
1168490 1453.5
1168500 1448.5
1168510 1442.3
1168520 1442.3
1168530 1436.2
1168540 1428.1
1168550 1418.1
1168560 1409.4
1168570 1398.2
1168580 1398.2
1168590 1387.8
1168600 1379.3
1168610 1379.3
1168620 1370.2
1168630 1362.6
1168640 1362.6
1168650 1355.2
1168660 1348.6
1168670 1348.6
1168680 1343.4
1168690 1338.9
1168700 1338.9
1168710 1334.1
1168720 1329.3
1168730 1324.5
1168740 1324.5
1168750 1319.6
1168760 1313.3
1168770 1313.3
1168780 1306.2
1168790 1298.9
1168800 1298.9
1168810 1291.0
1168820 1283.0
1168830 1283.0
1168840 1276.9
1168850 1271.8
1168860 1271.8
1168870 1265.4
1168880 1258.7
1168890 1258.7
1168900 1252.1
1168910 1245.5
1168920 1245.5
1168930 1238.6
1168940 1233.2
1168950 1228.9
1168960 1224.1
1168970 1218.7
1168980 1218.7
1168990 1213.6
1169000 1208.3
1169010 1208.3
1169020 1202.9
1169030 1197.5
1169040 1197.5
1169050 1192.2
1169060 1187.2
1169070 1182.0
1169080 1182.0
1169090 1176.6
1169100 1170.8
1169110 1170.8
1169120 1165.5
1169130 1164.6
1169140 1164.6
1169150 1164.6
1169160 1164.6
1169170 1164.6
1169180 1164.6
1169190 1164.6
1169200 1164.6
1169210 1164.6
1169220 1164.6
1169230 1164.6
1169240 1164.6
1169250 1164.6
1169260 1164.6
1169270 1164.6
1169280 1164.6
1169290 1164.6
1169300 1164.6
1169310 1164.6
1169320 1164.6
1169330 1164.6
1169340 1164.6
1169350 1164.6
1169360 1164.6
1169370 1164.6
1169380 1164.6
1169390 1164.6
1169400 1164.6
1169410 1164.6
1169420 1164.6
1169430 1164.6
1169440 1164.6
1169450 1164.6
1169460 1164.6
1169470 1164.6
1169480 1164.6
1169490 1164.6
1169500 1164.6
1169510 1164.6
1169520 1164.6
1169530 1164.6
1169540 1164.6
1169550 1164.6
1169560 1164.6
1169570 1164.6
1169580 1164.6
1169590 1164.6
1169600 1164.6
1169610 1164.6
1169620 1164.6
1169630 1164.6
1169640 1164.6
1169650 1164.6
1169660 1164.6
1169670 1164.6
1169680 1164.6
1169690 1164.6
1169700 1164.6
1169710 1164.6
1169720 1164.6
1169730 1164.6
1169740 1164.6
1169750 1164.6
1169760 1164.6
1169770 1164.8
1169780 1165.7
1169790 1165.7
1169800 1166.8
1169810 1167.8
1169820 1167.8
1169830 1168.8
1169840 1169.9
1169850 1169.9
1169860 1170.9
1169870 1171.7
1169880 1171.7
1169890 1172.7
1169900 1174.4
1169910 1174.4
1169920 1176.3
1169930 1178.4
1169940 1178.4
1169950 1180.8
1169960 1183.6
1169970 1183.6
1169980 1186.0
1169990 1188.5
1170000 1188.5
1170010 1191.3
1170020 1194.7
1170030 1194.7
1170040 1197.8
1170050 1201.2
1170060 1204.9
1170070 1204.9
1170080 1208.3
1170090 1210.7
1170100 1210.7
1170110 1212.8
1170120 1214.9
1170130 1214.9
1170140 1216.8
1170150 1218.6
1170160 1218.6
1170170 1224.1
1170180 1226.3
1170190 1226.3
1170200 1229.8
1170210 1233.8
1170220 1233.8
1170230 1237.9
1170240 1241.4
1170250 1241.4
1170260 1244.4
1170270 1249.4
1170280 1249.4
1170290 1255.1
1170300 1260.3
1170310 1260.3
1170320 1265.9
1170330 1271.2
1170340 1271.2
1170350 1276.1
1170360 1281.8
1170370 1281.8
1170380 1288.0
1170390 1294.2
1170400 1300.4
1170410 1300.4
1170420 1305.7
1170430 1310.4
1170440 1310.4
1170450 1315.2
1170460 1319.4
1170470 1319.4
1170480 1322.9
1170490 1327.0
1170500 1327.0
1170510 1331.6
1170520 1336.6
1170530 1336.6
1170540 1342.1
1170550 1349.1
1170560 1349.1
1170570 1360.7
1170580 1367.3
1170590 1367.3
1170600 1373.4
1170610 1379.2
1170620 1379.2
1170630 1384.8
1170640 1390.4
1170650 1390.4
1170660 1395.7
1170670 1401.3
1170680 1401.3
1170690 1406.5
1170700 1411.2
1170710 1411.2
1170720 1415.3
1170730 1419.7
1170740 1425.8
1170750 1425.8
1170760 1431.9
1170770 1438.5
1170780 1438.5
1170790 1445.3
1170800 1452.9
1170810 1452.9
1170820 1462.4
1170830 1470.5
1170840 1470.5
1170850 1477.8
1170860 1485.4
1170870 1485.4
1170880 1493.2
1170890 1501.2
1170900 1501.2
1170910 1509.5
1170920 1519.8
1170930 1519.8
1170940 1536.2
1170950 1549.5
1170960 1549.5
1170970 1558.6
1170980 1568.4
1170990 1568.4
1171000 1574.6
1171010 1580.7
1171020 1580.7
1171030 1587.1
1171040 1593.4
1171050 1593.4
1171060 1597.8
1171070 1598.8
1171080 1597.1
1171090 1597.1
1171100 1586.4
1171110 1573.3
1171120 1573.3
1171130 1564.4
1171140 1555.2
1171150 1555.2
1171160 1545.1
1171170 1537.9
1171180 1537.9
1171190 1532.5
1171200 1528.6
1171210 1528.6
1171220 1525.6
1171230 1523.2
1171240 1523.2
1171250 1521.4
1171260 1522.9
1171270 1522.9
1171280 1525.4
1171290 1523.6
1171300 1523.6
1171310 1521.1
1171320 1519.6
1171330 1519.6
1171340 1519.4
1171350 1520.5
1171360 1520.5
1171370 1521.2
1171380 1521.8
1171390 1526.6
1171400 1526.9
1171410 1527.4
1171420 1528.0
1171430 1528.0
1171440 1527.7
1171450 1527.3
1171460 1527.3
1171470 1526.3
1171480 1524.9
1171490 1524.9
1171500 1522.7
1171510 1520.7
1171520 1520.7
1171530 1518.0
1171540 1514.9
1171550 1514.9
1171560 1511.8
1171570 1509.2
1171580 1509.2
1171590 1506.8
1171600 1502.5
1171610 1502.5
1171620 1497.2
1171630 1490.7
1171640 1490.7
1171650 1487.3
1171660 1496.2
1171670 1496.2
1171680 1510.5
1171690 1522.0
1171700 1522.0
1171710 1528.9
1171720 1533.1
1171730 1533.1
1171740 1537.6
1171750 1541.3
1171760 1544.3
1171770 1544.3
1171780 1548.4
1171790 1553.2
1171800 1561.1
1171810 1564.1
1171820 1564.3
1171830 1564.3
1171840 1564.0
1171850 1565.0
1171860 1565.0
1171870 1566.6
1171880 1568.2
1171890 1568.2
1171900 1569.9
1171910 1572.4
1171920 1572.4
1171930 1576.6
1171940 1583.5
1171950 1583.5
1171960 1590.5
1171970 1597.4
1171980 1597.4
1171990 1603.2
1172000 1602.4
1172010 1602.4
1172020 1597.0
1172030 1604.8
1172040 1604.8
1172050 1612.3
1172060 1613.5
1172070 1614.9
1172080 1614.9
1172090 1612.9
1172100 1612.6
1172110 1612.6
1172120 1616.0
1172130 1622.7
1172140 1622.7
1172150 1630.3
1172160 1637.0
1172170 1637.0
1172180 1640.3
1172190 1638.7
1172200 1638.7
1172210 1647.5
1172220 1649.2
1172230 1649.2
1172240 1654.7
1172250 1664.5
1172260 1664.5
1172270 1674.8
1172280 1684.4
1172290 1684.4
1172300 1692.0
1172310 1700.3
1172320 1700.3
1172330 1709.7
1172340 1720.2
1172350 1720.2
1172360 1725.6
1172370 1731.9
1172380 1731.9
1172390 1743.4
1172400 1754.4
1172410 1766.7
1172420 1766.7
1172430 1779.6
1172440 1787.9
1172450 1787.9
1172460 1799.5
1172470 1814.9
1172480 1814.9
1172490 1828.4
1172500 1829.1
1172510 1829.1
1172520 1821.9
1172530 1817.2
1172540 1817.2
1172550 1820.4
1172560 1829.8
1172570 1829.8
1172580 1832.2
1172590 1826.0
1172600 1826.0
1172610 1824.4
1172620 1833.7
1172630 1833.7
1172640 1839.5
1172650 1847.4
1172660 1847.4
1172670 1854.0
1172680 1858.3
1172690 1858.3
1172700 1863.8
1172710 1869.6
1172720 1869.6
1172730 1876.4
1172740 1883.9
1172750 1892.3
1172760 1892.3
1172770 1901.6
1172780 1913.1
1172790 1913.1
1172800 1924.5
1172810 1936.9
1172820 1936.9
1172830 1947.3
1172840 1959.9
1172850 1959.9
1172860 1974.4
1172870 1972.1
1172880 1972.1
1172890 1964.2
1172900 1958.0
1172910 1958.0
1172920 1951.3
1172930 1944.2
1172940 1944.2
1172950 1937.2
1172960 1930.3
1172970 1930.3
1172980 1923.6
1172990 1917.1
1173000 1917.1
1173010 1910.9
1173020 1905.1
1173030 1906.5
1173040 1901.5
1173050 1895.8
1173060 1895.8
1173070 1889.3
1173080 1883.6
1173090 1878.6
1173100 1878.6
1173110 1873.8
1173120 1869.1
1173130 1869.1
1173140 1864.4
1173150 1859.6
1173160 1859.6
1173170 1855.0
1173180 1850.6
1173190 1850.6
1173200 1846.3
1173210 1842.3
1173220 1842.3
1173230 1838.1
1173240 1834.2
1173250 1834.2
1173260 1830.5
1173270 1826.9
1173280 1826.9
1173290 1823.6
1173300 1820.4
1173310 1820.4
1173320 1817.3
1173330 1814.7
1173340 1814.7
1173350 1812.1
1173360 1810.0
1173370 1810.0
1173380 1808.4
1173390 1807.0
1173400 1807.0
1173410 1805.7
1173420 1803.8
1173430 1801.8
1173440 1801.0
1173450 1798.4
1173460 1795.9
1173470 1795.9
1173480 1793.5
1173490 1791.3
1173500 1791.3
1173510 1788.4
1173520 1785.8
1173530 1785.8
1173540 1783.1
1173550 1780.0
1173560 1780.0
1173570 1778.2
1173580 1777.7
1173590 1777.7
1173600 1775.6
1173610 1769.3
1173620 1769.3
1173630 1762.1
1173640 1756.3
1173650 1756.3
1173660 1751.0
1173670 1746.2
1173680 1746.2
1173690 1742.2
1173700 1738.9
1173710 1738.9
1173720 1735.9
1173730 1732.9
1173740 1732.9
1173750 1729.5
1173760 1726.3
1173770 1723.9
1173780 1723.9
1173790 1722.4
1173800 1721.3
1173810 1721.3
1173820 1719.2
1173830 1716.4
1173840 1716.4
1173850 1713.0
1173860 1709.5
1173870 1709.5
1173880 1704.7
1173890 1701.4
1173900 1701.4
1173910 1699.4
1173920 1698.2
1173930 1698.2
1173940 1698.0
1173950 1699.0
1173960 1699.0
1173970 1700.3
1173980 1698.3
1173990 1698.3
1174000 1694.8
1174010 1691.0
1174020 1691.0
1174030 1686.8
1174040 1682.3
1174050 1682.3
1174060 1677.7
1174070 1673.1
1174080 1673.1
1174090 1668.4
1174100 1665.1
1174110 1662.1
1174120 1662.1
1174130 1659.1
1174140 1654.4
1174150 1654.4
1174160 1649.2
1174170 1643.5
1174180 1643.5
1174190 1637.3
1174200 1631.0
1174210 1631.0
1174220 1625.0
1174230 1619.5
1174240 1619.5
1174250 1614.2
1174260 1612.9
1174270 1612.9
1174280 1609.6
1174290 1604.1
1174300 1604.1
1174310 1596.2
1174320 1588.8
1174330 1588.8
1174340 1588.2
1174350 1589.8
1174360 1589.8
1174370 1589.5
1174380 1587.1
1174390 1587.1
1174400 1584.3
1174410 1582.3
1174420 1580.2
1174430 1580.2
1174440 1578.5
1174450 1577.4
1174460 1577.4
1174470 1576.7
1174480 1574.5
1174490 1574.5
1174500 1571.1
1174510 1569.4
1174520 1569.4
1174530 1568.7
1174540 1567.1
1174550 1567.1
1174560 1565.5
1174570 1564.1
1174580 1564.1
1174590 1562.0
1174600 1559.4
1174610 1559.4
1174620 1554.3
1174630 1555.7
1174640 1555.7
1174650 1558.3
1174660 1558.1
1174670 1564.5
1174680 1563.7
1174690 1563.6
1174700 1563.6
1174710 1563.6
1174720 1563.8
1174730 1563.8
1174740 1569.4
1174750 1574.8
1174760 1579.8
1174770 1579.8
1174780 1584.8
1174790 1589.7
1174800 1589.7
1174810 1595.2
1174820 1600.4
1174830 1600.4
1174840 1604.4
1174850 1607.8
1174860 1607.8
1174870 1611.0
1174880 1614.1
1174890 1614.1
1174900 1617.4
1174910 1622.4
1174920 1622.4
1174930 1626.3
1174940 1630.1
1174950 1630.1
1174960 1634.2
1174970 1638.3
1174980 1638.3
1174990 1641.9
1175000 1645.6
1175010 1645.6
1175020 1650.0
1175030 1655.6
1175040 1655.6
1175050 1661.4
1175060 1660.9
1175070 1660.9
1175080 1669.2
1175090 1666.8
1175100 1670.4
1175110 1670.4
1175120 1677.0
1175130 1683.7
1175140 1683.7
1175150 1690.2
1175160 1696.7
1175170 1696.7
1175180 1702.9
1175190 1709.6
1175200 1709.6
1175210 1718.6
1175220 1733.2
1175230 1733.2
1175240 1751.3
1175250 1765.4
1175260 1765.4
1175270 1775.6
1175280 1790.6
1175290 1790.6
1175300 1803.4
1175310 1811.0
1175320 1811.0
1175330 1815.6
1175340 1810.3
1175350 1810.3
1175360 1824.4
1175370 1834.5
1175380 1834.5
1175390 1831.9
1175400 1834.7
1175410 1834.7
1175420 1828.3
1175430 1819.3
1175440 1815.0
1175450 1815.0
1175460 1815.2
1175470 1829.5
1175480 1829.5
1175490 1854.0
1175500 1852.7
1175510 1852.7
1175520 1890.7
1175530 1913.1
1175540 1913.1
1175550 1921.0
1175560 1926.9
1175570 1926.9
1175580 1935.7
1175590 1946.7
1175600 1946.7
1175610 1956.6
1175620 1965.3
1175630 1965.3
1175640 1973.6
1175650 1981.8
1175660 1981.8
1175670 1989.1
1175680 1996.4
1175690 1996.4
1175700 2003.7
1175710 2011.1
1175720 2011.1
1175730 2019.7
1175740 2029.9
1175750 2029.9
1175760 2044.5
1175770 2053.0
1175780 2049.4
1175790 2049.4
1175800 2042.1
1175810 2044.1
1175820 2044.1
1175830 2045.7
1175840 2052.4
1175850 2052.4
1175860 2056.3
1175870 2052.5
1175880 2052.5
1175890 2047.0
1175900 2039.6
1175910 2029.7
1175920 2020.7
1175930 2011.0
1175940 2011.0
1175950 2003.0
1175960 1995.7
1175970 1995.7
1175980 1988.9
1175990 1982.2
1176000 1982.2
1176010 1975.3
1176020 1968.5
1176030 1968.5
1176040 1962.4
1176050 1956.0
1176060 1956.0
1176070 1949.2
1176080 1943.0
1176090 1943.0
1176100 1936.9
1176110 1931.1
1176120 1925.8
1176130 1925.8
1176140 1920.3
1176150 1914.7
1176160 1914.7
1176170 1909.9
1176180 1904.8
1176190 1904.8
1176200 1899.8
1176210 1895.2
1176220 1895.2
1176230 1890.6
1176240 1886.3
1176250 1886.3
1176260 1882.5
1176270 1879.0
1176280 1879.0
1176290 1875.3
1176300 1871.8
1176310 1871.8
1176320 1867.0
1176330 1864.8
1176340 1864.8
1176350 1864.3
1176360 1864.0
1176370 1864.0
1176380 1864.2
1176390 1862.1
1176400 1862.1
1176410 1860.5
1176420 1862.0
1176430 1862.0
1176440 1863.8
1176450 1864.0
1176460 1861.6
1176470 1861.6
1176480 1860.1
1176490 1860.9
1176500 1860.9
1176510 1859.1
1176520 1856.6
1176530 1856.6
1176540 1854.9
1176550 1854.0
1176560 1854.0
1176570 1854.1
1176580 1853.1
1176590 1853.1
1176600 1852.1
1176610 1851.2
1176620 1851.2
1176630 1850.2
1176640 1849.0
1176650 1849.0
1176660 1847.8
1176670 1846.2
1176680 1846.2
1176690 1845.1
1176700 1843.5
1176710 1843.5
1176720 1841.2
1176730 1837.9
1176740 1833.3
1176750 1830.5
1176760 1827.8
1176770 1824.6
1176780 1824.6
1176790 1821.0
1176800 1816.8
1176810 1816.8
1176820 1812.7
1176830 1807.6
1176840 1807.6
1176850 1803.4
1176860 1800.1
1176870 1800.1
1176880 1797.3
1176890 1794.7
1176900 1794.7
1176910 1792.4
1176920 1790.2
1176930 1790.2
1176940 1787.9
1176950 1785.6
1176960 1785.6
1176970 1783.5
1176980 1781.9
1176990 1781.9
1177000 1780.1
1177010 1777.0
1177020 1777.0
1177030 1773.1
1177040 1768.7
1177050 1768.7
1177060 1764.5
1177070 1760.3
1177080 1760.3
1177090 1755.9
1177100 1751.5
1177110 1747.6
1177120 1747.6
1177130 1743.2
1177140 1738.3
1177150 1739.4
1177160 1734.8
1177170 1730.0
1177180 1730.0
1177190 1724.9
1177200 1720.1
1177210 1720.1
1177220 1715.9
1177230 1711.5
1177240 1711.5
1177250 1706.4
1177260 1698.1
1177270 1698.1
1177280 1688.3
1177290 1681.1
1177300 1681.1
1177310 1674.5
1177320 1667.2
1177330 1667.2
1177340 1658.8
1177350 1649.6
1177360 1649.6
1177370 1639.4
1177380 1631.1
1177390 1631.1
1177400 1623.7
1177410 1617.5
1177420 1617.5
1177430 1614.3
1177440 1612.0
1177450 1607.8
1177460 1607.8
1177470 1602.6
1177480 1596.7
1177490 1596.7
1177500 1591.2
1177510 1587.5
1177520 1587.5
1177530 1584.4
1177540 1579.6
1177550 1579.6
1177560 1577.2
1177570 1578.3
1177580 1578.3
1177590 1581.4
1177600 1584.6
1177610 1584.6
1177620 1586.4
1177630 1588.1
1177640 1588.1
1177650 1589.1
1177660 1589.1
1177670 1589.1
1177680 1588.7
1177690 1588.9
1177700 1588.9
1177710 1590.4
1177720 1590.1
1177730 1590.1
1177740 1589.4
1177750 1589.3
1177760 1589.3
1177770 1588.7
1177780 1593.1
1177790 1595.1
1177800 1595.1
1177810 1596.9
1177820 1600.1
1177830 1600.1
1177840 1604.4
1177850 1612.4
1177860 1612.4
1177870 1619.6
1177880 1625.6
1177890 1625.6
1177900 1632.0
1177910 1639.4
1177920 1639.4
1177930 1648.1
1177940 1657.5
1177950 1657.5
1177960 1666.5
1177970 1675.2
1177980 1675.2
1177990 1674.5
1178000 1688.7
1178010 1688.7
1178020 1700.5
1178030 1705.3
1178040 1705.3
1178050 1708.5
1178060 1712.5
1178070 1712.5
1178080 1718.6
1178090 1724.3
1178100 1724.3
1178110 1729.9
1178120 1734.8
1178130 1738.7
1178140 1738.7
1178150 1742.9
1178160 1746.7
1178170 1746.7
1178180 1751.9
1178190 1757.6
1178200 1757.6
1178210 1761.8
1178220 1762.5
1178230 1762.5
1178240 1764.8
1178250 1769.6
1178260 1769.6
1178270 1775.0
1178280 1783.8
1178290 1783.8
1178300 1794.0
1178310 1793.7
1178320 1793.7
1178330 1788.8
1178340 1780.7
1178350 1780.7
1178360 1773.0
1178370 1765.7
1178380 1765.7
1178390 1759.7
1178400 1750.6
1178410 1750.6
1178420 1744.5
1178430 1736.1
1178440 1736.1
1178450 1726.4
1178460 1714.6
1178470 1698.1
1178480 1698.1
1178490 1687.3
1178500 1678.7
1178510 1678.7
1178520 1673.1
1178530 1670.2
1178540 1670.2
1178550 1667.8
1178560 1665.2
1178570 1665.2
1178580 1659.1
1178590 1651.5
1178600 1651.5
1178610 1649.5
1178620 1648.0
1178630 1648.0
1178640 1641.8
1178650 1642.5
1178660 1642.5
1178670 1643.8
1178680 1643.1
1178690 1643.1
1178700 1641.6
1178710 1639.8
1178720 1639.8
1178730 1637.9
1178740 1635.8
1178750 1635.8
1178760 1633.7
1178770 1632.6
1178780 1631.9
1178790 1631.9
1178800 1630.0
1178810 1630.1
1178820 1624.1
1178830 1623.0
1178840 1621.7
1178850 1621.7
1178860 1619.9
1178870 1617.4
1178880 1617.4
1178890 1614.1
1178900 1610.3
1178910 1610.3
1178920 1604.8
1178930 1599.1
1178940 1599.1
1178950 1594.1
1178960 1588.0
1178970 1588.0
1178980 1583.4
1178990 1581.4
1179000 1581.4
1179010 1579.3
1179020 1575.0
1179030 1575.0
1179040 1570.8
1179050 1567.3
1179060 1567.3
1179070 1564.4
1179080 1559.2
1179090 1559.2
1179100 1556.5
1179110 1553.5
1179120 1550.4
1179130 1550.4
1179140 1545.4
1179150 1541.4
1179160 1541.4
1179170 1540.1
1179180 1538.0
1179190 1538.0
1179200 1537.5
1179210 1538.8
1179220 1538.8
1179230 1538.2
1179240 1530.3
1179250 1530.3
1179260 1530.2
1179270 1529.4
1179280 1529.4
1179290 1528.1
1179300 1528.1
1179310 1528.1
1179320 1531.8
1179330 1539.0
1179340 1539.0
1179350 1542.9
1179360 1539.2
1179370 1539.2
1179380 1532.7
1179390 1525.7
1179400 1525.7
1179410 1522.4
1179420 1522.1
1179430 1522.1
1179440 1520.7
1179450 1517.1
1179460 1511.3
1179470 1511.3
1179480 1505.9
1179490 1500.2
1179500 1500.2
1179510 1495.1
1179520 1491.9
1179530 1491.9
1179540 1488.1
1179550 1482.1
1179560 1482.1
1179570 1477.4
1179580 1475.5
1179590 1475.5
1179600 1472.6
1179610 1469.6
1179620 1469.6
1179630 1467.6
1179640 1464.9
1179650 1464.9
1179660 1458.1
1179670 1454.8
1179680 1454.8
1179690 1450.9
1179700 1446.9
1179710 1446.9
1179720 1444.3
1179730 1441.9
1179740 1441.9
1179750 1438.1
1179760 1434.9
1179770 1434.9
1179780 1431.0
1179790 1426.7
1179800 1422.7
1179810 1422.7
1179820 1418.7
1179830 1414.1
1179840 1414.1
1179850 1410.3
1179860 1407.3
1179870 1407.3
1179880 1403.5
1179890 1399.1
1179900 1399.1
1179910 1394.0
1179920 1387.6
1179930 1387.6
1179940 1383.4
1179950 1379.4
1179960 1379.4
1179970 1374.9
1179980 1370.1
1179990 1370.1
