1164280 1892.9
1164290 1892.9
1164300 1895.1
1164310 1900.2
1164320 1900.2
1164330 1905.5
1164340 1910.3
1164350 1914.4
1164360 1914.4
1164370 1918.6
1164380 1922.5
1164390 1922.5
1164400 1927.0
1164410 1930.8
1164420 1930.8
1164430 1932.2
1164440 1932.7
1164450 1940.0
1164460 1942.3
1164470 1940.5
1164480 1940.5
1164490 1933.5
1164500 1927.3
1164510 1927.3
1164520 1923.3
1164530 1924.1
1164540 1924.1
1164550 1926.8
1164560 1927.1
1164570 1927.1
1164580 1928.1
1164590 1931.6
1164600 1931.6
1164610 1932.7
1164620 1933.5
1164630 1933.5
1164640 1934.8
1164650 1936.2
1164660 1936.2
1164670 1938.6
1164680 1943.6
1164690 1950.2
1164700 1950.2
1164710 1952.3
1164720 1954.0
1164730 1954.0
1164740 1953.4
1164750 1955.6
1164760 1955.6
1164770 1959.6
1164780 1962.7
1164790 1962.7
1164800 1965.1
1164810 1967.8
1164820 1967.8
1164830 1971.4
1164840 1980.5
1164850 1980.5
1164860 1985.0
1164870 1989.0
1164880 1989.0
1164890 1992.6
1164900 1996.9
1164910 1996.9
1164920 2002.7
1164930 2007.7
1164940 2007.7
1164950 2010.8
1164960 2014.5
1164970 2014.5
1164980 2020.8
1164990 2027.5
1165000 2027.5
1165010 2035.1
1165020 2043.1
1165030 2050.2
1165040 2050.2
1165050 2058.1
1165060 2065.3
1165070 2065.3
1165080 2072.9
1165090 2078.6
1165100 2078.6
1165110 2080.9
1165120 2080.3
1165130 2080.3
1165140 2080.0
1165150 2079.3
1165160 2079.3
1165170 2077.4
1165180 2069.8
1165190 2069.8
1165200 2060.7
1165210 2048.0
1165220 2048.0
1165230 2031.8
1165240 2013.5
1165250 2013.5
1165260 1990.5
1165270 1963.0
1165280 1963.0
1165290 1954.3
1165300 1948.3
1165310 1948.3
1165320 1943.1
1165330 1938.6
1165340 1938.6
1165350 1934.3
1165360 1930.3
1165370 1926.3
1165380 1926.3
1165390 1922.4
1165400 1918.8
1165410 1918.8
1165420 1915.4
1165430 1912.1
1165440 1912.1
1165450 1908.8
1165460 1905.7
1165470 1905.7
1165480 1903.1
1165490 1901.0
1165500 1901.0
1165510 1899.4
1165520 1897.9
1165530 1897.9
1165540 1896.4
1165550 1894.7
1165560 1894.7
1165570 1893.2
1165580 1891.8
1165590 1891.8
1165600 1889.8
1165610 1887.6
1165620 1887.6
1165630 1884.8
1165640 1881.8
1165650 1877.7
1165660 1875.2
1165670 1873.8
1165680 1872.8
1165690 1872.8
1165700 1871.5
1165710 1869.7
1165720 1869.7
1165730 1868.2
1165740 1867.9
1165750 1867.9
1165760 1866.0
1165770 1862.7
1165780 1862.7
1165790 1859.1
1165800 1855.7
1165810 1855.7
1165820 1853.1
1165830 1850.6
1165840 1850.6
1165850 1848.4
1165860 1846.3
1165870 1846.3
1165880 1843.4
1165890 1838.8
1165900 1838.8
1165910 1832.9
1165920 1827.7
1165930 1827.7
1165940 1823.9
1165950 1820.5
1165960 1820.5
1165970 1817.0
1165980 1813.5
1165990 1813.5
1166000 1809.7
1166010 1805.5
1166020 1801.5
1166030 1801.5
1166040 1797.3
1166050 1789.4
1166060 1789.4
1166070 1785.6
1166080 1780.7
1166090 1780.7
1166100 1774.7
1166110 1771.4
1166120 1771.4
1166130 1769.3
1166140 1765.8
1166150 1765.8
1166160 1762.2
1166170 1757.7
1166180 1757.7
1166190 1753.9
1166200 1750.7
1166210 1750.7
1166220 1748.3
1166230 1746.2
1166240 1746.2
1166250 1743.5
1166260 1740.1
1166270 1740.1
1166280 1736.4
1166290 1732.8
1166300 1732.8
1166310 1728.7
1166320 1724.0
1166330 1724.0
1166340 1718.8
1166350 1713.7
1166360 1707.6
1166370 1707.6
1166380 1701.3
1166390 1698.7
1166400 1698.7
1166410 1699.1
1166420 1697.3
1166430 1697.3
1166440 1697.3
1166450 1689.8
1166460 1689.8
1166470 1687.7
1166480 1684.7
1166490 1684.7
1166500 1680.1
1166510 1675.2
1166520 1675.2
1166530 1671.3
1166540 1666.3
1166550 1666.3
1166560 1662.0
1166570 1658.4
1166580 1658.4
1166590 1655.0
1166600 1653.9
1166610 1653.9
1166620 1651.4
1166630 1643.3
1166640 1643.3
1166650 1637.4
1166660 1637.2
1166670 1637.2
1166680 1638.3
1166690 1639.0
1166700 1638.3
1166710 1638.3
1166720 1636.8
1166730 1636.8
1166740 1636.8
1166750 1637.6
1166760 1639.7
1166770 1639.7
1166780 1643.1
1166790 1641.8
1166800 1641.8
1166810 1637.8
1166820 1632.7
1166830 1632.7
1166840 1633.0
1166850 1619.3
1166860 1619.3
1166870 1620.7
1166880 1614.6
1166890 1614.6
1166900 1609.1
1166910 1612.3
1166920 1612.3
1166930 1614.4
1166940 1613.3
1166950 1613.3
1166960 1608.6
1166970 1606.9
1166980 1606.9
1166990 1597.0
1167000 1590.9
1167010 1590.9
1167020 1584.0
1167030 1581.4
1167040 1580.4
1167050 1580.4
1167060 1578.4
1167070 1575.6
1167080 1575.6
1167090 1572.8
1167100 1569.6
1167110 1569.6
1167120 1566.2
1167130 1562.9
1167140 1562.9
1167150 1560.0
1167160 1556.6
1167170 1556.6
1167180 1552.5
1167190 1547.4
1167200 1547.4
1167210 1542.7
1167220 1538.7
1167230 1538.7
1167240 1534.6
1167250 1525.4
1167260 1525.4
1167270 1520.3
1167280 1513.9
1167290 1513.9
1167300 1507.4
1167310 1500.8
1167320 1500.8
1167330 1496.1
1167340 1497.1
1167350 1497.1
1167360 1499.3
1167370 1499.4
1167380 1501.0
1167390 1501.0
1167400 1502.6
1167410 1501.6
1167420 1501.6
1167430 1501.7
1167440 1503.4
1167450 1503.4
1167460 1502.6
1167470 1501.9
1167480 1501.9
1167490 1502.0
1167500 1501.4
1167510 1501.4
1167520 1500.7
1167530 1497.6
1167540 1497.6
1167550 1493.4
1167560 1493.3
1167570 1493.3
1167580 1495.6
1167590 1497.3
1167600 1497.3
1167610 1498.1
1167620 1496.8
1167630 1496.8
1167640 1492.3
1167650 1481.1
1167660 1481.1
1167670 1475.9
1167680 1481.3
1167690 1481.3
1167700 1485.2
1167710 1483.5
1167720 1482.8
1167730 1482.8
1167740 1482.2
1167750 1481.3
1167760 1481.3
1167770 1478.9
1167780 1480.1
1167790 1480.1
1167800 1484.4
1167810 1486.9
1167820 1486.9
1167830 1487.6
1167840 1485.8
1167850 1485.8
1167860 1481.7
1167870 1474.4
1167880 1474.4
1167890 1467.6
1167900 1468.0
1167910 1468.0
1167920 1471.9
1167930 1473.3
1167940 1473.3
1167950 1473.1
1167960 1470.5
1167970 1470.5
1167980 1464.4
1167990 1458.4
1168000 1458.4
1168010 1454.8
1168020 1454.4
1168030 1454.4
1168040 1455.4
1168050 1456.8
1168060 1446.8
1168070 1446.8
1168080 1442.6
1168090 1441.3
1168100 1441.3
1168110 1440.2
1168120 1437.0
1168130 1437.0
1168140 1432.7
1168150 1428.2
1168160 1428.2
1168170 1424.1
1168180 1421.4
1168190 1421.4
1168200 1418.4
1168210 1415.3
1168220 1415.3
1168230 1413.9
1168240 1414.5
1168250 1414.5
1168260 1413.2
1168270 1409.8
1168280 1409.8
1168290 1405.7
1168300 1401.0
1168310 1401.0
1168320 1396.9
1168330 1393.3
1168340 1393.3
1168350 1389.3
1168360 1385.9
1168370 1381.9
1168380 1381.9
1168390 1377.5
1168400 1372.3
1168410 1372.3
1168420 1367.5
1168430 1363.2
1168440 1363.2
1168450 1358.6
1168460 1347.7
1168470 1347.7
1168480 1342.7
1168490 1337.6
1168500 1337.6
1168510 1333.0
1168520 1328.9
1168530 1328.9
1168540 1324.9
1168550 1320.7
1168560 1320.7
1168570 1316.7
1168580 1312.3
1168590 1312.3
1168600 1307.0
1168610 1302.3
1168620 1302.3
1168630 1300.0
1168640 1297.0
1168650 1297.0
1168660 1293.2
1168670 1288.2
1168680 1288.2
1168690 1283.0
1168700 1277.1
1168710 1271.2
1168720 1271.2
1168730 1264.1
1168740 1256.3
1168750 1256.3
1168760 1248.4
1168770 1240.7
1168780 1240.7
1168790 1234.3
1168800 1228.6
1168810 1228.6
1168820 1222.8
1168830 1216.9
1168840 1216.9
1168850 1210.5
1168860 1204.0
1168870 1200.8
1168880 1194.2
1168890 1187.6
1168900 1187.6
1168910 1181.2
1168920 1174.5
1168930 1174.5
1168940 1168.9
1168950 1165.2
1168960 1165.2
1168970 1164.6
1168980 1164.6
1168990 1164.6
1169000 1164.6
1169010 1164.6
1169020 1164.6
1169030 1164.6
1169040 1164.6
1169050 1164.6
1169060 1164.6
1169070 1164.6
1169080 1164.6
1169090 1164.6
1169100 1164.6
1169110 1164.6
1169120 1164.6
1169130 1164.6
1169140 1164.6
1169150 1164.6
1169160 1164.6
1169170 1164.6
1169180 1164.6
1169190 1164.6
1169200 1164.6
1169210 1164.6
1169220 1164.6
1169230 1164.6
1169240 1164.6
1169250 1164.6
1169260 1164.6
1169270 1164.6
1169280 1164.6
1169290 1164.6
1169300 1164.6
1169310 1164.6
1169320 1164.6
1169330 1164.6
1169340 1164.6
1169350 1164.6
1169360 1164.6
1169370 1164.6
1169380 1164.6
1169390 1164.6
1169400 1164.6
1169410 1164.6
1169420 1164.6
1169430 1164.6
1169440 1164.6
1169450 1164.6
1169460 1164.6
1169470 1164.6
1169480 1164.6
1169490 1164.6
1169500 1164.6
1169510 1164.6
1169520 1164.6
1169530 1164.6
1169540 1164.6
1169550 1164.6
1169560 1164.6
1169570 1164.6
1169580 1164.6
1169590 1164.6
1169600 1164.6
1169610 1164.6
1169620 1164.6
1169630 1164.6
1169640 1164.6
1169650 1164.6
1169660 1164.6
1169670 1164.6
1169680 1164.6
1169690 1164.6
1169700 1164.6
1169710 1164.6
1169720 1164.6
1169730 1164.6
1169740 1164.6
1169750 1164.6
1169760 1164.6
1169770 1164.6
1169780 1164.6
1169790 1164.6
1169800 1164.6
1169810 1164.6
1169820 1165.2
1169830 1165.2
1169840 1167.8
1169850 1170.5
1169860 1170.5
1169870 1173.5
1169880 1176.3
1169890 1176.3
1169900 1179.4
1169910 1182.4
1169920 1182.4
1169930 1185.6
1169940 1189.3
1169950 1189.3
1169960 1193.9
1169970 1199.1
1169980 1199.1
1169990 1204.5
1170000 1209.7
1170010 1209.7
1170020 1214.7
1170030 1219.4
1170040 1219.4
1170050 1223.7
1170060 1228.2
1170070 1233.1
1170080 1236.9
1170090 1241.7
1170100 1246.3
1170110 1246.3
1170120 1250.9
1170130 1255.7
1170140 1255.7
1170150 1260.5
1170160 1264.9
1170170 1264.9
1170180 1268.7
1170190 1272.6
1170200 1272.6
1170210 1277.2
1170220 1282.0
1170230 1282.0
1170240 1287.2
1170250 1292.6
1170260 1292.6
1170270 1298.4
1170280 1304.2
1170290 1304.2
1170300 1310.1
1170310 1315.9
1170320 1315.9
1170330 1321.5
1170340 1326.8
1170350 1326.8
1170360 1331.7
1170370 1336.7
1170380 1336.7
1170390 1341.9
1170400 1345.2
1170410 1344.7
1170420 1344.7
1170430 1348.8
1170440 1355.9
1170450 1355.9
1170460 1362.0
1170470 1367.3
1170480 1367.3
1170490 1375.5
1170500 1384.8
1170510 1384.8
1170520 1393.2
1170530 1400.1
1170540 1400.1
1170550 1406.2
1170560 1412.1
1170570 1412.1
1170580 1418.8
1170590 1425.6
1170600 1425.6
1170610 1431.8
1170620 1438.3
1170630 1438.3
1170640 1445.8
1170650 1453.8
1170660 1453.8
1170670 1462.0
1170680 1469.6
1170690 1469.6
1170700 1475.1
1170710 1480.0
1170720 1483.7
1170730 1483.7
1170740 1488.2
1170750 1493.0
1170760 1493.0
1170770 1496.8
1170780 1500.3
1170790 1500.3
1170800 1511.7
1170810 1535.7
1170820 1535.7
1170830 1570.8
1170840 1587.5
1170850 1587.5
1170860 1592.5
1170870 1593.4
1170880 1593.4
1170890 1594.6
1170900 1614.9
1170910 1614.9
1170920 1633.5
1170930 1658.4
1170940 1658.4
1170950 1666.4
1170960 1669.7
1170970 1669.7
1170980 1672.9
1170990 1676.5
1171000 1676.5
1171010 1683.1
1171020 1690.6
1171030 1690.6
1171040 1702.1
1171050 1706.6
1171060 1706.9
1171070 1706.9
1171080 1707.7
1171090 1709.3
1171100 1709.3
1171110 1710.9
1171120 1710.4
1171130 1710.4
1171140 1707.8
1171150 1698.7
1171160 1698.7
1171170 1691.9
1171180 1692.5
1171190 1692.5
1171200 1688.7
1171210 1683.1
1171220 1683.1
1171230 1678.9
1171240 1674.7
1171250 1674.7
1171260 1670.2
1171270 1666.5
1171280 1666.5
1171290 1662.2
1171300 1665.1
1171310 1665.1
1171320 1661.2
1171330 1654.4
1171340 1654.4
1171350 1652.4
1171360 1651.2
1171370 1651.2
1171380 1647.5
1171390 1641.2
1171400 1634.0
1171410 1634.0
1171420 1628.4
1171430 1625.8
1171440 1625.8
1171450 1625.6
1171460 1627.7
1171470 1627.7
1171480 1626.6
1171490 1625.7
1171500 1625.7
1171510 1625.7
1171520 1628.2
1171530 1628.2
1171540 1632.5
1171550 1636.9
1171560 1636.9
1171570 1635.2
1171580 1631.7
1171590 1631.7
1171600 1625.8
1171610 1618.9
1171620 1618.9
1171630 1615.9
1171640 1617.3
1171650 1617.3
1171660 1615.0
1171670 1605.7
1171680 1605.7
1171690 1594.2
1171700 1587.0
1171710 1592.5
1171720 1597.1
1171730 1604.3
1171740 1602.7
1171750 1602.7
1171760 1600.3
1171770 1597.6
1171780 1597.6
1171790 1603.8
1171800 1615.2
1171810 1615.2
1171820 1622.6
1171830 1627.5
1171840 1627.5
1171850 1630.7
1171860 1634.6
1171870 1634.6
1171880 1640.0
1171890 1644.9
1171900 1644.9
1171910 1649.8
1171920 1655.5
1171930 1655.5
1171940 1661.1
1171950 1666.8
1171960 1666.8
1171970 1672.7
1171980 1678.5
1171990 1678.5
1172000 1684.7
1172010 1691.3
1172020 1691.3
1172030 1697.8
1172040 1703.9
1172050 1703.9
1172060 1709.7
1172070 1715.1
1172080 1720.9
1172090 1720.9
1172100 1727.0
1172110 1733.1
1172120 1736.8
1172130 1743.1
1172140 1749.7
1172150 1749.7
1172160 1756.1
1172170 1762.4
1172180 1762.4
1172190 1768.0
1172200 1772.6
1172210 1772.6
1172220 1776.4
1172230 1778.1
1172240 1778.1
1172250 1777.6
1172260 1777.7
1172270 1777.7
1172280 1778.8
1172290 1781.5
1172300 1781.5
1172310 1786.7
1172320 1793.3
1172330 1793.3
1172340 1799.5
1172350 1803.9
1172360 1803.9
1172370 1805.4
1172380 1807.8
1172390 1807.8
1172400 1812.1
1172410 1816.1
1172420 1818.6
1172430 1818.6
1172440 1821.1
1172450 1825.2
1172460 1825.2
1172470 1831.8
1172480 1839.2
1172490 1839.2
1172500 1846.3
1172510 1852.6
1172520 1852.6
1172530 1858.0
1172540 1865.8
1172550 1865.8
1172560 1873.1
1172570 1880.0
1172580 1880.0
1172590 1886.2
1172600 1890.7
1172610 1890.7
1172620 1896.4
1172630 1903.0
1172640 1903.0
1172650 1908.2
1172660 1912.4
1172670 1912.4
1172680 1918.8
1172690 1926.2
1172700 1926.2
1172710 1934.0
1172720 1940.5
1172730 1945.7
1172740 1945.7
1172750 1951.7
1172760 1960.1
1172770 1960.1
1172780 1969.2
1172790 1978.9
1172800 1978.9
1172810 1988.2
1172820 1995.5
1172830 1995.5
1172840 2003.1
1172850 2011.1
1172860 2011.1
1172870 2019.3
1172880 2026.2
1172890 2026.2
1172900 2032.6
1172910 2038.5
1172920 2038.5
1172930 2044.2
1172940 2049.4
1172950 2049.4
1172960 2038.7
1172970 2013.4
1172980 2013.4
1172990 1998.7
1173000 1988.8
1173010 1988.8
1173020 1980.7
1173030 1972.1
1173040 1972.1
1173050 1965.7
1173060 1960.4
1173070 1955.5
1173080 1955.5
1173090 1950.8
1173100 1943.7
1173110 1943.7
1173120 1934.9
1173130 1927.8
1173140 1927.8
1173150 1920.8
1173160 1913.9
1173170 1913.9
1173180 1907.2
1173190 1900.0
1173200 1900.0
1173210 1892.9
1173220 1886.1
1173230 1886.1
1173240 1880.3
1173250 1874.8
1173260 1874.8
1173270 1869.3
1173280 1863.6
1173290 1863.6
1173300 1857.5
1173310 1851.5
1173320 1851.5
1173330 1845.8
1173340 1841.0
1173350 1844.5
1173360 1840.0
1173370 1835.3
1173380 1835.3
1173390 1830.8
1173400 1826.1
1173410 1821.5
1173420 1821.5
1173430 1817.3
1173440 1813.3
1173450 1813.3
1173460 1808.5
1173470 1803.5
1173480 1803.5
1173490 1798.6
1173500 1793.8
1173510 1793.8
1173520 1789.5
1173530 1785.9
1173540 1785.9
1173550 1783.0
1173560 1780.7
1173570 1780.7
1173580 1777.5
1173590 1774.6
1173600 1774.6
1173610 1771.6
1173620 1767.5
1173630 1767.5
1173640 1763.8
1173650 1761.2
1173660 1761.2
1173670 1758.8
1173680 1756.4
1173690 1756.4
1173700 1754.9
1173710 1755.6
1173720 1755.6
1173730 1757.2
1173740 1758.4
1173750 1758.2
1173760 1760.9
1173770 1760.7
1173780 1760.5
1173790 1760.5
1173800 1759.7
1173810 1758.2
1173820 1758.2
1173830 1756.2
1173840 1753.9
1173850 1753.9
1173860 1751.1
1173870 1747.9
1173880 1747.9
1173890 1744.4
1173900 1741.4
1173910 1741.4
1173920 1738.7
1173930 1736.1
1173940 1736.1
1173950 1733.5
1173960 1731.8
1173970 1731.8
1173980 1729.7
1173990 1727.0
1174000 1727.0
1174010 1724.5
1174020 1721.8
1174030 1721.8
1174040 1719.0
1174050 1715.7
1174060 1715.7
1174070 1713.7
1174080 1712.5
1174090 1710.9
1174100 1710.9
1174110 1706.8
1174120 1700.5
1174130 1700.5
1174140 1694.3
1174150 1689.2
1174160 1689.2
1174170 1682.5
1174180 1679.4
1174190 1679.4
1174200 1679.0
1174210 1676.5
1174220 1676.5
1174230 1676.1
1174240 1675.6
1174250 1675.6
1174260 1674.3
1174270 1672.8
1174280 1672.8
1174290 1671.2
1174300 1670.3
1174310 1670.3
1174320 1670.4
1174330 1669.7
1174340 1669.7
1174350 1669.0
1174360 1667.8
1174370 1667.8
1174380 1665.8
1174390 1663.5
1174400 1663.5
1174410 1661.3
1174420 1659.2
1174430 1658.1
1174440 1658.1
1174450 1657.0
1174460 1655.8
1174470 1655.8
1174480 1654.4
1174490 1652.8
1174500 1652.8
1174510 1652.0
1174520 1652.2
1174530 1652.2
1174540 1649.1
1174550 1645.8
1174560 1645.8
1174570 1647.7
1174580 1655.5
1174590 1655.5
1174600 1658.0
1174610 1660.2
1174620 1660.2
1174630 1663.6
1174640 1666.8
1174650 1666.8
1174660 1669.2
1174670 1671.8
1174680 1671.8
1174690 1674.1
1174700 1673.3
1174710 1673.3
1174720 1672.2
1174730 1668.7
1174740 1670.3
1174750 1670.3
1174760 1675.7
1174770 1679.3
1174780 1679.3
1174790 1682.6
1174800 1684.2
1174810 1684.2
1174820 1688.7
1174830 1695.5
1174840 1695.5
1174850 1703.9
1174860 1707.9
1174870 1707.9
1174880 1712.6
1174890 1718.6
1174900 1718.6
1174910 1724.4
1174920 1732.6
1174930 1732.6
1174940 1741.1
1174950 1749.4
1174960 1749.4
1174970 1755.4
1174980 1757.6
1174990 1757.6
1175000 1773.8
1175010 1755.1
1175020 1755.1
1175030 1752.8
1175040 1750.7
1175050 1750.7
1175060 1749.6
1175070 1754.1
1175080 1762.1
1175090 1762.1
1175100 1772.5
1175110 1790.7
1175120 1790.7
1175130 1804.8
1175140 1821.6
1175150 1821.6
1175160 1836.4
1175170 1844.2
1175180 1844.2
1175190 1843.4
1175200 1853.0
1175210 1853.0
1175220 1858.5
1175230 1855.2
1175240 1855.2
1175250 1852.4
1175260 1862.1
1175270 1862.1
1175280 1878.9
1175290 1895.4
1175300 1895.4
1175310 1906.1
1175320 1904.7
1175330 1904.7
1175340 1892.9
1175350 1893.5
1175360 1893.5
1175370 1912.5
1175380 1913.1
1175390 1913.1
1175400 1901.5
1175410 1905.4
1175420 1909.1
1175430 1909.1
1175440 1916.6
1175450 1926.4
1175460 1926.4
1175470 1944.8
1175480 1961.0
1175490 1961.0
1175500 1969.0
1175510 1969.6
1175520 1969.6
1175530 1964.1
1175540 1961.4
1175550 1961.4
1175560 1959.8
1175570 1959.1
1175580 1959.1
1175590 1962.1
1175600 1958.4
1175610 1958.4
1175620 1953.5
1175630 1952.8
1175640 1952.8
1175650 1953.0
1175660 1953.1
1175670 1953.1
1175680 1954.8
1175690 1957.4
1175700 1957.4
1175710 1959.4
1175720 1958.9
1175730 1958.9
1175740 1959.0
1175750 1960.3
1175760 1962.2
1175770 1962.2
1175780 1963.0
1175790 1964.0
1175800 1964.0
1175810 1964.6
1175820 1958.1
1175830 1958.1
1175840 1957.5
1175850 1956.9
1175860 1956.9
1175870 1956.6
1175880 1955.4
1175890 1955.4
1175900 1954.3
1175910 1954.0
1175920 1954.0
1175930 1952.8
1175940 1949.7
1175950 1949.7
1175960 1946.8
1175970 1945.0
1175980 1945.0
1175990 1942.3
1176000 1938.4
1176010 1938.4
1176020 1936.7
1176030 1932.2
1176040 1932.2
1176050 1926.4
1176060 1919.1
1176070 1919.1
1176080 1913.4
1176090 1907.7
1176100 1902.9
1176110 1902.9
1176120 1898.6
1176130 1897.8
1176140 1897.8
1176150 1895.4
1176160 1890.0
1176170 1890.0
1176180 1883.0
1176190 1877.8
1176200 1877.8
1176210 1871.0
1176220 1863.7
1176230 1863.7
1176240 1855.8
1176250 1849.3
1176260 1849.3
1176270 1843.5
1176280 1836.4
1176290 1836.4
1176300 1830.7
1176310 1826.2
1176320 1826.2
1176330 1822.6
1176340 1820.3
1176350 1820.3
1176360 1818.1
1176370 1818.1
1176380 1818.1
1176390 1819.2
1176400 1820.4
1176410 1820.4
1176420 1821.7
1176430 1823.3
1176440 1823.8
1176450 1823.8
1176460 1823.7
1176470 1822.8
1176480 1822.8
1176490 1821.8
1176500 1820.4
1176510 1820.4
1176520 1818.3
1176530 1815.9
1176540 1815.9
1176550 1813.3
1176560 1809.3
1176570 1809.3
1176580 1806.3
1176590 1803.4
1176600 1803.4
1176610 1801.2
1176620 1799.0
1176630 1799.0
1176640 1795.7
1176650 1791.0
1176660 1791.0
1176670 1787.1
1176680 1783.4
1176690 1783.4
1176700 1780.5
1176710 1777.8
1176720 1777.8
1176730 1776.3
1176740 1774.9
1176750 1773.4
1176760 1773.4
1176770 1769.5
1176780 1766.4
1176790 1766.4
1176800 1763.5
1176810 1759.2
1176820 1759.2
1176830 1755.1
1176840 1749.3
1176850 1749.3
1176860 1744.5
1176870 1740.9
1176880 1740.9
1176890 1738.0
1176900 1734.5
1176910 1734.5
1176920 1730.9
1176930 1727.0
1176940 1727.0
1176950 1723.2
1176960 1719.2
1176970 1719.2
1176980 1715.4
1176990 1712.5
1177000 1712.5
1177010 1710.6
1177020 1708.2
1177030 1708.2
1177040 1706.6
1177050 1705.9
1177060 1705.9
1177070 1700.0
1177080 1699.1
1177090 1698.2
1177100 1698.2
1177110 1697.7
1177120 1697.5
1177130 1697.5
1177140 1697.1
1177150 1696.5
1177160 1696.5
1177170 1695.2
1177180 1693.3
1177190 1693.3
1177200 1690.5
1177210 1687.9
1177220 1687.9
1177230 1686.7
1177240 1685.8
1177250 1685.8
1177260 1683.9
1177270 1681.9
1177280 1681.9
1177290 1678.7
1177300 1672.6
1177310 1672.6
1177320 1664.0
1177330 1655.8
1177340 1655.8
1177350 1649.5
1177360 1644.0
1177370 1644.0
1177380 1638.6
1177390 1630.4
1177400 1630.4
1177410 1621.8
1177420 1614.7
1177430 1609.9
1177440 1609.9
1177450 1601.9
1177460 1593.5
1177470 1593.5
1177480 1585.1
1177490 1576.3
1177500 1576.3
1177510 1567.7
1177520 1559.5
1177530 1559.5
1177540 1551.4
1177550 1543.9
1177560 1543.9
1177570 1537.2
1177580 1529.9
1177590 1529.9
1177600 1522.8
1177610 1516.2
1177620 1516.2
1177630 1507.1
1177640 1491.6
1177650 1491.6
1177660 1477.1
1177670 1472.0
1177680 1472.0
1177690 1476.4
1177700 1483.8
1177710 1483.8
1177720 1488.5
1177730 1492.5
1177740 1492.5
1177750 1497.3
1177760 1497.3
1177770 1498.8
1177780 1498.8
1177790 1501.5
1177800 1507.9
1177810 1507.9
1177820 1515.2
1177830 1522.0
1177840 1522.0
1177850 1528.1
1177860 1533.8
1177870 1533.8
1177880 1540.7
1177890 1548.8
1177900 1541.1
1177910 1546.4
1177920 1558.7
1177930 1558.7
1177940 1571.4
1177950 1581.1
1177960 1581.1
1177970 1590.7
1177980 1600.9
1177990 1600.9
1178000 1609.4
1178010 1615.3
1178020 1615.3
1178030 1618.1
1178040 1619.8
1178050 1619.8
1178060 1622.8
1178070 1621.9
1178080 1621.9
1178090 1618.7
1178100 1614.9
1178110 1616.3
1178120 1616.3
1178130 1617.9
1178140 1623.2
1178150 1623.2
1178160 1632.9
1178170 1643.2
1178180 1643.2
1178190 1648.2
1178200 1649.3
1178210 1649.3
1178220 1649.2
1178230 1652.4
1178240 1652.4
1178250 1659.1
1178260 1665.2
1178270 1665.2
1178280 1670.9
1178290 1675.5
1178300 1675.5
1178310 1679.3
1178320 1677.8
1178330 1677.8
1178340 1683.4
1178350 1684.2
1178360 1684.2
1178370 1683.1
1178380 1682.7
1178390 1682.7
1178400 1681.9
1178410 1679.9
1178420 1679.9
1178430 1677.0
1178440 1673.8
1178450 1668.8
1178460 1668.8
1178470 1663.9
1178480 1658.9
1178490 1658.9
1178500 1653.9
1178510 1648.5
1178520 1648.5
1178530 1639.4
1178540 1628.9
1178550 1628.9
1178560 1617.3
1178570 1608.7
1178580 1608.7
1178590 1600.8
1178600 1590.8
1178610 1590.8
1178620 1580.0
1178630 1571.0
1178640 1571.0
1178650 1565.3
1178660 1563.1
1178670 1563.1
1178680 1554.5
1178690 1545.9
1178700 1545.9
1178710 1539.0
1178720 1532.3
1178730 1527.8
1178740 1521.5
1178750 1514.7
1178760 1510.8
1178770 1510.8
1178780 1509.5
1178790 1507.9
1178800 1507.9
1178810 1503.1
1178820 1493.9
1178830 1493.9
1178840 1489.5
1178850 1492.4
1178860 1492.4
1178870 1494.8
1178880 1497.9
1178890 1497.9
1178900 1498.6
1178910 1498.5
1178920 1498.5
1178930 1498.1
1178940 1496.6
1178950 1496.6
1178960 1494.6
1178970 1494.8
1178980 1494.8
1178990 1496.4
1179000 1496.9
1179010 1496.9
1179020 1491.3
1179030 1487.5
1179040 1487.5
1179050 1484.1
1179060 1477.1
1179070 1477.1
1179080 1469.8
1179090 1463.5
1179100 1455.8
1179110 1455.8
1179120 1448.1
1179130 1442.5
1179140 1442.5
1179150 1432.6
1179160 1428.3
1179170 1428.3
1179180 1426.3
1179190 1421.9
1179200 1421.9
1179210 1417.5
1179220 1414.1
1179230 1414.1
1179240 1413.1
1179250 1413.3
1179260 1413.3
1179270 1415.4
1179280 1417.8
1179290 1417.8
1179300 1421.4
1179310 1422.4
1179320 1422.4
1179330 1423.5
1179340 1424.1
1179350 1424.1
1179360 1426.8
1179370 1428.1
1179380 1428.1
1179390 1430.9
1179400 1436.0
1179410 1436.0
1179420 1442.7
1179430 1446.0
1179440 1443.4
1179450 1443.4
1179460 1442.4
1179470 1441.5
1179480 1441.5
1179490 1439.6
1179500 1438.1
1179510 1438.1
1179520 1435.9
1179530 1430.0
1179540 1430.0
1179550 1422.7
1179560 1419.6
1179570 1413.8
1179580 1417.0
1179590 1418.0
1179600 1418.0
1179610 1416.4
1179620 1413.0
1179630 1413.0
1179640 1409.9
1179650 1408.1
1179660 1408.1
1179670 1406.4
1179680 1403.7
1179690 1403.7
1179700 1401.2
1179710 1398.6
1179720 1398.6
1179730 1394.5
1179740 1389.9
1179750 1389.9
1179760 1388.1
1179770 1384.1
1179780 1377.8
1179790 1377.8
1179800 1373.3
1179810 1371.0
1179820 1371.0
1179830 1368.9
1179840 1365.1
1179850 1365.1
1179860 1360.2
1179870 1356.3
1179880 1356.3
1179890 1352.2
1179900 1347.1
1179910 1347.1
1179920 1342.5
1179930 1337.2
1179940 1337.2
1179950 1330.2
1179960 1324.4
1179970 1324.4
1179980 1321.0
1179990 1313.1
