1164330 1876.4
1164340 1876.4
1164350 1874.0
1164360 1871.3
1164370 1871.3
1164380 1864.6
1164390 1854.4
1164400 1854.4
1164410 1847.9
1164420 1837.3
1164430 1837.3
1164440 1830.6
1164450 1831.8
1164460 1831.8
1164470 1832.5
1164480 1832.2
1164490 1839.7
1164500 1839.9
1164510 1841.2
1164520 1841.2
1164530 1843.9
1164540 1846.5
1164550 1846.5
1164560 1848.4
1164570 1850.8
1164580 1850.8
1164590 1853.5
1164600 1858.3
1164610 1858.3
1164620 1861.8
1164630 1861.2
1164640 1862.8
1164650 1862.8
1164660 1866.7
1164670 1868.4
1164680 1868.4
1164690 1870.8
1164700 1877.1
1164710 1877.1
1164720 1883.7
1164730 1889.7
1164740 1889.7
1164750 1893.3
1164760 1895.0
1164770 1895.0
1164780 1895.6
1164790 1900.7
1164800 1900.7
1164810 1906.1
1164820 1911.0
1164830 1911.0
1164840 1912.6
1164850 1914.8
1164860 1914.8
1164870 1919.8
1164880 1926.4
1164890 1930.9
1164900 1937.9
1164910 1945.2
1164920 1945.2
1164930 1954.4
1164940 1964.4
1164950 1964.4
1164960 1970.6
1164970 1975.5
1164980 1981.1
1164990 1981.1
1165000 1990.4
1165010 2001.0
1165020 2001.0
1165030 2010.6
1165040 2019.5
1165050 2019.5
1165060 2029.4
1165070 2037.8
1165080 2037.8
1165090 2045.1
1165100 2051.6
1165110 2051.6
1165120 2057.1
1165130 2057.6
1165140 2057.6
1165150 2051.2
1165160 2045.9
1165170 2045.9
1165180 2040.3
1165190 2032.5
1165200 2032.5
1165210 2026.9
1165220 2024.4
1165230 2024.4
1165240 2022.3
1165250 2018.6
1165260 2018.6
1165270 2014.3
1165280 2009.8
1165290 2005.6
1165300 2000.6
1165310 1995.7
1165320 1991.0
1165330 1991.0
1165340 1987.9
1165350 1985.9
1165360 1985.9
1165370 1985.7
1165380 1985.5
1165390 1985.5
1165400 1982.8
1165410 1979.5
1165420 1979.5
1165430 1975.5
1165440 1972.5
1165450 1972.5
1165460 1969.8
1165470 1966.5
1165480 1966.5
1165490 1961.0
1165500 1955.4
1165510 1955.4
1165520 1950.6
1165530 1948.3
1165540 1948.3
1165550 1947.2
1165560 1946.0
1165570 1946.0
1165580 1946.5
1165590 1946.5
1165600 1946.5
1165610 1946.5
1165620 1942.1
1165630 1942.1
1165640 1935.8
1165650 1931.8
1165660 1928.6
1165670 1928.6
1165680 1926.0
1165690 1919.1
1165700 1919.1
1165710 1918.4
1165720 1918.0
1165730 1918.0
1165740 1917.5
1165750 1916.8
1165760 1916.8
1165770 1915.1
1165780 1913.0
1165790 1913.0
1165800 1909.9
1165810 1905.5
1165820 1905.5
1165830 1900.8
1165840 1895.9
1165850 1895.9
1165860 1891.0
1165870 1886.3
1165880 1886.3
1165890 1882.4
1165900 1878.9
1165910 1878.9
1165920 1875.4
1165930 1871.7
1165940 1871.7
1165950 1868.4
1165960 1866.5
1165970 1866.5
1165980 1865.9
1165990 1866.0
1166000 1859.7
1166010 1859.7
1166020 1855.1
1166030 1856.1
1166040 1856.1
1166050 1857.4
1166060 1856.2
1166070 1856.2
1166080 1853.9
1166090 1833.0
1166100 1833.0
1166110 1833.9
1166120 1831.8
1166130 1831.8
1166140 1823.2
1166150 1820.1
1166160 1820.1
1166170 1817.0
1166180 1812.6
1166190 1812.6
1166200 1807.9
1166210 1803.0
1166220 1803.0
1166230 1800.3
1166240 1800.3
1166250 1800.3
1166260 1797.6
1166270 1794.2
1166280 1794.2
1166290 1793.5
1166300 1794.1
1166310 1794.1
1166320 1795.9
1166330 1791.0
1166340 1786.2
1166350 1786.2
1166360 1783.1
1166370 1774.6
1166380 1774.6
1166390 1770.7
1166400 1771.8
1166410 1771.8
1166420 1774.8
1166430 1775.9
1166440 1775.9
1166450 1775.5
1166460 1776.7
1166470 1776.7
1166480 1777.4
1166490 1775.4
1166500 1775.4
1166510 1770.9
1166520 1771.5
1166530 1771.5
1166540 1773.1
1166550 1773.3
1166560 1773.3
1166570 1775.0
1166580 1779.0
1166590 1779.0
1166600 1783.1
1166610 1787.4
1166620 1787.4
1166630 1789.3
1166640 1785.0
1166650 1779.3
1166660 1779.3
1166670 1781.0
1166680 1784.2
1166690 1784.2
1166700 1785.0
1166710 1778.3
1166720 1778.3
1166730 1777.5
1166740 1776.7
1166750 1776.7
1166760 1769.6
1166770 1761.0
1166780 1761.0
1166790 1759.2
1166800 1750.0
1166810 1750.0
1166820 1737.2
1166830 1733.6
1166840 1733.6
1166850 1733.8
1166860 1729.3
1166870 1729.3
1166880 1726.0
1166890 1727.5
1166900 1719.1
1166910 1717.9
1166920 1712.2
1166930 1712.2
1166940 1707.3
1166950 1706.1
1166960 1706.1
1166970 1699.9
1166980 1697.1
1166990 1692.3
1167000 1692.3
1167010 1687.5
1167020 1679.9
1167030 1679.9
1167040 1675.9
1167050 1671.4
1167060 1671.4
1167070 1665.7
1167080 1660.2
1167090 1660.2
1167100 1653.3
1167110 1646.6
1167120 1646.6
1167130 1642.0
1167140 1639.2
1167150 1639.2
1167160 1634.9
1167170 1630.9
1167180 1630.9
1167190 1628.9
1167200 1625.6
1167210 1625.6
1167220 1620.0
1167230 1612.5
1167240 1612.5
1167250 1605.0
1167260 1594.7
1167270 1594.7
1167280 1584.5
1167290 1577.0
1167300 1569.9
1167310 1567.8
1167320 1577.7
1167330 1582.5
1167340 1582.5
1167350 1583.4
1167360 1588.5
1167370 1588.5
1167380 1592.4
1167390 1594.2
1167400 1594.2
1167410 1592.3
1167420 1587.4
1167430 1587.4
1167440 1584.0
1167450 1582.0
1167460 1582.0
1167470 1579.3
1167480 1577.7
1167490 1577.7
1167500 1577.6
1167510 1577.3
1167520 1577.3
1167530 1576.8
1167540 1575.7
1167550 1575.7
1167560 1574.3
1167570 1573.9
1167580 1573.9
1167590 1572.7
1167600 1570.6
1167610 1570.6
1167620 1569.5
1167630 1568.7
1167640 1568.7
1167650 1566.8
1167660 1566.1
1167670 1566.9
1167680 1566.9
1167690 1565.3
1167700 1557.4
1167710 1557.4
1167720 1557.1
1167730 1557.1
1167740 1557.1
1167750 1555.8
1167760 1551.9
1167770 1551.9
1167780 1548.3
1167790 1547.9
1167800 1547.9
1167810 1548.6
1167820 1548.3
1167830 1548.3
1167840 1547.3
1167850 1546.7
1167860 1546.7
1167870 1545.9
1167880 1545.0
1167890 1545.0
1167900 1543.8
1167910 1541.8
1167920 1541.8
1167930 1539.6
1167940 1537.1
1167950 1537.1
1167960 1535.3
1167970 1533.3
1167980 1533.3
1167990 1531.4
1168000 1529.5
1168010 1527.3
1168020 1527.3
1168030 1525.1
1168040 1522.7
1168050 1522.7
1168060 1520.7
1168070 1518.1
1168080 1518.1
1168090 1515.2
1168100 1512.7
1168110 1506.8
1168120 1504.4
1168130 1501.1
1168140 1501.1
1168150 1497.1
1168160 1494.7
1168170 1494.7
1168180 1492.8
1168190 1490.4
1168200 1490.4
1168210 1487.6
1168220 1484.9
1168230 1484.9
1168240 1481.9
1168250 1479.3
1168260 1479.3
1168270 1476.2
1168280 1472.5
1168290 1472.5
1168300 1468.3
1168310 1463.5
1168320 1463.5
1168330 1458.4
1168340 1453.2
1168350 1447.7
1168360 1447.7
1168370 1442.1
1168380 1436.4
1168390 1436.4
1168400 1429.8
1168410 1423.6
1168420 1423.6
1168430 1418.9
1168440 1414.6
1168450 1414.6
1168460 1409.6
1168470 1404.2
1168480 1404.2
1168490 1397.2
1168500 1391.7
1168510 1386.4
1168520 1383.4
1168530 1382.3
1168540 1382.3
1168550 1379.1
1168560 1375.4
1168570 1375.4
1168580 1371.4
1168590 1367.0
1168600 1367.0
1168610 1361.8
1168620 1356.1
1168630 1356.1
1168640 1350.1
1168650 1344.1
1168660 1344.1
1168670 1338.0
1168680 1331.3
1168690 1323.9
1168700 1323.9
1168710 1315.7
1168720 1307.0
1168730 1307.0
1168740 1299.4
1168750 1291.6
1168760 1291.6
1168770 1284.2
1168780 1276.3
1168790 1276.3
1168800 1267.4
1168810 1258.4
1168820 1258.4
1168830 1249.4
1168840 1241.2
1168850 1241.2
1168860 1233.9
1168870 1227.8
1168880 1227.8
1168890 1222.3
1168900 1217.1
1168910 1214.2
1168920 1209.2
1168930 1203.8
1168940 1203.8
1168950 1198.6
1168960 1193.4
1168970 1193.4
1168980 1188.6
1168990 1184.7
1169000 1184.7
1169010 1179.5
1169020 1173.7
1169030 1167.7
1169040 1167.7
1169050 1164.8
1169060 1164.6
1169070 1164.6
1169080 1164.6
1169090 1164.6
1169100 1164.6
1169110 1164.6
1169120 1164.6
1169130 1164.6
1169140 1164.6
1169150 1164.6
1169160 1164.6
1169170 1164.6
1169180 1164.6
1169190 1164.6
1169200 1164.6
1169210 1164.6
1169220 1164.6
1169230 1164.6
1169240 1164.6
1169250 1164.6
1169260 1164.6
1169270 1164.6
1169280 1164.6
1169290 1164.6
1169300 1164.6
1169310 1164.6
1169320 1164.6
1169330 1164.6
1169340 1164.6
1169350 1164.6
1169360 1164.6
1169370 1164.6
1169380 1164.6
1169390 1164.6
1169400 1164.6
1169410 1164.6
1169420 1164.6
1169430 1164.6
1169440 1164.6
1169450 1164.6
1169460 1164.6
1169470 1164.6
1169480 1164.6
1169490 1164.6
1169500 1164.6
1169510 1164.6
1169520 1164.6
1169530 1164.6
1169540 1164.6
1169550 1164.6
1169560 1164.6
1169570 1164.6
1169580 1164.6
1169590 1164.6
1169600 1164.6
1169610 1164.6
1169620 1164.6
1169630 1164.6
1169640 1164.6
1169650 1164.6
1169660 1164.6
1169670 1164.6
1169680 1164.6
1169690 1164.6
1169700 1164.6
1169710 1164.6
1169720 1164.6
1169730 1164.6
1169740 1164.6
1169750 1164.6
1169760 1164.6
1169770 1164.6
1169780 1164.6
1169790 1164.6
1169800 1164.6
1169810 1164.6
1169820 1164.7
1169830 1165.9
1169840 1165.9
1169850 1167.6
1169860 1170.5
1169870 1170.5
1169880 1173.4
1169890 1176.6
1169900 1176.6
1169910 1180.1
1169920 1183.6
1169930 1183.6
1169940 1187.4
1169950 1191.2
1169960 1191.2
1169970 1194.9
1169980 1198.8
1169990 1198.8
1170000 1202.9
1170010 1207.0
1170020 1210.5
1170030 1210.5
1170040 1214.1
1170050 1218.0
1170060 1218.0
1170070 1221.4
1170080 1225.1
1170090 1225.1
1170100 1228.9
1170110 1232.8
1170120 1232.8
1170130 1238.6
1170140 1243.0
1170150 1243.0
1170160 1246.5
1170170 1250.3
1170180 1250.3
1170190 1253.3
1170200 1256.5
1170210 1256.5
1170220 1260.8
1170230 1263.8
1170240 1263.8
1170250 1265.9
1170260 1269.3
1170270 1269.3
1170280 1275.1
1170290 1281.6
1170300 1281.6
1170310 1287.6
1170320 1292.5
1170330 1292.5
1170340 1296.8
1170350 1301.9
1170360 1306.6
1170370 1306.6
1170380 1311.5
1170390 1317.0
1170400 1317.0
1170410 1323.3
1170420 1330.4
1170430 1330.4
1170440 1337.3
1170450 1343.2
1170460 1343.2
1170470 1348.7
1170480 1354.4
1170490 1354.4
1170500 1360.1
1170510 1365.8
1170520 1365.8
1170530 1370.6
1170540 1381.0
1170550 1381.0
1170560 1386.1
1170570 1390.8
1170580 1390.8
1170590 1395.2
1170600 1401.0
1170610 1401.0
1170620 1407.0
1170630 1412.1
1170640 1412.1
1170650 1417.8
1170660 1423.3
1170670 1423.3
1170680 1428.2
1170690 1433.6
1170700 1439.2
1170710 1439.2
1170720 1445.0
1170730 1451.0
1170740 1451.0
1170750 1456.3
1170760 1461.5
1170770 1461.5
1170780 1467.2
1170790 1472.9
1170800 1472.9
1170810 1478.6
1170820 1484.8
1170830 1484.8
1170840 1492.7
1170850 1501.4
1170860 1501.4
1170870 1511.1
1170880 1520.5
1170890 1520.5
1170900 1529.6
1170910 1551.0
1170920 1551.0
1170930 1572.2
1170940 1588.1
1170950 1588.1
1170960 1592.5
1170970 1597.8
1170980 1597.8
1170990 1607.1
1171000 1617.9
1171010 1617.9
1171020 1622.9
1171030 1624.8
1171040 1626.1
1171050 1626.1
1171060 1628.8
1171070 1631.2
1171080 1631.2
1171090 1625.5
1171100 1618.5
1171110 1618.5
1171120 1611.7
1171130 1604.3
1171140 1604.3
1171150 1596.6
1171160 1591.2
1171170 1591.2
1171180 1588.4
1171190 1585.0
1171200 1585.0
1171210 1583.4
1171220 1580.9
1171230 1580.9
1171240 1576.7
1171250 1573.7
1171260 1573.7
1171270 1571.8
1171280 1569.9
1171290 1569.9
1171300 1567.6
1171310 1566.0
1171320 1566.0
1171330 1565.6
1171340 1564.5
1171350 1570.6
1171360 1567.4
1171370 1563.6
1171380 1563.0
1171390 1563.0
1171400 1564.5
1171410 1565.6
1171420 1565.6
1171430 1565.8
1171440 1566.2
1171450 1566.2
1171460 1565.6
1171470 1564.1
1171480 1564.1
1171490 1562.3
1171500 1560.6
1171510 1560.6
1171520 1558.8
1171530 1556.6
1171540 1556.6
1171550 1554.2
1171560 1552.5
1171570 1552.5
1171580 1552.8
1171590 1555.8
1171600 1555.8
1171610 1561.0
1171620 1557.2
1171630 1557.2
1171640 1548.5
1171650 1540.0
1171660 1540.0
1171670 1533.3
1171680 1525.8
1171690 1525.8
1171700 1519.0
1171710 1520.5
1171720 1530.6
1171730 1530.6
1171740 1544.1
1171750 1557.9
1171760 1558.4
1171770 1570.7
1171780 1580.2
1171790 1580.2
1171800 1590.5
1171810 1599.2
1171820 1599.2
1171830 1605.4
1171840 1610.5
1171850 1610.5
1171860 1615.2
1171870 1619.7
1171880 1619.7
1171890 1624.0
1171900 1628.0
1171910 1628.0
1171920 1632.8
1171930 1638.2
1171940 1638.2
1171950 1643.6
1171960 1648.7
1171970 1648.7
1171980 1654.5
1171990 1660.5
1172000 1660.5
1172010 1666.2
1172020 1671.9
1172030 1677.7
1172040 1677.7
1172050 1681.2
1172060 1680.6
1172070 1680.6
1172080 1678.0
1172090 1678.5
1172100 1678.5
1172110 1683.1
1172120 1688.6
1172130 1688.6
1172140 1690.8
1172150 1691.6
1172160 1691.6
1172170 1702.0
1172180 1707.3
1172190 1707.3
1172200 1712.1
1172210 1717.6
1172220 1717.6
1172230 1723.6
1172240 1727.2
1172250 1727.2
1172260 1729.0
1172270 1735.3
1172280 1735.3
1172290 1745.2
1172300 1755.2
1172310 1755.2
1172320 1764.1
1172330 1769.7
1172340 1769.7
1172350 1773.9
1172360 1778.8
1172370 1785.3
1172380 1785.3
1172390 1795.4
1172400 1808.5
1172410 1808.5
1172420 1818.3
1172430 1828.8
1172440 1828.8
1172450 1836.3
1172460 1842.9
1172470 1842.9
1172480 1850.9
1172490 1859.1
1172500 1859.1
1172510 1866.0
1172520 1870.2
1172530 1870.2
1172540 1875.1
1172550 1881.4
1172560 1881.4
1172570 1888.6
1172580 1897.7
1172590 1897.7
1172600 1906.3
1172610 1912.9
1172620 1912.9
1172630 1916.2
1172640 1917.5
1172650 1917.5
1172660 1920.9
1172670 1921.6
1172680 1921.6
1172690 1923.1
1172700 1925.5
1172710 1928.1
1172720 1928.1
1172730 1930.1
1172740 1935.9
1172750 1935.9
1172760 1944.0
1172770 1950.5
1172780 1950.5
1172790 1960.7
1172800 1974.8
1172810 1974.8
1172820 1987.3
1172830 1999.6
1172840 1999.6
1172850 2000.0
1172860 1992.8
1172870 1992.8
1172880 1984.7
1172890 1977.8
1172900 1977.8
1172910 1971.0
1172920 1963.8
1172930 1963.8
1172940 1957.1
1172950 1950.9
1172960 1950.9
1172970 1945.0
1172980 1938.8
1172990 1942.6
1173000 1936.1
1173010 1930.4
1173020 1930.4
1173030 1924.3
1173040 1918.2
1173050 1911.9
1173060 1911.9
1173070 1905.5
1173080 1899.2
1173090 1899.2
1173100 1894.1
1173110 1889.9
1173120 1889.9
1173130 1884.5
1173140 1878.9
1173150 1878.9
1173160 1873.6
1173170 1868.2
1173180 1868.2
1173190 1862.7
1173200 1857.4
1173210 1857.4
1173220 1852.3
1173230 1846.7
1173240 1846.7
1173250 1841.7
1173260 1836.6
1173270 1836.6
1173280 1831.8
1173290 1826.8
1173300 1826.8
1173310 1822.3
1173320 1818.5
1173330 1818.5
1173340 1814.8
1173350 1811.1
1173360 1811.1
1173370 1807.5
1173380 1804.2
1173390 1800.9
1173400 1802.7
1173410 1799.3
1173420 1796.0
1173430 1796.0
1173440 1792.9
1173450 1789.9
1173460 1789.9
1173470 1787.5
1173480 1786.2
1173490 1786.2
1173500 1785.2
1173510 1783.0
1173520 1783.0
1173530 1779.7
1173540 1775.4
1173550 1775.4
1173560 1772.1
1173570 1770.2
1173580 1770.2
1173590 1768.3
1173600 1765.7
1173610 1765.7
1173620 1762.1
1173630 1757.8
1173640 1757.8
1173650 1754.4
1173660 1750.8
1173670 1750.8
1173680 1746.9
1173690 1742.6
1173700 1742.6
1173710 1738.9
1173720 1735.4
1173730 1733.7
1173740 1733.7
1173750 1733.4
1173760 1732.1
1173770 1732.1
1173780 1732.4
1173790 1732.2
1173800 1732.2
1173810 1733.6
1173820 1733.7
1173830 1733.7
1173840 1733.8
1173850 1733.4
1173860 1733.4
1173870 1733.1
1173880 1733.4
1173890 1733.4
1173900 1732.3
1173910 1729.8
1173920 1729.8
1173930 1727.4
1173940 1725.6
1173950 1725.6
1173960 1724.3
1173970 1723.1
1173980 1723.1
1173990 1720.9
1174000 1717.6
1174010 1717.6
1174020 1714.0
1174030 1710.5
1174040 1707.6
1174050 1707.6
1174060 1705.1
1174070 1701.7
1174080 1701.7
1174090 1696.3
1174100 1689.3
1174110 1689.3
1174120 1682.2
1174130 1675.3
1174140 1675.3
1174150 1668.5
1174160 1662.2
1174170 1662.2
1174180 1656.7
1174190 1651.4
1174200 1651.4
1174210 1647.7
1174220 1646.4
1174230 1646.4
1174240 1640.8
1174250 1636.4
1174260 1636.4
1174270 1633.3
1174280 1627.7
1174290 1627.7
1174300 1625.3
1174310 1627.9
1174320 1627.9
1174330 1627.4
1174340 1627.3
1174350 1627.3
1174360 1626.7
1174370 1624.6
1174380 1623.2
1174390 1623.2
1174400 1623.2
1174410 1622.8
1174420 1622.8
1174430 1622.2
1174440 1622.7
1174450 1622.7
1174460 1624.0
1174470 1624.8
1174480 1624.8
1174490 1625.5
1174500 1625.4
1174510 1625.4
1174520 1624.7
1174530 1623.7
1174540 1623.7
1174550 1621.9
1174560 1618.7
1174570 1618.7
1174580 1615.8
1174590 1617.8
1174600 1617.8
1174610 1622.1
1174620 1624.1
1174630 1628.7
1174640 1628.0
1174650 1628.2
1174660 1628.2
1174670 1626.9
1174680 1624.0
1174690 1624.0
1174700 1623.6
1174710 1621.9
1174720 1610.2
1174730 1610.2
1174740 1602.4
1174750 1607.5
1174760 1607.5
1174770 1618.8
1174780 1627.8
1174790 1627.8
1174800 1629.2
1174810 1630.6
1174820 1630.6
1174830 1636.3
1174840 1642.4
1174850 1642.4
1174860 1647.8
1174870 1649.0
1174880 1649.0
1174890 1649.8
1174900 1654.8
1174910 1654.8
1174920 1659.3
1174930 1666.1
1174940 1666.1
1174950 1670.7
1174960 1672.0
1174970 1672.0
1174980 1676.0
1174990 1679.5
1175000 1679.5
1175010 1681.9
1175020 1685.2
1175030 1685.2
1175040 1693.2
1175050 1697.6
1175060 1701.3
1175070 1701.3
1175080 1705.4
1175090 1712.9
1175100 1712.9
1175110 1724.6
1175120 1727.0
1175130 1727.0
1175140 1738.8
1175150 1753.3
1175160 1753.3
1175170 1770.5
1175180 1780.2
1175190 1780.2
1175200 1784.2
1175210 1787.7
1175220 1787.7
1175230 1782.8
1175240 1774.6
1175250 1774.6
1175260 1778.3
1175270 1790.4
1175280 1790.4
1175290 1801.4
1175300 1812.8
1175310 1812.8
1175320 1823.2
1175330 1832.6
1175340 1832.6
1175350 1840.7
1175360 1861.3
1175370 1861.3
1175380 1869.6
1175390 1881.4
1175400 1894.1
1175410 1894.1
1175420 1902.0
1175430 1909.8
1175440 1909.8
1175450 1912.2
1175460 1913.5
1175470 1913.5
1175480 1903.1
1175490 1901.3
1175500 1901.3
1175510 1916.1
1175520 1930.4
1175530 1930.4
1175540 1938.0
1175550 1944.7
1175560 1944.7
1175570 1951.2
1175580 1962.0
1175590 1962.0
1175600 1970.6
1175610 1977.5
1175620 1977.5
1175630 1982.8
1175640 1988.0
1175650 1988.0
1175660 1994.3
1175670 2000.9
1175680 2000.9
1175690 2007.1
1175700 2010.4
1175710 2010.4
1175720 2009.1
1175730 2007.1
1175740 2007.2
1175750 2007.2
1175760 2009.1
1175770 2009.9
1175780 2009.9
1175790 2010.7
1175800 2010.4
1175810 2010.4
1175820 2010.6
1175830 2013.3
1175840 2013.3
1175850 2014.4
1175860 2008.9
1175870 2008.6
1175880 2002.2
1175890 1996.1
1175900 1996.1
1175910 1990.0
1175920 1984.2
1175930 1984.2
1175940 1978.6
1175950 1973.4
1175960 1973.4
1175970 1968.8
1175980 1964.4
1175990 1964.4
1176000 1960.4
1176010 1954.8
1176020 1954.8
1176030 1946.8
1176040 1939.7
1176050 1939.7
1176060 1933.2
1176070 1927.1
1176080 1922.1
1176090 1922.1
1176100 1918.1
1176110 1914.3
1176120 1914.3
1176130 1910.7
1176140 1907.7
1176150 1907.7
1176160 1902.1
1176170 1895.2
1176180 1895.2
1176190 1890.1
1176200 1884.9
1176210 1884.9
1176220 1880.2
1176230 1875.6
1176240 1875.6
1176250 1871.1
1176260 1867.9
1176270 1867.9
1176280 1864.5
1176290 1858.6
1176300 1858.6
1176310 1856.7
1176320 1855.4
1176330 1855.4
1176340 1854.0
1176350 1852.8
1176360 1852.8
1176370 1850.4
1176380 1849.5
1176390 1849.4
1176400 1849.4
1176410 1848.6
1176420 1848.5
1176430 1848.5
1176440 1846.1
1176450 1842.6
1176460 1842.6
1176470 1841.0
1176480 1841.2
1176490 1841.2
1176500 1840.3
1176510 1838.5
1176520 1838.5
1176530 1836.4
1176540 1834.2
1176550 1834.2
1176560 1830.8
1176570 1827.1
1176580 1827.1
1176590 1823.1
1176600 1819.7
1176610 1819.7
1176620 1817.8
1176630 1817.3
1176640 1817.3
1176650 1816.3
1176660 1814.5
1176670 1814.5
1176680 1810.8
1176690 1806.7
1176700 1804.7
1176710 1800.4
1176720 1796.3
1176730 1791.8
1176740 1791.8
1176750 1788.9
1176760 1786.5
1176770 1786.5
1176780 1784.0
1176790 1781.9
1176800 1781.9
1176810 1779.8
1176820 1777.1
1176830 1777.1
1176840 1774.3
1176850 1772.3
1176860 1772.3
1176870 1770.4
1176880 1768.5
1176890 1768.5
1176900 1767.4
1176910 1765.8
1176920 1765.8
1176930 1764.2
1176940 1762.6
1176950 1762.6
1176960 1761.2
1176970 1759.7
1176980 1759.7
1176990 1758.1
1177000 1756.2
1177010 1756.2
1177020 1754.6
1177030 1753.2
1177040 1753.2
1177050 1752.2
1177060 1751.4
1177070 1750.7
1177080 1750.7
1177090 1749.5
1177100 1747.3
1177110 1747.3
1177120 1742.5
1177130 1740.6
1177140 1740.6
1177150 1737.9
1177160 1734.6
1177170 1734.6
1177180 1730.9
1177190 1726.9
1177200 1726.9
1177210 1722.2
1177220 1716.6
1177230 1716.6
1177240 1710.7
1177250 1704.0
1177260 1704.0
1177270 1695.2
1177280 1686.8
1177290 1686.8
1177300 1678.9
1177310 1670.8
1177320 1670.8
1177330 1663.0
1177340 1655.2
1177350 1655.2
1177360 1647.2
1177370 1638.8
1177380 1638.8
1177390 1630.6
1177400 1622.6
1177410 1613.1
1177420 1613.1
1177430 1604.5
1177440 1596.0
1177450 1596.0
1177460 1586.5
1177470 1577.6
1177480 1577.6
1177490 1570.6
1177500 1563.9
1177510 1563.9
1177520 1557.1
1177530 1550.3
1177540 1550.3
1177550 1542.5
1177560 1534.3
1177570 1534.3
1177580 1532.2
1177590 1532.3
1177600 1532.3
1177610 1533.5
1177620 1536.2
1177630 1536.2
1177640 1538.1
1177650 1538.4
1177660 1538.4
1177670 1540.2
1177680 1543.0
1177690 1543.0
1177700 1545.3
1177710 1546.1
1177720 1546.1
1177730 1546.1
1177740 1552.3
1177750 1558.2
1177760 1558.2
1177770 1559.2
1177780 1557.1
1177790 1557.1
1177800 1559.4
1177810 1564.7
1177820 1564.7
1177830 1568.1
1177840 1569.9
1177850 1569.9
1177860 1571.7
1177870 1575.4
1177880 1575.4
1177890 1581.6
1177900 1587.3
1177910 1587.3
1177920 1598.3
1177930 1608.0
1177940 1608.0
1177950 1611.4
1177960 1618.4
1177970 1618.4
1177980 1624.7
1177990 1631.1
1178000 1631.1
1178010 1636.8
1178020 1645.5
1178030 1645.5
1178040 1659.2
1178050 1670.2
1178060 1670.2
1178070 1679.0
1178080 1688.2
1178090 1693.4
1178100 1693.4
1178110 1694.9
1178120 1695.6
1178130 1695.6
1178140 1695.0
1178150 1694.8
1178160 1694.8
1178170 1694.0
1178180 1697.0
1178190 1697.0
1178200 1703.3
1178210 1715.5
1178220 1715.5
1178230 1725.9
1178240 1731.0
1178250 1731.0
1178260 1737.2
1178270 1741.4
1178280 1741.4
1178290 1744.8
1178300 1747.7
1178310 1747.7
1178320 1752.3
1178330 1751.8
1178340 1751.8
1178350 1748.5
1178360 1738.3
1178370 1738.3
1178380 1734.3
1178390 1730.5
1178400 1725.0
1178410 1725.0
1178420 1718.4
1178430 1712.5
1178440 1712.5
1178450 1706.7
1178460 1699.3
1178470 1699.3
1178480 1685.1
1178490 1672.3
1178500 1672.3
1178510 1667.0
1178520 1663.3
1178530 1663.3
1178540 1661.6
1178550 1652.0
1178560 1652.0
1178570 1639.0
1178580 1627.4
1178590 1627.4
1178600 1618.7
1178610 1612.6
1178620 1612.6
1178630 1607.6
1178640 1602.5
1178650 1602.5
1178660 1597.0
1178670 1590.4
1178680 1590.4
1178690 1583.7
1178700 1582.6
1178710 1582.6
1178720 1585.3
1178730 1583.0
1178740 1582.1
1178750 1582.1
1178760 1582.7
1178770 1581.5
1178780 1574.1
1178790 1575.2
1178800 1576.0
1178810 1576.0
1178820 1576.0
1178830 1575.1
1178840 1575.1
1178850 1572.7
1178860 1569.8
1178870 1569.8
1178880 1568.1
1178890 1567.1
1178900 1567.1
1178910 1566.1
1178920 1562.6
1178930 1562.6
1178940 1555.0
1178950 1546.4
1178960 1546.4
1178970 1539.5
1178980 1534.2
1178990 1534.2
1179000 1529.8
1179010 1527.0
1179020 1527.0
1179030 1527.5
1179040 1527.4
1179050 1527.4
1179060 1525.1
1179070 1521.4
1179080 1519.7
1179090 1519.7
1179100 1517.7
1179110 1511.3
1179120 1511.3
1179130 1505.9
1179140 1504.2
1179150 1504.2
1179160 1501.8
1179170 1499.5
1179180 1499.5
1179190 1496.8
1179200 1487.8
1179210 1487.8
1179220 1480.8
1179230 1480.3
1179240 1480.3
1179250 1481.8
1179260 1480.6
1179270 1480.6
1179280 1479.9
1179290 1481.5
1179300 1481.5
1179310 1483.3
1179320 1483.2
1179330 1483.2
1179340 1481.7
1179350 1484.6
1179360 1484.6
1179370 1490.3
1179380 1497.7
1179390 1497.7
1179400 1497.2
1179410 1494.4
1179420 1491.1
1179430 1491.1
1179440 1487.3
1179450 1482.9
1179460 1482.9
1179470 1480.1
1179480 1475.2
1179490 1475.2
1179500 1471.9
1179510 1471.3
1179520 1471.3
1179530 1471.6
1179540 1471.6
1179550 1471.6
1179560 1469.5
1179570 1467.7
1179580 1467.7
1179590 1465.2
1179600 1461.0
1179610 1461.0
1179620 1455.7
1179630 1450.6
1179640 1450.6
1179650 1444.7
1179660 1438.3
1179670 1438.3
1179680 1431.8
1179690 1426.9
1179700 1426.9
1179710 1425.1
1179720 1422.0
1179730 1422.0
1179740 1418.5
1179750 1416.2
1179760 1413.7
1179770 1413.7
1179780 1409.4
1179790 1404.0
1179800 1404.0
1179810 1397.8
1179820 1392.1
1179830 1392.1
1179840 1386.9
1179850 1379.2
1179860 1379.2
1179870 1369.0
1179880 1362.2
1179890 1362.2
1179900 1355.0
1179910 1347.2
1179920 1347.2
1179930 1342.5
1179940 1338.7
1179950 1338.7
1179960 1335.4
1179970 1330.3
1179980 1330.3
1179990 1322.9
