1164540 1750.0
1164550 1750.0
1164560 1748.9
1164570 1748.5
1164580 1748.5
1164590 1750.8
1164600 1754.7
1164610 1754.7
1164620 1757.9
1164630 1761.0
1164640 1761.0
1164650 1764.3
1164660 1767.9
1164670 1767.9
1164680 1772.0
1164690 1776.5
1164700 1781.7
1164710 1781.7
1164720 1787.3
1164730 1793.2
1164740 1794.5
1164750 1800.5
1164760 1806.5
1164770 1806.5
1164780 1812.6
1164790 1818.7
1164800 1818.7
1164810 1824.8
1164820 1830.9
1164830 1830.9
1164840 1837.0
1164850 1843.4
1164860 1843.4
1164870 1849.9
1164880 1856.4
1164890 1856.4
1164900 1862.8
1164910 1869.0
1164920 1869.0
1164930 1875.3
1164940 1881.7
1164950 1881.7
1164960 1887.8
1164970 1894.0
1164980 1894.0
1164990 1900.2
1165000 1906.2
1165010 1906.2
1165020 1913.5
1165030 1923.5
1165040 1936.8
1165050 1936.8
1165060 1950.5
1165070 1959.5
1165080 1959.5
1165090 1968.1
1165100 1979.2
1165110 1979.2
1165120 1988.5
1165130 1997.1
1165140 1991.9
1165150 1998.4
1165160 2005.3
1165170 2005.3
1165180 2013.7
1165190 2022.1
1165200 2022.1
1165210 2030.3
1165220 2039.5
1165230 2039.5
1165240 2047.9
1165250 2058.2
1165260 2058.2
1165270 2069.1
1165280 2082.3
1165290 2082.3
1165300 2094.5
1165310 2104.3
1165320 2104.3
1165330 2122.4
1165340 2136.0
1165350 2136.0
1165360 2146.6
1165370 2153.3
1165380 2158.2
1165390 2158.2
1165400 2158.2
1165410 2156.0
1165420 2156.0
1165430 2155.1
1165440 2157.2
1165450 2157.2
1165460 2158.7
1165470 2155.6
1165480 2155.6
1165490 2152.5
1165500 2148.5
1165510 2148.5
1165520 2146.6
1165530 2147.1
1165540 2138.9
1165550 2140.2
1165560 2143.0
1165570 2143.0
1165580 2142.4
1165590 2136.7
1165600 2136.7
1165610 2130.6
1165620 2125.7
1165630 2125.7
1165640 2121.8
1165650 2117.8
1165660 2117.8
1165670 2114.3
1165680 2112.1
1165690 2112.1
1165700 2109.9
1165710 2108.1
1165720 2107.1
1165730 2107.1
1165740 2106.2
1165750 2104.3
1165760 2104.3
1165770 2103.6
1165780 2101.7
1165790 2101.7
1165800 2099.4
1165810 2100.9
1165820 2100.9
1165830 2104.0
1165840 2106.5
1165850 2106.5
1165860 2106.4
1165870 2102.7
1165880 2102.7
1165890 2100.9
1165900 2098.9
1165910 2098.9
1165920 2098.6
1165930 2099.8
1165940 2092.1
1165950 2091.6
1165960 2087.7
1165970 2087.7
1165980 2083.9
1165990 2078.9
1166000 2078.9
1166010 2074.0
1166020 2072.0
1166030 2072.0
1166040 2072.8
1166050 2070.4
1166060 2068.9
1166070 2068.9
1166080 2070.2
1166090 2072.8
1166100 2072.8
1166110 2075.4
1166120 2071.4
1166130 2071.4
1166140 2067.4
1166150 2065.3
1166160 2065.3
1166170 2061.7
1166180 2059.2
1166190 2059.2
1166200 2059.0
1166210 2056.6
1166220 2056.6
1166230 2050.2
1166240 2042.7
1166250 2042.7
1166260 2035.1
1166270 2032.2
1166280 2032.2
1166290 2033.2
1166300 2032.3
1166310 2032.3
1166320 2028.2
1166330 2025.3
1166340 2025.3
1166350 2018.6
1166360 2019.8
1166370 2021.8
1166380 2021.8
1166390 2023.3
1166400 2024.1
1166410 2024.1
1166420 2025.5
1166430 2026.5
1166440 2026.5
1166450 2024.8
1166460 2020.5
1166470 2020.5
1166480 2011.6
1166490 2001.4
1166500 2001.4
1166510 1990.9
1166520 1978.9
1166530 1978.9
1166540 1967.5
1166550 1953.4
1166560 1953.4
1166570 1936.0
1166580 1924.7
1166590 1924.7
1166600 1907.8
1166610 1884.7
1166620 1884.7
1166630 1870.2
1166640 1862.7
1166650 1862.7
1166660 1856.2
1166670 1850.3
1166680 1850.3
1166690 1844.6
1166700 1839.3
1166710 1834.6
1166720 1834.6
1166730 1831.1
1166740 1829.1
1166750 1828.6
1166760 1826.0
1166770 1820.0
1166780 1820.0
1166790 1812.6
1166800 1805.4
1166810 1805.4
1166820 1799.0
1166830 1794.1
1166840 1794.1
1166850 1790.3
1166860 1786.3
1166870 1786.3
1166880 1782.3
1166890 1778.5
1166900 1778.5
1166910 1774.9
1166920 1771.4
1166930 1771.4
1166940 1768.2
1166950 1765.0
1166960 1765.0
1166970 1762.6
1166980 1761.2
1166990 1761.2
1167000 1759.5
1167010 1758.0
1167020 1758.0
1167030 1757.5
1167040 1757.9
1167050 1756.6
1167060 1756.6
1167070 1753.4
1167080 1748.9
1167090 1748.9
1167100 1747.9
1167110 1748.2
1167120 1748.2
1167130 1749.5
1167140 1751.1
1167150 1743.8
1167160 1745.3
1167170 1746.1
1167180 1746.1
1167190 1748.1
1167200 1751.5
1167210 1751.5
1167220 1755.0
1167230 1758.0
1167240 1758.0
1167250 1760.5
1167260 1762.8
1167270 1762.8
1167280 1764.0
1167290 1766.3
1167300 1766.3
1167310 1768.7
1167320 1771.5
1167330 1771.5
1167340 1773.2
1167350 1773.4
1167360 1773.4
1167370 1774.3
1167380 1776.8
1167390 1779.4
1167400 1779.4
1167410 1780.3
1167420 1782.1
1167430 1782.1
1167440 1783.4
1167450 1785.7
1167460 1785.7
1167470 1786.4
1167480 1790.1
1167490 1790.1
1167500 1792.7
1167510 1794.1
1167520 1794.1
1167530 1794.7
1167540 1793.5
1167550 1785.0
1167560 1782.4
1167570 1775.8
1167580 1775.8
1167590 1770.3
1167600 1766.2
1167610 1766.2
1167620 1765.6
1167630 1765.0
1167640 1765.0
1167650 1761.6
1167660 1756.8
1167670 1756.8
1167680 1751.6
1167690 1747.6
1167700 1747.6
1167710 1745.0
1167720 1743.2
1167730 1740.6
1167740 1740.6
1167750 1737.5
1167760 1735.7
1167770 1735.7
1167780 1733.7
1167790 1732.1
1167800 1732.1
1167810 1729.7
1167820 1726.2
1167830 1726.2
1167840 1721.9
1167850 1719.0
1167860 1719.0
1167870 1718.4
1167880 1716.0
1167890 1716.0
1167900 1712.8
1167910 1711.8
1167920 1711.8
1167930 1710.2
1167940 1708.1
1167950 1708.1
1167960 1705.7
1167970 1704.0
1167980 1704.0
1167990 1701.2
1168000 1697.7
1168010 1697.7
1168020 1693.9
1168030 1690.1
1168040 1690.1
1168050 1684.9
1168060 1682.5
1168070 1682.8
1168080 1682.8
1168090 1680.7
1168100 1676.6
1168110 1676.6
1168120 1671.1
1168130 1663.7
1168140 1663.7
1168150 1656.9
1168160 1650.4
1168170 1650.4
1168180 1644.6
1168190 1639.2
1168200 1639.2
1168210 1633.7
1168220 1628.6
1168230 1628.6
1168240 1624.4
1168250 1620.0
1168260 1620.0
1168270 1615.2
1168280 1610.8
1168290 1610.8
1168300 1606.0
1168310 1601.1
1168320 1601.1
1168330 1595.9
1168340 1591.4
1168350 1591.4
1168360 1584.3
1168370 1578.3
1168380 1578.3
1168390 1573.0
1168400 1569.1
1168410 1566.1
1168420 1566.1
1168430 1563.1
1168440 1558.9
1168450 1558.9
1168460 1553.4
1168470 1547.9
1168480 1547.9
1168490 1543.1
1168500 1534.4
1168510 1534.4
1168520 1526.2
1168530 1519.5
1168540 1519.5
1168550 1512.1
1168560 1502.6
1168570 1502.6
1168580 1488.9
1168590 1472.5
1168600 1472.5
1168610 1465.4
1168620 1461.3
1168630 1461.3
1168640 1454.1
1168650 1444.8
1168660 1444.8
1168670 1433.8
1168680 1426.1
1168690 1426.1
1168700 1416.5
1168710 1405.9
1168720 1405.9
1168730 1396.1
1168740 1385.9
1168750 1375.8
1168760 1375.3
1168770 1365.0
1168780 1356.0
1168790 1356.0
1168800 1348.2
1168810 1341.2
1168820 1341.2
1168830 1334.6
1168840 1326.9
1168850 1326.9
1168860 1319.6
1168870 1312.8
1168880 1312.8
1168890 1305.9
1168900 1299.3
1168910 1299.3
1168920 1292.6
1168930 1285.7
1168940 1285.7
1168950 1279.2
1168960 1273.9
1168970 1273.9
1168980 1269.4
1168990 1264.7
1169000 1264.7
1169010 1259.6
1169020 1253.7
1169030 1253.7
1169040 1247.7
1169050 1241.5
1169060 1241.5
1169070 1235.1
1169080 1226.7
1169090 1217.4
1169100 1217.4
1169110 1207.7
1169120 1197.2
1169130 1197.2
1169140 1190.2
1169150 1184.8
1169160 1184.8
1169170 1175.6
1169180 1170.2
1169190 1170.2
1169200 1166.0
1169210 1164.8
1169220 1164.8
1169230 1164.7
1169240 1164.7
1169250 1164.7
1169260 1164.7
1169270 1164.7
1169280 1164.7
1169290 1164.7
1169300 1164.7
1169310 1164.7
1169320 1164.7
1169330 1164.7
1169340 1164.7
1169350 1164.7
1169360 1164.7
1169370 1164.7
1169380 1164.7
1169390 1164.7
1169400 1164.7
1169410 1164.7
1169420 1164.7
1169430 1164.7
1169440 1164.7
1169450 1164.7
1169460 1164.7
1169470 1164.7
1169480 1164.7
1169490 1164.7
1169500 1164.7
1169510 1164.7
1169520 1164.7
1169530 1164.7
1169540 1164.7
1169550 1164.7
1169560 1164.7
1169570 1164.7
1169580 1164.7
1169590 1164.7
1169600 1164.7
1169610 1164.7
1169620 1164.7
1169630 1165.2
1169640 1165.9
1169650 1165.9
1169660 1166.4
1169670 1166.7
1169680 1166.7
1169690 1167.1
1169700 1167.7
1169710 1167.7
1169720 1168.4
1169730 1169.2
1169740 1169.2
1169750 1170.2
1169760 1171.2
1169770 1172.2
1169780 1172.2
1169790 1173.2
1169800 1174.1
1169810 1174.1
1169820 1175.2
1169830 1176.3
1169840 1176.3
1169850 1177.3
1169860 1178.2
1169870 1178.2
1169880 1179.2
1169890 1180.1
1169900 1180.1
1169910 1181.0
1169920 1182.1
1169930 1182.1
1169940 1183.4
1169950 1184.8
1169960 1184.8
1169970 1186.2
1169980 1186.5
1169990 1186.5
1170000 1187.2
1170010 1188.6
1170020 1188.6
1170030 1190.1
1170040 1191.5
1170050 1191.5
1170060 1192.7
1170070 1193.9
1170080 1195.1
1170090 1195.1
1170100 1196.2
1170110 1197.4
1170120 1197.4
1170130 1198.7
1170140 1199.3
1170150 1199.3
1170160 1200.4
1170170 1203.9
1170180 1203.9
1170190 1206.8
1170200 1208.4
1170210 1208.4
1170220 1209.3
1170230 1210.0
1170240 1210.0
1170250 1210.8
1170260 1213.0
1170270 1213.0
1170280 1215.0
1170290 1217.7
1170300 1217.7
1170310 1220.1
1170320 1221.6
1170330 1221.6
1170340 1222.4
1170350 1223.0
1170360 1223.0
1170370 1225.5
1170380 1231.5
1170390 1234.8
1170400 1241.3
1170410 1248.3
1170420 1255.0
1170430 1255.0
1170440 1260.5
1170450 1266.3
1170460 1266.3
1170470 1273.0
1170480 1281.2
1170490 1281.2
1170500 1289.0
1170510 1296.3
1170520 1296.3
1170530 1303.0
1170540 1309.3
1170550 1309.3
1170560 1314.9
1170570 1320.6
1170580 1320.6
1170590 1326.3
1170600 1332.3
1170610 1332.3
1170620 1338.2
1170630 1343.9
1170640 1343.9
1170650 1350.0
1170660 1355.8
1170670 1355.8
1170680 1361.4
1170690 1367.0
1170700 1367.0
1170710 1372.4
1170720 1377.5
1170730 1377.5
1170740 1381.4
1170750 1387.0
1170760 1393.9
1170770 1393.9
1170780 1399.4
1170790 1410.1
1170800 1410.1
1170810 1415.4
1170820 1420.8
1170830 1420.8
1170840 1427.3
1170850 1433.6
1170860 1433.6
1170870 1438.9
1170880 1444.3
1170890 1444.3
1170900 1450.5
1170910 1456.2
1170920 1456.2
1170930 1456.2
1170940 1449.2
1170950 1449.2
1170960 1443.2
1170970 1438.5
1170980 1438.5
1170990 1436.5
1171000 1437.5
1171010 1437.5
1171020 1443.8
1171030 1453.8
1171040 1453.8
1171050 1462.5
1171060 1467.7
1171070 1467.7
1171080 1464.4
1171090 1456.7
1171100 1449.8
1171110 1449.8
1171120 1446.8
1171130 1448.2
1171140 1448.2
1171150 1451.0
1171160 1448.7
1171170 1448.7
1171180 1442.7
1171190 1437.7
1171200 1443.3
1171210 1439.5
1171220 1439.0
1171230 1439.0
1171240 1439.2
1171250 1435.1
1171260 1435.1
1171270 1430.5
1171280 1425.9
1171290 1425.9
1171300 1423.8
1171310 1426.8
1171320 1426.8
1171330 1430.7
1171340 1435.5
1171350 1435.5
1171360 1441.5
1171370 1447.9
1171380 1447.9
1171390 1449.2
1171400 1445.4
1171410 1445.4
1171420 1442.9
1171430 1441.6
1171440 1442.3
1171450 1442.3
1171460 1443.7
1171470 1444.0
1171480 1444.0
1171490 1446.4
1171500 1448.0
1171510 1448.0
1171520 1450.6
1171530 1454.4
1171540 1454.4
1171550 1458.0
1171560 1458.3
1171570 1458.3
1171580 1451.6
1171590 1443.7
1171600 1443.7
1171610 1444.3
1171620 1437.7
1171630 1437.7
1171640 1432.9
1171650 1433.1
1171660 1433.1
1171670 1437.0
1171680 1441.4
1171690 1441.4
1171700 1446.7
1171710 1451.0
1171720 1451.0
1171730 1453.9
1171740 1457.6
1171750 1457.6
1171760 1463.2
1171770 1468.7
1171780 1472.9
1171790 1472.9
1171800 1475.0
1171810 1475.3
1171820 1475.3
1171830 1476.5
1171840 1480.4
1171850 1480.4
1171860 1486.6
1171870 1493.1
1171880 1493.1
1171890 1497.9
1171900 1501.2
1171910 1501.2
1171920 1500.7
1171930 1504.6
1171940 1504.6
1171950 1509.0
1171960 1514.1
1171970 1514.1
1171980 1521.3
1171990 1527.7
1172000 1527.7
1172010 1535.3
1172020 1535.3
1172030 1535.3
1172040 1541.1
1172050 1547.9
1172060 1547.9
1172070 1556.4
1172080 1563.7
1172090 1563.7
1172100 1567.0
1172110 1568.2
1172120 1567.6
1172130 1567.6
1172140 1567.6
1172150 1569.3
1172160 1569.3
1172170 1575.4
1172180 1585.5
1172190 1585.5
1172200 1587.7
1172210 1585.2
1172220 1585.2
1172230 1584.2
1172240 1584.7
1172250 1584.7
1172260 1585.5
1172270 1588.3
1172280 1588.3
1172290 1594.2
1172300 1602.8
1172310 1602.8
1172320 1607.6
1172330 1612.1
1172340 1612.1
1172350 1618.0
1172360 1624.3
1172370 1624.3
1172380 1630.1
1172390 1635.7
1172400 1635.7
1172410 1643.3
1172420 1651.0
1172430 1659.8
1172440 1666.9
1172450 1670.1
1172460 1669.2
1172470 1669.2
1172480 1667.9
1172490 1670.4
1172500 1670.4
1172510 1674.3
1172520 1679.9
1172530 1679.9
1172540 1686.4
1172550 1693.0
1172560 1693.0
1172570 1698.9
1172580 1705.4
1172590 1705.4
1172600 1715.4
1172610 1727.8
1172620 1727.8
1172630 1741.3
1172640 1757.2
1172650 1757.2
1172660 1765.8
1172670 1773.8
1172680 1773.8
1172690 1782.9
1172700 1795.0
1172710 1795.0
1172720 1804.8
1172730 1815.9
1172740 1815.9
1172750 1831.7
1172760 1847.9
1172770 1847.9
1172780 1863.3
1172790 1877.7
1172800 1895.4
1172810 1895.4
1172820 1928.2
1172830 1954.4
1172840 1961.5
1172850 1966.1
1172860 1963.3
1172870 1963.3
1172880 1971.2
1172890 1978.6
1172900 1978.6
1172910 1971.8
1172920 1963.7
1172930 1963.7
1172940 1955.7
1172950 1948.3
1172960 1948.3
1172970 1941.7
1172980 1935.5
1172990 1935.5
1173000 1928.8
1173010 1923.0
1173020 1923.0
1173030 1918.3
1173040 1913.7
1173050 1913.7
1173060 1908.3
1173070 1902.8
1173080 1902.8
1173090 1897.0
1173100 1891.2
1173110 1885.6
1173120 1885.6
1173130 1881.6
1173140 1879.3
1173150 1879.3
1173160 1876.4
1173170 1873.1
1173180 1873.1
1173190 1869.3
1173200 1865.5
1173210 1865.5
1173220 1863.1
1173230 1861.4
1173240 1861.4
1173250 1863.7
1173260 1862.4
1173270 1862.4
1173280 1858.1
1173290 1846.1
1173300 1846.1
1173310 1830.7
1173320 1820.6
1173330 1820.6
1173340 1813.3
1173350 1806.3
1173360 1806.3
1173370 1799.1
1173380 1793.0
1173390 1793.0
1173400 1787.1
1173410 1781.1
1173420 1781.1
1173430 1775.1
1173440 1768.7
1173450 1763.6
1173460 1763.6
1173470 1758.7
1173480 1754.3
1173490 1754.3
1173500 1750.8
1173510 1747.8
1173520 1747.8
1173530 1744.5
1173540 1740.3
1173550 1740.3
1173560 1735.3
1173570 1730.4
1173580 1730.4
1173590 1725.4
1173600 1720.7
1173610 1720.7
1173620 1716.2
1173630 1712.0
1173640 1712.0
1173650 1707.8
1173660 1705.5
1173670 1705.5
1173680 1701.4
1173690 1697.5
1173700 1697.5
1173710 1692.8
1173720 1688.5
1173730 1688.5
1173740 1684.6
1173750 1681.0
1173760 1681.0
1173770 1677.7
1173780 1675.2
1173790 1672.6
1173800 1672.6
1173810 1669.6
1173820 1666.4
1173830 1666.4
1173840 1663.2
1173850 1660.1
1173860 1660.1
1173870 1657.2
1173880 1654.5
1173890 1654.5
1173900 1651.7
1173910 1648.8
1173920 1648.8
1173930 1646.0
1173940 1642.7
1173950 1642.7
1173960 1639.0
1173970 1634.6
1173980 1634.6
1173990 1629.9
1174000 1626.2
1174010 1626.2
1174020 1624.5
1174030 1622.9
1174040 1622.9
1174050 1619.3
1174060 1616.6
1174070 1619.5
1174080 1616.0
1174090 1615.7
1174100 1615.7
1174110 1617.4
1174120 1618.7
1174130 1616.5
1174140 1616.5
1174150 1612.1
1174160 1606.8
1174170 1606.8
1174180 1601.0
1174190 1595.7
1174200 1595.7
1174210 1590.9
1174220 1585.8
1174230 1585.8
1174240 1580.1
1174250 1574.8
1174260 1574.8
1174270 1568.9
1174280 1562.9
1174290 1562.9
1174300 1555.0
1174310 1546.6
1174320 1546.6
1174330 1538.5
1174340 1533.0
1174350 1533.0
1174360 1531.6
1174370 1530.8
1174380 1530.8
1174390 1530.4
1174400 1529.0
1174410 1529.0
1174420 1526.1
1174430 1523.8
1174440 1523.8
1174450 1521.7
1174460 1518.3
1174470 1514.0
1174480 1512.2
1174490 1506.1
1174500 1497.9
1174510 1497.9
1174520 1493.0
1174530 1492.7
1174540 1492.7
1174550 1495.3
1174560 1496.6
1174570 1496.6
1174580 1497.7
1174590 1500.5
1174600 1500.5
1174610 1503.4
1174620 1506.1
1174630 1506.1
1174640 1509.2
1174650 1512.1
1174660 1512.1
1174670 1514.4
1174680 1517.2
1174690 1517.2
1174700 1520.0
1174710 1521.7
1174720 1521.7
1174730 1523.5
1174740 1525.9
1174750 1525.9
1174760 1527.8
1174770 1530.2
1174780 1530.2
1174790 1533.2
1174800 1535.6
1174810 1537.4
1174820 1537.4
1174830 1540.3
1174840 1544.0
1174850 1544.0
1174860 1547.1
1174870 1549.3
1174880 1549.3
1174890 1556.1
1174900 1559.1
1174910 1559.1
1174920 1561.4
1174930 1563.3
1174940 1563.3
1174950 1565.5
1174960 1567.9
1174970 1567.9
1174980 1570.0
1174990 1571.0
1175000 1571.0
1175010 1572.8
1175020 1576.9
1175030 1576.9
1175040 1581.0
1175050 1586.5
1175060 1586.5
1175070 1592.2
1175080 1598.2
1175090 1598.2
1175100 1603.8
1175110 1608.5
1175120 1608.5
1175130 1613.0
1175140 1616.8
1175150 1617.5
1175160 1617.5
1175170 1620.4
1175180 1626.3
1175190 1626.3
1175200 1633.5
1175210 1642.5
1175220 1642.5
1175230 1656.0
1175240 1663.1
1175250 1663.1
1175260 1666.1
1175270 1662.5
1175280 1662.5
1175290 1662.7
1175300 1666.7
1175310 1674.4
1175320 1678.1
1175330 1681.6
1175340 1681.6
1175350 1687.8
1175360 1695.8
1175370 1695.8
1175380 1705.2
1175390 1714.2
1175400 1714.2
1175410 1722.8
1175420 1731.5
1175430 1731.5
1175440 1740.0
1175450 1748.1
1175460 1748.1
1175470 1756.3
1175480 1763.9
1175490 1771.1
1175500 1771.1
1175510 1778.3
1175520 1785.2
1175530 1785.2
1175540 1801.0
1175550 1815.4
1175560 1815.4
1175570 1837.1
1175580 1845.8
1175590 1845.8
1175600 1848.2
1175610 1845.3
1175620 1845.3
1175630 1851.6
1175640 1852.4
1175650 1852.4
1175660 1859.5
1175670 1863.2
1175680 1863.2
1175690 1866.6
1175700 1866.7
1175710 1866.7
1175720 1879.4
1175730 1897.8
1175740 1897.8
1175750 1903.4
1175760 1902.6
1175770 1902.6
1175780 1911.0
1175790 1923.1
1175800 1923.1
1175810 1937.5
1175820 1942.9
1175830 1936.4
1175840 1936.4
1175850 1941.3
1175860 1942.4
1175870 1942.4
1175880 1932.9
1175890 1933.9
1175900 1933.9
1175910 1945.1
1175920 1951.1
1175930 1951.1
1175940 1955.5
1175950 1958.2
1175960 1958.2
1175970 1962.4
1175980 1968.8
1175990 1968.8
1176000 1976.2
1176010 1984.0
1176020 1984.0
1176030 1991.3
1176040 1998.2
1176050 1998.2
1176060 2001.0
1176070 1992.7
1176080 1992.7
1176090 1984.2
1176100 1976.2
1176110 1976.2
1176120 1968.9
1176130 1955.7
1176140 1947.4
1176150 1947.4
1176160 1939.2
1176170 1932.3
1176180 1932.3
1176190 1926.5
1176200 1922.5
1176210 1922.5
1176220 1919.7
1176230 1917.7
1176240 1917.7
1176250 1916.7
1176260 1922.5
1176270 1922.5
1176280 1934.3
1176290 1941.5
1176300 1941.5
1176310 1949.9
1176320 1956.4
1176330 1956.4
1176340 1959.6
1176350 1957.2
1176360 1957.2
1176370 1959.6
1176380 1961.7
1176390 1961.7
1176400 1962.6
1176410 1962.5
1176420 1962.5
1176430 1962.4
1176440 1959.6
1176450 1959.6
1176460 1954.2
1176470 1948.2
1176480 1942.1
1176490 1942.1
1176500 1935.0
1176510 1928.8
1176520 1928.8
1176530 1923.1
1176540 1917.6
1176550 1912.6
1176560 1907.4
1176570 1902.6
1176580 1902.6
1176590 1897.9
1176600 1893.2
1176610 1893.2
1176620 1888.3
1176630 1883.8
1176640 1883.8
1176650 1879.7
1176660 1874.6
1176670 1874.6
1176680 1870.7
1176690 1867.1
1176700 1867.1
1176710 1863.3
1176720 1859.7
1176730 1859.7
1176740 1855.0
1176750 1850.2
1176760 1850.2
1176770 1844.2
1176780 1838.7
1176790 1838.7
1176800 1833.1
1176810 1827.4
1176820 1821.9
1176830 1821.9
1176840 1817.7
1176850 1813.7
1176860 1813.7
1176870 1807.4
1176880 1801.5
1176890 1801.5
1176900 1796.2
1176910 1791.8
1176920 1791.8
1176930 1787.6
1176940 1783.6
1176950 1783.6
1176960 1778.9
1176970 1777.1
1176980 1777.1
1176990 1776.0
1177000 1774.9
1177010 1774.9
1177020 1773.0
1177030 1769.5
1177040 1769.5
1177050 1764.5
1177060 1758.9
1177070 1758.9
1177080 1754.3
1177090 1749.7
1177100 1749.7
1177110 1745.4
1177120 1741.9
1177130 1741.9
1177140 1737.9
1177150 1732.6
1177160 1726.4
1177170 1726.4
1177180 1720.5
1177190 1713.1
1177200 1713.1
1177210 1705.1
1177220 1697.9
1177230 1697.9
1177240 1691.0
1177250 1684.4
1177260 1684.4
1177270 1678.4
1177280 1673.1
1177290 1673.1
1177300 1668.2
1177310 1662.6
1177320 1662.6
1177330 1660.6
1177340 1660.1
1177350 1660.1
1177360 1657.9
1177370 1655.1
1177380 1652.0
1177390 1648.8
1177400 1645.4
1177410 1645.4
1177420 1641.9
1177430 1638.3
1177440 1638.3
1177450 1637.3
1177460 1637.7
1177470 1637.7
1177480 1639.1
1177490 1640.4
1177500 1642.1
1177510 1642.1
1177520 1643.7
1177530 1645.5
1177540 1645.5
1177550 1648.2
1177560 1650.3
1177570 1650.3
1177580 1650.5
1177590 1649.4
1177600 1649.4
1177610 1652.2
1177620 1657.2
1177630 1657.2
1177640 1660.2
1177650 1663.2
1177660 1663.2
1177670 1667.7
1177680 1672.3
1177690 1672.3
1177700 1675.0
1177710 1677.5
1177720 1677.5
1177730 1682.1
1177740 1685.9
1177750 1685.9
1177760 1689.5
1177770 1692.2
1177780 1692.2
1177790 1690.5
1177800 1690.9
1177810 1690.9
1177820 1689.5
1177830 1686.9
1177840 1684.5
1177850 1684.5
1177860 1685.9
1177870 1689.6
1177880 1689.6
1177890 1694.9
1177900 1700.2
1177910 1700.2
1177920 1706.9
1177930 1713.5
1177940 1713.5
1177950 1720.7
1177960 1728.8
1177970 1728.8
1177980 1737.1
1177990 1745.8
1178000 1745.8
1178010 1754.6
1178020 1761.6
1178030 1761.6
1178040 1767.6
1178050 1773.2
1178060 1773.2
1178070 1778.8
1178080 1783.7
1178090 1783.7
1178100 1789.4
1178110 1794.7
1178120 1794.7
1178130 1799.8
1178140 1805.7
1178150 1805.7
1178160 1811.3
1178170 1816.8
1178180 1822.9
1178190 1822.9
1178200 1830.8
1178210 1844.6
1178220 1844.6
1178230 1844.7
1178240 1831.1
1178250 1831.1
1178260 1821.5
1178270 1815.4
1178280 1815.4
1178290 1810.2
1178300 1805.0
1178310 1805.0
1178320 1799.2
1178330 1793.6
1178340 1793.6
1178350 1790.0
1178360 1787.6
1178370 1787.6
1178380 1786.2
1178390 1785.3
1178400 1785.3
1178410 1785.0
1178420 1784.4
1178430 1784.4
1178440 1782.8
1178450 1780.6
1178460 1780.6
1178470 1779.7
1178480 1779.9
1178490 1779.1
1178500 1779.1
1178510 1777.5
1178520 1777.9
1178530 1777.9
1178540 1779.0
1178550 1778.2
1178560 1778.2
1178570 1776.1
1178580 1772.1
1178590 1772.1
1178600 1766.5
1178610 1760.3
1178620 1760.3
1178630 1753.7
1178640 1747.6
1178650 1747.6
1178660 1741.9
1178670 1736.1
1178680 1736.1
1178690 1730.4
1178700 1724.1
1178710 1724.1
1178720 1718.1
1178730 1712.6
1178740 1712.6
1178750 1708.7
1178760 1704.4
1178770 1704.4
1178780 1701.1
1178790 1697.7
1178800 1697.7
1178810 1693.3
1178820 1688.7
1178830 1685.8
1178840 1685.8
1178850 1682.9
1178860 1680.5
1178870 1680.5
1178880 1677.3
1178890 1674.6
1178900 1674.6
1178910 1671.5
1178920 1668.1
1178930 1668.1
1178940 1664.4
1178950 1660.3
1178960 1660.3
1178970 1657.4
1178980 1654.4
1178990 1654.4
1179000 1651.1
1179010 1647.6
1179020 1647.6
1179030 1644.1
1179040 1640.7
1179050 1641.7
1179060 1638.0
1179070 1635.5
1179080 1635.5
1179090 1633.9
1179100 1631.6
1179110 1631.6
1179120 1628.9
1179130 1625.0
1179140 1625.0
1179150 1621.0
1179160 1617.1
1179170 1613.4
1179180 1613.4
1179190 1609.8
1179200 1606.1
1179210 1606.1
1179220 1602.3
1179230 1598.6
1179240 1598.6
1179250 1595.0
1179260 1591.9
1179270 1591.9
1179280 1588.7
1179290 1585.3
1179300 1585.3
1179310 1582.0
1179320 1578.2
1179330 1578.2
1179340 1574.2
1179350 1570.4
1179360 1570.4
1179370 1566.4
1179380 1561.9
1179390 1561.9
1179400 1557.0
1179410 1552.1
1179420 1552.1
1179430 1546.9
1179440 1542.5
1179450 1542.5
1179460 1538.5
1179470 1534.8
1179480 1534.8
1179490 1531.2
1179500 1527.5
1179510 1524.1
1179520 1524.1
1179530 1520.6
1179540 1516.8
1179550 1516.8
1179560 1513.3
1179570 1509.8
1179580 1509.8
1179590 1506.2
1179600 1502.2
1179610 1502.2
1179620 1498.2
1179630 1494.3
1179640 1494.3
1179650 1491.2
1179660 1489.7
1179670 1489.7
1179680 1488.9
1179690 1485.2
1179700 1485.2
1179710 1479.6
1179720 1473.7
1179730 1473.7
1179740 1467.7
1179750 1460.8
1179760 1460.8
1179770 1454.1
1179780 1450.6
1179790 1450.6
1179800 1450.8
1179810 1448.5
1179820 1448.5
1179830 1447.0
1179840 1445.7
1179850 1444.8
1179860 1444.8
1179870 1444.1
1179880 1436.9
1179890 1436.9
1179900 1436.8
1179910 1435.9
1179920 1435.9
1179930 1434.2
1179940 1434.1
1179950 1434.1
1179960 1434.0
1179970 1434.0
1179980 1434.0
1179990 1435.0
