1164270 1854.6
1164280 1854.6
1164290 1856.9
1164300 1861.0
1164310 1861.0
1164320 1865.1
1164330 1868.4
1164340 1868.4
1164350 1869.5
1164360 1874.5
1164370 1874.5
1164380 1880.9
1164390 1888.9
1164400 1888.9
1164410 1895.8
1164420 1901.7
1164430 1907.3
1164440 1907.3
1164450 1913.1
1164460 1917.6
1164470 1917.6
1164480 1922.0
1164490 1928.7
1164500 1928.7
1164510 1935.8
1164520 1941.5
1164530 1937.5
1164540 1943.0
1164550 1948.8
1164560 1948.8
1164570 1955.1
1164580 1961.1
1164590 1961.1
1164600 1967.5
1164610 1973.9
1164620 1973.9
1164630 1979.1
1164640 1983.7
1164650 1983.7
1164660 1986.7
1164670 1987.4
1164680 1987.4
1164690 1988.1
1164700 1991.2
1164710 1991.2
1164720 1994.9
1164730 1997.8
1164740 2002.1
1164750 2002.1
1164760 2008.1
1164770 2013.1
1164780 2013.1
1164790 2019.3
1164800 2026.3
1164810 2026.3
1164820 2032.7
1164830 2038.0
1164840 2038.0
1164850 2041.9
1164860 2046.6
1164870 2046.6
1164880 2048.8
1164890 2054.3
1164900 2054.3
1164910 2064.1
1164920 2071.8
1164930 2072.0
1164940 2077.5
1164950 2083.1
1164960 2083.1
1164970 2088.8
1164980 2093.7
1164990 2093.7
1165000 2098.2
1165010 2101.9
1165020 2101.9
1165030 2103.2
1165040 2099.9
1165050 2099.9
1165060 2091.0
1165070 2081.9
1165080 2075.3
1165090 2075.3
1165100 2069.9
1165110 2065.0
1165120 2065.0
1165130 2059.4
1165140 2052.8
1165150 2052.8
1165160 2045.0
1165170 2036.2
1165180 2036.2
1165190 2029.1
1165200 2022.4
1165210 2022.4
1165220 2014.4
1165230 1998.3
1165240 1998.3
1165250 1986.3
1165260 1975.0
1165270 1975.0
1165280 1966.0
1165290 1959.1
1165300 1959.1
1165310 1952.5
1165320 1946.3
1165330 1946.2
1165340 1940.4
1165350 1935.2
1165360 1935.2
1165370 1930.2
1165380 1925.6
1165390 1925.6
1165400 1921.8
1165410 1918.4
1165420 1914.6
1165430 1914.6
1165440 1910.4
1165450 1905.1
1165460 1905.1
1165470 1900.4
1165480 1896.1
1165490 1896.1
1165500 1892.2
1165510 1890.1
1165520 1890.1
1165530 1890.1
1165540 1888.5
1165550 1888.5
1165560 1883.9
1165570 1880.0
1165580 1880.0
1165590 1877.0
1165600 1873.8
1165610 1873.8
1165620 1863.7
1165630 1852.4
1165640 1852.4
1165650 1844.7
1165660 1838.8
1165670 1838.8
1165680 1833.6
1165690 1828.4
1165700 1828.4
1165710 1822.9
1165720 1817.0
1165730 1815.3
1165740 1810.1
1165750 1805.8
1165760 1802.0
1165770 1802.0
1165780 1799.9
1165790 1798.0
1165800 1798.0
1165810 1796.5
1165820 1796.4
1165830 1796.4
1165840 1796.3
1165850 1794.7
1165860 1794.7
1165870 1793.0
1165880 1790.7
1165890 1790.7
1165900 1788.5
1165910 1787.2
1165920 1787.2
1165930 1785.9
1165940 1783.7
1165950 1783.7
1165960 1780.5
1165970 1776.7
1165980 1776.7
1165990 1774.0
1166000 1771.1
1166010 1771.1
1166020 1767.3
1166030 1763.4
1166040 1763.4
1166050 1759.9
1166060 1756.8
1166070 1756.8
1166080 1753.3
1166090 1749.0
1166100 1744.2
1166110 1744.2
1166120 1739.0
1166130 1729.0
1166140 1729.0
1166150 1724.8
1166160 1720.1
1166170 1720.1
1166180 1714.8
1166190 1709.8
1166200 1709.8
1166210 1705.8
1166220 1700.7
1166230 1700.7
1166240 1695.3
1166250 1690.5
1166260 1690.5
1166270 1683.7
1166280 1677.8
1166290 1677.8
1166300 1673.6
1166310 1671.2
1166320 1671.2
1166330 1667.3
1166340 1664.2
1166350 1664.2
1166360 1662.0
1166370 1657.7
1166380 1657.7
1166390 1654.3
1166400 1650.0
1166410 1650.0
1166420 1645.6
1166430 1637.9
1166440 1626.7
1166450 1626.7
1166460 1616.7
1166470 1609.6
1166480 1609.6
1166490 1608.9
1166500 1610.4
1166510 1610.4
1166520 1609.7
1166530 1602.1
1166540 1602.1
1166550 1597.1
1166560 1589.6
1166570 1589.6
1166580 1581.8
1166590 1574.3
1166600 1574.3
1166610 1565.8
1166620 1556.4
1166630 1556.4
1166640 1551.1
1166650 1549.5
1166660 1549.5
1166670 1546.1
1166680 1541.2
1166690 1541.2
1166700 1535.0
1166710 1531.0
1166720 1531.0
1166730 1527.8
1166740 1525.0
1166750 1525.0
1166760 1522.6
1166770 1520.6
1166780 1518.0
1166790 1518.0
1166800 1516.2
1166810 1514.9
1166820 1514.9
1166830 1512.2
1166840 1509.8
1166850 1509.8
1166860 1507.6
1166870 1505.3
1166880 1505.3
1166890 1503.4
1166900 1504.1
1166910 1504.1
1166920 1505.6
1166930 1493.5
1166940 1493.5
1166950 1489.1
1166960 1483.1
1166970 1483.1
1166980 1483.5
1166990 1472.8
1167000 1472.8
1167010 1463.6
1167020 1460.7
1167030 1460.7
1167040 1458.5
1167050 1455.1
1167060 1455.1
1167070 1451.9
1167080 1448.6
1167090 1444.5
1167100 1444.5
1167110 1440.5
1167120 1437.6
1167130 1437.6
1167140 1435.2
1167150 1432.9
1167160 1432.9
1167170 1428.5
1167180 1424.5
1167190 1424.5
1167200 1421.0
1167210 1417.7
1167220 1417.7
1167230 1415.2
1167240 1413.8
1167250 1413.8
1167260 1413.6
1167270 1415.6
1167280 1415.6
1167290 1417.5
1167300 1414.3
1167310 1414.3
1167320 1410.1
1167330 1401.9
1167340 1401.9
1167350 1399.9
1167360 1397.3
1167370 1397.3
1167380 1392.8
1167390 1398.3
1167400 1398.3
1167410 1402.6
1167420 1404.4
1167430 1405.1
1167440 1405.1
1167450 1406.7
1167460 1407.5
1167470 1407.5
1167480 1407.5
1167490 1405.6
1167500 1405.6
1167510 1403.6
1167520 1402.5
1167530 1402.5
1167540 1402.5
1167550 1402.5
1167560 1402.5
1167570 1402.7
1167580 1403.1
1167590 1403.1
1167600 1403.6
1167610 1404.0
1167620 1404.0
1167630 1403.6
1167640 1403.6
1167650 1403.6
1167660 1402.4
1167670 1401.6
1167680 1401.6
1167690 1400.4
1167700 1401.2
1167710 1401.2
1167720 1403.6
1167730 1405.6
1167740 1397.7
1167750 1398.7
1167760 1398.1
1167770 1395.7
1167780 1395.7
1167790 1396.4
1167800 1396.1
1167810 1396.1
1167820 1395.0
1167830 1396.7
1167840 1396.7
1167850 1398.8
1167860 1399.2
1167870 1399.2
1167880 1397.9
1167890 1397.2
1167900 1397.2
1167910 1395.7
1167920 1390.7
1167930 1390.7
1167940 1385.8
1167950 1389.0
1167960 1389.0
1167970 1392.2
1167980 1391.7
1167990 1391.7
1168000 1390.1
1168010 1387.7
1168020 1387.7
1168030 1384.0
1168040 1379.4
1168050 1379.4
1168060 1372.4
1168070 1363.9
1168080 1363.9
1168090 1360.2
1168100 1363.1
1168110 1364.7
1168120 1364.7
1168130 1361.3
1168140 1350.8
1168150 1350.8
1168160 1348.6
1168170 1348.1
1168180 1348.1
1168190 1345.2
1168200 1341.7
1168210 1341.7
1168220 1337.9
1168230 1333.5
1168240 1333.5
1168250 1328.0
1168260 1326.1
1168270 1326.1
1168280 1324.5
1168290 1322.9
1168300 1322.9
1168310 1321.3
1168320 1318.5
1168330 1318.5
1168340 1315.4
1168350 1312.4
1168360 1312.4
1168370 1309.7
1168380 1306.9
1168390 1306.9
1168400 1303.8
1168410 1300.9
1168420 1300.9
1168430 1298.3
1168440 1295.9
1168450 1294.1
1168460 1294.1
1168470 1292.2
1168480 1289.4
1168490 1289.4
1168500 1285.7
1168510 1281.7
1168520 1281.7
1168530 1277.2
1168540 1272.6
1168550 1267.0
1168560 1262.4
1168570 1257.8
1168580 1257.8
1168590 1255.1
1168600 1252.7
1168610 1252.7
1168620 1249.8
1168630 1246.1
1168640 1246.1
1168650 1241.6
1168660 1236.7
1168670 1236.7
1168680 1231.3
1168690 1226.1
1168700 1226.1
1168710 1220.8
1168720 1215.6
1168730 1215.6
1168740 1209.9
1168750 1204.5
1168760 1204.5
1168770 1199.1
1168780 1194.0
1168790 1189.6
1168800 1189.6
1168810 1186.0
1168820 1181.3
1168830 1181.3
1168840 1176.3
1168850 1171.1
1168860 1171.1
1168870 1165.9
1168880 1164.6
1168890 1164.6
1168900 1164.6
1168910 1164.6
1168920 1164.6
1168930 1164.6
1168940 1164.6
1168950 1164.6
1168960 1164.6
1168970 1164.6
1168980 1164.6
1168990 1164.6
1169000 1164.6
1169010 1164.6
1169020 1164.6
1169030 1164.6
1169040 1164.6
1169050 1164.6
1169060 1164.6
1169070 1164.6
1169080 1164.6
1169090 1164.6
1169100 1164.6
1169110 1164.6
1169120 1164.6
1169130 1164.6
1169140 1164.6
1169150 1164.6
1169160 1164.6
1169170 1164.6
1169180 1164.6
1169190 1164.6
1169200 1164.6
1169210 1164.6
1169220 1164.6
1169230 1164.6
1169240 1164.6
1169250 1164.6
1169260 1164.6
1169270 1164.6
1169280 1164.6
1169290 1164.6
1169300 1164.6
1169310 1164.6
1169320 1164.6
1169330 1164.6
1169340 1164.6
1169350 1164.6
1169360 1164.6
1169370 1164.6
1169380 1164.6
1169390 1164.6
1169400 1164.6
1169410 1164.6
1169420 1164.6
1169430 1164.6
1169440 1164.6
1169450 1164.6
1169460 1164.6
1169470 1164.6
1169480 1164.6
1169490 1164.6
1169500 1164.6
1169510 1164.6
1169520 1164.6
1169530 1164.6
1169540 1164.6
1169550 1164.6
1169560 1164.6
1169570 1164.6
1169580 1164.6
1169590 1164.6
1169600 1164.6
1169610 1164.6
1169620 1164.6
1169630 1164.6
1169640 1164.6
1169650 1164.6
1169660 1164.6
1169670 1164.6
1169680 1164.6
1169690 1164.6
1169700 1164.6
1169710 1164.6
1169720 1164.6
1169730 1164.6
1169740 1165.0
1169750 1165.0
1169760 1169.0
1169770 1171.2
1169780 1173.8
1169790 1173.8
1169800 1177.4
1169810 1181.0
1169820 1181.0
1169830 1185.3
1169840 1189.4
1169850 1189.4
1169860 1193.5
1169870 1198.1
1169880 1198.1
1169890 1202.7
1169900 1207.9
1169910 1207.9
1169920 1213.1
1169930 1218.1
1169940 1218.1
1169950 1223.2
1169960 1228.5
1169970 1228.5
1169980 1233.8
1169990 1238.9
1170000 1238.9
1170010 1243.9
1170020 1249.4
1170030 1249.4
1170040 1254.8
1170050 1259.7
1170060 1259.7
1170070 1263.6
1170080 1267.7
1170090 1267.7
1170100 1271.8
1170110 1276.7
1170120 1283.0
1170130 1283.0
1170140 1289.8
1170150 1296.9
1170160 1296.9
1170170 1309.8
1170180 1317.7
1170190 1317.7
1170200 1324.9
1170210 1332.6
1170220 1332.6
1170230 1340.7
1170240 1346.3
1170250 1346.3
1170260 1349.4
1170270 1353.6
1170280 1353.6
1170290 1357.6
1170300 1363.3
1170310 1363.3
1170320 1369.0
1170330 1375.7
1170340 1375.7
1170350 1382.8
1170360 1388.9
1170370 1388.9
1170380 1394.5
1170390 1400.3
1170400 1400.3
1170410 1405.2
1170420 1409.6
1170430 1409.6
1170440 1414.9
1170450 1419.8
1170460 1418.5
1170470 1418.5
1170480 1419.5
1170490 1422.1
1170500 1422.1
1170510 1427.5
1170520 1433.2
1170530 1433.2
1170540 1437.4
1170550 1436.9
1170560 1436.9
1170570 1449.4
1170580 1450.7
1170590 1450.7
1170600 1456.3
1170610 1465.3
1170620 1465.3
1170630 1479.4
1170640 1489.1
1170650 1489.1
1170660 1498.7
1170670 1509.9
1170680 1509.9
1170690 1519.7
1170700 1530.1
1170710 1530.1
1170720 1541.4
1170730 1557.0
1170740 1557.0
1170750 1571.5
1170760 1578.2
1170770 1578.2
1170780 1586.0
1170790 1593.5
1170800 1601.2
1170810 1601.2
1170820 1612.4
1170830 1626.0
1170840 1626.0
1170850 1639.6
1170860 1651.5
1170870 1651.5
1170880 1666.4
1170890 1685.0
1170900 1685.0
1170910 1712.3
1170920 1731.5
1170930 1731.5
1170940 1740.8
1170950 1745.6
1170960 1745.6
1170970 1749.1
1170980 1758.9
1170990 1758.9
1171000 1761.7
1171010 1764.7
1171020 1764.7
1171030 1767.8
1171040 1771.0
1171050 1771.0
1171060 1774.1
1171070 1777.2
1171080 1777.2
1171090 1780.8
1171100 1784.6
1171110 1784.6
1171120 1787.1
1171130 1786.1
1171140 1784.9
1171150 1784.9
1171160 1787.1
1171170 1793.2
1171180 1793.2
1171190 1792.9
1171200 1783.7
1171210 1783.7
1171220 1774.0
1171230 1766.7
1171240 1766.7
1171250 1762.1
1171260 1756.4
1171270 1756.4
1171280 1750.5
1171290 1745.6
1171300 1745.6
1171310 1741.3
1171320 1736.1
1171330 1736.1
1171340 1731.4
1171350 1728.0
1171360 1728.0
1171370 1726.0
1171380 1722.4
1171390 1725.5
1171400 1720.8
1171410 1720.4
1171420 1720.4
1171430 1717.7
1171440 1715.3
1171450 1713.1
1171460 1713.1
1171470 1709.7
1171480 1704.5
1171490 1704.5
1171500 1698.2
1171510 1692.4
1171520 1692.4
1171530 1686.3
1171540 1679.0
1171550 1679.0
1171560 1672.5
1171570 1668.1
1171580 1668.1
1171590 1665.4
1171600 1662.6
1171610 1662.6
1171620 1660.5
1171630 1658.9
1171640 1658.9
1171650 1658.0
1171660 1655.8
1171670 1655.8
1171680 1653.7
1171690 1649.0
1171700 1649.0
1171710 1644.7
1171720 1640.6
1171730 1640.6
1171740 1638.9
1171750 1641.1
1171760 1641.1
1171770 1648.5
1171780 1653.4
1171790 1652.7
1171800 1659.3
1171810 1660.5
1171820 1667.7
1171830 1667.7
1171840 1673.1
1171850 1674.1
1171860 1674.1
1171870 1673.6
1171880 1670.2
1171890 1670.2
1171900 1663.7
1171910 1657.8
1171920 1657.8
1171930 1660.1
1171940 1669.0
1171950 1669.0
1171960 1678.3
1171970 1688.7
1171980 1688.7
1171990 1697.4
1172000 1704.1
1172010 1704.1
1172020 1709.9
1172030 1715.0
1172040 1715.0
1172050 1719.8
1172060 1724.5
1172070 1724.5
1172080 1729.2
1172090 1732.8
1172100 1732.8
1172110 1735.3
1172120 1737.8
1172130 1742.6
1172140 1742.6
1172150 1748.4
1172160 1753.5
1172170 1753.5
1172180 1758.3
1172190 1762.7
1172200 1759.2
1172210 1761.7
1172220 1765.7
1172230 1765.7
1172240 1771.5
1172250 1777.8
1172260 1777.8
1172270 1784.5
1172280 1791.6
1172290 1791.6
1172300 1798.1
1172310 1804.0
1172320 1804.0
1172330 1809.3
1172340 1814.4
1172350 1814.4
1172360 1818.4
1172370 1819.8
1172380 1819.8
1172390 1819.5
1172400 1819.3
1172410 1819.3
1172420 1820.5
1172430 1822.8
1172440 1822.8
1172450 1826.0
1172460 1829.9
1172470 1834.3
1172480 1834.3
1172490 1839.3
1172500 1844.6
1172510 1844.6
1172520 1850.1
1172530 1855.4
1172540 1855.4
1172550 1860.2
1172560 1865.2
1172570 1865.2
1172580 1870.9
1172590 1877.4
1172600 1877.4
1172610 1885.0
1172620 1891.1
1172630 1891.1
1172640 1896.9
1172650 1903.7
1172660 1903.7
1172670 1910.8
1172680 1917.7
1172690 1917.7
1172700 1925.3
1172710 1932.6
1172720 1932.6
1172730 1939.8
1172740 1947.0
1172750 1947.0
1172760 1957.9
1172770 1969.1
1172780 1969.1
1172790 1978.6
1172800 1992.1
1172810 2008.2
1172820 2008.2
1172830 2018.8
1172840 2026.2
1172850 2026.2
1172860 2033.2
1172870 2040.3
1172880 2040.3
1172890 2046.6
1172900 2052.7
1172910 2052.7
1172920 2059.5
1172930 2063.7
1172940 2063.7
1172950 2062.1
1172960 2060.1
1172970 2060.1
1172980 2058.9
1172990 2056.5
1173000 2056.5
1173010 2051.3
1173020 2044.7
1173030 2044.7
1173040 2039.2
1173050 2033.7
1173060 2033.7
1173070 2028.2
1173080 2022.9
1173090 2022.9
1173100 2017.8
1173110 2013.2
1173120 2007.9
1173130 2007.9
1173140 2001.5
1173150 1997.0
1173160 1997.0
1173170 1994.1
1173180 1992.8
1173190 1992.8
1173200 1991.3
1173210 1987.2
1173220 1987.2
1173230 1981.8
1173240 1974.4
1173250 1974.4
1173260 1960.5
1173270 1946.0
1173280 1946.0
1173290 1930.7
1173300 1920.9
1173310 1920.9
1173320 1916.0
1173330 1906.1
1173340 1906.1
1173350 1898.3
1173360 1891.3
1173370 1891.3
1173380 1885.7
1173390 1880.2
1173400 1880.2
1173410 1874.4
1173420 1869.0
1173430 1876.4
1173440 1873.1
1173450 1871.4
1173460 1860.9
1173470 1860.9
1173480 1859.0
1173490 1863.6
1173500 1863.6
1173510 1865.7
1173520 1861.9
1173530 1861.9
1173540 1853.7
1173550 1843.8
1173560 1843.8
1173570 1832.8
1173580 1823.3
1173590 1823.3
1173600 1819.1
1173610 1814.9
1173620 1814.9
1173630 1811.1
1173640 1810.2
1173650 1810.2
1173660 1810.6
1173670 1808.5
1173680 1808.5
1173690 1807.1
1173700 1808.4
1173710 1808.4
1173720 1809.3
1173730 1806.0
1173740 1806.0
1173750 1803.4
1173760 1801.7
1173770 1801.7
1173780 1798.9
1173790 1793.0
1173800 1787.3
1173810 1787.3
1173820 1783.6
1173830 1780.3
1173840 1780.3
1173850 1779.1
1173860 1774.6
1173870 1774.6
1173880 1770.1
1173890 1766.6
1173900 1766.6
1173910 1763.6
1173920 1761.3
1173930 1761.3
1173940 1758.9
1173950 1756.1
1173960 1756.1
1173970 1753.5
1173980 1749.7
1173990 1749.7
1174000 1746.6
1174010 1743.2
1174020 1743.2
1174030 1741.1
1174040 1743.0
1174050 1743.0
1174060 1742.0
1174070 1740.4
1174080 1740.4
1174090 1737.3
1174100 1733.2
1174110 1733.2
1174120 1728.8
1174130 1723.5
1174140 1717.1
1174150 1717.1
1174160 1710.9
1174170 1705.7
1174180 1705.7
1174190 1701.1
1174200 1697.5
1174210 1697.5
1174220 1695.3
1174230 1693.3
1174240 1693.3
1174250 1691.3
1174260 1690.9
1174270 1690.9
1174280 1689.6
1174290 1688.4
1174300 1688.4
1174310 1687.5
1174320 1686.6
1174330 1686.6
1174340 1685.4
1174350 1684.5
1174360 1684.5
1174370 1683.4
1174380 1682.2
1174390 1682.2
1174400 1680.5
1174410 1678.2
1174420 1678.2
1174430 1676.3
1174440 1674.6
1174450 1674.6
1174460 1673.3
1174470 1670.9
1174480 1670.6
1174490 1670.6
1174500 1672.5
1174510 1674.8
1174520 1674.8
1174530 1679.6
1174540 1683.2
1174550 1683.2
1174560 1686.0
1174570 1688.1
1174580 1688.1
1174590 1691.3
1174600 1696.1
1174610 1696.1
1174620 1699.5
1174630 1702.8
1174640 1702.8
1174650 1705.5
1174660 1708.1
1174670 1712.5
1174680 1714.2
1174690 1715.2
1174700 1715.2
1174710 1718.9
1174720 1724.2
1174730 1724.2
1174740 1728.0
1174750 1728.1
1174760 1728.1
1174770 1728.3
1174780 1731.0
1174790 1731.0
1174800 1735.7
1174810 1738.7
1174820 1738.3
1174830 1738.3
1174840 1744.9
1174850 1761.4
1174860 1761.4
1174870 1771.6
1174880 1781.7
1174890 1781.7
1174900 1789.4
1174910 1795.4
1174920 1795.4
1174930 1797.3
1174940 1801.6
1174950 1801.6
1174960 1809.2
1174970 1817.4
1174980 1817.4
1174990 1820.8
1175000 1845.7
1175010 1845.7
1175020 1862.7
1175030 1876.0
1175040 1876.0
1175050 1887.7
1175060 1895.9
1175070 1895.9
1175080 1903.8
1175090 1911.2
1175100 1911.2
1175110 1918.3
1175120 1925.2
1175130 1932.0
1175140 1932.0
1175150 1938.6
1175160 1944.8
1175170 1944.8
1175180 1942.3
1175190 1928.2
1175200 1928.2
1175210 1916.1
1175220 1908.7
1175230 1908.7
1175240 1912.2
1175250 1915.5
1175260 1915.5
1175270 1920.7
1175280 1926.6
1175290 1926.6
1175300 1932.1
1175310 1936.3
1175320 1936.3
1175330 1937.0
1175340 1935.7
1175350 1935.7
1175360 1935.4
1175370 1935.3
1175380 1935.3
1175390 1934.1
1175400 1931.9
1175410 1931.9
1175420 1930.6
1175430 1929.4
1175440 1929.4
1175450 1927.3
1175460 1924.2
1175470 1920.8
1175480 1920.8
1175490 1911.1
1175500 1903.4
1175510 1903.4
1175520 1896.5
1175530 1891.6
1175540 1891.6
1175550 1888.8
1175560 1887.0
1175570 1887.0
1175580 1881.8
1175590 1877.2
1175600 1877.2
1175610 1876.3
1175620 1880.6
1175630 1880.6
1175640 1886.4
1175650 1890.5
1175660 1890.5
1175670 1894.1
1175680 1897.2
1175690 1897.2
1175700 1898.9
1175710 1900.1
1175720 1900.1
1175730 1899.2
1175740 1898.7
1175750 1898.7
1175760 1898.6
1175770 1900.8
1175780 1900.8
1175790 1903.2
1175800 1903.0
1175810 1902.2
1175820 1902.2
1175830 1904.2
1175840 1906.2
1175850 1906.2
1175860 1908.9
1175870 1910.6
1175880 1910.6
1175890 1909.9
1175900 1910.4
1175910 1902.6
1175920 1904.0
1175930 1904.7
1175940 1904.7
1175950 1905.5
1175960 1906.5
1175970 1906.5
1175980 1906.8
1175990 1901.5
1176000 1901.5
1176010 1894.5
1176020 1893.3
1176030 1893.3
1176040 1892.7
1176050 1892.1
1176060 1892.1
1176070 1888.3
1176080 1884.5
1176090 1884.5
1176100 1879.6
1176110 1874.6
1176120 1874.6
1176130 1870.9
1176140 1870.2
1176150 1868.0
1176160 1868.0
1176170 1865.5
1176180 1861.3
1176190 1861.3
1176200 1855.7
1176210 1850.7
1176220 1850.7
1176230 1843.3
1176240 1836.7
1176250 1836.7
1176260 1830.7
1176270 1824.7
1176280 1824.7
1176290 1819.1
1176300 1814.0
1176310 1814.0
1176320 1809.1
1176330 1807.9
1176340 1807.9
1176350 1808.0
1176360 1805.8
1176370 1805.8
1176380 1804.1
1176390 1803.0
1176400 1803.0
1176410 1803.8
1176420 1803.6
1176430 1803.6
1176440 1802.4
1176450 1801.4
1176460 1801.4
1176470 1799.0
1176480 1796.2
1176490 1792.9
1176500 1792.9
1176510 1790.2
1176520 1788.2
1176530 1788.2
1176540 1786.2
1176550 1783.7
1176560 1783.7
1176570 1781.5
1176580 1778.7
1176590 1778.7
1176600 1776.4
1176610 1774.6
1176620 1774.6
1176630 1773.3
1176640 1773.0
1176650 1773.0
1176660 1772.5
1176670 1771.6
1176680 1771.6
1176690 1771.9
1176700 1770.9
1176710 1770.9
1176720 1767.1
1176730 1764.5
1176740 1763.1
1176750 1760.3
1176760 1756.4
1176770 1756.4
1176780 1751.2
1176790 1745.7
1176800 1745.7
1176810 1740.9
1176820 1737.5
1176830 1735.0
1176840 1735.0
1176850 1731.3
1176860 1727.6
1176870 1727.6
1176880 1723.9
1176890 1720.1
1176900 1720.1
1176910 1717.1
1176920 1714.7
1176930 1714.7
1176940 1712.4
1176950 1709.2
1176960 1709.2
1176970 1706.3
1176980 1703.4
1176990 1703.4
1177000 1700.1
1177010 1696.0
1177020 1696.0
1177030 1690.2
1177040 1682.8
1177050 1682.8
1177060 1675.1
1177070 1666.7
1177080 1666.7
1177090 1657.6
1177100 1649.8
1177110 1649.8
1177120 1642.8
1177130 1638.8
1177140 1634.3
1177150 1627.9
1177160 1622.9
1177170 1619.5
1177180 1619.5
1177190 1617.1
1177200 1615.1
1177210 1615.1
1177220 1610.6
1177230 1610.6
1177240 1610.6
1177250 1610.3
1177260 1609.1
1177270 1609.1
1177280 1607.5
1177290 1607.0
1177300 1607.0
1177310 1606.1
1177320 1603.0
1177330 1603.0
1177340 1601.0
1177350 1598.3
1177360 1598.3
1177370 1592.4
1177380 1585.6
1177390 1585.6
1177400 1580.9
1177410 1575.8
1177420 1575.8
1177430 1572.4
1177440 1568.8
1177450 1568.8
1177460 1559.5
1177470 1549.0
1177480 1541.5
1177490 1541.5
1177500 1535.3
1177510 1529.3
1177520 1529.3
1177530 1524.4
1177540 1519.6
1177550 1519.6
1177560 1517.0
1177570 1509.0
1177580 1509.0
1177590 1507.3
1177600 1503.7
1177610 1503.7
1177620 1497.6
1177630 1491.9
1177640 1491.9
1177650 1484.8
1177660 1477.2
1177670 1477.2
1177680 1469.9
1177690 1462.8
1177700 1462.8
1177710 1452.6
1177720 1438.6
1177730 1438.6
1177740 1434.4
1177750 1441.5
1177760 1441.5
1177770 1447.4
1177780 1455.1
1177790 1455.1
1177800 1460.8
1177810 1466.4
1177820 1472.6
1177830 1472.6
1177840 1479.0
1177850 1486.2
1177860 1486.2
1177870 1492.8
1177880 1499.0
1177890 1499.0
1177900 1505.8
1177910 1512.5
1177920 1512.5
1177930 1519.6
1177940 1526.9
1177950 1526.9
1177960 1532.9
1177970 1536.6
1177980 1530.2
1177990 1531.1
1178000 1530.1
1178010 1530.1
1178020 1529.9
1178030 1529.7
1178040 1529.7
1178050 1528.2
1178060 1524.9
1178070 1524.9
1178080 1531.0
1178090 1538.9
1178100 1538.9
1178110 1545.6
1178120 1552.7
1178130 1552.7
1178140 1558.9
1178150 1564.8
1178160 1570.2
1178170 1570.2
1178180 1572.8
1178190 1574.4
1178200 1574.4
1178210 1578.2
1178220 1581.6
1178230 1581.6
1178240 1587.3
1178250 1591.1
1178260 1591.1
1178270 1592.6
1178280 1594.7
1178290 1594.7
1178300 1595.0
1178310 1598.3
1178320 1598.3
1178330 1602.3
1178340 1602.3
1178350 1602.3
1178360 1601.8
1178370 1602.2
1178380 1602.2
1178390 1603.8
1178400 1596.2
1178410 1596.2
1178420 1601.0
1178430 1610.5
1178440 1610.5
1178450 1613.7
1178460 1613.9
1178470 1613.9
1178480 1613.6
1178490 1611.4
1178500 1609.0
1178510 1609.0
1178520 1608.2
1178530 1608.8
1178540 1608.8
1178550 1608.1
1178560 1603.3
1178570 1603.3
1178580 1599.0
1178590 1594.7
1178600 1594.7
1178610 1591.2
1178620 1588.2
1178630 1588.2
1178640 1584.2
1178650 1578.6
1178660 1578.6
1178670 1572.3
1178680 1563.5
1178690 1563.5
1178700 1554.3
1178710 1544.4
1178720 1544.4
1178730 1531.4
1178740 1513.1
1178750 1513.1
1178760 1497.6
1178770 1488.3
1178780 1488.3
1178790 1479.0
1178800 1469.1
1178810 1461.4
1178820 1463.0
1178830 1455.9
1178840 1445.2
1178850 1445.2
1178860 1434.5
1178870 1422.8
1178880 1422.8
1178890 1412.5
1178900 1408.4
1178910 1408.4
1178920 1405.9
1178930 1396.6
1178940 1396.6
1178950 1395.0
1178960 1408.7
1178970 1408.7
1178980 1425.4
1178990 1428.3
1179000 1428.3
1179010 1429.0
1179020 1428.7
1179030 1428.7
1179040 1427.1
1179050 1423.9
1179060 1423.9
1179070 1419.3
1179080 1414.4
1179090 1414.4
1179100 1409.9
1179110 1401.8
1179120 1401.8
1179130 1395.4
1179140 1392.0
1179150 1388.8
1179160 1388.8
1179170 1384.2
1179180 1380.9
1179190 1380.9
1179200 1378.9
1179210 1377.3
1179220 1377.3
1179230 1376.0
1179240 1371.5
1179250 1371.5
1179260 1371.3
1179270 1370.1
1179280 1370.1
1179290 1369.1
1179300 1369.4
1179310 1369.4
1179320 1371.4
1179330 1376.3
1179340 1376.3
1179350 1381.8
1179360 1383.8
1179370 1383.8
1179380 1384.2
1179390 1383.8
1179400 1383.8
1179410 1383.7
1179420 1384.6
1179430 1384.6
1179440 1384.1
1179450 1382.7
1179460 1382.7
1179470 1381.2
1179480 1379.0
1179490 1377.7
1179500 1377.7
1179510 1375.5
1179520 1373.8
1179530 1373.8
1179540 1372.1
1179550 1369.4
1179560 1369.4
1179570 1364.1
1179580 1359.1
1179590 1359.1
1179600 1361.7
1179610 1362.5
1179620 1362.5
1179630 1361.8
1179640 1360.9
1179650 1360.9
1179660 1353.7
1179670 1350.4
1179680 1350.4
1179690 1348.2
1179700 1345.9
1179710 1345.9
1179720 1344.0
1179730 1342.8
1179740 1342.8
1179750 1340.0
1179760 1336.7
1179770 1336.7
1179780 1333.0
1179790 1330.2
1179800 1330.2
1179810 1327.2
1179820 1324.2
1179830 1320.6
1179840 1320.6
1179850 1316.3
1179860 1312.1
1179870 1312.1
1179880 1307.5
1179890 1304.1
1179900 1304.1
1179910 1301.6
1179920 1298.6
1179930 1298.6
1179940 1296.2
1179950 1294.0
1179960 1294.0
1179970 1289.6
1179980 1285.9
1179990 1285.9
