1164700 1777.1
1164710 1780.2
1164720 1780.2
1164730 1785.8
1164740 1791.5
1164750 1791.5
1164760 1797.3
1164770 1803.1
1164780 1808.9
1164790 1808.9
1164800 1814.9
1164810 1820.8
1164820 1820.8
1164830 1826.7
1164840 1832.7
1164850 1832.7
1164860 1838.8
1164870 1844.8
1164880 1844.8
1164890 1850.7
1164900 1856.8
1164910 1856.8
1164920 1862.6
1164930 1868.2
1164940 1868.2
1164950 1876.2
1164960 1882.1
1164970 1882.1
1164980 1888.3
1164990 1895.1
1165000 1895.1
1165010 1901.7
1165020 1908.6
1165030 1908.6
1165040 1915.3
1165050 1922.2
1165060 1922.2
1165070 1929.2
1165080 1936.4
1165090 1936.4
1165100 1943.6
1165110 1951.1
1165120 1958.6
1165130 1958.6
1165140 1966.4
1165150 1973.9
1165160 1973.9
1165170 1981.5
1165180 1989.2
1165190 1989.2
1165200 1996.2
1165210 2002.7
1165220 2002.7
1165230 2009.1
1165240 2015.0
1165250 2015.0
1165260 2020.5
1165270 2028.2
1165280 2028.2
1165290 2036.6
1165300 2046.0
1165310 2046.0
1165320 2054.2
1165330 2061.6
1165340 2061.6
1165350 2072.4
1165360 2080.3
1165370 2080.3
1165380 2087.9
1165390 2097.7
1165400 2097.7
1165410 2111.2
1165420 2120.2
1165430 2120.2
1165440 2142.7
1165450 2169.7
1165460 2171.3
1165470 2171.3
1165480 2166.7
1165490 2162.9
1165500 2162.9
1165510 2158.6
1165520 2155.3
1165530 2155.3
1165540 2152.0
1165550 2148.8
1165560 2148.8
1165570 2148.0
1165580 2147.9
1165590 2147.9
1165600 2147.4
1165610 2150.6
1165620 2150.6
1165630 2156.3
1165640 2163.5
1165650 2163.5
1165660 2171.6
1165670 2176.9
1165680 2176.9
1165690 2179.4
1165700 2183.1
1165710 2183.1
1165720 2183.2
1165730 2179.9
1165740 2179.9
1165750 2191.8
1165760 2196.3
1165770 2196.3
1165780 2207.8
1165790 2213.2
1165800 2216.6
1165810 2216.6
1165820 2218.5
1165830 2218.9
1165840 2218.9
1165850 2218.1
1165860 2217.8
1165870 2217.8
1165880 2217.5
1165890 2214.5
1165900 2214.5
1165910 2212.3
1165920 2211.5
1165930 2211.5
1165940 2210.7
1165950 2209.9
1165960 2209.9
1165970 2208.5
1165980 2208.6
1165990 2208.6
1166000 2209.3
1166010 2210.1
1166020 2210.1
1166030 2212.2
1166040 2213.1
1166050 2213.1
1166060 2213.2
1166070 2213.6
1166080 2213.6
1166090 2214.1
1166100 2214.9
1166110 2214.9
1166120 2214.3
1166130 2213.4
1166140 2206.6
1166150 2197.6
1166160 2189.4
1166170 2186.4
1166180 2186.4
1166190 2182.3
1166200 2181.1
1166210 2181.1
1166220 2178.4
1166230 2173.4
1166240 2173.4
1166250 2171.2
1166260 2168.0
1166270 2168.0
1166280 2166.7
1166290 2165.2
1166300 2165.2
1166310 2160.6
1166320 2149.5
1166330 2149.5
1166340 2138.3
1166350 2128.5
1166360 2128.5
1166370 2119.5
1166380 2110.0
1166390 2110.0
1166400 2097.8
1166410 2089.1
1166420 2089.1
1166430 2081.7
1166440 2067.1
1166450 2067.1
1166460 2052.0
1166470 2027.9
1166480 2012.2
1166490 2012.2
1166500 1994.7
1166510 1967.8
1166520 1967.8
1166530 1950.9
1166540 1943.8
1166550 1940.2
1166560 1932.9
1166570 1926.6
1166580 1926.6
1166590 1920.9
1166600 1915.5
1166610 1915.5
1166620 1910.1
1166630 1904.5
1166640 1904.5
1166650 1898.8
1166660 1893.4
1166670 1893.4
1166680 1888.5
1166690 1883.6
1166700 1883.6
1166710 1878.9
1166720 1874.6
1166730 1874.6
1166740 1870.3
1166750 1864.8
1166760 1864.8
1166770 1860.1
1166780 1857.9
1166790 1857.9
1166800 1857.6
1166810 1858.6
1166820 1859.5
1166830 1859.5
1166840 1859.0
1166850 1858.5
1166860 1858.5
1166870 1858.7
1166880 1858.7
1166890 1858.7
1166900 1862.2
1166910 1861.5
1166920 1861.5
1166930 1863.2
1166940 1862.9
1166950 1849.8
1166960 1850.8
1166970 1853.5
1166980 1853.5
1166990 1857.1
1167000 1859.1
1167010 1859.1
1167020 1854.5
1167030 1854.0
1167040 1854.0
1167050 1861.3
1167060 1866.4
1167070 1866.4
1167080 1875.8
1167090 1879.9
1167100 1879.9
1167110 1876.9
1167120 1867.0
1167130 1867.0
1167140 1865.6
1167150 1870.2
1167160 1879.8
1167170 1879.8
1167180 1877.7
1167190 1870.7
1167200 1870.7
1167210 1859.8
1167220 1856.3
1167230 1856.3
1167240 1849.4
1167250 1828.1
1167260 1828.1
1167270 1813.9
1167280 1801.0
1167290 1801.0
1167300 1791.3
1167310 1780.7
1167320 1780.7
1167330 1772.9
1167340 1769.1
1167350 1769.1
1167360 1765.7
1167370 1755.8
1167380 1755.8
1167390 1752.9
1167400 1749.5
1167410 1749.5
1167420 1740.1
1167430 1738.0
1167440 1738.0
1167450 1736.2
1167460 1735.9
1167470 1735.9
1167480 1724.9
1167490 1706.4
1167500 1699.5
1167510 1699.5
1167520 1702.1
1167530 1690.3
1167540 1690.3
1167550 1673.7
1167560 1662.4
1167570 1662.4
1167580 1655.0
1167590 1648.4
1167600 1648.4
1167610 1643.6
1167620 1640.9
1167630 1640.9
1167640 1637.6
1167650 1632.8
1167660 1632.8
1167670 1628.9
1167680 1623.5
1167690 1623.5
1167700 1619.2
1167710 1615.8
1167720 1615.8
1167730 1612.5
1167740 1609.0
1167750 1609.0
1167760 1608.5
1167770 1604.9
1167780 1604.9
1167790 1602.4
1167800 1598.4
1167810 1598.4
1167820 1593.8
1167830 1591.0
1167840 1587.8
1167850 1587.8
1167860 1585.4
1167870 1582.8
1167880 1582.8
1167890 1578.4
1167900 1574.2
1167910 1574.2
1167920 1572.5
1167930 1571.9
1167940 1571.9
1167950 1570.1
1167960 1565.5
1167970 1565.5
1167980 1562.8
1167990 1562.9
1168000 1562.9
1168010 1558.2
1168020 1551.9
1168030 1551.9
1168040 1548.0
1168050 1547.5
1168060 1547.5
1168070 1544.4
1168080 1533.3
1168090 1533.3
1168100 1523.8
1168110 1520.5
1168120 1520.5
1168130 1518.4
1168140 1515.2
1168150 1515.2
1168160 1523.7
1168170 1519.7
1168180 1515.7
1168190 1515.7
1168200 1513.1
1168210 1510.8
1168220 1510.8
1168230 1509.0
1168240 1507.6
1168250 1507.6
1168260 1505.4
1168270 1502.6
1168280 1502.6
1168290 1501.8
1168300 1500.4
1168310 1500.4
1168320 1498.6
1168330 1497.3
1168340 1497.3
1168350 1495.3
1168360 1492.5
1168370 1492.5
1168380 1490.0
1168390 1488.7
1168400 1488.7
1168410 1485.8
1168420 1482.2
1168430 1482.2
1168440 1478.9
1168450 1477.8
1168460 1477.8
1168470 1476.4
1168480 1474.7
1168490 1474.7
1168500 1473.4
1168510 1471.9
1168520 1471.3
1168530 1471.3
1168540 1472.9
1168550 1474.4
1168560 1474.4
1168570 1481.1
1168580 1481.2
1168590 1481.2
1168600 1481.3
1168610 1482.3
1168620 1482.3
1168630 1476.5
1168640 1465.0
1168650 1465.0
1168660 1449.4
1168670 1434.8
1168680 1434.8
1168690 1424.1
1168700 1415.0
1168710 1415.0
1168720 1406.8
1168730 1399.3
1168740 1399.3
1168750 1392.0
1168760 1384.6
1168770 1384.6
1168780 1377.2
1168790 1370.4
1168800 1370.4
1168810 1363.1
1168820 1356.0
1168830 1356.0
1168840 1349.0
1168850 1341.8
1168860 1335.1
1168870 1335.1
1168880 1328.2
1168890 1321.3
1168900 1321.3
1168910 1314.8
1168920 1308.4
1168930 1308.4
1168940 1302.1
1168950 1295.9
1168960 1295.9
1168970 1289.8
1168980 1283.7
1168990 1283.7
1169000 1277.2
1169010 1270.9
1169020 1270.9
1169030 1265.3
1169040 1259.4
1169050 1259.4
1169060 1253.1
1169070 1246.9
1169080 1246.9
1169090 1240.8
1169100 1235.0
1169110 1235.0
1169120 1229.3
1169130 1223.3
1169140 1223.3
1169150 1217.6
1169160 1212.1
1169170 1207.2
1169180 1207.2
1169190 1202.4
1169200 1197.8
1169210 1197.8
1169220 1193.4
1169230 1189.4
1169240 1189.4
1169250 1185.4
1169260 1181.6
1169270 1181.6
1169280 1177.6
1169290 1173.4
1169300 1173.4
1169310 1170.8
1169320 1168.9
1169330 1168.9
1169340 1166.6
1169350 1165.1
1169360 1165.1
1169370 1164.8
1169380 1164.7
1169390 1164.7
1169400 1164.7
1169410 1164.7
1169420 1164.7
1169430 1164.7
1169440 1164.7
1169450 1164.7
1169460 1164.7
1169470 1164.7
1169480 1164.7
1169490 1164.7
1169500 1164.8
1169510 1165.7
1169520 1165.7
1169530 1166.1
1169540 1166.4
1169550 1166.4
1169560 1166.7
1169570 1167.2
1169580 1167.2
1169590 1167.7
1169600 1168.1
1169610 1168.1
1169620 1168.7
1169630 1169.5
1169640 1169.5
1169650 1170.2
1169660 1170.9
1169670 1170.9
1169680 1171.7
1169690 1172.5
1169700 1172.5
1169710 1173.3
1169720 1174.3
1169730 1174.3
1169740 1175.2
1169750 1176.2
1169760 1176.2
1169770 1177.2
1169780 1177.7
1169790 1177.7
1169800 1178.6
1169810 1179.4
1169820 1179.4
1169830 1180.2
1169840 1181.0
1169850 1181.8
1169860 1181.8
1169870 1182.6
1169880 1183.3
1169890 1183.3
1169900 1184.1
1169910 1184.9
1169920 1184.9
1169930 1185.5
1169940 1186.4
1169950 1186.4
1169960 1187.3
1169970 1188.3
1169980 1188.3
1169990 1189.6
1170000 1191.0
1170010 1191.0
1170020 1192.3
1170030 1193.2
1170040 1193.2
1170050 1194.7
1170060 1196.2
1170070 1196.2
1170080 1197.6
1170090 1198.9
1170100 1198.9
1170110 1200.5
1170120 1202.1
1170130 1202.1
1170140 1203.6
1170150 1205.2
1170160 1205.2
1170170 1206.5
1170180 1207.6
1170190 1208.5
1170200 1208.5
1170210 1210.2
1170220 1211.9
1170230 1211.9
1170240 1213.3
1170250 1214.6
1170260 1214.6
1170270 1215.9
1170280 1217.1
1170290 1217.1
1170300 1218.2
1170310 1219.5
1170320 1219.5
1170330 1220.8
1170340 1222.0
1170350 1222.0
1170360 1223.3
1170370 1225.2
1170380 1225.2
1170390 1227.6
1170400 1230.2
1170410 1230.2
1170420 1232.1
1170430 1233.8
1170440 1233.8
1170450 1235.7
1170460 1237.6
1170470 1237.6
1170480 1238.9
1170490 1240.4
1170500 1240.4
1170510 1242.2
1170520 1244.2
1170530 1246.2
1170540 1246.2
1170550 1249.0
1170560 1252.4
1170570 1252.4
1170580 1255.8
1170590 1260.0
1170600 1263.0
1170610 1268.1
1170620 1274.2
1170630 1274.2
1170640 1280.5
1170650 1286.4
1170660 1286.4
1170670 1291.8
1170680 1298.5
1170690 1298.5
1170700 1304.5
1170710 1309.6
1170720 1309.6
1170730 1312.9
1170740 1313.6
1170750 1313.6
1170760 1313.1
1170770 1312.1
1170780 1312.1
1170790 1312.3
1170800 1315.5
1170810 1315.5
1170820 1319.3
1170830 1322.3
1170840 1322.3
1170850 1326.9
1170860 1328.8
1170870 1327.3
1170880 1327.3
1170890 1323.5
1170900 1319.8
1170910 1319.8
1170920 1316.9
1170930 1315.8
1170940 1315.8
1170950 1317.6
1170960 1317.5
1170970 1317.5
1170980 1316.5
1170990 1316.3
1171000 1327.0
1171010 1328.1
1171020 1331.0
1171030 1331.0
1171040 1334.3
1171050 1334.9
1171060 1334.9
1171070 1333.8
1171080 1333.4
1171090 1333.4
1171100 1333.1
1171110 1334.2
1171120 1334.2
1171130 1338.4
1171140 1342.8
1171150 1342.8
1171160 1345.1
1171170 1346.3
1171180 1346.3
1171190 1345.1
1171200 1345.5
1171210 1348.0
1171220 1348.0
1171230 1349.6
1171240 1347.8
1171250 1347.8
1171260 1346.6
1171270 1347.6
1171280 1347.6
1171290 1350.6
1171300 1354.6
1171310 1354.6
1171320 1357.1
1171330 1359.5
1171340 1359.5
1171350 1361.6
1171360 1364.2
1171370 1364.2
1171380 1369.4
1171390 1375.7
1171400 1375.7
1171410 1383.3
1171420 1392.3
1171430 1392.3
1171440 1401.2
1171450 1411.5
1171460 1411.5
1171470 1424.5
1171480 1436.8
1171490 1436.8
1171500 1447.9
1171510 1456.6
1171520 1456.6
1171530 1464.2
1171540 1471.4
1171550 1479.1
1171560 1479.1
1171570 1486.4
1171580 1493.2
1171590 1493.2
1171600 1500.7
1171610 1506.8
1171620 1506.8
1171630 1513.9
1171640 1519.7
1171650 1519.7
1171660 1524.4
1171670 1530.5
1171680 1530.5
1171690 1535.6
1171700 1540.2
1171710 1540.2
1171720 1545.2
1171730 1550.7
1171740 1550.7
1171750 1556.2
1171760 1561.0
1171770 1561.0
1171780 1564.4
1171790 1567.1
1171800 1567.1
1171810 1568.7
1171820 1561.2
1171830 1561.2
1171840 1563.1
1171850 1565.2
1171860 1565.2
1171870 1569.0
1171880 1574.9
1171890 1579.4
1171900 1579.4
1171910 1584.0
1171920 1589.6
1171930 1589.6
1171940 1595.5
1171950 1603.3
1171960 1603.3
1171970 1611.6
1171980 1619.6
1171990 1619.6
1172000 1625.5
1172010 1630.6
1172020 1630.6
1172030 1637.1
1172040 1643.9
1172050 1643.9
1172060 1649.1
1172070 1653.2
1172080 1653.2
1172090 1656.1
1172100 1659.8
1172110 1659.8
1172120 1662.9
1172130 1668.7
1172140 1668.7
1172150 1675.0
1172160 1683.4
1172170 1683.4
1172180 1689.9
1172190 1689.8
1172200 1689.8
1172210 1687.3
1172220 1685.3
1172230 1675.6
1172240 1675.6
1172250 1671.7
1172260 1666.9
1172270 1666.9
1172280 1665.9
1172290 1667.2
1172300 1667.2
1172310 1667.2
1172320 1668.2
1172330 1668.2
1172340 1670.4
1172350 1673.3
1172360 1673.3
1172370 1676.1
1172380 1678.5
1172390 1678.5
1172400 1681.0
1172410 1683.5
1172420 1683.5
1172430 1686.5
1172440 1689.6
1172450 1689.6
1172460 1692.4
1172470 1695.6
1172480 1695.6
1172490 1701.0
1172500 1707.1
1172510 1707.1
1172520 1712.2
1172530 1717.5
1172540 1717.5
1172550 1723.2
1172560 1730.4
1172570 1739.5
1172580 1739.5
1172590 1749.6
1172600 1759.3
1172610 1759.3
1172620 1767.9
1172630 1775.8
1172640 1772.5
1172650 1777.1
1172660 1784.6
1172670 1784.6
1172680 1793.5
1172690 1802.6
1172700 1802.6
1172710 1811.4
1172720 1820.9
1172730 1820.9
1172740 1839.1
1172750 1859.3
1172760 1859.3
1172770 1884.0
1172780 1898.4
1172790 1898.4
1172800 1904.4
1172810 1909.3
1172820 1909.3
1172830 1914.3
1172840 1919.2
1172850 1919.2
1172860 1923.0
1172870 1926.7
1172880 1926.7
1172890 1930.7
1172900 1934.1
1172910 1935.8
1172920 1935.8
1172930 1934.2
1172940 1930.5
1172950 1930.5
1172960 1924.9
1172970 1919.0
1172980 1919.0
1172990 1913.3
1173000 1907.5
1173010 1907.5
1173020 1901.9
1173030 1896.2
1173040 1896.2
1173050 1892.8
1173060 1886.0
1173070 1886.0
1173080 1878.7
1173090 1871.1
1173100 1871.1
1173110 1864.3
1173120 1857.8
1173130 1857.8
1173140 1850.7
1173150 1844.0
1173160 1844.0
1173170 1837.6
1173180 1832.1
1173190 1832.1
1173200 1827.5
1173210 1822.6
1173220 1817.5
1173230 1817.5
1173240 1811.9
1173250 1806.0
1173260 1806.0
1173270 1800.0
1173280 1793.9
1173290 1793.9
1173300 1788.3
1173310 1783.2
1173320 1783.2
1173330 1777.6
1173340 1771.4
1173350 1771.4
1173360 1765.4
1173370 1760.1
1173380 1760.1
1173390 1755.0
1173400 1750.2
1173410 1750.2
1173420 1746.1
1173430 1741.8
1173440 1741.8
1173450 1736.7
1173460 1728.8
1173470 1728.8
1173480 1724.3
1173490 1719.8
1173500 1719.8
1173510 1714.2
1173520 1709.8
1173530 1709.8
1173540 1706.5
1173550 1703.0
1173560 1699.7
1173570 1699.7
1173580 1697.1
1173590 1694.8
1173600 1694.8
1173610 1692.4
1173620 1690.1
1173630 1690.1
1173640 1688.0
1173650 1685.4
1173660 1685.4
1173670 1682.1
1173680 1679.2
1173690 1679.2
1173700 1676.9
1173710 1674.8
1173720 1674.8
1173730 1672.8
1173740 1670.6
1173750 1670.6
1173760 1668.8
1173770 1667.0
1173780 1667.0
1173790 1664.7
1173800 1663.0
1173810 1663.0
1173820 1660.2
1173830 1655.5
1173840 1655.5
1173850 1649.6
1173860 1642.9
1173870 1645.0
1173880 1646.5
1173890 1645.9
1173900 1643.7
1173910 1643.7
1173920 1641.0
1173930 1637.4
1173940 1637.4
1173950 1633.5
1173960 1628.6
1173970 1628.6
1173980 1623.5
1173990 1617.5
1174000 1617.5
1174010 1612.0
1174020 1607.2
1174030 1607.2
1174040 1603.1
1174050 1598.7
1174060 1598.7
1174070 1593.8
1174080 1588.8
1174090 1588.8
1174100 1582.4
1174110 1574.8
1174120 1574.8
1174130 1564.2
1174140 1557.3
1174150 1557.3
1174160 1553.9
1174170 1552.5
1174180 1552.5
1174190 1550.8
1174200 1547.8
1174210 1547.8
1174220 1545.0
1174230 1543.7
1174240 1541.9
1174250 1541.9
1174260 1540.6
1174270 1540.3
1174280 1540.7
1174290 1536.5
1174300 1532.0
1174310 1532.0
1174320 1526.1
1174330 1518.9
1174340 1518.9
1174350 1513.2
1174360 1508.9
1174370 1508.9
1174380 1503.1
1174390 1495.4
1174400 1495.4
1174410 1489.9
1174420 1485.9
1174430 1485.9
1174440 1482.9
1174450 1480.8
1174460 1480.8
1174470 1479.2
1174480 1477.6
1174490 1477.6
1174500 1476.1
1174510 1474.4
1174520 1474.4
1174530 1472.1
1174540 1470.0
1174550 1470.0
1174560 1467.6
1174570 1464.2
1174580 1461.7
1174590 1461.7
1174600 1462.0
1174610 1461.8
1174620 1461.8
1174630 1464.1
1174640 1468.2
1174650 1468.2
1174660 1472.0
1174670 1474.1
1174680 1474.1
1174690 1478.4
1174700 1480.4
1174710 1480.4
1174720 1482.3
1174730 1484.3
1174740 1484.3
1174750 1485.4
1174760 1487.0
1174770 1487.0
1174780 1489.7
1174790 1490.6
1174800 1490.6
1174810 1492.5
1174820 1496.6
1174830 1496.6
1174840 1499.8
1174850 1502.9
1174860 1502.9
1174870 1506.1
1174880 1508.8
1174890 1508.8
1174900 1511.1
1174910 1513.0
1174920 1515.2
1174930 1515.2
1174940 1517.4
1174950 1518.9
1174960 1518.9
1174970 1521.1
1174980 1523.9
1174990 1523.9
1175000 1527.0
1175010 1529.5
1175020 1529.5
1175030 1530.9
1175040 1533.5
1175050 1533.5
1175060 1537.2
1175070 1540.3
1175080 1540.3
1175090 1543.2
1175100 1550.2
1175110 1550.2
1175120 1552.1
1175130 1554.4
1175140 1554.4
1175150 1559.9
1175160 1565.1
1175170 1565.1
1175180 1569.6
1175190 1573.6
1175200 1573.6
1175210 1579.3
1175220 1586.1
1175230 1586.1
1175240 1593.1
1175250 1600.8
1175260 1608.6
1175270 1608.6
1175280 1615.9
1175290 1624.4
1175300 1624.4
1175310 1632.9
1175320 1639.8
1175330 1639.8
1175340 1644.5
1175350 1641.6
1175360 1641.6
1175370 1637.9
1175380 1643.3
1175390 1643.3
1175400 1653.0
1175410 1663.1
1175420 1663.1
1175430 1673.7
1175440 1683.5
1175450 1683.5
1175460 1691.9
1175470 1697.9
1175480 1697.9
1175490 1701.8
1175500 1704.3
1175510 1704.3
1175520 1738.5
1175530 1742.8
1175540 1742.8
1175550 1747.3
1175560 1749.6
1175570 1749.6
1175580 1755.0
1175590 1762.7
1175600 1769.0
1175610 1769.0
1175620 1775.3
1175630 1780.7
1175640 1780.7
1175650 1783.6
1175660 1785.2
1175670 1785.2
1175680 1785.8
1175690 1784.0
1175700 1784.0
1175710 1786.4
1175720 1792.4
1175730 1792.4
1175740 1798.5
1175750 1804.0
1175760 1804.0
1175770 1808.4
1175780 1810.0
1175790 1810.0
1175800 1814.9
1175810 1821.7
1175820 1821.7
1175830 1826.2
1175840 1829.8
1175850 1829.8
1175860 1833.1
1175870 1835.1
1175880 1835.1
1175890 1844.6
1175900 1853.5
1175910 1853.5
1175920 1862.2
1175930 1874.8
1175940 1884.3
1175950 1884.3
1175960 1890.8
1175970 1894.5
1175980 1894.5
1175990 1881.7
1176000 1865.1
1176010 1865.1
1176020 1858.3
1176030 1852.1
1176040 1852.1
1176050 1848.9
1176060 1842.2
1176070 1842.2
1176080 1837.4
1176090 1833.3
1176100 1833.3
1176110 1828.7
1176120 1823.9
1176130 1823.9
1176140 1819.5
1176150 1816.6
1176160 1816.6
1176170 1814.4
1176180 1812.2
1176190 1812.2
1176200 1810.6
1176210 1809.6
1176220 1809.6
1176230 1808.6
1176240 1807.7
1176250 1807.7
1176260 1807.1
1176270 1806.7
1176280 1806.0
1176290 1806.0
1176300 1804.6
1176310 1802.7
1176320 1802.7
1176330 1800.9
1176340 1799.1
1176350 1805.1
1176360 1804.2
1176370 1803.0
1176380 1803.0
1176390 1801.2
1176400 1800.3
1176410 1800.3
1176420 1800.3
1176430 1800.9
1176440 1800.9
1176450 1802.7
1176460 1805.5
1176470 1805.5
1176480 1807.6
1176490 1808.6
1176500 1808.6
1176510 1808.0
1176520 1806.2
1176530 1806.2
1176540 1804.1
1176550 1804.0
1176560 1804.0
1176570 1806.2
1176580 1815.2
1176590 1822.8
1176600 1822.8
1176610 1817.0
1176620 1814.1
1176630 1814.1
1176640 1813.0
1176650 1820.8
1176660 1820.8
1176670 1821.2
1176680 1817.5
1176690 1817.5
1176700 1816.3
1176710 1810.9
1176720 1810.9
1176730 1814.5
1176740 1805.5
1176750 1805.5
1176760 1817.8
1176770 1815.2
1176780 1815.2
1176790 1805.4
1176800 1797.6
1176810 1797.6
1176820 1789.7
1176830 1782.6
1176840 1782.6
1176850 1775.5
1176860 1770.1
1176870 1770.1
1176880 1766.0
1176890 1761.4
1176900 1761.4
1176910 1757.9
1176920 1756.2
1176930 1755.4
1176940 1755.4
1176950 1754.2
1176960 1752.2
1176970 1752.2
1176980 1747.7
1176990 1744.6
1177000 1744.6
1177010 1741.7
1177020 1739.2
1177030 1739.2
1177040 1737.3
1177050 1735.3
1177060 1735.3
1177070 1733.5
1177080 1731.9
1177090 1731.9
1177100 1729.9
1177110 1728.6
1177120 1728.6
1177130 1727.8
1177140 1725.3
1177150 1725.3
1177160 1723.4
1177170 1723.3
1177180 1721.3
1177190 1720.8
1177200 1720.3
1177210 1720.3
1177220 1719.3
1177230 1720.9
1177240 1720.9
1177250 1720.7
1177260 1719.0
1177270 1717.9
1177280 1717.9
1177290 1717.1
1177300 1716.4
1177310 1716.4
1177320 1716.4
1177330 1715.6
1177340 1715.6
1177350 1712.8
1177360 1709.8
1177370 1709.8
1177380 1708.3
1177390 1708.7
1177400 1708.7
1177410 1709.8
1177420 1711.0
1177430 1711.0
1177440 1712.7
1177450 1714.2
1177460 1714.2
1177470 1715.2
1177480 1717.6
1177490 1717.6
1177500 1719.7
1177510 1721.6
1177520 1721.6
1177530 1722.7
1177540 1723.7
1177550 1723.7
1177560 1724.3
1177570 1725.0
1177580 1725.0
1177590 1718.7
1177600 1719.7
1177610 1721.0
1177620 1721.0
1177630 1721.7
1177640 1723.3
1177650 1723.3
1177660 1724.3
1177670 1724.5
1177680 1724.5
1177690 1726.9
1177700 1729.3
1177710 1729.3
1177720 1734.5
1177730 1743.6
1177740 1743.6
1177750 1752.9
1177760 1759.5
1177770 1759.5
1177780 1764.1
1177790 1767.9
1177800 1767.9
1177810 1770.6
1177820 1773.3
1177830 1773.3
1177840 1775.8
1177850 1778.3
1177860 1778.3
1177870 1780.6
1177880 1781.7
1177890 1781.7
1177900 1783.4
1177910 1784.7
1177920 1784.7
1177930 1785.8
1177940 1786.4
1177950 1787.9
1177960 1787.9
1177970 1790.8
1177980 1793.8
1177990 1793.8
1178000 1796.9
1178010 1795.3
1178020 1795.3
1178030 1799.2
1178040 1802.9
1178050 1802.9
1178060 1806.2
1178070 1809.6
1178080 1809.6
1178090 1813.0
1178100 1815.6
1178110 1815.6
1178120 1818.1
1178130 1821.1
1178140 1821.1
1178150 1824.2
1178160 1827.6
1178170 1827.6
1178180 1829.9
1178190 1831.6
1178200 1831.6
1178210 1833.8
1178220 1836.1
1178230 1836.1
1178240 1837.2
1178250 1837.6
1178260 1837.6
1178270 1839.2
1178280 1838.9
1178290 1836.2
1178300 1836.2
1178310 1829.6
1178320 1822.2
1178330 1822.2
1178340 1814.2
1178350 1806.0
1178360 1806.0
1178370 1799.4
1178380 1793.2
1178390 1793.2
1178400 1788.3
1178410 1783.0
1178420 1783.0
1178430 1779.0
1178440 1773.6
1178450 1773.6
1178460 1768.2
1178470 1763.5
1178480 1763.5
1178490 1758.6
1178500 1754.1
1178510 1754.1
1178520 1749.9
1178530 1746.0
1178540 1746.0
1178550 1741.4
1178560 1737.1
1178570 1737.1
1178580 1732.8
1178590 1729.3
1178600 1729.3
1178610 1725.0
1178620 1718.7
1178630 1710.8
1178640 1710.8
1178650 1705.4
1178660 1700.5
1178670 1700.5
1178680 1695.3
1178690 1691.4
1178700 1691.4
1178710 1691.9
1178720 1691.4
1178730 1691.4
1178740 1689.7
1178750 1685.4
1178760 1685.4
1178770 1679.2
1178780 1679.5
1178790 1679.5
1178800 1678.4
1178810 1675.6
1178820 1675.6
1178830 1674.0
1178840 1666.7
1178850 1666.7
1178860 1666.9
1178870 1665.7
1178880 1665.7
1178890 1663.5
1178900 1662.6
1178910 1662.6
1178920 1661.5
1178930 1661.5
1178940 1661.5
1178950 1663.1
1178960 1663.0
1178970 1661.7
1178980 1661.7
1178990 1660.1
1179000 1657.5
1179010 1657.5
1179020 1656.5
1179030 1651.8
1179040 1651.8
1179050 1644.7
1179060 1640.5
1179070 1640.5
1179080 1639.1
1179090 1634.3
1179100 1634.3
1179110 1631.2
1179120 1632.2
1179130 1632.2
1179140 1627.5
1179150 1621.6
1179160 1621.6
1179170 1618.9
1179180 1617.0
1179190 1617.0
1179200 1614.3
1179210 1608.6
1179220 1608.6
1179230 1603.4
1179240 1601.0
1179250 1601.0
1179260 1593.6
1179270 1590.7
1179280 1590.7
1179290 1585.7
1179300 1582.2
1179310 1580.3
1179320 1580.3
1179330 1579.5
1179340 1575.4
1179350 1575.4
1179360 1571.3
1179370 1568.2
1179380 1568.2
1179390 1566.1
1179400 1564.8
1179410 1564.8
1179420 1562.7
1179430 1561.0
1179440 1561.0
1179450 1559.6
1179460 1557.6
1179470 1557.6
1179480 1553.5
1179490 1547.6
1179500 1547.6
1179510 1541.4
1179520 1536.9
1179530 1536.9
1179540 1533.0
1179550 1528.4
1179560 1528.4
1179570 1523.3
1179580 1518.4
1179590 1518.4
1179600 1516.0
1179610 1516.9
1179620 1519.7
1179630 1519.7
1179640 1522.4
1179650 1524.9
1179660 1524.9
1179670 1527.8
1179680 1524.6
1179690 1524.6
1179700 1525.1
1179710 1524.3
1179720 1524.3
1179730 1524.2
1179740 1524.8
1179750 1524.8
1179760 1525.3
1179770 1525.1
1179780 1525.1
1179790 1524.4
1179800 1523.7
1179810 1523.7
1179820 1522.9
1179830 1521.7
1179840 1521.7
1179850 1520.7
1179860 1520.4
1179870 1520.4
1179880 1520.5
1179890 1520.3
1179900 1520.3
1179910 1519.2
1179920 1518.5
1179930 1518.5
1179940 1518.4
1179950 1518.7
1179960 1518.7
1179970 1518.7
1179980 1518.3
1179990 1517.6
