1161560 1731.1
1161570 1731.1
1161580 1734.7
1161590 1740.9
1161600 1740.9
1161610 1746.2
1161620 1750.1
1161630 1750.1
1161640 1755.0
1161650 1761.2
1161660 1761.2
1161670 1767.7
1161680 1774.3
1161690 1774.3
1161700 1780.7
1161710 1787.1
1161720 1787.1
1161730 1794.1
1161740 1801.7
1161750 1808.5
1161760 1808.5
1161770 1815.0
1161780 1822.0
1161790 1822.0
1161800 1829.7
1161810 1837.8
1161820 1837.8
1161830 1845.9
1161840 1853.4
1161850 1853.4
1161860 1860.6
1161870 1868.2
1161880 1868.2
1161890 1875.5
1161900 1883.0
1161910 1883.0
1161920 1890.6
1161930 1897.2
1161940 1897.2
1161950 1905.2
1161960 1909.0
1161970 1909.0
1161980 1914.1
1161990 1924.8
1162000 1924.8
1162010 1934.4
1162020 1941.2
1162030 1941.2
1162040 1944.8
1162050 1943.2
1162060 1943.2
1162070 1940.2
1162080 1947.6
1162090 1944.7
1162100 1944.7
1162110 1939.0
1162120 1935.0
1162130 1935.0
1162140 1926.9
1162150 1929.4
1162160 1929.4
1162170 1946.7
1162180 1968.5
1162190 1968.5
1162200 1969.6
1162210 1957.3
1162220 1957.3
1162230 1949.9
1162240 1939.2
1162250 1939.2
1162260 1935.3
1162270 1941.6
1162280 1941.6
1162290 1945.0
1162300 1937.0
1162310 1937.0
1162320 1927.9
1162330 1919.8
1162340 1919.8
1162350 1911.2
1162360 1904.3
1162370 1904.3
1162380 1897.1
1162390 1890.0
1162400 1890.0
1162410 1883.3
1162420 1876.7
1162430 1870.6
1162440 1870.6
1162450 1863.5
1162460 1855.0
1162470 1855.0
1162480 1846.3
1162490 1837.5
1162500 1837.5
1162510 1828.7
1162520 1820.7
1162530 1820.7
1162540 1814.3
1162550 1807.9
1162560 1807.9
1162570 1801.6
1162580 1795.6
1162590 1795.6
1162600 1789.9
1162610 1784.7
1162620 1784.7
1162630 1779.8
1162640 1775.4
1162650 1775.4
1162660 1771.7
1162670 1769.4
1162680 1769.4
1162690 1768.5
1162700 1768.4
1162710 1768.4
1162720 1768.8
1162730 1769.5
1162740 1776.4
1162750 1778.2
1162760 1781.6
1162770 1785.6
1162780 1785.6
1162790 1789.3
1162800 1793.1
1162810 1793.1
1162820 1797.9
1162830 1802.0
1162840 1802.0
1162850 1805.1
1162860 1808.8
1162870 1808.8
1162880 1813.1
1162890 1816.8
1162900 1816.8
1162910 1821.1
1162920 1824.3
1162930 1824.3
1162940 1827.1
1162950 1830.4
1162960 1830.4
1162970 1834.4
1162980 1839.4
1162990 1839.4
1163000 1844.2
1163010 1848.5
1163020 1848.5
1163030 1854.0
1163040 1862.0
1163050 1862.0
1163060 1872.3
1163070 1879.0
1163080 1879.0
1163090 1884.4
1163100 1890.7
1163110 1890.7
1163120 1896.5
1163130 1901.5
1163140 1912.0
1163150 1912.0
1163160 1917.0
1163170 1922.8
1163180 1922.8
1163190 1927.6
1163200 1930.9
1163210 1930.9
1163220 1934.6
1163230 1939.1
1163240 1939.1
1163250 1941.7
1163260 1944.3
1163270 1944.3
1163280 1947.0
1163290 1949.9
1163300 1949.9
1163310 1955.6
1163320 1960.6
1163330 1960.6
1163340 1966.2
1163350 1970.5
1163360 1970.5
1163370 1972.3
1163380 1979.0
1163390 1979.0
1163400 1989.1
1163410 1995.8
1163420 1995.8
1163430 2001.0
1163440 2006.2
1163450 2006.2
1163460 2011.5
1163470 2018.3
1163480 2020.7
1163490 2020.7
1163500 2018.4
1163510 2018.6
1163520 2018.6
1163530 2017.6
1163540 2009.6
1163550 2009.6
1163560 2004.9
1163570 1999.7
1163580 1999.7
1163590 1986.4
1163600 1971.2
1163610 1971.2
1163620 1961.2
1163630 1959.3
1163640 1959.3
1163650 1953.4
1163660 1932.7
1163670 1932.7
1163680 1907.1
1163690 1889.8
1163700 1889.8
1163710 1880.4
1163720 1872.9
1163730 1872.9
1163740 1865.5
1163750 1857.6
1163760 1857.6
1163770 1849.4
1163780 1844.0
1163790 1844.0
1163800 1838.4
1163810 1827.9
1163820 1821.3
1163830 1821.3
1163840 1814.7
1163850 1807.7
1163860 1807.7
1163870 1800.4
1163880 1792.0
1163890 1792.0
1163900 1784.5
1163910 1777.9
1163920 1777.9
1163930 1771.4
1163940 1763.9
1163950 1763.9
1163960 1757.6
1163970 1751.2
1163980 1751.2
1163990 1744.6
1164000 1738.0
1164010 1738.0
1164020 1731.4
1164030 1724.8
1164040 1724.8
1164050 1718.3
1164060 1712.0
1164070 1712.0
1164080 1706.1
1164090 1699.9
1164100 1699.9
1164110 1693.7
1164120 1687.6
1164130 1687.6
1164140 1681.6
1164150 1675.8
1164160 1669.7
1164170 1669.7
1164180 1663.1
1164190 1657.1
1164200 1657.1
1164210 1651.5
1164220 1646.0
1164230 1646.0
1164240 1640.9
1164250 1636.2
1164260 1636.2
1164270 1632.2
1164280 1629.5
1164290 1629.5
1164300 1627.4
1164310 1624.8
1164320 1624.8
1164330 1623.0
1164340 1624.5
1164350 1624.5
1164360 1625.0
1164370 1627.1
1164380 1627.1
1164390 1630.4
1164400 1634.6
1164410 1634.6
1164420 1639.5
1164430 1645.4
1164440 1645.4
1164450 1651.7
1164460 1656.6
1164470 1656.6
1164480 1660.9
1164490 1664.6
1164500 1667.6
1164510 1667.6
1164520 1670.5
1164530 1674.1
1164540 1674.1
1164550 1678.8
1164560 1684.1
1164570 1684.1
1164580 1689.5
1164590 1694.9
1164600 1694.9
1164610 1700.1
1164620 1705.5
1164630 1705.5
1164640 1711.1
1164650 1717.3
1164660 1717.3
1164670 1723.9
1164680 1730.9
1164690 1730.9
1164700 1737.9
1164710 1744.8
1164720 1744.8
1164730 1751.9
1164740 1763.6
1164750 1763.6
1164760 1772.5
1164770 1778.8
1164780 1778.8
1164790 1785.8
1164800 1795.8
1164810 1795.8
1164820 1802.1
1164830 1807.1
1164840 1807.1
1164850 1814.2
1164860 1822.4
1164870 1831.1
1164880 1831.1
1164890 1838.9
1164900 1846.0
1164910 1846.0
1164920 1853.5
1164930 1862.7
1164940 1862.7
1164950 1875.1
1164960 1885.3
1164970 1885.3
1164980 1895.1
1164990 1902.1
1165000 1902.1
1165010 1905.3
1165020 1902.5
1165030 1902.5
1165040 1898.1
1165050 1893.5
1165060 1893.5
1165070 1889.5
1165080 1885.1
1165090 1885.1
1165100 1880.1
1165110 1875.1
1165120 1875.1
1165130 1868.7
1165140 1857.7
1165150 1857.7
1165160 1853.8
1165170 1849.2
1165180 1849.2
1165190 1843.5
1165200 1837.8
1165210 1831.3
1165220 1831.3
1165230 1824.7
1165240 1818.9
1165250 1818.9
1165260 1814.3
1165270 1810.6
1165280 1810.6
1165290 1807.8
1165300 1802.3
1165310 1802.3
1165320 1796.4
1165330 1790.0
1165340 1790.0
1165350 1784.1
1165360 1777.9
1165370 1777.9
1165380 1769.8
1165390 1762.0
1165400 1762.0
1165410 1754.6
1165420 1749.5
1165430 1749.5
1165440 1748.5
1165450 1744.4
1165460 1744.4
1165470 1742.6
1165480 1733.2
1165490 1733.2
1165500 1717.7
1165510 1704.8
1165520 1704.8
1165530 1701.5
1165540 1687.9
1165550 1681.1
1165560 1681.1
1165570 1675.8
1165580 1672.8
1165590 1672.8
1165600 1671.5
1165610 1667.3
1165620 1667.3
1165630 1664.2
1165640 1661.0
1165650 1661.0
1165660 1657.1
1165670 1653.0
1165680 1653.0
1165690 1648.1
1165700 1643.0
1165710 1643.0
1165720 1637.5
1165730 1632.3
1165740 1632.3
1165750 1627.6
1165760 1622.3
1165770 1622.3
1165780 1616.4
1165790 1611.4
1165800 1611.4
1165810 1607.4
1165820 1603.9
1165830 1603.9
1165840 1600.6
1165850 1598.4
1165860 1598.4
1165870 1596.2
1165880 1594.1
1165890 1591.8
1165900 1591.8
1165910 1589.7
1165920 1587.3
1165930 1587.3
1165940 1583.2
1165950 1580.1
1165960 1580.1
1165970 1577.4
1165980 1575.6
1165990 1575.6
1166000 1574.0
1166010 1572.4
1166020 1572.4
1166030 1570.7
1166040 1568.9
1166050 1568.9
1166060 1567.1
1166070 1565.5
1166080 1565.5
1166090 1564.4
1166100 1563.6
1166110 1563.6
1166120 1560.5
1166130 1557.6
1166140 1557.6
1166150 1555.0
1166160 1553.5
1166170 1553.5
1166180 1551.4
1166190 1549.1
1166200 1549.1
1166210 1546.7
1166220 1543.7
1166230 1541.5
1166240 1541.5
1166250 1540.9
1166260 1540.3
1166270 1540.3
1166280 1539.4
1166290 1538.4
1166300 1538.4
1166310 1537.4
1166320 1536.7
1166330 1536.7
1166340 1536.4
1166350 1535.6
1166360 1535.6
1166370 1534.8
1166380 1534.2
1166390 1534.2
1166400 1533.8
1166410 1533.5
1166420 1533.5
1166430 1533.4
1166440 1532.2
1166450 1532.2
1166460 1530.0
1166470 1528.7
1166480 1528.7
1166490 1528.1
1166500 1527.7
1166510 1527.7
1166520 1527.4
1166530 1527.2
1166540 1527.2
1166550 1527.1
1166560 1527.1
1166570 1527.1
1166580 1526.9
1166590 1526.7
1166600 1526.3
1166610 1526.3
1166620 1526.0
1166630 1525.6
1166640 1525.6
1166650 1526.0
1166660 1526.5
1166670 1526.5
1166680 1526.5
1166690 1525.9
1166700 1525.9
1166710 1525.5
1166720 1525.0
1166730 1525.0
1166740 1525.0
1166750 1524.1
1166760 1524.1
1166770 1522.8
1166780 1522.2
1166790 1522.2
1166800 1522.7
1166810 1526.0
1166820 1526.0
1166830 1530.3
1166840 1533.4
1166850 1533.4
1166860 1533.6
1166870 1533.0
1166880 1533.0
1166890 1529.1
1166900 1524.1
1166910 1524.1
1166920 1519.9
1166930 1517.3
1166940 1517.1
1166950 1517.1
1166960 1518.0
1166970 1519.8
1166980 1519.8
1166990 1520.7
1167000 1519.5
1167010 1519.5
1167020 1518.0
1167030 1519.1
1167040 1519.1
1167050 1520.5
1167060 1521.9
1167070 1521.9
1167080 1522.7
1167090 1521.5
1167100 1521.5
1167110 1521.1
1167120 1521.9
1167130 1521.9
1167140 1522.7
1167150 1522.2
1167160 1522.2
1167170 1524.6
1167180 1527.7
1167190 1527.7
1167200 1530.6
1167210 1532.9
1167220 1532.9
1167230 1532.4
1167240 1533.2
1167250 1533.2
1167260 1537.1
1167270 1541.1
1167280 1545.8
1167290 1545.8
1167300 1549.0
1167310 1550.2
1167320 1550.2
1167330 1550.0
1167340 1548.5
1167350 1548.5
1167360 1546.2
1167370 1544.0
1167380 1544.0
1167390 1539.8
1167400 1534.8
1167410 1534.8
1167420 1532.7
1167430 1533.8
1167440 1533.8
1167450 1537.0
1167460 1535.0
1167470 1535.0
1167480 1532.6
1167490 1528.2
1167500 1528.2
1167510 1525.5
1167520 1524.4
1167530 1524.4
1167540 1524.1
1167550 1529.5
1167560 1529.5
1167570 1530.5
1167580 1529.4
1167590 1529.4
1167600 1526.9
1167610 1523.2
1167620 1521.8
1167630 1521.8
1167640 1521.8
1167650 1521.1
1167660 1521.1
1167670 1520.4
1167680 1521.5
1167690 1521.5
1167700 1522.7
1167710 1523.2
1167720 1523.2
1167730 1524.7
1167740 1527.1
1167750 1527.1
1167760 1530.4
1167770 1534.5
1167780 1534.5
1167790 1538.2
1167800 1541.3
1167810 1541.3
1167820 1543.8
1167830 1546.4
1167840 1546.4
1167850 1549.0
1167860 1559.7
1167870 1559.7
1167880 1572.4
1167890 1585.0
1167900 1585.0
1167910 1594.8
1167920 1603.5
1167930 1603.5
1167940 1612.0
1167950 1621.8
1167960 1627.6
1167970 1627.6
1167980 1633.0
1167990 1638.0
1168000 1638.0
1168010 1641.3
1168020 1642.2
1168030 1642.2
1168040 1643.6
1168050 1642.5
1168060 1642.5
1168070 1640.0
1168080 1636.0
1168090 1636.0
1168100 1627.9
1168110 1619.8
1168120 1619.8
1168130 1613.0
1168140 1606.6
1168150 1606.6
1168160 1600.1
1168170 1593.7
1168180 1593.7
1168190 1586.2
1168200 1578.9
1168210 1578.9
1168220 1572.5
1168230 1563.1
1168240 1563.1
1168250 1553.6
1168260 1545.1
1168270 1545.1
1168280 1537.9
1168290 1531.1
1168300 1522.8
1168310 1522.8
1168320 1514.0
1168330 1505.4
1168340 1505.4
1168350 1490.8
1168360 1482.3
1168370 1482.3
1168380 1475.6
1168390 1470.0
1168400 1470.0
1168410 1464.7
1168420 1459.7
1168430 1459.7
1168440 1454.8
1168450 1450.5
1168460 1450.5
1168470 1447.4
1168480 1444.6
1168490 1444.6
1168500 1441.3
1168510 1437.2
1168520 1437.2
1168530 1432.1
1168540 1427.5
1168550 1427.5
1168560 1423.8
1168570 1419.6
1168580 1419.6
1168590 1415.5
1168600 1412.2
1168610 1412.2
1168620 1409.5
1168630 1406.7
1168640 1406.7
1168650 1404.1
1168660 1402.0
1168670 1401.1
1168680 1401.1
1168690 1401.7
1168700 1403.5
1168710 1403.5
1168720 1403.3
1168730 1403.6
1168740 1403.6
1168750 1404.0
1168760 1399.2
1168770 1399.2
1168780 1398.2
1168790 1397.6
1168800 1397.6
1168810 1397.2
1168820 1392.9
1168830 1392.9
1168840 1389.1
1168850 1388.0
1168860 1388.0
1168870 1389.5
1168880 1392.0
1168890 1392.0
1168900 1393.2
1168910 1396.1
1168920 1396.1
1168930 1401.3
1168940 1406.1
1168950 1406.1
1168960 1409.9
1168970 1413.9
1168980 1413.9
1168990 1415.0
1169000 1414.5
1169010 1413.4
1169020 1413.4
1169030 1413.6
1169040 1413.9
1169050 1413.9
1169060 1413.4
1169070 1414.2
1169080 1414.2
1169090 1414.5
1169100 1413.3
1169110 1413.3
1169120 1411.7
1169130 1412.3
1169140 1412.3
1169150 1413.6
1169160 1418.3
1169170 1418.3
1169180 1418.4
1169190 1418.6
1169200 1418.6
1169210 1418.7
1169220 1418.1
1169230 1418.1
1169240 1418.0
1169250 1419.4
1169260 1419.4
1169270 1420.7
1169280 1421.7
1169290 1421.7
1169300 1422.6
1169310 1422.9
1169320 1422.9
1169330 1422.4
1169340 1424.0
1169350 1425.3
1169360 1425.3
1169370 1425.6
1169380 1426.2
1169390 1426.2
1169400 1427.6
1169410 1428.2
1169420 1428.2
1169430 1428.8
1169440 1429.0
1169450 1429.0
1169460 1427.8
1169470 1430.3
1169480 1430.3
1169490 1433.4
1169500 1433.9
1169510 1433.9
1169520 1434.2
1169530 1433.7
1169540 1433.7
1169550 1433.5
1169560 1434.7
1169570 1438.7
1169580 1439.7
1169590 1439.8
1169600 1439.8
1169610 1440.2
1169620 1442.7
1169630 1442.7
1169640 1444.8
1169650 1445.8
1169660 1445.8
1169670 1445.3
1169680 1441.5
1169690 1435.6
1169700 1435.6
1169710 1430.9
1169720 1428.9
1169730 1428.9
1169740 1428.3
1169750 1431.2
1169760 1431.2
1169770 1433.5
1169780 1434.3
1169790 1434.3
1169800 1432.5
1169810 1435.7
1169820 1435.7
1169830 1438.2
1169840 1438.6
1169850 1438.6
1169860 1435.6
1169870 1435.8
1169880 1435.8
1169890 1438.6
1169900 1438.0
1169910 1438.0
1169920 1437.6
1169930 1436.7
1169940 1436.7
1169950 1435.6
1169960 1435.0
1169970 1440.9
1169980 1440.5
1169990 1440.1
1170000 1440.1
1170010 1439.3
1170020 1439.8
1170030 1440.3
1170040 1440.3
1170050 1438.8
1170060 1437.7
1170070 1437.7
1170080 1437.1
1170090 1438.4
1170100 1438.4
1170110 1439.4
1170120 1438.6
1170130 1438.6
1170140 1438.5
1170150 1439.0
1170160 1439.0
1170170 1440.5
1170180 1440.4
1170190 1440.4
1170200 1438.9
1170210 1436.9
1170220 1436.9
1170230 1435.0
1170240 1434.1
1170250 1434.1
1170260 1433.7
1170270 1433.0
1170280 1433.0
1170290 1432.3
1170300 1432.0
1170310 1432.0
1170320 1432.9
1170330 1434.2
1170340 1434.2
1170350 1434.5
1170360 1432.5
1170370 1432.5
1170380 1433.1
1170390 1429.5
1170400 1426.7
1170410 1426.7
1170420 1424.3
1170430 1418.5
1170440 1418.5
1170450 1411.2
1170460 1404.3
1170470 1404.3
1170480 1397.6
1170490 1392.8
1170500 1392.8
1170510 1385.9
1170520 1377.5
1170530 1377.5
1170540 1365.5
1170550 1348.5
1170560 1348.5
1170570 1337.7
1170580 1328.2
1170590 1328.2
1170600 1318.6
1170610 1307.2
1170620 1307.2
1170630 1294.3
1170640 1284.2
1170650 1284.2
1170660 1273.4
1170670 1262.8
1170680 1262.8
1170690 1253.9
1170700 1245.3
1170710 1245.3
1170720 1236.9
1170730 1228.9
1170740 1220.9
1170750 1220.9
1170760 1212.8
1170770 1204.4
1170780 1204.4
1170790 1196.4
1170800 1188.5
1170810 1188.5
1170820 1181.3
1170830 1174.4
1170840 1174.4
1170850 1167.5
1170860 1161.0
1170870 1161.0
1170880 1155.0
1170890 1149.2
1170900 1149.2
1170910 1143.8
1170920 1138.5
1170930 1138.5
1170940 1133.4
1170950 1128.8
1170960 1128.8
1170970 1124.6
1170980 1121.5
1170990 1121.5
1171000 1120.5
1171010 1120.6
1171020 1120.6
1171030 1121.3
1171040 1121.2
1171050 1121.2
1171060 1120.8
1171070 1120.7
1171080 1120.8
1171090 1120.8
1171100 1120.7
1171110 1120.7
1171120 1120.7
1171130 1120.7
1171140 1120.6
1171150 1120.6
1171160 1120.5
1171170 1120.3
1171180 1120.3
1171190 1120.5
1171200 1120.2
1171210 1120.2
1171220 1119.5
1171230 1118.4
1171240 1118.4
1171250 1117.1
1171260 1117.0
1171270 1117.0
1171280 1117.0
1171290 1117.2
1171300 1117.2
1171310 1117.4
1171320 1117.6
1171330 1117.6
1171340 1117.5
1171350 1117.5
1171360 1117.5
1171370 1117.4
1171380 1116.4
1171390 1116.4
1171400 1117.7
1171410 1117.9
1171420 1117.9
1171430 1117.9
1171440 1117.9
1171450 1117.9
1171460 1117.9
1171470 1118.0
1171480 1118.4
1171490 1118.4
1171500 1118.6
1171510 1118.3
1171520 1118.3
1171530 1118.3
1171540 1118.6
1171550 1118.6
1171560 1118.6
1171570 1118.4
1171580 1118.4
1171590 1118.2
1171600 1118.2
1171610 1118.2
1171620 1117.9
1171630 1118.3
1171640 1118.3
1171650 1119.3
1171660 1120.5
1171670 1120.5
1171680 1121.8
1171690 1123.2
1171700 1123.2
1171710 1124.8
1171720 1126.4
1171730 1126.4
1171740 1128.0
1171750 1130.6
1171760 1133.7
1171770 1133.7
1171780 1137.3
1171790 1141.5
1171800 1141.5
1171810 1146.4
1171820 1151.9
1171830 1151.9
1171840 1157.5
1171850 1163.1
1171860 1163.1
1171870 1169.0
1171880 1175.1
1171890 1175.1
1171900 1180.9
1171910 1186.7
1171920 1186.7
1171930 1193.0
1171940 1199.3
1171950 1199.3
1171960 1205.8
1171970 1212.4
1171980 1212.4
1171990 1219.2
1172000 1226.5
1172010 1229.5
1172020 1237.4
1172030 1245.7
1172040 1245.7
1172050 1254.6
1172060 1263.4
1172070 1263.4
1172080 1272.6
1172090 1281.9
1172100 1291.4
1172110 1291.4
1172120 1299.4
1172130 1307.6
1172140 1307.6
1172150 1319.7
1172160 1330.9
1172170 1330.9
1172180 1340.2
1172190 1342.9
1172200 1342.9
1172210 1345.5
1172220 1346.4
1172230 1346.4
1172240 1339.1
1172250 1326.4
1172260 1326.4
1172270 1314.0
1172280 1294.7
1172290 1294.7
1172300 1284.8
1172310 1292.7
1172320 1292.7
1172330 1302.3
1172340 1310.5
1172350 1310.5
1172360 1318.1
1172370 1326.9
1172380 1326.9
1172390 1334.1
1172400 1342.8
1172410 1342.8
1172420 1356.8
1172430 1362.4
1172440 1370.6
1172450 1370.6
1172460 1382.9
1172470 1394.1
1172480 1394.1
1172490 1401.4
1172500 1409.3
1172510 1409.3
1172520 1417.2
1172530 1425.3
1172540 1425.3
1172550 1433.1
1172560 1441.1
1172570 1441.1
1172580 1448.6
1172590 1453.8
1172600 1453.8
1172610 1457.1
1172620 1458.8
1172630 1458.8
1172640 1459.0
1172650 1459.3
1172660 1459.3
1172670 1461.3
1172680 1464.2
1172690 1464.2
1172700 1467.5
1172710 1470.8
1172720 1470.8
1172730 1473.3
1172740 1475.0
1172750 1475.0
1172760 1476.1
1172770 1478.3
1172780 1478.3
1172790 1479.2
1172800 1478.5
1172810 1478.6
1172820 1478.6
1172830 1486.1
1172840 1485.3
1172850 1485.3
1172860 1489.0
1172870 1493.0
1172880 1493.0
1172890 1497.6
1172900 1501.2
1172910 1501.2
1172920 1504.2
1172930 1507.7
1172940 1507.7
1172950 1508.8
1172960 1509.7
1172970 1509.7
1172980 1512.9
1172990 1521.9
1173000 1521.9
1173010 1532.3
1173020 1537.8
1173030 1537.8
1173040 1542.0
1173050 1546.6
1173060 1546.6
1173070 1553.5
1173080 1560.1
1173090 1560.1
1173100 1565.5
1173110 1571.2
1173120 1571.2
1173130 1577.4
1173140 1583.1
1173150 1589.0
1173160 1589.0
1173170 1595.8
1173180 1602.3
1173190 1602.3
1173200 1608.4
1173210 1614.3
1173220 1614.3
1173230 1620.4
1173240 1626.8
1173250 1626.8
1173260 1632.1
1173270 1637.8
1173280 1637.8
1173290 1644.6
1173300 1650.9
1173310 1650.9
1173320 1657.2
1173330 1663.7
1173340 1663.7
1173350 1670.0
1173360 1674.0
1173370 1674.0
1173380 1675.6
1173390 1675.9
1173400 1675.9
1173410 1671.3
1173420 1665.9
1173430 1665.9
1173440 1662.2
1173450 1659.7
1173460 1659.7
1173470 1656.9
1173480 1654.4
1173490 1653.1
1173500 1653.1
1173510 1650.1
1173520 1650.4
1173530 1650.4
1173540 1649.7
1173550 1656.1
1173560 1656.1
1173570 1661.2
1173580 1666.2
1173590 1666.2
1173600 1671.2
1173610 1675.9
1173620 1675.9
1173630 1680.3
1173640 1684.6
1173650 1688.6
1173660 1693.0
1173670 1697.4
1173680 1697.4
1173690 1701.6
1173700 1705.6
1173710 1705.6
1173720 1709.4
1173730 1712.8
1173740 1712.8
1173750 1715.7
1173760 1718.0
1173770 1718.0
1173780 1719.9
1173790 1721.3
1173800 1721.3
1173810 1722.2
1173820 1722.1
1173830 1720.4
1173840 1720.4
1173850 1717.1
1173860 1713.1
1173870 1713.1
1173880 1708.4
1173890 1705.3
1173900 1705.3
1173910 1705.5
1173920 1703.3
1173930 1703.3
1173940 1699.4
1173950 1695.8
1173960 1695.8
1173970 1691.9
1173980 1686.9
1173990 1686.9
1174000 1683.1
1174010 1682.3
1174020 1682.3
1174030 1679.6
1174040 1676.4
1174050 1676.4
1174060 1677.3
1174070 1673.6
1174080 1673.6
1174090 1669.4
1174100 1666.8
1174110 1666.8
1174120 1664.3
1174130 1660.1
1174140 1660.1
1174150 1656.9
1174160 1654.5
1174170 1651.7
1174180 1651.7
1174190 1650.7
1174200 1648.3
1174210 1648.3
1174220 1646.4
1174230 1643.9
1174240 1643.9
1174250 1642.4
1174260 1639.9
1174270 1639.9
1174280 1637.0
1174290 1634.0
1174300 1634.0
1174310 1632.5
1174320 1630.9
1174330 1630.9
1174340 1629.8
1174350 1628.1
1174360 1628.1
1174370 1625.2
1174380 1621.4
1174390 1621.4
1174400 1616.4
1174410 1607.5
1174420 1607.5
1174430 1596.4
1174440 1586.4
1174450 1586.4
1174460 1579.1
1174470 1582.4
1174480 1582.4
1174490 1580.3
1174500 1578.7
1174510 1576.3
1174520 1576.3
1174530 1573.5
1174540 1570.7
1174550 1570.7
1174560 1566.4
1174570 1561.4
1174580 1561.4
1174590 1556.7
1174600 1552.2
1174610 1552.2
1174620 1548.6
1174630 1545.1
1174640 1545.1
1174650 1542.2
1174660 1539.6
1174670 1539.6
1174680 1536.5
1174690 1533.8
1174700 1533.8
1174710 1531.7
1174720 1528.7
1174730 1528.7
1174740 1526.2
1174750 1524.0
1174760 1524.0
1174770 1520.1
1174780 1513.4
1174790 1513.4
1174800 1504.9
1174810 1503.5
1174820 1503.5
1174830 1506.1
1174840 1507.6
1174850 1507.6
1174860 1509.8
1174870 1512.6
1174880 1515.0
1174890 1519.6
1174900 1522.4
1174910 1524.8
1174920 1524.8
1174930 1526.7
1174940 1527.6
1174950 1527.6
1174960 1528.2
1174970 1528.7
1174980 1528.7
1174990 1529.6
1175000 1529.7
1175010 1529.7
1175020 1528.9
1175030 1527.6
1175040 1527.6
1175050 1526.4
1175060 1525.2
1175070 1525.2
1175080 1523.5
1175090 1521.4
1175100 1521.4
1175110 1517.8
1175120 1513.1
1175130 1513.1
1175140 1506.2
1175150 1497.2
1175160 1497.2
1175170 1486.1
1175180 1475.9
1175190 1475.9
1175200 1465.2
1175210 1454.0
1175220 1442.4
1175230 1442.4
1175240 1427.4
1175250 1414.8
1175260 1414.8
1175270 1405.1
1175280 1395.0
1175290 1395.0
1175300 1385.5
1175310 1374.4
1175320 1374.4
1175330 1364.1
1175340 1354.9
1175350 1354.9
1175360 1345.5
1175370 1336.8
1175380 1336.8
1175390 1328.6
1175400 1321.1
1175410 1321.1
1175420 1313.8
1175430 1306.6
1175440 1306.6
1175450 1299.0
1175460 1291.1
1175470 1291.1
1175480 1284.3
1175490 1278.8
1175500 1278.8
1175510 1272.8
1175520 1266.8
1175530 1266.8
1175540 1260.5
1175550 1253.9
1175560 1246.7
1175570 1246.7
1175580 1238.7
1175590 1229.5
1175600 1229.5
1175610 1220.4
1175620 1204.8
1175630 1204.8
1175640 1194.9
1175650 1202.4
1175660 1202.4
1175670 1214.1
1175680 1223.1
1175690 1223.1
1175700 1232.6
1175710 1242.6
1175720 1242.6
1175730 1249.9
1175740 1255.2
1175750 1255.2
1175760 1260.3
1175770 1263.8
1175780 1263.8
1175790 1267.3
1175800 1272.2
1175810 1272.2
1175820 1277.1
1175830 1282.6
1175840 1282.6
1175850 1288.0
1175860 1293.1
1175870 1293.1
1175880 1297.7
1175890 1300.9
1175900 1303.0
1175910 1303.0
1175920 1307.9
1175930 1314.3
1175940 1314.3
1175950 1319.2
1175960 1323.3
1175970 1323.3
1175980 1328.3
1175990 1333.0
1176000 1333.0
1176010 1337.9
1176020 1343.4
1176030 1343.4
1176040 1348.9
1176050 1349.7
1176060 1349.7
1176070 1351.1
1176080 1360.2
1176090 1360.2
1176100 1366.7
1176110 1372.7
1176120 1372.7
1176130 1384.9
1176140 1389.2
1176150 1389.2
1176160 1390.7
1176170 1394.1
1176180 1394.1
1176190 1401.7
1176200 1409.4
1176210 1409.4
1176220 1412.2
1176230 1415.1
1176240 1416.3
1176250 1416.3
1176260 1412.3
1176270 1408.0
1176280 1408.0
1176290 1406.1
1176300 1409.1
1176310 1409.1
1176320 1407.5
1176330 1402.6
1176340 1402.6
1176350 1398.4
1176360 1393.9
1176370 1393.9
1176380 1386.2
1176390 1384.5
1176400 1384.5
1176410 1384.3
1176420 1387.2
1176430 1387.2
1176440 1384.3
1176450 1381.9
1176460 1381.9
1176470 1381.7
1176480 1381.8
1176490 1381.8
1176500 1378.5
1176510 1373.5
1176520 1373.5
1176530 1370.4
1176540 1376.8
1176550 1376.8
1176560 1374.6
1176570 1372.6
1176580 1371.7
1176590 1371.7
1176600 1372.4
1176610 1374.4
1176620 1374.4
1176630 1376.4
1176640 1378.6
1176650 1378.6
1176660 1378.8
1176670 1374.5
1176680 1374.5
1176690 1368.8
1176700 1363.8
1176710 1363.8
1176720 1359.9
1176730 1357.2
1176740 1357.2
1176750 1356.3
1176760 1354.0
1176770 1354.0
1176780 1349.4
1176790 1352.2
1176800 1352.2
1176810 1353.7
1176820 1356.2
1176830 1356.2
1176840 1356.5
1176850 1355.8
1176860 1355.8
1176870 1352.7
1176880 1346.6
1176890 1346.6
1176900 1339.7
1176910 1336.7
1176920 1334.3
1176930 1334.3
1176940 1331.3
1176950 1329.9
1176960 1338.5
1176970 1339.6
1176980 1337.9
1176990 1337.9
1177000 1334.2
1177010 1329.2
1177020 1329.2
1177030 1328.0
1177040 1332.1
1177050 1332.1
1177060 1330.4
1177070 1328.5
1177080 1328.5
1177090 1324.1
1177100 1326.4
1177110 1326.4
1177120 1330.0
1177130 1329.7
1177140 1329.7
1177150 1329.0
1177160 1326.8
1177170 1326.8
1177180 1325.1
1177190 1322.8
1177200 1322.8
1177210 1322.4
1177220 1321.8
1177230 1321.8
1177240 1322.0
1177250 1321.6
1177260 1321.6
1177270 1318.9
1177280 1316.6
1177290 1315.4
1177300 1315.4
1177310 1315.6
1177320 1314.9
1177330 1314.9
1177340 1313.6
1177350 1310.9
1177360 1310.9
1177370 1315.3
1177380 1313.3
1177390 1313.3
1177400 1310.9
1177410 1308.7
1177420 1308.7
1177430 1306.9
1177440 1305.4
1177450 1305.4
1177460 1304.4
1177470 1303.6
1177480 1303.6
1177490 1301.4
1177500 1297.9
1177510 1297.9
1177520 1296.6
1177530 1292.1
1177540 1292.1
1177550 1292.9
1177560 1291.8
1177570 1291.8
1177580 1287.6
1177590 1283.0
1177600 1283.0
1177610 1278.0
1177620 1275.0
1177630 1273.1
1177640 1273.1
1177650 1278.2
1177660 1280.5
1177670 1280.5
1177680 1279.9
1177690 1277.6
1177700 1277.6
1177710 1277.3
1177720 1276.7
1177730 1276.7
1177740 1274.6
1177750 1273.1
1177760 1273.1
1177770 1272.4
1177780 1271.3
1177790 1280.3
1177800 1279.5
1177810 1278.1
1177820 1278.1
1177830 1278.6
1177840 1278.6
1177850 1278.6
1177860 1278.4
1177870 1277.3
1177880 1277.3
1177890 1275.8
1177900 1272.5
1177910 1272.5
1177920 1273.1
1177930 1271.4
1177940 1271.4
1177950 1268.6
1177960 1262.9
1177970 1259.9
1177980 1259.9
1177990 1259.1
1178000 1260.1
1178010 1260.1
1178020 1260.5
1178030 1265.7
1178040 1265.7
1178050 1267.1
1178060 1265.5
1178070 1265.5
1178080 1263.1
1178090 1260.1
1178100 1260.1
1178110 1258.9
1178120 1258.4
1178130 1258.4
1178140 1254.2
1178150 1252.9
1178160 1252.9
1178170 1252.1
1178180 1246.8
1178190 1246.8
1178200 1243.1
1178210 1254.4
1178220 1254.4
1178230 1252.3
1178240 1251.1
1178250 1251.1
1178260 1248.5
1178270 1247.3
1178280 1247.3
1178290 1241.9
1178300 1242.0
1178310 1241.3
1178320 1241.3
1178330 1238.6
1178340 1236.4
1178350 1236.4
1178360 1235.1
1178370 1232.6
1178380 1232.6
1178390 1231.5
1178400 1229.5
1178410 1229.5
1178420 1227.6
1178430 1225.2
1178440 1225.2
1178450 1222.9
1178460 1220.9
1178470 1220.9
1178480 1219.6
1178490 1219.9
1178500 1219.9
1178510 1220.2
1178520 1219.9
1178530 1219.9
1178540 1219.0
1178550 1217.6
1178560 1217.6
1178570 1216.6
1178580 1216.2
1178590 1216.2
1178600 1216.1
1178610 1217.5
1178620 1220.4
1178630 1222.2
1178640 1224.0
1178650 1225.6
1178660 1225.6
1178670 1227.3
1178680 1228.4
1178690 1228.4
1178700 1227.7
1178710 1228.8
1178720 1228.8
1178730 1229.1
1178740 1229.8
1178750 1229.8
1178760 1228.8
1178770 1229.3
1178780 1229.3
1178790 1230.8
1178800 1232.1
1178810 1232.1
1178820 1234.1
1178830 1234.4
1178840 1234.4
1178850 1233.6
1178860 1233.6
1178870 1233.6
1178880 1233.8
1178890 1236.4
1178900 1236.4
1178910 1240.2
1178920 1247.1
1178930 1247.1
1178940 1252.4
1178950 1252.1
1178960 1252.1
1178970 1250.9
1178980 1248.3
1178990 1244.9
1179000 1244.9
1179010 1240.8
1179020 1236.6
1179030 1236.6
1179040 1237.8
1179050 1232.4
1179060 1232.4
1179070 1227.8
1179080 1222.5
1179090 1222.5
1179100 1218.4
1179110 1216.8
1179120 1216.8
1179130 1217.6
1179140 1216.9
1179150 1216.9
1179160 1215.7
1179170 1215.2
1179180 1215.2
1179190 1214.4
1179200 1213.0
1179210 1213.0
1179220 1210.7
1179230 1207.3
1179240 1207.3
1179250 1203.2
1179260 1199.1
1179270 1199.1
1179280 1194.6
1179290 1189.4
1179300 1189.4
1179310 1183.0
1179320 1178.6
1179330 1175.2
1179340 1175.2
1179350 1171.8
1179360 1169.0
1179370 1169.0
1179380 1167.5
1179390 1167.3
1179400 1167.3
1179410 1166.4
1179420 1165.4
1179430 1165.4
1179440 1165.2
1179450 1164.2
1179460 1164.7
1179470 1163.2
1179480 1162.0
1179490 1162.0
1179500 1160.6
1179510 1159.4
1179520 1159.4
1179530 1159.2
1179540 1158.2
1179550 1158.2
1179560 1157.0
1179570 1155.8
1179580 1155.8
1179590 1154.2
1179600 1152.7
1179610 1152.7
1179620 1151.9
1179630 1150.8
1179640 1150.8
1179650 1149.6
1179660 1148.3
1179670 1148.3
1179680 1146.9
1179690 1145.4
1179700 1143.6
1179710 1143.6
1179720 1141.1
1179730 1139.1
1179740 1139.1
1179750 1138.3
1179760 1137.7
1179770 1137.7
1179780 1137.5
1179790 1136.1
1179800 1136.1
1179810 1134.3
1179820 1132.8
1179830 1132.8
1179840 1131.8
1179850 1131.4
1179860 1131.4
1179870 1131.2
1179880 1130.6
1179890 1130.6
1179900 1130.3
1179910 1129.9
1179920 1129.9
1179930 1130.1
1179940 1130.7
1179950 1130.7
1179960 1130.7
1179970 1130.5
1179980 1130.5
1179990 1130.3
