1161330 1557.7
1161340 1557.7
1161350 1557.5
1161360 1557.4
1161370 1557.4
1161380 1557.2
1161390 1559.7
1161400 1559.7
1161410 1565.8
1161420 1572.0
1161430 1572.0
1161440 1578.2
1161450 1584.2
1161460 1584.2
1161470 1590.5
1161480 1596.8
1161490 1596.8
1161500 1602.5
1161510 1608.6
1161520 1608.6
1161530 1614.7
1161540 1620.6
1161550 1620.6
1161560 1627.0
1161570 1633.4
1161580 1633.4
1161590 1639.7
1161600 1644.1
1161610 1650.7
1161620 1650.7
1161630 1658.1
1161640 1665.2
1161650 1665.2
1161660 1672.0
1161670 1678.5
1161680 1678.5
1161690 1685.3
1161700 1693.3
1161710 1693.3
1161720 1704.4
1161730 1713.4
1161740 1713.4
1161750 1724.0
1161760 1739.9
1161770 1739.9
1161780 1755.1
1161790 1765.5
1161800 1765.5
1161810 1772.5
1161820 1775.8
1161830 1775.8
1161840 1785.5
1161850 1794.4
1161860 1794.4
1161870 1800.4
1161880 1802.3
1161890 1802.3
1161900 1803.5
1161910 1807.5
1161920 1807.5
1161930 1812.4
1161940 1818.8
1161950 1826.9
1161960 1826.9
1161970 1834.6
1161980 1840.4
1161990 1848.1
1162000 1853.0
1162010 1858.5
1162020 1858.5
1162030 1866.5
1162040 1875.1
1162050 1875.1
1162060 1882.9
1162070 1889.4
1162080 1889.4
1162090 1895.2
1162100 1900.4
1162110 1900.4
1162120 1905.0
1162130 1908.7
1162140 1908.7
1162150 1912.2
1162160 1915.0
1162170 1915.0
1162180 1913.4
1162190 1907.0
1162200 1907.0
1162210 1901.0
1162220 1892.7
1162230 1892.7
1162240 1880.2
1162250 1872.1
1162260 1872.1
1162270 1868.9
1162280 1866.8
1162290 1865.6
1162300 1865.6
1162310 1866.6
1162320 1868.1
1162330 1868.1
1162340 1868.8
1162350 1868.9
1162360 1868.9
1162370 1866.1
1162380 1854.1
1162390 1852.0
1162400 1842.7
1162410 1841.1
1162420 1841.1
1162430 1844.7
1162440 1847.1
1162450 1847.1
1162460 1843.2
1162470 1832.6
1162480 1832.6
1162490 1820.9
1162500 1814.1
1162510 1814.1
1162520 1808.4
1162530 1801.7
1162540 1801.7
1162550 1794.3
1162560 1780.3
1162570 1780.3
1162580 1760.7
1162590 1749.5
1162600 1749.5
1162610 1743.8
1162620 1737.4
1162630 1737.4
1162640 1728.5
1162650 1721.9
1162660 1716.8
1162670 1716.8
1162680 1712.3
1162690 1707.3
1162700 1707.3
1162710 1701.6
1162720 1695.3
1162730 1695.3
1162740 1689.1
1162750 1683.3
1162760 1683.3
1162770 1676.9
1162780 1671.0
1162790 1674.4
1162800 1669.9
1162810 1665.0
1162820 1665.0
1162830 1659.0
1162840 1653.7
1162850 1653.7
1162860 1649.1
1162870 1645.5
1162880 1645.5
1162890 1643.0
1162900 1642.1
1162910 1642.1
1162920 1642.9
1162930 1644.4
1162940 1644.4
1162950 1646.3
1162960 1648.2
1162970 1648.2
1162980 1650.1
1162990 1652.5
1163000 1656.1
1163010 1656.1
1163020 1658.9
1163030 1661.6
1163040 1661.6
1163050 1665.7
1163060 1668.9
1163070 1668.9
1163080 1671.1
1163090 1672.7
1163100 1672.7
1163110 1674.7
1163120 1677.6
1163130 1677.6
1163140 1681.3
1163150 1686.0
1163160 1686.0
1163170 1691.3
1163180 1700.0
1163190 1700.0
1163200 1703.5
1163210 1708.1
1163220 1708.1
1163230 1715.2
1163240 1726.6
1163250 1726.6
1163260 1746.4
1163270 1761.5
1163280 1761.5
1163290 1767.2
1163300 1769.0
1163310 1769.0
1163320 1777.9
1163330 1787.3
1163340 1794.1
1163350 1794.1
1163360 1799.0
1163370 1804.3
1163380 1804.3
1163390 1810.2
1163400 1818.5
1163410 1818.5
1163420 1826.9
1163430 1831.8
1163440 1831.8
1163450 1833.9
1163460 1837.2
1163470 1837.2
1163480 1839.7
1163490 1842.8
1163500 1842.8
1163510 1847.0
1163520 1852.9
1163530 1852.9
1163540 1859.8
1163550 1866.1
1163560 1866.1
1163570 1871.3
1163580 1880.0
1163590 1880.0
1163600 1885.6
1163610 1892.1
1163620 1892.1
1163630 1897.6
1163640 1898.3
1163650 1898.3
1163660 1887.8
1163670 1878.3
1163680 1878.3
1163690 1868.0
1163700 1858.2
1163710 1848.6
1163720 1848.6
1163730 1839.1
1163740 1832.4
1163750 1832.4
1163760 1826.9
1163770 1819.2
1163780 1819.2
1163790 1811.6
1163800 1804.6
1163810 1804.6
1163820 1797.5
1163830 1790.6
1163840 1790.6
1163850 1783.8
1163860 1776.8
1163870 1776.8
1163880 1769.7
1163890 1762.7
1163900 1762.7
1163910 1755.8
1163920 1749.1
1163930 1749.1
1163940 1742.5
1163950 1736.5
1163960 1736.5
1163970 1730.1
1163980 1720.8
1163990 1720.8
1164000 1714.4
1164010 1707.8
1164020 1707.8
1164030 1700.9
1164040 1693.8
1164050 1686.9
1164060 1686.9
1164070 1680.2
1164080 1673.3
1164090 1673.3
1164100 1666.6
1164110 1660.1
1164120 1660.1
1164130 1653.7
1164140 1647.6
1164150 1647.6
1164160 1641.5
1164170 1635.7
1164180 1635.7
1164190 1629.7
1164200 1623.6
1164210 1623.6
1164220 1616.7
1164230 1610.9
1164240 1610.9
1164250 1606.5
1164260 1603.3
1164270 1603.3
1164280 1600.5
1164290 1597.2
1164300 1597.2
1164310 1594.1
1164320 1590.6
1164330 1590.6
1164340 1590.4
1164350 1589.1
1164360 1589.1
1164370 1588.4
1164380 1586.5
1164390 1586.3
1164400 1586.3
1164410 1584.2
1164420 1580.6
1164430 1580.6
1164440 1574.8
1164450 1573.1
1164460 1573.1
1164470 1577.1
1164480 1580.7
1164490 1580.7
1164500 1584.3
1164510 1586.8
1164520 1586.8
1164530 1589.5
1164540 1594.7
1164550 1594.7
1164560 1598.5
1164570 1600.6
1164580 1600.6
1164590 1600.0
1164600 1598.5
1164610 1598.5
1164620 1599.4
1164630 1602.6
1164640 1602.6
1164650 1606.7
1164660 1611.6
1164670 1611.6
1164680 1616.6
1164690 1622.1
1164700 1622.1
1164710 1628.1
1164720 1634.8
1164730 1641.9
1164740 1641.9
1164750 1649.4
1164760 1656.4
1164770 1656.4
1164780 1664.8
1164790 1672.9
1164800 1672.9
1164810 1686.5
1164820 1699.9
1164830 1699.9
1164840 1709.1
1164850 1715.9
1164860 1715.9
1164870 1721.5
1164880 1732.3
1164890 1732.3
1164900 1740.8
1164910 1745.7
1164920 1745.7
1164930 1752.6
1164940 1757.2
1164950 1757.2
1164960 1764.0
1164970 1776.1
1164980 1776.1
1164990 1784.0
1165000 1791.2
1165010 1791.2
1165020 1801.0
1165030 1810.4
1165040 1810.4
1165050 1817.2
1165060 1826.0
1165070 1826.0
1165080 1834.5
1165090 1842.7
1165100 1850.8
1165110 1850.8
1165120 1859.1
1165130 1865.4
1165140 1865.4
1165150 1871.0
1165160 1876.6
1165170 1876.6
1165180 1887.0
1165190 1893.6
1165200 1893.6
1165210 1900.9
1165220 1907.9
1165230 1907.9
1165240 1914.1
1165250 1921.0
1165260 1921.0
1165270 1927.3
1165280 1929.2
1165290 1929.2
1165300 1928.9
1165310 1928.4
1165320 1928.4
1165330 1927.5
1165340 1926.1
1165350 1926.1
1165360 1924.6
1165370 1922.8
1165380 1922.8
1165390 1920.8
1165400 1919.2
1165410 1919.2
1165420 1917.1
1165430 1914.7
1165440 1909.5
1165450 1909.5
1165460 1899.0
1165470 1893.3
1165480 1893.3
1165490 1890.7
1165500 1888.5
1165510 1888.5
1165520 1885.5
1165530 1883.2
1165540 1883.2
1165550 1881.7
1165560 1879.8
1165570 1879.8
1165580 1885.3
1165590 1884.0
1165600 1884.0
1165610 1882.2
1165620 1879.9
1165630 1879.9
1165640 1878.7
1165650 1878.9
1165660 1878.9
1165670 1876.4
1165680 1872.5
1165690 1872.5
1165700 1868.0
1165710 1864.0
1165720 1864.0
1165730 1860.3
1165740 1857.6
1165750 1857.6
1165760 1855.7
1165770 1853.6
1165780 1851.8
1165790 1851.8
1165800 1851.1
1165810 1850.4
1165820 1850.4
1165830 1848.3
1165840 1846.5
1165850 1846.5
1165860 1846.0
1165870 1847.3
1165880 1847.3
1165890 1849.4
1165900 1847.2
1165910 1847.2
1165920 1844.9
1165930 1844.7
1165940 1844.7
1165950 1843.5
1165960 1843.6
1165970 1843.6
1165980 1853.6
1165990 1855.3
1166000 1855.3
1166010 1853.1
1166020 1850.4
1166030 1850.4
1166040 1847.3
1166050 1841.2
1166060 1841.2
1166070 1833.3
1166080 1831.5
1166090 1831.5
1166100 1835.1
1166110 1841.2
1166120 1841.2
1166130 1841.2
1166140 1837.2
1166150 1827.7
1166160 1827.7
1166170 1815.9
1166180 1806.4
1166190 1806.4
1166200 1799.7
1166210 1806.6
1166220 1806.6
1166230 1822.5
1166240 1822.7
1166250 1822.7
1166260 1817.6
1166270 1811.0
1166280 1811.0
1166290 1803.8
1166300 1798.8
1166310 1798.8
1166320 1792.2
1166330 1782.6
1166340 1782.6
1166350 1773.1
1166360 1764.3
1166370 1764.3
1166380 1754.8
1166390 1746.4
1166400 1746.4
1166410 1737.4
1166420 1738.8
1166430 1738.8
1166440 1738.9
1166450 1735.8
1166460 1735.8
1166470 1733.3
1166480 1728.7
1166490 1724.1
1166500 1724.1
1166510 1720.1
1166520 1713.2
1166530 1713.2
1166540 1705.9
1166550 1690.4
1166560 1690.4
1166570 1682.6
1166580 1673.7
1166590 1673.7
1166600 1656.6
1166610 1647.6
1166620 1647.6
1166630 1642.4
1166640 1637.8
1166650 1637.8
1166660 1633.0
1166670 1627.3
1166680 1627.3
1166690 1621.8
1166700 1616.3
1166710 1616.3
1166720 1609.5
1166730 1603.0
1166740 1603.0
1166750 1597.5
1166760 1592.1
1166770 1592.1
1166780 1580.6
1166790 1575.6
1166800 1575.6
1166810 1572.2
1166820 1568.1
1166830 1564.3
1166840 1564.3
1166850 1558.2
1166860 1549.0
1166870 1549.0
1166880 1541.1
1166890 1535.8
1166900 1535.8
1166910 1531.4
1166920 1527.9
1166930 1527.9
1166940 1525.2
1166950 1522.5
1166960 1522.5
1166970 1519.1
1166980 1514.3
1166990 1514.3
1167000 1508.4
1167010 1501.2
1167020 1501.2
1167030 1493.5
1167040 1485.8
1167050 1485.8
1167060 1477.9
1167070 1470.6
1167080 1470.6
1167090 1463.8
1167100 1457.7
1167110 1457.7
1167120 1451.9
1167130 1446.1
1167140 1446.1
1167150 1441.2
1167160 1437.5
1167170 1435.0
1167180 1432.1
1167190 1430.6
1167200 1429.2
1167210 1429.2
1167220 1426.5
1167230 1422.2
1167240 1422.2
1167250 1418.4
1167260 1414.8
1167270 1414.8
1167280 1410.6
1167290 1405.8
1167300 1405.8
1167310 1400.7
1167320 1396.1
1167330 1396.1
1167340 1392.2
1167350 1388.6
1167360 1388.6
1167370 1384.3
1167380 1380.3
1167390 1380.3
1167400 1375.3
1167410 1370.2
1167420 1370.2
1167430 1365.6
1167440 1362.8
1167450 1362.8
1167460 1360.8
1167470 1358.6
1167480 1358.6
1167490 1356.9
1167500 1355.1
1167510 1352.7
1167520 1352.7
1167530 1350.7
1167540 1350.0
1167550 1350.0
1167560 1348.1
1167570 1346.0
1167580 1346.0
1167590 1343.0
1167600 1341.4
1167610 1341.4
1167620 1340.4
1167630 1339.3
1167640 1339.3
1167650 1338.2
1167660 1337.1
1167670 1337.1
1167680 1336.2
1167690 1335.3
1167700 1335.3
1167710 1334.4
1167720 1333.8
1167730 1333.8
1167740 1333.7
1167750 1334.2
1167760 1334.2
1167770 1335.5
1167780 1336.7
1167790 1336.7
1167800 1337.9
1167810 1339.1
1167820 1339.1
1167830 1340.4
1167840 1341.5
1167850 1342.2
1167860 1342.2
1167870 1344.4
1167880 1343.8
1167890 1343.8
1167900 1345.2
1167910 1348.4
1167920 1348.4
1167930 1348.8
1167940 1346.7
1167950 1346.7
1167960 1348.8
1167970 1353.2
1167980 1353.2
1167990 1360.5
1168000 1365.9
1168010 1365.9
1168020 1369.4
1168030 1368.8
1168040 1368.8
1168050 1364.8
1168060 1361.2
1168070 1361.2
1168080 1358.8
1168090 1357.2
1168100 1357.2
1168110 1355.1
1168120 1353.0
1168130 1353.0
1168140 1351.7
1168150 1351.1
1168160 1351.1
1168170 1351.2
1168180 1351.1
1168190 1351.1
1168200 1351.0
1168210 1351.6
1168220 1352.5
1168230 1352.5
1168240 1353.0
1168250 1353.8
1168260 1353.8
1168270 1355.1
1168280 1356.8
1168290 1356.8
1168300 1359.0
1168310 1361.3
1168320 1361.3
1168330 1363.5
1168340 1365.8
1168350 1365.8
1168360 1368.1
1168370 1370.0
1168380 1370.0
1168390 1372.0
1168400 1380.8
1168410 1380.8
1168420 1384.9
1168430 1389.1
1168440 1389.1
1168450 1392.6
1168460 1394.7
1168470 1394.7
1168480 1396.7
1168490 1400.5
1168500 1400.5
1168510 1404.0
1168520 1413.3
1168530 1413.3
1168540 1422.8
1168550 1431.6
1168560 1436.2
1168570 1436.2
1168580 1448.1
1168590 1456.1
1168600 1456.1
1168610 1460.5
1168620 1463.5
1168630 1463.5
1168640 1466.4
1168650 1469.3
1168660 1469.3
1168670 1472.4
1168680 1475.7
1168690 1475.7
1168700 1478.7
1168710 1480.8
1168720 1480.8
1168730 1482.7
1168740 1483.0
1168750 1483.0
1168760 1483.6
1168770 1484.0
1168780 1484.0
1168790 1484.4
1168800 1482.6
1168810 1482.6
1168820 1482.9
1168830 1481.8
1168840 1481.8
1168850 1480.3
1168860 1479.0
1168870 1479.0
1168880 1476.6
1168890 1473.4
1168900 1470.3
1168910 1470.3
1168920 1469.3
1168930 1467.5
1168940 1467.5
1168950 1465.3
1168960 1463.2
1168970 1463.2
1168980 1460.8
1168990 1458.8
1169000 1458.8
1169010 1456.8
1169020 1453.7
1169030 1453.7
1169040 1450.5
1169050 1447.2
1169060 1447.2
1169070 1444.1
1169080 1442.0
1169090 1442.0
1169100 1440.3
1169110 1438.4
1169120 1438.4
1169130 1436.4
1169140 1434.9
1169150 1434.9
1169160 1433.3
1169170 1431.1
1169180 1431.1
1169190 1428.9
1169200 1421.5
1169210 1421.5
1169220 1419.2
1169230 1416.7
1169240 1414.5
1169250 1414.5
1169260 1412.5
1169270 1410.0
1169280 1410.0
1169290 1406.9
1169300 1404.7
1169310 1404.7
1169320 1402.5
1169330 1400.5
1169340 1400.5
1169350 1398.2
1169360 1395.4
1169370 1395.4
1169380 1393.5
1169390 1391.9
1169400 1391.9
1169410 1390.0
1169420 1388.0
1169430 1388.0
1169440 1384.8
1169450 1380.4
1169460 1380.4
1169470 1376.7
1169480 1374.2
1169490 1374.2
1169500 1370.2
1169510 1367.2
1169520 1367.2
1169530 1363.7
1169540 1360.3
1169550 1360.3
1169560 1356.7
1169570 1353.0
1169580 1353.0
1169590 1350.2
1169600 1346.9
1169610 1337.8
1169620 1337.8
1169630 1334.4
1169640 1330.7
1169650 1330.7
1169660 1327.4
1169670 1323.4
1169680 1323.4
1169690 1319.2
1169700 1314.9
1169710 1314.9
1169720 1310.6
1169730 1306.3
1169740 1306.3
1169750 1302.2
1169760 1297.7
1169770 1297.7
1169780 1293.6
1169790 1289.5
1169800 1289.5
1169810 1285.2
1169820 1281.6
1169830 1281.6
1169840 1277.3
1169850 1272.2
1169860 1272.2
1169870 1268.4
1169880 1265.2
1169890 1265.2
1169900 1262.2
1169910 1259.9
1169920 1259.9
1169930 1257.8
1169940 1255.6
1169950 1252.0
1169960 1252.0
1169970 1251.6
1169980 1251.1
1169990 1251.1
1170000 1251.3
1170010 1251.8
1170020 1257.9
1170030 1258.8
1170040 1260.3
1170050 1260.3
1170060 1261.8
1170070 1263.9
1170080 1263.9
1170090 1267.0
1170100 1267.3
1170110 1267.3
1170120 1266.8
1170130 1266.5
1170140 1266.5
1170150 1267.8
1170160 1268.7
1170170 1268.7
1170180 1269.0
1170190 1269.4
1170200 1269.4
1170210 1270.9
1170220 1273.3
1170230 1273.3
1170240 1273.4
1170250 1273.2
1170260 1273.2
1170270 1272.4
1170280 1269.6
1170290 1265.1
1170300 1265.1
1170310 1260.5
1170320 1256.3
1170330 1256.3
1170340 1252.6
1170350 1247.8
1170360 1247.8
1170370 1241.6
1170380 1235.7
1170390 1235.7
1170400 1233.2
1170410 1233.1
1170420 1239.4
1170430 1237.5
1170440 1234.7
1170450 1234.7
1170460 1231.0
1170470 1226.4
1170480 1226.4
1170490 1221.1
1170500 1215.7
1170510 1215.7
1170520 1211.2
1170530 1207.3
1170540 1207.3
1170550 1202.7
1170560 1197.7
1170570 1197.7
1170580 1193.2
1170590 1188.1
1170600 1188.1
1170610 1182.2
1170620 1177.3
1170630 1174.9
1170640 1174.9
1170650 1170.7
1170660 1166.0
1170670 1166.0
1170680 1161.6
1170690 1157.8
1170700 1157.8
1170710 1153.3
1170720 1149.7
1170730 1149.7
1170740 1146.7
1170750 1142.8
1170760 1142.8
1170770 1138.4
1170780 1135.3
1170790 1135.3
1170800 1133.7
1170810 1132.6
1170820 1132.6
1170830 1132.0
1170840 1130.9
1170850 1130.9
1170860 1129.8
1170870 1128.9
1170880 1128.9
1170890 1128.1
1170900 1127.3
1170910 1127.3
1170920 1126.5
1170930 1125.8
1170940 1125.8
1170950 1125.3
1170960 1124.5
1170970 1124.5
1170980 1123.7
1170990 1122.9
1171000 1122.2
1171010 1122.2
1171020 1121.4
1171030 1120.6
1171040 1120.6
1171050 1120.3
1171060 1119.8
1171070 1119.8
1171080 1119.1
1171090 1118.2
1171100 1118.2
1171110 1117.3
1171120 1116.6
1171130 1116.6
1171140 1115.8
1171150 1114.9
1171160 1114.9
1171170 1114.1
1171180 1113.6
1171190 1113.6
1171200 1112.3
1171210 1110.3
1171220 1110.3
1171230 1112.5
1171240 1113.0
1171250 1113.0
1171260 1113.1
1171270 1113.1
1171280 1113.1
1171290 1113.2
1171300 1113.5
1171310 1113.5
1171320 1114.1
1171330 1114.7
1171340 1115.3
1171350 1115.3
1171360 1116.0
1171370 1116.6
1171380 1116.6
1171390 1117.3
1171400 1118.0
1171410 1118.0
1171420 1118.5
1171430 1118.8
1171440 1118.8
1171450 1119.6
1171460 1120.6
1171470 1120.6
1171480 1121.0
1171490 1121.5
1171500 1121.5
1171510 1122.2
1171520 1122.8
1171530 1122.8
1171540 1123.5
1171550 1124.3
1171560 1124.3
1171570 1125.6
1171580 1126.7
1171590 1126.7
1171600 1126.9
1171610 1127.3
1171620 1127.3
1171630 1128.0
1171640 1128.8
1171650 1129.5
1171660 1129.8
1171670 1130.6
1171680 1131.7
1171690 1131.7
1171700 1132.5
1171710 1133.8
1171720 1133.8
1171730 1136.5
1171740 1139.8
1171750 1139.8
1171760 1143.3
1171770 1146.3
1171780 1146.3
1171790 1149.7
1171800 1152.8
1171810 1152.8
1171820 1155.8
1171830 1158.9
1171840 1158.9
1171850 1162.4
1171860 1167.0
1171870 1167.0
1171880 1169.6
1171890 1174.3
1171900 1174.3
1171910 1179.3
1171920 1185.2
1171930 1185.2
1171940 1192.5
1171950 1200.1
1171960 1200.1
1171970 1203.4
1171980 1209.1
1171990 1209.1
1172000 1220.7
1172010 1229.4
1172020 1238.6
1172030 1238.6
1172040 1249.2
1172050 1261.1
1172060 1261.1
1172070 1265.6
1172080 1269.6
1172090 1269.6
1172100 1273.9
1172110 1278.6
1172120 1278.6
1172130 1283.8
1172140 1289.8
1172150 1289.8
1172160 1295.1
1172170 1296.7
1172180 1296.7
1172190 1303.8
1172200 1309.3
1172210 1309.3
1172220 1313.7
1172230 1317.5
1172240 1317.5
1172250 1320.9
1172260 1324.5
1172270 1324.5
1172280 1327.9
1172290 1331.0
1172300 1331.0
1172310 1334.2
1172320 1337.7
1172330 1337.7
1172340 1341.1
1172350 1344.6
1172360 1348.7
1172370 1348.7
1172380 1352.1
1172390 1355.6
1172400 1355.6
1172410 1360.0
1172420 1363.6
1172430 1363.6
1172440 1368.2
1172450 1371.9
1172460 1366.4
1172470 1370.7
1172480 1375.4
1172490 1375.4
1172500 1378.6
1172510 1381.1
1172520 1381.1
1172530 1382.3
1172540 1386.7
1172550 1386.7
1172560 1394.5
1172570 1401.7
1172580 1401.7
1172590 1408.9
1172600 1415.3
1172610 1415.3
1172620 1420.2
1172630 1423.9
1172640 1423.9
1172650 1428.7
1172660 1434.1
1172670 1434.1
1172680 1439.8
1172690 1444.4
1172700 1444.4
1172710 1449.5
1172720 1454.3
1172730 1458.6
1172740 1458.6
1172750 1462.3
1172760 1465.5
1172770 1465.5
1172780 1469.0
1172790 1471.6
1172800 1471.6
1172810 1474.1
1172820 1477.4
1172830 1477.4
1172840 1481.3
1172850 1485.1
1172860 1485.1
1172870 1490.0
1172880 1493.9
1172890 1493.9
1172900 1498.4
1172910 1503.9
1172920 1503.9
1172930 1508.4
1172940 1512.9
1172950 1512.9
1172960 1517.5
1172970 1522.2
1172980 1522.2
1172990 1526.9
1173000 1531.8
1173010 1531.8
1173020 1536.5
1173030 1541.1
1173040 1541.1
1173050 1546.6
1173060 1550.8
1173070 1552.1
1173080 1552.1
1173090 1553.0
1173100 1551.0
1173110 1551.0
1173120 1545.0
1173130 1538.0
1173140 1538.0
1173150 1530.9
1173160 1524.1
1173170 1524.1
1173180 1518.1
1173190 1512.8
1173200 1512.8
1173210 1507.2
1173220 1500.6
1173230 1500.6
1173240 1497.6
1173250 1495.9
1173260 1495.9
1173270 1492.4
1173280 1490.7
1173290 1490.7
1173300 1488.4
1173310 1484.4
1173320 1484.4
1173330 1480.0
1173340 1475.9
1173350 1475.9
1173360 1470.1
1173370 1464.5
1173380 1464.5
1173390 1460.2
1173400 1455.7
1173410 1448.2
1173420 1448.2
1173430 1438.6
1173440 1440.3
1173450 1440.3
1173460 1449.0
1173470 1455.5
1173480 1455.5
1173490 1459.4
1173500 1460.7
1173510 1460.7
1173520 1464.4
1173530 1471.6
1173540 1471.6
1173550 1477.9
1173560 1483.2
1173570 1483.2
1173580 1488.0
1173590 1492.4
1173600 1492.4
1173610 1496.3
1173620 1499.8
1173630 1499.8
1173640 1502.6
1173650 1504.2
1173660 1504.2
1173670 1503.9
1173680 1504.1
1173690 1511.7
1173700 1512.3
1173710 1510.5
1173720 1510.5
1173730 1507.9
1173740 1505.4
1173750 1503.0
1173760 1503.0
1173770 1500.9
1173780 1498.6
1173790 1498.6
1173800 1496.8
1173810 1495.5
1173820 1495.5
1173830 1494.0
1173840 1491.6
1173850 1491.6
1173860 1488.9
1173870 1486.2
1173880 1486.2
1173890 1483.4
1173900 1480.4
1173910 1480.4
1173920 1477.5
1173930 1474.7
1173940 1474.7
1173950 1471.8
1173960 1469.2
1173970 1469.2
1173980 1466.8
1173990 1464.0
1174000 1464.0
1174010 1459.4
1174020 1457.0
1174030 1457.0
1174040 1455.5
1174050 1453.4
1174060 1453.4
1174070 1451.5
1174080 1449.1
1174090 1446.9
1174100 1446.9
1174110 1451.4
1174120 1450.9
1174130 1450.9
1174140 1449.9
1174150 1448.0
1174160 1448.0
1174170 1446.5
1174180 1445.5
1174190 1445.5
1174200 1445.1
1174210 1444.6
1174220 1444.6
1174230 1444.0
1174240 1443.3
1174250 1443.3
1174260 1442.3
1174270 1440.6
1174280 1440.6
1174290 1438.6
1174300 1436.9
1174310 1436.9
1174320 1435.4
1174330 1434.2
1174340 1434.2
1174350 1433.8
1174360 1434.0
1174370 1434.0
1174380 1434.3
1174390 1435.4
1174400 1435.4
1174410 1436.4
1174420 1436.8
1174430 1436.8
1174440 1436.6
1174450 1424.7
1174460 1413.2
1174470 1413.2
1174480 1409.7
1174490 1407.8
1174500 1407.8
1174510 1403.9
1174520 1410.0
1174530 1410.0
1174540 1411.3
1174550 1411.5
1174560 1411.5
1174570 1400.4
1174580 1401.4
1174590 1401.4
1174600 1403.3
1174610 1401.1
1174620 1401.1
1174630 1397.8
1174640 1395.0
1174650 1395.0
1174660 1393.8
1174670 1391.9
1174680 1391.9
1174690 1389.1
1174700 1386.4
1174710 1386.4
1174720 1382.8
1174730 1379.8
1174740 1379.8
1174750 1373.2
1174760 1365.7
1174770 1365.7
1174780 1353.2
1174790 1341.5
1174800 1331.4
1174810 1331.4
1174820 1317.1
1174830 1308.5
1174840 1308.5
1174850 1306.3
1174860 1306.4
1174870 1306.4
1174880 1303.3
1174890 1295.7
1174900 1295.7
1174910 1289.1
1174920 1282.6
1174930 1288.5
1174940 1275.4
1174950 1266.3
1174960 1266.3
1174970 1257.6
1174980 1247.6
1174990 1247.6
1175000 1240.0
1175010 1249.0
1175020 1249.0
1175030 1257.3
1175040 1252.3
1175050 1252.3
1175060 1244.7
1175070 1238.1
1175080 1238.1
1175090 1232.4
1175100 1223.5
1175110 1223.5
1175120 1216.3
1175130 1210.7
1175140 1204.2
1175150 1204.2
1175160 1199.0
1175170 1194.1
1175180 1194.1
1175190 1189.5
1175200 1183.8
1175210 1183.8
1175220 1177.5
1175230 1172.3
1175240 1172.3
1175250 1168.8
1175260 1165.4
1175270 1165.4
1175280 1162.2
1175290 1159.8
1175300 1159.8
1175310 1156.6
1175320 1153.5
1175330 1153.5
1175340 1152.6
1175350 1148.9
1175360 1148.9
1175370 1146.4
1175380 1143.7
1175390 1143.7
1175400 1142.5
1175410 1144.0
1175420 1144.0
1175430 1143.9
1175440 1142.8
1175450 1142.8
1175460 1141.3
1175470 1138.2
1175480 1136.9
1175490 1136.9
1175500 1137.0
1175510 1137.2
1175520 1137.2
1175530 1137.6
1175540 1138.0
1175550 1138.0
1175560 1138.5
1175570 1138.9
1175580 1138.9
1175590 1139.3
1175600 1140.0
1175610 1140.0
1175620 1140.9
1175630 1141.5
1175640 1141.5
1175650 1142.1
1175660 1142.4
1175670 1142.4
1175680 1143.0
1175690 1143.5
1175700 1143.5
1175710 1143.1
1175720 1141.5
1175730 1141.5
1175740 1139.6
1175750 1139.2
1175760 1139.8
1175770 1142.1
1175780 1147.4
1175790 1147.4
1175800 1148.8
1175810 1148.8
1175820 1148.8
1175830 1149.4
1175840 1150.4
1175850 1150.2
1175860 1150.2
1175870 1150.0
1175880 1149.7
1175890 1149.7
1175900 1148.6
1175910 1148.1
1175920 1148.1
1175930 1148.1
1175940 1148.0
1175950 1148.0
1175960 1147.9
1175970 1147.4
1175980 1147.4
1175990 1146.4
1176000 1145.8
1176010 1145.8
1176020 1145.3
1176030 1143.9
1176040 1143.9
1176050 1143.1
1176060 1142.7
1176070 1142.7
1176080 1141.7
1176090 1140.0
1176100 1140.0
1176110 1138.4
1176120 1137.1
1176130 1137.1
1176140 1135.9
1176150 1134.9
1176160 1134.9
1176170 1134.4
1176180 1133.6
1176190 1132.4
1176200 1132.4
1176210 1130.7
1176220 1129.8
1176230 1129.8
1176240 1129.3
1176250 1129.2
1176260 1129.2
1176270 1128.8
1176280 1128.5
1176290 1128.5
1176300 1128.4
1176310 1128.9
1176320 1128.9
1176330 1129.4
1176340 1129.0
1176350 1129.0
1176360 1128.7
1176370 1128.4
1176380 1128.4
1176390 1128.3
1176400 1128.4
1176410 1128.4
1176420 1128.4
1176430 1128.4
1176440 1128.4
1176450 1129.3
1176460 1128.1
1176470 1128.1
1176480 1126.9
1176490 1126.6
1176500 1126.6
1176510 1126.5
1176520 1126.4
1176530 1126.4
1176540 1126.4
1176550 1126.5
1176560 1126.4
1176570 1126.4
1176580 1126.0
1176590 1126.6
1176600 1126.6
1176610 1125.1
1176620 1124.4
1176630 1124.4
1176640 1124.3
1176650 1124.3
1176660 1124.3
1176670 1124.3
1176680 1124.3
1176690 1124.3
1176700 1124.3
1176710 1124.3
1176720 1124.3
1176730 1124.3
1176740 1124.3
1176750 1124.3
1176760 1124.3
1176770 1124.3
1176780 1124.3
1176790 1124.3
1176800 1124.3
1176810 1124.3
1176820 1124.3
1176830 1124.3
1176840 1124.3
1176850 1124.3
1176860 1124.3
1176870 1124.3
1176880 1124.3
1176890 1124.3
1176900 1124.3
1176910 1124.3
1176920 1124.3
1176930 1124.3
1176940 1124.3
1176950 1124.3
1176960 1124.3
1176970 1124.3
1176980 1124.3
1176990 1124.3
1177000 1124.3
1177010 1124.3
1177020 1124.3
1177030 1124.3
1177040 1124.3
1177050 1124.3
1177060 1124.3
1177070 1124.3
1177080 1124.3
1177090 1124.3
1177100 1124.3
1177110 1124.3
1177120 1124.3
1177130 1124.3
1177140 1124.3
1177150 1124.3
1177160 1124.3
1177170 1124.3
1177180 1124.3
1177190 1124.3
1177200 1124.3
1177210 1124.3
1177220 1124.3
1177230 1124.3
1177240 1124.3
1177250 1124.3
1177260 1124.3
1177270 1124.3
1177280 1124.3
1177290 1124.3
1177300 1124.3
1177310 1124.3
1177320 1124.3
1177330 1124.3
1177340 1124.3
1177350 1124.3
1177360 1124.3
1177370 1124.3
1177380 1124.3
1177390 1124.3
1177400 1124.3
1177410 1124.3
1177420 1124.3
1177430 1124.3
1177440 1124.3
1177450 1124.3
1177460 1124.3
1177470 1124.3
1177480 1124.3
1177490 1124.3
1177500 1124.3
1177510 1124.3
1177520 1124.3
1177530 1124.3
1177540 1124.3
1177550 1124.3
1177560 1124.3
1177570 1124.3
1177580 1124.3
1177590 1124.3
1177600 1124.3
1177610 1124.3
1177620 1124.3
1177630 1124.3
1177640 1124.3
1177650 1124.3
1177660 1124.3
1177670 1124.3
1177680 1124.3
1177690 1124.3
1177700 1124.3
1177710 1124.3
1177720 1124.3
1177730 1124.3
1177740 1124.3
1177750 1124.3
1177760 1124.3
1177770 1124.3
1177780 1124.3
1177790 1124.3
1177800 1124.3
1177810 1124.3
1177820 1124.3
1177830 1124.3
1177840 1124.3
1177850 1124.3
1177860 1124.3
1177870 1124.3
1177880 1124.3
1177890 1124.3
1177900 1124.3
1177910 1124.3
1177920 1124.3
1177930 1124.3
1177940 1124.3
1177950 1124.3
1177960 1124.3
1177970 1124.3
1177980 1124.3
1177990 1124.3
1178000 1124.3
1178010 1124.3
1178020 1124.3
1178030 1124.3
1178040 1124.3
1178050 1124.3
1178060 1124.3
1178070 1124.3
1178080 1124.3
1178090 1124.3
1178100 1124.4
1178110 1124.4
1178120 1124.4
1178130 1124.4
1178140 1124.4
1178150 1124.4
1178160 1124.5
1178170 1124.5
1178180 1124.5
1178190 1124.5
1178200 1124.5
1178210 1124.6
1178220 1124.7
1178230 1124.7
1178240 1124.9
1178250 1125.1
1178260 1125.2
1178270 1125.2
1178280 1125.4
1178290 1125.7
1178300 1125.7
1178310 1125.9
1178320 1126.1
1178330 1126.1
1178340 1126.4
1178350 1126.6
1178360 1126.6
1178370 1126.8
1178380 1126.9
1178390 1126.9
1178400 1127.1
1178410 1127.5
1178420 1127.5
1178430 1127.8
1178440 1128.0
1178450 1128.0
1178460 1128.3
1178470 1128.4
1178480 1128.4
1178490 1128.9
1178500 1129.4
1178510 1129.4
1178520 1129.9
1178530 1130.6
1178540 1130.6
1178550 1131.2
1178560 1131.7
1178570 1131.7
1178580 1132.3
1178590 1133.1
1178600 1133.8
1178610 1133.8
1178620 1134.5
1178630 1135.2
1178640 1135.2
1178650 1135.8
1178660 1136.4
1178670 1136.1
1178680 1136.6
1178690 1137.0
1178700 1137.0
1178710 1137.6
1178720 1138.3
1178730 1138.3
1178740 1138.9
1178750 1139.6
1178760 1139.6
1178770 1140.5
1178780 1140.9
1178790 1140.9
1178800 1141.2
1178810 1141.2
1178820 1141.2
1178830 1141.0
1178840 1141.2
1178850 1141.2
1178860 1141.4
1178870 1141.8
1178880 1141.8
1178890 1142.4
1178900 1143.0
1178910 1143.0
1178920 1143.6
1178930 1144.1
1178940 1144.4
1178950 1144.4
1178960 1144.8
1178970 1145.3
1178980 1145.3
1178990 1145.8
1179000 1146.3
1179010 1146.3
1179020 1146.8
1179030 1147.1
1179040 1147.1
1179050 1147.5
1179060 1147.7
1179070 1147.7
1179080 1148.2
1179090 1147.9
1179100 1147.9
1179110 1148.7
1179120 1149.5
1179130 1149.5
1179140 1150.2
1179150 1150.6
1179160 1150.6
1179170 1150.8
1179180 1150.8
1179190 1150.8
1179200 1150.9
1179210 1151.1
1179220 1151.1
1179230 1151.5
1179240 1151.9
1179250 1151.9
1179260 1152.4
1179270 1153.1
1179280 1153.8
1179290 1153.8
1179300 1154.5
1179310 1155.1
1179320 1155.1
1179330 1155.7
1179340 1156.3
1179350 1156.3
1179360 1156.9
1179370 1157.6
1179380 1157.6
1179390 1158.4
1179400 1159.2
1179410 1159.2
1179420 1159.9
1179430 1160.6
1179440 1160.6
1179450 1161.4
1179460 1162.0
1179470 1162.0
1179480 1162.5
1179490 1163.1
1179500 1163.1
1179510 1162.1
1179520 1162.7
1179530 1162.7
1179540 1163.6
1179550 1164.4
1179560 1164.4
1179570 1165.1
1179580 1165.4
1179590 1165.4
1179600 1165.7
1179610 1166.0
1179620 1166.0
1179630 1166.5
1179640 1167.2
1179650 1168.0
1179660 1168.0
1179670 1168.6
1179680 1169.4
1179690 1169.4
1179700 1170.4
1179710 1171.2
1179720 1171.2
1179730 1171.7
1179740 1172.4
1179750 1172.4
1179760 1173.3
1179770 1174.1
1179780 1174.1
1179790 1175.0
1179800 1175.7
1179810 1175.7
1179820 1175.3
1179830 1174.9
1179840 1174.9
1179850 1174.7
1179860 1174.6
1179870 1174.6
1179880 1174.3
1179890 1175.3
1179900 1175.3
1179910 1175.8
1179920 1174.0
1179930 1174.0
1179940 1174.2
1179950 1174.6
1179960 1174.6
1179970 1175.2
1179980 1175.5
1179990 1175.9
