1160910 1559.8
1160920 1559.0
1160930 1559.0
1160940 1556.8
1160950 1554.4
1160960 1554.4
1160970 1552.6
1160980 1553.7
1160990 1553.7
1161000 1557.0
1161010 1561.2
1161020 1561.2
1161030 1564.2
1161040 1565.3
1161050 1565.3
1161060 1565.9
1161070 1566.1
1161080 1566.1
1161090 1566.3
1161100 1567.3
1161110 1567.3
1161120 1569.1
1161130 1571.7
1161140 1571.7
1161150 1574.2
1161160 1576.4
1161170 1576.4
1161180 1578.5
1161190 1581.0
1161200 1581.0
1161210 1583.6
1161220 1585.7
1161230 1588.1
1161240 1588.1
1161250 1593.3
1161260 1595.7
1161270 1595.7
1161280 1598.0
1161290 1600.4
1161300 1600.4
1161310 1602.6
1161320 1604.7
1161330 1604.7
1161340 1606.5
1161350 1607.9
1161360 1607.9
1161370 1609.6
1161380 1610.8
1161390 1610.8
1161400 1611.9
1161410 1613.2
1161420 1613.2
1161430 1614.7
1161440 1616.5
1161450 1616.5
1161460 1618.1
1161470 1619.6
1161480 1619.6
1161490 1621.2
1161500 1622.8
1161510 1622.8
1161520 1624.5
1161530 1626.1
1161540 1626.1
1161550 1627.8
1161560 1629.7
1161570 1631.5
1161580 1631.5
1161590 1633.1
1161600 1635.1
1161610 1635.1
1161620 1636.9
1161630 1638.8
1161640 1638.8
1161650 1643.7
1161660 1645.3
1161670 1645.3
1161680 1646.9
1161690 1648.5
1161700 1648.5
1161710 1650.0
1161720 1651.6
1161730 1651.6
1161740 1653.3
1161750 1654.0
1161760 1654.0
1161770 1654.4
1161780 1655.0
1161790 1655.0
1161800 1655.5
1161810 1654.9
1161820 1654.9
1161830 1651.8
1161840 1647.9
1161850 1647.9
1161860 1647.3
1161870 1650.2
1161880 1650.2
1161890 1653.9
1161900 1657.7
1161910 1657.7
1161920 1661.1
1161930 1664.0
1161940 1666.2
1161950 1666.2
1161960 1668.2
1161970 1669.7
1161980 1669.7
1161990 1671.4
1162000 1673.3
1162010 1673.3
1162020 1675.3
1162030 1676.5
1162040 1676.5
1162050 1667.9
1162060 1662.0
1162070 1662.0
1162080 1656.1
1162090 1650.2
1162100 1650.2
1162110 1644.3
1162120 1638.2
1162130 1638.2
1162140 1631.5
1162150 1624.7
1162160 1624.7
1162170 1618.0
1162180 1612.1
1162190 1612.1
1162200 1609.1
1162210 1606.9
1162220 1606.9
1162230 1603.5
1162240 1598.5
1162250 1598.5
1162260 1594.2
1162270 1590.5
1162280 1586.7
1162290 1586.7
1162300 1582.2
1162310 1577.1
1162320 1577.1
1162330 1570.8
1162340 1565.3
1162350 1565.3
1162360 1561.6
1162370 1557.6
1162380 1557.6
1162390 1552.9
1162400 1547.7
1162410 1547.7
1162420 1542.1
1162430 1536.6
1162440 1534.4
1162450 1529.3
1162460 1525.6
1162470 1525.6
1162480 1521.2
1162490 1515.9
1162500 1515.9
1162510 1512.1
1162520 1509.8
1162530 1509.8
1162540 1506.3
1162550 1502.8
1162560 1502.8
1162570 1499.3
1162580 1495.0
1162590 1495.0
1162600 1490.0
1162610 1485.0
1162620 1480.1
1162630 1480.1
1162640 1475.7
1162650 1471.9
1162660 1471.9
1162670 1467.9
1162680 1463.7
1162690 1463.7
1162700 1460.0
1162710 1457.2
1162720 1457.2
1162730 1453.9
1162740 1449.9
1162750 1449.9
1162760 1445.7
1162770 1441.1
1162780 1441.1
1162790 1436.7
1162800 1433.4
1162810 1433.4
1162820 1430.0
1162830 1425.8
1162840 1423.3
1162850 1419.2
1162860 1415.5
1162870 1415.5
1162880 1412.2
1162890 1408.5
1162900 1408.5
1162910 1404.9
1162920 1401.9
1162930 1401.9
1162940 1399.6
1162950 1397.0
1162960 1397.0
1162970 1393.4
1162980 1389.6
1162990 1386.1
1163000 1386.1
1163010 1383.6
1163020 1381.4
1163030 1381.4
1163040 1378.7
1163050 1380.5
1163060 1380.5
1163070 1385.2
1163080 1387.5
1163090 1387.5
1163100 1388.5
1163110 1388.9
1163120 1388.9
1163130 1390.0
1163140 1392.1
1163150 1392.1
1163160 1394.6
1163170 1396.6
1163180 1396.6
1163190 1398.8
1163200 1399.8
1163210 1399.8
1163220 1400.2
1163230 1401.7
1163240 1402.4
1163250 1404.2
1163260 1404.4
1163270 1404.4
1163280 1403.0
1163290 1403.0
1163300 1403.0
1163310 1403.2
1163320 1404.9
1163330 1407.5
1163340 1407.5
1163350 1409.8
1163360 1412.1
1163370 1412.1
1163380 1414.7
1163390 1417.4
1163400 1417.4
1163410 1420.4
1163420 1423.6
1163430 1423.6
1163440 1426.8
1163450 1429.9
1163460 1429.9
1163470 1433.3
1163480 1436.7
1163490 1436.7
1163500 1439.8
1163510 1443.3
1163520 1443.3
1163530 1446.9
1163540 1450.2
1163550 1450.2
1163560 1453.5
1163570 1457.2
1163580 1457.2
1163590 1461.5
1163600 1465.6
1163610 1465.6
1163620 1470.2
1163630 1476.9
1163640 1476.9
1163650 1481.5
1163660 1487.5
1163670 1493.6
1163680 1493.6
1163690 1499.1
1163700 1504.4
1163710 1504.4
1163720 1509.6
1163730 1515.0
1163740 1515.0
1163750 1520.6
1163760 1526.5
1163770 1526.5
1163780 1532.4
1163790 1538.9
1163800 1538.9
1163810 1545.1
1163820 1551.0
1163830 1551.0
1163840 1556.6
1163850 1561.3
1163860 1561.3
1163870 1565.2
1163880 1567.9
1163890 1567.9
1163900 1569.5
1163910 1569.8
1163920 1569.8
1163930 1567.0
1163940 1560.1
1163950 1560.1
1163960 1552.7
1163970 1546.0
1163980 1546.0
1163990 1540.1
1164000 1534.6
1164010 1534.6
1164020 1529.1
1164030 1524.2
1164040 1518.7
1164050 1518.7
1164060 1511.9
1164070 1505.4
1164080 1505.4
1164090 1499.3
1164100 1492.9
1164110 1492.9
1164120 1486.8
1164130 1481.0
1164140 1481.0
1164150 1475.1
1164160 1469.8
1164170 1469.8
1164180 1464.6
1164190 1459.6
1164200 1459.6
1164210 1455.4
1164220 1451.7
1164230 1451.7
1164240 1448.1
1164250 1444.8
1164260 1444.8
1164270 1442.1
1164280 1440.0
1164290 1440.0
1164300 1437.9
1164310 1436.3
1164320 1436.3
1164330 1434.4
1164340 1432.4
1164350 1432.4
1164360 1430.7
1164370 1428.3
1164380 1426.6
1164390 1426.6
1164400 1426.7
1164410 1427.8
1164420 1427.8
1164430 1433.0
1164440 1432.7
1164450 1432.7
1164460 1433.6
1164470 1435.9
1164480 1435.9
1164490 1438.8
1164500 1441.2
1164510 1441.2
1164520 1443.9
1164530 1447.0
1164540 1447.0
1164550 1446.6
1164560 1442.5
1164570 1442.5
1164580 1440.3
1164590 1441.0
1164600 1441.0
1164610 1443.9
1164620 1447.7
1164630 1447.7
1164640 1447.1
1164650 1445.1
1164660 1445.1
1164670 1445.2
1164680 1446.9
1164690 1446.9
1164700 1450.5
1164710 1453.8
1164720 1453.8
1164730 1455.3
1164740 1454.8
1164750 1453.2
1164760 1453.2
1164770 1450.9
1164780 1452.1
1164790 1452.1
1164800 1455.6
1164810 1459.3
1164820 1459.3
1164830 1465.3
1164840 1469.7
1164850 1469.7
1164860 1474.9
1164870 1480.7
1164880 1480.7
1164890 1486.8
1164900 1492.9
1164910 1492.9
1164920 1498.9
1164930 1504.7
1164940 1504.7
1164950 1510.5
1164960 1516.5
1164970 1516.5
1164980 1522.8
1164990 1529.6
1165000 1529.6
1165010 1536.9
1165020 1543.8
1165030 1543.8
1165040 1550.1
1165050 1555.7
1165060 1555.7
1165070 1559.7
1165080 1561.9
1165090 1563.7
1165100 1563.7
1165110 1564.6
1165120 1564.7
1165130 1564.7
1165140 1564.4
1165150 1564.3
1165160 1564.3
1165170 1563.2
1165180 1560.6
1165190 1560.6
1165200 1557.2
1165210 1554.0
1165220 1554.0
1165230 1559.9
1165240 1556.8
1165250 1556.8
1165260 1553.1
1165270 1547.9
1165280 1547.9
1165290 1543.6
1165300 1539.5
1165310 1539.5
1165320 1534.7
1165330 1530.8
1165340 1530.8
1165350 1526.4
1165360 1518.0
1165370 1518.0
1165380 1509.6
1165390 1501.6
1165400 1501.6
1165410 1494.6
1165420 1488.9
1165430 1485.2
1165440 1485.2
1165450 1481.8
1165460 1477.7
1165470 1477.7
1165480 1473.0
1165490 1469.4
1165500 1469.4
1165510 1467.4
1165520 1465.2
1165530 1465.2
1165540 1461.7
1165550 1458.3
1165560 1458.3
1165570 1455.0
1165580 1451.9
1165590 1451.9
1165600 1448.9
1165610 1445.9
1165620 1445.9
1165630 1448.8
1165640 1449.4
1165650 1449.4
1165660 1450.8
1165670 1451.6
1165680 1451.6
1165690 1451.7
1165700 1450.6
1165710 1450.6
1165720 1449.1
1165730 1447.4
1165740 1447.4
1165750 1442.7
1165760 1439.8
1165770 1439.8
1165780 1438.3
1165790 1435.8
1165800 1434.0
1165810 1434.0
1165820 1431.9
1165830 1432.1
1165840 1432.1
1165850 1431.3
1165860 1430.3
1165870 1430.3
1165880 1429.8
1165890 1429.0
1165900 1429.0
1165910 1428.5
1165920 1427.6
1165930 1427.6
1165940 1426.3
1165950 1424.7
1165960 1424.7
1165970 1422.8
1165980 1421.0
1165990 1421.0
1166000 1419.4
1166010 1418.0
1166020 1418.0
1166030 1416.9
1166040 1414.6
1166050 1414.6
1166060 1413.3
1166070 1410.3
1166080 1410.3
1166090 1405.4
1166100 1399.9
1166110 1399.9
1166120 1395.1
1166130 1390.8
1166140 1387.1
1166150 1387.1
1166160 1383.2
1166170 1380.8
1166180 1380.8
1166190 1378.6
1166200 1376.5
1166210 1376.5
1166220 1374.9
1166230 1373.2
1166240 1373.2
1166250 1370.8
1166260 1368.2
1166270 1368.2
1166280 1364.3
1166290 1360.0
1166300 1360.0
1166310 1354.6
1166320 1352.3
1166330 1352.3
1166340 1350.6
1166350 1348.6
1166360 1348.6
1166370 1347.5
1166380 1345.3
1166390 1345.3
1166400 1344.0
1166410 1343.7
1166420 1343.7
1166430 1346.3
1166440 1343.7
1166450 1343.7
1166460 1341.9
1166470 1341.7
1166480 1341.6
1166490 1341.6
1166500 1341.9
1166510 1341.7
1166520 1341.7
1166530 1341.0
1166540 1338.9
1166550 1338.9
1166560 1336.9
1166570 1335.8
1166580 1335.8
1166590 1334.5
1166600 1332.3
1166610 1332.3
1166620 1330.3
1166630 1328.0
1166640 1328.0
1166650 1326.0
1166660 1324.1
1166670 1324.1
1166680 1322.0
1166690 1319.8
1166700 1319.8
1166710 1318.3
1166720 1316.6
1166730 1316.6
1166740 1314.8
1166750 1312.8
1166760 1312.8
1166770 1310.5
1166780 1308.0
1166790 1308.0
1166800 1304.9
1166810 1302.4
1166820 1302.4
1166830 1300.1
1166840 1302.3
1166850 1300.0
1166860 1300.0
1166870 1299.2
1166880 1297.9
1166890 1297.9
1166900 1296.3
1166910 1294.7
1166920 1294.7
1166930 1293.5
1166940 1292.7
1166950 1292.7
1166960 1292.2
1166970 1290.8
1166980 1290.8
1166990 1288.3
1167000 1285.0
1167010 1285.0
1167020 1281.5
1167030 1278.4
1167040 1278.4
1167050 1275.6
1167060 1274.1
1167070 1274.1
1167080 1273.7
1167090 1273.7
1167100 1273.7
1167110 1274.0
1167120 1274.0
1167130 1274.0
1167140 1274.0
1167150 1273.9
1167160 1273.9
1167170 1273.3
1167180 1272.4
1167190 1271.2
1167200 1271.2
1167210 1269.8
1167220 1268.0
1167230 1268.0
1167240 1268.1
1167250 1266.0
1167260 1266.0
1167270 1263.5
1167280 1261.8
1167290 1261.8
1167300 1260.2
1167310 1258.7
1167320 1258.7
1167330 1258.3
1167340 1258.0
1167350 1258.0
1167360 1258.1
1167370 1259.3
1167380 1259.3
1167390 1258.1
1167400 1256.7
1167410 1256.7
1167420 1256.4
1167430 1256.4
1167440 1256.4
1167450 1256.5
1167460 1256.6
1167470 1256.6
1167480 1256.5
1167490 1256.6
1167500 1256.6
1167510 1257.8
1167520 1258.8
1167530 1258.8
1167540 1258.8
1167550 1258.0
1167560 1256.4
1167570 1256.4
1167580 1254.5
1167590 1253.4
1167600 1253.4
1167610 1251.4
1167620 1249.1
1167630 1249.1
1167640 1247.3
1167650 1245.2
1167660 1245.2
1167670 1243.8
1167680 1242.6
1167690 1242.6
1167700 1241.1
1167710 1239.7
1167720 1239.7
1167730 1239.0
1167740 1237.7
1167750 1237.7
1167760 1237.0
1167770 1236.1
1167780 1236.1
1167790 1234.6
1167800 1232.8
1167810 1232.8
1167820 1231.9
1167830 1231.4
1167840 1231.4
1167850 1231.7
1167860 1232.7
1167870 1232.7
1167880 1234.5
1167890 1234.6
1167900 1233.6
1167910 1233.6
1167920 1232.1
1167930 1231.1
1167940 1231.1
1167950 1230.2
1167960 1228.4
1167970 1228.4
1167980 1227.3
1167990 1226.8
1168000 1226.8
1168010 1226.7
1168020 1226.8
1168030 1226.8
1168040 1226.9
1168050 1228.4
1168060 1228.4
1168070 1228.8
1168080 1227.6
1168090 1227.6
1168100 1227.9
1168110 1226.9
1168120 1226.9
1168130 1225.8
1168140 1224.1
1168150 1224.1
1168160 1224.0
1168170 1224.2
1168180 1224.2
1168190 1222.8
1168200 1220.3
1168210 1220.3
1168220 1218.6
1168230 1218.2
1168240 1217.3
1168250 1217.3
1168260 1213.7
1168270 1209.4
1168280 1209.4
1168290 1206.0
1168300 1205.6
1168310 1205.6
1168320 1206.3
1168330 1207.4
1168340 1207.4
1168350 1206.5
1168360 1201.1
1168370 1201.1
1168380 1196.4
1168390 1192.1
1168400 1192.1
1168410 1188.5
1168420 1185.1
1168430 1185.1
1168440 1182.5
1168450 1186.8
1168460 1186.8
1168470 1188.1
1168480 1187.6
1168490 1187.6
1168500 1186.0
1168510 1182.9
1168520 1182.9
1168530 1179.5
1168540 1177.1
1168550 1177.1
1168560 1173.9
1168570 1172.9
1168580 1174.7
1168590 1174.7
1168600 1180.2
1168610 1184.8
1168620 1184.8
1168630 1187.3
1168640 1189.3
1168650 1189.3
1168660 1192.2
1168670 1195.6
1168680 1195.6
1168690 1198.8
1168700 1200.7
1168710 1200.7
1168720 1201.8
1168730 1203.3
1168740 1203.3
1168750 1205.7
1168760 1207.1
1168770 1207.1
1168780 1207.9
1168790 1207.6
1168800 1207.6
1168810 1209.3
1168820 1212.1
1168830 1212.1
1168840 1214.3
1168850 1219.8
1168860 1219.8
1168870 1220.8
1168880 1221.7
1168890 1221.7
1168900 1222.5
1168910 1221.9
1168920 1221.9
1168930 1221.0
1168940 1222.2
1168950 1224.3
1168960 1224.3
1168970 1226.9
1168980 1229.6
1168990 1229.6
1169000 1232.1
1169010 1234.7
1169020 1234.7
1169030 1236.6
1169040 1237.4
1169050 1237.4
1169060 1237.9
1169070 1238.5
1169080 1238.5
1169090 1238.9
1169100 1239.5
1169110 1239.5
1169120 1239.4
1169130 1239.1
1169140 1239.1
1169150 1239.1
1169160 1239.3
1169170 1239.3
1169180 1239.7
1169190 1240.0
1169200 1240.0
1169210 1239.6
1169220 1238.4
1169230 1238.4
1169240 1237.0
1169250 1236.2
1169260 1242.1
1169270 1241.9
1169280 1242.0
1169290 1241.9
1169300 1241.9
1169310 1241.4
1169320 1240.7
1169330 1240.7
1169340 1239.4
1169350 1237.7
1169360 1237.7
1169370 1235.2
1169380 1232.8
1169390 1232.8
1169400 1230.1
1169410 1227.4
1169420 1227.4
1169430 1224.2
1169440 1220.3
1169450 1220.3
1169460 1215.3
1169470 1209.4
1169480 1209.4
1169490 1205.7
1169500 1202.9
1169510 1202.9
1169520 1200.3
1169530 1198.3
1169540 1198.3
1169550 1195.8
1169560 1193.1
1169570 1193.1
1169580 1190.7
1169590 1188.6
1169600 1188.6
1169610 1186.4
1169620 1184.6
1169630 1183.2
1169640 1183.2
1169650 1182.0
1169660 1179.9
1169670 1183.3
1169680 1180.6
1169690 1178.7
1169700 1178.7
1169710 1176.6
1169720 1174.1
1169730 1174.1
1169740 1171.3
1169750 1168.9
1169760 1168.9
1169770 1167.0
1169780 1164.8
1169790 1164.8
1169800 1162.8
1169810 1161.3
1169820 1161.3
1169830 1159.6
1169840 1157.1
1169850 1157.1
1169860 1154.5
1169870 1152.1
1169880 1152.1
1169890 1150.1
1169900 1148.3
1169910 1148.3
1169920 1146.1
1169930 1142.8
1169940 1142.8
1169950 1139.4
1169960 1136.1
1169970 1136.1
1169980 1132.8
1169990 1129.9
1170000 1126.9
1170010 1126.9
1170020 1125.0
1170030 1121.3
1170040 1121.3
1170050 1118.4
1170060 1115.8
1170070 1117.5
1170080 1115.0
1170090 1113.3
1170100 1113.3
1170110 1113.0
1170120 1114.1
1170130 1114.1
1170140 1116.4
1170150 1118.1
1170160 1118.1
1170170 1119.0
1170180 1118.8
1170190 1118.8
1170200 1118.1
1170210 1117.8
1170220 1117.8
1170230 1117.3
1170240 1115.9
1170250 1115.9
1170260 1114.3
1170270 1113.1
1170280 1113.1
1170290 1110.7
1170300 1108.9
1170310 1108.9
1170320 1106.9
1170330 1104.0
1170340 1101.6
1170350 1101.6
1170360 1100.5
1170370 1099.9
1170380 1099.9
1170390 1099.6
1170400 1099.1
1170410 1099.1
1170420 1098.7
1170430 1098.4
1170440 1098.4
1170450 1098.3
1170460 1098.3
1170470 1098.3
1170480 1098.4
1170490 1098.4
1170500 1098.4
1170510 1098.5
1170520 1098.5
1170530 1098.5
1170540 1098.7
1170550 1098.9
1170560 1098.9
1170570 1099.0
1170580 1099.0
1170590 1099.0
1170600 1099.1
1170610 1099.3
1170620 1099.3
1170630 1099.3
1170640 1099.2
1170650 1099.2
1170660 1099.1
1170670 1099.3
1170680 1099.4
1170690 1099.4
1170700 1099.5
1170710 1099.6
1170720 1099.6
1170730 1099.8
1170740 1100.0
1170750 1100.0
1170760 1100.1
1170770 1100.2
1170780 1100.2
1170790 1100.3
1170800 1100.3
1170810 1100.3
1170820 1100.2
1170830 1100.6
1170840 1100.6
1170850 1100.8
1170860 1100.9
1170870 1100.9
1170880 1101.2
1170890 1101.5
1170900 1101.5
1170910 1101.7
1170920 1102.3
1170930 1102.3
1170940 1102.0
1170950 1101.8
1170960 1101.8
1170970 1100.9
1170980 1099.8
1170990 1099.8
1171000 1101.4
1171010 1101.5
1171020 1101.5
1171030 1101.7
1171040 1101.9
1171050 1101.9
1171060 1101.9
1171070 1102.1
1171080 1102.0
1171090 1102.0
1171100 1102.0
1171110 1102.1
1171120 1102.1
1171130 1102.2
1171140 1102.2
1171150 1102.2
1171160 1102.1
1171170 1102.0
1171180 1102.0
1171190 1102.0
1171200 1102.2
1171210 1102.2
1171220 1102.5
1171230 1102.7
1171240 1102.7
1171250 1103.1
1171260 1103.4
1171270 1103.4
1171280 1103.6
1171290 1103.8
1171300 1103.8
1171310 1104.0
1171320 1104.3
1171330 1104.3
1171340 1104.6
1171350 1105.2
1171360 1105.2
1171370 1106.0
1171380 1106.7
1171390 1107.0
1171400 1107.0
1171410 1107.1
1171420 1107.7
1171430 1107.7
1171440 1108.8
1171450 1110.2
1171460 1110.2
1171470 1111.1
1171480 1111.7
1171490 1111.7
1171500 1112.1
1171510 1112.4
1171520 1112.4
1171530 1112.7
1171540 1113.3
1171550 1113.3
1171560 1114.2
1171570 1115.0
1171580 1115.0
1171590 1115.8
1171600 1116.8
1171610 1116.8
1171620 1118.1
1171630 1119.2
1171640 1119.2
1171650 1120.4
1171660 1121.7
1171670 1121.7
1171680 1123.2
1171690 1124.7
1171700 1125.3
1171710 1126.8
1171720 1128.5
1171730 1130.0
1171740 1130.0
1171750 1131.6
1171760 1133.1
1171770 1133.1
1171780 1134.7
1171790 1136.2
1171800 1136.2
1171810 1137.9
1171820 1139.6
1171830 1139.6
1171840 1141.0
1171850 1143.2
1171860 1143.2
1171870 1146.2
1171880 1150.3
1171890 1150.3
1171900 1154.3
1171910 1158.3
1171920 1158.3
1171930 1161.9
1171940 1165.4
1171950 1165.4
1171960 1168.1
1171970 1169.7
1171980 1169.7
1171990 1170.4
1172000 1170.3
1172010 1170.3
1172020 1169.2
1172030 1167.9
1172040 1167.9
1172050 1166.7
1172060 1164.8
1172070 1164.8
1172080 1162.0
1172090 1159.5
1172100 1158.0
1172110 1160.2
1172120 1159.1
1172130 1157.5
1172140 1157.5
1172150 1157.4
1172160 1158.8
1172170 1158.8
1172180 1159.8
1172190 1160.5
1172200 1160.5
1172210 1161.2
1172220 1161.9
1172230 1161.9
1172240 1162.7
1172250 1163.9
1172260 1163.9
1172270 1165.7
1172280 1167.9
1172290 1167.9
1172300 1170.2
1172310 1172.9
1172320 1172.9
1172330 1176.1
1172340 1179.2
1172350 1179.2
1172360 1181.4
1172370 1182.6
1172380 1182.6
1172390 1182.8
1172400 1182.5
1172410 1182.5
1172420 1182.4
1172430 1182.3
1172440 1182.7
1172450 1182.7
1172460 1182.8
1172470 1182.2
1172480 1182.2
1172490 1181.3
1172500 1181.0
1172510 1181.0
1172520 1186.0
1172530 1186.6
1172540 1186.6
1172550 1186.4
1172560 1185.7
1172570 1185.7
1172580 1185.5
1172590 1185.6
1172600 1185.6
1172610 1185.8
1172620 1185.7
1172630 1185.7
1172640 1185.6
1172650 1185.6
1172660 1185.6
1172670 1185.7
1172680 1185.8
1172690 1185.8
1172700 1185.4
1172710 1184.5
1172720 1184.5
1172730 1183.3
1172740 1183.0
1172750 1183.0
1172760 1184.1
1172770 1184.6
1172780 1184.6
1172790 1184.6
1172800 1184.4
1172810 1183.8
1172820 1183.8
1172830 1182.7
1172840 1181.2
1172850 1181.2
1172860 1179.7
1172870 1177.9
1172880 1177.9
1172890 1176.3
1172900 1174.9
1172910 1174.9
1172920 1174.1
1172930 1176.3
1172940 1176.3
1172950 1174.2
1172960 1172.4
1172970 1172.4
1172980 1170.6
1172990 1169.9
1173000 1169.9
1173010 1170.3
1173020 1170.3
1173030 1170.3
1173040 1170.5
1173050 1171.5
1173060 1171.5
1173070 1171.2
1173080 1169.4
1173090 1169.4
1173100 1169.4
1173110 1169.1
1173120 1169.1
1173130 1167.5
1173140 1168.4
1173150 1171.9
1173160 1171.9
1173170 1174.5
1173180 1175.0
1173190 1175.0
1173200 1174.7
1173210 1172.8
1173220 1172.8
1173230 1168.3
1173240 1163.7
1173250 1163.7
1173260 1160.0
1173270 1157.2
1173280 1157.2
1173290 1155.7
1173300 1153.4
1173310 1153.4
1173320 1152.6
1173330 1155.0
1173340 1156.2
1173350 1156.7
1173360 1156.1
1173370 1156.1
1173380 1154.6
1173390 1154.0
1173400 1154.0
1173410 1153.0
1173420 1152.0
1173430 1152.0
1173440 1150.8
1173450 1149.0
1173460 1149.0
1173470 1147.9
1173480 1146.9
1173490 1144.5
1173500 1144.5
1173510 1142.5
1173520 1141.4
1173530 1141.4
1173540 1140.0
1173550 1138.6
1173560 1138.6
1173570 1137.1
1173580 1135.3
1173590 1135.3
1173600 1133.5
1173610 1131.6
1173620 1131.6
1173630 1129.9
1173640 1128.1
1173650 1128.1
1173660 1126.7
1173670 1125.2
1173680 1125.2
1173690 1123.8
1173700 1122.2
1173710 1122.2
1173720 1120.8
1173730 1119.3
1173740 1119.3
1173750 1119.3
1173760 1118.5
1173770 1118.5
1173780 1117.8
1173790 1117.2
1173800 1117.2
1173810 1116.8
1173820 1116.5
1173830 1117.0
1173840 1117.0
1173850 1117.6
1173860 1117.3
1173870 1117.3
1173880 1116.9
1173890 1116.7
1173900 1116.7
1173910 1117.4
1173920 1118.2
1173930 1118.2
1173940 1118.4
1173950 1118.4
1173960 1118.4
1173970 1117.8
1173980 1117.3
1173990 1117.3
1174000 1117.1
1174010 1117.1
1174020 1117.1
1174030 1117.2
1174040 1117.4
1174050 1117.4
1174060 1117.8
1174070 1118.7
1174080 1118.7
1174090 1118.4
1174100 1116.9
1174110 1116.9
1174120 1114.9
1174130 1112.7
1174140 1112.7
1174150 1111.4
1174160 1111.6
1174170 1111.4
1174180 1111.4
1174190 1111.2
1174200 1111.2
1174210 1111.2
1174220 1111.0
1174230 1110.8
1174240 1110.8
1174250 1110.8
1174260 1110.7
1174270 1110.7
1174280 1110.6
1174290 1109.4
1174300 1109.4
1174310 1108.9
1174320 1108.9
1174330 1108.9
1174340 1108.8
1174350 1108.7
1174360 1108.7
1174370 1108.6
1174380 1108.8
1174390 1108.8
1174400 1109.0
1174410 1108.9
1174420 1108.9
1174430 1109.2
1174440 1109.3
1174450 1109.3
1174460 1109.5
1174470 1109.8
1174480 1109.8
1174490 1109.9
1174500 1110.2
1174510 1110.2
1174520 1110.8
1174530 1111.6
1174540 1112.0
1174550 1112.0
1174560 1112.3
1174570 1112.6
1174580 1112.6
1174590 1113.1
1174600 1113.0
1174610 1113.0
1174620 1112.7
1174630 1112.6
1174640 1112.6
1174650 1112.8
1174660 1113.1
1174670 1113.1
1174680 1113.3
1174690 1113.6
1174700 1113.6
1174710 1114.0
1174720 1114.4
1174730 1114.4
1174740 1114.5
1174750 1114.1
1174760 1114.1
1174770 1113.5
1174780 1112.7
1174790 1112.7
1174800 1112.3
1174810 1112.0
1174820 1112.0
1174830 1112.0
1174840 1112.0
1174850 1112.0
1174860 1112.0
1174870 1112.1
1174880 1112.3
1174890 1112.3
1174900 1112.8
1174910 1113.6
1174920 1113.6
1174930 1114.9
1174940 1115.8
1174950 1115.8
1174960 1114.9
1174970 1113.9
1174980 1113.9
1174990 1113.8
1175000 1113.4
1175010 1113.4
1175020 1113.4
1175030 1113.8
1175040 1113.8
1175050 1114.6
1175060 1114.9
1175070 1114.9
1175080 1115.0
1175090 1115.0
1175100 1115.0
1175110 1114.7
1175120 1114.1
1175130 1114.1
1175140 1114.3
1175150 1114.5
1175160 1114.5
1175170 1114.8
1175180 1115.1
1175190 1115.1
1175200 1115.3
1175210 1115.5
1175220 1115.8
1175230 1115.8
1175240 1116.1
1175250 1116.4
1175260 1116.4
1175270 1116.8
1175280 1117.2
1175290 1117.2
1175300 1117.5
1175310 1117.6
1175320 1117.6
1175330 1117.9
1175340 1118.1
1175350 1118.1
1175360 1118.6
1175370 1118.8
1175380 1118.8
1175390 1119.0
1175400 1119.7
1175410 1119.7
1175420 1120.1
1175430 1120.2
1175440 1120.2
1175450 1120.4
1175460 1120.3
1175470 1120.3
1175480 1120.0
1175490 1119.7
1175500 1119.7
1175510 1119.5
1175520 1119.5
1175530 1119.5
1175540 1119.5
1175550 1119.6
1175560 1119.6
1175570 1119.6
1175580 1119.6
1175590 1119.6
1175600 1119.6
1175610 1119.5
1175620 1119.3
1175630 1119.3
1175640 1119.1
1175650 1119.0
1175660 1119.0
1175670 1118.8
1175680 1118.5
1175690 1118.5
1175700 1118.3
1175710 1118.0
1175720 1118.0
1175730 1117.7
1175740 1117.6
1175750 1117.6
1175760 1117.5
1175770 1117.4
1175780 1117.4
1175790 1117.6
1175800 1117.7
1175810 1117.5
1175820 1118.0
1175830 1120.4
1175840 1120.4
1175850 1123.4
1175860 1125.6
1175870 1125.6
1175880 1126.5
1175890 1126.8
1175900 1126.8
1175910 1126.8
1175920 1127.0
1175930 1127.3
1175940 1127.3
1175950 1127.6
1175960 1128.2
1175970 1128.2
1175980 1128.8
1175990 1129.4
1176000 1129.4
1176010 1130.5
1176020 1132.0
1176030 1132.0
1176040 1133.8
1176050 1135.4
1176060 1135.4
1176070 1136.9
1176080 1138.4
1176090 1138.4
1176100 1139.8
1176110 1141.4
1176120 1141.4
1176130 1142.8
1176140 1144.5
1176150 1144.5
1176160 1146.4
1176170 1148.7
1176180 1148.7
1176190 1151.8
1176200 1154.5
1176210 1154.5
1176220 1157.2
1176230 1153.7
1176240 1153.7
1176250 1157.4
1176260 1162.8
1176270 1170.4
1176280 1170.4
1176290 1175.4
1176300 1174.1
1176310 1174.1
1176320 1171.0
1176330 1168.1
1176340 1168.1
1176350 1167.2
1176360 1167.0
1176370 1167.0
1176380 1166.7
1176390 1166.4
1176400 1166.4
1176410 1166.4
1176420 1166.3
1176430 1166.3
1176440 1167.0
1176450 1166.9
1176460 1166.9
1176470 1166.8
1176480 1167.4
1176490 1167.4
1176500 1168.1
1176510 1169.0
1176520 1169.0
1176530 1170.7
1176540 1172.3
1176550 1172.3
1176560 1174.0
1176570 1176.1
1176580 1176.1
1176590 1178.7
1176600 1182.1
1176610 1182.1
1176620 1186.2
1176630 1190.0
1176640 1188.6
1176650 1188.6
1176660 1191.5
1176670 1193.9
1176680 1193.9
1176690 1196.5
1176700 1199.3
1176710 1199.3
1176720 1202.5
1176730 1205.5
1176740 1205.5
1176750 1207.4
1176760 1208.4
1176770 1208.4
1176780 1209.2
1176790 1211.8
1176800 1211.8
1176810 1215.5
1176820 1218.9
1176830 1218.9
1176840 1221.9
1176850 1224.5
1176860 1224.5
1176870 1226.9
1176880 1229.1
1176890 1229.1
1176900 1231.0
1176910 1231.8
1176920 1231.8
1176930 1232.4
1176940 1236.5
1176950 1236.5
1176960 1240.8
1176970 1243.5
1176980 1246.2
1176990 1246.2
1177000 1248.8
1177010 1251.1
1177020 1251.1
1177030 1253.2
1177040 1255.4
1177050 1255.4
1177060 1250.1
1177070 1252.1
1177080 1252.1
1177090 1253.8
1177100 1255.2
1177110 1255.2
1177120 1257.1
1177130 1258.5
1177140 1258.5
1177150 1258.9
1177160 1265.2
1177170 1265.2
1177180 1270.7
1177190 1273.5
1177200 1273.5
1177210 1275.3
1177220 1277.3
1177230 1277.3
1177240 1279.6
1177250 1280.9
1177260 1280.9
1177270 1281.3
1177280 1283.9
1177290 1283.9
1177300 1287.0
1177310 1287.0
1177320 1285.4
1177330 1285.4
1177340 1283.3
1177350 1281.6
1177360 1281.6
1177370 1275.6
1177380 1263.1
1177390 1263.1
1177400 1258.9
1177410 1256.5
1177420 1256.5
1177430 1255.4
1177440 1255.4
1177450 1255.4
1177460 1255.8
1177470 1255.6
1177480 1247.1
1177490 1247.0
1177500 1246.3
1177510 1246.3
1177520 1244.8
1177530 1243.4
1177540 1243.4
1177550 1241.0
1177560 1237.6
1177570 1237.6
1177580 1237.6
1177590 1235.8
1177600 1235.8
1177610 1231.6
1177620 1227.8
1177630 1227.8
1177640 1228.1
1177650 1227.6
1177660 1227.4
1177670 1227.4
1177680 1226.8
1177690 1225.4
1177700 1225.4
1177710 1225.5
1177720 1225.8
1177730 1225.8
1177740 1225.7
1177750 1224.9
1177760 1224.9
1177770 1225.2
1177780 1224.8
1177790 1224.8
1177800 1224.3
1177810 1222.5
1177820 1222.5
1177830 1221.9
1177840 1223.7
1177850 1223.7
1177860 1224.6
1177870 1224.7
1177880 1224.7
1177890 1217.7
1177900 1218.2
1177910 1218.2
1177920 1217.8
1177930 1218.0
1177940 1218.0
1177950 1219.6
1177960 1220.2
1177970 1220.2
1177980 1219.6
1177990 1218.6
1178000 1218.6
1178010 1218.8
1178020 1219.7
1178030 1220.4
1178040 1220.4
1178050 1220.7
1178060 1221.4
1178070 1221.4
1178080 1222.6
1178090 1224.0
1178100 1224.0
1178110 1225.4
1178120 1227.2
1178130 1227.2
1178140 1228.5
1178150 1229.1
1178160 1229.1
1178170 1228.6
1178180 1231.7
1178190 1231.7
1178200 1233.3
1178210 1233.8
1178220 1233.8
1178230 1234.9
1178240 1235.8
1178250 1235.8
1178260 1235.8
1178270 1234.9
1178280 1234.9
1178290 1234.0
1178300 1233.3
1178310 1228.0
1178320 1227.1
1178330 1234.4
1178340 1234.4
1178350 1237.3
1178360 1237.6
1178370 1238.3
1178380 1238.3
1178390 1241.8
1178400 1247.8
1178410 1247.8
1178420 1249.4
1178430 1248.1
1178440 1248.1
1178450 1247.9
1178460 1251.7
1178470 1251.7
1178480 1254.4
1178490 1252.9
1178500 1252.9
1178510 1253.4
1178520 1252.9
1178530 1252.9
1178540 1250.8
1178550 1243.6
1178560 1243.6
1178570 1252.3
1178580 1255.2
1178590 1255.2
1178600 1257.8
1178610 1259.3
1178620 1259.3
1178630 1260.2
1178640 1260.1
1178650 1260.1
1178660 1258.8
1178670 1257.5
1178680 1257.5
1178690 1256.7
1178700 1254.9
1178710 1254.6
1178720 1254.6
1178730 1252.6
1178740 1253.9
1178750 1253.9
1178760 1254.8
1178770 1256.4
1178780 1256.4
1178790 1257.6
1178800 1259.7
1178810 1259.7
1178820 1261.6
1178830 1263.4
1178840 1263.4
1178850 1264.8
1178860 1265.7
1178870 1265.7
1178880 1267.0
1178890 1268.4
1178900 1268.4
1178910 1270.4
1178920 1272.4
1178930 1272.4
1178940 1274.2
1178950 1275.8
1178960 1275.8
1178970 1278.1
1178980 1278.8
1178990 1278.8
1179000 1274.7
1179010 1269.7
1179020 1269.7
1179030 1268.1
1179040 1266.7
1179050 1266.7
1179060 1267.4
1179070 1269.0
1179080 1270.4
1179090 1270.4
1179100 1271.4
1179110 1273.7
1179120 1273.7
1179130 1274.9
1179140 1269.5
1179150 1269.5
1179160 1271.5
1179170 1273.2
1179180 1273.2
1179190 1275.8
1179200 1278.4
1179210 1278.4
1179220 1280.2
1179230 1281.6
1179240 1281.6
1179250 1282.5
1179260 1282.0
1179270 1282.0
1179280 1276.5
1179290 1270.0
1179300 1270.0
1179310 1267.4
1179320 1268.9
1179330 1268.9
1179340 1269.0
1179350 1265.6
1179360 1265.6
1179370 1265.1
1179380 1267.1
1179390 1267.1
1179400 1273.6
1179410 1283.0
1179420 1287.9
1179430 1287.9
1179440 1289.9
1179450 1290.2
1179460 1290.2
1179470 1294.4
1179480 1301.6
1179490 1301.6
1179500 1308.4
1179510 1309.3
1179520 1309.3
1179530 1303.9
1179540 1301.3
1179550 1301.3
1179560 1302.8
1179570 1305.9
1179580 1305.9
1179590 1307.5
1179600 1311.5
1179610 1311.5
1179620 1320.0
1179630 1328.9
1179640 1328.9
1179650 1334.8
1179660 1334.9
1179670 1334.9
1179680 1331.4
1179690 1330.9
1179700 1330.9
1179710 1331.0
1179720 1331.6
1179730 1331.6
1179740 1336.9
1179750 1343.5
1179760 1348.7
1179770 1348.7
1179780 1353.5
1179790 1360.1
1179800 1360.1
1179810 1367.2
1179820 1373.7
1179830 1373.7
1179840 1378.1
1179850 1379.4
1179860 1379.4
1179870 1380.1
1179880 1381.3
1179890 1381.3
1179900 1383.1
1179910 1385.5
1179920 1385.5
1179930 1388.5
1179940 1389.7
1179950 1389.7
1179960 1389.7
1179970 1391.0
1179980 1385.4
1179990 1389.2
