1161040 1615.5
1161050 1618.8
1161060 1618.8
1161070 1622.0
1161080 1624.8
1161090 1624.8
1161100 1626.9
1161110 1627.7
1161120 1627.7
1161130 1627.6
1161140 1626.9
1161150 1626.9
1161160 1625.3
1161170 1624.3
1161180 1624.3
1161190 1624.3
1161200 1624.6
1161210 1624.6
1161220 1624.7
1161230 1626.0
1161240 1626.0
1161250 1628.3
1161260 1630.5
1161270 1630.5
1161280 1632.0
1161290 1634.6
1161300 1634.6
1161310 1636.8
1161320 1639.4
1161330 1639.4
1161340 1642.0
1161350 1644.5
1161360 1647.4
1161370 1647.4
1161380 1650.6
1161390 1653.4
1161400 1653.4
1161410 1656.0
1161420 1658.6
1161430 1658.6
1161440 1661.4
1161450 1664.3
1161460 1664.3
1161470 1667.0
1161480 1669.5
1161490 1669.5
1161500 1672.0
1161510 1674.3
1161520 1674.3
1161530 1676.7
1161540 1679.1
1161550 1679.1
1161560 1681.2
1161570 1683.4
1161580 1683.4
1161590 1685.5
1161600 1687.3
1161610 1687.3
1161620 1689.2
1161630 1690.7
1161640 1690.7
1161650 1692.2
1161660 1693.6
1161670 1693.6
1161680 1694.6
1161690 1697.0
1161700 1697.8
1161710 1697.8
1161720 1698.7
1161730 1699.3
1161740 1699.3
1161750 1700.0
1161760 1700.1
1161770 1700.1
1161780 1699.8
1161790 1699.3
1161800 1699.3
1161810 1698.9
1161820 1698.6
1161830 1698.6
1161840 1698.7
1161850 1699.1
1161860 1699.1
1161870 1698.8
1161880 1698.3
1161890 1698.3
1161900 1697.9
1161910 1695.1
1161920 1695.1
1161930 1689.2
1161940 1683.5
1161950 1683.5
1161960 1679.4
1161970 1676.4
1161980 1676.4
1161990 1674.0
1162000 1669.3
1162010 1669.3
1162020 1659.8
1162030 1649.7
1162040 1641.1
1162050 1641.1
1162060 1633.9
1162070 1627.4
1162080 1627.4
1162090 1620.1
1162100 1614.8
1162110 1614.8
1162120 1609.5
1162130 1603.9
1162140 1603.9
1162150 1597.8
1162160 1591.2
1162170 1591.2
1162180 1583.6
1162190 1576.4
1162200 1576.4
1162210 1570.0
1162220 1563.9
1162230 1563.9
1162240 1559.2
1162250 1555.2
1162260 1555.2
1162270 1550.7
1162280 1545.8
1162290 1545.8
1162300 1540.7
1162310 1535.0
1162320 1535.0
1162330 1529.4
1162340 1524.5
1162350 1524.5
1162360 1520.1
1162370 1515.9
1162380 1515.9
1162390 1511.9
1162400 1507.8
1162410 1503.5
1162420 1503.5
1162430 1499.2
1162440 1495.0
1162450 1495.0
1162460 1490.9
1162470 1486.8
1162480 1487.9
1162490 1483.8
1162500 1479.7
1162510 1479.7
1162520 1475.9
1162530 1472.0
1162540 1472.0
1162550 1468.4
1162560 1464.9
1162570 1464.9
1162580 1462.1
1162590 1458.9
1162600 1458.9
1162610 1455.6
1162620 1452.6
1162630 1452.6
1162640 1450.2
1162650 1448.2
1162660 1448.2
1162670 1446.0
1162680 1443.7
1162690 1443.7
1162700 1441.6
1162710 1439.5
1162720 1439.5
1162730 1437.8
1162740 1436.0
1162750 1434.3
1162760 1434.3
1162770 1433.9
1162780 1433.9
1162790 1433.9
1162800 1433.1
1162810 1432.3
1162820 1432.3
1162830 1430.4
1162840 1431.5
1162850 1431.5
1162860 1434.7
1162870 1436.8
1162880 1440.2
1162890 1440.7
1162900 1439.8
1162910 1439.8
1162920 1437.5
1162930 1435.4
1162940 1435.4
1162950 1434.2
1162960 1434.7
1162970 1434.7
1162980 1436.7
1162990 1440.2
1163000 1440.2
1163010 1442.5
1163020 1443.7
1163030 1443.7
1163040 1443.7
1163050 1443.4
1163060 1443.4
1163070 1443.8
1163080 1445.6
1163090 1448.0
1163100 1448.0
1163110 1451.5
1163120 1455.3
1163130 1455.3
1163140 1457.2
1163150 1458.1
1163160 1458.1
1163170 1458.7
1163180 1458.1
1163190 1458.1
1163200 1456.9
1163210 1458.0
1163220 1458.0
1163230 1460.0
1163240 1461.1
1163250 1461.1
1163260 1462.5
1163270 1464.9
1163280 1469.7
1163290 1473.3
1163300 1477.0
1163310 1477.0
1163320 1481.0
1163330 1484.5
1163340 1484.5
1163350 1486.7
1163360 1488.1
1163370 1488.1
1163380 1490.3
1163390 1493.1
1163400 1493.1
1163410 1496.8
1163420 1501.4
1163430 1501.4
1163440 1506.7
1163450 1510.9
1163460 1514.7
1163470 1514.7
1163480 1517.1
1163490 1520.1
1163500 1520.1
1163510 1524.9
1163520 1530.4
1163530 1530.4
1163540 1536.7
1163550 1543.9
1163560 1543.9
1163570 1552.5
1163580 1560.2
1163590 1560.2
1163600 1566.8
1163610 1575.3
1163620 1575.3
1163630 1584.2
1163640 1595.4
1163650 1595.4
1163660 1606.4
1163670 1618.0
1163680 1623.1
1163690 1633.0
1163700 1642.9
1163710 1642.9
1163720 1650.5
1163730 1657.2
1163740 1657.2
1163750 1664.9
1163760 1672.6
1163770 1672.6
1163780 1678.3
1163790 1680.3
1163800 1681.4
1163810 1681.4
1163820 1684.1
1163830 1678.0
1163840 1678.0
1163850 1668.4
1163860 1659.7
1163870 1659.7
1163880 1651.6
1163890 1643.2
1163900 1643.2
1163910 1635.9
1163920 1629.0
1163930 1629.0
1163940 1621.9
1163950 1614.9
1163960 1614.9
1163970 1606.7
1163980 1599.0
1163990 1599.0
1164000 1591.9
1164010 1585.5
1164020 1585.5
1164030 1577.5
1164040 1567.1
1164050 1567.1
1164060 1559.4
1164070 1558.1
1164080 1558.1
1164090 1552.8
1164100 1548.0
1164110 1548.0
1164120 1543.4
1164130 1538.3
1164140 1533.3
1164150 1533.3
1164160 1528.8
1164170 1524.1
1164180 1524.1
1164190 1520.1
1164200 1516.2
1164210 1516.2
1164220 1512.4
1164230 1508.6
1164240 1508.6
1164250 1505.8
1164260 1504.3
1164270 1504.3
1164280 1503.4
1164290 1501.9
1164300 1501.9
1164310 1500.4
1164320 1498.0
1164330 1498.0
1164340 1493.6
1164350 1490.1
1164360 1490.1
1164370 1488.0
1164380 1487.0
1164390 1487.0
1164400 1487.6
1164410 1488.0
1164420 1488.0
1164430 1488.7
1164440 1487.5
1164450 1487.5
1164460 1489.3
1164470 1495.1
1164480 1495.1
1164490 1498.2
1164500 1500.2
1164510 1500.2
1164520 1500.2
1164530 1500.8
1164540 1501.4
1164550 1501.4
1164560 1503.2
1164570 1504.4
1164580 1504.4
1164590 1504.6
1164600 1504.4
1164610 1504.4
1164620 1503.7
1164630 1503.0
1164640 1503.0
1164650 1501.9
1164660 1503.6
1164670 1503.6
1164680 1506.5
1164690 1508.2
1164700 1508.2
1164710 1508.9
1164720 1510.2
1164730 1510.2
1164740 1512.7
1164750 1515.7
1164760 1515.7
1164770 1518.0
1164780 1520.5
1164790 1520.5
1164800 1523.4
1164810 1525.4
1164820 1525.4
1164830 1528.8
1164840 1533.2
1164850 1538.0
1164860 1538.0
1164870 1547.3
1164880 1553.3
1164890 1553.3
1164900 1559.3
1164910 1565.0
1164920 1565.0
1164930 1571.8
1164940 1581.4
1164950 1581.4
1164960 1589.2
1164970 1598.4
1164980 1598.4
1164990 1612.4
1165000 1622.6
1165010 1622.6
1165020 1629.7
1165030 1634.7
1165040 1634.7
1165050 1639.6
1165060 1645.5
1165070 1645.5
1165080 1651.3
1165090 1653.3
1165100 1653.3
1165110 1653.7
1165120 1653.2
1165130 1653.2
1165140 1652.0
1165150 1649.4
1165160 1649.4
1165170 1644.7
1165180 1640.1
1165190 1637.9
1165200 1637.9
1165210 1636.6
1165220 1633.2
1165230 1633.2
1165240 1629.0
1165250 1626.7
1165260 1626.7
1165270 1635.7
1165280 1634.9
1165290 1634.9
1165300 1632.7
1165310 1630.2
1165320 1630.2
1165330 1628.0
1165340 1625.4
1165350 1625.4
1165360 1622.2
1165370 1619.1
1165380 1619.1
1165390 1614.9
1165400 1609.8
1165410 1609.8
1165420 1604.6
1165430 1599.5
1165440 1599.5
1165450 1593.7
1165460 1588.8
1165470 1588.8
1165480 1584.1
1165490 1579.0
1165500 1579.0
1165510 1573.1
1165520 1566.9
1165530 1566.9
1165540 1560.9
1165550 1555.5
1165560 1550.8
1165570 1550.8
1165580 1546.7
1165590 1543.3
1165600 1543.3
1165610 1539.7
1165620 1535.1
1165630 1535.1
1165640 1531.2
1165650 1529.0
1165660 1529.0
1165670 1532.1
1165680 1530.0
1165690 1530.0
1165700 1528.1
1165710 1527.0
1165720 1527.0
1165730 1527.0
1165740 1528.0
1165750 1528.0
1165760 1528.4
1165770 1528.0
1165780 1528.0
1165790 1525.8
1165800 1524.0
1165810 1524.0
1165820 1522.5
1165830 1521.5
1165840 1521.5
1165850 1520.7
1165860 1519.3
1165870 1519.3
1165880 1518.4
1165890 1517.4
1165900 1516.3
1165910 1516.3
1165920 1515.3
1165930 1515.0
1165940 1515.0
1165950 1514.9
1165960 1514.4
1165970 1514.4
1165980 1516.2
1165990 1517.6
1166000 1517.6
1166010 1517.9
1166020 1518.5
1166030 1518.5
1166040 1518.1
1166050 1517.3
1166060 1517.3
1166070 1523.5
1166080 1521.2
1166090 1521.2
1166100 1518.2
1166110 1516.6
1166120 1516.6
1166130 1516.4
1166140 1516.3
1166150 1516.3
1166160 1515.2
1166170 1513.0
1166180 1513.0
1166190 1510.7
1166200 1508.1
1166210 1508.1
1166220 1505.9
1166230 1503.1
1166240 1499.8
1166250 1499.8
1166260 1496.7
1166270 1493.0
1166280 1493.0
1166290 1489.4
1166300 1486.3
1166310 1486.3
1166320 1483.6
1166330 1481.8
1166340 1481.8
1166350 1480.9
1166360 1480.4
1166370 1480.4
1166380 1479.2
1166390 1476.5
1166400 1476.5
1166410 1476.3
1166420 1475.4
1166430 1475.4
1166440 1473.8
1166450 1472.3
1166460 1472.3
1166470 1470.9
1166480 1475.8
1166490 1475.8
1166500 1474.1
1166510 1472.3
1166520 1472.3
1166530 1470.1
1166540 1471.0
1166550 1471.0
1166560 1471.8
1166570 1472.7
1166580 1472.7
1166590 1472.2
1166600 1470.8
1166610 1471.2
1166620 1471.2
1166630 1471.8
1166640 1471.4
1166650 1471.4
1166660 1471.5
1166670 1470.9
1166680 1470.9
1166690 1469.4
1166700 1467.7
1166710 1467.7
1166720 1465.2
1166730 1462.5
1166740 1462.5
1166750 1459.6
1166760 1456.7
1166770 1456.7
1166780 1453.9
1166790 1450.8
1166800 1450.8
1166810 1447.7
1166820 1444.5
1166830 1444.5
1166840 1441.1
1166850 1437.8
1166860 1437.8
1166870 1434.0
1166880 1435.1
1166890 1435.1
1166900 1432.4
1166910 1430.0
1166920 1430.0
1166930 1427.8
1166940 1426.9
1166950 1427.6
1166960 1427.6
1166970 1426.8
1166980 1427.2
1166990 1427.2
1167000 1429.8
1167010 1431.6
1167020 1431.6
1167030 1433.7
1167040 1435.4
1167050 1435.4
1167060 1435.3
1167070 1434.1
1167080 1434.1
1167090 1433.4
1167100 1431.0
1167110 1431.0
1167120 1428.7
1167130 1429.5
1167140 1429.5
1167150 1431.7
1167160 1433.6
1167170 1433.6
1167180 1434.8
1167190 1435.5
1167200 1435.5
1167210 1436.4
1167220 1437.3
1167230 1437.3
1167240 1438.2
1167250 1438.8
1167260 1438.8
1167270 1438.2
1167280 1440.8
1167290 1439.3
1167300 1439.3
1167310 1437.7
1167320 1435.3
1167330 1435.3
1167340 1433.8
1167350 1433.5
1167360 1433.5
1167370 1432.6
1167380 1431.7
1167390 1431.7
1167400 1430.5
1167410 1428.7
1167420 1428.7
1167430 1426.7
1167440 1424.6
1167450 1424.6
1167460 1421.9
1167470 1419.3
1167480 1419.3
1167490 1416.7
1167500 1413.5
1167510 1413.5
1167520 1408.6
1167530 1403.5
1167540 1403.5
1167550 1398.9
1167560 1394.6
1167570 1394.6
1167580 1390.8
1167590 1387.8
1167600 1387.8
1167610 1384.4
1167620 1380.2
1167630 1377.1
1167640 1377.1
1167650 1374.2
1167660 1370.9
1167670 1370.9
1167680 1372.4
1167690 1368.4
1167700 1368.4
1167710 1364.5
1167720 1360.3
1167730 1360.3
1167740 1354.7
1167750 1349.5
1167760 1349.5
1167770 1344.6
1167780 1340.3
1167790 1340.3
1167800 1335.8
1167810 1331.4
1167820 1331.4
1167830 1327.3
1167840 1323.2
1167850 1323.2
1167860 1320.4
1167870 1318.3
1167880 1318.3
1167890 1315.4
1167900 1311.8
1167910 1311.8
1167920 1308.5
1167930 1304.9
1167940 1304.9
1167950 1301.7
1167960 1299.4
1167970 1299.4
1167980 1298.2
1167990 1296.3
1168000 1292.1
1168010 1292.1
1168020 1285.5
1168030 1278.5
1168040 1278.5
1168050 1271.4
1168060 1264.7
1168070 1264.7
1168080 1259.1
1168090 1255.0
1168100 1255.0
1168110 1249.5
1168120 1243.7
1168130 1243.7
1168140 1237.7
1168150 1232.0
1168160 1232.0
1168170 1228.0
1168180 1225.2
1168190 1225.2
1168200 1222.5
1168210 1220.1
1168220 1220.1
1168230 1218.2
1168240 1216.7
1168250 1216.7
1168260 1216.0
1168270 1211.8
1168280 1211.8
1168290 1207.9
1168300 1207.2
1168310 1207.2
1168320 1208.2
1168330 1212.6
1168340 1215.4
1168350 1215.4
1168360 1215.1
1168370 1216.1
1168380 1216.1
1168390 1217.9
1168400 1219.7
1168410 1219.7
1168420 1220.8
1168430 1221.6
1168440 1221.6
1168450 1221.9
1168460 1221.4
1168470 1221.4
1168480 1222.0
1168490 1224.0
1168500 1224.0
1168510 1225.6
1168520 1226.2
1168530 1226.2
1168540 1227.5
1168550 1229.3
1168560 1229.3
1168570 1231.1
1168580 1235.2
1168590 1235.2
1168600 1238.8
1168610 1239.0
1168620 1239.0
1168630 1237.8
1168640 1238.8
1168650 1238.8
1168660 1243.1
1168670 1246.8
1168680 1248.8
1168690 1248.8
1168700 1251.6
1168710 1254.4
1168720 1254.4
1168730 1257.9
1168740 1261.3
1168750 1261.3
1168760 1264.3
1168770 1267.3
1168780 1267.3
1168790 1271.1
1168800 1275.8
1168810 1275.8
1168820 1280.2
1168830 1284.2
1168840 1284.2
1168850 1288.3
1168860 1293.9
1168870 1293.9
1168880 1300.6
1168890 1308.4
1168900 1319.0
1168910 1330.6
1168920 1339.4
1168930 1339.4
1168940 1353.8
1168950 1361.5
1168960 1361.5
1168970 1366.7
1168980 1370.7
1168990 1370.7
1169000 1373.3
1169010 1375.6
1169020 1375.6
1169030 1378.7
1169040 1380.6
1169050 1379.9
1169060 1379.9
1169070 1380.1
1169080 1380.3
1169090 1380.3
1169100 1380.9
1169110 1382.3
1169120 1382.3
1169130 1383.6
1169140 1385.7
1169150 1385.7
1169160 1387.1
1169170 1387.9
1169180 1387.9
1169190 1387.6
1169200 1387.3
1169210 1387.3
1169220 1387.5
1169230 1387.7
1169240 1387.7
1169250 1387.2
1169260 1386.7
1169270 1386.7
1169280 1386.1
1169290 1385.2
1169300 1389.7
1169310 1387.7
1169320 1385.3
1169330 1385.3
1169340 1382.5
1169350 1379.3
1169360 1379.3
1169370 1375.7
1169380 1371.9
1169390 1367.7
1169400 1367.7
1169410 1363.6
1169420 1359.4
1169430 1359.4
1169440 1354.9
1169450 1350.2
1169460 1350.2
1169470 1344.9
1169480 1339.5
1169490 1339.5
1169500 1334.1
1169510 1328.7
1169520 1328.7
1169530 1323.9
1169540 1319.3
1169550 1319.3
1169560 1315.0
1169570 1310.8
1169580 1310.8
1169590 1307.5
1169600 1303.9
1169610 1303.9
1169620 1300.7
1169630 1297.4
1169640 1297.4
1169650 1294.2
1169660 1291.3
1169670 1291.3
1169680 1288.7
1169690 1286.5
1169700 1286.5
1169710 1285.5
1169720 1283.4
1169730 1281.0
1169740 1281.0
1169750 1278.7
1169760 1276.7
1169770 1276.7
1169780 1274.8
1169790 1272.1
1169800 1272.1
1169810 1269.4
1169820 1266.8
1169830 1266.8
1169840 1264.2
1169850 1260.9
1169860 1260.9
1169870 1257.4
1169880 1253.9
1169890 1253.9
1169900 1249.9
1169910 1245.8
1169920 1245.8
1169930 1241.7
1169940 1237.6
1169950 1237.6
1169960 1233.3
1169970 1229.0
1169980 1229.0
1169990 1224.8
1170000 1220.2
1170010 1220.2
1170020 1215.2
1170030 1210.0
1170040 1210.0
1170050 1204.6
1170060 1198.7
1170070 1198.7
1170080 1192.5
1170090 1186.3
1170100 1179.9
1170110 1181.0
1170120 1174.6
1170130 1171.1
1170140 1171.1
1170150 1169.0
1170160 1168.4
1170170 1168.4
1170180 1165.2
1170190 1160.5
1170200 1160.5
1170210 1154.9
1170220 1149.3
1170230 1149.3
1170240 1144.0
1170250 1139.3
1170260 1139.3
1170270 1134.2
1170280 1130.0
1170290 1130.0
1170300 1125.8
1170310 1121.8
1170320 1121.8
1170330 1118.8
1170340 1115.7
1170350 1115.7
1170360 1112.6
1170370 1109.5
1170380 1109.5
1170390 1107.6
1170400 1106.8
1170410 1106.8
1170420 1106.3
1170430 1106.0
1170440 1105.7
1170450 1105.7
1170460 1105.5
1170470 1105.5
1170480 1105.5
1170490 1105.6
1170500 1106.0
1170510 1106.0
1170520 1106.6
1170530 1106.8
1170540 1106.8
1170550 1106.8
1170560 1107.0
1170570 1107.0
1170580 1107.4
1170590 1107.4
1170600 1107.4
1170610 1107.0
1170620 1106.8
1170630 1106.8
1170640 1106.6
1170650 1106.5
1170660 1106.5
1170670 1106.4
1170680 1106.5
1170690 1106.5
1170700 1106.5
1170710 1106.4
1170720 1106.4
1170730 1106.3
1170740 1106.2
1170750 1106.2
1170760 1106.1
1170770 1106.0
1170780 1105.8
1170790 1105.8
1170800 1105.7
1170810 1105.5
1170820 1105.5
1170830 1105.4
1170840 1105.2
1170850 1105.2
1170860 1105.3
1170870 1105.3
1170880 1105.3
1170890 1105.3
1170900 1105.1
1170910 1105.1
1170920 1104.7
1170930 1105.1
1170940 1105.1
1170950 1105.2
1170960 1104.8
1170970 1104.8
1170980 1104.9
1170990 1105.0
1171000 1105.0
1171010 1104.8
1171020 1104.5
1171030 1104.5
1171040 1104.3
1171050 1104.3
1171060 1104.3
1171070 1104.5
1171080 1104.6
1171090 1104.6
1171100 1104.8
1171110 1105.0
1171120 1105.0
1171130 1105.0
1171140 1105.2
1171150 1105.5
1171160 1105.5
1171170 1105.7
1171180 1105.6
1171190 1105.6
1171200 1104.0
1171210 1103.6
1171220 1103.6
1171230 1105.2
1171240 1105.2
1171250 1105.2
1171260 1105.2
1171270 1105.2
1171280 1105.2
1171290 1105.4
1171300 1105.8
1171310 1105.8
1171320 1106.4
1171330 1107.3
1171340 1107.3
1171350 1108.2
1171360 1109.3
1171370 1109.3
1171380 1110.3
1171390 1111.1
1171400 1111.1
1171410 1111.7
1171420 1112.1
1171430 1112.1
1171440 1112.7
1171450 1113.4
1171460 1113.4
1171470 1113.7
1171480 1114.1
1171490 1114.4
1171500 1114.4
1171510 1115.0
1171520 1116.0
1171530 1116.0
1171540 1116.9
1171550 1117.2
1171560 1117.2
1171570 1117.9
1171580 1118.9
1171590 1118.9
1171600 1119.8
1171610 1120.3
1171620 1120.3
1171630 1120.8
1171640 1121.5
1171650 1121.5
1171660 1122.8
1171670 1124.0
1171680 1124.0
1171690 1124.8
1171700 1126.1
1171710 1126.1
1171720 1127.5
1171730 1129.6
1171740 1131.9
1171750 1134.0
1171760 1136.3
1171770 1136.3
1171780 1138.1
1171790 1138.8
1171800 1138.8
1171810 1139.0
1171820 1139.8
1171830 1140.9
1171840 1140.9
1171850 1142.2
1171860 1143.4
1171870 1143.4
1171880 1144.7
1171890 1145.8
1171900 1145.8
1171910 1147.0
1171920 1148.3
1171930 1148.3
1171940 1149.5
1171950 1151.2
1171960 1151.2
1171970 1153.0
1171980 1155.0
1171990 1155.0
1172000 1156.9
1172010 1159.1
1172020 1159.1
1172030 1161.6
1172040 1164.1
1172050 1164.1
1172060 1167.2
1172070 1170.5
1172080 1170.5
1172090 1173.4
1172100 1176.3
1172110 1176.3
1172120 1179.3
1172130 1183.1
1172140 1183.1
1172150 1190.9
1172160 1195.4
1172170 1199.7
1172180 1199.7
1172190 1204.1
1172200 1208.4
1172210 1208.4
1172220 1212.2
1172230 1216.4
1172240 1216.4
1172250 1221.2
1172260 1225.6
1172270 1225.6
1172280 1228.6
1172290 1229.9
1172300 1229.9
1172310 1228.8
1172320 1229.7
1172330 1229.7
1172340 1235.2
1172350 1241.5
1172360 1241.5
1172370 1248.0
1172380 1255.0
1172390 1255.0
1172400 1262.2
1172410 1269.6
1172420 1269.6
1172430 1276.0
1172440 1282.3
1172450 1282.3
1172460 1288.6
1172470 1294.5
1172480 1294.5
1172490 1298.8
1172500 1302.1
1172510 1302.1
1172520 1304.9
1172530 1306.8
1172540 1307.5
1172550 1307.5
1172560 1314.9
1172570 1315.2
1172580 1315.2
1172590 1314.9
1172600 1314.5
1172610 1314.5
1172620 1313.6
1172630 1312.0
1172640 1312.0
1172650 1310.9
1172660 1310.1
1172670 1310.1
1172680 1309.8
1172690 1309.6
1172700 1309.6
1172710 1309.4
1172720 1309.6
1172730 1309.6
1172740 1310.1
1172750 1310.2
1172760 1310.2
1172770 1309.8
1172780 1309.1
1172790 1309.1
1172800 1308.6
1172810 1307.5
1172820 1307.5
1172830 1306.3
1172840 1305.2
1172850 1305.2
1172860 1304.1
1172870 1302.6
1172880 1301.4
1172890 1301.4
1172900 1300.2
1172910 1299.3
1172920 1299.3
1172930 1298.6
1172940 1297.7
1172950 1297.7
1172960 1297.4
1172970 1304.4
1172980 1304.4
1172990 1303.1
1173000 1302.8
1173010 1302.8
1173020 1301.9
1173030 1301.3
1173040 1301.3
1173050 1299.3
1173060 1296.3
1173070 1296.3
1173080 1292.1
1173090 1285.4
1173100 1285.4
1173110 1277.7
1173120 1271.5
1173130 1271.5
1173140 1266.7
1173150 1262.4
1173160 1262.4
1173170 1260.6
1173180 1261.8
1173190 1261.8
1173200 1259.1
1173210 1255.7
1173220 1250.8
1173230 1250.8
1173240 1241.5
1173250 1229.4
1173260 1229.4
1173270 1219.4
1173280 1211.8
1173290 1211.8
1173300 1209.6
1173310 1217.9
1173320 1217.9
1173330 1227.6
1173340 1237.0
1173350 1237.0
1173360 1239.4
1173370 1238.4
1173380 1247.0
1173390 1245.1
1173400 1241.8
1173410 1241.8
1173420 1238.9
1173430 1235.8
1173440 1235.8
1173450 1232.3
1173460 1229.9
1173470 1229.9
1173480 1228.8
1173490 1229.3
1173500 1229.3
1173510 1230.5
1173520 1234.7
1173530 1234.7
1173540 1235.5
1173550 1232.5
1173560 1230.7
1173570 1230.7
1173580 1227.7
1173590 1223.8
1173600 1223.8
1173610 1223.8
1173620 1224.1
1173630 1224.1
1173640 1224.8
1173650 1226.1
1173660 1226.1
1173670 1226.6
1173680 1227.0
1173690 1227.0
1173700 1227.6
1173710 1228.5
1173720 1228.5
1173730 1230.2
1173740 1231.6
1173750 1231.6
1173760 1231.6
1173770 1230.5
1173780 1230.5
1173790 1234.8
1173800 1231.4
1173810 1231.4
1173820 1228.4
1173830 1225.7
1173840 1225.7
1173850 1223.3
1173860 1220.9
1173870 1220.9
1173880 1218.6
1173890 1216.0
1173900 1216.0
1173910 1213.3
1173920 1210.8
1173930 1208.7
1173940 1208.7
1173950 1206.5
1173960 1203.7
1173970 1203.7
1173980 1200.2
1173990 1196.4
1174000 1196.4
1174010 1193.7
1174020 1191.8
1174030 1191.8
1174040 1190.4
1174050 1188.3
1174060 1188.3
1174070 1185.4
1174080 1182.1
1174090 1182.1
1174100 1179.1
1174110 1176.6
1174120 1176.6
1174130 1173.7
1174140 1171.1
1174150 1171.1
1174160 1168.2
1174170 1164.7
1174180 1164.7
1174190 1161.8
1174200 1161.1
1174210 1161.1
1174220 1158.5
1174230 1156.0
1174240 1156.0
1174250 1153.6
1174260 1150.8
1174270 1148.6
1174280 1148.6
1174290 1146.4
1174300 1143.4
1174310 1143.4
1174320 1141.0
1174330 1139.1
1174340 1139.1
1174350 1137.0
1174360 1134.9
1174370 1134.9
1174380 1132.6
1174390 1130.7
1174400 1130.7
1174410 1128.7
1174420 1126.8
1174430 1126.8
1174440 1125.1
1174450 1123.8
1174460 1123.8
1174470 1122.4
1174480 1120.5
1174490 1120.5
1174500 1118.5
1174510 1116.6
1174520 1116.6
1174530 1114.7
1174540 1112.9
1174550 1112.9
1174560 1111.8
1174570 1111.5
1174580 1111.5
1174590 1111.4
1174600 1111.2
1174610 1111.3
1174620 1111.5
1174630 1111.5
1174640 1111.3
1174650 1111.3
1174660 1111.1
1174670 1111.6
1174680 1111.6
1174690 1111.7
1174700 1112.0
1174710 1112.0
1174720 1112.2
1174730 1112.2
1174740 1112.2
1174750 1112.0
1174760 1111.9
1174770 1111.9
1174780 1111.7
1174790 1112.0
1174800 1112.0
1174810 1112.4
1174820 1112.7
1174830 1112.7
1174840 1112.9
1174850 1113.1
1174860 1113.1
1174870 1113.2
1174880 1113.6
1174890 1113.6
1174900 1113.9
1174910 1114.1
1174920 1114.1
1174930 1114.2
1174940 1114.3
1174950 1114.3
1174960 1114.6
1174970 1114.8
1174980 1115.0
1174990 1115.0
1175000 1115.1
1175010 1115.1
1175020 1115.1
1175030 1115.3
1175040 1115.4
1175050 1115.4
1175060 1115.4
1175070 1115.5
1175080 1115.5
1175090 1115.7
1175100 1115.8
1175110 1115.8
1175120 1115.9
1175130 1116.0
1175140 1116.0
1175150 1116.2
1175160 1116.4
1175170 1116.4
1175180 1116.5
1175190 1116.6
1175200 1116.6
1175210 1116.9
1175220 1117.3
1175230 1117.3
1175240 1117.6
1175250 1117.8
1175260 1117.8
1175270 1118.2
1175280 1118.5
1175290 1118.5
1175300 1118.8
1175310 1119.2
1175320 1119.4
1175330 1119.4
1175340 1119.7
1175350 1119.9
1175360 1119.9
1175370 1120.1
1175380 1120.5
1175390 1120.5
1175400 1120.9
1175410 1121.0
1175420 1121.0
1175430 1121.9
1175440 1122.2
1175450 1122.2
1175460 1122.6
1175470 1122.9
1175480 1122.9
1175490 1123.3
1175500 1123.6
1175510 1123.6
1175520 1123.9
1175530 1124.1
1175540 1124.1
1175550 1123.9
1175560 1123.4
1175570 1123.4
1175580 1123.1
1175590 1122.6
1175600 1122.6
1175610 1122.3
1175620 1122.1
1175630 1122.1
1175640 1121.9
1175650 1121.9
1175660 1122.0
1175670 1122.0
1175680 1121.9
1175690 1121.8
1175700 1121.8
1175710 1121.8
1175720 1121.7
1175730 1121.7
1175740 1121.8
1175750 1121.7
1175760 1121.7
1175770 1121.5
1175780 1121.4
1175790 1121.4
1175800 1121.3
1175810 1121.0
1175820 1121.0
1175830 1125.4
1175840 1136.7
1175850 1136.7
1175860 1138.7
1175870 1141.0
1175880 1141.0
1175890 1142.5
1175900 1145.0
1175910 1145.0
1175920 1148.1
1175930 1150.5
1175940 1150.5
1175950 1154.6
1175960 1158.1
1175970 1158.1
1175980 1159.9
1175990 1161.4
1176000 1162.8
1176010 1162.8
1176020 1164.3
1176030 1165.8
1176040 1165.8
1176050 1167.7
1176060 1170.5
1176070 1170.5
1176080 1171.9
1176090 1172.1
1176100 1172.1
1176110 1173.4
1176120 1173.7
1176130 1173.7
1176140 1175.0
1176150 1178.6
1176160 1178.6
1176170 1183.0
1176180 1185.8
1176190 1185.8
1176200 1188.1
1176210 1190.7
1176220 1190.7
1176230 1192.9
1176240 1194.4
1176250 1194.4
1176260 1195.0
1176270 1192.9
1176280 1192.9
1176290 1191.9
1176300 1191.0
1176310 1191.0
1176320 1190.4
1176330 1189.8
1176340 1189.8
1176350 1188.3
1176360 1187.6
1176370 1187.8
1176380 1187.8
1176390 1186.1
1176400 1183.5
1176410 1183.5
1176420 1181.1
1176430 1179.0
1176440 1179.0
1176450 1177.2
1176460 1175.6
1176470 1175.6
1176480 1174.5
1176490 1173.2
1176500 1173.2
1176510 1171.1
1176520 1168.5
1176530 1168.5
1176540 1166.0
1176550 1162.2
1176560 1162.2
1176570 1158.4
1176580 1155.3
1176590 1155.3
1176600 1152.8
1176610 1150.3
1176620 1150.3
1176630 1149.0
1176640 1148.8
1176650 1148.8
1176660 1147.6
1176670 1146.3
1176680 1146.3
1176690 1144.1
1176700 1144.2
1176710 1143.7
1176720 1143.7
1176730 1143.5
1176740 1144.4
1176750 1144.4
1176760 1145.1
1176770 1145.1
1176780 1145.1
1176790 1144.1
1176800 1145.7
1176810 1145.7
1176820 1146.7
1176830 1146.8
1176840 1146.8
1176850 1146.0
1176860 1144.0
1176870 1144.0
1176880 1144.2
1176890 1143.9
1176900 1143.9
1176910 1144.2
1176920 1144.9
1176930 1144.9
1176940 1145.2
1176950 1145.0
1176960 1145.0
1176970 1144.9
1176980 1144.8
1176990 1144.8
1177000 1143.9
1177010 1143.9
1177020 1143.9
1177030 1143.9
1177040 1143.2
1177050 1142.3
1177060 1142.3
1177070 1141.4
1177080 1141.0
1177090 1141.0
1177100 1136.7
1177110 1136.9
1177120 1136.9
1177130 1136.2
1177140 1135.6
1177150 1135.6
1177160 1132.4
1177170 1129.1
1177180 1129.1
1177190 1127.8
1177200 1127.5
1177210 1127.5
1177220 1127.3
1177230 1126.9
1177240 1126.9
1177250 1126.6
1177260 1126.5
1177270 1126.5
1177280 1126.3
1177290 1126.2
1177300 1126.2
1177310 1126.0
1177320 1125.9
1177330 1125.9
1177340 1125.8
1177350 1125.7
1177360 1125.7
1177370 1125.7
1177380 1125.7
1177390 1125.8
1177400 1125.8
1177410 1125.8
1177420 1125.8
1177430 1125.8
1177440 1125.8
1177450 1125.8
1177460 1125.8
1177470 1125.7
1177480 1125.1
1177490 1125.1
1177500 1124.6
1177510 1124.4
1177520 1124.3
1177530 1124.3
1177540 1124.3
1177550 1124.3
1177560 1124.3
1177570 1124.3
1177580 1124.3
1177590 1124.3
1177600 1124.3
1177610 1124.3
1177620 1124.3
1177630 1124.3
1177640 1124.3
1177650 1124.3
1177660 1124.3
1177670 1124.3
1177680 1124.3
1177690 1124.3
1177700 1124.3
1177710 1124.3
1177720 1124.3
1177730 1124.3
1177740 1124.3
1177750 1124.3
1177760 1124.3
1177770 1124.3
1177780 1124.3
1177790 1124.3
1177800 1124.3
1177810 1124.3
1177820 1124.3
1177830 1124.3
1177840 1124.3
1177850 1124.3
1177860 1124.3
1177870 1124.3
1177880 1124.3
1177890 1124.3
1177900 1124.3
1177910 1124.3
1177920 1124.3
1177930 1124.3
1177940 1124.3
1177950 1124.3
1177960 1124.3
1177970 1124.3
1177980 1124.3
1177990 1124.3
1178000 1124.3
1178010 1124.3
1178020 1124.3
1178030 1124.3
1178040 1124.3
1178050 1124.3
1178060 1124.3
1178070 1124.3
1178080 1124.3
1178090 1124.6
1178100 1125.1
1178110 1125.1
1178120 1125.3
1178130 1125.4
1178140 1125.4
1178150 1125.6
1178160 1125.9
1178170 1125.9
1178180 1126.2
1178190 1127.6
1178200 1127.6
1178210 1129.2
1178220 1130.0
1178230 1130.0
1178240 1130.6
1178250 1131.7
1178260 1131.7
1178270 1132.6
1178280 1133.7
1178290 1133.7
1178300 1134.3
1178310 1134.9
1178320 1134.9
1178330 1136.4
1178340 1137.6
1178350 1136.3
1178360 1136.9
1178370 1137.0
1178380 1137.0
1178390 1138.5
1178400 1140.7
1178410 1140.7
1178420 1142.4
1178430 1143.9
1178440 1145.0
1178450 1145.0
1178460 1146.0
1178470 1146.8
1178480 1146.8
1178490 1148.0
1178500 1149.5
1178510 1149.5
1178520 1150.9
1178530 1152.4
1178540 1152.4
1178550 1153.8
1178560 1153.7
1178570 1153.7
1178580 1152.7
1178590 1152.5
1178600 1152.5
1178610 1152.2
1178620 1152.0
1178630 1152.0
1178640 1152.1
1178650 1153.2
1178660 1153.2
1178670 1154.8
1178680 1156.4
1178690 1156.4
1178700 1158.2
1178710 1159.7
1178720 1159.7
1178730 1161.0
1178740 1162.5
1178750 1162.5
1178760 1164.0
1178770 1164.5
1178780 1165.9
1178790 1165.9
1178800 1167.5
1178810 1170.0
1178820 1170.0
1178830 1174.1
1178840 1177.6
1178850 1177.6
1178860 1180.0
1178870 1181.2
1178880 1181.2
1178890 1181.1
1178900 1181.3
1178910 1181.3
1178920 1182.2
1178930 1183.5
1178940 1183.5
1178950 1184.9
1178960 1186.4
1178970 1186.4
1178980 1187.7
1178990 1188.8
1179000 1188.8
1179010 1189.9
1179020 1191.1
1179030 1191.1
1179040 1192.3
1179050 1194.2
1179060 1194.2
1179070 1198.4
1179080 1202.2
1179090 1202.2
1179100 1203.9
1179110 1205.2
1179120 1205.2
1179130 1206.6
1179140 1208.4
1179150 1210.3
1179160 1210.3
1179170 1212.8
1179180 1214.5
1179190 1212.5
1179200 1214.0
1179210 1216.0
1179220 1216.0
1179230 1217.5
1179240 1217.7
1179250 1217.7
1179260 1218.2
1179270 1217.5
1179280 1217.5
1179290 1215.8
1179300 1216.0
1179310 1216.0
1179320 1216.8
1179330 1219.9
1179340 1219.9
1179350 1219.9
1179360 1222.7
1179370 1222.7
1179380 1223.7
1179390 1222.6
1179400 1222.6
1179410 1222.9
1179420 1224.4
1179430 1224.4
1179440 1224.9
1179450 1225.4
1179460 1225.4
1179470 1225.8
1179480 1226.5
1179490 1228.2
1179500 1228.2
1179510 1230.1
1179520 1232.2
1179530 1232.2
1179540 1234.2
1179550 1235.7
1179560 1235.7
1179570 1236.8
1179580 1237.2
1179590 1237.2
1179600 1237.3
1179610 1235.1
1179620 1235.1
1179630 1235.0
1179640 1234.8
1179650 1234.8
1179660 1235.1
1179670 1235.5
1179680 1235.5
1179690 1236.8
1179700 1238.3
1179710 1238.3
1179720 1239.5
1179730 1241.0
1179740 1241.0
1179750 1243.5
1179760 1248.7
1179770 1248.7
1179780 1254.5
1179790 1259.7
1179800 1259.7
1179810 1264.1
1179820 1267.2
1179830 1271.3
1179840 1271.3
1179850 1276.2
1179860 1277.8
1179870 1277.8
1179880 1279.1
1179890 1279.6
1179900 1279.6
1179910 1280.4
1179920 1282.9
1179930 1282.9
1179940 1285.3
1179950 1287.5
1179960 1287.5
1179970 1289.8
1179980 1292.2
1179990 1292.2
