1160490 1549.2
1160500 1549.2
1160510 1553.2
1160520 1556.4
1160530 1556.4
1160540 1560.2
1160550 1565.2
1160560 1565.2
1160570 1569.6
1160580 1573.9
1160590 1578.4
1160600 1578.4
1160610 1582.6
1160620 1586.3
1160630 1586.3
1160640 1589.8
1160650 1594.6
1160660 1594.6
1160670 1599.8
1160680 1604.7
1160690 1604.7
1160700 1609.0
1160710 1613.0
1160720 1613.0
1160730 1615.7
1160740 1617.7
1160750 1617.7
1160760 1626.0
1160770 1631.6
1160780 1631.6
1160790 1637.4
1160800 1644.5
1160810 1644.5
1160820 1648.8
1160830 1656.5
1160840 1658.3
1160850 1665.1
1160860 1674.2
1160870 1674.2
1160880 1683.6
1160890 1693.1
1160900 1693.1
1160910 1701.5
1160920 1707.5
1160930 1707.5
1160940 1711.4
1160950 1713.7
1160960 1720.8
1160970 1720.8
1160980 1730.9
1160990 1739.0
1161000 1739.0
1161010 1748.2
1161020 1757.8
1161030 1757.8
1161040 1767.1
1161050 1775.3
1161060 1775.3
1161070 1783.6
1161080 1795.6
1161090 1795.6
1161100 1810.7
1161110 1828.6
1161120 1828.6
1161130 1840.9
1161140 1853.4
1161150 1853.4
1161160 1861.5
1161170 1866.7
1161180 1866.7
1161190 1870.7
1161200 1874.3
1161210 1874.3
1161220 1874.7
1161230 1888.7
1161240 1888.7
1161250 1891.4
1161260 1898.9
1161270 1898.9
1161280 1899.1
1161290 1895.5
1161300 1891.6
1161310 1891.6
1161320 1887.8
1161330 1883.9
1161340 1883.9
1161350 1880.4
1161360 1876.1
1161370 1876.1
1161380 1871.6
1161390 1866.4
1161400 1866.4
1161410 1861.2
1161420 1856.1
1161430 1856.1
1161440 1850.6
1161450 1844.7
1161460 1844.7
1161470 1838.7
1161480 1832.7
1161490 1832.7
1161500 1827.4
1161510 1822.5
1161520 1822.5
1161530 1817.2
1161540 1812.2
1161550 1812.2
1161560 1807.2
1161570 1802.5
1161580 1802.5
1161590 1797.7
1161600 1792.9
1161610 1792.9
1161620 1788.5
1161630 1782.3
1161640 1782.3
1161650 1778.4
1161660 1774.3
1161670 1770.6
1161680 1770.6
1161690 1766.1
1161700 1761.6
1161710 1761.6
1161720 1757.3
1161730 1752.5
1161740 1752.5
1161750 1747.6
1161760 1743.2
1161770 1743.2
1161780 1738.1
1161790 1733.5
1161800 1733.5
1161810 1728.1
1161820 1721.8
1161830 1721.8
1161840 1715.5
1161850 1709.8
1161860 1709.8
1161870 1704.8
1161880 1699.4
1161890 1699.4
1161900 1694.4
1161910 1689.1
1161920 1689.1
1161930 1683.9
1161940 1679.0
1161950 1679.0
1161960 1673.9
1161970 1668.3
1161980 1668.3
1161990 1662.2
1162000 1656.2
1162010 1650.6
1162020 1650.6
1162030 1643.3
1162040 1638.0
1162050 1638.0
1162060 1632.9
1162070 1627.8
1162080 1627.8
1162090 1622.7
1162100 1617.7
1162110 1617.7
1162120 1613.0
1162130 1608.8
1162140 1608.8
1162150 1604.7
1162160 1600.4
1162170 1600.4
1162180 1596.5
1162190 1592.4
1162200 1592.4
1162210 1587.9
1162220 1583.6
1162230 1583.6
1162240 1579.1
1162250 1573.9
1162260 1573.9
1162270 1569.0
1162280 1564.4
1162290 1564.4
1162300 1560.0
1162310 1556.8
1162320 1556.8
1162330 1553.2
1162340 1549.6
1162350 1549.6
1162360 1546.3
1162370 1542.9
1162380 1539.8
1162390 1539.8
1162400 1536.3
1162410 1533.3
1162420 1530.8
1162430 1526.9
1162440 1523.0
1162450 1523.0
1162460 1518.8
1162470 1514.1
1162480 1514.1
1162490 1508.8
1162500 1503.1
1162510 1503.1
1162520 1497.4
1162530 1492.4
1162540 1492.4
1162550 1487.8
1162560 1483.4
1162570 1483.4
1162580 1478.9
1162590 1474.5
1162600 1474.5
1162610 1470.0
1162620 1465.2
1162630 1465.2
1162640 1460.4
1162650 1456.2
1162660 1456.2
1162670 1452.3
1162680 1449.6
1162690 1449.6
1162700 1447.7
1162710 1444.9
1162720 1440.0
1162730 1440.0
1162740 1433.8
1162750 1429.1
1162760 1429.1
1162770 1425.1
1162780 1421.3
1162790 1421.3
1162800 1417.6
1162810 1414.2
1162820 1411.5
1162830 1408.7
1162840 1406.3
1162850 1406.3
1162860 1403.8
1162870 1400.7
1162880 1400.7
1162890 1396.6
1162900 1391.8
1162910 1391.8
1162920 1387.3
1162930 1384.1
1162940 1384.1
1162950 1381.0
1162960 1378.1
1162970 1378.1
1162980 1375.4
1162990 1373.2
1163000 1373.2
1163010 1371.4
1163020 1369.8
1163030 1369.8
1163040 1368.6
1163050 1367.8
1163060 1367.8
1163070 1366.9
1163080 1365.8
1163090 1363.8
1163100 1363.8
1163110 1361.3
1163120 1358.4
1163130 1358.4
1163140 1356.0
1163150 1354.4
1163160 1354.4
1163170 1352.9
1163180 1351.7
1163190 1351.7
1163200 1350.6
1163210 1349.3
1163220 1347.7
1163230 1345.3
1163240 1342.4
1163250 1342.4
1163260 1338.8
1163270 1335.5
1163280 1335.5
1163290 1334.1
1163300 1333.2
1163310 1333.2
1163320 1331.2
1163330 1328.9
1163340 1328.9
1163350 1324.9
1163360 1319.3
1163370 1319.3
1163380 1312.7
1163390 1307.1
1163400 1307.1
1163410 1301.8
1163420 1298.1
1163430 1296.6
1163440 1296.6
1163450 1295.4
1163460 1292.4
1163470 1292.4
1163480 1290.0
1163490 1287.6
1163500 1287.6
1163510 1285.5
1163520 1285.5
1163530 1285.5
1163540 1286.3
1163550 1284.6
1163560 1284.6
1163570 1279.8
1163580 1273.7
1163590 1273.7
1163600 1268.4
1163610 1263.2
1163620 1258.8
1163630 1253.8
1163640 1249.7
1163650 1249.7
1163660 1245.6
1163670 1241.2
1163680 1241.2
1163690 1238.5
1163700 1242.2
1163710 1242.2
1163720 1247.6
1163730 1251.7
1163740 1251.7
1163750 1255.0
1163760 1259.0
1163770 1259.0
1163780 1264.0
1163790 1270.6
1163800 1277.6
1163810 1277.6
1163820 1281.2
1163830 1283.9
1163840 1283.9
1163850 1285.2
1163860 1287.0
1163870 1287.0
1163880 1288.9
1163890 1290.6
1163900 1290.6
1163910 1293.2
1163920 1293.8
1163930 1293.8
1163940 1294.9
1163950 1297.0
1163960 1297.0
1163970 1299.1
1163980 1300.4
1163990 1300.4
1164000 1301.5
1164010 1307.5
1164020 1307.5
1164030 1309.4
1164040 1311.1
1164050 1311.1
1164060 1313.8
1164070 1316.4
1164080 1316.4
1164090 1318.5
1164100 1319.9
1164110 1319.9
1164120 1320.3
1164130 1319.9
1164140 1319.0
1164150 1319.0
1164160 1318.2
1164170 1317.3
1164180 1317.3
1164190 1316.5
1164200 1315.3
1164210 1315.3
1164220 1313.3
1164230 1310.9
1164240 1310.9
1164250 1308.6
1164260 1305.8
1164270 1305.8
1164280 1302.7
1164290 1300.1
1164300 1300.1
1164310 1297.9
1164320 1294.8
1164330 1294.8
1164340 1291.4
1164350 1288.0
1164360 1288.0
1164370 1285.6
1164380 1282.7
1164390 1282.7
1164400 1280.7
1164410 1281.5
1164420 1281.5
1164430 1279.3
1164440 1277.8
1164450 1277.8
1164460 1275.6
1164470 1273.0
1164480 1273.0
1164490 1270.8
1164500 1268.5
1164510 1265.6
1164520 1265.6
1164530 1263.2
1164540 1261.4
1164550 1261.4
1164560 1258.8
1164570 1255.9
1164580 1255.9
1164590 1252.9
1164600 1250.1
1164610 1250.1
1164620 1247.2
1164630 1244.5
1164640 1244.5
1164650 1242.4
1164660 1240.0
1164670 1240.0
1164680 1238.3
1164690 1238.1
1164700 1238.1
1164710 1238.0
1164720 1236.5
1164730 1236.5
1164740 1234.3
1164750 1232.8
1164760 1232.8
1164770 1231.0
1164780 1229.0
1164790 1229.0
1164800 1225.6
1164810 1223.4
1164820 1223.4
1164830 1222.9
1164840 1221.5
1164850 1215.9
1164860 1215.9
1164870 1209.0
1164880 1201.4
1164890 1201.4
1164900 1193.6
1164910 1187.3
1164920 1187.3
1164930 1186.7
1164940 1190.9
1164950 1190.9
1164960 1195.0
1164970 1196.6
1164980 1196.6
1164990 1196.9
1165000 1196.7
1165010 1196.7
1165020 1196.5
1165030 1197.6
1165040 1197.6
1165050 1197.5
1165060 1197.2
1165070 1197.2
1165080 1195.8
1165090 1194.2
1165100 1194.2
1165110 1194.0
1165120 1192.7
1165130 1192.7
1165140 1190.4
1165150 1187.8
1165160 1187.8
1165170 1185.5
1165180 1183.8
1165190 1183.8
1165200 1183.7
1165210 1184.8
1165220 1183.2
1165230 1183.2
1165240 1181.8
1165250 1180.0
1165260 1180.0
1165270 1179.6
1165280 1179.6
1165290 1179.6
1165300 1178.1
1165310 1176.9
1165320 1176.9
1165330 1175.1
1165340 1173.7
1165350 1173.7
1165360 1172.5
1165370 1171.5
1165380 1171.5
1165390 1169.3
1165400 1166.4
1165410 1166.4
1165420 1164.1
1165430 1161.7
1165440 1161.7
1165450 1159.0
1165460 1155.3
1165470 1155.3
1165480 1152.2
1165490 1150.9
1165500 1150.9
1165510 1149.9
1165520 1148.6
1165530 1148.6
1165540 1147.2
1165550 1146.2
1165560 1145.4
1165570 1145.4
1165580 1144.3
1165590 1142.7
1165600 1142.7
1165610 1145.2
1165620 1143.5
1165630 1143.5
1165640 1142.1
1165650 1140.5
1165660 1140.5
1165670 1138.8
1165680 1136.9
1165690 1136.9
1165700 1134.4
1165710 1131.7
1165720 1131.7
1165730 1129.0
1165740 1126.6
1165750 1126.6
1165760 1124.0
1165770 1121.1
1165780 1121.1
1165790 1122.3
1165800 1122.0
1165810 1122.0
1165820 1120.5
1165830 1118.8
1165840 1118.8
1165850 1117.1
1165860 1114.3
1165870 1114.3
1165880 1111.4
1165890 1108.4
1165900 1108.4
1165910 1105.2
1165920 1103.7
1165930 1102.8
1165940 1102.8
1165950 1100.8
1165960 1099.2
1165970 1099.2
1165980 1097.8
1165990 1096.2
1166000 1096.2
1166010 1097.7
1166020 1095.2
1166030 1095.2
1166040 1092.4
1166050 1089.7
1166060 1089.7
1166070 1088.4
1166080 1087.3
1166090 1087.3
1166100 1085.6
1166110 1083.7
1166120 1083.7
1166130 1082.1
1166140 1080.9
1166150 1080.9
1166160 1079.5
1166170 1078.0
1166180 1078.0
1166190 1076.5
1166200 1075.1
1166210 1075.1
1166220 1074.5
1166230 1074.1
1166240 1074.1
1166250 1073.9
1166260 1073.7
1166270 1073.7
1166280 1073.7
1166290 1073.8
1166300 1073.8
1166310 1073.8
1166320 1074.0
1166330 1074.1
1166340 1074.1
1166350 1074.2
1166360 1074.2
1166370 1074.2
1166380 1074.3
1166390 1074.5
1166400 1074.5
1166410 1074.6
1166420 1074.6
1166430 1074.6
1166440 1074.6
1166450 1074.6
1166460 1074.6
1166470 1074.6
1166480 1074.7
1166490 1074.7
1166500 1074.8
1166510 1074.9
1166520 1074.9
1166530 1075.1
1166540 1075.2
1166550 1075.2
1166560 1075.2
1166570 1075.1
1166580 1075.1
1166590 1075.1
1166600 1075.1
1166610 1075.1
1166620 1075.2
1166630 1075.2
1166640 1075.2
1166650 1075.2
1166660 1075.4
1166670 1075.6
1166680 1075.6
1166690 1075.5
1166700 1075.5
1166710 1075.5
1166720 1075.5
1166730 1075.6
1166740 1075.6
1166750 1075.7
1166760 1075.8
1166770 1075.8
1166780 1076.0
1166790 1076.1
1166800 1076.1
1166810 1076.1
1166820 1076.2
1166830 1076.2
1166840 1076.2
1166850 1076.2
1166860 1076.2
1166870 1076.3
1166880 1076.5
1166890 1076.5
1166900 1076.6
1166910 1076.1
1166920 1076.1
1166930 1074.1
1166940 1074.5
1166950 1074.5
1166960 1076.6
1166970 1076.9
1166980 1077.0
1166990 1077.0
1167000 1077.1
1167010 1077.1
1167020 1077.1
1167030 1077.0
1167040 1077.1
1167050 1077.1
1167060 1077.1
1167070 1077.2
1167080 1077.2
1167090 1077.4
1167100 1077.6
1167110 1077.6
1167120 1078.2
1167130 1078.8
1167140 1078.8
1167150 1078.7
1167160 1078.9
1167170 1078.9
1167180 1079.5
1167190 1079.8
1167200 1079.8
1167210 1079.8
1167220 1079.3
1167230 1079.3
1167240 1079.1
1167250 1079.2
1167260 1079.2
1167270 1079.3
1167280 1079.3
1167290 1079.3
1167300 1079.5
1167310 1079.7
1167320 1079.7
1167330 1079.9
1167340 1080.2
1167350 1080.4
1167360 1080.4
1167370 1080.2
1167380 1080.4
1167390 1080.4
1167400 1080.5
1167410 1080.7
1167420 1080.7
1167430 1081.0
1167440 1081.1
1167450 1081.1
1167460 1081.2
1167470 1081.2
1167480 1081.2
1167490 1081.2
1167500 1081.2
1167510 1081.2
1167520 1081.3
1167530 1081.3
1167540 1081.3
1167550 1081.4
1167560 1081.4
1167570 1081.4
1167580 1081.1
1167590 1080.9
1167600 1080.9
1167610 1080.8
1167620 1080.8
1167630 1080.8
1167640 1080.7
1167650 1080.7
1167660 1080.7
1167670 1080.7
1167680 1080.6
1167690 1080.6
1167700 1080.6
1167710 1080.7
1167720 1080.7
1167730 1080.7
1167740 1080.7
1167750 1080.8
1167760 1080.8
1167770 1080.9
1167780 1081.0
1167790 1081.0
1167800 1081.1
1167810 1081.2
1167820 1081.2
1167830 1081.4
1167840 1081.7
1167850 1081.7
1167860 1081.8
1167870 1081.9
1167880 1081.9
1167890 1082.0
1167900 1082.0
1167910 1082.0
1167920 1082.6
1167930 1082.9
1167940 1082.9
1167950 1083.0
1167960 1083.0
1167970 1083.0
1167980 1082.7
1167990 1082.6
1168000 1082.6
1168010 1082.7
1168020 1082.8
1168030 1082.8
1168040 1082.9
1168050 1083.0
1168060 1083.1
1168070 1083.1
1168080 1083.2
1168090 1083.4
1168100 1083.4
1168110 1083.6
1168120 1083.6
1168130 1083.6
1168140 1083.7
1168150 1083.7
1168160 1083.7
1168170 1083.8
1168180 1083.9
1168190 1083.9
1168200 1084.0
1168210 1084.2
1168220 1084.2
1168230 1084.3
1168240 1084.4
1168250 1084.4
1168260 1084.7
1168270 1085.0
1168280 1085.0
1168290 1085.1
1168300 1085.2
1168310 1085.2
1168320 1085.4
1168330 1085.5
1168340 1085.5
1168350 1086.0
1168360 1086.4
1168370 1086.4
1168380 1086.1
1168390 1085.3
1168400 1085.0
1168410 1085.0
1168420 1085.8
1168430 1086.7
1168440 1086.7
1168450 1086.6
1168460 1086.7
1168470 1086.7
1168480 1086.6
1168490 1086.3
1168500 1086.3
1168510 1086.3
1168520 1086.6
1168530 1086.6
1168540 1088.2
1168550 1090.7
1168560 1090.7
1168570 1091.3
1168580 1091.4
1168590 1091.4
1168600 1091.8
1168610 1090.7
1168620 1090.7
1168630 1089.9
1168640 1090.8
1168650 1090.8
1168660 1091.2
1168670 1091.3
1168680 1091.3
1168690 1091.5
1168700 1092.0
1168710 1092.0
1168720 1092.2
1168730 1092.6
1168740 1092.8
1168750 1092.8
1168760 1092.6
1168770 1092.6
1168780 1092.6
1168790 1092.5
1168800 1092.4
1168810 1092.4
1168820 1092.6
1168830 1092.9
1168840 1093.3
1168850 1093.5
1168860 1093.5
1168870 1093.5
1168880 1093.5
1168890 1093.7
1168900 1093.7
1168910 1093.8
1168920 1094.2
1168930 1094.2
1168940 1095.1
1168950 1095.4
1168960 1095.4
1168970 1094.6
1168980 1094.6
1168990 1094.6
1169000 1094.7
1169010 1094.7
1169020 1094.7
1169030 1094.6
1169040 1094.5
1169050 1094.5
1169060 1094.5
1169070 1094.4
1169080 1094.4
1169090 1094.4
1169100 1094.2
1169110 1093.8
1169120 1093.8
1169130 1093.5
1169140 1093.3
1169150 1093.3
1169160 1093.6
1169170 1093.4
1169180 1093.4
1169190 1093.0
1169200 1092.7
1169210 1092.7
1169220 1092.3
1169230 1092.1
1169240 1092.5
1169250 1092.1
1169260 1091.7
1169270 1091.7
1169280 1091.5
1169290 1091.2
1169300 1091.2
1169310 1091.0
1169320 1090.5
1169330 1090.5
1169340 1090.1
1169350 1089.8
1169360 1089.8
1169370 1089.8
1169380 1089.8
1169390 1089.8
1169400 1089.9
1169410 1089.9
1169420 1089.9
1169430 1089.9
1169440 1089.8
1169450 1089.9
1169460 1089.9
1169470 1090.1
1169480 1090.2
1169490 1090.2
1169500 1090.4
1169510 1090.2
1169520 1090.2
1169530 1090.4
1169540 1090.5
1169550 1090.5
1169560 1090.5
1169570 1090.6
1169580 1090.6
1169590 1090.8
1169600 1091.0
1169610 1091.0
1169620 1091.2
1169630 1091.5
1169640 1091.5
1169650 1091.6
1169660 1091.6
1169670 1091.6
1169680 1091.5
1169690 1090.2
1169700 1090.2
1169710 1090.3
1169720 1091.2
1169730 1091.2
1169740 1090.9
1169750 1090.2
1169760 1090.2
1169770 1090.1
1169780 1090.6
1169790 1090.6
1169800 1091.1
1169810 1091.5
1169820 1091.6
1169830 1091.6
1169840 1091.6
1169850 1091.6
1169860 1091.6
1169870 1091.6
1169880 1091.5
1169890 1091.5
1169900 1091.6
1169910 1091.6
1169920 1091.6
1169930 1091.5
1169940 1091.6
1169950 1091.6
1169960 1091.6
1169970 1091.8
1169980 1091.8
1169990 1091.9
1170000 1092.1
1170010 1092.1
1170020 1092.2
1170030 1092.3
1170040 1092.3
1170050 1092.3
1170060 1092.2
1170070 1092.2
1170080 1092.1
1170090 1092.0
1170100 1092.0
1170110 1092.0
1170120 1092.0
1170130 1092.0
1170140 1092.0
1170150 1092.1
1170160 1092.2
1170170 1092.2
1170180 1092.3
1170190 1092.7
1170200 1092.7
1170210 1093.4
1170220 1094.1
1170230 1094.1
1170240 1093.9
1170250 1093.2
1170260 1093.2
1170270 1093.1
1170280 1093.3
1170290 1093.3
1170300 1093.3
1170310 1093.0
1170320 1093.0
1170330 1092.8
1170340 1092.7
1170350 1092.7
1170360 1092.7
1170370 1092.9
1170380 1092.9
1170390 1093.2
1170400 1093.5
1170410 1093.5
1170420 1094.0
1170430 1095.2
1170440 1095.2
1170450 1096.0
1170460 1095.8
1170470 1095.8
1170480 1095.7
1170490 1095.2
1170500 1095.2
1170510 1095.4
1170520 1096.2
1170530 1096.8
1170540 1096.8
1170550 1097.3
1170560 1097.0
1170570 1097.0
1170580 1096.3
1170590 1095.7
1170600 1095.7
1170610 1095.4
1170620 1094.8
1170630 1094.8
1170640 1093.5
1170650 1093.4
1170660 1093.4
1170670 1093.7
1170680 1094.0
1170690 1094.0
1170700 1094.1
1170710 1094.4
1170720 1094.4
1170730 1095.1
1170740 1095.6
1170750 1095.6
1170760 1095.8
1170770 1095.9
1170780 1095.9
1170790 1095.7
1170800 1095.3
1170810 1095.3
1170820 1095.4
1170830 1095.4
1170840 1095.4
1170850 1095.3
1170860 1095.2
1170870 1094.5
1170880 1094.5
1170890 1094.2
1170900 1094.2
1170910 1094.2
1170920 1094.2
1170930 1094.2
1170940 1094.2
1170950 1094.3
1170960 1094.3
1170970 1094.3
1170980 1094.2
1170990 1094.2
1171000 1094.2
1171010 1094.2
1171020 1094.2
1171030 1094.2
1171040 1094.3
1171050 1094.4
1171060 1094.4
1171070 1094.4
1171080 1094.4
1171090 1094.4
1171100 1094.3
1171110 1094.3
1171120 1094.3
1171130 1094.3
1171140 1094.4
1171150 1094.4
1171160 1094.4
1171170 1094.4
1171180 1094.4
1171190 1094.4
1171200 1094.3
1171210 1094.3
1171220 1094.2
1171230 1094.0
1171240 1093.9
1171250 1093.9
1171260 1093.8
1171270 1093.8
1171280 1093.1
1171290 1093.1
1171300 1093.1
1171310 1093.1
1171320 1093.1
1171330 1093.2
1171340 1093.2
1171350 1093.4
1171360 1093.9
1171370 1093.9
1171380 1094.4
1171390 1094.6
1171400 1094.6
1171410 1094.7
1171420 1094.8
1171430 1094.8
1171440 1094.9
1171450 1094.8
1171460 1094.8
1171470 1094.7
1171480 1094.7
1171490 1094.7
1171500 1094.8
1171510 1094.8
1171520 1094.8
1171530 1094.9
1171540 1094.9
1171550 1094.9
1171560 1094.9
1171570 1095.0
1171580 1095.0
1171590 1095.0
1171600 1095.0
1171610 1095.0
1171620 1095.0
1171630 1095.0
1171640 1095.0
1171650 1095.0
1171660 1095.1
1171670 1095.0
1171680 1095.0
1171690 1094.9
1171700 1094.9
1171710 1094.9
1171720 1094.9
1171730 1095.0
1171740 1095.0
1171750 1095.2
1171760 1095.4
1171770 1095.4
1171780 1095.5
1171790 1095.7
1171800 1095.7
1171810 1095.8
1171820 1095.9
1171830 1095.9
1171840 1096.0
1171850 1096.1
1171860 1096.1
1171870 1095.9
1171880 1095.7
1171890 1095.7
1171900 1095.8
1171910 1095.9
1171920 1096.0
1171930 1096.0
1171940 1096.3
1171950 1096.3
1171960 1096.3
1171970 1096.0
1171980 1096.2
1171990 1096.2
1172000 1096.5
1172010 1096.5
1172020 1096.5
1172030 1097.5
1172040 1097.9
1172050 1097.9
1172060 1098.0
1172070 1098.1
1172080 1098.1
1172090 1098.5
1172100 1099.3
1172110 1099.3
1172120 1099.3
1172130 1099.2
1172140 1099.2
1172150 1099.4
1172160 1100.1
1172170 1100.1
1172180 1101.5
1172190 1102.4
1172200 1102.4
1172210 1102.7
1172220 1102.6
1172230 1102.6
1172240 1102.3
1172250 1101.7
1172260 1101.7
1172270 1101.4
1172280 1101.3
1172290 1101.3
1172300 1101.3
1172310 1101.4
1172320 1101.1
1172330 1101.1
1172340 1101.0
1172350 1101.3
1172360 1101.3
1172370 1101.1
1172380 1101.1
1172390 1101.1
1172400 1101.4
1172410 1101.7
1172420 1101.7
1172430 1101.9
1172440 1102.2
1172450 1102.2
1172460 1102.3
1172470 1102.4
1172480 1102.4
1172490 1102.9
1172500 1102.9
1172510 1102.9
1172520 1103.1
1172530 1103.1
1172540 1103.1
1172550 1102.2
1172560 1101.5
1172570 1101.5
1172580 1101.0
1172590 1100.7
1172600 1100.7
1172610 1100.5
1172620 1100.3
1172630 1100.1
1172640 1100.1
1172650 1099.6
1172660 1099.2
1172670 1099.2
1172680 1099.0
1172690 1098.9
1172700 1098.9
1172710 1098.9
1172720 1098.8
1172730 1098.8
1172740 1098.8
1172750 1098.8
1172760 1098.8
1172770 1098.9
1172780 1098.9
1172790 1098.9
1172800 1098.9
1172810 1099.0
1172820 1099.0
1172830 1099.2
1172840 1099.3
1172850 1099.3
1172860 1099.3
1172870 1099.4
1172880 1099.4
1172890 1099.5
1172900 1099.7
1172910 1099.7
1172920 1099.9
1172930 1100.2
1172940 1100.2
1172950 1100.5
1172960 1100.9
1172970 1100.9
1172980 1101.1
1172990 1101.4
1173000 1101.9
1173010 1101.9
1173020 1102.3
1173030 1102.7
1173040 1102.7
1173050 1103.0
1173060 1103.3
1173070 1103.3
1173080 1103.8
1173090 1104.3
1173100 1104.3
1173110 1104.6
1173120 1104.7
1173130 1104.7
1173140 1105.0
1173150 1105.3
1173160 1105.3
1173170 1105.6
1173180 1106.0
1173190 1106.0
1173200 1106.3
1173210 1106.6
1173220 1106.6
1173230 1107.0
1173240 1107.4
1173250 1107.4
1173260 1108.2
1173270 1108.7
1173280 1108.7
1173290 1109.8
1173300 1111.1
1173310 1111.1
1173320 1109.8
1173330 1108.2
1173340 1107.1
1173350 1107.1
1173360 1106.1
1173370 1105.5
1173380 1105.5
1173390 1105.0
1173400 1104.7
1173410 1104.7
1173420 1104.6
1173430 1104.5
1173440 1104.5
1173450 1104.5
1173460 1104.7
1173470 1104.7
1173480 1105.0
1173490 1105.3
1173500 1105.3
1173510 1105.6
1173520 1108.0
1173530 1108.0
1173540 1112.4
1173550 1117.0
1173560 1117.0
1173570 1120.5
1173580 1122.2
1173590 1122.2
1173600 1122.5
1173610 1122.3
1173620 1122.3
1173630 1122.3
1173640 1122.1
1173650 1122.1
1173660 1121.7
1173670 1121.4
1173680 1121.4
1173690 1121.5
1173700 1122.5
1173710 1123.0
1173720 1123.0
1173730 1123.3
1173740 1123.4
1173750 1123.4
1173760 1123.3
1173770 1123.2
1173780 1123.2
1173790 1123.0
1173800 1122.7
1173810 1122.7
1173820 1122.4
1173830 1122.1
1173840 1122.1
1173850 1121.8
1173860 1121.6
1173870 1121.6
1173880 1121.7
1173890 1121.8
1173900 1121.8
1173910 1121.9
1173920 1122.1
1173930 1122.1
1173940 1122.3
1173950 1122.5
1173960 1122.5
1173970 1122.6
1173980 1122.7
1173990 1122.7
1174000 1122.8
1174010 1123.3
1174020 1123.3
1174030 1123.6
1174040 1123.7
1174050 1123.8
1174060 1123.8
1174070 1123.9
1174080 1124.1
1174090 1124.1
1174100 1124.3
1174110 1124.4
1174120 1124.4
1174130 1124.5
1174140 1124.7
1174150 1124.7
1174160 1124.7
1174170 1124.7
1174180 1124.7
1174190 1124.9
1174200 1125.1
1174210 1125.1
1174220 1125.4
1174230 1125.8
1174240 1125.8
1174250 1126.0
1174260 1125.7
1174270 1125.7
1174280 1125.8
1174290 1125.6
1174300 1125.6
1174310 1126.4
1174320 1126.9
1174330 1126.9
1174340 1126.9
1174350 1126.4
1174360 1126.4
1174370 1126.1
1174380 1126.1
1174390 1126.1
1174400 1126.6
1174410 1127.4
1174420 1127.7
1174430 1127.7
1174440 1128.0
1174450 1128.3
1174460 1128.3
1174470 1128.6
1174480 1128.9
1174490 1128.9
1174500 1129.2
1174510 1129.6
1174520 1129.6
1174530 1130.1
1174540 1130.6
1174550 1130.6
1174560 1130.9
1174570 1131.2
1174580 1131.2
1174590 1131.5
1174600 1132.0
1174610 1132.0
1174620 1132.5
1174630 1133.1
1174640 1133.1
1174650 1133.7
1174660 1134.3
1174670 1134.3
1174680 1134.7
1174690 1135.1
1174700 1135.1
1174710 1135.5
1174720 1136.0
1174730 1136.0
1174740 1136.5
1174750 1137.0
1174760 1137.7
1174770 1137.7
1174780 1138.2
1174790 1138.3
1174800 1138.3
1174810 1138.2
1174820 1138.3
1174830 1138.3
1174840 1138.2
1174850 1138.2
1174860 1138.2
1174870 1138.7
1174880 1139.1
1174890 1139.1
1174900 1139.3
1174910 1141.1
1174920 1141.1
1174930 1145.0
1174940 1148.5
1174950 1148.5
1174960 1150.8
1174970 1149.4
1174980 1149.4
1174990 1149.9
1175000 1152.3
1175010 1152.3
1175020 1152.5
1175030 1152.3
1175040 1152.3
1175050 1151.8
1175060 1151.1
1175070 1151.1
1175080 1150.7
1175090 1151.3
1175100 1152.0
1175110 1152.0
1175120 1152.5
1175130 1153.1
1175140 1153.1
1175150 1153.6
1175160 1153.9
1175170 1153.9
1175180 1154.3
1175190 1154.9
1175200 1154.9
1175210 1155.3
1175220 1155.6
1175230 1155.6
1175240 1155.9
1175250 1156.2
1175260 1156.2
1175270 1156.5
1175280 1156.9
1175290 1156.9
1175300 1157.5
1175310 1158.4
1175320 1158.4
1175330 1159.3
1175340 1160.0
1175350 1160.0
1175360 1160.8
1175370 1161.6
1175380 1161.5
1175390 1162.2
1175400 1162.9
1175410 1162.9
1175420 1163.7
1175430 1164.3
1175440 1164.3
1175450 1164.8
1175460 1165.4
1175470 1166.3
1175480 1166.3
1175490 1167.2
1175500 1168.2
1175510 1168.2
1175520 1168.8
1175530 1169.4
1175540 1169.4
1175550 1169.7
1175560 1169.9
1175570 1169.9
1175580 1172.0
1175590 1174.9
1175600 1174.9
1175610 1177.3
1175620 1179.2
1175630 1179.2
1175640 1180.5
1175650 1182.1
1175660 1182.1
1175670 1183.9
1175680 1186.3
1175690 1186.3
1175700 1188.9
1175710 1191.3
1175720 1191.3
1175730 1193.1
1175740 1193.7
1175750 1193.7
1175760 1192.7
1175770 1190.1
1175780 1190.1
1175790 1187.7
1175800 1188.9
1175810 1187.0
1175820 1187.0
1175830 1186.4
1175840 1188.2
1175850 1188.2
1175860 1190.4
1175870 1194.6
1175880 1194.6
1175890 1198.2
1175900 1200.1
1175910 1200.1
1175920 1201.5
1175930 1203.0
1175940 1203.0
1175950 1204.5
1175960 1206.2
1175970 1206.2
1175980 1208.0
1175990 1210.4
1176000 1210.4
1176010 1212.6
1176020 1214.9
1176030 1214.9
1176040 1217.2
1176050 1218.9
1176060 1218.9
1176070 1220.0
1176080 1220.8
1176090 1220.8
1176100 1221.9
1176110 1223.3
1176120 1223.3
1176130 1224.6
1176140 1225.5
1176150 1225.5
1176160 1225.4
1176170 1226.3
1176180 1227.5
1176190 1227.5
1176200 1228.7
1176210 1233.8
1176220 1233.8
1176230 1236.2
1176240 1238.6
1176250 1238.6
1176260 1240.4
1176270 1242.7
1176280 1242.7
1176290 1243.9
1176300 1242.5
1176310 1242.5
1176320 1239.9
1176330 1239.2
1176340 1239.2
1176350 1238.1
1176360 1235.0
1176370 1235.0
1176380 1233.1
1176390 1231.8
1176400 1231.8
1176410 1230.7
1176420 1226.9
1176430 1226.9
1176440 1223.6
1176450 1220.9
1176460 1220.9
1176470 1221.9
1176480 1225.7
1176490 1225.7
1176500 1229.3
1176510 1233.4
1176520 1236.5
1176530 1236.5
1176540 1238.4
1176550 1240.3
1176560 1240.3
1176570 1242.4
1176580 1243.8
1176590 1243.8
1176600 1245.6
1176610 1247.3
1176620 1247.3
1176630 1249.3
1176640 1249.2
1176650 1249.2
1176660 1250.6
1176670 1253.0
1176680 1253.0
1176690 1254.1
1176700 1255.7
1176710 1255.7
1176720 1258.1
1176730 1260.7
1176740 1260.7
1176750 1261.9
1176760 1263.1
1176770 1263.1
1176780 1264.1
1176790 1265.3
1176800 1265.3
1176810 1266.8
1176820 1269.1
1176830 1269.1
1176840 1271.7
1176850 1274.5
1176860 1274.5
1176870 1276.5
1176880 1278.5
1176890 1279.9
1176900 1279.9
1176910 1280.2
1176920 1281.6
1176930 1281.6
1176940 1282.4
1176950 1284.4
1176960 1284.4
1176970 1285.1
1176980 1284.6
1176990 1284.6
1177000 1284.7
1177010 1284.9
1177020 1284.9
1177030 1285.2
1177040 1279.9
1177050 1279.9
1177060 1277.9
1177070 1280.5
1177080 1280.5
1177090 1283.2
1177100 1286.0
1177110 1286.0
1177120 1288.7
1177130 1291.4
1177140 1291.4
1177150 1294.3
1177160 1297.7
1177170 1297.7
1177180 1301.2
1177190 1304.4
1177200 1304.4
1177210 1308.1
1177220 1310.7
1177230 1311.9
1177240 1311.9
1177250 1312.8
1177260 1313.8
1177270 1313.8
1177280 1315.8
1177290 1318.8
1177300 1318.8
1177310 1324.9
1177320 1332.4
1177330 1332.4
1177340 1336.7
1177350 1342.9
1177360 1342.9
1177370 1349.7
1177380 1353.5
1177390 1353.5
1177400 1355.0
1177410 1357.5
1177420 1357.5
1177430 1360.2
1177440 1362.2
1177450 1362.2
1177460 1363.9
1177470 1365.3
1177480 1365.3
1177490 1366.2
1177500 1365.5
1177510 1365.5
1177520 1365.6
1177530 1362.9
1177540 1362.9
1177550 1356.8
1177560 1353.5
1177570 1352.7
1177580 1352.7
1177590 1355.6
1177600 1360.5
1177610 1360.5
1177620 1366.3
1177630 1371.3
1177640 1371.3
1177650 1374.6
1177660 1375.8
1177670 1375.8
1177680 1376.1
1177690 1376.0
1177700 1376.0
1177710 1376.2
1177720 1377.1
1177730 1377.1
1177740 1380.1
1177750 1382.7
1177760 1382.7
1177770 1387.2
1177780 1392.5
1177790 1392.5
1177800 1399.3
1177810 1403.5
1177820 1403.5
1177830 1404.4
1177840 1405.7
1177850 1405.7
1177860 1409.1
1177870 1419.4
1177880 1419.4
1177890 1419.3
1177900 1419.5
1177910 1419.5
1177920 1420.7
1177930 1421.9
1177940 1421.7
1177950 1421.7
1177960 1419.5
1177970 1420.7
1177980 1420.7
1177990 1422.7
1178000 1425.0
1178010 1425.0
1178020 1428.5
1178030 1434.5
1178040 1434.5
1178050 1440.4
1178060 1444.9
1178070 1444.9
1178080 1449.1
1178090 1452.7
1178100 1452.7
1178110 1450.3
1178120 1448.9
1178130 1448.9
1178140 1450.2
1178150 1454.0
1178160 1454.0
1178170 1457.9
1178180 1461.4
1178190 1461.4
1178200 1465.4
1178210 1470.6
1178220 1470.6
1178230 1476.0
1178240 1478.3
1178250 1478.3
1178260 1481.7
1178270 1487.9
1178280 1494.6
1178290 1498.2
1178300 1501.3
1178310 1502.9
1178320 1502.9
1178330 1507.4
1178340 1514.3
1178350 1514.3
1178360 1522.4
1178370 1530.5
1178380 1530.5
1178390 1539.3
1178400 1550.1
1178410 1550.1
1178420 1567.2
1178430 1578.7
1178440 1578.7
1178450 1587.4
1178460 1595.6
1178470 1595.6
1178480 1604.2
1178490 1618.4
1178500 1618.4
1178510 1626.6
1178520 1626.0
1178530 1626.0
1178540 1624.5
1178550 1622.2
1178560 1622.2
1178570 1620.3
1178580 1620.4
1178590 1620.4
1178600 1621.1
1178610 1622.2
1178620 1622.2
1178630 1623.6
1178640 1625.2
1178650 1626.3
1178660 1626.3
1178670 1627.3
1178680 1629.7
1178690 1629.7
1178700 1632.6
1178710 1638.7
1178720 1638.7
1178730 1643.5
1178740 1648.1
1178750 1648.1
1178760 1652.6
1178770 1657.6
1178780 1657.6
1178790 1661.5
1178800 1664.4
1178810 1664.4
1178820 1666.2
1178830 1664.6
1178840 1664.6
1178850 1660.6
1178860 1656.9
1178870 1656.9
1178880 1655.4
1178890 1653.1
1178900 1653.1
1178910 1650.5
1178920 1647.8
1178930 1647.8
1178940 1645.4
1178950 1643.2
1178960 1643.2
1178970 1640.0
1178980 1637.3
1178990 1635.2
1179000 1635.2
1179010 1631.0
1179020 1624.7
1179030 1624.7
1179040 1618.8
1179050 1613.3
1179060 1613.3
1179070 1609.1
1179080 1604.8
1179090 1604.8
1179100 1599.1
1179110 1595.4
1179120 1595.4
1179130 1590.3
1179140 1589.3
1179150 1589.3
1179160 1589.3
1179170 1591.0
1179180 1591.0
1179190 1590.7
1179200 1590.7
1179210 1590.7
1179220 1593.0
1179230 1595.5
1179240 1595.5
1179250 1597.1
1179260 1598.4
1179270 1598.4
1179280 1600.1
1179290 1603.0
1179300 1603.0
1179310 1606.7
1179320 1610.8
1179330 1615.2
1179340 1615.2
1179350 1619.1
1179360 1622.9
1179370 1622.9
1179380 1626.4
1179390 1629.7
1179400 1629.7
1179410 1632.5
1179420 1636.3
1179430 1636.3
1179440 1641.8
1179450 1648.3
1179460 1648.3
1179470 1658.5
1179480 1669.1
1179490 1669.1
1179500 1676.4
1179510 1685.9
1179520 1685.9
1179530 1697.1
1179540 1703.9
1179550 1703.9
1179560 1706.9
1179570 1709.6
1179580 1709.6
1179590 1708.5
1179600 1704.1
1179610 1704.1
1179620 1695.1
1179630 1697.0
1179640 1697.0
1179650 1701.7
1179660 1701.1
1179670 1701.1
1179680 1700.9
1179690 1703.9
1179700 1716.6
1179710 1716.6
1179720 1731.1
1179730 1737.9
1179740 1737.9
1179750 1744.4
1179760 1752.1
1179770 1752.1
1179780 1760.8
1179790 1767.4
1179800 1767.4
1179810 1774.9
1179820 1785.2
1179830 1785.2
1179840 1792.3
1179850 1802.6
1179860 1802.6
1179870 1813.7
1179880 1818.9
1179890 1818.9
1179900 1826.9
1179910 1835.0
1179920 1835.0
1179930 1856.4
1179940 1886.3
1179950 1886.3
1179960 1878.7
1179970 1889.6
1179980 1889.6
1179990 1897.4
