1161470 1159.5
1161480 1159.5
1161490 1156.6
1161500 1153.7
1161510 1153.7
1161520 1151.2
1161530 1149.4
1161540 1147.6
1161550 1147.6
1161560 1145.3
1161570 1142.5
1161580 1142.5
1161590 1138.4
1161600 1134.1
1161610 1134.1
1161620 1130.2
1161630 1127.1
1161640 1127.1
1161650 1124.6
1161660 1122.9
1161670 1122.9
1161680 1122.3
1161690 1121.2
1161700 1121.2
1161710 1120.7
1161720 1120.2
1161730 1120.2
1161740 1119.4
1161750 1118.6
1161760 1118.6
1161770 1119.4
1161780 1120.1
1161790 1120.1
1161800 1121.0
1161810 1122.2
1161820 1122.2
1161830 1123.8
1161840 1125.7
1161850 1125.7
1161860 1127.6
1161870 1129.5
1161880 1131.3
1161890 1131.3
1161900 1132.8
1161910 1134.0
1161920 1134.0
1161930 1135.2
1161940 1136.2
1161950 1136.2
1161960 1136.7
1161970 1137.0
1161980 1137.0
1161990 1136.9
1162000 1136.5
1162010 1136.5
1162020 1135.8
1162030 1134.1
1162040 1134.1
1162050 1132.4
1162060 1131.3
1162070 1131.3
1162080 1132.0
1162090 1132.3
1162100 1132.3
1162110 1132.8
1162120 1133.2
1162130 1133.2
1162140 1133.6
1162150 1133.7
1162160 1133.7
1162170 1133.6
1162180 1133.6
1162190 1133.6
1162200 1133.6
1162210 1133.4
1162220 1133.4
1162230 1132.8
1162240 1132.0
1162250 1130.9
1162260 1130.9
1162270 1129.5
1162280 1127.8
1162290 1127.8
1162300 1124.6
1162310 1120.2
1162320 1120.2
1162330 1115.7
1162340 1112.5
1162350 1112.5
1162360 1109.9
1162370 1106.9
1162380 1106.9
1162390 1103.3
1162400 1099.5
1162410 1099.5
1162420 1096.0
1162430 1093.6
1162440 1093.6
1162450 1091.4
1162460 1091.1
1162470 1092.7
1162480 1093.4
1162490 1094.3
1162500 1094.3
1162510 1094.8
1162520 1095.1
1162530 1095.1
1162540 1095.0
1162550 1094.6
1162560 1094.6
1162570 1093.9
1162580 1092.1
1162590 1092.1
1162600 1089.2
1162610 1086.4
1162620 1084.6
1162630 1084.6
1162640 1083.1
1162650 1081.3
1162660 1081.3
1162670 1079.4
1162680 1077.7
1162690 1077.7
1162700 1076.0
1162710 1073.0
1162720 1073.0
1162730 1069.3
1162740 1066.2
1162750 1066.2
1162760 1065.0
1162770 1064.4
1162780 1064.4
1162790 1064.0
1162800 1064.9
1162810 1064.9
1162820 1066.5
1162830 1066.7
1162840 1066.7
1162850 1065.0
1162860 1063.3
1162870 1064.1
1162880 1063.7
1162890 1063.6
1162900 1063.6
1162910 1063.7
1162920 1063.4
1162930 1063.4
1162940 1062.9
1162950 1062.5
1162960 1062.5
1162970 1062.2
1162980 1061.9
1162990 1061.6
1163000 1061.6
1163010 1061.5
1163020 1061.5
1163030 1061.5
1163040 1061.3
1163050 1061.1
1163060 1061.1
1163070 1061.3
1163080 1061.1
1163090 1061.1
1163100 1060.7
1163110 1060.9
1163120 1060.9
1163130 1061.5
1163140 1062.0
1163150 1062.0
1163160 1061.6
1163170 1061.0
1163180 1061.0
1163190 1061.0
1163200 1061.0
1163210 1061.0
1163220 1061.0
1163230 1060.8
1163240 1060.8
1163250 1060.8
1163260 1061.0
1163270 1060.7
1163280 1060.4
1163290 1060.7
1163300 1060.7
1163310 1061.1
1163320 1061.5
1163330 1061.5
1163340 1062.5
1163350 1063.6
1163360 1064.1
1163370 1064.1
1163380 1064.3
1163390 1064.8
1163400 1064.8
1163410 1065.7
1163420 1066.6
1163430 1066.6
1163440 1067.0
1163450 1066.6
1163460 1066.6
1163470 1065.7
1163480 1065.1
1163490 1065.1
1163500 1064.9
1163510 1064.6
1163520 1064.6
1163530 1064.0
1163540 1063.7
1163550 1063.7
1163560 1064.2
1163570 1065.0
1163580 1065.0
1163590 1065.5
1163600 1065.9
1163610 1065.9
1163620 1067.0
1163630 1067.5
1163640 1067.5
1163650 1065.5
1163660 1061.1
1163670 1058.7
1163680 1054.8
1163690 1050.7
1163700 1050.7
1163710 1045.0
1163720 1037.4
1163730 1031.4
1163740 1031.4
1163750 1025.7
1163760 1021.8
1163770 1021.8
1163780 1027.1
1163790 1037.1
1163800 1037.1
1163810 1040.6
1163820 1026.6
1163830 1026.6
1163840 1007.5
1163850 1010.2
1163860 1010.2
1163870 1023.0
1163880 1048.7
1163890 1048.7
1163900 1072.4
1163910 1085.0
1163920 1085.0
1163930 1092.8
1163940 1099.2
1163950 1099.2
1163960 1104.3
1163970 1110.8
1163980 1110.8
1163990 1118.2
1164000 1126.7
1164010 1126.7
1164020 1134.0
1164030 1141.5
1164040 1141.5
1164050 1149.0
1164060 1156.4
1164070 1157.4
1164080 1165.5
1164090 1172.8
1164100 1179.9
1164110 1179.9
1164120 1186.3
1164130 1193.4
1164140 1193.4
1164150 1201.9
1164160 1211.6
1164170 1211.6
1164180 1219.2
1164190 1224.9
1164200 1224.9
1164210 1231.0
1164220 1237.8
1164230 1237.8
1164240 1246.0
1164250 1254.0
1164260 1254.0
1164270 1260.5
1164280 1263.2
1164290 1263.2
1164300 1265.5
1164310 1269.2
1164320 1269.2
1164330 1274.5
1164340 1280.0
1164350 1280.0
1164360 1283.5
1164370 1285.9
1164380 1285.9
1164390 1286.5
1164400 1286.2
1164410 1286.2
1164420 1285.5
1164430 1284.6
1164440 1284.6
1164450 1282.8
1164460 1282.4
1164470 1279.6
1164480 1279.6
1164490 1276.5
1164500 1274.7
1164510 1274.7
1164520 1271.4
1164530 1267.0
1164540 1267.0
1164550 1264.5
1164560 1264.6
1164570 1264.6
1164580 1261.9
1164590 1258.8
1164600 1258.8
1164610 1261.2
1164620 1263.8
1164630 1263.8
1164640 1265.8
1164650 1267.5
1164660 1267.5
1164670 1268.4
1164680 1269.0
1164690 1269.0
1164700 1268.6
1164710 1267.8
1164720 1267.8
1164730 1268.3
1164740 1268.9
1164750 1268.9
1164760 1268.8
1164770 1268.8
1164780 1268.8
1164790 1269.0
1164800 1269.1
1164810 1269.2
1164820 1269.2
1164830 1269.2
1164840 1269.3
1164850 1269.3
1164860 1267.2
1164870 1266.6
1164880 1266.6
1164890 1264.6
1164900 1263.6
1164910 1263.6
1164920 1264.7
1164930 1265.6
1164940 1265.6
1164950 1266.6
1164960 1267.6
1164970 1267.6
1164980 1268.0
1164990 1269.5
1165000 1269.5
1165010 1273.2
1165020 1277.5
1165030 1277.5
1165040 1282.5
1165050 1287.6
1165060 1287.6
1165070 1293.0
1165080 1298.4
1165090 1298.4
1165100 1302.3
1165110 1304.4
1165120 1304.4
1165130 1305.5
1165140 1306.7
1165150 1306.7
1165160 1308.3
1165170 1310.0
1165180 1312.2
1165190 1312.2
1165200 1314.3
1165210 1316.5
1165220 1316.5
1165230 1318.0
1165240 1319.0
1165250 1319.0
1165260 1319.8
1165270 1318.8
1165280 1318.8
1165290 1319.0
1165300 1319.8
1165310 1319.8
1165320 1320.4
1165330 1321.2
1165340 1321.2
1165350 1321.8
1165360 1322.6
1165370 1322.6
1165380 1323.8
1165390 1325.5
1165400 1325.5
1165410 1327.6
1165420 1329.6
1165430 1329.6
1165440 1332.2
1165450 1335.0
1165460 1335.0
1165470 1338.6
1165480 1342.2
1165490 1342.2
1165500 1346.3
1165510 1351.3
1165520 1351.3
1165530 1355.8
1165540 1360.8
1165550 1365.5
1165560 1365.5
1165570 1369.1
1165580 1372.1
1165590 1372.1
1165600 1375.3
1165610 1378.7
1165620 1378.7
1165630 1381.1
1165640 1382.1
1165650 1382.1
1165660 1382.6
1165670 1384.3
1165680 1384.3
1165690 1383.3
1165700 1381.6
1165710 1381.6
1165720 1378.1
1165730 1374.8
1165740 1374.8
1165750 1373.5
1165760 1373.5
1165770 1373.5
1165780 1373.4
1165790 1372.8
1165800 1372.8
1165810 1370.9
1165820 1368.6
1165830 1368.6
1165840 1366.0
1165850 1363.5
1165860 1363.5
1165870 1362.6
1165880 1362.2
1165890 1362.2
1165900 1361.5
1165910 1360.9
1165920 1359.2
1165930 1359.2
1165940 1359.7
1165950 1360.8
1165960 1360.8
1165970 1361.1
1165980 1361.6
1165990 1361.6
1166000 1362.8
1166010 1363.3
1166020 1363.3
1166030 1365.3
1166040 1365.5
1166050 1365.5
1166060 1367.2
1166070 1372.4
1166080 1372.4
1166090 1374.6
1166100 1378.8
1166110 1378.8
1166120 1382.4
1166130 1385.9
1166140 1385.9
1166150 1389.3
1166160 1392.5
1166170 1392.5
1166180 1395.6
1166190 1398.4
1166200 1398.4
1166210 1400.1
1166220 1400.8
1166230 1400.8
1166240 1401.2
1166250 1401.3
1166260 1401.3
1166270 1401.4
1166280 1401.3
1166290 1400.8
1166300 1400.8
1166310 1399.5
1166320 1398.4
1166330 1398.4
1166340 1397.0
1166350 1394.8
1166360 1394.8
1166370 1392.8
1166380 1391.2
1166390 1391.2
1166400 1389.8
1166410 1388.8
1166420 1388.8
1166430 1388.0
1166440 1387.4
1166450 1387.4
1166460 1387.3
1166470 1388.9
1166480 1388.9
1166490 1389.0
1166500 1388.8
1166510 1388.8
1166520 1389.3
1166530 1389.8
1166540 1389.8
1166550 1389.7
1166560 1388.4
1166570 1388.4
1166580 1388.1
1166590 1386.6
1166600 1386.6
1166610 1385.7
1166620 1384.1
1166630 1384.1
1166640 1382.6
1166650 1381.7
1166660 1381.4
1166670 1381.4
1166680 1381.7
1166690 1384.3
1166700 1384.3
1166710 1388.2
1166720 1392.9
1166730 1392.9
1166740 1395.8
1166750 1397.4
1166760 1397.4
1166770 1399.4
1166780 1402.7
1166790 1402.7
1166800 1405.5
1166810 1408.5
1166820 1408.5
1166830 1411.3
1166840 1414.2
1166850 1414.2
1166860 1416.9
1166870 1417.4
1166880 1417.4
1166890 1421.0
1166900 1424.2
1166910 1424.2
1166920 1427.1
1166930 1429.9
1166940 1429.9
1166950 1433.1
1166960 1436.5
1166970 1436.5
1166980 1440.1
1166990 1444.8
1167000 1444.8
1167010 1449.1
1167020 1453.2
1167030 1456.7
1167040 1456.7
1167050 1459.6
1167060 1462.1
1167070 1462.1
1167080 1464.8
1167090 1466.7
1167100 1466.7
1167110 1468.4
1167120 1470.5
1167130 1470.5
1167140 1471.8
1167150 1472.7
1167160 1472.7
1167170 1474.2
1167180 1476.5
1167190 1476.5
1167200 1477.7
1167210 1479.3
1167220 1479.3
1167230 1483.9
1167240 1487.7
1167250 1487.7
1167260 1489.8
1167270 1488.7
1167280 1488.7
1167290 1491.6
1167300 1495.6
1167310 1495.6
1167320 1499.2
1167330 1503.0
1167340 1503.0
1167350 1506.8
1167360 1510.1
1167370 1513.7
1167380 1513.7
1167390 1517.0
1167400 1520.6
1167410 1520.6
1167420 1524.3
1167430 1528.0
1167440 1528.0
1167450 1531.7
1167460 1535.0
1167470 1535.0
1167480 1538.2
1167490 1540.8
1167500 1540.8
1167510 1543.0
1167520 1545.0
1167530 1545.0
1167540 1546.8
1167550 1548.0
1167560 1548.0
1167570 1548.9
1167580 1549.0
1167590 1549.0
1167600 1545.6
1167610 1540.6
1167620 1540.6
1167630 1536.6
1167640 1533.3
1167650 1533.3
1167660 1530.8
1167670 1527.5
1167680 1522.9
1167690 1518.2
1167700 1513.9
1167710 1513.9
1167720 1510.8
1167730 1507.6
1167740 1504.7
1167750 1504.7
1167760 1501.3
1167770 1498.0
1167780 1498.0
1167790 1494.7
1167800 1491.5
1167810 1491.5
1167820 1487.5
1167830 1483.4
1167840 1483.4
1167850 1479.0
1167860 1474.4
1167870 1474.4
1167880 1469.3
1167890 1464.0
1167900 1464.0
1167910 1459.0
1167920 1453.2
1167930 1453.2
1167940 1447.1
1167950 1442.0
1167960 1442.0
1167970 1436.8
1167980 1431.9
1167990 1431.9
1168000 1428.0
1168010 1423.8
1168020 1423.8
1168030 1419.7
1168040 1415.3
1168050 1415.3
1168060 1411.6
1168070 1408.5
1168080 1405.4
1168090 1403.0
1168100 1400.6
1168110 1399.4
1168120 1399.4
1168130 1399.2
1168140 1398.3
1168150 1398.3
1168160 1396.9
1168170 1395.4
1168180 1395.4
1168190 1393.5
1168200 1391.5
1168210 1391.5
1168220 1389.7
1168230 1388.3
1168240 1388.3
1168250 1386.9
1168260 1385.1
1168270 1385.1
1168280 1382.8
1168290 1380.0
1168300 1380.0
1168310 1377.7
1168320 1375.9
1168330 1375.9
1168340 1374.3
1168350 1372.8
1168360 1372.8
1168370 1371.3
1168380 1369.3
1168390 1369.3
1168400 1366.5
1168410 1362.3
1168420 1362.3
1168430 1356.1
1168440 1347.7
1168450 1347.7
1168460 1338.3
1168470 1330.5
1168480 1324.1
1168490 1320.5
1168500 1318.6
1168510 1318.5
1168520 1318.5
1168530 1317.6
1168540 1311.7
1168550 1311.7
1168560 1315.8
1168570 1322.1
1168580 1322.1
1168590 1321.7
1168600 1321.6
1168610 1321.6
1168620 1321.1
1168630 1323.5
1168640 1323.5
1168650 1325.7
1168660 1324.7
1168670 1324.7
1168680 1325.1
1168690 1327.3
1168700 1327.3
1168710 1325.6
1168720 1323.4
1168730 1323.4
1168740 1322.7
1168750 1322.9
1168760 1322.9
1168770 1323.1
1168780 1322.1
1168790 1322.1
1168800 1320.3
1168810 1319.3
1168820 1319.3
1168830 1317.4
1168840 1316.0
1168850 1315.9
1168860 1315.9
1168870 1315.5
1168880 1314.4
1168890 1315.0
1168900 1312.3
1168910 1313.0
1168920 1313.0
1168930 1312.1
1168940 1306.3
1168950 1306.3
1168960 1297.7
1168970 1290.8
1168980 1290.8
1168990 1284.0
1169000 1278.1
1169010 1278.1
1169020 1278.8
1169030 1287.0
1169040 1287.0
1169050 1294.9
1169060 1300.5
1169070 1300.5
1169080 1300.1
1169090 1302.6
1169100 1302.6
1169110 1309.5
1169120 1312.8
1169130 1312.8
1169140 1312.2
1169150 1314.7
1169160 1314.7
1169170 1319.6
1169180 1324.2
1169190 1324.2
1169200 1328.0
1169210 1330.2
1169220 1335.2
1169230 1335.2
1169240 1341.3
1169250 1347.2
1169260 1347.2
1169270 1352.5
1169280 1357.2
1169290 1357.2
1169300 1363.0
1169310 1367.4
1169320 1367.4
1169330 1371.5
1169340 1375.3
1169350 1375.3
1169360 1378.8
1169370 1383.1
1169380 1383.1
1169390 1387.6
1169400 1391.4
1169410 1391.4
1169420 1394.5
1169430 1396.3
1169440 1396.3
1169450 1398.5
1169460 1401.4
1169470 1401.4
1169480 1404.0
1169490 1406.6
1169500 1406.6
1169510 1409.1
1169520 1410.9
1169530 1410.9
1169540 1413.1
1169550 1414.2
1169560 1414.2
1169570 1415.9
1169580 1417.4
1169590 1418.5
1169600 1418.5
1169610 1420.0
1169620 1423.8
1169630 1423.8
1169640 1427.8
1169650 1431.9
1169660 1431.9
1169670 1435.8
1169680 1439.5
1169690 1439.5
1169700 1445.7
1169710 1446.3
1169720 1446.3
1169730 1446.7
1169740 1446.7
1169750 1446.7
1169760 1445.3
1169770 1443.6
1169780 1443.6
1169790 1442.5
1169800 1442.3
1169810 1442.3
1169820 1441.8
1169830 1441.8
1169840 1441.8
1169850 1443.7
1169860 1445.6
1169870 1445.6
1169880 1448.2
1169890 1451.1
1169900 1451.1
1169910 1453.7
1169920 1455.3
1169930 1457.0
1169940 1457.0
1169950 1460.3
1169960 1464.0
1169970 1464.0
1169980 1468.6
1169990 1475.4
1170000 1475.4
1170010 1482.7
1170020 1489.8
1170030 1489.8
1170040 1501.9
1170050 1512.5
1170060 1512.5
1170070 1526.1
1170080 1533.2
1170090 1533.2
1170100 1541.8
1170110 1551.0
1170120 1551.0
1170130 1557.1
1170140 1562.6
1170150 1562.6
1170160 1569.0
1170170 1574.3
1170180 1574.3
1170190 1579.7
1170200 1586.4
1170210 1586.4
1170220 1590.6
1170230 1590.6
1170240 1590.6
1170250 1589.7
1170260 1589.2
1170270 1589.2
1170280 1587.9
1170290 1587.0
1170300 1589.0
1170310 1589.0
1170320 1594.7
1170330 1601.1
1170340 1601.1
1170350 1603.0
1170360 1602.4
1170370 1602.4
1170380 1601.4
1170390 1599.4
1170400 1599.4
1170410 1597.1
1170420 1590.3
1170430 1590.3
1170440 1579.4
1170450 1577.7
1170460 1577.7
1170470 1579.3
1170480 1581.2
1170490 1581.2
1170500 1575.1
1170510 1562.7
1170520 1552.2
1170530 1534.5
1170540 1525.1
1170550 1525.1
1170560 1517.0
1170570 1509.2
1170580 1509.2
1170590 1501.3
1170600 1493.3
1170610 1493.3
1170620 1485.5
1170630 1478.5
1170640 1478.5
1170650 1471.4
1170660 1463.9
1170670 1456.5
1170680 1456.5
1170690 1449.4
1170700 1442.9
1170710 1442.9
1170720 1437.1
1170730 1432.2
1170740 1432.2
1170750 1428.5
1170760 1426.2
1170770 1426.2
1170780 1424.0
1170790 1420.6
1170800 1420.6
1170810 1417.9
1170820 1416.0
1170830 1416.0
1170840 1413.6
1170850 1414.8
1170860 1414.8
1170870 1415.5
1170880 1414.2
1170890 1414.2
1170900 1414.3
1170910 1415.5
1170920 1416.3
1170930 1412.4
1170940 1413.0
1170950 1413.0
1170960 1415.1
1170970 1413.4
1170980 1413.4
1170990 1411.5
1171000 1411.8
1171010 1411.8
1171020 1410.3
1171030 1406.1
1171040 1403.6
1171050 1403.6
1171060 1402.3
1171070 1400.0
1171080 1400.0
1171090 1397.1
1171100 1396.2
1171110 1396.2
1171120 1396.8
1171130 1399.7
1171140 1399.7
1171150 1402.2
1171160 1405.0
1171170 1405.0
1171180 1408.1
1171190 1411.9
1171200 1411.9
1171210 1416.7
1171220 1423.2
1171230 1423.2
1171240 1429.1
1171250 1432.6
1171260 1432.6
1171270 1436.1
1171280 1440.9
1171290 1440.9
1171300 1446.1
1171310 1451.3
1171320 1451.3
1171330 1471.6
1171340 1476.0
1171350 1476.0
1171360 1476.6
1171370 1476.2
1171380 1476.2
1171390 1471.4
1171400 1465.7
1171410 1455.4
1171420 1455.4
1171430 1443.9
1171440 1439.3
1171450 1439.3
1171460 1437.9
1171470 1434.4
1171480 1434.4
1171490 1433.6
1171500 1432.8
1171510 1432.8
1171520 1431.2
1171530 1428.3
1171540 1428.3
1171550 1423.7
1171560 1419.5
1171570 1419.5
1171580 1416.7
1171590 1414.4
1171600 1414.4
1171610 1411.2
1171620 1407.5
1171630 1407.5
1171640 1403.6
1171650 1399.2
1171660 1399.2
1171670 1394.5
1171680 1388.4
1171690 1388.4
1171700 1380.8
1171710 1373.0
1171720 1373.0
1171730 1365.4
1171740 1362.4
1171750 1362.4
1171760 1358.1
1171770 1353.8
1171780 1349.3
1171790 1349.3
1171800 1345.1
1171810 1340.7
1171820 1340.7
1171830 1335.9
1171840 1330.9
1171850 1330.9
1171860 1325.9
1171870 1321.1
1171880 1321.1
1171890 1316.6
1171900 1313.2
1171910 1313.2
1171920 1309.7
1171930 1306.1
1171940 1306.1
1171950 1303.8
1171960 1302.8
1171970 1302.8
1171980 1301.4
1171990 1299.6
1172000 1299.6
1172010 1298.5
1172020 1297.8
1172030 1297.8
1172040 1297.8
1172050 1297.9
1172060 1297.9
1172070 1298.7
1172080 1298.9
1172090 1298.9
1172100 1297.9
1172110 1297.7
1172120 1298.2
1172130 1298.2
1172140 1297.8
1172150 1299.5
1172160 1299.5
1172170 1298.5
1172180 1297.1
1172190 1297.1
1172200 1295.8
1172210 1294.2
1172220 1294.2
1172230 1292.3
1172240 1290.9
1172250 1290.9
1172260 1291.6
1172270 1291.9
1172280 1291.9
1172290 1291.7
1172300 1292.5
1172310 1292.5
1172320 1292.0
1172330 1290.3
1172340 1290.3
1172350 1288.1
1172360 1285.1
1172370 1285.1
1172380 1282.0
1172390 1276.1
1172400 1276.1
1172410 1268.2
1172420 1259.7
1172430 1259.7
1172440 1252.8
1172450 1246.9
1172460 1246.9
1172470 1240.8
1172480 1234.8
1172490 1225.8
1172500 1225.8
1172510 1220.9
1172520 1215.1
1172530 1215.1
1172540 1209.2
1172550 1202.3
1172560 1206.9
1172570 1199.4
1172580 1192.8
1172590 1192.8
1172600 1187.6
1172610 1184.0
1172620 1184.0
1172630 1181.9
1172640 1178.8
1172650 1178.8
1172660 1174.7
1172670 1170.8
1172680 1170.8
1172690 1167.9
1172700 1165.4
1172710 1165.4
1172720 1162.1
1172730 1159.3
1172740 1159.3
1172750 1158.2
1172760 1155.9
1172770 1155.9
1172780 1151.1
1172790 1146.9
1172800 1146.9
1172810 1145.0
1172820 1144.1
1172830 1144.1
1172840 1142.6
1172850 1140.5
1172860 1138.2
1172870 1138.2
1172880 1136.7
1172890 1136.4
1172900 1136.4
1172910 1137.8
1172920 1136.8
1172930 1136.8
1172940 1133.5
1172950 1132.2
1172960 1132.2
1172970 1132.4
1172980 1129.9
1172990 1129.9
1173000 1128.4
1173010 1124.2
1173020 1124.2
1173030 1120.2
1173040 1117.5
1173050 1117.5
1173060 1114.6
1173070 1111.8
1173080 1111.8
1173090 1107.3
1173100 1103.7
1173110 1103.7
1173120 1101.3
1173130 1100.4
1173140 1100.4
1173150 1099.5
1173160 1098.3
1173170 1098.3
1173180 1096.2
1173190 1094.4
1173200 1094.4
1173210 1093.3
1173220 1091.7
1173230 1090.3
1173240 1090.3
1173250 1088.4
1173260 1086.2
1173270 1086.2
1173280 1083.3
1173290 1078.2
1173300 1078.2
1173310 1073.5
1173320 1073.2
1173330 1073.2
1173340 1073.7
1173350 1073.5
1173360 1073.5
1173370 1073.8
1173380 1076.2
1173390 1076.2
1173400 1074.4
1173410 1073.1
1173420 1073.1
1173430 1073.3
1173440 1073.3
1173450 1073.3
1173460 1073.4
1173470 1073.7
1173480 1073.7
1173490 1074.1
1173500 1074.9
1173510 1074.9
1173520 1075.8
1173530 1075.7
1173540 1075.7
1173550 1076.1
1173560 1076.8
1173570 1076.8
1173580 1077.5
1173590 1078.7
1173600 1079.6
1173610 1079.6
1173620 1080.2
1173630 1080.9
1173640 1080.9
1173650 1081.5
1173660 1082.4
1173670 1082.4
1173680 1083.3
1173690 1084.4
1173700 1084.4
1173710 1086.6
1173720 1090.2
1173730 1090.2
1173740 1094.4
1173750 1098.1
1173760 1098.1
1173770 1100.6
1173780 1102.1
1173790 1098.9
1173800 1102.5
1173810 1105.5
1173820 1105.5
1173830 1108.6
1173840 1111.8
1173850 1111.8
1173860 1114.4
1173870 1117.1
1173880 1117.1
1173890 1119.6
1173900 1122.4
1173910 1122.4
1173920 1125.1
1173930 1126.8
1173940 1126.8
1173950 1129.2
1173960 1132.6
1173970 1136.5
1173980 1136.5
1173990 1137.9
1174000 1135.0
1174010 1135.0
1174020 1132.2
1174030 1135.5
1174040 1135.5
1174050 1141.7
1174060 1144.1
1174070 1144.1
1174080 1145.0
1174090 1145.0
1174100 1145.0
1174110 1146.9
1174120 1149.9
1174130 1149.9
1174140 1152.1
1174150 1154.7
1174160 1154.7
1174170 1156.9
1174180 1158.7
1174190 1158.7
1174200 1158.2
1174210 1159.9
1174220 1159.9
1174230 1162.5
1174240 1164.4
1174250 1164.4
1174260 1166.3
1174270 1168.6
1174280 1168.6
1174290 1171.3
1174300 1173.7
1174310 1173.7
1174320 1174.9
1174330 1178.0
1174340 1181.2
1174350 1181.2
1174360 1186.0
1174370 1192.7
1174380 1192.7
1174390 1199.4
1174400 1205.6
1174410 1205.6
1174420 1212.5
1174430 1219.1
1174440 1219.1
1174450 1225.6
1174460 1233.7
1174470 1233.7
1174480 1242.4
1174490 1250.8
1174500 1250.8
1174510 1259.9
1174520 1267.7
1174530 1267.7
1174540 1275.0
1174550 1281.5
1174560 1281.5
1174570 1288.0
1174580 1295.3
1174590 1295.3
1174600 1303.5
1174610 1306.2
1174620 1306.2
1174630 1312.2
1174640 1319.7
1174650 1319.7
1174660 1325.9
1174670 1331.7
1174680 1337.4
1174690 1337.4
1174700 1343.0
1174710 1347.7
1174720 1347.7
1174730 1352.8
1174740 1358.8
1174750 1358.8
1174760 1364.3
1174770 1367.0
1174780 1367.0
1174790 1368.9
1174800 1369.6
1174810 1369.6
1174820 1370.7
1174830 1372.4
1174840 1372.4
1174850 1375.3
1174860 1377.2
1174870 1377.2
1174880 1378.5
1174890 1381.1
1174900 1381.1
1174910 1384.3
1174920 1386.5
1174930 1386.5
1174940 1388.5
1174950 1390.4
1174960 1390.4
1174970 1392.2
1174980 1394.0
1174990 1394.0
1175000 1396.2
1175010 1399.7
1175020 1399.7
1175030 1398.1
1175040 1401.7
1175050 1403.9
1175060 1403.9
1175070 1406.7
1175080 1409.3
1175090 1409.3
1175100 1411.6
1175110 1413.0
1175120 1413.0
1175130 1412.8
1175140 1414.5
1175150 1414.5
1175160 1418.0
1175170 1420.2
1175180 1420.2
1175190 1422.5
1175200 1424.9
1175210 1424.9
1175220 1425.8
1175230 1424.6
1175240 1424.6
1175250 1422.8
1175260 1418.2
1175270 1418.2
1175280 1413.8
1175290 1411.1
1175300 1411.1
1175310 1409.7
1175320 1408.1
1175330 1408.1
1175340 1406.4
1175350 1404.8
1175360 1404.8
1175370 1403.8
1175380 1402.8
1175390 1402.8
1175400 1402.1
1175410 1402.8
1175420 1405.7
1175430 1405.7
1175440 1405.3
1175450 1407.8
1175460 1407.8
1175470 1406.7
1175480 1404.0
1175490 1404.0
1175500 1401.8
1175510 1403.0
1175520 1403.0
1175530 1408.7
1175540 1415.2
1175550 1415.2
1175560 1421.3
1175570 1427.2
1175580 1427.2
1175590 1432.8
1175600 1437.8
1175610 1437.8
1175620 1442.1
1175630 1444.9
1175640 1444.9
1175650 1446.0
1175660 1446.1
1175670 1446.1
1175680 1445.8
1175690 1444.3
1175700 1444.3
1175710 1440.5
1175720 1434.5
1175730 1434.5
1175740 1428.7
1175750 1423.3
1175760 1423.3
1175770 1417.8
1175780 1413.0
1175790 1407.8
1175800 1407.8
1175810 1405.9
1175820 1412.6
1175830 1412.6
1175840 1422.0
1175850 1424.2
1175860 1424.2
1175870 1425.1
1175880 1424.3
1175890 1424.3
1175900 1427.3
1175910 1430.1
1175920 1430.1
1175930 1433.8
1175940 1438.0
1175950 1438.0
1175960 1439.0
1175970 1441.1
1175980 1441.1
1175990 1445.8
1176000 1449.3
1176010 1449.3
1176020 1452.6
1176030 1457.2
1176040 1457.2
1176050 1462.3
1176060 1466.8
1176070 1466.8
1176080 1470.5
1176090 1473.4
1176100 1473.4
1176110 1476.4
1176120 1479.6
1176130 1479.6
1176140 1482.5
1176150 1486.8
1176160 1491.1
1176170 1491.1
1176180 1494.7
1176190 1498.1
1176200 1498.1
1176210 1501.5
1176220 1505.0
1176230 1505.0
1176240 1508.6
1176250 1512.0
1176260 1512.0
1176270 1509.0
1176280 1510.0
1176290 1510.0
1176300 1513.5
1176310 1518.3
1176320 1518.3
1176330 1522.1
1176340 1524.0
1176350 1524.0
1176360 1524.1
1176370 1522.8
1176380 1522.8
1176390 1523.7
1176400 1528.1
1176410 1528.1
1176420 1531.6
1176430 1533.4
1176440 1533.4
1176450 1534.8
1176460 1537.6
1176470 1537.6
1176480 1541.4
1176490 1544.3
1176500 1547.5
1176510 1547.5
1176520 1549.5
1176530 1550.9
1176540 1550.9
1176550 1552.4
1176560 1554.6
1176570 1554.6
1176580 1557.7
1176590 1560.9
1176600 1560.9
1176610 1563.9
1176620 1566.4
1176630 1566.4
1176640 1569.3
1176650 1573.7
1176660 1573.7
1176670 1578.4
1176680 1582.5
1176690 1582.5
1176700 1583.0
1176710 1584.4
1176720 1584.4
1176730 1586.6
1176740 1587.1
1176750 1587.1
1176760 1585.1
1176770 1580.4
1176780 1580.4
1176790 1574.1
1176800 1568.8
1176810 1568.8
1176820 1565.0
1176830 1560.5
1176840 1560.5
1176850 1555.4
1176860 1550.5
1176870 1547.4
1176880 1547.4
1176890 1542.1
1176900 1534.9
1176910 1534.9
1176920 1529.3
1176930 1526.5
1176940 1526.5
1176950 1534.2
1176960 1543.2
1176970 1543.2
1176980 1552.4
1176990 1558.5
1177000 1558.5
1177010 1563.0
1177020 1564.8
1177030 1564.8
1177040 1566.0
1177050 1567.3
1177060 1567.3
1177070 1569.2
1177080 1570.0
1177090 1570.0
1177100 1564.7
1177110 1566.6
1177120 1566.6
1177130 1568.8
1177140 1570.6
1177150 1570.6
1177160 1569.5
1177170 1570.1
1177180 1570.1
1177190 1576.5
1177200 1577.2
1177210 1577.2
1177220 1574.8
1177230 1578.0
1177240 1582.9
1177250 1582.9
1177260 1585.6
1177270 1586.2
1177280 1586.2
1177290 1585.3
1177300 1589.5
1177310 1589.5
1177320 1596.9
1177330 1603.9
1177340 1603.9
1177350 1608.7
1177360 1612.3
1177370 1612.3
1177380 1615.7
1177390 1618.8
1177400 1618.8
1177410 1622.2
1177420 1625.4
1177430 1625.4
1177440 1628.8
1177450 1631.4
1177460 1631.4
1177470 1634.2
1177480 1638.9
1177490 1638.9
1177500 1642.6
1177510 1646.5
1177520 1641.0
1177530 1645.0
1177540 1649.1
1177550 1649.1
1177560 1652.3
1177570 1656.6
1177580 1656.6
1177590 1660.7
1177600 1663.5
1177610 1666.4
1177620 1666.4
1177630 1664.7
1177640 1661.1
1177650 1661.1
1177660 1661.2
1177670 1663.6
1177680 1663.6
1177690 1664.2
1177700 1663.0
1177710 1663.0
1177720 1665.3
1177730 1671.9
1177740 1671.9
1177750 1679.7
1177760 1690.1
1177770 1690.1
1177780 1699.1
1177790 1705.9
1177800 1705.9
1177810 1712.5
1177820 1719.7
1177830 1719.7
1177840 1727.0
1177850 1733.8
1177860 1733.8
1177870 1739.1
1177880 1744.2
1177890 1744.2
1177900 1749.4
1177910 1754.1
1177920 1754.1
1177930 1762.8
1177940 1767.2
1177950 1767.2
1177960 1771.3
1177970 1775.1
1177980 1778.8
1177990 1778.8
1178000 1782.0
1178010 1784.8
1178020 1784.8
1178030 1786.3
1178040 1785.6
1178050 1785.6
1178060 1782.4
1178070 1778.0
1178080 1778.0
1178090 1772.8
1178100 1767.9
1178110 1767.9
1178120 1763.3
1178130 1758.9
1178140 1758.9
1178150 1754.8
1178160 1750.0
1178170 1750.0
1178180 1745.0
1178190 1739.7
1178200 1739.7
1178210 1733.2
1178220 1727.1
1178230 1727.1
1178240 1722.6
1178250 1717.2
1178260 1717.2
1178270 1711.6
1178280 1705.7
1178290 1705.7
1178300 1700.1
1178310 1695.0
1178320 1690.3
1178330 1690.3
1178340 1685.3
1178350 1680.3
1178360 1680.3
1178370 1674.2
1178380 1667.6
1178390 1667.6
1178400 1661.0
1178410 1656.3
1178420 1656.3
1178430 1655.6
1178440 1655.5
1178450 1655.5
1178460 1653.1
1178470 1649.0
1178480 1649.0
1178490 1644.1
1178500 1638.4
1178510 1638.4
1178520 1632.4
1178530 1626.5
1178540 1626.5
1178550 1621.0
1178560 1616.5
1178570 1616.5
1178580 1613.9
1178590 1610.2
1178600 1610.2
1178610 1606.5
1178620 1602.3
1178630 1602.3
1178640 1597.4
1178650 1591.3
1178660 1591.3
1178670 1584.4
1178680 1580.7
1178690 1578.6
1178700 1578.6
1178710 1575.5
1178720 1570.8
1178730 1570.8
1178740 1565.1
1178750 1559.3
1178760 1559.3
1178770 1549.7
1178780 1544.2
1178790 1544.2
1178800 1538.8
1178810 1534.9
1178820 1534.9
1178830 1532.9
1178840 1530.4
1178850 1530.4
1178860 1528.1
1178870 1527.3
1178880 1527.3
1178890 1525.4
1178900 1522.5
1178910 1522.5
1178920 1519.0
1178930 1515.7
1178940 1515.7
1178950 1513.0
1178960 1510.0
1178970 1510.0
1178980 1506.6
1178990 1502.5
1179000 1502.5
1179010 1496.8
1179020 1490.0
1179030 1490.0
1179040 1486.9
1179050 1482.3
1179060 1476.6
1179070 1476.6
1179080 1470.9
1179090 1465.9
1179100 1465.9
1179110 1459.5
1179120 1451.0
1179130 1451.0
1179140 1443.1
1179150 1439.6
1179160 1439.6
1179170 1440.4
1179180 1438.4
1179190 1435.2
1179200 1431.3
1179210 1432.0
1179220 1432.0
1179230 1430.4
1179240 1428.4
1179250 1428.4
1179260 1426.3
1179270 1422.9
1179280 1422.9
1179290 1419.2
1179300 1415.4
1179310 1415.4
1179320 1411.9
1179330 1409.1
1179340 1409.1
1179350 1407.5
1179360 1406.7
1179370 1406.7
1179380 1406.7
1179390 1407.0
1179400 1407.0
1179410 1406.7
1179420 1404.7
1179430 1402.4
1179440 1402.4
1179450 1400.7
1179460 1398.2
1179470 1398.2
1179480 1396.0
1179490 1393.7
1179500 1393.7
1179510 1391.0
1179520 1388.4
1179530 1388.4
1179540 1385.6
1179550 1382.7
1179560 1382.7
1179570 1379.9
1179580 1376.6
1179590 1376.6
1179600 1373.6
1179610 1371.8
1179620 1371.8
1179630 1369.6
1179640 1366.7
1179650 1366.7
1179660 1362.9
1179670 1358.5
1179680 1358.5
1179690 1353.9
1179700 1349.9
1179710 1349.9
1179720 1348.6
1179730 1347.5
1179740 1347.5
1179750 1344.6
1179760 1343.1
1179770 1343.1
1179780 1342.2
1179790 1340.6
1179800 1337.5
1179810 1337.5
1179820 1336.2
1179830 1336.0
1179840 1336.0
1179850 1331.4
1179860 1323.9
1179870 1323.9
1179880 1317.1
1179890 1311.1
1179900 1311.1
1179910 1308.3
1179920 1316.0
1179930 1316.0
1179940 1323.8
1179950 1328.9
1179960 1328.9
1179970 1329.9
1179980 1329.3
1179990 1329.3
