1162100 1063.4
1162110 1063.8
1162120 1064.6
1162130 1064.6
1162140 1064.2
1162150 1062.7
1162160 1062.7
1162170 1061.6
1162180 1061.3
1162190 1061.3
1162200 1060.5
1162210 1061.2
1162220 1061.2
1162230 1062.3
1162240 1063.2
1162250 1063.2
1162260 1064.0
1162270 1065.0
1162280 1065.0
1162290 1065.9
1162300 1067.0
1162310 1067.0
1162320 1068.4
1162330 1069.9
1162340 1070.9
1162350 1072.6
1162360 1074.2
1162370 1074.2
1162380 1075.7
1162390 1076.6
1162400 1076.6
1162410 1076.7
1162420 1076.7
1162430 1076.7
1162440 1076.9
1162450 1077.2
1162460 1077.2
1162470 1077.1
1162480 1076.3
1162490 1075.4
1162500 1075.4
1162510 1075.1
1162520 1075.2
1162530 1075.2
1162540 1075.5
1162550 1076.2
1162560 1076.2
1162570 1077.4
1162580 1078.4
1162590 1078.4
1162600 1079.3
1162610 1080.3
1162620 1080.3
1162630 1081.0
1162640 1081.6
1162650 1081.6
1162660 1082.2
1162670 1082.7
1162680 1082.7
1162690 1083.2
1162700 1083.2
1162710 1083.2
1162720 1083.2
1162730 1083.1
1162740 1081.7
1162750 1081.4
1162760 1081.8
1162770 1081.8
1162780 1082.4
1162790 1082.5
1162800 1082.5
1162810 1082.9
1162820 1083.8
1162830 1083.8
1162840 1084.6
1162850 1085.7
1162860 1086.5
1162870 1086.5
1162880 1087.4
1162890 1088.8
1162900 1088.8
1162910 1089.8
1162920 1090.7
1162930 1090.7
1162940 1091.7
1162950 1092.6
1162960 1092.6
1162970 1093.3
1162980 1093.9
1162990 1093.9
1163000 1094.3
1163010 1094.8
1163020 1094.8
1163030 1095.2
1163040 1095.7
1163050 1095.7
1163060 1096.0
1163070 1096.4
1163080 1096.4
1163090 1096.8
1163100 1097.0
1163110 1097.0
1163120 1097.2
1163130 1096.5
1163140 1096.5
1163150 1096.2
1163160 1096.0
1163170 1096.0
1163180 1096.2
1163190 1096.4
1163200 1096.4
1163210 1096.4
1163220 1095.6
1163230 1094.8
1163240 1094.8
1163250 1093.9
1163260 1092.9
1163270 1092.9
1163280 1091.7
1163290 1090.1
1163300 1090.1
1163310 1088.1
1163320 1086.0
1163330 1086.0
1163340 1083.9
1163350 1081.7
1163360 1081.7
1163370 1079.0
1163380 1076.8
1163390 1076.8
1163400 1074.9
1163410 1072.7
1163420 1072.7
1163430 1070.1
1163440 1067.6
1163450 1067.6
1163460 1063.3
1163470 1060.1
1163480 1060.1
1163490 1053.6
1163500 1047.7
1163510 1047.7
1163520 1048.0
1163530 1053.4
1163540 1053.4
1163550 1062.0
1163560 1067.0
1163570 1067.0
1163580 1068.9
1163590 1068.9
1163600 1069.3
1163610 1069.3
1163620 1069.3
1163630 1068.3
1163640 1068.3
1163650 1066.4
1163660 1064.8
1163670 1064.8
1163680 1063.3
1163690 1061.6
1163700 1061.6
1163710 1058.7
1163720 1054.2
1163730 1054.2
1163740 1049.9
1163750 1044.6
1163760 1044.6
1163770 1039.1
1163780 1034.3
1163790 1034.3
1163800 1030.6
1163810 1027.9
1163820 1027.9
1163830 1025.3
1163840 1021.8
1163850 1021.8
1163860 1018.0
1163870 1014.9
1163880 1014.9
1163890 1012.3
1163900 1009.4
1163910 1009.4
1163920 1005.5
1163930 1001.4
1163940 1001.4
1163950 1000.3
1163960 997.7
1163970 991.2
1163980 991.2
1163990 983.8
1164000 982.3
1164010 982.3
1164020 982.3
1164030 982.2
1164040 982.2
1164050 981.9
1164060 981.7
1164070 981.7
1164080 982.1
1164090 982.4
1164100 982.4
1164110 982.1
1164120 982.1
1164130 982.1
1164140 982.2
1164150 983.1
1164160 983.1
1164170 987.2
1164180 994.7
1164190 994.7
1164200 1004.9
1164210 1013.0
1164220 1013.0
1164230 1018.9
1164240 1021.0
1164250 1021.0
1164260 1020.6
1164270 1019.7
1164280 1019.7
1164290 1018.9
1164300 1017.9
1164310 1017.9
1164320 1017.3
1164330 1016.7
1164340 1015.9
1164350 1015.9
1164360 1013.8
1164370 1007.4
1164380 1007.4
1164390 1005.7
1164400 1006.3
1164410 1006.3
1164420 1007.8
1164430 1009.2
1164440 1009.2
1164450 1009.6
1164460 1010.4
1164470 1010.4
1164480 1011.5
1164490 1012.7
1164500 1012.7
1164510 1014.7
1164520 1017.4
1164530 1017.4
1164540 1020.1
1164550 1024.5
1164560 1024.5
1164570 1029.6
1164580 1033.0
1164590 1033.0
1164600 1037.1
1164610 1040.9
1164620 1040.9
1164630 1044.7
1164640 1048.3
1164650 1048.3
1164660 1052.4
1164670 1056.8
1164680 1056.8
1164690 1060.5
1164700 1064.6
1164710 1068.6
1164720 1068.6
1164730 1074.2
1164740 1077.7
1164750 1077.7
1164760 1080.9
1164770 1082.8
1164780 1082.8
1164790 1079.1
1164800 1073.2
1164810 1073.2
1164820 1076.3
1164830 1083.3
1164840 1083.3
1164850 1089.4
1164860 1095.0
1164870 1095.0
1164880 1098.7
1164890 1103.4
1164900 1103.4
1164910 1105.6
1164920 1106.6
1164930 1106.6
1164940 1108.2
1164950 1107.1
1164960 1107.1
1164970 1104.1
1164980 1105.6
1164990 1105.6
1165000 1110.5
1165010 1115.1
1165020 1115.1
1165030 1118.2
1165040 1120.4
1165050 1120.4
1165060 1121.3
1165070 1121.8
1165080 1122.0
1165090 1122.0
1165100 1121.7
1165110 1120.4
1165120 1120.4
1165130 1112.6
1165140 1115.5
1165150 1115.5
1165160 1117.9
1165170 1119.5
1165180 1119.5
1165190 1122.1
1165200 1125.1
1165210 1125.1
1165220 1129.2
1165230 1131.7
1165240 1131.7
1165250 1133.2
1165260 1134.5
1165270 1134.5
1165280 1136.6
1165290 1140.1
1165300 1140.1
1165310 1142.7
1165320 1144.8
1165330 1144.8
1165340 1147.6
1165350 1150.9
1165360 1150.9
1165370 1153.8
1165380 1157.6
1165390 1157.6
1165400 1161.9
1165410 1166.2
1165420 1166.2
1165430 1170.8
1165440 1176.9
1165450 1183.7
1165460 1183.7
1165470 1189.6
1165480 1190.5
1165490 1190.5
1165500 1190.0
1165510 1193.7
1165520 1193.7
1165530 1200.2
1165540 1203.5
1165550 1203.5
1165560 1207.1
1165570 1210.0
1165580 1210.0
1165590 1210.6
1165600 1212.0
1165610 1212.0
1165620 1216.3
1165630 1223.7
1165640 1223.7
1165650 1232.6
1165660 1242.3
1165670 1242.3
1165680 1247.6
1165690 1246.1
1165700 1246.1
1165710 1246.9
1165720 1251.5
1165730 1251.5
1165740 1256.6
1165750 1261.2
1165760 1261.2
1165770 1266.6
1165780 1274.0
1165790 1274.0
1165800 1282.5
1165810 1290.6
1165820 1298.7
1165830 1298.7
1165840 1307.5
1165850 1315.9
1165860 1315.9
1165870 1323.7
1165880 1330.1
1165890 1330.1
1165900 1335.0
1165910 1339.7
1165920 1339.7
1165930 1349.8
1165940 1354.3
1165950 1354.3
1165960 1358.4
1165970 1362.0
1165980 1362.0
1165990 1365.8
1166000 1367.8
1166010 1367.8
1166020 1369.4
1166030 1370.0
1166040 1370.0
1166050 1370.5
1166060 1372.4
1166070 1372.4
1166080 1373.9
1166090 1375.9
1166100 1375.9
1166110 1375.6
1166120 1376.8
1166130 1376.8
1166140 1376.5
1166150 1374.4
1166160 1374.4
1166170 1372.2
1166180 1371.9
1166190 1369.5
1166200 1369.5
1166210 1366.7
1166220 1366.3
1166230 1366.3
1166240 1365.0
1166250 1361.2
1166260 1361.2
1166270 1358.9
1166280 1355.6
1166290 1355.6
1166300 1352.2
1166310 1349.3
1166320 1349.3
1166330 1351.9
1166340 1349.1
1166350 1349.1
1166360 1347.2
1166370 1345.7
1166380 1345.7
1166390 1343.5
1166400 1340.4
1166410 1340.4
1166420 1336.8
1166430 1333.0
1166440 1333.0
1166450 1328.9
1166460 1323.7
1166470 1323.7
1166480 1315.7
1166490 1309.5
1166500 1309.5
1166510 1312.9
1166520 1309.8
1166530 1309.8
1166540 1302.6
1166550 1303.3
1166560 1303.3
1166570 1311.7
1166580 1322.5
1166590 1330.7
1166600 1330.7
1166610 1337.3
1166620 1342.0
1166630 1342.0
1166640 1345.8
1166650 1349.4
1166660 1349.4
1166670 1353.5
1166680 1356.8
1166690 1356.8
1166700 1360.7
1166710 1366.3
1166720 1366.3
1166730 1373.1
1166740 1380.8
1166750 1380.8
1166760 1386.1
1166770 1392.0
1166780 1392.0
1166790 1398.4
1166800 1405.0
1166810 1405.0
1166820 1410.6
1166830 1415.6
1166840 1415.6
1166850 1420.4
1166860 1425.3
1166870 1425.3
1166880 1430.4
1166890 1435.9
1166900 1435.9
1166910 1441.5
1166920 1447.1
1166930 1447.1
1166940 1452.7
1166950 1458.6
1166960 1465.1
1166970 1465.1
1166980 1471.6
1166990 1478.3
1167000 1478.3
1167010 1485.0
1167020 1492.4
1167030 1492.4
1167040 1500.1
1167050 1507.7
1167060 1507.7
1167070 1515.5
1167080 1523.3
1167090 1523.3
1167100 1531.1
1167110 1538.8
1167120 1538.8
1167130 1546.1
1167140 1550.9
1167150 1550.9
1167160 1557.7
1167170 1563.8
1167180 1563.8
1167190 1569.3
1167200 1574.6
1167210 1574.6
1167220 1579.9
1167230 1585.0
1167240 1585.0
1167250 1589.5
1167260 1593.6
1167270 1593.6
1167280 1597.7
1167290 1601.4
1167300 1601.4
1167310 1604.7
1167320 1607.6
1167330 1610.7
1167340 1610.7
1167350 1614.0
1167360 1617.7
1167370 1617.7
1167380 1621.3
1167390 1624.6
1167400 1624.6
1167410 1625.8
1167420 1626.3
1167430 1626.3
1167440 1627.8
1167450 1629.5
1167460 1629.5
1167470 1630.3
1167480 1633.5
1167490 1633.5
1167500 1640.1
1167510 1646.9
1167520 1646.9
1167530 1652.3
1167540 1654.3
1167550 1654.3
1167560 1655.5
1167570 1656.1
1167580 1656.1
1167590 1656.5
1167600 1656.7
1167610 1656.7
1167620 1656.7
1167630 1656.6
1167640 1656.6
1167650 1655.3
1167660 1651.5
1167670 1651.5
1167680 1647.4
1167690 1643.4
1167700 1639.8
1167710 1639.8
1167720 1636.8
1167730 1633.6
1167740 1633.6
1167750 1630.1
1167760 1626.5
1167770 1626.5
1167780 1622.6
1167790 1618.4
1167800 1618.4
1167810 1614.0
1167820 1609.6
1167830 1609.6
1167840 1604.7
1167850 1599.6
1167860 1599.6
1167870 1593.8
1167880 1587.5
1167890 1587.5
1167900 1580.7
1167910 1572.9
1167920 1572.9
1167930 1565.8
1167940 1559.8
1167950 1555.2
1167960 1548.8
1167970 1542.2
1167980 1542.2
1167990 1534.9
1168000 1528.3
1168010 1528.3
1168020 1521.5
1168030 1514.5
1168040 1514.5
1168050 1507.5
1168060 1499.4
1168070 1491.4
1168080 1491.4
1168090 1484.4
1168100 1478.1
1168110 1478.1
1168120 1472.1
1168130 1466.3
1168140 1466.3
1168150 1460.7
1168160 1455.6
1168170 1455.6
1168180 1450.9
1168190 1446.2
1168200 1446.2
1168210 1441.4
1168220 1437.6
1168230 1437.6
1168240 1434.6
1168250 1430.6
1168260 1430.6
1168270 1425.8
1168280 1420.6
1168290 1420.6
1168300 1415.6
1168310 1410.9
1168320 1410.9
1168330 1406.3
1168340 1401.9
1168350 1401.1
1168360 1397.3
1168370 1393.6
1168380 1393.6
1168390 1390.2
1168400 1386.4
1168410 1386.4
1168420 1382.9
1168430 1380.3
1168440 1377.5
1168450 1377.5
1168460 1375.3
1168470 1372.9
1168480 1372.9
1168490 1368.7
1168500 1362.7
1168510 1362.7
1168520 1357.9
1168530 1359.0
1168540 1359.0
1168550 1360.1
1168560 1358.1
1168570 1358.1
1168580 1356.3
1168590 1354.9
1168600 1354.9
1168610 1352.7
1168620 1349.8
1168630 1349.8
1168640 1345.7
1168650 1341.0
1168660 1341.0
1168670 1336.1
1168680 1331.0
1168690 1331.0
1168700 1325.7
1168710 1320.8
1168720 1320.8
1168730 1315.7
1168740 1310.3
1168750 1310.3
1168760 1306.5
1168770 1300.0
1168780 1300.0
1168790 1293.9
1168800 1287.5
1168810 1282.2
1168820 1282.2
1168830 1283.3
1168840 1285.0
1168850 1285.0
1168860 1287.3
1168870 1289.1
1168880 1289.1
1168890 1288.0
1168900 1284.5
1168910 1284.5
1168920 1280.9
1168930 1277.9
1168940 1277.9
1168950 1276.5
1168960 1276.1
1168970 1276.1
1168980 1275.4
1168990 1274.3
1169000 1274.3
1169010 1272.5
1169020 1270.2
1169030 1270.2
1169040 1268.6
1169050 1267.4
1169060 1267.4
1169070 1265.9
1169080 1264.1
1169090 1264.1
1169100 1261.4
1169110 1258.4
1169120 1258.4
1169130 1255.1
1169140 1251.2
1169150 1251.2
1169160 1248.5
1169170 1244.0
1169180 1237.9
1169190 1237.9
1169200 1233.0
1169210 1227.1
1169220 1227.1
1169230 1220.6
1169240 1211.5
1169250 1211.5
1169260 1202.6
1169270 1194.4
1169280 1194.4
1169290 1186.2
1169300 1176.6
1169310 1176.6
1169320 1167.1
1169330 1157.9
1169340 1157.9
1169350 1149.6
1169360 1142.2
1169370 1142.2
1169380 1135.1
1169390 1127.3
1169400 1127.3
1169410 1118.4
1169420 1113.9
1169430 1113.9
1169440 1112.0
1169450 1109.6
1169460 1109.6
1169470 1105.2
1169480 1100.6
1169490 1100.6
1169500 1096.1
1169510 1091.8
1169520 1091.8
1169530 1088.4
1169540 1085.6
1169550 1082.9
1169560 1082.9
1169570 1084.4
1169580 1082.1
1169590 1082.1
1169600 1080.2
1169610 1077.7
1169620 1077.7
1169630 1075.7
1169640 1073.3
1169650 1073.3
1169660 1070.3
1169670 1066.9
1169680 1066.9
1169690 1063.0
1169700 1059.2
1169710 1059.2
1169720 1054.9
1169730 1049.8
1169740 1049.8
1169750 1045.1
1169760 1041.3
1169770 1041.3
1169780 1038.6
1169790 1036.0
1169800 1036.0
1169810 1033.3
1169820 1029.7
1169830 1029.7
1169840 1027.1
1169850 1025.8
1169860 1025.8
1169870 1024.7
1169880 1022.6
1169890 1022.6
1169900 1018.4
1169910 1015.2
1169920 1013.9
1169930 1013.9
1169940 1013.3
1169950 1013.6
1169960 1013.6
1169970 1014.8
1169980 1014.9
1169990 1014.9
1170000 1015.0
1170010 1015.1
1170020 1015.1
1170030 1015.2
1170040 1014.9
1170050 1014.9
1170060 1014.1
1170070 1015.1
1170080 1015.1
1170090 1016.0
1170100 1016.8
1170110 1016.8
1170120 1017.4
1170130 1017.6
1170140 1017.6
1170150 1017.7
1170160 1017.8
1170170 1017.8
1170180 1018.0
1170190 1018.1
1170200 1018.1
1170210 1018.2
1170220 1018.2
1170230 1018.2
1170240 1018.3
1170250 1018.3
1170260 1018.3
1170270 1018.3
1170280 1018.3
1170290 1018.2
1170300 1018.2
1170310 1017.8
1170320 1017.5
1170330 1017.5
1170340 1017.3
1170350 1017.1
1170360 1017.1
1170370 1016.9
1170380 1017.3
1170390 1017.3
1170400 1017.1
1170410 1016.9
1170420 1016.9
1170430 1016.8
1170440 1016.4
1170450 1016.4
1170460 1016.1
1170470 1015.5
1170480 1015.5
1170490 1015.4
1170500 1015.4
1170510 1015.4
1170520 1015.2
1170530 1014.9
1170540 1014.9
1170550 1014.1
1170560 1013.7
1170570 1013.7
1170580 1013.8
1170590 1013.4
1170600 1013.4
1170610 1012.9
1170620 1012.6
1170630 1012.6
1170640 1012.3
1170650 1011.9
1170660 1011.3
1170670 1011.3
1170680 1010.4
1170690 1010.0
1170700 1010.0
1170710 1010.2
1170720 1010.7
1170730 1010.7
1170740 1011.2
1170750 1011.5
1170760 1011.5
1170770 1011.7
1170780 1012.0
1170790 1012.2
1170800 1012.3
1170810 1012.4
1170820 1012.4
1170830 1012.6
1170840 1012.7
1170850 1012.7
1170860 1013.0
1170870 1013.1
1170880 1013.1
1170890 1012.6
1170900 1012.1
1170910 1012.1
1170920 1012.5
1170930 1012.9
1170940 1012.9
1170950 1013.3
1170960 1013.7
1170970 1013.7
1170980 1013.9
1170990 1014.1
1171000 1014.1
1171010 1014.4
1171020 1014.8
1171030 1014.7
1171040 1014.7
1171050 1015.3
1171060 1016.6
1171070 1016.6
1171080 1017.7
1171090 1019.9
1171100 1019.9
1171110 1022.9
1171120 1025.1
1171130 1025.1
1171140 1026.6
1171150 1027.7
1171160 1027.7
1171170 1028.3
1171180 1028.5
1171190 1028.5
1171200 1031.9
1171210 1033.5
1171220 1033.5
1171230 1033.3
1171240 1036.0
1171250 1036.0
1171260 1040.1
1171270 1042.7
1171280 1042.7
1171290 1043.2
1171300 1043.3
1171310 1043.3
1171320 1043.5
1171330 1044.1
1171340 1044.1
1171350 1045.5
1171360 1047.7
1171370 1047.7
1171380 1050.7
1171390 1053.7
1171400 1056.2
1171410 1056.2
1171420 1059.1
1171430 1062.4
1171440 1062.4
1171450 1066.2
1171460 1069.6
1171470 1069.6
1171480 1072.9
1171490 1075.6
1171500 1075.6
1171510 1078.5
1171520 1082.8
1171530 1082.8
1171540 1087.4
1171550 1091.5
1171560 1091.5
1171570 1094.6
1171580 1096.6
1171590 1096.6
1171600 1094.4
1171610 1097.1
1171620 1097.1
1171630 1100.2
1171640 1102.7
1171650 1102.7
1171660 1104.7
1171670 1106.1
1171680 1106.1
1171690 1106.2
1171700 1104.7
1171710 1104.7
1171720 1103.5
1171730 1104.8
1171740 1104.8
1171750 1107.6
1171760 1110.4
1171770 1113.4
1171780 1113.4
1171790 1116.0
1171800 1118.3
1171810 1118.3
1171820 1120.3
1171830 1122.0
1171840 1122.0
1171850 1123.0
1171860 1123.5
1171870 1123.5
1171880 1123.9
1171890 1124.6
1171900 1124.6
1171910 1125.3
1171920 1126.0
1171930 1126.0
1171940 1125.5
1171950 1124.8
1171960 1124.8
1171970 1125.0
1171980 1130.9
1171990 1130.9
1172000 1137.2
1172010 1134.2
1172020 1134.2
1172030 1140.6
1172040 1144.6
1172050 1144.6
1172060 1145.5
1172070 1145.3
1172080 1145.3
1172090 1144.6
1172100 1144.4
1172110 1144.4
1172120 1146.7
1172130 1149.4
1172140 1150.6
1172150 1150.6
1172160 1149.8
1172170 1148.4
1172180 1148.4
1172190 1147.9
1172200 1148.5
1172210 1148.5
1172220 1148.7
1172230 1150.1
1172240 1150.1
1172250 1152.1
1172260 1155.0
1172270 1155.0
1172280 1152.8
1172290 1148.4
1172300 1148.4
1172310 1145.8
1172320 1143.7
1172330 1143.7
1172340 1143.6
1172350 1144.6
1172360 1144.6
1172370 1146.4
1172380 1151.3
1172390 1151.3
1172400 1158.7
1172410 1166.5
1172420 1169.4
1172430 1172.1
1172440 1174.5
1172450 1174.5
1172460 1176.6
1172470 1178.6
1172480 1178.6
1172490 1180.4
1172500 1182.4
1172510 1184.4
1172520 1184.4
1172530 1186.6
1172540 1188.8
1172550 1188.8
1172560 1190.7
1172570 1192.5
1172580 1192.5
1172590 1193.9
1172600 1195.1
1172610 1195.1
1172620 1196.5
1172630 1197.9
1172640 1197.9
1172650 1199.2
1172660 1200.5
1172670 1200.5
1172680 1202.2
1172690 1204.2
1172700 1204.2
1172710 1206.0
1172720 1207.7
1172730 1207.7
1172740 1209.3
1172750 1210.8
1172760 1210.8
1172770 1212.4
1172780 1214.6
1172790 1214.6
1172800 1216.6
1172810 1218.5
1172820 1218.5
1172830 1220.4
1172840 1222.7
1172850 1222.7
1172860 1225.2
1172870 1227.4
1172880 1229.7
1172890 1229.7
1172900 1232.2
1172910 1234.7
1172920 1234.7
1172930 1237.5
1172940 1240.4
1172950 1240.4
1172960 1243.3
1172970 1246.3
1172980 1246.3
1172990 1249.7
1173000 1253.3
1173010 1253.3
1173020 1257.0
1173030 1260.3
1173040 1260.3
1173050 1263.2
1173060 1265.5
1173070 1265.5
1173080 1267.0
1173090 1267.9
1173100 1267.9
1173110 1268.2
1173120 1267.5
1173130 1267.5
1173140 1266.9
1173150 1267.5
1173160 1267.5
1173170 1268.5
1173180 1269.0
1173190 1269.0
1173200 1270.1
1173210 1271.0
1173220 1271.0
1173230 1272.0
1173240 1279.2
1173250 1281.1
1173260 1281.1
1173270 1282.4
1173280 1282.8
1173290 1282.8
1173300 1284.9
1173310 1287.4
1173320 1287.4
1173330 1290.5
1173340 1291.6
1173350 1291.6
1173360 1293.9
1173370 1296.0
1173380 1296.0
1173390 1298.5
1173400 1300.5
1173410 1300.5
1173420 1302.4
1173430 1304.7
1173440 1304.7
1173450 1306.4
1173460 1308.6
1173470 1308.6
1173480 1310.3
1173490 1312.3
1173500 1312.3
1173510 1313.6
1173520 1315.1
1173530 1315.1
1173540 1315.1
1173550 1312.4
1173560 1312.4
1173570 1310.5
1173580 1306.9
1173590 1306.9
1173600 1301.3
1173610 1301.6
1173620 1302.1
1173630 1302.1
1173640 1301.9
1173650 1311.9
1173660 1311.9
1173670 1311.6
1173680 1311.7
1173690 1311.7
1173700 1311.6
1173710 1311.3
1173720 1311.3
1173730 1310.6
1173740 1309.9
1173750 1309.9
1173760 1309.5
1173770 1310.1
1173780 1310.1
1173790 1310.2
1173800 1309.6
1173810 1309.6
1173820 1309.8
1173830 1310.1
1173840 1310.1
1173850 1310.0
1173860 1313.1
1173870 1313.1
1173880 1315.9
1173890 1318.7
1173900 1318.7
1173910 1322.7
1173920 1326.7
1173930 1326.7
1173940 1330.3
1173950 1333.2
1173960 1333.2
1173970 1335.9
1173980 1339.2
1173990 1339.2
1174000 1343.7
1174010 1349.4
1174020 1354.2
1174030 1354.2
1174040 1356.5
1174050 1359.6
1174060 1359.6
1174070 1371.6
1174080 1377.8
1174090 1377.8
1174100 1383.6
1174110 1388.1
1174120 1388.1
1174130 1392.5
1174140 1396.6
1174150 1396.6
1174160 1401.9
1174170 1409.4
1174180 1409.4
1174190 1416.4
1174200 1422.1
1174210 1422.1
1174220 1426.0
1174230 1429.5
1174240 1429.5
1174250 1430.7
1174260 1434.6
1174270 1434.6
1174280 1442.2
1174290 1451.6
1174300 1451.6
1174310 1462.0
1174320 1471.5
1174330 1471.5
1174340 1477.6
1174350 1483.4
1174360 1483.4
1174370 1489.5
1174380 1494.6
1174390 1498.7
1174400 1498.7
1174410 1502.4
1174420 1506.1
1174430 1506.1
1174440 1510.0
1174450 1514.0
1174460 1514.0
1174470 1518.3
1174480 1522.0
1174490 1522.0
1174500 1526.1
1174510 1530.7
1174520 1530.7
1174530 1535.6
1174540 1540.6
1174550 1540.6
1174560 1545.8
1174570 1551.3
1174580 1551.3
1174590 1556.7
1174600 1562.3
1174610 1562.3
1174620 1568.1
1174630 1573.6
1174640 1573.6
1174650 1579.3
1174660 1584.6
1174670 1584.6
1174680 1590.1
1174690 1595.6
1174700 1595.6
1174710 1601.4
1174720 1607.2
1174730 1607.2
1174740 1613.2
1174750 1618.7
1174760 1624.1
1174770 1624.1
1174780 1629.4
1174790 1634.6
1174800 1634.6
1174810 1639.9
1174820 1645.2
1174830 1645.2
1174840 1651.1
1174850 1657.1
1174860 1657.1
1174870 1662.8
1174880 1668.1
1174890 1671.2
1174900 1676.7
1174910 1681.9
1174920 1681.9
1174930 1686.6
1174940 1690.6
1174950 1690.6
1174960 1694.1
1174970 1698.2
1174980 1698.2
1174990 1701.1
1175000 1703.2
1175010 1703.2
1175020 1706.8
1175030 1710.9
1175040 1710.9
1175050 1714.4
1175060 1715.7
1175070 1715.7
1175080 1717.6
1175090 1724.5
1175100 1724.5
1175110 1729.6
1175120 1734.9
1175130 1737.8
1175140 1737.8
1175150 1743.7
1175160 1749.0
1175170 1749.0
1175180 1754.6
1175190 1753.8
1175200 1753.8
1175210 1719.7
1175220 1705.1
1175230 1705.1
1175240 1697.2
1175250 1690.3
1175260 1690.3
1175270 1683.3
1175280 1677.2
1175290 1677.2
1175300 1672.3
1175310 1665.3
1175320 1665.3
1175330 1658.4
1175340 1652.2
1175350 1652.2
1175360 1646.6
1175370 1641.0
1175380 1641.0
1175390 1636.0
1175400 1632.0
1175410 1632.0
1175420 1628.6
1175430 1625.4
1175440 1625.4
1175450 1622.6
1175460 1619.7
1175470 1619.7
1175480 1616.9
1175490 1615.0
1175500 1613.3
1175510 1613.3
1175520 1612.4
1175530 1610.9
1175540 1610.9
1175550 1607.6
1175560 1603.4
1175570 1603.4
1175580 1598.4
1175590 1593.2
1175600 1593.2
1175610 1589.8
1175620 1587.1
1175630 1587.1
1175640 1584.1
1175650 1581.2
1175660 1581.2
1175670 1578.3
1175680 1575.5
1175690 1575.5
1175700 1572.2
1175710 1568.6
1175720 1572.5
1175730 1569.1
1175740 1566.2
1175750 1566.2
1175760 1562.8
1175770 1559.3
1175780 1559.3
1175790 1555.4
1175800 1551.8
1175810 1551.8
1175820 1547.9
1175830 1543.9
1175840 1543.9
1175850 1540.4
1175860 1536.6
1175870 1533.2
1175880 1533.2
1175890 1530.0
1175900 1526.7
1175910 1526.7
1175920 1523.2
1175930 1519.5
1175940 1519.5
1175950 1516.3
1175960 1512.8
1175970 1512.8
1175980 1510.0
1175990 1507.1
1176000 1507.1
1176010 1504.9
1176020 1502.8
1176030 1502.8
1176040 1501.8
1176050 1502.5
1176060 1502.5
1176070 1502.3
1176080 1500.8
1176090 1500.8
1176100 1498.5
1176110 1494.7
1176120 1494.7
1176130 1492.0
1176140 1489.7
1176150 1489.7
1176160 1488.9
1176170 1488.4
1176180 1488.4
1176190 1488.1
1176200 1487.9
1176210 1487.9
1176220 1487.8
1176230 1487.6
1176240 1485.0
1176250 1485.0
1176260 1480.5
1176270 1477.1
1176280 1477.1
1176290 1475.0
1176300 1473.5
1176310 1473.5
1176320 1471.7
1176330 1469.4
1176340 1469.4
1176350 1466.9
1176360 1464.2
1176370 1464.2
1176380 1461.6
1176390 1459.3
1176400 1459.3
1176410 1455.0
1176420 1449.4
1176430 1449.4
1176440 1443.5
1176450 1437.1
1176460 1437.1
1176470 1431.0
1176480 1424.8
1176490 1424.8
1176500 1418.9
1176510 1413.5
1176520 1413.5
1176530 1407.9
1176540 1402.4
1176550 1404.8
1176560 1400.3
1176570 1397.3
1176580 1397.3
1176590 1394.6
1176600 1392.1
1176610 1390.7
1176620 1390.7
1176630 1389.8
1176640 1389.2
1176650 1389.2
1176660 1387.4
1176670 1385.6
1176680 1385.6
1176690 1382.8
1176700 1379.3
1176710 1379.3
1176720 1379.1
1176730 1381.8
1176740 1381.8
1176750 1384.9
1176760 1386.8
1176770 1386.8
1176780 1386.9
1176790 1385.9
1176800 1385.9
1176810 1385.2
1176820 1385.5
1176830 1385.5
1176840 1386.7
1176850 1388.0
1176860 1388.0
1176870 1389.4
1176880 1390.6
1176890 1390.6
1176900 1392.4
1176910 1394.8
1176920 1394.8
1176930 1397.1
1176940 1398.8
1176950 1398.8
1176960 1406.1
1176970 1409.5
1176980 1413.1
1176990 1413.1
1177000 1415.2
1177010 1417.7
1177020 1417.7
1177030 1420.1
1177040 1422.0
1177050 1422.0
1177060 1425.2
1177070 1429.3
1177080 1429.3
1177090 1434.5
1177100 1439.0
1177110 1439.0
1177120 1443.0
1177130 1445.7
1177140 1445.7
1177150 1454.3
1177160 1464.7
1177170 1464.7
1177180 1471.6
1177190 1476.9
1177200 1476.9
1177210 1484.3
1177220 1493.2
1177230 1493.2
1177240 1498.5
1177250 1503.4
1177260 1503.4
1177270 1508.1
1177280 1513.6
1177290 1513.6
1177300 1519.1
1177310 1524.4
1177320 1524.4
1177330 1529.6
1177340 1536.3
1177350 1540.4
1177360 1540.4
1177370 1539.5
1177380 1542.3
1177390 1542.3
1177400 1542.3
1177410 1542.5
1177420 1542.5
1177430 1542.1
1177440 1541.4
1177450 1541.4
1177460 1541.0
1177470 1540.6
1177480 1540.6
1177490 1539.2
1177500 1537.9
1177510 1537.9
1177520 1536.7
1177530 1535.6
1177540 1535.6
1177550 1532.7
1177560 1527.0
1177570 1527.0
1177580 1520.1
1177590 1513.3
1177600 1513.3
1177610 1506.4
1177620 1499.4
1177630 1499.4
1177640 1492.4
1177650 1485.2
1177660 1485.2
1177670 1478.0
1177680 1471.3
1177690 1471.3
1177700 1464.8
1177710 1458.6
1177720 1453.0
1177730 1453.0
1177740 1448.3
1177750 1447.0
1177760 1447.0
1177770 1448.0
1177780 1447.5
1177790 1447.5
1177800 1451.3
1177810 1451.9
1177820 1451.9
1177830 1453.1
1177840 1453.5
1177850 1453.5
1177860 1453.7
1177870 1453.9
1177880 1453.9
1177890 1454.8
1177900 1456.4
1177910 1456.4
1177920 1458.6
1177930 1459.1
1177940 1459.1
1177950 1457.9
1177960 1459.8
1177970 1459.8
1177980 1459.2
1177990 1457.7
1178000 1457.7
1178010 1456.0
1178020 1455.3
1178030 1455.3
1178040 1454.3
1178050 1454.6
1178060 1454.6
1178070 1454.9
1178080 1454.9
1178090 1455.6
1178100 1455.6
1178110 1455.9
1178120 1458.5
1178130 1458.5
1178140 1462.0
1178150 1463.0
1178160 1463.0
1178170 1461.9
1178180 1460.5
1178190 1460.5
1178200 1461.7
1178210 1473.4
1178220 1473.4
1178230 1480.9
1178240 1485.4
1178250 1485.4
1178260 1485.5
1178270 1488.2
1178280 1488.2
1178290 1496.2
1178300 1507.9
1178310 1507.9
1178320 1519.5
1178330 1526.2
1178340 1526.2
1178350 1533.6
1178360 1542.5
1178370 1542.5
1178380 1550.9
1178390 1551.5
1178400 1551.5
1178410 1554.6
1178420 1556.0
1178430 1556.0
1178440 1552.3
1178450 1548.1
1178460 1541.4
1178470 1541.4
1178480 1538.3
1178490 1541.9
1178500 1541.9
1178510 1551.7
1178520 1561.0
1178530 1561.0
1178540 1568.8
1178550 1576.4
1178560 1576.4
1178570 1585.0
1178580 1592.7
1178590 1592.7
1178600 1597.1
1178610 1597.6
1178620 1597.6
1178630 1607.7
1178640 1617.0
1178650 1617.0
1178660 1626.8
1178670 1635.1
1178680 1635.1
1178690 1641.8
1178700 1642.2
1178710 1642.2
1178720 1643.0
1178730 1647.1
1178740 1647.1
1178750 1654.9
1178760 1662.4
1178770 1662.4
1178780 1669.9
1178790 1676.6
1178800 1676.6
1178810 1683.0
1178820 1689.5
1178830 1695.0
1178840 1695.0
1178850 1697.8
1178860 1692.7
1178870 1692.7
1178880 1685.6
1178890 1676.7
1178900 1676.7
1178910 1668.7
1178920 1663.1
1178930 1663.1
1178940 1657.1
1178950 1651.3
1178960 1651.3
1178970 1645.4
1178980 1639.5
1178990 1639.5
1179000 1634.0
1179010 1626.9
1179020 1626.9
1179030 1624.0
1179040 1622.2
1179050 1627.2
1179060 1618.5
1179070 1614.6
1179080 1614.6
1179090 1611.0
1179100 1605.0
1179110 1605.0
1179120 1601.3
1179130 1596.9
1179140 1596.9
1179150 1590.5
1179160 1585.0
1179170 1585.0
1179180 1581.8
1179190 1578.5
1179200 1573.0
1179210 1573.0
1179220 1567.4
1179230 1564.1
1179240 1564.1
1179250 1558.9
1179260 1553.9
1179270 1553.9
1179280 1549.0
1179290 1544.1
1179300 1544.1
1179310 1538.3
1179320 1532.3
1179330 1532.3
1179340 1527.5
1179350 1521.5
1179360 1521.5
1179370 1516.6
1179380 1512.2
1179390 1512.2
1179400 1506.4
1179410 1502.6
1179420 1502.6
1179430 1500.3
1179440 1497.1
1179450 1497.1
1179460 1494.8
1179470 1494.9
1179480 1494.9
1179490 1492.0
1179500 1488.1
1179510 1488.1
1179520 1483.2
1179530 1478.2
1179540 1478.2
1179550 1472.8
1179560 1468.4
1179570 1468.3
1179580 1468.3
1179590 1466.9
1179600 1465.4
1179610 1465.4
1179620 1464.9
1179630 1464.6
1179640 1464.6
1179650 1462.4
1179660 1456.9
1179670 1456.9
1179680 1455.3
1179690 1454.6
1179700 1454.6
1179710 1450.6
1179720 1447.0
1179730 1447.0
1179740 1443.7
1179750 1437.5
1179760 1437.5
1179770 1432.1
1179780 1426.6
1179790 1426.6
1179800 1420.5
1179810 1413.9
1179820 1413.9
1179830 1408.2
1179840 1401.5
1179850 1401.5
1179860 1395.5
1179870 1390.3
1179880 1390.3
1179890 1388.4
1179900 1381.7
1179910 1381.7
1179920 1374.6
1179930 1367.2
1179940 1360.1
1179950 1360.1
1179960 1354.0
1179970 1348.5
1179980 1348.5
1179990 1342.9
