1161980 1088.8
1161990 1089.1
1162000 1089.1
1162010 1089.6
1162020 1090.9
1162030 1092.9
1162040 1092.9
1162050 1094.4
1162060 1095.4
1162070 1095.4
1162080 1096.2
1162090 1096.2
1162100 1096.2
1162110 1094.8
1162120 1094.0
1162130 1094.0
1162140 1093.7
1162150 1093.5
1162160 1093.5
1162170 1093.4
1162180 1093.0
1162190 1093.0
1162200 1091.5
1162210 1089.0
1162220 1089.0
1162230 1085.6
1162240 1081.4
1162250 1081.4
1162260 1078.1
1162270 1076.3
1162280 1076.3
1162290 1074.6
1162300 1073.1
1162310 1073.1
1162320 1071.9
1162330 1071.2
1162340 1071.2
1162350 1070.4
1162360 1069.4
1162370 1068.7
1162380 1067.7
1162390 1067.1
1162400 1066.8
1162410 1066.8
1162420 1066.4
1162430 1066.0
1162440 1066.0
1162450 1065.4
1162460 1064.5
1162470 1064.5
1162480 1064.5
1162490 1065.3
1162500 1065.3
1162510 1065.8
1162520 1066.3
1162530 1066.3
1162540 1066.2
1162550 1065.2
1162560 1065.2
1162570 1063.4
1162580 1062.3
1162590 1062.3
1162600 1061.6
1162610 1061.3
1162620 1061.3
1162630 1061.1
1162640 1060.7
1162650 1060.7
1162660 1059.7
1162670 1058.1
1162680 1058.1
1162690 1057.9
1162700 1058.3
1162710 1058.3
1162720 1058.6
1162730 1058.9
1162740 1058.9
1162750 1059.2
1162760 1059.5
1162770 1060.0
1162780 1060.0
1162790 1060.2
1162800 1060.8
1162810 1060.8
1162820 1061.4
1162830 1062.2
1162840 1062.2
1162850 1063.1
1162860 1063.9
1162870 1063.9
1162880 1064.6
1162890 1065.2
1162900 1065.2
1162910 1065.7
1162920 1066.2
1162930 1066.2
1162940 1066.5
1162950 1066.9
1162960 1066.9
1162970 1067.2
1162980 1067.6
1162990 1067.6
1163000 1068.1
1163010 1068.4
1163020 1068.4
1163030 1068.6
1163040 1069.1
1163050 1069.1
1163060 1069.5
1163070 1069.4
1163080 1069.4
1163090 1069.2
1163100 1069.0
1163110 1069.0
1163120 1068.8
1163130 1068.6
1163140 1068.1
1163150 1068.1
1163160 1067.2
1163170 1064.6
1163180 1064.6
1163190 1063.8
1163200 1063.2
1163210 1063.2
1163220 1062.5
1163230 1062.3
1163240 1062.3
1163250 1061.9
1163260 1060.6
1163270 1060.6
1163280 1059.0
1163290 1055.3
1163300 1055.3
1163310 1048.8
1163320 1045.6
1163330 1045.6
1163340 1044.1
1163350 1040.2
1163360 1040.2
1163370 1037.5
1163380 1034.6
1163390 1034.6
1163400 1031.7
1163410 1026.4
1163420 1026.4
1163430 1022.7
1163440 1027.7
1163450 1027.7
1163460 1033.9
1163470 1039.6
1163480 1039.6
1163490 1046.1
1163500 1050.7
1163510 1053.0
1163520 1053.0
1163530 1050.9
1163540 1045.6
1163550 1045.6
1163560 1039.6
1163570 1034.9
1163580 1034.9
1163590 1030.8
1163600 1026.2
1163610 1026.2
1163620 1021.1
1163630 1016.0
1163640 1016.0
1163650 1009.5
1163660 1003.6
1163670 1003.6
1163680 997.2
1163690 989.8
1163700 989.8
1163710 986.5
1163720 985.7
1163730 985.7
1163740 985.6
1163750 985.1
1163760 985.1
1163770 984.9
1163780 985.4
1163790 985.4
1163800 985.5
1163810 985.2
1163820 985.2
1163830 984.7
1163840 985.8
1163850 985.8
1163860 991.1
1163870 999.8
1163880 1007.6
1163890 1007.6
1163900 1013.1
1163910 1015.3
1163920 1015.3
1163930 1017.4
1163940 1020.4
1163950 1020.4
1163960 1024.0
1163970 1026.0
1163980 1026.0
1163990 1029.2
1164000 1033.4
1164010 1033.4
1164020 1037.1
1164030 1038.8
1164040 1038.8
1164050 1038.8
1164060 1040.6
1164070 1040.6
1164080 1043.4
1164090 1046.4
1164100 1046.4
1164110 1049.6
1164120 1051.3
1164130 1051.3
1164140 1051.3
1164150 1052.8
1164160 1052.8
1164170 1055.7
1164180 1059.4
1164190 1059.4
1164200 1062.8
1164210 1065.3
1164220 1065.3
1164230 1066.2
1164240 1066.7
1164250 1065.8
1164260 1065.8
1164270 1064.3
1164280 1062.1
1164290 1062.1
1164300 1058.7
1164310 1055.7
1164320 1055.7
1164330 1054.1
1164340 1053.0
1164350 1053.0
1164360 1052.2
1164370 1051.7
1164380 1051.7
1164390 1051.2
1164400 1049.8
1164410 1049.8
1164420 1047.2
1164430 1044.2
1164440 1044.2
1164450 1041.0
1164460 1038.2
1164470 1038.2
1164480 1035.9
1164490 1031.7
1164500 1031.7
1164510 1027.9
1164520 1025.1
1164530 1025.1
1164540 1025.2
1164550 1025.4
1164560 1025.4
1164570 1026.4
1164580 1028.1
1164590 1028.1
1164600 1029.9
1164610 1032.5
1164620 1036.0
1164630 1036.0
1164640 1040.8
1164650 1045.8
1164660 1045.8
1164670 1049.9
1164680 1054.5
1164690 1054.5
1164700 1061.8
1164710 1068.2
1164720 1068.2
1164730 1071.0
1164740 1073.7
1164750 1073.7
1164760 1077.3
1164770 1081.5
1164780 1081.5
1164790 1086.2
1164800 1088.9
1164810 1088.9
1164820 1092.1
1164830 1096.0
1164840 1096.0
1164850 1100.0
1164860 1104.0
1164870 1104.0
1164880 1107.9
1164890 1111.5
1164900 1111.5
1164910 1114.8
1164920 1118.1
1164930 1118.1
1164940 1121.5
1164950 1124.5
1164960 1124.5
1164970 1127.3
1164980 1130.0
1164990 1133.1
1165000 1133.1
1165010 1136.5
1165020 1140.0
1165030 1140.0
1165040 1142.7
1165050 1145.6
1165060 1145.6
1165070 1149.0
1165080 1152.4
1165090 1152.4
1165100 1155.5
1165110 1158.3
1165120 1158.3
1165130 1160.5
1165140 1162.0
1165150 1162.0
1165160 1162.8
1165170 1164.7
1165180 1164.7
1165190 1167.3
1165200 1169.9
1165210 1169.9
1165220 1172.7
1165230 1175.4
1165240 1175.4
1165250 1178.2
1165260 1181.0
1165270 1181.0
1165280 1184.2
1165290 1187.8
1165300 1187.8
1165310 1191.6
1165320 1195.3
1165330 1195.3
1165340 1200.6
1165350 1202.8
1165360 1206.6
1165370 1206.6
1165380 1211.5
1165390 1217.0
1165400 1217.0
1165410 1222.7
1165420 1228.9
1165430 1228.9
1165440 1235.0
1165450 1241.3
1165460 1241.3
1165470 1247.4
1165480 1253.3
1165490 1253.3
1165500 1258.7
1165510 1264.1
1165520 1264.1
1165530 1269.7
1165540 1275.2
1165550 1275.2
1165560 1283.9
1165570 1289.4
1165580 1289.4
1165590 1294.8
1165600 1300.4
1165610 1300.4
1165620 1305.3
1165630 1309.6
1165640 1309.6
1165650 1313.2
1165660 1316.8
1165670 1316.8
1165680 1320.5
1165690 1323.8
1165700 1323.8
1165710 1326.6
1165720 1329.3
1165730 1331.8
1165740 1331.8
1165750 1334.8
1165760 1338.2
1165770 1338.2
1165780 1341.4
1165790 1344.4
1165800 1344.4
1165810 1347.0
1165820 1349.4
1165830 1349.4
1165840 1352.0
1165850 1353.9
1165860 1353.9
1165870 1354.8
1165880 1358.0
1165890 1358.0
1165900 1363.7
1165910 1370.7
1165920 1370.7
1165930 1378.4
1165940 1386.2
1165950 1386.2
1165960 1393.3
1165970 1400.7
1165980 1400.7
1165990 1407.0
1166000 1413.4
1166010 1413.4
1166020 1420.5
1166030 1427.5
1166040 1427.5
1166050 1434.5
1166060 1441.6
1166070 1441.6
1166080 1448.5
1166090 1455.6
1166100 1462.9
1166110 1462.9
1166120 1470.2
1166130 1477.5
1166140 1477.5
1166150 1484.5
1166160 1491.4
1166170 1491.4
1166180 1497.8
1166190 1503.7
1166200 1503.7
1166210 1508.8
1166220 1513.1
1166230 1513.1
1166240 1516.7
1166250 1519.4
1166260 1519.4
1166270 1521.5
1166280 1523.1
1166290 1523.1
1166300 1522.8
1166310 1522.0
1166320 1522.0
1166330 1522.6
1166340 1521.5
1166350 1521.5
1166360 1515.4
1166370 1514.7
1166380 1514.7
1166390 1510.0
1166400 1504.1
1166410 1504.1
1166420 1497.1
1166430 1491.0
1166440 1491.0
1166450 1485.7
1166460 1482.6
1166470 1480.4
1166480 1480.4
1166490 1477.7
1166500 1474.8
1166510 1474.8
1166520 1471.2
1166530 1467.6
1166540 1467.6
1166550 1467.1
1166560 1467.1
1166570 1467.1
1166580 1466.1
1166590 1463.6
1166600 1463.6
1166610 1460.5
1166620 1457.7
1166630 1457.7
1166640 1455.2
1166650 1451.9
1166660 1451.9
1166670 1449.6
1166680 1448.9
1166690 1448.9
1166700 1448.3
1166710 1448.5
1166720 1448.5
1166730 1449.7
1166740 1451.8
1166750 1451.8
1166760 1454.2
1166770 1462.4
1166780 1462.4
1166790 1464.9
1166800 1467.0
1166810 1467.0
1166820 1470.1
1166830 1473.8
1166840 1473.8
1166850 1476.5
1166860 1478.6
1166870 1480.9
1166880 1480.9
1166890 1482.8
1166900 1484.4
1166910 1484.4
1166920 1486.2
1166930 1487.4
1166940 1487.4
1166950 1487.7
1166960 1485.5
1166970 1485.5
1166980 1483.8
1166990 1483.9
1167000 1483.9
1167010 1484.7
1167020 1485.9
1167030 1485.9
1167040 1487.5
1167050 1488.4
1167060 1488.4
1167070 1490.3
1167080 1493.8
1167090 1493.8
1167100 1497.6
1167110 1501.0
1167120 1501.0
1167130 1504.3
1167140 1507.9
1167150 1507.9
1167160 1511.5
1167170 1515.7
1167180 1515.7
1167190 1519.7
1167200 1524.2
1167210 1524.2
1167220 1529.5
1167230 1534.7
1167240 1540.7
1167250 1540.7
1167260 1546.6
1167270 1549.6
1167280 1549.6
1167290 1553.1
1167300 1557.8
1167310 1557.8
1167320 1562.7
1167330 1566.3
1167340 1566.3
1167350 1570.9
1167360 1575.8
1167370 1575.8
1167380 1580.1
1167390 1583.9
1167400 1583.9
1167410 1587.4
1167420 1590.1
1167430 1590.1
1167440 1592.6
1167450 1595.0
1167460 1595.0
1167470 1597.1
1167480 1598.7
1167490 1598.7
1167500 1600.2
1167510 1601.8
1167520 1601.8
1167530 1603.3
1167540 1604.5
1167550 1604.5
1167560 1605.6
1167570 1606.0
1167580 1606.0
1167590 1606.6
1167600 1606.8
1167610 1606.5
1167620 1606.5
1167630 1606.1
1167640 1605.7
1167650 1605.7
1167660 1604.8
1167670 1603.4
1167680 1603.4
1167690 1601.6
1167700 1600.0
1167710 1600.0
1167720 1597.6
1167730 1593.8
1167740 1593.8
1167750 1590.0
1167760 1585.0
1167770 1585.0
1167780 1577.7
1167790 1570.6
1167800 1570.6
1167810 1564.6
1167820 1555.9
1167830 1555.9
1167840 1547.6
1167850 1540.1
1167860 1540.1
1167870 1534.7
1167880 1529.7
1167890 1529.7
1167900 1524.3
1167910 1519.3
1167920 1519.3
1167930 1514.9
1167940 1510.7
1167950 1510.7
1167960 1505.8
1167970 1500.4
1167980 1496.9
1167990 1496.9
1168000 1492.3
1168010 1488.9
1168020 1488.9
1168030 1487.0
1168040 1485.7
1168050 1485.7
1168060 1485.3
1168070 1484.6
1168080 1484.6
1168090 1482.9
1168100 1479.9
1168110 1479.9
1168120 1476.5
1168130 1472.8
1168140 1472.8
1168150 1469.0
1168160 1465.1
1168170 1465.1
1168180 1460.6
1168190 1455.9
1168200 1455.9
1168210 1452.2
1168220 1449.4
1168230 1449.4
1168240 1447.6
1168250 1446.1
1168260 1446.1
1168270 1444.8
1168280 1443.6
1168290 1443.6
1168300 1442.3
1168310 1440.5
1168320 1440.5
1168330 1439.0
1168340 1437.8
1168350 1437.3
1168360 1437.3
1168370 1437.3
1168380 1436.3
1168390 1436.3
1168400 1437.6
1168410 1440.3
1168420 1440.3
1168430 1442.9
1168440 1445.1
1168450 1445.1
1168460 1446.4
1168470 1446.9
1168480 1446.9
1168490 1446.5
1168500 1445.3
1168510 1445.3
1168520 1443.6
1168530 1442.4
1168540 1442.4
1168550 1440.8
1168560 1438.8
1168570 1438.8
1168580 1436.5
1168590 1433.9
1168600 1433.9
1168610 1431.1
1168620 1429.0
1168630 1429.0
1168640 1427.7
1168650 1426.6
1168660 1426.6
1168670 1426.5
1168680 1426.6
1168690 1426.6
1168700 1426.7
1168710 1425.8
1168720 1423.8
1168730 1423.8
1168740 1422.6
1168750 1419.2
1168760 1419.2
1168770 1416.3
1168780 1412.4
1168790 1413.1
1168800 1408.7
1168810 1403.6
1168820 1403.6
1168830 1398.3
1168840 1392.9
1168850 1392.9
1168860 1387.6
1168870 1382.5
1168880 1382.5
1168890 1377.2
1168900 1371.4
1168910 1371.4
1168920 1365.3
1168930 1359.4
1168940 1359.4
1168950 1353.6
1168960 1346.9
1168970 1346.9
1168980 1340.3
1168990 1334.0
1169000 1334.0
1169010 1328.1
1169020 1324.5
1169030 1324.5
1169040 1323.5
1169050 1322.5
1169060 1322.5
1169070 1322.7
1169080 1323.3
1169090 1323.9
1169100 1323.9
1169110 1324.4
1169120 1324.5
1169130 1324.5
1169140 1323.9
1169150 1323.4
1169160 1323.4
1169170 1322.4
1169180 1320.0
1169190 1324.1
1169200 1321.1
1169210 1318.2
1169220 1318.2
1169230 1315.0
1169240 1311.0
1169250 1311.0
1169260 1306.7
1169270 1302.2
1169280 1302.2
1169290 1297.2
1169300 1291.6
1169310 1291.6
1169320 1287.3
1169330 1284.8
1169340 1284.8
1169350 1282.8
1169360 1279.1
1169370 1279.1
1169380 1273.6
1169390 1267.5
1169400 1267.5
1169410 1261.9
1169420 1255.9
1169430 1255.9
1169440 1249.9
1169450 1246.9
1169460 1247.1
1169470 1247.1
1169480 1248.9
1169490 1249.9
1169500 1249.9
1169510 1249.4
1169520 1247.2
1169530 1247.2
1169540 1242.5
1169550 1237.0
1169560 1237.0
1169570 1231.4
1169580 1227.3
1169590 1227.3
1169600 1230.0
1169610 1229.6
1169620 1229.6
1169630 1228.5
1169640 1225.2
1169650 1225.2
1169660 1220.4
1169670 1214.1
1169680 1214.1
1169690 1208.1
1169700 1201.8
1169710 1201.8
1169720 1195.4
1169730 1189.2
1169740 1189.2
1169750 1183.4
1169760 1179.5
1169770 1179.5
1169780 1176.3
1169790 1172.0
1169800 1172.0
1169810 1165.5
1169820 1157.8
1169830 1152.7
1169840 1152.7
1169850 1149.0
1169860 1146.7
1169870 1146.7
1169880 1143.7
1169890 1139.0
1169900 1139.0
1169910 1133.8
1169920 1130.2
1169930 1130.2
1169940 1126.9
1169950 1122.1
1169960 1122.1
1169970 1119.5
1169980 1118.4
1169990 1118.4
1170000 1121.7
1170010 1119.8
1170020 1119.8
1170030 1117.9
1170040 1115.7
1170050 1115.7
1170060 1113.2
1170070 1110.2
1170080 1110.2
1170090 1107.3
1170100 1102.9
1170110 1102.9
1170120 1097.2
1170130 1091.8
1170140 1091.8
1170150 1087.6
1170160 1083.6
1170170 1083.6
1170180 1078.9
1170190 1074.2
1170200 1067.2
1170210 1067.2
1170220 1060.1
1170230 1054.1
1170240 1054.1
1170250 1047.2
1170260 1039.1
1170270 1039.1
1170280 1035.6
1170290 1037.0
1170300 1037.0
1170310 1037.7
1170320 1037.1
1170330 1037.1
1170340 1037.6
1170350 1040.9
1170360 1040.9
1170370 1042.7
1170380 1042.9
1170390 1042.9
1170400 1043.2
1170410 1049.1
1170420 1049.1
1170430 1048.2
1170440 1048.1
1170450 1048.1
1170460 1048.5
1170470 1048.9
1170480 1048.9
1170490 1048.9
1170500 1048.3
1170510 1048.3
1170520 1047.4
1170530 1047.2
1170540 1047.2
1170550 1047.5
1170560 1046.0
1170570 1043.5
1170580 1043.5
1170590 1042.6
1170600 1042.2
1170610 1042.2
1170620 1041.8
1170630 1041.7
1170640 1041.7
1170650 1040.7
1170660 1039.2
1170670 1039.2
1170680 1037.8
1170690 1036.4
1170700 1036.4
1170710 1035.4
1170720 1034.5
1170730 1034.5
1170740 1033.9
1170750 1032.9
1170760 1032.9
1170770 1031.5
1170780 1031.3
1170790 1031.3
1170800 1032.7
1170810 1033.7
1170820 1038.0
1170830 1037.2
1170840 1035.9
1170850 1035.9
1170860 1034.8
1170870 1033.2
1170880 1033.2
1170890 1030.9
1170900 1029.5
1170910 1029.5
1170920 1029.6
1170930 1031.4
1170940 1032.8
1170950 1032.8
1170960 1032.4
1170970 1031.4
1170980 1031.4
1170990 1030.7
1171000 1030.3
1171010 1030.3
1171020 1030.1
1171030 1030.0
1171040 1030.0
1171050 1029.3
1171060 1028.4
1171070 1028.4
1171080 1028.0
1171090 1028.8
1171100 1028.8
1171110 1029.6
1171120 1028.8
1171130 1028.8
1171140 1026.1
1171150 1024.3
1171160 1024.3
1171170 1024.0
1171180 1024.3
1171190 1024.3
1171200 1024.2
1171210 1022.8
1171220 1022.8
1171230 1022.9
1171240 1024.7
1171250 1024.7
1171260 1028.7
1171270 1034.4
1171280 1034.4
1171290 1036.9
1171300 1037.9
1171310 1038.8
1171320 1038.8
1171330 1040.1
1171340 1041.5
1171350 1041.5
1171360 1042.6
1171370 1042.7
1171380 1042.7
1171390 1042.4
1171400 1042.5
1171410 1042.5
1171420 1042.4
1171430 1041.9
1171440 1041.9
1171450 1040.9
1171460 1041.2
1171470 1041.2
1171480 1042.7
1171490 1044.5
1171500 1044.5
1171510 1045.7
1171520 1045.9
1171530 1045.9
1171540 1046.1
1171550 1046.5
1171560 1046.5
1171570 1046.6
1171580 1046.5
1171590 1046.5
1171600 1045.9
1171610 1044.5
1171620 1044.5
1171630 1043.2
1171640 1041.9
1171650 1041.9
1171660 1042.6
1171670 1043.4
1171680 1045.0
1171690 1045.0
1171700 1049.1
1171710 1051.6
1171720 1051.6
1171730 1053.7
1171740 1056.5
1171750 1056.5
1171760 1059.2
1171770 1061.5
1171780 1061.5
1171790 1063.1
1171800 1064.4
1171810 1064.4
1171820 1065.2
1171830 1065.9
1171840 1065.9
1171850 1066.2
1171860 1065.6
1171870 1065.6
1171880 1064.5
1171890 1063.6
1171900 1063.6
1171910 1063.2
1171920 1063.6
1171930 1063.6
1171940 1063.1
1171950 1061.8
1171960 1061.8
1171970 1062.3
1171980 1063.4
1171990 1063.4
1172000 1064.6
1172010 1065.8
1172020 1065.8
1172030 1067.0
1172040 1067.2
1172050 1066.7
1172060 1066.7
1172070 1065.3
1172080 1067.4
1172090 1067.4
1172100 1073.7
1172110 1079.1
1172120 1079.1
1172130 1083.0
1172140 1086.8
1172150 1086.8
1172160 1090.1
1172170 1093.3
1172180 1093.3
1172190 1097.0
1172200 1100.5
1172210 1100.5
1172220 1104.0
1172230 1107.7
1172240 1107.7
1172250 1111.2
1172260 1114.4
1172270 1114.4
1172280 1117.1
1172290 1119.6
1172300 1119.6
1172310 1122.0
1172320 1124.5
1172330 1124.5
1172340 1127.0
1172350 1129.8
1172360 1129.8
1172370 1133.0
1172380 1136.3
1172390 1136.3
1172400 1139.8
1172410 1143.6
1172420 1147.8
1172430 1147.8
1172440 1151.8
1172450 1156.6
1172460 1156.6
1172470 1160.4
1172480 1163.6
1172490 1163.6
1172500 1166.5
1172510 1168.8
1172520 1168.8
1172530 1170.7
1172540 1172.3
1172550 1172.3
1172560 1173.6
1172570 1175.0
1172580 1175.0
1172590 1176.3
1172600 1177.5
1172610 1177.5
1172620 1179.3
1172630 1181.1
1172640 1181.1
1172650 1182.6
1172660 1184.4
1172670 1184.4
1172680 1187.0
1172690 1190.7
1172700 1190.7
1172710 1194.5
1172720 1198.0
1172730 1198.0
1172740 1200.6
1172750 1202.5
1172760 1202.5
1172770 1203.7
1172780 1204.8
1172790 1206.0
1172800 1206.0
1172810 1207.9
1172820 1210.1
1172830 1210.1
1172840 1212.5
1172850 1215.1
1172860 1214.8
1172870 1218.4
1172880 1222.2
1172890 1222.2
1172900 1226.1
1172910 1230.3
1172920 1230.3
1172930 1235.0
1172940 1240.1
1172950 1240.1
1172960 1245.6
1172970 1251.0
1172980 1251.0
1172990 1256.2
1173000 1261.3
1173010 1261.3
1173020 1266.1
1173030 1270.2
1173040 1270.2
1173050 1273.7
1173060 1276.6
1173070 1276.6
1173080 1279.2
1173090 1281.5
1173100 1281.5
1173110 1283.1
1173120 1284.0
1173130 1284.0
1173140 1284.8
1173150 1285.7
1173160 1287.1
1173170 1287.1
1173180 1289.0
1173190 1291.0
1173200 1291.0
1173210 1293.1
1173220 1295.5
1173230 1295.5
1173240 1298.0
1173250 1300.6
1173260 1300.6
1173270 1302.5
1173280 1298.3
1173290 1298.3
1173300 1299.6
1173310 1301.4
1173320 1301.4
1173330 1302.9
1173340 1304.0
1173350 1304.0
1173360 1305.6
1173370 1307.1
1173380 1307.1
1173390 1307.9
1173400 1308.0
1173410 1308.0
1173420 1307.9
1173430 1307.9
1173440 1307.9
1173450 1308.6
1173460 1308.9
1173470 1308.9
1173480 1309.5
1173490 1311.2
1173500 1311.2
1173510 1313.4
1173520 1316.1
1173530 1319.0
1173540 1319.0
1173550 1323.2
1173560 1325.9
1173570 1325.9
1173580 1329.0
1173590 1331.6
1173600 1331.6
1173610 1333.3
1173620 1334.5
1173630 1334.5
1173640 1334.5
1173650 1334.0
1173660 1334.0
1173670 1333.7
1173680 1333.6
1173690 1329.1
1173700 1329.6
1173710 1329.5
1173720 1329.5
1173730 1330.4
1173740 1330.5
1173750 1330.5
1173760 1330.6
1173770 1330.4
1173780 1330.4
1173790 1331.3
1173800 1331.4
1173810 1331.4
1173820 1331.3
1173830 1331.0
1173840 1331.0
1173850 1330.4
1173860 1331.0
1173870 1331.0
1173880 1331.6
1173890 1332.3
1173900 1332.1
1173910 1332.1
1173920 1332.4
1173930 1332.1
1173940 1332.1
1173950 1332.6
1173960 1334.5
1173970 1334.5
1173980 1335.6
1173990 1336.7
1174000 1336.7
1174010 1337.5
1174020 1338.1
1174030 1338.1
1174040 1341.8
1174050 1351.2
1174060 1351.2
1174070 1360.3
1174080 1367.7
1174090 1367.7
1174100 1371.4
1174110 1376.1
1174120 1376.1
1174130 1380.8
1174140 1385.6
1174150 1385.6
1174160 1390.5
1174170 1395.6
1174180 1395.6
1174190 1400.7
1174200 1405.7
1174210 1405.7
1174220 1410.4
1174230 1415.0
1174240 1415.0
1174250 1419.7
1174260 1424.4
1174270 1429.1
1174280 1429.1
1174290 1433.2
1174300 1437.0
1174310 1437.0
1174320 1441.0
1174330 1445.0
1174340 1445.0
1174350 1449.8
1174360 1455.2
1174370 1455.2
1174380 1461.6
1174390 1468.4
1174400 1468.4
1174410 1474.4
1174420 1480.2
1174430 1480.2
1174440 1486.4
1174450 1492.8
1174460 1492.8
1174470 1499.4
1174480 1506.1
1174490 1506.1
1174500 1512.0
1174510 1509.7
1174520 1509.7
1174530 1515.8
1174540 1521.8
1174550 1521.8
1174560 1528.4
1174570 1533.6
1174580 1533.6
1174590 1542.2
1174600 1549.5
1174610 1549.5
1174620 1555.6
1174630 1562.2
1174640 1569.4
1174650 1569.4
1174660 1576.7
1174670 1584.6
1174680 1584.6
1174690 1591.4
1174700 1597.9
1174710 1597.9
1174720 1604.1
1174730 1611.6
1174740 1611.6
1174750 1619.5
1174760 1626.7
1174770 1626.7
1174780 1632.9
1174790 1647.6
1174800 1647.6
1174810 1658.9
1174820 1666.0
1174830 1666.0
1174840 1673.3
1174850 1681.1
1174860 1681.1
1174870 1689.1
1174880 1697.4
1174890 1697.4
1174900 1706.2
1174910 1721.7
1174920 1729.9
1174930 1761.8
1174940 1781.0
1174950 1781.0
1174960 1788.6
1174970 1794.2
1174980 1794.2
1174990 1794.4
1175000 1795.9
1175010 1803.6
1175020 1803.6
1175030 1806.2
1175040 1816.6
1175050 1816.6
1175060 1846.4
1175070 1870.7
1175080 1870.7
1175090 1892.4
1175100 1906.6
1175110 1906.6
1175120 1910.4
1175130 1919.0
1175140 1919.0
1175150 1934.1
1175160 1940.3
1175170 1940.3
1175180 1943.0
1175190 1941.9
1175200 1941.9
1175210 1938.8
1175220 1934.7
1175230 1934.7
1175240 1936.4
1175250 1964.0
1175260 1964.0
1175270 1975.4
1175280 1964.8
1175290 1964.8
1175300 1956.9
1175310 1950.8
1175320 1950.8
1175330 1946.6
1175340 1932.4
1175350 1932.4
1175360 1929.7
1175370 1925.2
1175380 1921.5
1175390 1921.5
1175400 1920.6
1175410 1921.4
1175420 1921.4
1175430 1923.0
1175440 1905.6
1175450 1905.6
1175460 1863.5
1175470 1844.1
1175480 1844.1
1175490 1825.2
1175500 1815.9
1175510 1815.9
1175520 1804.7
1175530 1794.6
1175540 1794.6
1175550 1797.7
1175560 1806.0
1175570 1806.0
1175580 1816.1
1175590 1825.2
1175600 1825.2
1175610 1830.8
1175620 1826.2
1175630 1826.2
1175640 1822.3
1175650 1819.3
1175660 1819.3
1175670 1822.0
1175680 1821.3
1175690 1821.3
1175700 1810.6
1175710 1805.2
1175720 1805.2
1175730 1804.3
1175740 1798.1
1175750 1809.5
1175760 1809.5
1175770 1808.5
1175780 1805.6
1175790 1805.6
1175800 1796.7
1175810 1802.0
1175820 1802.0
1175830 1800.6
1175840 1797.2
1175850 1797.2
1175860 1799.4
1175870 1793.1
1175880 1793.1
1175890 1782.9
1175900 1740.3
1175910 1740.3
1175920 1675.4
1175930 1644.4
1175940 1644.4
1175950 1619.8
1175960 1614.6
1175970 1614.6
1175980 1611.0
1175990 1606.9
1176000 1606.9
1176010 1619.6
1176020 1617.1
1176030 1617.1
1176040 1606.1
1176050 1595.1
1176060 1595.1
1176070 1581.6
1176080 1571.9
1176090 1571.9
1176100 1568.1
1176110 1564.1
1176120 1564.9
1176130 1564.9
1176140 1576.1
1176150 1582.4
1176160 1614.1
1176170 1610.7
1176180 1607.8
1176190 1607.8
1176200 1593.6
1176210 1587.5
1176220 1587.5
1176230 1580.7
1176240 1576.3
1176250 1576.3
1176260 1571.9
1176270 1562.5
1176280 1562.5
1176290 1554.4
1176300 1563.0
1176310 1563.0
1176320 1557.8
1176330 1536.0
1176340 1536.0
1176350 1528.8
1176360 1526.9
1176370 1526.9
1176380 1524.2
1176390 1520.5
1176400 1520.5
1176410 1515.7
1176420 1510.9
1176430 1510.9
1176440 1507.4
1176450 1506.2
1176460 1506.2
1176470 1507.0
1176480 1506.5
1176490 1503.8
1176500 1503.8
1176510 1498.6
1176520 1492.6
1176530 1492.6
1176540 1487.4
1176550 1482.8
1176560 1482.8
1176570 1480.6
1176580 1479.1
1176590 1479.1
1176600 1479.0
1176610 1479.2
1176620 1479.2
1176630 1479.2
1176640 1479.4
1176650 1479.4
1176660 1479.9
1176670 1480.3
1176680 1480.3
1176690 1480.9
1176700 1482.1
1176710 1482.1
1176720 1483.4
1176730 1484.9
1176740 1484.9
1176750 1486.5
1176760 1488.9
1176770 1488.9
1176780 1490.9
1176790 1493.3
1176800 1493.3
1176810 1495.6
1176820 1497.1
1176830 1497.1
1176840 1501.4
1176850 1507.1
1176860 1513.5
1176870 1513.5
1176880 1520.0
1176890 1526.8
1176900 1526.8
1176910 1534.4
1176920 1542.6
1176930 1542.6
1176940 1550.5
1176950 1559.0
1176960 1559.0
1176970 1567.4
1176980 1589.0
1176990 1589.8
1177000 1613.9
1177010 1623.5
1177020 1623.5
1177030 1628.5
1177040 1631.2
1177050 1631.2
1177060 1634.0
1177070 1635.6
1177080 1635.6
1177090 1636.6
1177100 1638.5
1177110 1638.5
1177120 1641.7
1177130 1645.4
1177140 1645.4
1177150 1649.3
1177160 1652.2
1177170 1652.2
1177180 1654.5
1177190 1656.2
1177200 1656.3
1177210 1656.3
1177220 1653.8
1177230 1648.5
1177240 1648.5
1177250 1641.4
1177260 1633.3
1177270 1633.3
1177280 1625.0
1177290 1616.9
1177300 1616.9
1177310 1610.6
1177320 1602.7
1177330 1602.7
1177340 1594.1
1177350 1585.4
1177360 1585.4
1177370 1578.9
1177380 1574.7
1177390 1574.7
1177400 1572.2
1177410 1574.7
1177420 1574.7
1177430 1573.8
1177440 1571.9
1177450 1571.9
1177460 1569.5
1177470 1567.0
1177480 1567.0
1177490 1564.7
1177500 1562.4
1177510 1562.4
1177520 1559.5
1177530 1557.0
1177540 1557.0
1177550 1554.5
1177560 1552.1
1177570 1549.9
1177580 1549.9
1177590 1547.1
1177600 1544.5
1177610 1544.5
1177620 1541.7
1177630 1539.1
1177640 1539.1
1177650 1537.9
1177660 1536.6
1177670 1536.6
1177680 1534.0
1177690 1532.3
1177700 1532.3
1177710 1530.0
1177720 1528.9
1177730 1528.9
1177740 1530.0
1177750 1531.7
1177760 1531.7
1177770 1533.3
1177780 1534.7
1177790 1534.7
1177800 1536.9
1177810 1538.7
1177820 1538.7
1177830 1547.7
1177840 1549.8
1177850 1549.8
1177860 1551.0
1177870 1552.2
1177880 1552.2
1177890 1554.2
1177900 1557.0
1177910 1557.0
1177920 1559.2
1177930 1563.0
1177940 1568.4
1177950 1568.4
1177960 1573.0
1177970 1572.7
1177980 1572.7
1177990 1571.3
1178000 1575.0
1178010 1575.0
1178020 1585.5
1178030 1597.4
1178040 1597.4
1178050 1603.3
1178060 1610.0
1178070 1610.0
1178080 1616.1
1178090 1623.4
1178100 1623.4
1178110 1624.2
1178120 1633.0
1178130 1633.0
1178140 1642.2
1178150 1653.7
1178160 1653.7
1178170 1665.5
1178180 1670.1
1178190 1670.1
1178200 1677.5
1178210 1684.2
1178220 1684.2
1178230 1685.3
1178240 1694.1
1178250 1694.1
1178260 1694.8
1178270 1696.1
1178280 1696.1
1178290 1696.7
1178300 1694.3
1178310 1691.4
1178320 1691.4
1178330 1689.1
1178340 1687.4
1178350 1687.4
1178360 1679.7
1178370 1666.3
1178380 1666.3
1178390 1660.3
1178400 1667.3
1178410 1667.3
1178420 1677.3
1178430 1685.8
1178440 1685.8
1178450 1693.4
1178460 1701.1
1178470 1701.1
1178480 1706.1
1178490 1712.1
1178500 1712.1
1178510 1723.5
1178520 1744.0
1178530 1744.0
1178540 1766.8
1178550 1778.7
1178560 1778.7
1178570 1793.4
1178580 1809.9
1178590 1809.9
1178600 1810.0
1178610 1802.2
1178620 1802.2
1178630 1801.2
1178640 1803.5
1178650 1803.5
1178660 1817.6
1178670 1809.0
1178680 1803.4
1178690 1803.4
1178700 1802.8
1178710 1798.6
1178720 1798.6
1178730 1801.7
1178740 1803.8
1178750 1803.8
1178760 1800.8
1178770 1791.7
1178780 1791.7
1178790 1774.6
1178800 1776.8
1178810 1776.8
1178820 1790.2
1178830 1795.4
1178840 1795.4
1178850 1796.9
1178860 1803.7
1178870 1803.7
1178880 1815.7
1178890 1826.4
1178900 1826.4
1178910 1833.2
1178920 1835.0
1178930 1835.0
1178940 1833.7
1178950 1830.8
1178960 1830.8
1178970 1825.4
1178980 1816.4
1178990 1816.4
1179000 1804.8
1179010 1793.5
1179020 1793.5
1179030 1784.8
1179040 1775.0
1179050 1763.2
1179060 1763.2
1179070 1751.8
1179080 1746.1
1179090 1746.1
1179100 1737.1
1179110 1728.8
1179120 1728.8
1179130 1719.6
1179140 1709.4
1179150 1709.4
1179160 1698.4
1179170 1684.4
1179180 1684.4
1179190 1674.1
1179200 1664.7
1179210 1664.7
1179220 1657.9
1179230 1653.1
1179240 1653.1
1179250 1647.2
1179260 1639.7
1179270 1639.7
1179280 1632.0
1179290 1624.8
1179300 1624.8
1179310 1615.6
1179320 1607.5
1179330 1607.5
1179340 1602.4
1179350 1597.2
1179360 1597.2
1179370 1591.4
1179380 1584.3
1179390 1584.3
1179400 1575.5
1179410 1566.3
1179420 1557.4
1179430 1557.4
1179440 1544.4
1179450 1531.9
1179460 1531.9
1179470 1519.9
1179480 1511.4
1179490 1511.4
1179500 1512.6
1179510 1505.9
1179520 1505.9
1179530 1501.8
1179540 1495.7
1179550 1495.7
1179560 1487.9
1179570 1478.4
1179580 1478.4
1179590 1469.2
1179600 1453.3
1179610 1453.3
1179620 1440.6
1179630 1432.3
1179640 1432.3
1179650 1423.6
1179660 1414.8
1179670 1414.8
1179680 1407.2
1179690 1399.6
1179700 1399.6
1179710 1392.7
1179720 1385.0
1179730 1385.0
1179740 1376.7
1179750 1370.2
1179760 1370.2
1179770 1361.6
1179780 1354.8
1179790 1348.8
1179800 1348.8
1179810 1341.3
1179820 1333.2
1179830 1333.2
1179840 1325.4
1179850 1318.6
1179860 1318.6
1179870 1313.0
1179880 1308.9
1179890 1308.9
1179900 1308.7
1179910 1308.7
1179920 1297.5
1179930 1297.9
1179940 1297.2
1179950 1297.2
1179960 1295.1
1179970 1292.7
1179980 1292.7
1179990 1291.3
