1162590 1421.1
1162600 1417.0
1162610 1417.0
1162620 1412.6
1162630 1408.7
1162640 1408.7
1162650 1405.1
1162660 1401.3
1162670 1401.3
1162680 1397.0
1162690 1392.4
1162700 1392.4
1162710 1387.9
1162720 1383.6
1162730 1378.7
1162740 1374.0
1162750 1369.3
1162760 1369.3
1162770 1364.8
1162780 1360.4
1162790 1360.4
1162800 1355.4
1162810 1351.1
1162820 1351.1
1162830 1346.2
1162840 1340.8
1162850 1340.8
1162860 1336.7
1162870 1332.3
1162880 1332.3
1162890 1328.4
1162900 1325.3
1162910 1320.4
1162920 1320.4
1162930 1313.6
1162940 1305.6
1162950 1305.6
1162960 1298.9
1162970 1292.8
1162980 1292.8
1162990 1287.2
1163000 1281.8
1163010 1281.8
1163020 1277.3
1163030 1272.3
1163040 1272.3
1163050 1266.0
1163060 1260.0
1163070 1260.0
1163080 1253.3
1163090 1247.4
1163100 1247.4
1163110 1242.5
1163120 1238.1
1163130 1235.7
1163140 1232.1
1163150 1226.6
1163160 1226.6
1163170 1223.1
1163180 1223.6
1163190 1223.6
1163200 1222.2
1163210 1219.2
1163220 1219.2
1163230 1216.6
1163240 1215.0
1163250 1215.0
1163260 1214.2
1163270 1212.8
1163280 1212.8
1163290 1211.4
1163300 1209.7
1163310 1208.1
1163320 1208.1
1163330 1206.1
1163340 1204.8
1163350 1204.8
1163360 1203.6
1163370 1201.9
1163380 1201.9
1163390 1199.9
1163400 1198.0
1163410 1198.0
1163420 1197.3
1163430 1196.8
1163440 1196.8
1163450 1195.7
1163460 1194.3
1163470 1194.3
1163480 1193.2
1163490 1191.8
1163500 1191.8
1163510 1189.3
1163520 1188.3
1163530 1185.5
1163540 1185.5
1163550 1184.8
1163560 1184.8
1163570 1183.2
1163580 1181.0
1163590 1181.0
1163600 1178.1
1163610 1175.1
1163620 1175.1
1163630 1172.5
1163640 1168.6
1163650 1168.6
1163660 1166.1
1163670 1164.7
1163680 1162.7
1163690 1162.7
1163700 1161.3
1163710 1158.1
1163720 1158.1
1163730 1153.0
1163740 1151.8
1163750 1151.8
1163760 1150.1
1163770 1145.6
1163780 1145.6
1163790 1140.2
1163800 1138.3
1163810 1138.3
1163820 1139.8
1163830 1138.4
1163840 1138.4
1163850 1136.0
1163860 1131.6
1163870 1131.6
1163880 1132.4
1163890 1133.3
1163900 1133.3
1163910 1131.4
1163920 1123.9
1163930 1123.9
1163940 1120.7
1163950 1113.1
1163960 1113.1
1163970 1111.4
1163980 1114.0
1163990 1114.0
1164000 1115.3
1164010 1113.7
1164020 1113.7
1164030 1112.7
1164040 1113.3
1164050 1114.4
1164060 1114.4
1164070 1114.7
1164080 1113.5
1164090 1113.5
1164100 1111.5
1164110 1108.0
1164120 1108.0
1164130 1103.1
1164140 1098.4
1164150 1098.4
1164160 1095.1
1164170 1089.7
1164180 1089.7
1164190 1087.5
1164200 1087.6
1164210 1087.6
1164220 1089.0
1164230 1092.8
1164240 1092.8
1164250 1094.8
1164260 1095.9
1164270 1095.9
1164280 1095.0
1164290 1093.7
1164300 1093.7
1164310 1091.5
1164320 1091.8
1164330 1091.8
1164340 1090.2
1164350 1088.2
1164360 1088.2
1164370 1087.0
1164380 1087.6
1164390 1087.6
1164400 1090.1
1164410 1093.7
1164420 1098.2
1164430 1098.2
1164440 1103.3
1164450 1112.5
1164460 1112.5
1164470 1122.3
1164480 1129.0
1164490 1129.0
1164500 1131.3
1164510 1128.5
1164520 1128.5
1164530 1125.6
1164540 1122.3
1164550 1122.3
1164560 1120.1
1164570 1118.3
1164580 1118.3
1164590 1116.2
1164600 1112.7
1164610 1112.7
1164620 1110.1
1164630 1108.7
1164640 1108.7
1164650 1106.0
1164660 1103.2
1164670 1103.2
1164680 1098.6
1164690 1093.2
1164700 1093.2
1164710 1089.1
1164720 1073.0
1164730 1073.0
1164740 1067.4
1164750 1059.7
1164760 1059.7
1164770 1053.3
1164780 1045.6
1164790 1037.6
1164800 1037.6
1164810 1030.5
1164820 1023.7
1164830 1023.7
1164840 1017.2
1164850 1010.8
1164860 1010.8
1164870 1003.0
1164880 994.0
1164890 994.0
1164900 984.8
1164910 977.2
1164920 977.2
1164930 972.8
1164940 971.7
1164950 971.7
1164960 971.5
1164970 970.9
1164980 970.9
1164990 970.5
1165000 970.3
1165010 970.3
1165020 970.2
1165030 970.2
1165040 970.2
1165050 970.1
1165060 969.9
1165070 969.9
1165080 969.6
1165090 969.3
1165100 969.3
1165110 969.3
1165120 969.2
1165130 969.2
1165140 968.7
1165150 968.6
1165160 968.6
1165170 969.4
1165180 969.3
1165190 969.3
1165200 969.3
1165210 969.4
1165220 969.4
1165230 969.4
1165240 969.4
1165250 969.3
1165260 969.3
1165270 969.1
1165280 969.2
1165290 969.2
1165300 970.5
1165310 973.8
1165320 973.8
1165330 976.5
1165340 978.7
1165350 978.7
1165360 981.1
1165370 983.8
1165380 983.8
1165390 986.3
1165400 989.0
1165410 989.0
1165420 991.0
1165430 993.6
1165440 993.6
1165450 996.1
1165460 998.8
1165470 998.8
1165480 1001.4
1165490 1004.3
1165500 1004.3
1165510 1008.3
1165520 1012.0
1165530 1012.0
1165540 1014.1
1165550 1018.7
1165560 1022.5
1165570 1022.5
1165580 1028.1
1165590 1033.4
1165600 1033.4
1165610 1038.4
1165620 1043.4
1165630 1043.4
1165640 1047.6
1165650 1050.9
1165660 1050.9
1165670 1054.6
1165680 1058.3
1165690 1058.3
1165700 1062.4
1165710 1066.8
1165720 1066.8
1165730 1072.0
1165740 1071.6
1165750 1071.6
1165760 1063.4
1165770 1056.6
1165780 1056.6
1165790 1054.4
1165800 1053.3
1165810 1053.3
1165820 1057.9
1165830 1064.3
1165840 1064.3
1165850 1068.7
1165860 1071.6
1165870 1071.6
1165880 1073.2
1165890 1075.0
1165900 1075.0
1165910 1077.8
1165920 1081.4
1165930 1086.1
1165940 1086.1
1165950 1089.7
1165960 1092.8
1165970 1092.8
1165980 1095.7
1165990 1098.7
1166000 1098.7
1166010 1101.5
1166020 1104.9
1166030 1104.9
1166040 1108.0
1166050 1110.6
1166060 1110.6
1166070 1112.5
1166080 1113.1
1166090 1113.1
1166100 1115.6
1166110 1117.3
1166120 1117.3
1166130 1118.5
1166140 1120.0
1166150 1120.0
1166160 1121.9
1166170 1123.9
1166180 1123.9
1166190 1125.4
1166200 1123.4
1166210 1123.4
1166220 1123.2
1166230 1128.2
1166240 1128.2
1166250 1134.9
1166260 1141.1
1166270 1141.1
1166280 1145.4
1166290 1149.1
1166300 1152.8
1166310 1152.8
1166320 1156.3
1166330 1159.0
1166340 1159.0
1166350 1163.2
1166360 1167.4
1166370 1167.4
1166380 1171.9
1166390 1176.8
1166400 1176.8
1166410 1182.0
1166420 1186.9
1166430 1186.9
1166440 1191.3
1166450 1196.1
1166460 1196.1
1166470 1200.7
1166480 1206.0
1166490 1206.0
1166500 1211.2
1166510 1217.4
1166520 1217.4
1166530 1224.9
1166540 1233.9
1166550 1233.9
1166560 1242.1
1166570 1248.4
1166580 1248.4
1166590 1254.3
1166600 1260.2
1166610 1260.2
1166620 1266.5
1166630 1272.0
1166640 1272.0
1166650 1274.6
1166660 1276.7
1166670 1276.7
1166680 1278.5
1166690 1280.2
1166700 1281.1
1166710 1281.1
1166720 1279.9
1166730 1281.6
1166740 1281.6
1166750 1281.7
1166760 1280.2
1166770 1280.2
1166780 1279.0
1166790 1280.4
1166800 1280.4
1166810 1281.6
1166820 1280.3
1166830 1280.3
1166840 1280.0
1166850 1280.8
1166860 1280.8
1166870 1282.0
1166880 1284.4
1166890 1284.4
1166900 1287.1
1166910 1290.5
1166920 1290.5
1166930 1293.2
1166940 1297.7
1166950 1297.7
1166960 1298.7
1166970 1303.2
1166980 1303.2
1166990 1306.2
1167000 1313.5
1167010 1313.5
1167020 1322.1
1167030 1327.9
1167040 1327.9
1167050 1328.9
1167060 1330.6
1167070 1333.8
1167080 1333.8
1167090 1337.5
1167100 1342.5
1167110 1342.5
1167120 1345.9
1167130 1353.2
1167140 1353.2
1167150 1354.0
1167160 1356.0
1167170 1356.0
1167180 1358.3
1167190 1358.9
1167200 1358.9
1167210 1360.0
1167220 1360.4
1167230 1360.4
1167240 1361.9
1167250 1363.6
1167260 1363.6
1167270 1363.5
1167280 1365.2
1167290 1365.2
1167300 1365.3
1167310 1365.9
1167320 1365.9
1167330 1365.6
1167340 1367.1
1167350 1367.1
1167360 1366.4
1167370 1367.1
1167380 1367.1
1167390 1368.0
1177130 1307.1
1177140 1302.5
1177150 1302.5
1177160 1293.9
1177170 1284.7
1177180 1284.7
1177190 1275.9
1177200 1269.0
1177210 1263.0
1177220 1263.0
1177230 1254.0
1177240 1246.3
1177250 1246.3
1177260 1246.8
1177270 1251.9
1177280 1251.9
1177290 1252.1
1177300 1250.7
1177310 1250.7
1177320 1250.1
1177330 1248.1
1177340 1248.1
1177350 1246.5
1177360 1244.8
1177370 1244.8
1177380 1254.4
1177390 1252.6
1177400 1252.6
1177410 1251.7
1177420 1251.7
1177430 1251.7
1177440 1252.7
1177450 1253.9
1177460 1253.9
1177470 1256.5
1177480 1258.4
1177490 1258.4
1177500 1259.4
1177510 1259.4
1177520 1259.4
1177530 1256.4
1177540 1252.0
1177550 1252.0
1177560 1247.5
1177570 1242.8
1177580 1237.5
1177590 1237.5
1177600 1231.6
1177610 1226.0
1177620 1226.0
1177630 1220.9
1177640 1215.6
1177650 1215.6
1177660 1210.9
1177670 1207.1
1177680 1207.1
1177690 1203.3
1177700 1202.3
1177710 1202.3
1177720 1199.3
1177730 1196.8
1177740 1196.8
1177750 1194.0
1177760 1189.7
1177770 1189.7
1177780 1178.8
1177790 1177.2
1177800 1177.2
1177810 1181.9
1177820 1188.7
1177830 1188.7
1177840 1195.2
1177850 1198.0
1177860 1198.0
1177870 1197.6
1177880 1197.3
1177890 1197.3
1177900 1193.3
1177910 1193.3
1177920 1193.3
1177930 1196.9
1177940 1196.1
1177950 1191.1
1177960 1191.1
1177970 1184.3
1177980 1179.8
1177990 1179.8
1178000 1181.8
1178010 1177.5
1178020 1177.5
1178030 1172.1
1178040 1167.7
1178050 1167.7
1178060 1169.6
1178070 1176.6
1178080 1176.6
1178090 1182.5
1178100 1189.3
1178110 1189.3
1178120 1194.3
1178130 1197.5
1178140 1197.5
1178150 1202.2
1178160 1207.8
1178170 1207.8
1178180 1213.1
1178190 1218.1
1178200 1218.1
1178210 1225.5
1178220 1230.4
1178230 1230.4
1178240 1234.4
1178250 1240.0
1178260 1240.0
1178270 1244.6
1178280 1245.6
1178290 1245.6
1178300 1248.0
1178310 1252.2
1178320 1256.4
1178330 1256.4
1178340 1261.2
1178350 1265.4
1178360 1265.4
1178370 1269.6
1178380 1275.3
1178390 1275.3
1178400 1280.4
1178410 1285.4
1178420 1285.4
1178430 1290.1
1178440 1294.6
1178450 1294.6
1178460 1299.1
1178470 1303.8
1178480 1303.8
1178490 1308.6
1178500 1313.4
1178510 1313.4
1178520 1318.2
1178530 1322.9
1178540 1322.9
1178550 1327.3
1178560 1331.5
1178570 1331.5
1178580 1335.3
1178590 1338.8
1178600 1338.8
1178610 1341.9
1178620 1344.3
1178630 1347.2
1178640 1349.3
1178650 1350.3
1178660 1350.3
1178670 1350.5
1178680 1350.0
1178690 1350.0
1178700 1349.1
1178710 1348.0
1178720 1346.8
1178730 1346.8
1178740 1345.4
1178750 1343.6
1178760 1343.6
1178770 1342.3
1178780 1341.1
1178790 1341.1
1178800 1340.0
1178810 1339.3
1178820 1339.3
1178830 1338.8
1178840 1338.2
1178850 1338.2
1178860 1337.4
1178870 1336.5
1178880 1336.5
1178890 1335.4
1178900 1334.2
1178910 1334.2
1178920 1332.6
1178930 1330.7
1178940 1330.7
1178950 1328.4
1178960 1325.9
1178970 1325.9
1178980 1323.4
1178990 1320.9
1179000 1320.9
1179010 1318.5
1179020 1316.0
1179030 1316.0
1179040 1313.2
1179050 1311.3
1179060 1311.3
1179070 1307.6
1179080 1303.9
1179090 1300.4
1179100 1300.4
1179110 1296.7
1179120 1292.7
1179130 1292.7
1179140 1288.4
1179150 1283.7
1179160 1283.7
1179170 1278.5
1179180 1273.7
1179190 1273.7
1179200 1269.4
1179210 1265.1
1179220 1265.1
1179230 1260.8
1179240 1257.7
1179250 1257.7
1179260 1254.1
1179270 1250.6
1179280 1250.6
1179290 1248.7
1179300 1245.6
1179310 1245.6
1179320 1239.1
1179330 1230.7
1179340 1230.7
1179350 1221.0
1179360 1211.3
1179370 1211.3
1179380 1203.2
1179390 1196.5
1179400 1196.5
1179410 1190.5
1179420 1184.2
1179430 1184.2
1179440 1176.5
1179450 1165.4
1179460 1148.7
1179470 1148.7
1179480 1140.9
1179490 1139.3
1179500 1139.3
1179510 1140.9
1179520 1143.1
1179530 1143.1
1179540 1143.2
1179550 1140.8
1179560 1140.8
1179570 1137.3
1179580 1134.9
1179590 1134.9
1179600 1137.8
1179610 1142.8
1179620 1142.8
1179630 1142.1
1179640 1137.4
1179650 1137.4
1179660 1137.7
1179670 1137.5
1179680 1137.5
1179690 1134.2
1179700 1130.8
1179710 1130.8
1179720 1126.3
1179730 1123.5
1179740 1123.5
1179750 1119.9
1179760 1116.6
1179770 1116.6
1179780 1113.6
1179790 1106.8
1179800 1106.8
1179810 1095.4
1179820 1083.4
1179830 1078.6
1179840 1078.6
1179850 1079.4
1179860 1080.9
1179870 1080.9
1179880 1088.9
1179890 1084.2
1179900 1084.2
1179910 1081.0
1179920 1078.7
1179930 1078.7
1179940 1077.8
1179950 1078.0
1179960 1078.0
1179970 1078.2
1179980 1077.2
1179990 1077.2
