1162560 1406.6
1162570 1406.6
1162580 1398.6
1162590 1396.0
1162600 1396.0
1162610 1393.2
1162620 1390.5
1162630 1390.5
1162640 1387.5
1162650 1384.1
1162660 1384.1
1162670 1380.2
1162680 1376.6
1162690 1372.5
1162700 1372.5
1162710 1368.0
1162720 1363.8
1162730 1363.8
1162740 1359.0
1162750 1354.4
1162760 1354.4
1162770 1350.2
1162780 1345.8
1162790 1345.8
1162800 1340.8
1162810 1335.2
1162820 1335.2
1162830 1330.7
1162840 1326.7
1162850 1326.7
1162860 1321.7
1162870 1316.4
1162880 1316.4
1162890 1310.8
1162900 1306.4
1162910 1306.4
1162920 1301.1
1162930 1295.5
1162940 1295.5
1162950 1289.3
1162960 1281.0
1162970 1281.0
1162980 1266.4
1162990 1261.2
1163000 1261.2
1163010 1256.3
1163020 1252.0
1163030 1252.0
1163040 1247.5
1163050 1243.8
1163060 1240.3
1163070 1240.3
1163080 1236.7
1163090 1233.8
1163100 1233.8
1163110 1230.5
1163120 1227.6
1163130 1227.6
1163140 1224.6
1163150 1221.7
1163160 1221.7
1163170 1219.1
1163180 1215.8
1163190 1215.8
1163200 1211.7
1163210 1209.3
1163220 1209.3
1163230 1207.5
1163240 1206.3
1163250 1206.3
1163260 1206.6
1163270 1205.6
1163280 1205.6
1163290 1204.3
1163300 1203.1
1163310 1203.1
1163320 1201.7
1163330 1200.0
1163340 1200.0
1163350 1198.0
1163360 1195.5
1163370 1195.5
1163380 1191.7
1163390 1190.1
1163400 1190.1
1163410 1189.4
1163420 1188.8
1163430 1187.9
1163440 1187.9
1163450 1186.9
1163460 1186.5
1163470 1186.5
1163480 1185.1
1163490 1183.6
1163500 1183.6
1163510 1181.6
1163520 1178.8
1163530 1178.8
1163540 1176.7
1163550 1178.8
1163560 1178.8
1163570 1177.9
1163580 1176.4
1163590 1176.4
1163600 1174.8
1163610 1173.1
1163620 1173.1
1163630 1171.1
1163640 1168.9
1163650 1168.9
1163660 1166.5
1163670 1163.7
1163680 1163.7
1163690 1160.5
1163700 1156.8
1163710 1156.8
1163720 1152.9
1163730 1149.8
1163740 1149.8
1163750 1147.6
1163760 1145.7
1163770 1145.7
1163780 1142.3
1163790 1139.9
1163800 1136.3
1163810 1136.3
1163820 1131.6
1163830 1129.0
1163840 1129.0
1163850 1127.4
1163860 1123.7
1163870 1123.7
1163880 1121.7
1163890 1122.2
1163900 1122.2
1163910 1121.7
1163920 1124.1
1163930 1124.1
1163940 1124.3
1163950 1125.8
1163960 1125.8
1163970 1125.5
1163980 1123.9
1163990 1123.9
1164000 1121.9
1164010 1119.8
1164020 1119.8
1164030 1118.0
1164040 1116.3
1164050 1116.3
1164060 1114.1
1164070 1110.8
1164080 1110.8
1164090 1107.0
1164100 1104.9
1164110 1104.9
1164120 1104.0
1164130 1104.5
1164140 1104.5
1164150 1105.4
1164160 1106.3
1164170 1106.3
1164180 1107.1
1164190 1105.6
1164200 1104.8
1164210 1104.8
1164220 1104.3
1164230 1103.7
1164240 1103.7
1164250 1103.1
1164260 1102.7
1164270 1102.7
1164280 1102.5
1164290 1102.4
1164300 1102.4
1164310 1101.4
1164320 1099.9
1164330 1099.9
1164340 1097.7
1164350 1096.3
1164360 1096.3
1164370 1097.7
1164380 1102.6
1164390 1102.6
1164400 1107.0
1164410 1115.4
1164420 1115.4
1164430 1117.5
1164440 1109.4
1164450 1109.4
1164460 1102.3
1164470 1096.8
1164480 1096.8
1164490 1095.4
1164500 1095.5
1164510 1095.5
1164520 1096.8
1164530 1099.4
1164540 1099.4
1164550 1102.0
1164560 1101.7
1164570 1099.2
1164580 1091.1
1164590 1086.4
1164600 1081.0
1164610 1081.0
1164620 1077.6
1164630 1075.6
1164640 1075.6
1164650 1070.6
1164660 1065.4
1164670 1065.4
1164680 1059.6
1164690 1051.6
1164700 1051.6
1164710 1043.9
1164720 1038.0
1164730 1038.0
1164740 1034.2
1164750 1030.3
1164760 1030.3
1164770 1027.0
1164780 1022.6
1164790 1022.6
1164800 1017.3
1164810 1011.7
1164820 1011.7
1164830 1005.1
1164840 999.2
1164850 999.2
1164860 993.4
1164870 986.6
1164880 986.6
1164890 979.8
1164900 974.3
1164910 974.3
1164920 972.1
1164930 971.2
1164940 970.6
1164950 970.6
1164960 970.9
1164970 971.5
1164980 971.1
1164990 970.9
1165000 970.4
1165010 970.4
1165020 970.1
1165030 970.0
1165040 970.0
1165050 970.0
1165060 970.0
1165070 970.0
1165080 969.8
1165090 969.7
1165100 969.7
1165110 969.7
1165120 969.3
1165130 969.3
1165140 968.9
1165150 968.6
1165160 968.6
1165170 969.4
1165180 969.6
1165190 969.6
1165200 969.6
1165210 969.7
1165220 969.7
1165230 969.4
1165240 969.4
1165250 969.4
1165260 969.6
1165270 969.9
1165280 969.9
1165290 970.8
1165300 973.4
1165310 975.7
1165320 975.7
1165330 978.2
1165340 981.0
1165350 981.0
1165360 983.6
1165370 985.9
1165380 986.5
1165390 989.0
1165400 991.6
1165410 991.6
1165420 994.0
1165430 997.0
1165440 997.0
1165450 1000.3
1165460 1004.2
1165470 1004.2
1165480 1007.6
1165490 1011.6
1165500 1011.6
1165510 1016.0
1165520 1020.4
1165530 1020.4
1165540 1026.0
1165550 1029.9
1165560 1029.9
1165570 1031.6
1165580 1031.2
1165590 1031.2
1165600 1031.3
1165610 1033.5
1165620 1033.5
1165630 1037.1
1165640 1041.2
1165650 1041.2
1165660 1046.0
1165670 1050.4
1165680 1050.4
1165690 1055.5
1165700 1061.1
1165710 1066.2
1165720 1066.2
1165730 1071.7
1165740 1075.5
1165750 1075.5
1165760 1071.7
1165770 1064.1
1165780 1067.3
1165790 1059.8
1165800 1058.4
1165810 1058.4
1165820 1060.5
1165830 1063.5
1165840 1063.5
1165850 1067.6
1165860 1072.3
1165870 1072.3
1165880 1074.5
1165890 1076.2
1165900 1076.2
1165910 1078.7
1165920 1082.4
1165930 1082.4
1165940 1086.2
1165950 1090.0
1165960 1090.0
1165970 1092.8
1165980 1095.6
1165990 1095.6
1166000 1098.0
1166010 1099.7
1166020 1099.7
1166030 1101.9
1166040 1104.6
1166050 1104.6
1166060 1108.4
1166070 1112.8
1166080 1114.5
1166090 1114.5
1166100 1116.2
1166110 1118.4
1166120 1118.4
1166130 1120.7
1166140 1122.5
1166150 1122.5
1166160 1124.2
1166170 1126.3
1166180 1126.6
1166190 1129.4
1166200 1132.2
1166210 1132.2
1166220 1134.9
1166230 1137.9
1166240 1137.9
1166250 1141.0
1166260 1144.4
1166270 1144.4
1166280 1146.3
1166290 1145.1
1166300 1145.1
1166310 1144.6
1166320 1150.3
1166330 1150.3
1166340 1159.6
1166350 1166.3
1166360 1166.3
1166370 1171.5
1166380 1176.6
1166390 1176.6
1166400 1181.3
1166410 1184.8
1166420 1184.8
1166430 1187.2
1166440 1190.6
1166450 1195.6
1166460 1195.6
1166470 1200.3
1166480 1206.9
1166490 1206.9
1166500 1215.3
1166510 1222.2
1166520 1222.2
1166530 1227.9
1166540 1233.8
1166550 1233.8
1166560 1240.2
1166570 1247.3
1166580 1247.0
1166590 1256.6
1166600 1267.0
1166610 1267.0
1166620 1271.7
1166630 1274.6
1166640 1274.6
1166650 1276.9
1166660 1278.8
1166670 1278.8
1166680 1281.7
1166690 1284.9
1166700 1284.9
1166710 1287.3
1166720 1289.1
1166730 1289.1
1166740 1291.0
1166750 1292.7
1166760 1292.7
1166770 1294.7
1166780 1297.0
1166790 1297.0
1166800 1299.2
1166810 1301.1
1166820 1301.3
1166830 1301.3
1166840 1300.6
1166850 1301.5
1166860 1301.5
1166870 1305.6
1166880 1308.8
1166890 1308.8
1166900 1308.8
1166910 1311.6
1166920 1311.6
1166930 1315.3
1166940 1314.8
1166950 1314.8
1166960 1317.4
1166970 1320.6
1166980 1320.6
1166990 1330.5
1167000 1333.0
1167010 1333.0
1167020 1340.0
1167030 1347.4
1167040 1347.4
1167050 1352.6
1167060 1357.0
1167070 1357.0
1167080 1359.6
1167090 1361.9
1167100 1361.9
1167110 1365.9
1167120 1369.6
1167130 1369.6
1167140 1372.4
1167150 1373.6
1167160 1373.6
1167170 1374.8
1167180 1377.2
1167190 1378.6
1167200 1378.6
1167210 1379.9
1167220 1380.6
1167230 1380.6
1167240 1381.8
1167250 1382.9
1167260 1382.9
1167270 1383.0
1167280 1384.1
1167290 1384.1
1167300 1384.6
1167310 1385.2
1167320 1385.2
1167330 1385.6
1167340 1385.9
1167350 1385.9
1167360 1386.0
1167370 1385.9
1167380 1385.9
1167390 1392.2
1167400 1390.6
1167410 1390.6
1167420 1387.9
1167430 1383.4
1167440 1383.4
1167450 1387.3
1177110 1321.5
1177120 1321.5
1177130 1317.9
1177140 1313.5
1177150 1313.5
1177160 1305.6
1177170 1295.2
1177180 1295.2
1177190 1288.3
1177200 1283.0
1177210 1283.0
1177220 1293.4
1177230 1292.6
1177240 1292.6
1177250 1291.5
1177260 1290.2
1177270 1290.2
1177280 1289.3
1177290 1288.5
1177300 1288.5
1177310 1287.7
1177320 1286.6
1177330 1285.5
1177340 1285.5
1177350 1284.8
1177360 1283.5
1177370 1283.5
1177380 1282.0
1177390 1281.0
1177400 1281.0
1177410 1279.5
1177420 1279.6
1177430 1279.6
1177440 1281.0
1177450 1282.1
1177460 1282.1
1177470 1284.1
1177480 1286.9
1177490 1286.9
1177500 1287.3
1177510 1285.2
1177520 1285.2
1177530 1280.4
1177540 1272.3
1177550 1272.3
1177560 1263.1
1177570 1254.6
1177580 1254.6
1177590 1246.7
1177600 1239.5
1177610 1239.5
1177620 1232.9
1177630 1226.7
1177640 1229.2
1177650 1223.7
1177660 1219.2
1177670 1219.2
1177680 1215.2
1177690 1212.0
1177700 1212.0
1177710 1209.7
1177720 1207.2
1177730 1204.3
1177740 1204.3
1177750 1200.3
1177760 1197.0
1177770 1197.0
1177780 1192.7
1177790 1188.4
1177800 1188.4
1177810 1183.5
1177820 1184.2
1177830 1184.2
1177840 1189.5
1177850 1195.0
1177860 1195.0
1177870 1201.9
1177880 1206.1
1177890 1206.1
1177900 1208.7
1177910 1211.2
1177920 1211.2
1177930 1213.7
1177940 1213.5
1177950 1213.5
1177960 1207.3
1177970 1204.2
1177980 1204.2
1177990 1201.5
1178000 1196.0
1178010 1196.0
1178020 1195.2
1178030 1193.9
1178040 1193.9
1178050 1190.6
1178060 1189.0
1178070 1189.0
1178080 1186.9
1178090 1190.4
1178100 1195.1
1178110 1195.1
1178120 1199.6
1178130 1204.9
1178140 1204.9
1178150 1210.2
1178160 1214.7
1178170 1214.7
1178180 1219.2
1178190 1224.4
1178200 1224.4
1178210 1229.9
1178220 1235.9
1178230 1235.9
1178240 1241.6
1178250 1244.4
1178260 1244.4
1178270 1247.6
1178280 1253.7
1178290 1253.7
1178300 1257.4
1178310 1257.8
1178320 1257.8
1178330 1260.5
1178340 1264.6
1178350 1264.6
1178360 1268.4
1178370 1272.5
1178380 1272.5
1178390 1277.3
1178400 1282.7
1178410 1282.7
1178420 1287.8
1178430 1292.0
1178440 1292.0
1178450 1296.7
1178460 1301.7
1178470 1307.1
1178480 1307.1
1178490 1312.5
1178500 1317.6
1178510 1317.6
1178520 1322.7
1178530 1327.9
1178540 1327.9
1178550 1332.8
1178560 1337.5
1178570 1337.5
1178580 1342.1
1178590 1346.4
1178600 1346.4
1178610 1350.6
1178620 1354.4
1178630 1354.4
1178640 1357.9
1178650 1360.7
1178660 1360.7
1178670 1362.6
1178680 1362.9
1178690 1362.9
1178700 1362.1
1178710 1361.5
1178720 1361.5
1178730 1360.8
1178740 1359.8
1178750 1359.8
1178760 1358.5
1178770 1357.2
1178780 1357.2
1178790 1355.9
1178800 1354.8
1178810 1354.8
1178820 1354.1
1178830 1353.4
1178840 1352.2
1178850 1352.2
1178860 1350.8
1178870 1349.2
1178880 1349.2
1178890 1347.8
1178900 1345.2
1178910 1345.2
1178920 1342.3
1178930 1339.0
1178940 1339.0
1178950 1335.4
1178960 1331.6
1178970 1331.6
1178980 1327.8
1178990 1323.8
1179000 1323.8
1179010 1319.7
1179020 1315.7
1179030 1315.7
1179040 1311.9
1179050 1308.3
1179060 1308.3
1179070 1304.6
1179080 1300.8
1179090 1300.8
1179100 1296.7
1179110 1292.4
1179120 1292.4
1179130 1288.1
1179140 1283.5
1179150 1283.5
1179160 1278.9
1179170 1274.2
1179180 1274.2
1179190 1269.4
1179200 1265.4
1179210 1262.0
1179220 1262.0
1179230 1259.0
1179240 1255.6
1179250 1255.6
1179260 1250.6
1179270 1245.5
1179280 1245.5
1179290 1239.5
1179300 1234.3
1179310 1228.4
1179320 1223.5
1179330 1218.6
1179340 1218.6
1179350 1211.5
1179360 1202.6
1179370 1202.6
1179380 1193.5
1179390 1182.5
1179400 1182.5
1179410 1170.6
1179420 1159.1
1179430 1159.1
1179440 1152.5
1179450 1154.0
1179460 1154.0
1179470 1157.4
1179480 1162.6
1179490 1162.6
1179500 1165.4
1179510 1168.0
1179520 1168.0
1179530 1170.4
1179540 1169.3
1179550 1169.3
1179560 1164.2
1179570 1162.6
1179580 1158.3
1179590 1158.3
1179600 1156.0
1179610 1159.1
1179620 1159.1
1179630 1161.1
1179640 1159.6
1179650 1159.6
1179660 1161.6
1179670 1157.6
1179680 1157.6
1179690 1153.3
1179700 1151.3
1179710 1151.3
1179720 1148.3
1179730 1144.3
1179740 1144.3
1179750 1139.2
1179760 1134.4
1179770 1134.4
1179780 1128.1
1179790 1119.2
1179800 1119.2
1179810 1116.1
1179820 1116.2
1179830 1116.2
1179840 1116.5
1179850 1115.7
1179860 1115.7
1179870 1114.2
1179880 1111.9
1179890 1111.9
1179900 1110.9
1179910 1109.6
1179920 1109.6
1179930 1107.7
1179940 1104.8
1179950 1101.8
1179960 1101.8
1179970 1099.6
1179980 1094.2
1179990 1094.2
