1162560 1406.6
1162570 1406.6
1162580 1405.0
1162590 1402.0
1162600 1402.0
1162610 1398.9
1162620 1396.0
1162630 1396.0
1162640 1393.0
1162650 1389.6
1162660 1385.9
1162670 1385.9
1162680 1382.0
1162690 1377.6
1162700 1377.6
1162710 1373.0
1162720 1368.4
1162730 1368.4
1162740 1363.3
1162750 1358.7
1162760 1358.7
1162770 1354.6
1162780 1350.0
1162790 1350.0
1162800 1345.6
1162810 1341.2
1162820 1341.2
1162830 1335.9
1162840 1331.3
1162850 1326.7
1162860 1321.7
1162870 1316.4
1162880 1316.4
1162890 1310.8
1162900 1306.4
1162910 1306.4
1162920 1301.1
1162930 1295.5
1162940 1295.5
1162950 1289.3
1162960 1281.0
1162970 1281.0
1162980 1272.9
1162990 1267.1
1163000 1267.1
1163010 1261.6
1163020 1256.7
1163030 1252.3
1163040 1252.3
1163050 1248.4
1163060 1244.5
1163070 1244.5
1163080 1240.6
1163090 1237.2
1163100 1237.2
1163110 1233.4
1163120 1230.4
1163130 1230.4
1163140 1227.5
1163150 1224.1
1163160 1224.1
1163170 1220.6
1163180 1216.5
1163190 1216.5
1163200 1214.1
1163210 1212.9
1163220 1212.9
1163230 1211.0
1163240 1210.1
1163250 1206.3
1163260 1206.6
1163270 1205.6
1163280 1205.6
1163290 1204.3
1163300 1203.1
1163310 1203.1
1163320 1201.7
1163330 1200.0
1163340 1200.0
1163350 1198.0
1163360 1195.5
1163370 1195.5
1163380 1193.7
1163390 1193.0
1163400 1192.2
1163410 1192.2
1163420 1191.0
1163430 1189.6
1163440 1189.6
1163450 1189.4
1163460 1188.6
1163470 1188.6
1163480 1187.2
1163490 1185.0
1163500 1185.0
1163510 1182.8
1163520 1181.9
1163530 1181.9
1163540 1179.3
1163550 1180.9
1163560 1180.9
1163570 1180.2
1163580 1178.6
1163590 1178.6
1163600 1176.8
1163610 1174.8
1163620 1174.8
1163630 1172.2
1163640 1169.7
1163650 1168.9
1163660 1166.5
1163670 1163.7
1163680 1163.7
1163690 1160.5
1163700 1156.8
1163710 1156.8
1163720 1152.9
1163730 1149.8
1163740 1149.8
1163750 1147.6
1163760 1145.7
1163770 1145.7
1163780 1143.5
1163790 1141.2
1163800 1138.3
1163810 1138.3
1163820 1135.2
1163830 1133.0
1163840 1133.0
1163850 1128.7
1163860 1124.8
1163870 1124.8
1163880 1124.4
1163890 1121.0
1163900 1121.0
1163910 1118.4
1163920 1117.1
1163930 1117.1
1163940 1117.0
1163950 1119.8
1163960 1119.8
1163970 1123.8
1163980 1124.2
1163990 1124.2
1164000 1122.9
1164010 1120.6
1164020 1120.6
1164030 1118.4
1164040 1116.7
1164050 1116.3
1164060 1114.1
1164070 1110.8
1164080 1110.8
1164090 1107.0
1164100 1104.9
1164110 1104.9
1164120 1104.0
1164130 1104.5
1164140 1104.5
1164150 1105.4
1164160 1106.3
1164170 1105.8
1164180 1105.8
1164190 1104.9
1164200 1103.8
1164210 1103.8
1164220 1103.4
1164230 1102.9
1164240 1102.9
1164250 1102.3
1164260 1101.7
1164270 1101.7
1164280 1100.8
1164290 1099.9
1164300 1099.9
1164310 1098.6
1164320 1096.9
1164330 1096.9
1164340 1094.8
1164350 1093.1
1164360 1093.1
1164370 1093.6
1164380 1098.1
1164390 1098.1
1164400 1103.4
1164410 1111.4
1164420 1111.4
1164430 1118.0
1164440 1118.2
1164450 1109.4
1164460 1102.3
1164470 1096.8
1164480 1096.8
1164490 1095.4
1164500 1095.5
1164510 1095.5
1164520 1096.8
1164530 1099.4
1164540 1102.0
1164550 1102.0
1164560 1101.7
1164570 1099.2
1164580 1099.2
1164590 1094.7
1164600 1089.4
1164610 1089.4
1164620 1086.7
1164630 1085.4
1164640 1085.4
1164650 1082.1
1164660 1076.8
1164670 1076.8
1164680 1073.9
1164690 1065.3
1164700 1065.3
1164710 1055.2
1164720 1046.7
1164730 1046.7
1164740 1042.8
1164750 1039.7
1164760 1039.7
1164770 1036.6
1164780 1031.9
1164790 1031.9
1164800 1024.9
1164810 1017.9
1164820 1017.9
1164830 1011.1
1164840 1004.7
1164850 999.2
1164860 993.4
1164870 986.6
1164880 986.6
1164890 979.8
1164900 974.3
1164910 972.1
1164920 972.1
1164930 971.2
1164940 970.6
1164950 970.6
1164960 970.9
1164970 971.5
1164980 971.5
1164990 971.4
1165000 971.0
1165010 971.0
1165020 970.5
1165030 970.0
1165040 970.0
1165050 970.0
1165060 969.9
1165070 969.9
1165080 969.8
1165090 969.7
1165100 969.7
1165110 969.6
1165120 969.3
1165130 969.3
1165140 968.9
1165150 968.6
1165160 968.6
1165170 969.4
1165180 969.5
1165190 969.5
1165200 969.6
1165210 969.6
1165220 969.6
1165230 969.4
1165240 969.3
1165250 969.4
1165260 969.6
1165270 969.9
1165280 970.8
1165290 970.8
1165300 973.4
1165310 975.7
1165320 975.7
1165330 978.2
1165340 981.0
1165350 981.0
1165360 983.6
1165370 985.9
1165380 985.9
1165390 987.9
1165400 990.7
1165410 990.7
1165420 992.3
1165430 995.0
1165440 995.0
1165450 998.4
1165460 1002.1
1165470 1002.1
1165480 1006.0
1165490 1009.4
1165500 1009.4
1165510 1012.6
1165520 1017.1
1165530 1017.1
1165540 1021.1
1165550 1022.3
1165560 1022.3
1165570 1022.9
1165580 1024.7
1165590 1024.7
1165600 1029.3
1165610 1035.1
1165620 1035.1
1165630 1039.6
1165640 1043.5
1165650 1041.2
1165660 1046.0
1165670 1050.4
1165680 1055.5
1165690 1055.5
1165700 1061.1
1165710 1066.2
1165720 1066.2
1165730 1071.7
1165740 1075.5
1165750 1075.5
1165760 1071.7
1165770 1064.1
1165780 1064.1
1165790 1057.5
1165800 1057.8
1165810 1057.8
1165820 1060.7
1165830 1063.0
1165840 1063.0
1165850 1066.6
1165860 1070.0
1165870 1070.0
1165880 1073.2
1165890 1076.6
1165900 1076.6
1165910 1079.8
1165920 1083.2
1165930 1083.2
1165940 1086.6
1165950 1090.5
1165960 1090.5
1165970 1093.9
1165980 1096.9
1165990 1096.9
1166000 1100.4
1166010 1102.9
1166020 1102.9
1166030 1105.1
1166040 1107.3
1166050 1108.4
1166060 1108.4
1166070 1112.8
1166080 1114.5
1166090 1114.5
1166100 1116.2
1166110 1118.4
1166120 1118.4
1166130 1120.7
1166140 1122.5
1166150 1122.5
1166160 1124.2
1166170 1126.3
1166180 1126.3
1166190 1128.9
1166200 1131.7
1166210 1131.7
1166220 1134.5
1166230 1137.2
1166240 1137.2
1166250 1139.7
1166260 1141.1
1166270 1141.1
1166280 1139.5
1166290 1140.2
1166300 1140.2
1166310 1146.4
1166320 1155.1
1166330 1155.1
1166340 1161.6
1166350 1166.3
1166360 1166.3
1166370 1171.2
1166380 1176.5
1166390 1176.5
1166400 1181.6
1166410 1186.3
1166420 1190.4
1166430 1190.4
1166440 1194.5
1166450 1195.6
1166460 1195.6
1166470 1200.3
1166480 1206.9
1166490 1206.9
1166500 1215.3
1166510 1222.2
1166520 1222.2
1166530 1227.9
1166540 1233.8
1166550 1233.8
1166560 1240.2
1166570 1247.3
1166580 1247.3
1166590 1255.9
1166600 1265.0
1166610 1265.0
1166620 1270.9
1166630 1275.3
1166640 1275.3
1166650 1278.1
1166660 1279.8
1166670 1279.8
1166680 1281.5
1166690 1282.9
1166700 1282.9
1166710 1283.8
1166720 1284.5
1166730 1284.5
1166740 1286.3
1166750 1288.4
1166760 1288.4
1166770 1290.2
1166780 1292.3
1166790 1294.5
1166800 1294.5
1166810 1295.6
1166820 1293.9
1166830 1293.9
1166840 1293.2
1166850 1301.5
1166860 1301.5
1166870 1305.6
1166880 1308.8
1166890 1308.8
1166900 1308.8
1166910 1311.6
1166920 1311.6
1166930 1315.3
1166940 1314.8
1166950 1314.8
1166960 1317.4
1166970 1320.6
1166980 1320.6
1166990 1322.9
1167000 1328.8
1167010 1328.8
1167020 1335.4
1167030 1340.8
1167040 1340.8
1167050 1347.2
1167060 1349.9
1167070 1349.9
1167080 1351.9
1167090 1355.3
1167100 1355.3
1167110 1359.2
1167120 1362.6
1167130 1362.6
1167140 1365.8
1167150 1366.9
1167160 1368.6
1167170 1368.6
1167180 1370.8
1167190 1371.4
1167200 1371.4
1167210 1372.8
1167220 1373.7
1167230 1373.7
1167240 1374.8
1167250 1376.2
1167260 1382.9
1167270 1383.0
1167280 1384.1
1167290 1384.1
1167300 1384.6
1167310 1385.2
1167320 1385.2
1167330 1385.6
1167340 1385.9
1167350 1385.9
1167360 1386.0
1167370 1385.9
1167380 1385.9
1167390 1386.1
1167400 1384.7
1167410 1384.7
1167420 1380.1
1167430 1376.5
1167440 1376.5
1177110 1321.5
1177120 1321.5
1177130 1317.9
1177140 1313.5
1177150 1313.5
1177160 1305.6
1177170 1295.2
1177180 1295.2
1177190 1288.3
1177200 1283.0
1177210 1283.0
1177220 1282.1
1177230 1283.1
1177240 1283.1
1177250 1282.8
1177260 1282.2
1177270 1282.2
1177280 1281.3
1177290 1280.5
1177300 1280.5
1177310 1279.6
1177320 1278.6
1177330 1277.5
1177340 1277.5
1177350 1277.0
1177360 1276.1
1177370 1276.1
1177380 1273.6
1177390 1271.9
1177400 1271.9
1177410 1270.8
1177420 1271.1
1177430 1271.1
1177440 1271.8
1177450 1273.4
1177460 1273.4
1177470 1275.3
1177480 1277.7
1177490 1277.7
1177500 1287.3
1177510 1285.2
1177520 1285.2
1177530 1280.4
1177540 1272.3
1177550 1272.3
1177560 1263.1
1177570 1254.6
1177580 1254.6
1177590 1246.7
1177600 1239.5
1177610 1239.5
1177620 1232.9
1177630 1226.7
1177640 1226.7
1177650 1221.2
1177660 1217.1
1177670 1217.1
1177680 1213.5
1177690 1210.0
1177700 1207.9
1177710 1207.9
1177720 1205.4
1177730 1202.6
1177740 1202.6
1177750 1199.2
1177760 1196.2
1177770 1196.2
1177780 1191.3
1177790 1184.8
1177800 1184.8
1177810 1181.6
1177820 1185.0
1177830 1185.0
1177840 1191.3
1177850 1197.6
1177860 1197.6
1177870 1202.3
1177880 1204.0
1177890 1204.0
1177900 1205.4
1177910 1207.8
1177920 1211.2
1177930 1213.7
1177940 1213.5
1177950 1213.5
1177960 1207.3
1177970 1204.2
1177980 1204.2
1177990 1201.5
1178000 1196.0
1178010 1196.0
1178020 1195.2
1178030 1193.9
1178040 1193.9
1178050 1190.6
1178060 1185.9
1178070 1184.0
1178080 1184.0
1178090 1189.0
1178100 1193.5
1178110 1193.5
1178120 1198.6
1178130 1203.5
1178140 1203.5
1178150 1208.3
1178160 1213.1
1178170 1213.1
1178180 1218.4
1178190 1224.0
1178200 1224.0
1178210 1229.6
1178220 1235.3
1178230 1235.3
1178240 1239.5
1178250 1241.9
1178260 1241.9
1178270 1247.2
1178280 1252.1
1178290 1252.1
1178300 1253.4
1178310 1255.8
1178320 1255.8
1178330 1259.7
1178340 1264.6
1178350 1264.6
1178360 1268.4
1178370 1272.5
1178380 1272.5
1178390 1277.3
1178400 1282.7
1178410 1282.7
1178420 1287.8
1178430 1292.0
1178440 1296.7
1178450 1296.7
1178460 1301.7
1178470 1306.6
1178480 1306.6
1178490 1311.7
1178500 1316.8
1178510 1316.8
1178520 1321.9
1178530 1326.9
1178540 1326.9
1178550 1331.6
1178560 1336.2
1178570 1336.2
1178580 1340.6
1178590 1344.8
1178600 1344.8
1178610 1348.8
1178620 1352.4
1178630 1352.4
1178640 1355.5
1178650 1357.8
1178660 1357.8
1178670 1358.9
1178680 1359.1
1178690 1359.1
1178700 1358.4
1178710 1357.7
1178720 1357.7
1178730 1356.9
1178740 1355.6
1178750 1355.6
1178760 1358.5
1178770 1357.2
1178780 1357.2
1178790 1355.9
1178800 1354.8
1178810 1354.1
1178820 1354.1
1178830 1353.4
1178840 1352.2
1178850 1352.2
1178860 1350.8
1178870 1349.2
1178880 1349.2
1178890 1347.4
1178900 1345.2
1178910 1345.2
1178920 1342.9
1178930 1339.9
1178940 1339.9
1178950 1336.5
1178960 1333.0
1178970 1333.0
1178980 1329.2
1178990 1325.5
1179000 1325.5
1179010 1321.6
1179020 1317.8
1179030 1317.8
1179040 1314.0
1179050 1310.3
1179060 1310.3
1179070 1306.6
1179080 1302.6
1179090 1302.6
1179100 1298.6
1179110 1294.5
1179120 1294.5
1179130 1290.3
1179140 1285.8
1179150 1285.8
1179160 1281.1
1179170 1274.2
1179180 1269.4
1179190 1269.4
1179200 1265.4
1179210 1262.0
1179220 1262.0
1179230 1259.0
1179240 1255.6
1179250 1255.6
1179260 1250.6
1179270 1245.5
1179280 1245.5
1179290 1239.5
1179300 1234.3
1179310 1234.3
1179320 1230.1
1179330 1224.3
1179340 1224.3
1179350 1216.9
1179360 1207.6
1179370 1207.6
1179380 1196.1
1179390 1185.2
1179400 1185.2
1179410 1174.7
1179420 1163.8
1179430 1163.8
1179440 1152.7
1179450 1147.6
1179460 1147.6
1179470 1148.7
1179480 1153.5
1179490 1153.5
1179500 1156.0
1179510 1158.9
1179520 1158.9
1179530 1161.6
1179540 1161.6
1179550 1157.7
1179560 1157.7
1179570 1155.7
1179580 1152.2
1179590 1158.3
1179600 1156.0
1179610 1159.1
1179620 1159.1
1179630 1161.1
1179640 1159.6
1179650 1159.6
1179660 1161.6
1179670 1157.6
1179680 1157.6
1179690 1153.3
1179700 1151.3
1179710 1151.3
1179720 1148.3
1179730 1142.4
1179740 1142.4
1179750 1135.2
1179760 1128.3
1179770 1128.3
1179780 1121.4
1179790 1115.5
1179800 1115.5
1179810 1108.2
1179820 1106.8
1179830 1106.8
1179840 1108.1
1179850 1107.1
1179860 1107.1
1179870 1106.8
1179880 1104.3
1179890 1104.3
1179900 1102.6
1179910 1101.0
1179920 1101.0
1179930 1098.3
1179940 1096.1
1179950 1094.9
1179960 1094.9
1179970 1093.8
1179980 1090.4
1179990 1090.4
