1162320 1138.6
1162330 1138.6
1162340 1139.3
1162350 1139.7
1162360 1139.7
1162370 1139.2
1162380 1138.2
1162390 1138.2
1162400 1141.1
1162410 1142.1
1162420 1142.1
1162430 1143.1
1162440 1143.5
1162450 1143.5
1162460 1143.0
1162470 1143.1
1162480 1143.0
1162490 1143.0
1162500 1140.7
1162510 1138.4
1162520 1134.4
1162530 1137.4
1162540 1141.6
1162550 1141.6
1162560 1145.0
1162570 1146.9
1162580 1146.9
1162590 1146.4
1162600 1141.7
1162610 1141.7
1162620 1138.5
1162630 1143.0
1162640 1143.0
1162650 1145.9
1162660 1148.8
1162670 1148.8
1162680 1151.3
1162690 1152.7
1162700 1152.7
1162710 1153.1
1162720 1153.1
1162730 1153.1
1162740 1153.3
1162750 1153.3
1162760 1153.3
1162770 1153.1
1162780 1152.8
1162790 1152.8
1162800 1152.2
1162810 1151.1
1162820 1151.1
1162830 1150.2
1162840 1149.2
1162850 1149.2
1162860 1148.1
1162870 1147.1
1162880 1146.2
1162890 1146.2
1162900 1145.4
1162910 1144.3
1162920 1142.9
1162930 1141.7
1162940 1140.6
1162950 1140.6
1162960 1140.0
1162970 1139.2
1162980 1139.2
1162990 1138.5
1163000 1138.3
1163010 1138.3
1163020 1137.7
1163030 1136.6
1163040 1136.6
1163050 1135.1
1163060 1133.3
1163070 1133.3
1163080 1130.6
1163090 1126.6
1163100 1126.6
1163110 1127.3
1163120 1132.6
1163130 1132.6
1163140 1137.7
1163150 1139.9
1163160 1139.9
1163170 1140.9
1163180 1141.7
1163190 1141.7
1163200 1142.3
1163210 1143.0
1163220 1143.0
1163230 1143.8
1163240 1144.7
1163250 1145.5
1163260 1145.5
1163270 1146.6
1163280 1148.1
1163290 1148.1
1163300 1149.8
1163310 1150.8
1163320 1150.8
1163330 1152.8
1163340 1156.2
1163350 1156.2
1163360 1157.2
1163370 1160.3
1163380 1160.3
1163390 1161.2
1163400 1160.5
1163410 1160.5
1163420 1159.4
1163430 1157.4
1163440 1157.4
1163450 1155.1
1163460 1152.5
1163470 1152.5
1163480 1150.1
1163490 1145.2
1163500 1145.2
1163510 1137.9
1163520 1133.1
1163530 1133.1
1163540 1130.2
1163550 1124.7
1163560 1124.7
1163570 1118.8
1163580 1114.1
1163590 1114.1
1163600 1109.8
1163610 1105.0
1163620 1100.5
1163630 1100.5
1163640 1095.6
1163650 1090.1
1163660 1090.1
1163670 1084.9
1163680 1080.2
1163690 1080.2
1163700 1076.3
1163710 1071.0
1163720 1071.0
1163730 1067.0
1163740 1061.8
1163750 1061.8
1163760 1058.0
1163770 1054.4
1163780 1054.4
1163790 1049.4
1163800 1043.4
1163810 1043.4
1163820 1036.8
1163830 1030.3
1163840 1030.3
1163850 1032.3
1163860 1037.6
1163870 1037.6
1163880 1041.4
1163890 1040.6
1163900 1040.6
1163910 1037.6
1163920 1034.0
1163930 1034.0
1163940 1030.4
1163950 1027.4
1163960 1027.4
1163970 1024.7
1163980 1020.9
1163990 1017.3
1164000 1017.3
1164010 1015.2
1164020 1014.0
1164030 1014.0
1164040 1012.4
1164050 1009.7
1164060 1009.7
1164070 1006.5
1164080 1003.6
1164090 1003.6
1164100 998.8
1164110 994.0
1164120 994.0
1164130 986.0
1164140 979.2
1164150 979.2
1164160 978.2
1164170 977.4
1164180 977.4
1164190 977.4
1164200 979.1
1164210 979.1
1164220 979.8
1164230 980.3
1164240 980.3
1164250 980.8
1164260 981.5
1164270 981.5
1164280 981.8
1164290 982.0
1164300 982.0
1164310 981.9
1164320 982.1
1164330 982.1
1164340 982.5
1164350 982.6
1164360 982.7
1164370 982.7
1164380 982.7
1164390 982.6
1164400 982.6
1164410 982.6
1164420 982.8
1164430 982.8
1164440 982.9
1164450 982.8
1164460 982.8
1164470 982.6
1164480 982.4
1164490 982.4
1164500 982.2
1164510 982.6
1164520 982.6
1164530 982.5
1164540 982.2
1164550 982.2
1164560 981.9
1164570 981.8
1164580 981.8
1164590 981.7
1164600 981.7
1164610 981.7
1164620 981.5
1164630 981.3
1164640 981.3
1164650 981.5
1164660 983.2
1164670 983.2
1164680 985.2
1164690 985.2
1164700 985.2
1164710 986.0
1164720 988.6
1164730 990.8
1164740 990.8
1164750 990.9
1164760 990.9
1164770 990.9
1164780 994.6
1164790 996.6
1164800 996.6
1164810 998.9
1164820 1000.6
1164830 1000.6
1164840 1003.0
1164850 1006.1
1164860 1006.1
1164870 1009.3
1164880 1010.5
1164890 1010.5
1164900 1013.5
1164910 1017.7
1164920 1017.7
1164930 1024.7
1164940 1029.7
1164950 1029.7
1164960 1032.1
1164970 1033.2
1164980 1033.2
1164990 1035.9
1165000 1037.8
1165010 1037.8
1165020 1041.5
1165030 1046.0
1165040 1046.0
1165050 1051.9
1165060 1056.2
1165070 1056.2
1165080 1060.3
1165090 1065.3
1165100 1068.3
1165110 1068.3
1165120 1072.1
1165130 1076.5
1165140 1076.5
1165150 1079.5
1165160 1083.0
1165170 1083.0
1165180 1086.6
1165190 1089.0
1165200 1089.0
1165210 1091.0
1165220 1092.7
1165230 1092.7
1165240 1093.5
1165250 1092.4
1165260 1092.4
1165270 1094.7
1165280 1096.5
1165290 1096.5
1165300 1099.6
1165310 1112.2
1165320 1112.2
1165330 1115.1
1165340 1118.9
1165350 1118.9
1165360 1118.5
1165370 1114.3
1165380 1114.3
1165390 1117.7
1165400 1126.8
1165410 1126.8
1165420 1133.4
1165430 1138.1
1165440 1138.1
1165450 1142.0
1165460 1146.0
1165470 1146.0
1165480 1151.2
1165490 1155.9
1165500 1159.7
1165510 1159.7
1165520 1162.6
1165530 1165.4
1165540 1165.4
1165550 1168.9
1165560 1173.4
1165570 1173.4
1165580 1176.9
1165590 1182.2
1165600 1182.2
1165610 1187.9
1165620 1194.1
1165630 1194.1
1165640 1200.2
1165650 1205.8
1165660 1205.8
1165670 1211.4
1165680 1216.3
1165690 1216.3
1165700 1220.0
1165710 1222.7
1165720 1222.7
1165730 1222.7
1165740 1222.3
1165750 1222.3
1165760 1221.2
1165770 1219.4
1165780 1219.4
1165790 1216.1
1165800 1212.6
1165810 1212.6
1165820 1208.3
1165830 1204.5
1165840 1204.5
1165850 1201.1
1165860 1198.4
1165870 1196.1
1165880 1196.1
1165890 1193.5
1165900 1190.8
1165910 1190.8
1165920 1188.1
1165930 1185.1
1165940 1185.1
1165950 1183.2
1165960 1181.1
1165970 1181.1
1165980 1177.9
1165990 1174.0
1166000 1174.0
1166010 1170.4
1166020 1166.5
1166030 1166.5
1166040 1163.1
1166050 1160.6
1166060 1160.6
1166070 1158.5
1166080 1155.6
1166090 1155.6
1166100 1151.4
1166110 1156.1
1166120 1156.1
1166130 1151.8
1166140 1145.9
1166150 1145.9
1166160 1142.8
1166170 1143.5
1166180 1143.5
1166190 1146.5
1166200 1149.0
1166210 1149.0
1166220 1151.6
1166230 1157.3
1166240 1166.0
1166250 1166.0
1166260 1175.6
1166270 1183.4
1166280 1183.4
1166290 1190.7
1166300 1195.3
1166310 1195.3
1166320 1199.5
1166330 1203.3
1166340 1203.3
1166350 1206.2
1166360 1208.9
1166370 1208.9
1166380 1211.9
1166390 1215.4
1166400 1215.4
1166410 1221.8
1166420 1226.8
1166430 1226.8
1166440 1231.9
1166450 1237.1
1166460 1237.1
1166470 1243.3
1166480 1249.3
1166490 1249.3
1166500 1255.5
1166510 1260.4
1166520 1251.7
1166530 1252.3
1166540 1251.6
1166550 1251.6
1166560 1252.8
1166570 1254.9
1166580 1254.9
1166590 1257.1
1166600 1259.6
1166610 1262.6
1166620 1262.6
1166630 1263.7
1166640 1263.8
1166650 1263.8
1166660 1265.6
1166670 1265.6
1166680 1265.6
1166690 1265.1
1166700 1266.0
1166710 1266.0
1166720 1267.6
1166730 1266.6
1166740 1266.6
1166750 1265.2
1166760 1265.3
1166770 1265.3
1166780 1265.7
1166790 1266.8
1166800 1266.8
1166810 1268.8
1166820 1271.4
1166830 1271.4
1166840 1274.1
1166850 1275.9
1166860 1275.9
1166870 1277.8
1166880 1279.6
1166890 1279.6
1166900 1281.4
1166910 1282.7
1166920 1285.2
1166930 1285.8
1166940 1287.0
1166950 1287.0
1166960 1289.1
1166970 1293.4
1166980 1297.7
1166990 1297.7
1167000 1301.6
1167010 1306.2
1167020 1306.2
1167030 1310.8
1167040 1314.9
1167050 1314.9
1167060 1318.2
1167070 1322.0
1167080 1322.0
1167090 1324.4
1167100 1326.5
1167110 1326.5
1167120 1329.0
1167130 1333.3
1167140 1333.3
1167150 1337.9
1167160 1342.2
1167170 1342.2
1167180 1348.0
1167190 1354.6
1167200 1354.6
1167210 1361.4
1167220 1364.3
1167230 1364.3
1167240 1362.2
1167250 1363.1
1167260 1363.1
1167270 1366.5
1167280 1374.1
1167290 1374.1
1167300 1381.1
1167310 1387.0
1167320 1389.5
1167330 1395.2
1167340 1401.9
1167350 1406.9
1167360 1406.9
1167370 1409.8
1167380 1414.1
1167390 1414.1
1167400 1417.9
1167410 1421.6
1167420 1421.6
1167430 1426.2
1167440 1429.7
1167450 1429.7
1167460 1433.3
1167470 1437.4
1167480 1437.4
1167490 1441.7
1167500 1445.4
1167510 1445.4
1167520 1448.8
1167530 1452.2
1167540 1452.2
1167550 1455.7
1167560 1458.8
1167570 1458.8
1167580 1461.6
1167590 1465.5
1167600 1465.5
1167610 1469.6
1167620 1475.5
1167630 1475.5
1167640 1482.2
1167650 1489.3
1167660 1489.3
1167670 1492.7
1167680 1491.3
1167690 1491.3
1167700 1487.9
1167710 1483.6
1167720 1479.2
1167730 1485.4
1167740 1482.3
1167750 1478.9
1167760 1478.9
1167770 1473.5
1167780 1466.7
1167790 1466.7
1167800 1461.2
1167810 1457.4
1167820 1457.4
1167830 1456.3
1167840 1453.0
1167850 1453.0
1167860 1448.6
1167870 1443.9
1167880 1443.9
1167890 1438.8
1167900 1433.7
1167910 1433.7
1167920 1428.3
1167930 1423.5
1167940 1423.5
1167950 1418.1
1167960 1412.9
1167970 1412.9
1167980 1408.1
1167990 1402.8
1168000 1402.8
1168010 1397.7
1168020 1392.6
1168030 1392.6
1168040 1390.6
1168050 1391.7
1168060 1391.7
1168070 1389.9
1168080 1385.9
1168090 1385.9
1168100 1381.5
1168110 1377.0
1168120 1375.1
1168130 1379.3
1168140 1376.3
1168150 1372.1
1168160 1372.1
1168170 1366.9
1168180 1362.3
1168190 1362.3
1168200 1360.4
1168210 1361.0
1168220 1361.0
1168230 1360.8
1168240 1358.2
1168250 1358.2
1168260 1355.5
1168270 1352.4
1168280 1352.4
1168290 1349.4
1168300 1346.9
1168310 1346.9
1168320 1344.7
1168330 1342.6
1168340 1342.6
1168350 1340.2
1168360 1337.8
1168370 1337.8
1168380 1335.2
1168390 1332.3
1168400 1332.3
1168410 1329.6
1168420 1325.1
1168430 1325.1
1168440 1317.6
1168450 1310.7
1168460 1310.7
1168470 1303.7
1168480 1297.5
1168490 1291.4
1168500 1291.4
1168510 1284.9
1168520 1277.6
1168530 1278.2
1168540 1271.9
1168550 1264.9
1168560 1264.9
1168570 1257.5
1168580 1250.4
1168590 1250.4
1168600 1244.8
1168610 1239.6
1168620 1239.6
1168630 1233.8
1168640 1228.4
1168650 1228.4
1168660 1223.5
1168670 1217.4
1168680 1217.4
1168690 1212.9
1168700 1210.2
1168710 1210.2
1168720 1206.9
1168730 1202.7
1168740 1202.7
1168750 1198.9
1168760 1195.5
1168770 1195.5
1168780 1192.1
1168790 1188.0
1168800 1188.0
1168810 1183.6
1168820 1178.9
1168830 1178.9
1168840 1173.7
1168850 1168.8
1168860 1164.7
1168870 1164.7
1168880 1162.2
1168890 1159.8
1168900 1159.8
1168910 1156.4
1168920 1152.2
1168930 1152.2
1168940 1147.8
1168950 1145.1
1168960 1145.1
1168970 1142.3
1168980 1140.5
1168990 1140.5
1169000 1140.5
1169010 1141.3
1169020 1141.3
1169030 1141.5
1176740 1402.1
1176750 1399.5
1176760 1399.5
1176770 1396.2
1176780 1393.0
1176790 1393.0
1176800 1389.8
1176810 1386.6
1176820 1386.6
1176830 1383.9
1176840 1380.9
1176850 1380.9
1176860 1376.7
1176870 1373.2
1176880 1373.2
1176890 1370.1
1176900 1366.5
1176910 1366.5
1176920 1363.3
1176930 1359.7
1176940 1359.7
1176950 1356.5
1176960 1353.5
1176970 1353.5
1176980 1351.2
1176990 1348.9
1177000 1348.9
1177010 1346.1
1177020 1341.2
1177030 1341.2
1177040 1336.8
1177050 1334.0
1177060 1328.9
1177070 1328.9
1177080 1324.3
1177090 1320.7
1177100 1320.7
1177110 1319.1
1177120 1317.9
1177130 1317.9
1177140 1315.8
1177150 1314.9
1177160 1314.9
1177170 1313.5
1177180 1311.7
1177190 1311.7
1177200 1309.8
1177210 1308.3
1177220 1308.3
1177230 1306.9
1177240 1305.3
1177250 1305.3
1177260 1303.7
1177270 1302.0
1177280 1302.0
1177290 1299.4
1177300 1295.4
1177310 1295.4
1177320 1291.0
1177330 1288.2
1177340 1288.2
1177350 1285.7
1177360 1284.9
1177370 1284.9
1177380 1284.9
1177390 1286.4
1177400 1286.4
1177410 1292.4
1177420 1296.0
1177430 1296.1
1177440 1296.1
1177450 1297.4
1177460 1302.0
1177470 1302.0
1177480 1306.5
1177490 1306.1
1177500 1306.1
1177510 1302.1
1177520 1302.0
1177530 1302.0
1177540 1304.8
1177550 1307.7
1177560 1307.7
1177570 1314.0
1177580 1317.4
1177590 1317.4
1177600 1321.1
1177610 1324.7
1177620 1324.7
1177630 1328.1
1177640 1331.8
1177650 1331.8
1177660 1335.3
1177670 1337.7
1177680 1337.7
1177690 1339.2
1177700 1341.9
1177710 1341.9
1177720 1344.8
1177730 1348.0
1177740 1348.0
1177750 1351.2
1177760 1352.5
1177770 1352.5
1177780 1354.2
1177790 1358.5
1177800 1362.2
1177810 1362.2
1177820 1364.4
1177830 1365.8
1177840 1365.8
1177850 1367.3
1177860 1367.3
1177870 1367.3
1177880 1365.9
1177890 1364.6
1177900 1364.6
1177910 1363.6
1177920 1362.4
1177930 1362.4
1177940 1362.3
1177950 1359.5
1177960 1359.5
1177970 1355.7
1177980 1350.9
1177990 1352.4
1178000 1346.7
1178010 1342.3
1178020 1342.3
1178030 1340.6
1178040 1340.3
1178050 1340.3
1178060 1338.8
1178070 1334.5
1178080 1334.5
1178090 1325.6
1178100 1317.0
1178110 1317.0
1178120 1310.7
1178130 1311.0
1178140 1311.0
1178150 1316.4
1178160 1321.0
1178170 1325.7
1178180 1325.7
1178190 1330.1
1178200 1328.7
1178210 1328.7
1178220 1330.2
1178230 1331.4
1178240 1331.4
1178250 1336.2
1178260 1340.2
1178270 1340.2
1178280 1343.8
1178290 1347.9
1178300 1347.9
1178310 1352.2
1178320 1356.6
1178330 1356.6
1178340 1361.3
1178350 1365.8
1178360 1365.8
1178370 1369.5
1178380 1371.5
1178390 1371.5
1178400 1377.8
1178410 1378.9
1178420 1378.9
1178430 1381.1
1178440 1383.3
1178450 1383.3
1178460 1385.8
1178470 1390.9
1178480 1390.9
1178490 1396.6
1178500 1399.3
1178510 1399.3
1178520 1402.8
1178530 1406.6
1178540 1409.9
1178550 1409.9
1178560 1410.8
1178570 1413.2
1178580 1413.2
1178590 1417.7
1178600 1423.8
1178610 1423.8
1178620 1429.8
1178630 1433.7
1178640 1433.7
1178650 1437.0
1178660 1437.9
1178670 1437.9
1178680 1438.1
1178690 1440.0
1178700 1440.0
1178710 1441.4
1178720 1444.1
1178730 1444.1
1178740 1447.0
1178750 1449.5
1178760 1449.5
1178770 1450.6
1178780 1451.3
1178790 1451.3
1178800 1450.8
1178810 1449.6
1178820 1452.0
1178830 1451.0
1178840 1450.4
1178850 1450.4
1178860 1449.4
1178870 1448.6
1178880 1448.6
1178890 1445.1
1178900 1440.6
1178910 1438.6
1178920 1438.6
1178930 1437.1
1178940 1436.0
1178950 1436.0
1178960 1433.9
1178970 1431.6
1178980 1431.6
1178990 1428.1
1179000 1426.4
1179010 1426.4
1179020 1426.1
1179030 1425.8
1179040 1425.8
1179050 1425.8
1179060 1426.7
1179070 1426.7
1179080 1425.3
1179090 1420.7
1179100 1420.7
1179110 1418.2
1179120 1416.6
1179130 1416.6
1179140 1414.3
1179150 1411.0
1179160 1411.0
1179170 1407.4
1179180 1405.3
1179190 1405.3
1179200 1404.9
1179210 1403.9
1179220 1403.9
1179230 1403.7
1179240 1406.9
1179250 1406.9
1179260 1408.0
1179270 1408.8
1179280 1408.8
1179290 1408.7
1179300 1406.7
1179310 1403.2
1179320 1403.2
1179330 1403.4
1179340 1404.7
1179350 1404.7
1179360 1407.3
1179370 1411.4
1179380 1411.4
1179390 1416.1
1179400 1420.1
1179410 1420.1
1179420 1423.0
1179430 1425.5
1179440 1425.5
1179450 1428.2
1179460 1432.3
1179470 1432.3
1179480 1436.4
1179490 1439.7
1179500 1439.7
1179510 1441.7
1179520 1442.8
1179530 1442.8
1179540 1445.4
1179550 1449.5
1179560 1449.5
1179570 1455.7
1179580 1465.5
1179590 1465.5
1179600 1475.6
1179610 1494.0
1179620 1494.0
1179630 1507.5
1179640 1506.0
1179650 1506.0
1179660 1497.7
1179670 1493.5
1179680 1489.4
1179690 1489.4
1179700 1485.7
1179710 1482.7
1179720 1482.7
1179730 1479.7
1179740 1476.4
1179750 1476.4
1179760 1473.1
1179770 1470.5
1179780 1470.5
1179790 1467.4
1179800 1464.6
1179810 1464.6
1179820 1462.0
1179830 1460.2
1179840 1460.2
1179850 1458.8
1179860 1457.3
1179870 1457.3
1179880 1455.4
1179890 1453.5
1179900 1453.5
1179910 1452.1
1179920 1451.6
1179930 1451.6
1179940 1452.3
1179950 1456.0
1179960 1456.0
1179970 1457.2
1179980 1452.3
1179990 1452.3
