1162300 1121.8
1162310 1122.9
1162320 1123.3
1162330 1123.3
1162340 1123.4
1162350 1123.5
1162360 1123.5
1162370 1122.5
1162380 1120.1
1162390 1120.1
1162400 1121.8
1162410 1124.4
1162420 1124.4
1162430 1125.8
1162440 1126.0
1162450 1126.0
1162460 1126.9
1162470 1125.9
1162480 1125.9
1162490 1122.4
1162500 1121.4
1162510 1121.4
1162520 1123.6
1162530 1127.8
1162540 1127.8
1162550 1132.0
1162560 1133.9
1162570 1133.9
1162580 1132.2
1162590 1130.1
1162600 1130.1
1162610 1127.1
1162620 1129.5
1162630 1129.4
1162640 1134.8
1162650 1138.7
1162660 1138.7
1162670 1140.5
1162680 1141.2
1162690 1141.6
1162700 1141.6
1162710 1142.2
1162720 1143.1
1162730 1143.1
1162740 1143.8
1162750 1144.6
1162760 1144.6
1162770 1145.4
1162780 1145.8
1162790 1145.8
1162800 1145.8
1162810 1145.2
1162820 1145.2
1162830 1144.2
1162840 1142.9
1162850 1142.9
1162860 1142.3
1162870 1141.4
1162880 1141.4
1162890 1140.4
1162900 1139.3
1162910 1139.3
1162920 1138.0
1162930 1137.2
1162940 1137.2
1162950 1136.8
1162960 1136.3
1162970 1136.3
1162980 1135.6
1162990 1135.3
1163000 1135.3
1163010 1135.3
1163020 1134.4
1163030 1133.7
1163040 1132.9
1163050 1132.0
1163060 1130.5
1163070 1130.5
1163080 1129.1
1163090 1123.9
1163100 1123.9
1163110 1122.7
1163120 1124.3
1163130 1124.3
1163140 1127.5
1163150 1130.1
1163160 1130.1
1163170 1132.6
1163180 1134.7
1163190 1134.7
1163200 1136.1
1163210 1137.2
1163220 1137.2
1163230 1138.0
1163240 1139.1
1163250 1139.1
1163260 1140.4
1163270 1141.8
1163280 1141.8
1163290 1143.5
1163300 1146.0
1163310 1146.0
1163320 1149.2
1163330 1149.6
1163340 1149.6
1163350 1149.8
1163360 1150.5
1163370 1150.5
1163380 1150.2
1163390 1148.0
1163400 1148.0
1163410 1142.6
1163420 1136.3
1163430 1124.0
1163440 1124.0
1163450 1120.2
1163460 1116.4
1163470 1116.4
1163480 1112.3
1163490 1108.5
1163500 1108.5
1163510 1104.8
1163520 1101.0
1163530 1101.0
1163540 1097.5
1163550 1094.5
1163560 1094.5
1163570 1091.1
1163580 1086.3
1163590 1086.3
1163600 1082.0
1163610 1078.8
1163620 1078.8
1163630 1075.1
1163640 1072.7
1163650 1072.7
1163660 1070.5
1163670 1067.8
1163680 1067.8
1163690 1065.3
1163700 1063.1
1163710 1063.1
1163720 1058.9
1163730 1053.2
1163740 1053.2
1163750 1052.9
1163760 1051.4
1163770 1051.4
1163780 1047.8
1163790 1043.7
1163800 1038.3
1163810 1038.3
1163820 1033.0
1163830 1022.0
1163840 1022.0
1163850 1020.9
1163860 1020.8
1163870 1020.8
1163880 1018.4
1163890 1015.1
1163900 1015.1
1163910 1012.7
1163920 1010.9
1163930 1010.9
1163940 1008.0
1163950 1005.4
1163960 1005.4
1163970 1003.3
1163980 1001.5
1163990 1001.5
1164000 1000.4
1164010 996.5
1164020 996.5
1164030 993.9
1164040 992.7
1164050 992.7
1164060 991.2
1164070 989.9
1164080 989.9
1164090 988.5
1164100 986.8
1164110 986.8
1164120 984.7
1164130 981.7
1164140 981.7
1164150 980.2
1164160 979.4
1164170 979.4
1164180 979.0
1164190 978.0
1164200 977.8
1164210 977.8
1164220 980.0
1164230 980.7
1164240 980.7
1164250 982.6
1164260 982.4
1164270 982.4
1164280 982.5
1164290 984.0
1164300 984.0
1164310 983.7
1164320 983.3
1164330 983.3
1164340 983.6
1164350 983.9
1164360 983.9
1164370 984.4
1164380 986.6
1164390 986.6
1164400 986.1
1164410 985.9
1164420 985.9
1164430 985.7
1164440 985.9
1164450 985.9
1164460 985.8
1164470 985.7
1164480 985.7
1164490 985.4
1164500 985.1
1164510 985.1
1164520 984.7
1164530 984.2
1164540 984.2
1164550 983.8
1164560 984.1
1164570 984.8
1164580 984.8
1164590 985.4
1164600 985.8
1164610 985.8
1164620 986.4
1164630 987.2
1164640 987.2
1164650 989.3
1164660 990.5
1164670 990.5
1164680 991.5
1164690 992.3
1164700 992.3
1164710 993.3
1164720 994.9
1164730 994.9
1164740 996.8
1164750 998.0
1164760 998.0
1164770 1000.4
1164780 1003.1
1164790 1003.1
1164800 1006.1
1164810 1008.4
1164820 1008.4
1164830 1010.7
1164840 1014.8
1164850 1014.8
1164860 1018.3
1164870 1021.1
1164880 1021.1
1164890 1023.8
1164900 1027.2
1164910 1027.2
1164920 1031.1
1164930 1035.0
1164940 1040.0
1164950 1040.0
1164960 1042.0
1164970 1043.2
1164980 1043.2
1164990 1048.5
1165000 1053.4
1165010 1053.4
1165020 1058.6
1165030 1064.8
1165040 1064.8
1165050 1070.6
1165060 1074.4
1165070 1074.4
1165080 1078.4
1165090 1081.9
1165100 1081.9
1165110 1085.9
1165120 1089.4
1165130 1089.4
1165140 1092.5
1165150 1095.9
1165160 1095.9
1165170 1099.3
1165180 1102.3
1165190 1102.3
1165200 1105.8
1165210 1108.9
1165220 1108.9
1165230 1112.7
1165240 1116.8
1165250 1116.8
1165260 1119.0
1165270 1121.7
1165280 1121.7
1165290 1124.6
1165300 1127.4
1165310 1130.9
1165320 1130.9
1165330 1133.9
1165340 1136.6
1165350 1136.6
1165360 1138.0
1165370 1140.1
1165380 1140.1
1165390 1142.6
1165400 1143.0
1165410 1143.0
1165420 1145.6
1165430 1152.7
1165440 1152.7
1165450 1152.5
1165460 1154.1
1165470 1154.1
1165480 1154.3
1165490 1156.6
1165500 1156.6
1165510 1163.5
1165520 1170.3
1165530 1170.3
1165540 1177.0
1165550 1183.0
1165560 1183.0
1165570 1187.4
1165580 1193.7
1165590 1193.7
1165600 1199.9
1165610 1204.7
1165620 1204.7
1165630 1208.9
1165640 1213.0
1165650 1213.0
1165660 1217.5
1165670 1221.8
1165680 1224.4
1165690 1224.4
1165700 1226.2
1165710 1227.4
1165720 1227.4
1165730 1228.6
1165740 1228.6
1165750 1228.6
1165760 1227.4
1165770 1226.4
1165780 1226.4
1165790 1226.3
1165800 1226.6
1165810 1226.6
1165820 1225.6
1165830 1226.1
1165840 1226.1
1165850 1223.8
1165860 1220.6
1165870 1220.6
1165880 1217.1
1165890 1213.1
1165900 1213.1
1165910 1208.7
1165920 1204.8
1165930 1204.8
1165940 1201.5
1165950 1199.0
1165960 1199.0
1165970 1197.1
1165980 1195.2
1165990 1195.2
1166000 1192.6
1166010 1189.2
1166020 1189.2
1166030 1185.2
1166040 1180.9
1166050 1176.7
1166060 1176.7
1166070 1171.9
1166080 1167.1
1166090 1167.1
1166100 1163.5
1166110 1161.2
1166120 1161.2
1166130 1163.4
1166140 1166.8
1166150 1166.8
1166160 1165.6
1166170 1159.7
1166180 1159.7
1166190 1152.9
1166200 1151.8
1166210 1151.8
1166220 1152.5
1166230 1157.2
1166240 1157.2
1166250 1162.0
1166260 1164.8
1166270 1164.8
1166280 1166.6
1166290 1169.0
1166300 1169.0
1166310 1173.4
1166320 1178.9
1166330 1178.9
1166340 1183.7
1166350 1189.9
1166360 1189.9
1166370 1197.8
1166380 1206.0
1166390 1206.0
1166400 1213.2
1166410 1216.8
1166420 1218.0
1166430 1218.0
1166440 1219.6
1166450 1222.5
1166460 1222.5
1166470 1224.2
1166480 1227.0
1166490 1227.0
1166500 1225.5
1166510 1224.3
1166520 1224.3
1166530 1224.5
1166540 1223.3
1166550 1223.3
1166560 1224.9
1166570 1228.5
1166580 1228.5
1166590 1230.7
1166600 1233.3
1166610 1233.3
1166620 1234.5
1166630 1235.1
1166640 1235.1
1166650 1238.5
1166660 1241.8
1166670 1241.8
1166680 1245.5
1166690 1248.9
1166700 1248.9
1166710 1252.1
1166720 1255.3
1166730 1255.3
1166740 1258.4
1166750 1262.0
1166760 1262.0
1166770 1265.3
1166780 1268.8
1166790 1268.8
1166800 1272.6
1166810 1276.4
1166820 1280.3
1166830 1280.3
1166840 1284.4
1166850 1288.1
1166860 1288.1
1166870 1291.6
1166880 1295.1
1166890 1295.1
1166900 1298.5
1166910 1302.0
1166920 1302.0
1166930 1304.8
1166940 1308.5
1166950 1308.5
1166960 1311.2
1166970 1313.6
1166980 1313.6
1166990 1316.9
1167000 1320.4
1167010 1320.4
1167020 1325.1
1167030 1335.1
1167040 1335.1
1167050 1335.0
1167060 1335.8
1167070 1335.8
1167080 1339.7
1167090 1343.3
1167100 1343.3
1167110 1347.9
1167120 1352.9
1167130 1352.9
1167140 1357.9
1167150 1362.4
1167160 1362.4
1167170 1366.5
1167180 1369.3
1167190 1372.5
1167200 1372.5
1167210 1376.8
1167220 1381.5
1167230 1381.5
1167240 1385.6
1167250 1390.4
1167260 1390.4
1167270 1395.7
1167280 1400.5
1167290 1400.5
1167300 1404.9
1167310 1410.0
1167320 1410.0
1167330 1414.4
1167340 1419.3
1167350 1419.3
1167360 1423.6
1167370 1427.8
1167380 1427.8
1167390 1432.2
1167400 1437.3
1167410 1437.3
1167420 1442.8
1167430 1448.1
1167440 1452.7
1167450 1458.2
1167460 1462.6
1167470 1462.6
1167480 1465.4
1167490 1470.8
1167500 1470.8
1167510 1475.6
1167520 1480.0
1167530 1480.0
1167540 1483.6
1167550 1485.9
1167560 1487.2
1167570 1487.2
1167580 1489.1
1167590 1492.6
1167600 1492.6
1167610 1495.7
1167620 1498.9
1167630 1498.9
1167640 1503.2
1167650 1508.8
1167660 1508.8
1167670 1516.3
1167680 1518.0
1167690 1518.0
1167700 1513.8
1167710 1508.3
1167720 1508.3
1167730 1503.1
1167740 1497.1
1167750 1497.1
1167760 1490.1
1167770 1484.7
1167780 1484.7
1167790 1479.3
1167800 1474.1
1167810 1474.1
1167820 1468.6
1167830 1463.0
1167840 1466.3
1167850 1461.8
1167860 1457.0
1167870 1457.0
1167880 1452.9
1167890 1448.9
1167900 1448.9
1167910 1445.7
1167920 1442.6
1167930 1438.4
1167940 1438.4
1167950 1433.8
1167960 1432.0
1167970 1432.0
1167980 1430.1
1167990 1427.0
1168000 1427.0
1168010 1423.2
1168020 1419.1
1168030 1419.1
1168040 1414.4
1168050 1410.1
1168060 1410.1
1168070 1406.8
1168080 1403.0
1168090 1403.0
1168100 1397.4
1168110 1393.6
1168120 1393.6
1168130 1391.0
1168140 1389.6
1168150 1389.6
1168160 1386.8
1168170 1385.0
1168180 1385.0
1168190 1382.0
1168200 1379.1
1168210 1379.1
1168220 1377.4
1168230 1374.8
1168240 1374.8
1168250 1374.3
1168260 1369.8
1168270 1369.8
1168280 1365.3
1168290 1361.2
1168300 1358.3
1168310 1358.3
1168320 1354.8
1168330 1347.3
1168340 1347.3
1168350 1339.1
1168360 1332.4
1168370 1332.4
1168380 1326.2
1168390 1319.5
1168400 1319.5
1168410 1311.8
1168420 1303.1
1168430 1303.1
1168440 1295.1
1168450 1287.9
1168460 1287.9
1168470 1282.7
1168480 1274.5
1168490 1274.5
1168500 1268.4
1168510 1263.5
1168520 1263.5
1168530 1257.2
1168540 1250.1
1168550 1250.1
1168560 1244.6
1168570 1239.9
1168580 1239.9
1168590 1235.8
1168600 1232.0
1168610 1232.0
1168620 1229.6
1168630 1228.7
1168640 1228.7
1168650 1233.8
1168660 1230.9
1168670 1228.5
1168680 1228.5
1168690 1224.0
1168700 1219.3
1168710 1219.3
1168720 1214.4
1168730 1210.9
1168740 1210.9
1168750 1208.1
1168760 1205.3
1168770 1205.3
1168780 1203.3
1168790 1200.6
1168800 1200.6
1168810 1199.2
1168820 1197.9
1168830 1197.9
1168840 1193.7
1168850 1188.6
1168860 1188.6
1168870 1183.4
1168880 1177.8
1168890 1177.8
1168900 1171.9
1168910 1166.2
1168920 1166.2
1168930 1160.1
1168940 1155.3
1168950 1155.3
1168960 1151.4
1168970 1145.4
1168980 1145.4
1168990 1139.6
1169000 1135.1
1169010 1135.1
1169020 1131.2
1169030 1127.6
1169040 1124.9
1169050 1124.9
1169060 1122.6
1169070 1119.4
1169080 1119.4
1169090 1117.4
1169100 1115.7
1169110 1115.7
1169120 1113.1
1169130 1110.8
1169140 1110.8
1169150 1108.3
1169160 1105.8
1169170 1105.8
1169180 1104.6
1169190 1104.2
1169200 1104.2
1169210 1102.9
1169220 1100.3
1169230 1100.3
1169240 1097.1
1169250 1094.1
1169260 1094.1
1169270 1091.6
1169280 1089.2
1169290 1089.2
1169300 1085.7
1169310 1082.7
1169320 1082.7
1169330 1081.4
1176710 1393.6
1176720 1393.6
1176730 1393.6
1176740 1390.0
1176750 1390.0
1176760 1385.4
1176770 1382.2
1176780 1382.2
1176790 1381.4
1176800 1380.5
1176810 1380.5
1176820 1378.4
1176830 1375.1
1176840 1375.1
1176850 1368.4
1176860 1365.5
1176870 1362.8
1176880 1362.8
1176890 1359.5
1176900 1357.7
1176910 1357.7
1176920 1355.6
1176930 1354.1
1176940 1354.1
1176950 1352.3
1176960 1349.6
1176970 1349.6
1176980 1346.7
1176990 1343.6
1177000 1343.6
1177010 1340.4
1177020 1337.4
1177030 1337.4
1177040 1334.8
1177050 1332.0
1177060 1332.0
1177070 1329.8
1177080 1327.7
1177090 1327.7
1177100 1325.8
1177110 1323.6
1177120 1323.6
1177130 1321.7
1177140 1319.6
1177150 1319.6
1177160 1317.7
1177170 1316.8
1177180 1316.8
1177190 1316.1
1177200 1313.4
1177210 1313.4
1177220 1311.6
1177230 1310.0
1177240 1308.5
1177250 1308.5
1177260 1306.0
1177270 1297.1
1177280 1297.1
1177290 1293.6
1177300 1292.3
1177310 1292.3
1177320 1293.2
1177330 1296.7
1177340 1296.7
1177350 1302.7
1177360 1305.4
1177370 1305.4
1177380 1306.0
1177390 1306.5
1177400 1306.5
1177410 1307.4
1177420 1306.9
1177430 1306.9
1177440 1308.1
1177450 1311.6
1177460 1311.6
1177470 1313.6
1177480 1313.8
1177490 1313.8
1177500 1314.7
1177510 1316.8
1177520 1316.8
1177530 1319.9
1177540 1322.7
1177550 1322.7
1177560 1325.1
1177570 1327.7
1177580 1327.7
1177590 1330.2
1177600 1333.1
1177610 1337.4
1177620 1337.4
1177630 1342.4
1177640 1347.2
1177650 1347.2
1177660 1350.5
1177670 1353.2
1177680 1353.2
1177690 1360.3
1177700 1363.3
1177710 1363.3
1177720 1366.5
1177730 1369.6
1177740 1369.6
1177750 1373.0
1177760 1375.9
1177770 1375.9
1177780 1378.8
1177790 1381.3
1177800 1381.3
1177810 1382.9
1177820 1384.0
1177830 1384.0
1177840 1384.6
1177850 1383.7
1177860 1383.7
1177870 1383.0
1177880 1381.8
1177890 1381.8
1177900 1380.0
1177910 1377.4
1177920 1377.4
1177930 1374.0
1177940 1369.9
1177950 1369.9
1177960 1365.8
1177970 1362.1
1177980 1359.2
1177990 1359.2
1178000 1356.7
1178010 1354.3
1178020 1354.3
1178030 1352.0
1178040 1350.7
1178050 1350.7
1178060 1344.9
1178070 1335.8
1178080 1335.8
1178090 1328.2
1178100 1321.4
1178110 1322.8
1178120 1323.0
1178130 1328.6
1178140 1328.6
1178150 1333.6
1178160 1340.4
1178170 1340.4
1178180 1345.5
1178190 1345.1
1178200 1345.1
1178210 1345.1
1178220 1346.6
1178230 1346.6
1178240 1348.9
1178250 1351.1
1178260 1351.1
1178270 1353.0
1178280 1353.1
1178290 1353.1
1178300 1353.5
1178310 1357.3
1178320 1357.3
1178330 1361.7
1178340 1368.5
1178350 1368.5
1178360 1374.3
1178370 1379.5
1178380 1383.4
1178390 1383.4
1178400 1385.9
1178410 1389.7
1178420 1389.7
1178430 1396.4
1178440 1400.6
1178450 1400.6
1178460 1405.0
1178470 1412.3
1178480 1412.3
1178490 1416.3
1178500 1417.5
1178510 1417.5
1178520 1421.1
1178530 1424.7
1178540 1424.7
1178550 1428.1
1178560 1430.6
1178570 1430.6
1178580 1432.3
1178590 1437.3
1178600 1437.3
1178610 1448.2
1178620 1455.6
1178630 1455.6
1178640 1459.4
1178650 1463.2
1178660 1463.2
1178670 1466.6
1178680 1468.2
1178690 1468.2
1178700 1467.5
1178710 1466.5
1178720 1466.5
1178730 1467.1
1178740 1467.2
1178750 1466.1
1178760 1466.1
1178770 1466.2
1178780 1466.8
1178790 1466.8
1178800 1467.3
1178810 1466.6
1178820 1466.6
1178830 1465.9
1178840 1465.3
1178850 1465.3
1178860 1463.4
1178870 1460.5
1178880 1460.5
1178890 1456.3
1178900 1453.9
1178910 1453.9
1178920 1452.9
1178930 1453.2
1178940 1461.1
1178950 1459.9
1178960 1457.3
1178970 1457.3
1178980 1458.3
1178990 1457.0
1179000 1457.0
1179010 1456.2
1179020 1454.4
1179030 1454.4
1179040 1454.0
1179050 1452.6
1179060 1452.6
1179070 1450.2
1179080 1447.7
1179090 1447.7
1179100 1445.7
1179110 1444.3
1179120 1440.7
1179130 1440.7
1179140 1438.4
1179150 1434.6
1179160 1434.6
1179170 1430.6
1179180 1427.8
1179190 1427.8
1179200 1426.5
1179210 1424.4
1179220 1424.4
1179230 1422.0
1179240 1420.4
1179250 1420.4
1179260 1420.8
1179270 1421.8
1179280 1421.8
1179290 1421.3
1179300 1418.3
1179310 1418.3
1179320 1415.4
1179330 1412.0
1179340 1412.0
1179350 1409.2
1179360 1409.6
1179370 1409.6
1179380 1407.9
1179390 1407.0
1179400 1407.0
1179410 1407.1
1179420 1407.7
1179430 1407.7
1179440 1408.2
1179450 1408.3
1179460 1408.3
1179470 1408.9
1179480 1409.3
1179490 1409.7
1179500 1409.7
1179510 1410.0
1179520 1410.7
1179530 1410.7
1179540 1411.2
1179550 1411.7
1179560 1411.7
1179570 1412.4
1179580 1413.6
1179590 1413.6
1179600 1415.7
1179610 1419.0
1179620 1419.0
1179630 1424.0
1179640 1433.8
1179650 1433.8
1179660 1463.8
1179670 1479.2
1179680 1479.2
1179690 1476.5
1179700 1472.9
1179710 1472.9
1179720 1470.0
1179730 1466.8
1179740 1466.8
1179750 1463.0
1179760 1459.2
1179770 1459.2
1179780 1450.4
1179790 1447.5
1179800 1447.5
1179810 1443.9
1179820 1440.5
1179830 1440.5
1179840 1437.4
1179850 1432.2
1179860 1428.4
1179870 1428.4
1179880 1423.9
1179890 1414.1
1179900 1414.1
1179910 1406.7
1179920 1404.9
1179930 1404.9
1179940 1408.0
1179950 1409.5
1179960 1409.5
1179970 1414.1
1179980 1418.0
1179990 1418.0
