1162530 1375.4
1162540 1375.4
1162550 1374.1
1162560 1372.0
1162570 1372.0
1162580 1370.1
1162590 1368.4
1162600 1368.4
1162610 1366.3
1162620 1363.2
1162630 1363.2
1162640 1359.6
1162650 1356.2
1162660 1356.2
1162670 1353.7
1162680 1351.6
1162690 1351.6
1162700 1349.6
1162710 1346.4
1162720 1346.4
1162730 1341.2
1162740 1335.6
1162750 1335.6
1162760 1330.1
1162770 1325.3
1162780 1325.3
1162790 1320.4
1162800 1315.8
1162810 1315.8
1162820 1311.3
1162830 1301.5
1162840 1301.5
1162850 1298.1
1162860 1294.0
1162870 1294.0
1162880 1287.0
1162890 1279.4
1162900 1271.2
1162910 1271.2
1162920 1261.8
1162930 1254.6
1162940 1254.6
1162950 1249.2
1162960 1244.4
1162970 1244.4
1162980 1240.3
1162990 1236.7
1163000 1236.7
1163010 1233.3
1163020 1230.2
1163030 1230.2
1163040 1227.7
1163050 1225.3
1163060 1225.3
1163070 1223.0
1163080 1220.1
1163090 1220.1
1163100 1218.6
1163110 1217.1
1163120 1217.1
1163130 1214.8
1163140 1211.9
1163150 1211.9
1163160 1208.8
1163170 1205.8
1163180 1205.8
1163190 1202.6
1163200 1199.9
1163210 1199.9
1163220 1195.2
1163230 1193.3
1163240 1193.3
1163250 1191.4
1163260 1188.9
1163270 1188.9
1163280 1187.5
1163290 1188.9
1163300 1189.1
1163310 1189.1
1163320 1188.3
1163330 1186.7
1163340 1186.7
1163350 1185.9
1163360 1185.3
1163370 1185.3
1163380 1184.0
1163390 1182.7
1163400 1182.7
1163410 1181.2
1163420 1179.8
1163430 1179.8
1163440 1177.4
1163450 1173.9
1163460 1173.9
1163470 1172.3
1163480 1172.6
1163490 1172.6
1163500 1172.5
1163510 1172.3
1163520 1172.3
1163530 1171.5
1163540 1170.0
1163550 1170.0
1163560 1167.7
1163570 1163.8
1163580 1163.8
1163590 1163.0
1163600 1162.8
1163610 1162.8
1163620 1158.4
1163630 1155.6
1163640 1155.6
1163650 1152.6
1163660 1150.5
1163670 1148.3
1163680 1148.3
1163690 1146.1
1163700 1144.1
1163710 1144.1
1163720 1141.6
1163730 1139.1
1163740 1139.1
1163750 1138.3
1163760 1139.4
1163770 1139.4
1163780 1140.7
1163790 1140.8
1163800 1140.8
1163810 1140.2
1163820 1139.5
1163830 1139.5
1163840 1138.6
1163850 1137.9
1163860 1137.9
1163870 1137.5
1163880 1137.4
1163890 1137.4
1163900 1136.8
1163910 1135.6
1163920 1135.6
1163930 1133.7
1163940 1131.4
1163950 1131.4
1163960 1129.1
1163970 1126.6
1163980 1126.6
1163990 1123.8
1164000 1122.3
1164010 1122.3
1164020 1125.9
1164030 1125.7
1164040 1125.0
1164050 1125.0
1164060 1122.6
1164070 1120.1
1164080 1120.1
1164090 1119.4
1164100 1119.4
1164110 1119.4
1164120 1118.4
1164130 1115.8
1164140 1115.8
1164150 1112.9
1164160 1112.0
1164170 1112.0
1164180 1113.0
1164190 1116.3
1164200 1116.3
1164210 1121.5
1164220 1123.8
1164230 1123.8
1164240 1124.9
1164250 1122.7
1164260 1122.7
1164270 1118.6
1164280 1112.1
1164290 1112.1
1164300 1106.6
1164310 1102.3
1164320 1102.3
1164330 1098.1
1164340 1092.7
1164350 1092.7
1164360 1085.8
1164370 1079.2
1164380 1079.2
1164390 1073.5
1164400 1069.5
1164410 1066.7
1164420 1060.5
1164430 1058.1
1164440 1055.9
1164450 1055.9
1164460 1054.4
1164470 1053.0
1164480 1053.0
1164490 1051.8
1164500 1050.7
1164510 1050.7
1164520 1049.2
1164530 1047.6
1164540 1047.6
1164550 1045.4
1164560 1042.0
1164570 1042.0
1164580 1038.7
1164590 1035.8
1164600 1035.8
1164610 1032.7
1164620 1029.4
1164630 1029.4
1164640 1025.4
1164650 1020.7
1164660 1020.7
1164670 1016.0
1164680 1012.1
1164690 1012.1
1164700 1008.9
1164710 1006.1
1164720 1006.1
1164730 1002.5
1164740 998.9
1164750 998.9
1164760 994.1
1164770 988.5
1164780 983.6
1164790 983.6
1164800 978.7
1164810 974.9
1164820 973.0
1164830 972.5
1164840 972.2
1164850 972.2
1164860 972.4
1164870 972.0
1164880 972.0
1164890 971.3
1164900 971.5
1164910 971.5
1164920 971.0
1164930 970.8
1164940 970.8
1164950 970.7
1164960 970.6
1164970 970.6
1164980 970.4
1164990 970.4
1165000 970.4
1165010 970.3
1165020 970.3
1165030 970.3
1165040 970.2
1165050 970.0
1165060 970.0
1165070 970.0
1165080 969.8
1165090 969.8
1165100 969.3
1165110 969.2
1165120 969.2
1165130 969.3
1165140 969.8
1165150 969.8
1165160 969.8
1165170 969.8
1165180 969.9
1165190 969.9
1165200 970.0
1165210 969.9
1165220 970.0
1165230 970.5
1165240 975.7
1165250 975.7
1165260 979.1
1165270 980.1
1165280 980.1
1165290 980.6
1165300 981.9
1165310 981.9
1165320 983.8
1165330 985.7
1165340 985.7
1165350 988.4
1165360 991.2
1165370 991.2
1165380 993.9
1165390 996.2
1165400 996.2
1165410 998.5
1165420 1000.3
1165430 1000.3
1165440 1003.2
1165450 1007.1
1165460 1007.1
1165470 1011.0
1165480 1016.0
1165490 1016.0
1165500 1021.8
1165510 1027.0
1165520 1027.0
1165530 1032.3
1165540 1036.8
1165550 1041.9
1165560 1041.9
1165570 1047.5
1165580 1055.1
1165590 1055.1
1165600 1061.9
1165610 1066.3
1165620 1067.8
1165630 1070.8
1165640 1070.2
1165650 1070.2
1165660 1069.7
1165670 1070.1
1165680 1070.1
1165690 1071.5
1165700 1073.4
1165710 1073.4
1165720 1074.5
1165730 1075.2
1165740 1075.2
1165750 1077.2
1165760 1079.9
1165770 1079.9
1165780 1079.5
1165790 1075.8
1165800 1075.8
1165810 1070.2
1165820 1064.7
1165830 1064.7
1165840 1064.1
1165850 1067.1
1165860 1067.1
1165870 1071.7
1165880 1075.7
1165890 1075.7
1165900 1079.3
1165910 1082.9
1165920 1089.0
1165930 1089.0
1165940 1091.3
1165950 1092.6
1165960 1092.6
1165970 1095.4
1165980 1099.4
1165990 1099.4
1166000 1103.2
1166010 1105.7
1166020 1105.5
1166030 1109.5
1166040 1112.6
1166050 1112.6
1166060 1115.5
1166070 1119.3
1166080 1119.3
1166090 1120.4
1166100 1123.2
1166110 1123.2
1166120 1125.1
1166130 1127.4
1166140 1127.4
1166150 1131.1
1166160 1133.9
1166170 1133.9
1166180 1135.7
1166190 1136.7
1166200 1136.7
1166210 1138.5
1166220 1140.8
1166230 1140.8
1166240 1144.5
1166250 1148.7
1166260 1148.7
1166270 1152.8
1166280 1156.3
1166290 1160.1
1166300 1160.1
1166310 1164.5
1166320 1168.7
1166330 1168.7
1166340 1172.8
1166350 1176.7
1166360 1176.7
1166370 1181.3
1166380 1186.2
1166390 1186.2
1166400 1190.1
1166410 1193.1
1166420 1193.1
1166430 1201.7
1166440 1207.3
1166450 1207.3
1166460 1212.8
1166470 1217.8
1166480 1217.8
1166490 1221.4
1166500 1222.3
1166510 1222.3
1166520 1224.6
1166530 1227.6
1166540 1227.6
1166550 1229.8
1166560 1238.0
1166570 1238.0
1166580 1244.2
1166590 1248.0
1166600 1248.0
1166610 1253.0
1166620 1259.4
1166630 1259.4
1166640 1264.8
1166650 1270.7
1166660 1277.4
1166670 1277.4
1166680 1283.6
1166690 1290.0
1166700 1290.0
1166710 1295.9
1166720 1302.6
1166730 1302.6
1166740 1308.1
1166750 1312.9
1166760 1312.9
1166770 1316.8
1166780 1320.3
1166790 1320.3
1166800 1323.4
1166810 1326.6
1166820 1326.6
1166830 1335.3
1166840 1338.6
1166850 1338.6
1166860 1342.2
1166870 1345.5
1166880 1345.5
1166890 1348.5
1166900 1352.3
1166910 1352.3
1166920 1355.8
1166930 1359.7
1166940 1359.7
1166950 1363.1
1166960 1366.7
1166970 1366.7
1166980 1370.9
1166990 1375.3
1167000 1375.3
1167010 1377.4
1167020 1379.7
1167030 1379.7
1167040 1383.5
1167050 1386.0
1167060 1388.4
1167070 1388.4
1167080 1392.9
1167090 1396.3
1167100 1396.3
1167110 1399.6
1167120 1402.8
1167130 1402.8
1167140 1405.6
1167150 1408.3
1167160 1408.3
1167170 1409.9
1167180 1411.6
1167190 1411.6
1167200 1413.5
1167210 1415.1
1167220 1415.1
1167230 1423.4
1167240 1424.3
1167250 1424.3
1167260 1424.9
1167270 1425.7
1167280 1425.7
1167290 1426.0
1167300 1426.1
1167310 1426.1
1167320 1426.4
1167330 1426.3
1167340 1426.3
1167350 1426.0
1167360 1425.5
1167370 1425.5
1167380 1424.9
1167390 1423.8
1167400 1423.8
1167410 1421.9
1167420 1418.9
1167430 1417.4
1167440 1417.4
1167450 1419.9
1167460 1423.0
1167470 1423.0
1167480 1425.2
1167490 1426.8
1167500 1426.8
1167510 1428.1
1167520 1430.0
1167530 1430.0
1177060 1358.6
1177070 1356.8
1177080 1356.8
1177090 1353.9
1177100 1350.7
1177110 1350.7
1177120 1347.1
1177130 1343.5
1177140 1343.5
1177150 1339.9
1177160 1337.0
1177170 1334.9
1177180 1334.9
1177190 1332.9
1177200 1331.3
1177210 1331.3
1177220 1329.9
1177230 1328.9
1177240 1328.9
1177250 1328.0
1177260 1327.1
1177270 1327.1
1177280 1326.0
1177290 1325.0
1177300 1325.0
1177310 1323.8
1177320 1322.4
1177330 1322.4
1177340 1321.7
1177350 1321.2
1177360 1321.2
1177370 1320.8
1177380 1320.0
1177390 1320.0
1177400 1318.9
1177410 1317.7
1177420 1317.7
1177430 1316.8
1177440 1315.9
1177450 1315.9
1177460 1314.1
1177470 1311.8
1177480 1309.0
1177490 1304.6
1177500 1299.4
1177510 1299.4
1177520 1292.7
1177530 1285.0
1177540 1285.0
1177550 1276.9
1177560 1269.0
1177570 1261.3
1177580 1261.3
1177590 1253.7
1177600 1246.4
1177610 1246.4
1177620 1239.2
1177630 1233.3
1177640 1233.3
1177650 1228.6
1177660 1225.8
1177670 1225.8
1177680 1223.1
1177690 1219.9
1177700 1219.9
1177710 1215.9
1177720 1211.7
1177730 1211.7
1177740 1207.4
1177750 1204.0
1177760 1204.0
1177770 1202.5
1177780 1197.9
1177790 1197.9
1177800 1192.8
1177810 1195.4
1177820 1195.4
1177830 1202.3
1177840 1208.0
1177850 1208.0
1177860 1211.0
1177870 1213.6
1177880 1213.6
1177890 1218.7
1177900 1222.2
1177910 1222.2
1177920 1225.6
1177930 1229.8
1177940 1233.7
1177950 1233.7
1177960 1237.1
1177970 1240.4
1177980 1240.4
1177990 1237.5
1178000 1233.6
1178010 1233.6
1178020 1229.3
1178030 1222.6
1178040 1222.6
1178050 1217.1
1178060 1212.6
1178070 1212.6
1178080 1211.6
1178090 1208.1
1178100 1208.1
1178110 1205.7
1178120 1202.8
1178130 1202.8
1178140 1204.9
1178150 1211.7
1178160 1211.7
1178170 1217.9
1178180 1224.9
1178190 1224.9
1178200 1230.2
1178210 1234.1
1178220 1234.1
1178230 1238.9
1178240 1242.7
1178250 1242.7
1178260 1244.5
1178270 1246.6
1178280 1246.6
1178290 1251.2
1178300 1257.1
1178310 1261.9
1178320 1261.9
1178330 1267.3
1178340 1272.9
1178350 1272.9
1178360 1277.3
1178370 1279.9
1178380 1279.9
1178390 1282.7
1178400 1284.8
1178410 1284.8
1178420 1289.1
1178430 1295.3
1178440 1295.3
1178450 1300.9
1178460 1306.5
1178470 1306.5
1178480 1312.2
1178490 1317.2
1178500 1317.2
1178510 1322.3
1178520 1327.2
1178530 1327.2
1178540 1331.9
1178550 1336.3
1178560 1336.3
1178570 1340.5
1178580 1344.3
1178590 1344.3
1178600 1347.6
1178610 1350.8
1178620 1350.8
1178630 1353.4
1178640 1355.4
1178650 1355.4
1178660 1357.1
1178670 1358.5
1178680 1359.5
1178690 1359.5
1178700 1360.4
1178710 1360.9
1178720 1360.9
1178730 1361.6
1178740 1361.7
1178750 1361.7
1178760 1361.6
1178770 1361.1
1178780 1361.1
1178790 1360.1
1178800 1359.0
1178810 1359.0
1178820 1357.5
1178830 1353.9
1178840 1353.9
1178850 1347.5
1178860 1343.2
1178870 1343.2
1178880 1339.6
1178890 1335.1
1178900 1335.1
1178910 1331.7
1178920 1328.3
1178930 1328.3
1178940 1323.1
1178950 1316.3
1178960 1316.3
1178970 1309.4
1178980 1306.0
1178990 1306.0
1179000 1303.4
1179010 1299.2
1179020 1299.2
1179030 1294.5
1179040 1289.9
1179050 1284.6
1179060 1284.6
1179070 1282.7
1179080 1279.0
1179090 1279.0
1179100 1272.6
1179110 1267.6
1179120 1267.6
1179130 1263.2
1179140 1258.1
1179150 1251.8
1179160 1245.9
1179170 1239.3
1179180 1239.3
1179190 1234.0
1179200 1228.6
1179210 1228.6
1179220 1222.7
1179230 1217.9
1179240 1217.9
1179250 1212.8
1179260 1207.8
1179270 1207.8
1179280 1202.8
1179290 1197.4
1179300 1197.4
1179310 1191.8
1179320 1187.1
1179330 1187.1
1179340 1187.9
1179350 1189.5
1179360 1189.5
1179370 1188.9
1179380 1186.6
1179390 1186.6
1179400 1185.9
1179410 1185.7
1179420 1188.8
1179430 1188.8
1179440 1191.1
1179450 1194.4
1179460 1194.4
1179470 1197.8
1179480 1200.3
1179490 1200.3
1179500 1204.0
1179510 1204.4
1179520 1204.4
1179530 1198.9
1179540 1195.8
1179550 1195.8
1179560 1196.1
1179570 1202.7
1179580 1202.7
1179590 1201.0
1179600 1200.7
1179610 1200.7
1179620 1202.7
1179630 1197.4
1179640 1197.4
1179650 1188.4
1179660 1182.5
1179670 1182.5
1179680 1178.6
1179690 1173.8
1179700 1173.8
1179710 1169.8
1179720 1164.9
1179730 1164.9
1179740 1159.1
1179750 1156.0
1179760 1156.0
1179770 1153.2
1179780 1150.5
1179790 1150.4
1179800 1150.4
1179810 1149.0
1179820 1146.1
1179830 1146.1
1179840 1143.0
1179850 1140.6
1179860 1140.6
1179870 1138.9
1179880 1138.3
1179890 1138.3
1179900 1137.6
1179910 1135.5
1179920 1135.5
1179930 1131.9
1179940 1127.4
1179950 1127.4
1179960 1123.0
1179970 1117.7
1179980 1117.7
1179990 1116.1
