1162610 1214.5
1162620 1214.5
1162630 1217.3
1162640 1224.1
1162650 1224.1
1162660 1235.2
1162670 1247.9
1162680 1247.9
1162690 1255.1
1162700 1258.6
1162710 1258.6
1162720 1263.4
1162730 1268.1
1162740 1268.1
1162750 1272.3
1162760 1280.1
1162770 1280.1
1162780 1285.1
1162790 1288.4
1162800 1294.9
1162810 1294.9
1162820 1304.6
1162830 1312.8
1162840 1312.8
1162850 1315.5
1162860 1325.0
1162870 1325.0
1162880 1328.8
1162890 1333.4
1162900 1333.4
1162910 1341.1
1162920 1352.9
1162930 1352.9
1162940 1360.2
1162950 1369.7
1162960 1369.7
1162970 1378.2
1162980 1384.9
1162990 1384.9
1163000 1391.0
1163010 1397.1
1163020 1397.1
1163030 1403.9
1163040 1412.0
1163050 1412.0
1163060 1420.8
1163070 1429.2
1163080 1429.2
1163090 1437.3
1163100 1443.8
1163110 1443.8
1163120 1450.4
1163130 1457.9
1163140 1457.9
1163150 1466.2
1163160 1478.2
1163170 1478.2
1163180 1488.8
1163190 1496.2
1163200 1517.1
1163210 1517.1
1163220 1533.2
1163230 1540.4
1163240 1540.4
1163250 1542.4
1163260 1544.7
1163270 1544.7
1163280 1545.8
1163290 1547.1
1163300 1547.1
1163310 1550.6
1163320 1554.4
1163330 1554.4
1163340 1556.4
1163350 1555.6
1163360 1555.6
1163370 1550.8
1163380 1546.6
1163390 1546.6
1163400 1542.8
1163410 1538.4
1163420 1538.4
1163430 1533.6
1163440 1530.1
1163450 1530.1
1163460 1529.3
1163470 1528.8
1163480 1528.8
1163490 1526.9
1163500 1518.6
1163510 1518.6
1163520 1510.9
1163530 1504.4
1163540 1504.4
1163550 1499.0
1163560 1494.3
1163570 1489.6
1163580 1489.6
1163590 1485.3
1163600 1482.0
1163610 1482.0
1163620 1479.1
1163630 1477.3
1163640 1477.3
1163650 1469.0
1163660 1467.0
1163670 1467.0
1163680 1462.7
1163690 1457.1
1163700 1457.1
1163710 1453.6
1163720 1452.2
1163730 1452.2
1163740 1451.3
1163750 1448.7
1163760 1448.7
1163770 1446.7
1163780 1444.9
1163790 1444.9
1163800 1441.0
1163810 1436.8
1163820 1436.8
1163830 1431.1
1163840 1424.5
1163850 1424.5
1163860 1422.5
1163870 1424.7
1163880 1424.7
1163890 1422.9
1163900 1418.3
1163910 1418.3
1163920 1415.0
1163930 1412.0
1163940 1409.3
1163950 1409.3
1163960 1404.5
1163970 1395.7
1163980 1395.7
1163990 1393.3
1164000 1396.8
1164010 1396.8
1164020 1397.7
1164030 1397.8
1164040 1397.8
1164050 1390.7
1164060 1390.3
1164070 1390.3
1164080 1388.7
1164090 1385.6
1164100 1385.6
1164110 1378.8
1164120 1368.6
1164130 1368.6
1164140 1359.4
1164150 1349.9
1164160 1349.9
1164170 1339.6
1164180 1328.8
1164190 1328.8
1164200 1319.9
1164210 1316.7
1164220 1316.7
1164230 1314.6
1164240 1313.2
1164250 1313.2
1164260 1314.0
1164270 1315.5
1164280 1315.5
1164290 1312.4
1164300 1305.8
1164310 1305.8
1164320 1300.5
1164330 1300.4
1164340 1294.5
1164350 1294.5
1164360 1289.5
1164370 1283.5
1164380 1283.5
1164390 1280.3
1164400 1273.7
1164410 1273.7
1164420 1270.0
1164430 1267.5
1164440 1267.5
1164450 1260.7
1164460 1255.5
1164470 1255.5
1164480 1251.1
1164490 1246.5
1164500 1246.5
1164510 1241.6
1164520 1237.2
1164530 1237.2
1164540 1231.8
1164550 1227.1
1164560 1227.1
1164570 1225.0
1164580 1222.3
1164590 1222.3
1164600 1219.6
1164610 1217.8
1164620 1217.8
1164630 1216.9
1164640 1216.7
1164650 1216.7
1164660 1216.4
1164670 1214.5
1164680 1214.5
1164690 1212.3
1164700 1209.8
1164710 1208.0
1164720 1208.0
1164730 1207.8
1164740 1207.0
1164750 1207.0
1164760 1206.2
1164770 1206.2
1164780 1206.2
1164790 1204.1
1164800 1201.3
1164810 1201.3
1164820 1198.8
1164830 1197.5
1164840 1197.5
1164850 1184.5
1164860 1175.7
1164870 1175.7
1164880 1169.9
1164890 1169.6
1164900 1169.6
1164910 1169.7
1164920 1170.2
1164930 1170.2
1164940 1169.9
1164950 1166.2
1164960 1166.2
1164970 1161.8
1164980 1157.6
1164990 1157.6
1165000 1152.6
1165010 1146.1
1165020 1146.1
1165030 1141.0
1165040 1136.1
1165050 1136.1
1165060 1131.5
1165070 1125.5
1165080 1123.2
1165090 1123.2
1165100 1120.5
1165110 1116.7
1165120 1116.7
1165130 1114.5
1165140 1112.4
1165150 1112.4
1165160 1109.0
1165170 1106.3
1165180 1106.3
1165190 1105.0
1165200 1103.0
1165210 1103.0
1165220 1099.8
1165230 1098.3
1165240 1098.3
1165250 1094.1
1165260 1090.4
1165270 1090.4
1165280 1087.3
1165290 1085.7
1165300 1085.7
1165310 1084.6
1165320 1083.5
1165330 1083.5
1165340 1083.1
1165350 1081.9
1165360 1081.9
1165370 1080.8
1165380 1079.4
1165390 1079.4
1165400 1076.7
1165410 1075.0
1165420 1075.0
1165430 1072.9
1165440 1070.4
1165450 1070.4
1165460 1069.3
1165470 1069.3
1165480 1068.8
1165490 1068.8
1165500 1067.4
1165510 1064.5
1165520 1064.5
1165530 1062.2
1165540 1058.8
1165550 1058.8
1165560 1054.3
1165570 1050.5
1165580 1050.5
1165590 1046.5
1165600 1041.1
1165610 1041.1
1165620 1035.5
1165630 1031.4
1165640 1031.4
1165650 1025.0
1165660 1023.2
1165670 1023.2
1165680 1020.8
1165690 1018.1
1165700 1018.1
1165710 1015.3
1165720 1012.7
1165730 1012.7
1165740 1010.9
1165750 1008.5
1165760 1008.5
1165770 1006.3
1165780 1004.7
1165790 1004.7
1165800 1002.8
1165810 1000.4
1165820 1000.4
1165830 997.3
1165840 993.7
1165850 991.0
1165860 991.0
1165870 989.5
1165880 987.5
1165890 987.5
1165900 984.4
1165910 978.7
1165920 978.7
1165930 971.5
1165940 966.0
1165950 966.0
1165960 960.5
1165970 954.9
1165980 954.9
1165990 952.7
1166000 950.7
1166010 950.7
1166020 949.4
1166030 948.4
1166040 948.4
1166050 953.8
1166060 957.6
1166070 957.6
1166080 966.5
1166090 976.2
1166100 976.2
1166110 983.9
1166120 990.5
1166130 990.5
1166140 996.5
1166150 1001.7
1166160 1001.7
1166170 1006.3
1166180 1012.7
1166190 1012.7
1166200 1019.3
1166210 1025.2
1166220 1032.5
1166230 1032.5
1166240 1037.7
1166250 1041.3
1166260 1041.3
1166270 1044.6
1166280 1047.3
1166290 1047.3
1166300 1050.7
1166310 1057.2
1166320 1057.2
1166330 1065.3
1166340 1072.5
1166350 1072.5
1166360 1079.0
1166370 1085.1
1166380 1085.1
1177090 1091.2
1177100 1091.2
1177110 1090.3
1177120 1086.6
1177130 1086.6
1177140 1081.6
1177150 1076.4
1177160 1076.4
1177170 1072.7
1177180 1066.8
1177190 1066.8
1177200 1058.6
1177210 1053.1
1177220 1048.1
1177230 1048.1
1177240 1045.1
1177250 1053.8
1177260 1053.8
1177270 1058.0
1177280 1057.0
1177290 1057.0
1177300 1053.3
1177310 1050.8
1177320 1050.8
1177330 1049.3
1177340 1046.9
1177350 1046.9
1177360 1044.6
1177370 1041.9
1177380 1041.9
1177390 1038.9
1177400 1035.1
1177410 1035.1
1177420 1030.5
1177430 1025.7
1177440 1025.7
1177450 1018.6
1177460 1011.3
1177470 1011.3
1177480 1004.1
1177490 997.3
1177500 997.3
1177510 988.9
1177520 979.5
1177530 979.5
1177540 972.5
1177550 968.2
1177560 968.2
1177570 965.1
1177580 962.5
1177590 960.4
1177600 960.4
1177610 958.0
1177620 954.8
1177630 954.8
1177640 950.3
1177650 943.3
1177660 943.3
1177670 939.2
1177680 937.5
1177690 937.5
1177700 935.2
1177710 933.4
1177720 933.4
1177730 933.8
1177740 942.2
1177750 942.2
1177760 949.0
1177770 957.5
1177780 957.5
1177790 966.3
1177800 974.2
1177810 974.2
1177820 982.7
1177830 986.6
1177840 986.6
1177850 983.8
1177860 981.8
1177870 981.8
1177880 980.4
1177890 979.2
1177900 979.2
1177910 977.1
1177920 977.2
1177930 981.6
1177940 983.8
1177950 984.2
1177960 981.0
1177970 981.0
1177980 977.3
1177990 976.0
1178000 976.0
1178010 974.7
1178020 972.9
1178030 972.9
1178040 973.5
1178050 976.4
1178060 976.4
1178070 978.0
1178080 979.0
1178090 979.0
1178100 979.9
1178110 982.5
1178120 982.5
1178130 984.9
1178140 985.3
1178150 985.3
1178160 981.5
1178170 976.8
1178180 976.8
1178190 973.8
1178200 971.7
1178210 971.7
1178220 970.1
1178230 969.1
1178240 969.1
1178250 968.5
1178260 967.7
1178270 967.7
1178280 967.6
1178290 967.2
1178300 967.2
1178310 966.1
1178320 964.6
1178330 964.6
1178340 963.0
1178350 965.7
1178360 964.5
1178370 964.5
1178380 964.0
1178390 963.0
1178400 963.0
1178410 962.3
1178420 961.3
1178430 961.3
1178440 960.7
1178450 960.3
1178460 960.3
1178470 958.9
1178480 956.5
1178490 956.5
1178500 954.6
1178510 954.0
1178520 954.0
1178530 953.1
1178540 951.3
1178550 951.3
1178560 948.8
1178570 946.5
1178580 946.5
1178590 944.8
1178600 943.2
1178610 943.2
1178620 942.2
1178630 942.3
1178640 942.3
1178650 944.1
1178660 944.1
1178670 944.1
1178680 942.3
1178690 940.2
1178700 940.2
1178710 938.6
1178720 937.5
1178730 936.2
1178740 936.2
1178750 935.1
1178760 937.5
1178770 937.5
1178780 938.5
1178790 938.9
1178800 938.9
1178810 939.6
1178820 939.3
1178830 939.3
1178840 939.2
1178850 939.4
1178860 939.4
1178870 938.5
1178880 937.7
1178890 937.7
1178900 937.9
1178910 937.1
1178920 937.1
1178930 934.5
1178940 931.5
1178950 931.5
1178960 931.1
1178970 926.8
1178980 926.8
1178990 922.0
1179000 919.9
1179010 919.9
1179020 917.2
1179030 914.5
1179040 914.5
1179050 913.7
1179060 913.3
1179070 913.3
1179080 913.4
1179090 913.4
1179100 913.2
1179110 913.2
1179120 912.7
1179130 911.9
1179140 911.9
1179150 910.9
1179160 910.2
1179170 910.2
1179180 911.6
1179190 910.1
1179200 910.1
1179210 908.6
1179220 906.9
1179230 906.9
1179240 904.9
1179250 902.9
1179260 902.9
1179270 901.2
1179280 899.3
1179290 899.3
1179300 897.6
1179310 895.6
1179320 895.6
1179330 892.8
1179340 889.4
1179350 889.4
1179360 886.1
1179370 883.1
1179380 883.1
1179390 882.5
1179400 886.7
1179410 886.7
1179420 888.5
1179430 883.9
1179440 883.9
1179450 878.7
1179460 873.9
1179470 873.9
1179480 870.4
1179490 867.5
1179500 865.2
1179510 865.2
1179520 863.7
1179530 862.3
1179540 862.3
1179550 860.6
1179560 858.1
1179570 858.1
1179580 855.0
1179590 852.3
1179600 853.8
1179610 852.3
1179620 850.7
1179630 850.7
1179640 849.5
1179650 848.0
1179660 848.0
1179670 846.3
1179680 844.7
1179690 844.7
1179700 842.9
1179710 841.9
1179720 841.9
1179730 841.1
1179740 840.8
1179750 840.8
1179760 840.8
1179770 840.9
1179780 840.9
1179790 841.0
1179800 841.1
1179810 841.1
1179820 841.2
1179830 841.3
1179840 841.3
1179850 841.5
1179860 841.8
1179870 842.0
1179880 842.0
1179890 842.2
1179900 842.5
1179910 842.5
1179920 842.4
1179930 842.5
1179940 842.5
1179950 842.6
1179960 842.8
1179970 842.8
1179980 843.3
1179990 844.0
