1162630 1460.3
1162640 1459.0
1162650 1459.0
1162660 1454.9
1162670 1450.7
1162680 1450.7
1162690 1446.5
1162700 1442.1
1162710 1442.1
1162720 1437.7
1162730 1433.5
1162740 1433.5
1162750 1430.0
1162760 1426.0
1162770 1426.0
1162780 1421.9
1162790 1417.8
1162800 1413.3
1162810 1413.3
1162820 1408.7
1162830 1404.3
1162840 1404.3
1162850 1399.9
1162860 1395.3
1162870 1395.3
1162880 1390.4
1162890 1385.0
1162900 1385.0
1162910 1376.3
1162920 1372.2
1162930 1372.2
1162940 1365.1
1162950 1359.6
1162960 1359.6
1162970 1354.9
1162980 1348.9
1162990 1348.9
1163000 1342.6
1163010 1333.4
1163020 1333.4
1163030 1321.6
1163040 1306.6
1163050 1306.6
1163060 1300.0
1163070 1294.0
1163080 1294.0
1163090 1288.1
1163100 1283.6
1163110 1283.6
1163120 1279.9
1163130 1276.8
1163140 1276.8
1163150 1274.3
1163160 1272.0
1163170 1272.0
1163180 1269.7
1163190 1267.1
1163200 1264.3
1163210 1264.3
1163220 1260.2
1163230 1257.9
1163240 1257.9
1163250 1257.8
1163260 1255.1
1163270 1255.1
1163280 1251.9
1163290 1249.7
1163300 1249.7
1163310 1243.8
1163320 1243.0
1163330 1243.0
1163340 1241.3
1163350 1239.3
1163360 1239.3
1163370 1237.1
1163380 1235.8
1163390 1235.8
1163400 1234.1
1163410 1233.0
1163420 1233.0
1163430 1230.9
1163440 1228.3
1163450 1228.3
1163460 1226.4
1163470 1225.0
1163480 1225.0
1163490 1222.2
1163500 1219.1
1163510 1219.1
1163520 1218.3
1163530 1216.2
1163540 1216.2
1163550 1213.4
1163560 1211.5
1163570 1209.7
1163580 1209.7
1163590 1207.4
1163600 1206.1
1163610 1206.1
1163620 1204.2
1163630 1201.9
1163640 1201.9
1163650 1198.7
1163660 1196.2
1163670 1196.2
1163680 1195.3
1163690 1192.8
1163700 1189.7
1163710 1187.5
1163720 1184.1
1163730 1184.1
1163740 1180.4
1163750 1178.3
1163760 1178.3
1163770 1174.5
1163780 1175.8
1163790 1175.8
1163800 1175.6
1163810 1174.2
1163820 1174.2
1163830 1172.4
1163840 1169.9
1163850 1169.9
1163860 1167.1
1163870 1165.8
1163880 1165.8
1163890 1164.2
1163900 1162.4
1163910 1162.4
1163920 1159.2
1163930 1155.3
1163940 1154.7
1163950 1154.7
1163960 1153.0
1163970 1150.9
1163980 1150.9
1163990 1149.5
1164000 1148.0
1164010 1148.0
1164020 1146.0
1164030 1143.5
1164040 1143.5
1164050 1141.7
1164060 1140.0
1164070 1140.0
1164080 1138.3
1164090 1136.6
1164100 1134.0
1164110 1131.7
1164120 1129.8
1164130 1129.8
1164140 1128.1
1164150 1125.7
1164160 1125.7
1164170 1122.0
1164180 1117.9
1164190 1117.9
1164200 1114.9
1164210 1113.3
1164220 1113.3
1164230 1110.5
1164240 1106.9
1164250 1106.9
1164260 1102.9
1164270 1100.0
1164280 1100.0
1164290 1098.5
1164300 1096.6
1164310 1094.7
1164320 1094.7
1164330 1092.9
1164340 1090.7
1164350 1090.7
1164360 1088.4
1164370 1085.6
1164380 1085.6
1164390 1082.3
1164400 1078.4
1164410 1078.4
1164420 1073.1
1164430 1069.5
1164440 1069.5
1164450 1065.5
1164460 1060.9
1164470 1060.9
1164480 1055.7
1164490 1048.9
1164500 1042.0
1164510 1038.9
1164520 1038.3
1164530 1038.3
1164540 1039.7
1164550 1043.4
1164560 1043.4
1164570 1045.5
1164580 1047.9
1164590 1047.9
1164600 1053.0
1164610 1055.1
1164620 1055.1
1164630 1056.0
1164640 1057.5
1164650 1057.5
1164660 1059.5
1164670 1061.7
1164680 1061.7
1164690 1061.9
1164700 1060.6
1164710 1059.2
1164720 1059.2
1164730 1058.0
1164740 1057.0
1164750 1057.0
1164760 1056.2
1164770 1055.8
1164780 1055.8
1164790 1055.8
1164800 1055.8
1164810 1055.8
1164820 1055.8
1164830 1056.2
1164840 1056.2
1164850 1056.5
1164860 1056.3
1164870 1056.3
1164880 1051.5
1164890 1044.1
1164900 1042.3
1164910 1034.8
1164920 1027.8
1164930 1027.8
1164940 1017.8
1164950 1009.0
1164960 1009.0
1164970 1002.5
1164980 997.8
1164990 997.8
1165000 991.1
1165010 982.4
1165020 982.4
1165030 976.0
1165040 971.9
1165050 971.9
1165060 969.6
1165070 968.9
1165080 968.7
1165090 968.7
1165100 968.6
1165110 968.7
1165120 968.7
1165130 968.8
1165140 968.9
1165150 968.9
1165160 968.9
1165170 968.6
1165180 968.6
1165190 967.9
1165200 967.8
1165210 967.8
1165220 968.0
1165230 968.3
1165240 968.3
1165250 968.4
1165260 968.4
1165270 968.4
1165280 968.3
1165290 968.1
1165300 968.2
1165310 968.2
1165320 974.8
1165330 974.8
1165340 981.7
1165350 986.4
1165360 986.4
1165370 990.4
1165380 992.2
1165390 992.2
1165400 994.9
1165410 997.7
1165420 997.7
1165430 1000.3
1165440 1003.2
1165450 1006.4
1165460 1006.4
1165470 1008.8
1165480 1009.9
1165490 1009.9
1165500 1010.9
1165510 1013.0
1165520 1013.0
1165530 1015.7
1165540 1019.5
1165550 1019.5
1165560 1023.5
1165570 1028.0
1165580 1028.0
1165590 1030.7
1165600 1034.7
1165610 1034.7
1165620 1039.7
1165630 1044.5
1165640 1044.5
1165650 1047.7
1165660 1050.7
1165670 1050.7
1165680 1054.1
1165690 1057.5
1165700 1058.6
1165710 1062.6
1165720 1065.6
1165730 1065.6
1165740 1069.1
1165750 1072.2
1165760 1072.2
1165770 1074.4
1165780 1074.2
1165790 1074.2
1165800 1070.8
1165810 1066.8
1165820 1062.4
1165830 1062.4
1165840 1056.3
1165850 1050.4
1165860 1050.4
1165870 1044.0
1165880 1039.1
1165890 1039.1
1165900 1038.6
1165910 1040.6
1165920 1040.6
1165930 1046.8
1165940 1054.0
1165950 1054.0
1165960 1062.2
1165970 1070.4
1165980 1070.4
1165990 1075.5
1166000 1077.6
1166010 1077.6
1166020 1076.6
1166030 1075.2
1166040 1075.2
1166050 1077.3
1166060 1080.7
1166070 1080.7
1166080 1083.0
1166090 1082.2
1166100 1082.2
1166110 1090.9
1166120 1094.1
1166130 1094.1
1166140 1099.3
1166150 1106.0
1166160 1106.0
1166170 1109.8
1166180 1111.5
1166190 1111.5
1166200 1114.1
1166210 1115.5
1166220 1119.4
1166230 1119.4
1166240 1124.0
1166250 1128.1
1166260 1128.1
1166270 1132.4
1166280 1136.6
1166290 1136.6
1166300 1140.9
1166310 1145.9
1166320 1145.9
1166330 1151.2
1166340 1156.1
1166350 1156.1
1166360 1160.6
1166370 1164.6
1166380 1164.6
1166390 1168.3
1166400 1172.2
1166410 1172.2
1166420 1175.9
1166430 1181.1
1166440 1181.1
1166450 1187.1
1166460 1192.1
1166470 1192.1
1166480 1197.8
1166490 1203.5
1166500 1203.5
1166510 1211.4
1166520 1217.8
1166530 1217.8
1166540 1223.7
1166550 1229.0
1166560 1229.0
1166570 1232.8
1166580 1235.0
1166590 1236.1
1166600 1236.1
1166610 1235.1
1166620 1233.3
1166630 1233.3
1166640 1232.6
1166650 1232.6
1166660 1232.6
1166670 1232.5
1166680 1232.7
1166690 1232.7
1166700 1233.7
1166710 1233.9
1166720 1233.9
1166730 1234.4
1166740 1233.8
1166750 1233.8
1166760 1232.7
1166770 1232.0
1166780 1232.0
1166790 1232.4
1166800 1232.6
1166810 1232.6
1166820 1232.1
1166830 1233.0
1166840 1233.0
1166850 1234.4
1166860 1236.1
1166870 1236.1
1166880 1239.0
1166890 1241.9
1166900 1241.9
1166910 1245.6
1166920 1248.6
1166930 1248.6
1166940 1254.1
1166950 1257.5
1166960 1257.0
1166970 1257.0
1166980 1261.3
1166990 1267.3
1167000 1267.3
1167010 1271.5
1167020 1274.3
1167030 1274.3
1167040 1275.8
1167050 1274.1
1167060 1274.1
1167070 1275.0
1167080 1281.0
1167090 1281.0
1167100 1285.3
1167110 1288.7
1167120 1288.7
1167130 1290.2
1167140 1289.5
1167150 1289.5
1167160 1288.4
1167170 1288.0
1167180 1288.0
1167190 1285.8
1167200 1286.4
1167210 1286.4
1177190 1290.6
1177200 1290.6
1177210 1283.5
1177220 1276.4
1177230 1276.4
1177240 1269.5
1177250 1262.7
1177260 1262.7
1177270 1255.7
1177280 1249.0
1177290 1249.0
1177300 1242.6
1177310 1236.4
1177320 1236.4
1177330 1230.0
1177340 1223.9
1177350 1223.9
1177360 1217.6
1177370 1211.2
1177380 1211.2
1177390 1204.8
1177400 1198.3
1177410 1198.3
1177420 1190.6
1177430 1183.5
1177440 1183.5
1177450 1178.2
1177460 1169.5
1177470 1169.5
1177480 1166.2
1177490 1167.0
1177500 1170.6
1177510 1170.6
1177520 1170.6
1177530 1170.3
1177540 1170.3
1177550 1170.3
1177560 1178.1
1177570 1178.1
1177580 1176.8
1177590 1175.5
1177600 1175.5
1177610 1173.4
1177620 1170.1
1177630 1170.1
1177640 1166.3
1177650 1163.7
1177660 1163.7
1177670 1160.7
1177680 1158.0
1177690 1158.0
1177700 1155.0
1177710 1151.8
1177720 1151.8
1177730 1146.9
1177740 1142.5
1177750 1142.5
1177760 1139.7
1177770 1125.1
1177780 1125.1
1177790 1108.7
1177800 1102.0
1177810 1102.0
1177820 1114.0
1177830 1129.3
1177840 1129.3
1177850 1133.1
1177860 1131.4
1177870 1129.5
1177880 1129.5
1177890 1125.8
1177900 1122.2
1177910 1122.2
1177920 1118.7
1177930 1124.9
1177940 1124.9
1177950 1130.5
1177960 1129.0
1177970 1129.0
1177980 1125.1
1177990 1122.4
1178000 1122.4
1178010 1123.0
1178020 1128.0
1178030 1128.0
1178040 1129.3
1178050 1132.0
1178060 1132.0
1178070 1135.6
1178080 1141.9
1178090 1141.9
1178100 1147.7
1178110 1151.7
1178120 1151.7
1178130 1154.3
1178140 1161.8
1178150 1161.8
1178160 1169.1
1178170 1174.9
1178180 1174.9
1178190 1180.7
1178200 1186.5
1178210 1186.5
1178220 1192.4
1178230 1198.5
1178240 1204.4
1178250 1204.4
1178260 1210.4
1178270 1216.9
1178280 1216.9
1178290 1224.3
1178300 1231.5
1178310 1231.5
1178320 1238.3
1178330 1245.1
1178340 1245.1
1178350 1252.2
1178360 1259.1
1178370 1259.1
1178380 1265.6
1178390 1271.6
1178400 1272.7
1178410 1277.7
1178420 1282.5
1178430 1282.5
1178440 1287.2
1178450 1291.3
1178460 1291.3
1178470 1294.9
1178480 1298.6
1178490 1298.6
1178500 1301.9
1178510 1304.7
1178520 1304.7
1178530 1306.8
1178540 1308.3
1178550 1308.3
1178560 1309.4
1178570 1309.5
1178580 1309.5
1178590 1308.7
1178600 1307.3
1178610 1307.3
1178620 1305.1
1178630 1301.1
1178640 1296.0
1178650 1296.0
1178660 1290.7
1178670 1286.6
1178680 1286.6
1178690 1284.7
1178700 1282.2
1178710 1282.2
1178720 1280.7
1178730 1280.2
1178740 1280.2
1178750 1278.7
1178760 1276.0
1178770 1276.0
1178780 1275.8
1178790 1276.5
1178800 1276.5
1178810 1276.2
1178820 1280.0
1178830 1280.0
1178840 1278.6
1178850 1277.8
1178860 1277.8
1178870 1277.3
1178880 1276.8
1178890 1276.8
1178900 1276.5
1178910 1276.4
1178920 1276.4
1178930 1276.8
1178940 1276.9
1178950 1276.9
1178960 1276.6
1178970 1275.6
1178980 1275.6
1178990 1274.5
1179000 1273.5
1179010 1272.5
1179020 1272.5
1179030 1271.6
1179040 1270.6
1179050 1270.6
1179060 1268.9
1179070 1266.7
1179080 1266.7
1179090 1264.7
1179100 1262.5
1179110 1262.5
1179120 1259.8
1179130 1255.9
1179140 1255.9
1179150 1251.5
1179160 1246.9
1179170 1246.9
1179180 1242.5
1179190 1238.4
1179200 1238.4
1179210 1233.0
1179220 1228.1
1179230 1228.1
1179240 1224.5
1179250 1221.1
1179260 1221.1
1179270 1218.4
1179280 1216.6
1179290 1216.6
1179300 1212.4
1179310 1208.4
1179320 1208.4
1179330 1205.8
1179340 1201.8
1179350 1201.8
1179360 1196.1
1179370 1192.2
1179380 1189.3
1179390 1189.3
1179400 1186.6
1179410 1183.5
1179420 1183.5
1179430 1180.1
1179440 1176.8
1179450 1176.8
1179460 1173.8
1179470 1170.1
1179480 1170.1
1179490 1165.9
1179500 1162.1
1179510 1162.1
1179520 1159.7
1179530 1156.7
1179540 1156.7
1179550 1153.5
1179560 1150.4
1179570 1150.4
1179580 1148.3
1179590 1146.4
1179600 1146.4
1179610 1143.6
1179620 1139.7
1179630 1139.7
1179640 1135.1
1179650 1122.8
1179660 1122.8
1179670 1115.1
1179680 1112.2
1179690 1112.2
1179700 1110.5
1179710 1107.4
1179720 1107.4
1179730 1102.4
1179740 1097.7
1179750 1092.9
1179760 1092.9
1179770 1086.9
1179780 1080.8
1179790 1080.8
1179800 1073.5
1179810 1068.6
1179820 1068.6
1179830 1064.9
1179840 1061.1
1179850 1061.1
1179860 1056.9
1179870 1051.1
1179880 1051.1
1179890 1038.7
1179900 1024.4
1179910 1024.4
1179920 1010.1
1179930 1001.1
1179940 1001.1
1179950 993.6
1179960 989.1
1179970 989.1
1179980 987.3
1179990 986.4
