1162290 1026.3
1162300 1027.1
1162310 1027.1
1162320 1028.8
1162330 1031.4
1162340 1031.4
1162350 1033.6
1162360 1035.9
1162370 1035.9
1162380 1038.0
1162390 1040.3
1162400 1040.3
1162410 1042.7
1162420 1044.2
1162430 1044.2
1162440 1044.6
1162450 1046.1
1162460 1046.1
1162470 1048.6
1162480 1050.8
1162490 1051.9
1162500 1056.6
1162510 1061.1
1162520 1061.1
1162530 1065.4
1162540 1069.4
1162550 1069.4
1162560 1073.2
1162570 1077.2
1162580 1077.2
1162590 1081.1
1162600 1084.8
1162610 1088.7
1162620 1088.7
1162630 1092.0
1162640 1095.1
1162650 1095.1
1162660 1098.6
1162670 1103.4
1162680 1103.4
1162690 1109.0
1162700 1114.6
1162710 1114.6
1162720 1118.8
1162730 1122.3
1162740 1122.3
1162750 1126.2
1162760 1130.0
1162770 1130.0
1162780 1133.3
1162790 1135.9
1162800 1135.9
1162810 1139.4
1162820 1142.8
1162830 1142.8
1162840 1146.4
1162850 1150.2
1162860 1150.2
1162870 1156.3
1162880 1162.5
1162890 1167.1
1162900 1174.2
1162910 1180.4
1162920 1180.4
1162930 1186.2
1162940 1191.3
1162950 1191.3
1162960 1195.2
1162970 1196.9
1162980 1196.9
1162990 1197.2
1163000 1195.2
1163010 1191.9
1163020 1191.9
1163030 1190.5
1163040 1191.1
1163050 1191.1
1163060 1192.4
1163070 1194.0
1163080 1194.0
1163090 1195.6
1163100 1197.2
1163110 1197.2
1163120 1198.9
1163130 1200.8
1163140 1200.8
1163150 1202.8
1163160 1204.8
1163170 1204.8
1163180 1206.7
1163190 1208.9
1163200 1208.9
1163210 1211.3
1163220 1213.8
1163230 1213.8
1163240 1216.0
1163250 1218.2
1163260 1218.2
1163270 1220.6
1163280 1223.1
1163290 1224.2
1163300 1228.6
1163310 1231.5
1163320 1231.5
1163330 1234.3
1163340 1237.1
1163350 1237.1
1163360 1240.1
1163370 1242.8
1163380 1244.6
1163390 1244.6
1163400 1246.6
1163410 1248.1
1163420 1248.1
1163430 1249.7
1163440 1251.3
1163450 1251.3
1163460 1254.6
1163470 1258.7
1163480 1258.7
1163490 1262.7
1163500 1267.9
1163510 1267.9
1163520 1272.4
1163530 1277.3
1163540 1277.3
1163550 1282.3
1163560 1288.2
1163570 1288.2
1163580 1293.4
1163590 1300.7
1163600 1300.7
1163610 1307.1
1163620 1311.5
1163630 1311.5
1163640 1314.0
1163650 1315.6
1163660 1315.6
1163670 1317.7
1163680 1320.2
1163690 1323.3
1163700 1326.2
1163710 1329.6
1163720 1329.6
1163730 1333.4
1163740 1336.7
1163750 1336.7
1163760 1338.1
1163770 1341.4
1163780 1346.8
1163790 1346.8
1163800 1351.6
1163810 1356.3
1163820 1356.3
1163830 1358.9
1163840 1362.1
1163850 1362.1
1163860 1365.6
1163870 1370.1
1163880 1370.1
1163890 1374.7
1163900 1379.2
1163910 1379.2
1163920 1383.9
1163930 1388.7
1163940 1388.7
1163950 1391.9
1163960 1392.9
1163970 1392.9
1163980 1393.6
1163990 1395.0
1164000 1395.0
1164010 1397.2
1164020 1399.7
1164030 1399.7
1164040 1402.0
1164050 1403.8
1164060 1403.8
1164070 1404.9
1164080 1406.0
1164090 1408.4
1164100 1409.2
1164110 1410.4
1164120 1410.4
1164130 1411.1
1164140 1411.5
1164150 1412.1
1164160 1412.1
1164170 1413.6
1164180 1414.3
1164190 1414.3
1164200 1414.9
1164210 1415.8
1164220 1415.8
1164230 1416.6
1164240 1416.9
1164250 1416.9
1164260 1416.8
1164270 1417.2
1164280 1417.2
1164290 1417.3
1164300 1416.9
1164310 1416.9
1164320 1415.1
1164330 1411.7
1164340 1411.7
1164350 1407.8
1164360 1402.8
1164370 1402.8
1164380 1397.3
1164390 1393.1
1164400 1393.1
1164410 1388.1
1164420 1383.3
1164430 1383.3
1164440 1381.1
1164450 1380.0
1164460 1380.0
1164470 1378.9
1164480 1376.5
1164490 1379.8
1164500 1377.1
1164510 1374.0
1164520 1371.2
1164530 1371.2
1164540 1368.1
1164550 1363.4
1164560 1363.4
1164570 1358.4
1164580 1353.7
1164590 1353.7
1164600 1349.5
1164610 1345.4
1164620 1345.4
1164630 1341.6
1164640 1338.0
1164650 1338.0
1164660 1335.5
1164670 1331.6
1164680 1331.6
1164690 1324.8
1164700 1317.8
1164710 1317.8
1164720 1311.3
1164730 1304.9
1164740 1304.9
1164750 1299.6
1164760 1293.8
1164770 1293.8
1164780 1286.9
1164790 1280.3
1164800 1280.3
1164810 1274.5
1164820 1267.5
1164830 1267.5
1164840 1259.8
1164850 1253.6
1164860 1253.6
1164870 1248.2
1164880 1243.3
1164890 1245.5
1164900 1240.7
1164910 1236.6
1164920 1232.9
1164930 1232.9
1164940 1228.7
1164950 1223.9
1164960 1223.9
1164970 1219.8
1164980 1216.6
1164990 1216.6
1165000 1213.9
1165010 1209.0
1165020 1209.0
1165030 1203.5
1165040 1198.3
1165050 1198.3
1165060 1193.2
1165070 1188.5
1165080 1188.5
1165090 1183.7
1165100 1181.7
1165110 1181.7
1165120 1180.7
1165130 1177.3
1165140 1177.3
1165150 1172.1
1165160 1166.0
1165170 1166.0
1165180 1161.2
1165190 1156.5
1165200 1156.5
1165210 1152.4
1165220 1147.2
1165230 1147.2
1165240 1140.8
1165250 1137.0
1165260 1137.0
1165270 1135.9
1165280 1132.2
1165290 1127.0
1165300 1127.0
1165310 1122.4
1165320 1119.2
1165330 1119.2
1165340 1116.5
1165350 1113.4
1165360 1113.4
1165370 1112.0
1165380 1111.2
1165390 1111.2
1165400 1107.6
1165410 1104.4
1165420 1104.4
1165430 1102.9
1165440 1100.4
1165450 1100.4
1165460 1095.4
1165470 1090.8
1165480 1090.8
1177690 853.7
1177700 853.2
1177710 853.2
1177720 852.9
1177730 852.8
1177740 852.8
1177750 852.6
1177760 852.2
1177770 852.2
1177780 852.1
1177790 852.0
1177800 852.0
1177810 851.9
1177820 851.9
1177830 851.9
1177840 851.8
1177850 851.6
1177860 851.6
1177870 851.4
1177880 851.3
1177890 851.3
1177900 851.1
1177910 850.9
1177920 850.7
1177930 850.7
1177940 850.5
1177950 850.5
1177960 850.5
1177970 851.0
1177980 850.9
1177990 850.9
1178000 850.8
1178010 850.7
1178020 850.7
1178030 850.6
1178040 850.5
1178050 850.5
1178060 850.4
1178070 850.4
1178080 850.4
1178090 850.6
1178100 850.8
1178110 850.8
1178120 850.8
1178130 850.4
1178140 850.4
1178150 850.4
1178160 850.0
1178170 850.0
1178180 849.5
1178190 849.1
1178200 849.1
1178210 849.0
1178220 849.2
1178230 849.2
1178240 849.6
1178250 849.6
1178260 849.6
1178270 849.1
1178280 848.5
1178290 848.5
1178300 848.2
1178310 847.9
1178320 847.7
1178330 847.7
1178340 847.3
1178350 846.8
1178360 846.8
1178370 846.2
1178380 846.5
1178390 846.5
1178400 846.6
1178410 846.5
1178420 846.5
1178430 846.2
1178440 845.8
1178450 845.8
1178460 845.7
1178470 845.6
1178480 845.6
1178490 845.3
1178500 845.3
1178510 845.3
1178520 845.0
1178530 844.6
1178540 844.6
1178550 844.3
1178560 844.0
1178570 844.0
1178580 843.7
1178590 843.5
1178600 843.5
1178610 843.2
1178620 843.2
1178630 843.2
1178640 842.7
1178650 842.5
1178660 842.5
1178670 842.8
1178680 842.3
1178690 841.9
1178700 841.9
1178710 841.7
1178720 841.5
1178730 841.5
1178740 841.1
1178750 840.9
1178760 840.9
1178770 840.8
1178780 840.8
1178790 840.8
1178800 840.7
1178810 840.7
1178820 840.7
1178830 840.7
1178840 840.6
1178850 840.6
1178860 840.5
1178870 839.8
1178880 839.8
1178890 838.3
1178900 838.0
1178910 838.0
1178920 838.3
1178930 839.5
1178940 839.5
1178950 839.2
1178960 839.6
1178970 839.6
1178980 839.6
1178990 838.3
1179000 838.3
1179010 837.8
1179020 837.3
1179030 837.3
1179040 836.8
1179050 836.3
1179060 836.3
1179070 835.9
1179080 835.6
1179090 834.8
1179100 834.8
1179110 834.3
1179120 834.0
1179130 834.0
1179140 833.8
1179150 833.2
1179160 833.2
1179170 832.9
1179180 832.6
1179190 832.6
1179200 832.4
1179210 832.4
1179220 832.4
1179230 832.4
1179240 832.3
1179250 832.3
1179260 832.0
1179270 832.0
1179280 832.0
1179290 831.9
1179300 831.9
1179310 831.9
1179320 831.7
1179330 831.4
1179340 831.4
1179350 831.4
1179360 831.7
1179370 831.7
1179380 831.8
1179390 831.7
1179400 831.7
1179410 831.5
1179420 831.6
1179430 831.6
1179440 831.7
1179450 831.7
1179460 831.6
1179470 831.6
1179480 831.5
1179490 831.4
1179500 831.4
1179510 831.3
1179520 831.2
1179530 831.2
1179540 831.2
1179550 831.1
1179560 831.1
1179570 831.3
1179580 831.5
1179590 831.5
1179600 831.4
1179610 831.2
1179620 831.2
1179630 831.3
1179640 831.3
1179650 831.3
1179660 831.3
1179670 831.3
1179680 831.3
1179690 831.3
1179700 831.3
1179710 831.3
1179720 831.3
1179730 831.5
1179740 831.5
1179750 831.0
1179760 829.7
1179770 829.7
1179780 828.8
1179790 828.7
1179800 828.7
1179810 828.8
1179820 828.9
1179830 829.0
1179840 829.0
1179850 829.1
1179860 828.9
1179870 828.9
1179880 828.9
1179890 830.4
1179900 830.4
1179910 830.9
1179920 830.9
1179930 830.9
1179940 830.7
1179950 830.4
1179960 830.4
1179970 830.0
1179980 829.5
1179990 829.5
