1160740 1067.0
1160750 1065.1
1160760 1065.1
1160770 1062.4
1160780 1059.2
1160790 1055.4
1160800 1055.4
1160810 1051.7
1160820 1048.0
1160830 1048.0
1160840 1045.2
1160850 1042.7
1160860 1042.7
1160870 1039.5
1160880 1038.4
1160890 1038.4
1160900 1036.5
1160910 1033.6
1160920 1033.6
1160930 1030.4
1160940 1027.7
1160950 1030.1
1160960 1027.8
1160970 1024.1
1160980 1024.1
1160990 1024.9
1161000 1026.2
1161010 1026.2
1161020 1026.7
1161030 1026.7
1161040 1026.7
1161050 1025.6
1161060 1023.0
1161070 1023.0
1161080 1020.1
1161090 1017.7
1161100 1017.7
1161110 1015.4
1161120 1013.5
1161130 1013.5
1161140 1012.0
1161150 1011.0
1161160 1008.9
1161170 1008.9
1161180 1007.3
1161190 1006.9
1161200 1006.9
1161210 1006.6
1161220 1006.5
1161230 1006.5
1161240 1004.7
1161250 1001.3
1161260 1001.3
1161270 998.3
1161280 997.0
1161290 997.0
1161300 996.0
1161310 994.8
1161320 994.8
1161330 993.6
1161340 994.1
1161350 994.1
1161360 988.2
1161370 985.2
1161380 985.2
1161390 985.2
1161400 984.9
1161410 984.9
1161420 984.4
1161430 983.9
1161440 983.9
1161450 983.5
1161460 982.9
1161470 982.9
1161480 981.6
1161490 981.0
1161500 981.0
1161510 980.9
1161520 980.9
1161530 980.9
1161540 980.9
1161550 981.2
1161560 980.3
1161570 980.3
1161580 978.6
1161590 976.6
1161600 976.6
1161610 975.7
1161620 974.7
1161630 974.7
1161640 973.1
1161650 971.7
1161660 971.7
1161670 973.0
1161680 976.0
1161690 976.0
1161700 976.7
1161710 977.4
1161720 977.4
1161730 978.3
1161740 982.9
1161750 982.9
1161760 982.5
1161770 982.1
1161780 982.1
1161790 982.4
1161800 983.6
1161810 983.6
1161820 985.4
1161830 987.7
1161840 987.7
1161850 987.9
1161860 988.7
1161870 988.7
1161880 990.4
1161890 991.2
1161900 991.2
1161910 991.5
1161920 992.6
1161930 994.3
1161940 994.3
1161950 995.8
1161960 997.3
1161970 997.3
1161980 998.8
1161990 1000.6
1162000 1000.6
1162010 1002.8
1162020 1005.2
1162030 1005.2
1162040 1008.6
1162050 1012.8
1162060 1012.8
1162070 1016.3
1162080 1020.0
1162090 1020.0
1162100 1023.4
1162110 1027.1
1162120 1027.1
1162130 1029.0
1162140 1031.9
1162150 1031.9
1162160 1034.9
1162170 1037.5
1162180 1037.5
1162190 1039.4
1162200 1041.7
1162210 1041.7
1162220 1043.3
1162230 1044.7
1162240 1044.7
1162250 1046.8
1162260 1049.2
1162270 1049.2
1162280 1052.3
1162290 1055.1
1162300 1055.1
1162310 1057.2
1162320 1058.8
1162330 1060.6
1162340 1060.6
1162350 1062.8
1162360 1065.3
1162370 1065.3
1162380 1067.9
1162390 1070.7
1162400 1070.7
1162410 1073.5
1162420 1075.7
1162430 1075.7
1162440 1077.7
1162450 1079.9
1162460 1079.9
1162470 1081.7
1162480 1082.9
1162490 1082.9
1162500 1084.6
1162510 1086.7
1162520 1086.7
1162530 1084.5
1162540 1086.7
1162550 1086.7
1162560 1088.5
1162570 1090.7
1162580 1090.7
1162590 1093.3
1162600 1095.6
1162610 1095.6
1162620 1097.3
1162630 1099.4
1162640 1099.4
1162650 1102.0
1162660 1104.6
1162670 1104.6
1162680 1107.5
1162690 1110.3
1162700 1110.3
1162710 1112.9
1162720 1115.3
1162730 1117.6
1162740 1117.6
1162750 1119.3
1162760 1120.7
1162770 1120.7
1162780 1122.2
1162790 1124.0
1162800 1124.0
1162810 1125.6
1162820 1127.1
1162830 1127.1
1162840 1128.7
1162850 1130.0
1162860 1130.0
1162870 1131.1
1162880 1132.1
1162890 1132.1
1162900 1133.0
1162910 1133.8
1162920 1133.8
1162930 1131.9
1162940 1132.0
1162950 1132.0
1162960 1132.4
1162970 1132.7
1162980 1132.7
1162990 1133.1
1163000 1133.6
1163010 1133.6
1163020 1134.3
1163030 1135.7
1163040 1135.7
1163050 1137.3
1163060 1138.5
1163070 1138.5
1163080 1139.8
1163090 1141.4
1163100 1143.5
1163110 1143.5
1163120 1146.0
1163130 1148.1
1163140 1148.1
1163150 1150.3
1163160 1152.5
1163170 1152.5
1163180 1155.0
1163190 1157.5
1163200 1157.5
1163210 1160.1
1163220 1162.6
1163230 1162.6
1163240 1164.8
1163250 1166.5
1163260 1166.5
1163270 1168.3
1163280 1170.2
1163290 1170.2
1163300 1172.4
1163310 1174.4
1163320 1174.4
1163330 1176.0
1163340 1177.9
1163350 1177.9
1163360 1179.8
1163370 1181.8
1163380 1181.8
1163390 1183.7
1163400 1184.8
1163410 1184.8
1163420 1185.0
1163430 1184.7
1163440 1184.7
1163450 1184.2
1163460 1183.6
1163470 1183.6
1163480 1183.0
1163490 1182.4
1163500 1181.9
1163510 1181.9
1163520 1181.5
1163530 1180.9
1163540 1180.9
1163550 1180.0
1163560 1179.4
1163570 1179.4
1163580 1178.4
1163590 1177.2
1163600 1177.2
1163610 1175.8
1163620 1174.5
1163630 1174.5
1163640 1171.9
1163650 1172.7
1163660 1172.7
1163670 1173.7
1163680 1173.6
1163690 1173.6
1163700 1173.6
1163710 1171.2
1163720 1171.2
1163730 1170.3
1163740 1171.5
1163750 1171.5
1163760 1173.8
1163770 1174.2
1163780 1174.2
1163790 1174.1
1163800 1173.7
1163810 1173.7
1163820 1172.8
1163830 1170.9
1163840 1170.9
1163850 1169.7
1163860 1173.6
1163870 1174.3
1163880 1174.3
1163890 1174.0
1163900 1172.7
1163910 1172.7
1163920 1171.3
1163930 1170.4
1163940 1170.4
1163950 1169.7
1163960 1170.9
1163970 1170.9
1163980 1171.9
1163990 1173.5
1164000 1173.5
1164010 1174.4
1164020 1174.8
1164030 1174.8
1164040 1175.1
1164050 1175.1
1164060 1175.1
1164070 1175.0
1164080 1175.3
1164090 1175.3
1164100 1176.2
1164110 1176.8
1164120 1176.8
1164130 1176.1
1164140 1171.9
1164150 1171.9
1164160 1176.1
1164170 1179.7
1164180 1179.7
1164190 1180.4
1164200 1180.9
1164210 1180.9
1164220 1181.2
1164230 1181.4
1164240 1181.4
1164250 1181.6
1164260 1181.3
1164270 1180.5
1164280 1180.5
1164290 1179.5
1164300 1177.8
1164310 1177.8
1164320 1176.7
1164330 1175.7
1164340 1175.7
1164350 1174.5
1164360 1173.1
1164370 1173.1
1164380 1171.6
1164390 1170.1
1164400 1170.1
1164410 1168.8
1164420 1167.6
1164430 1167.6
1164440 1167.3
1164450 1167.1
1164460 1167.1
1164470 1167.1
1164480 1166.8
1164490 1166.8
1164500 1166.1
1164510 1165.6
1164520 1165.6
1164530 1166.7
1164540 1166.0
1164550 1166.0
1164560 1165.9
1164570 1166.2
1164580 1166.2
1164590 1166.3
1164600 1164.8
1164610 1164.8
1164620 1163.2
1164630 1165.0
1164640 1165.0
1164650 1164.9
1164660 1164.0
1164670 1163.0
1164680 1163.0
1164690 1161.8
1164700 1161.0
1164710 1161.0
1164720 1158.6
1164730 1159.8
1164740 1159.8
1164750 1160.7
1164760 1159.6
1164770 1159.6
1164780 1158.6
1164790 1157.4
1164800 1157.4
1164810 1155.5
1164820 1155.5
1164830 1155.5
1164840 1153.7
1164850 1151.3
1164860 1151.3
1164870 1149.4
1164880 1147.8
1164890 1147.8
1164900 1146.0
1164910 1144.3
1164920 1144.3
1164930 1143.5
1164940 1141.0
1164950 1141.0
1164960 1138.2
1164970 1135.4
1164980 1135.4
1164990 1133.8
1165000 1132.9
1165010 1132.9
1165020 1132.0
1165030 1131.3
1165040 1130.7
1165050 1130.7
1165060 1129.9
1165070 1129.1
1165080 1129.1
1165090 1128.2
1165100 1127.2
1165110 1127.2
1165120 1126.0
1165130 1124.3
1165140 1124.3
1165150 1123.0
1165160 1121.6
1165170 1121.6
1165180 1119.7
1165190 1118.0
1165200 1118.0
1165210 1116.0
1165220 1117.9
1165230 1117.9
1165240 1118.1
1165250 1117.0
1165260 1117.0
1165270 1115.9
1165280 1114.4
1165290 1114.4
1165300 1113.4
1165310 1114.3
1165320 1114.3
1165330 1116.2
1165340 1115.7
1165350 1115.7
1165360 1114.8
1165370 1113.9
1165380 1113.9
1165390 1112.9
1165400 1111.6
1165410 1111.6
1165420 1109.8
1165430 1107.9
1165440 1106.4
1165450 1106.4
1165460 1105.1
1165470 1103.4
1165480 1103.4
1165490 1102.2
1165500 1101.0
1165510 1101.0
1165520 1098.7
1165530 1094.8
1165540 1094.8
1165550 1092.5
1165560 1090.2
1165570 1090.2
1165580 1087.0
1165590 1083.0
1165600 1083.0
1165610 1079.9
1165620 1077.3
1165630 1077.3
1165640 1075.7
1165650 1074.2
1165660 1074.2
1165670 1072.0
1165680 1069.8
1165690 1069.8
1165700 1067.4
1165710 1065.3
1165720 1065.3
1165730 1065.6
1165740 1064.0
1165750 1064.0
1165760 1063.0
1165770 1062.4
1165780 1062.4
1165790 1061.0
1165800 1060.4
1165810 1060.0
1165820 1060.0
1165830 1059.3
1165840 1058.3
1165850 1058.3
1165860 1057.6
1165870 1056.7
1165880 1056.7
1165890 1055.5
1165900 1053.8
1165910 1053.8
1165920 1051.0
1165930 1048.8
1165940 1048.8
1165950 1047.1
1165960 1044.9
1165970 1044.9
1165980 1042.3
1165990 1039.4
1166000 1039.4
1166010 1034.4
1166020 1030.6
1166030 1030.6
1166040 1026.6
1166050 1022.5
1166060 1022.5
1166070 1018.6
1166080 1015.3
1166090 1015.3
1166100 1012.2
1166110 1009.7
1166120 1009.7
1166130 1006.1
1166140 1004.2
1166150 1004.2
1166160 1002.1
1166170 1000.2
1166180 1000.2
1166190 998.1
1166200 995.7
1166210 993.6
1166220 993.6
1166230 991.4
1166240 989.4
1166250 989.4
1166260 987.3
1166270 986.0
1166280 986.0
1166290 985.3
1166300 984.1
1166310 984.1
1166320 983.0
1166330 982.7
1166340 982.7
1166350 982.8
1166360 983.2
1166370 983.2
1166380 983.6
1166390 984.0
1166400 984.0
1166410 984.5
1166420 984.8
1166430 984.8
1166440 985.0
1166450 985.2
1166460 985.2
1166470 985.4
1166480 985.5
1166490 985.5
1178730 1071.5
1178740 1072.7
1178750 1072.7
1178760 1073.1
1178770 1071.2
1178780 1071.2
1178790 1067.7
1178800 1064.7
1178810 1064.7
1178820 1062.9
1178830 1062.2
1178840 1053.5
1178850 1053.0
1178860 1054.9
1178870 1054.9
1178880 1056.7
1178890 1059.2
1178900 1059.2
1178910 1067.0
1178920 1072.6
1178930 1072.6
1178940 1073.7
1178950 1078.0
1178960 1085.4
1178970 1085.4
1178980 1089.5
1178990 1084.0
1179000 1084.0
1179010 1080.4
1179020 1079.2
1179030 1079.2
1179040 1077.7
1179050 1070.6
1179060 1070.6
1179070 1064.8
1179080 1060.9
1179090 1060.9
1179100 1058.3
1179110 1055.0
1179120 1055.0
1179130 1052.0
1179140 1046.2
1179150 1046.2
1179160 1043.2
1179170 1042.1
1179180 1042.1
1179190 1041.9
1179200 1039.9
1179210 1039.9
1179220 1038.6
1179230 1038.6
1179240 1038.6
1179250 1037.7
1179260 1030.0
1179270 1030.0
1179280 1028.9
1179290 1027.1
1179300 1027.1
1179310 1024.7
1179320 1022.2
1179330 1022.2
1179340 1018.8
1179350 1014.9
1179360 1012.2
1179370 1012.2
1179380 1011.3
1179390 1011.8
1179400 1011.8
1179410 1012.9
1179420 1013.8
1179430 1013.8
1179440 1010.8
1179450 1006.0
1179460 1006.0
1179470 1005.0
1179480 1003.9
1179490 1003.9
1179500 1005.8
1179510 1004.0
1179520 1004.0
1179530 1004.6
1179540 1007.8
1179550 1007.8
1179560 1013.8
1179570 1020.6
1179580 1020.6
1179590 1025.8
1179600 1028.5
1179610 1028.5
1179620 1032.2
1179630 1036.4
1179640 1036.4
1179650 1040.2
1179660 1043.4
1179670 1043.4
1179680 1043.7
1179690 1046.1
1179700 1046.1
1179710 1047.8
1179720 1049.6
1179730 1054.0
1179740 1054.0
1179750 1059.5
1179760 1067.5
1179770 1067.5
1179780 1078.7
1179790 1086.2
1179800 1086.2
1179810 1092.0
1179820 1097.7
1179830 1097.7
1179840 1103.7
1179850 1109.6
1179860 1109.6
1179870 1115.3
1179880 1120.4
1179890 1120.4
1179900 1125.0
1179910 1129.7
1179920 1129.7
1179930 1136.7
1179940 1145.7
1179950 1145.7
1179960 1152.9
1179970 1162.1
1179980 1162.1
1179990 1169.3
