1160400 980.5
1160410 980.5
1160420 980.3
1160430 979.3
1160440 979.3
1160450 978.3
1160460 978.3
1160470 978.3
1160480 977.1
1160490 975.5
1160500 975.5
1160510 974.2
1160520 973.0
1160530 973.0
1160540 972.2
1160550 971.9
1160560 971.9
1160570 971.6
1160580 971.0
1160590 971.0
1160600 969.0
1160610 967.2
1160620 967.2
1160630 966.1
1160640 965.3
1160650 965.3
1160660 964.5
1160670 964.2
1160680 964.2
1160690 964.2
1160700 964.3
1160710 964.3
1160720 964.3
1160730 963.9
1160740 963.9
1160750 964.0
1160760 963.9
1160770 963.4
1160780 963.4
1160790 962.6
1160800 962.6
1160810 962.6
1160820 962.4
1160830 962.2
1160840 962.2
1160850 962.0
1160860 961.9
1160870 961.9
1160880 962.0
1160890 962.0
1160900 962.0
1160910 962.2
1160920 962.8
1160930 962.8
1160940 963.6
1160950 963.5
1160960 963.5
1160970 963.3
1160980 962.8
1160990 962.8
1161000 961.9
1161010 960.8
1161020 960.8
1161030 960.1
1161040 960.4
1161050 960.4
1161060 961.0
1161070 961.2
1161080 961.2
1161090 960.8
1161100 959.9
1161110 959.9
1161120 959.0
1161130 958.2
1161140 958.2
1161150 957.8
1161160 957.6
1161170 957.7
1161180 960.0
1161190 960.3
1161200 961.9
1161210 961.9
1161220 963.7
1161230 965.2
1161240 965.2
1161250 971.0
1161260 974.2
1161270 974.2
1161280 975.5
1161290 975.6
1161300 975.6
1161310 974.5
1161320 971.3
1161330 971.3
1161340 966.6
1161350 962.1
1161360 962.1
1161370 958.6
1161380 955.1
1161390 955.1
1161400 949.3
1161410 949.2
1161420 949.2
1161430 954.2
1161440 963.4
1161450 963.4
1161460 970.2
1161470 974.7
1161480 974.7
1161490 979.1
1161500 983.3
1161510 983.3
1161520 986.9
1161530 989.3
1161540 991.8
1161550 991.8
1161560 995.3
1161570 998.5
1161580 995.0
1161590 998.0
1161600 1000.9
1161610 1000.9
1161620 1003.1
1161630 1005.2
1161640 1005.2
1161650 1007.2
1161660 1009.0
1161670 1009.0
1161680 1010.9
1161690 1012.7
1161700 1012.7
1161710 1014.3
1161720 1016.0
1161730 1016.0
1161740 1017.8
1161750 1019.4
1161760 1019.4
1161770 1020.6
1161780 1021.7
1161790 1021.7
1161800 1022.9
1161810 1024.4
1161820 1024.4
1161830 1026.2
1161840 1028.1
1161850 1028.1
1161860 1030.1
1161870 1032.1
1161880 1032.1
1161890 1034.1
1161900 1035.8
1161910 1035.8
1161920 1037.2
1161930 1038.3
1161940 1039.5
1161950 1039.5
1161960 1040.9
1161970 1042.3
1161980 1041.1
1161990 1042.5
1162000 1043.9
1162010 1043.9
1162020 1045.3
1162030 1046.6
1162040 1046.6
1162050 1047.7
1162060 1048.4
1162070 1048.4
1162080 1048.7
1162090 1048.4
1162100 1048.4
1162110 1047.5
1162120 1046.9
1162130 1046.9
1162140 1046.3
1162150 1045.4
1162160 1045.4
1162170 1043.8
1162180 1041.6
1162190 1041.6
1162200 1040.2
1162210 1039.6
1162220 1039.6
1162230 1038.5
1162240 1037.1
1162250 1037.1
1162260 1036.1
1162270 1035.9
1162280 1035.9
1162290 1036.7
1162300 1037.9
1162310 1037.9
1162320 1039.0
1162330 1040.0
1162340 1041.5
1162350 1041.5
1162360 1043.4
1162370 1045.9
1162380 1045.9
1162390 1048.5
1162400 1051.9
1162410 1051.9
1162420 1055.1
1162430 1058.2
1162440 1058.2
1162450 1060.9
1162460 1063.6
1162470 1063.6
1162480 1066.4
1162490 1068.9
1162500 1068.9
1162510 1071.2
1162520 1073.3
1162530 1073.3
1162540 1074.8
1162550 1075.9
1162560 1075.9
1162570 1077.2
1162580 1078.9
1162590 1078.9
1162600 1079.6
1162610 1078.5
1162620 1078.5
1162630 1076.7
1162640 1075.0
1162650 1075.0
1162660 1073.6
1162670 1072.7
1162680 1072.7
1162690 1071.9
1162700 1071.6
1162710 1071.0
1162720 1071.0
1162730 1070.2
1162740 1069.9
1162750 1069.9
1162760 1069.4
1162770 1071.4
1162780 1071.4
1162790 1071.0
1162800 1069.6
1162810 1069.6
1162820 1065.9
1162830 1062.2
1162840 1062.2
1162850 1059.8
1162860 1058.0
1162870 1058.0
1162880 1056.1
1162890 1055.8
1162900 1055.8
1162910 1056.6
1162920 1056.8
1162930 1056.8
1162940 1056.7
1162950 1055.8
1162960 1055.8
1162970 1054.4
1162980 1054.6
1162990 1054.6
1163000 1054.7
1163010 1055.0
1163020 1055.0
1163030 1056.1
1163040 1056.5
1163050 1056.5
1163060 1057.1
1163070 1057.9
1163080 1057.9
1163090 1058.6
1163100 1059.6
1163110 1060.3
1163120 1060.3
1163130 1061.0
1163140 1062.2
1163150 1062.2
1163160 1063.9
1163170 1064.3
1163180 1064.3
1163190 1065.6
1163200 1067.2
1163210 1067.2
1163220 1069.3
1163230 1071.5
1163240 1071.5
1163250 1073.2
1163260 1074.8
1163270 1074.8
1163280 1076.9
1163290 1078.7
1163300 1078.7
1163310 1079.9
1163320 1081.1
1163330 1081.1
1163340 1082.2
1163350 1083.0
1163360 1083.0
1163370 1084.5
1163380 1086.4
1163390 1086.4
1163400 1088.8
1163410 1090.4
1163420 1090.4
1163430 1091.7
1163440 1093.1
1163450 1093.1
1163460 1094.4
1163470 1094.4
1163480 1094.4
1163490 1093.0
1163500 1096.2
1163510 1100.2
1163520 1100.2
1163530 1102.5
1163540 1104.2
1163550 1104.2
1163560 1105.3
1163570 1104.7
1163580 1104.7
1163590 1104.8
1163600 1104.8
1163610 1104.8
1163620 1105.3
1163630 1106.6
1163640 1106.6
1163650 1108.5
1163660 1110.3
1163670 1110.3
1163680 1111.9
1163690 1113.2
1163700 1113.2
1163710 1114.3
1163720 1115.1
1163730 1115.1
1163740 1116.1
1163750 1117.8
1163760 1117.8
1163770 1119.8
1163780 1122.0
1163790 1122.0
1163800 1123.8
1163810 1125.3
1163820 1125.3
1163830 1126.8
1163840 1128.0
1163850 1128.0
1163860 1129.3
1163870 1130.6
1163880 1131.8
1163890 1131.8
1163900 1132.7
1163910 1133.4
1163920 1133.4
1163930 1133.7
1163940 1133.9
1163950 1133.9
1163960 1134.0
1163970 1131.9
1163980 1131.9
1163990 1132.1
1164000 1132.5
1164010 1132.5
1164020 1132.8
1164030 1133.3
1164040 1133.3
1164050 1133.9
1164060 1134.1
1164070 1134.1
1164080 1135.5
1164090 1135.1
1164100 1135.1
1164110 1135.3
1164120 1136.3
1164130 1136.3
1164140 1136.2
1164150 1136.4
1164160 1136.4
1164170 1136.6
1164180 1137.3
1164190 1137.3
1164200 1137.8
1164210 1138.1
1164220 1138.1
1164230 1138.4
1164240 1138.5
1164250 1138.5
1164260 1138.6
1164270 1139.3
1164280 1140.6
1164290 1140.6
1164300 1142.0
1164310 1143.2
1164320 1143.2
1164330 1144.2
1164340 1144.9
1164350 1144.9
1164360 1145.4
1164370 1143.7
1164380 1143.7
1164390 1144.5
1164400 1145.4
1164410 1145.4
1164420 1146.2
1164430 1146.4
1164440 1146.4
1164450 1146.3
1164460 1146.1
1164470 1146.1
1164480 1145.7
1164490 1145.9
1164500 1145.9
1164510 1146.0
1164520 1146.0
1164530 1146.0
1164540 1146.0
1164550 1145.5
1164560 1145.5
1164570 1145.4
1164580 1145.3
1164590 1145.3
1164600 1145.5
1164610 1145.9
1164620 1145.9
1164630 1146.4
1164640 1146.9
1164650 1146.9
1164660 1147.4
1164670 1147.9
1164680 1147.5
1164690 1147.5
1164700 1148.0
1164710 1148.8
1164720 1148.8
1164730 1148.7
1164740 1147.8
1164750 1147.8
1164760 1147.1
1164770 1144.4
1164780 1144.4
1164790 1144.2
1164800 1143.9
1164810 1143.9
1164820 1143.3
1164830 1142.1
1164840 1142.1
1164850 1142.2
1164860 1142.4
1164870 1142.4
1164880 1141.9
1164890 1141.3
1164900 1141.3
1164910 1143.2
1164920 1144.1
1164930 1144.1
1164940 1144.5
1164950 1144.2
1164960 1144.2
1164970 1143.8
1164980 1144.5
1164990 1144.5
1165000 1144.5
1165010 1144.0
1165020 1144.0
1165030 1143.3
1165040 1143.1
1165050 1143.1
1165060 1142.3
1165070 1142.2
1165080 1141.7
1165090 1141.7
1165100 1141.1
1165110 1141.2
1165120 1141.2
1165130 1141.4
1165140 1141.2
1165150 1141.2
1165160 1140.7
1165170 1138.7
1165180 1138.7
1165190 1138.4
1165200 1138.5
1165210 1138.5
1165220 1138.3
1165230 1138.7
1165240 1138.7
1165250 1137.6
1165260 1138.8
1165270 1138.8
1165280 1138.7
1165290 1138.8
1165300 1138.8
1165310 1139.3
1165320 1139.9
1165330 1139.9
1165340 1140.3
1165350 1140.7
1165360 1140.7
1165370 1141.0
1165380 1141.3
1165390 1141.3
1165400 1141.6
1165410 1141.9
1165420 1141.9
1165430 1142.1
1165440 1142.4
1165450 1142.6
1165460 1142.6
1165470 1142.8
1165480 1142.9
1165490 1142.9
1165500 1142.9
1165510 1142.8
1165520 1142.8
1165530 1142.6
1165540 1142.3
1165550 1142.3
1165560 1142.1
1165570 1140.8
1165580 1140.8
1165590 1141.1
1165600 1141.1
1165610 1141.1
1165620 1140.2
1165630 1138.6
1165640 1138.6
1165650 1136.8
1165660 1133.4
1165670 1133.4
1165680 1129.3
1165690 1124.0
1165700 1124.0
1165710 1117.7
1165720 1110.7
1165730 1110.7
1165740 1103.8
1165750 1097.5
1165760 1097.5
1165770 1091.5
1165780 1084.6
1165790 1084.6
1165800 1078.3
1165810 1079.3
1165820 1079.3
1165830 1088.1
1165840 1096.5
1165850 1101.1
1165860 1101.1
1165870 1104.6
1165880 1110.1
1165890 1110.1
1165900 1115.8
1165910 1119.6
1165920 1119.6
1165930 1124.3
1165940 1128.1
1165950 1128.1
1165960 1131.1
1165970 1130.3
1165980 1130.3
1165990 1135.3
1166000 1139.8
1166010 1139.8
1166020 1143.9
1166030 1146.4
1166040 1146.4
1166050 1147.2
1166060 1146.6
1166070 1146.6
1166080 1146.1
1166090 1145.7
1166100 1145.7
1166110 1145.5
1166120 1144.8
1166130 1144.8
1166140 1144.0
1166150 1142.9
1166160 1142.9
1166170 1141.6
1166180 1140.0
1166190 1140.0
1166200 1138.6
1166210 1137.3
1166220 1137.3
1166230 1136.2
1166240 1135.9
1166250 1135.8
1166260 1135.8
1166270 1135.1
1166280 1133.8
1166290 1133.8
1166300 1131.8
1166310 1129.4
1166320 1129.4
1166330 1126.7
1166340 1123.9
1166350 1123.9
1166360 1120.4
1166370 1113.7
1166380 1113.7
1166390 1110.5
1166400 1107.8
1166410 1107.8
1166420 1105.7
1166430 1104.0
1166440 1104.0
1166450 1102.7
1166460 1101.3
1166470 1101.3
1166480 1099.7
1166490 1098.4
1166500 1098.4
1166510 1097.2
1166520 1096.3
1166530 1096.3
1179320 1016.3
1179330 1015.1
1179340 1015.1
1179350 1014.6
1179360 1014.1
1179370 1014.1
1179380 1013.2
1179390 1012.5
1179400 1012.5
1179410 1011.7
1179420 1010.9
1179430 1010.9
1179440 1009.5
1179450 1007.7
1179460 1007.7
1179470 1005.6
1179480 1004.8
1179490 1005.3
1179500 1005.3
1179510 1005.2
1179520 1007.1
1179530 1007.1
1179540 1006.3
1179550 1004.3
1179560 1004.3
1179570 1001.8
1179580 1001.3
1179590 1001.3
1179600 1001.3
1179610 1001.1
1179620 1001.1
1179630 1000.8
1179640 999.7
1179650 999.7
1179660 998.7
1179670 997.5
1179680 997.5
1179690 994.4
1179700 992.9
1179710 992.9
1179720 992.2
1179730 991.1
1179740 991.1
1179750 989.3
1179760 989.0
1179770 989.0
1179780 990.1
1179790 989.7
1179800 989.7
1179810 988.3
1179820 986.7
1179830 986.7
1179840 984.7
1179850 983.3
1179860 983.3
1179870 983.8
1179880 983.3
1179890 983.0
1179900 983.0
1179910 982.2
1179920 979.7
1179930 979.7
1179940 977.5
1179950 974.4
1179960 974.4
1179970 972.1
1179980 973.3
1179990 973.3
