1160140 941.1
1160150 939.5
1160160 939.5
1160170 938.2
1160180 937.2
1160190 937.2
1160200 936.5
1160210 935.4
1160220 935.4
1160230 934.6
1160240 934.0
1160250 934.0
1160260 933.7
1160270 933.5
1160280 933.5
1160290 933.5
1160300 934.9
1160310 934.9
1160320 936.0
1160330 934.3
1160340 934.3
1160350 932.5
1160360 933.6
1160370 933.6
1160380 933.9
1160390 933.9
1160400 933.9
1160410 933.8
1160420 933.9
1160430 933.9
1160440 934.3
1160450 934.4
1160460 934.4
1160470 934.6
1160480 934.9
1160490 934.9
1160500 934.8
1160510 933.9
1160520 933.9
1160530 935.1
1160540 935.3
1160550 935.3
1160560 935.3
1160570 935.3
1160580 935.5
1160590 935.5
1160600 935.6
1160610 935.7
1160620 935.7
1160630 935.4
1160640 935.2
1160650 935.2
1160660 935.0
1160670 935.0
1160680 935.0
1160690 935.1
1160700 935.2
1160710 935.2
1160720 935.3
1160730 935.3
1160740 935.3
1160750 935.4
1160760 935.4
1160770 935.4
1160780 935.6
1160790 935.7
1160800 935.7
1160810 936.0
1160820 936.1
1160830 936.1
1160840 937.1
1160850 937.1
1160860 937.1
1160870 937.0
1160880 936.8
1160890 936.8
1160900 936.7
1160910 936.9
1160920 936.9
1160930 937.6
1160940 938.6
1160950 938.8
1160960 938.8
1160970 939.3
1160980 939.2
1160990 939.2
1161000 939.6
1161010 940.1
1161020 940.1
1161030 940.7
1161040 941.7
1161050 941.7
1161060 942.5
1161070 942.9
1161080 942.9
1161090 942.4
1161100 942.5
1161110 942.5
1161120 943.8
1161130 943.4
1161140 943.4
1161150 945.7
1161160 947.5
1161170 947.5
1161180 948.8
1161190 951.2
1161200 951.2
1161210 953.4
1161220 955.0
1161230 955.0
1161240 957.0
1161250 958.8
1161260 958.8
1161270 960.8
1161280 963.0
1161290 963.0
1161300 965.1
1161310 967.0
1161320 967.0
1161330 968.4
1161340 969.5
1161350 971.1
1161360 971.1
1161370 972.5
1161380 973.9
1161390 973.9
1161400 975.1
1161410 976.3
1161420 976.3
1161430 977.5
1161440 978.7
1161450 978.7
1161460 979.8
1161470 981.0
1161480 981.0
1161490 982.1
1161500 982.8
1161510 982.8
1161520 983.8
1161530 984.7
1161540 984.7
1161550 985.5
1161560 986.3
1161570 986.3
1161580 987.3
1161590 987.9
1161600 987.9
1161610 988.2
1161620 988.4
1161630 989.1
1161640 989.2
1161650 989.5
1161660 989.5
1161670 990.4
1161680 992.2
1161690 992.2
1161700 994.2
1161710 996.0
1161720 996.0
1161730 997.4
1161740 998.6
1161750 999.4
1161760 999.4
1161770 999.9
1161780 999.9
1161790 999.9
1161800 999.5
1161810 998.6
1161820 998.6
1161830 997.9
1161840 997.6
1161850 997.6
1161860 997.9
1161870 999.0
1161880 999.0
1161890 999.9
1161900 1000.3
1161910 1000.3
1161920 1000.5
1161930 999.9
1161940 999.9
1161950 999.1
1161960 999.1
1161970 999.1
1161980 998.7
1161990 997.5
1162000 997.5
1162010 997.7
1162020 998.3
1162030 999.8
1162040 1000.0
1162050 1000.3
1162060 1000.3
1162070 998.7
1162080 994.0
1162090 994.0
1162100 993.1
1162110 1000.6
1162120 1003.5
1162130 1003.5
1162140 1005.2
1162150 1006.8
1162160 1006.8
1162170 1008.3
1162180 1010.3
1162190 1010.3
1162200 1012.4
1162210 1014.5
1162220 1014.5
1162230 1016.6
1162240 1018.6
1162250 1018.6
1162260 1020.5
1162270 1022.2
1162280 1022.2
1162290 1023.8
1162300 1025.6
1162310 1025.6
1162320 1027.7
1162330 1030.2
1162340 1030.2
1162350 1032.4
1162360 1034.5
1162370 1034.5
1162380 1036.6
1162390 1038.4
1162400 1038.4
1162410 1040.2
1162420 1041.9
1162430 1039.4
1162440 1040.6
1162450 1041.4
1162460 1041.4
1162470 1042.1
1162480 1043.0
1162490 1043.0
1162500 1043.5
1162510 1045.1
1162520 1046.2
1162530 1046.2
1162540 1046.4
1162550 1045.7
1162560 1045.7
1162570 1046.6
1162580 1049.5
1162590 1049.5
1162600 1050.8
1162610 1052.5
1162620 1052.5
1162630 1054.0
1162640 1054.8
1162650 1054.8
1162660 1056.7
1162670 1059.1
1162680 1059.1
1162690 1060.8
1162700 1062.5
1162710 1062.5
1162720 1064.0
1162730 1065.7
1162740 1065.7
1162750 1067.3
1162760 1068.7
1162770 1068.7
1162780 1070.0
1162790 1071.5
1162800 1071.5
1162810 1073.0
1162820 1074.2
1162830 1072.6
1162840 1073.9
1162850 1075.4
1162860 1075.4
1162870 1077.2
1162880 1079.0
1162890 1079.0
1162900 1081.2
1162910 1083.6
1162920 1085.8
1162930 1085.8
1162940 1088.6
1162950 1090.8
1162960 1090.8
1162970 1092.6
1162980 1094.0
1162990 1094.0
1163000 1095.3
1163010 1095.5
1163020 1095.5
1163030 1094.0
1163040 1097.4
1163050 1097.4
1163060 1101.0
1163070 1103.0
1163080 1103.0
1163090 1103.1
1163100 1102.3
1163110 1102.3
1163120 1103.6
1163130 1106.2
1163140 1106.2
1163150 1108.5
1163160 1110.8
1163170 1110.8
1163180 1113.2
1163190 1116.0
1163200 1116.0
1163210 1118.8
1163220 1121.6
1163230 1121.6
1163240 1124.4
1163250 1127.2
1163260 1127.2
1163270 1130.1
1163280 1132.9
1163290 1132.9
1163300 1135.4
1163310 1138.2
1163320 1141.0
1163330 1141.0
1163340 1143.5
1163350 1145.7
1163360 1145.7
1163370 1147.7
1163380 1149.8
1163390 1149.8
1163400 1152.4
1163410 1155.5
1163420 1155.5
1163430 1158.1
1163440 1160.4
1163450 1160.4
1163460 1162.8
1163470 1165.3
1163480 1165.3
1163490 1168.6
1163500 1171.7
1163510 1171.7
1163520 1174.6
1163530 1175.9
1163540 1175.9
1163550 1176.3
1163560 1179.5
1163570 1179.5
1163580 1185.4
1163590 1190.3
1163600 1190.3
1163610 1194.7
1163620 1198.8
1163630 1198.8
1163640 1202.0
1163650 1205.2
1163660 1205.2
1163670 1208.4
1163680 1212.5
1163690 1212.5
1163700 1216.9
1163710 1220.7
1163720 1223.9
1163730 1223.9
1163740 1228.0
1163750 1232.6
1163760 1232.6
1163770 1236.2
1163780 1238.7
1163790 1238.7
1163800 1241.4
1163810 1243.9
1163820 1243.9
1163830 1245.9
1163840 1247.8
1163850 1247.8
1163860 1248.8
1163870 1251.2
1163880 1251.2
1163890 1252.9
1163900 1254.4
1163910 1254.4
1163920 1256.8
1163930 1259.2
1163940 1259.2
1163950 1261.2
1163960 1263.1
1163970 1263.1
1163980 1265.0
1163990 1266.8
1164000 1266.8
1164010 1268.7
1164020 1267.4
1164030 1267.4
1164040 1269.0
1164050 1270.5
1164060 1270.5
1164070 1271.6
1164080 1272.3
1164090 1272.7
1164100 1272.7
1164110 1273.3
1164120 1274.1
1164130 1274.1
1164140 1274.9
1164150 1275.7
1164160 1275.7
1164170 1276.3
1164180 1277.4
1164190 1277.4
1164200 1278.9
1164210 1279.6
1164220 1279.6
1164230 1281.5
1164240 1283.1
1164250 1283.1
1164260 1284.6
1164270 1285.8
1164280 1285.8
1164290 1287.0
1164300 1288.5
1164310 1288.5
1164320 1289.9
1164330 1291.0
1164340 1291.0
1164350 1292.1
1164360 1293.1
1164370 1293.1
1164380 1293.7
1164390 1294.4
1164400 1294.4
1164410 1295.2
1164420 1292.7
1164430 1292.7
1164440 1293.8
1164450 1294.8
1164460 1294.8
1164470 1296.1
1164480 1297.5
1164490 1298.2
1164500 1298.2
1164510 1299.6
1164520 1300.8
1164530 1300.8
1164540 1302.1
1164550 1303.4
1164560 1303.4
1164570 1304.7
1164580 1305.9
1164590 1305.9
1164600 1306.8
1164610 1307.1
1164620 1307.1
1164630 1307.4
1164640 1308.0
1164650 1308.0
1164660 1308.7
1164670 1309.3
1164680 1309.3
1164690 1309.8
1164700 1310.4
1164710 1310.4
1164720 1310.8
1164730 1311.2
1164740 1311.2
1164750 1311.6
1164760 1311.9
1164770 1311.9
1164780 1312.0
1164790 1312.0
1164800 1312.0
1164810 1312.1
1164820 1308.4
1164830 1308.4
1164840 1308.3
1164850 1308.2
1164860 1308.2
1164870 1307.9
1164880 1307.4
1164890 1307.0
1164900 1307.0
1164910 1306.6
1164920 1305.9
1164930 1305.9
1164940 1305.1
1164950 1304.5
1164960 1304.5
1164970 1303.8
1164980 1303.3
1164990 1303.3
1165000 1302.8
1165010 1302.3
1165020 1302.3
1165030 1301.5
1165040 1300.6
1165050 1300.6
1165060 1299.7
1165070 1298.8
1165080 1298.8
1165090 1297.9
1165100 1296.4
1165110 1296.4
1165120 1293.6
1165130 1289.5
1165140 1289.5
1165150 1283.5
1165160 1276.6
1165170 1276.6
1165180 1269.4
1165190 1262.6
1165200 1262.6
1165210 1255.4
1165220 1247.6
1165230 1247.6
1165240 1241.6
1165250 1236.1
1165260 1236.1
1165270 1231.7
1165280 1228.9
1165290 1225.9
1165300 1225.9
1165310 1222.6
1165320 1219.8
1165330 1219.8
1165340 1217.2
1165350 1214.9
1165360 1214.9
1165370 1212.0
1165380 1207.9
1165390 1207.9
1165400 1205.1
1165410 1202.9
1165420 1202.9
1165430 1201.1
1165440 1198.8
1165450 1198.8
1165460 1195.9
1165470 1192.0
1165480 1192.0
1165490 1187.6
1165500 1183.5
1165510 1183.5
1165520 1179.6
1165530 1179.6
1165540 1179.6
1165550 1182.4
1165560 1184.6
1165570 1184.6
1165580 1184.5
1165590 1185.6
1165600 1185.6
1165610 1184.5
1165620 1181.1
1165630 1181.1
1165640 1182.6
1165650 1184.3
1165660 1184.3
1165670 1184.6
1165680 1186.0
1165690 1190.0
1165700 1190.0
1165710 1192.4
1165720 1195.4
1165730 1195.4
1165740 1198.7
1165750 1202.6
1165760 1202.6
1165770 1205.9
1165780 1209.0
1165790 1209.0
1165800 1212.6
1165810 1216.3
1165820 1216.3
1165830 1220.6
1165840 1224.2
1165850 1224.2
1165860 1227.8
1165870 1230.9
1165880 1230.9
1165890 1233.5
1165900 1235.7
1165910 1235.7
1165920 1237.3
1165930 1239.2
1165940 1239.2
1165950 1241.2
1165960 1242.6
1165970 1242.6
1165980 1243.7
1165990 1244.8
1166000 1244.8
1166010 1246.0
1166020 1247.5
1166030 1243.8
1166040 1244.1
1166050 1244.1
1166060 1243.9
1166070 1243.9
1166080 1243.8
1166090 1243.5
1166100 1243.5
1166110 1244.2
1166120 1245.0
1166130 1245.0
1166140 1245.5
1166150 1246.8
1166160 1246.8
1166170 1247.4
1166180 1247.6
1166190 1247.6
1166200 1247.6
1166210 1247.9
1166220 1247.9
1166230 1248.2
1166240 1248.3
1166250 1248.3
1166260 1248.3
1166270 1248.6
1166280 1248.6
1166290 1248.8
1166300 1248.9
1166310 1248.9
1166320 1249.1
1166330 1249.4
1166340 1249.4
1166350 1249.7
1166360 1249.8
1166370 1249.8
1166380 1250.0
1166390 1250.0
1166400 1250.0
1166410 1249.9
1166420 1248.4
1166430 1244.0
1166440 1241.1
1166450 1242.6
1166460 1244.9
1166470 1244.9
1166480 1243.5
1166490 1247.4
1166500 1247.4
1166510 1250.6
1166520 1252.8
1166530 1252.8
1166540 1254.5
1166550 1256.0
1166560 1256.0
1166570 1257.2
1166580 1258.0
1166590 1258.0
1166600 1258.6
1166610 1258.9
1166620 1258.9
1166630 1259.1
1166640 1258.9
1166650 1258.9
1166660 1258.2
1166670 1256.5
1166680 1256.5
1166690 1254.3
1166700 1252.3
1166710 1252.3
1166720 1250.3
1166730 1248.6
1166740 1248.6
1166750 1247.2
1166760 1245.3
1166770 1245.3
1166780 1244.0
1166790 1244.4
1166800 1244.4
1166810 1243.7
1166820 1243.0
1166830 1238.2
1166840 1237.3
1166850 1236.0
1166860 1233.8
1166870 1233.8
1166880 1231.0
1166890 1229.4
1166900 1229.4
1166910 1227.3
1166920 1222.8
1166930 1222.8
1166940 1225.9
1166950 1227.0
1166960 1227.0
1166970 1226.8
1166980 1226.1
1166990 1226.1
1167000 1225.3
1167010 1224.5
1167020 1224.5
1167030 1223.8
1167040 1223.0
1167050 1223.0
1167060 1222.0
1167070 1220.9
1167080 1220.9
