1160160 945.6
1160170 945.6
1160180 945.0
1160190 943.9
1160200 943.9
1160210 943.3
1160220 942.7
1160230 942.7
1160240 942.1
1160250 941.9
1160260 941.3
1160270 941.3
1160280 940.7
1160290 940.5
1160300 940.5
1160310 940.4
1160320 940.1
1160330 940.1
1160340 939.8
1160350 939.4
1160360 939.4
1160370 938.9
1160380 938.4
1160390 938.4
1160400 937.9
1160410 937.6
1160420 937.6
1160430 937.2
1160440 936.9
1160450 936.9
1160460 936.7
1160470 937.2
1160480 937.2
1160490 938.1
1160500 938.5
1160510 938.5
1160520 938.2
1160530 937.4
1160540 939.4
1160550 939.3
1160560 938.9
1160570 938.9
1160580 938.3
1160590 937.7
1160600 937.7
1160610 937.3
1160620 937.2
1160630 937.1
1160640 937.1
1160650 937.0
1160660 937.3
1160670 937.3
1160680 937.5
1160690 937.8
1160700 937.8
1160710 938.0
1160720 938.2
1160730 938.2
1160740 938.6
1160750 938.9
1160760 938.9
1160770 939.2
1160780 939.4
1160790 939.4
1160800 939.8
1160810 940.9
1160820 940.9
1160830 943.3
1160840 945.5
1160850 945.5
1160860 947.1
1160870 948.4
1160880 948.4
1160890 950.2
1160900 952.7
1160910 952.7
1160920 954.5
1160930 957.2
1160940 957.2
1160950 957.9
1160960 957.7
1160970 957.7
1160980 957.0
1160990 956.2
1161000 956.2
1161010 950.7
1161020 941.7
1161030 939.8
1161040 939.8
1161050 941.0
1161060 942.3
1161070 942.3
1161080 944.9
1161090 948.9
1161100 948.9
1161110 952.7
1161120 955.6
1161130 955.6
1161140 957.2
1161150 957.9
1161160 957.9
1161170 958.6
1161180 959.5
1161190 959.5
1161200 960.4
1161210 961.2
1161220 961.2
1161230 961.6
1161240 962.5
1161250 962.5
1161260 963.4
1161270 964.3
1161280 964.3
1161290 966.0
1161300 967.1
1161310 967.1
1161320 967.9
1161330 968.1
1161340 968.1
1161350 969.5
1161360 972.4
1161370 972.4
1161380 974.7
1161390 976.8
1161400 976.8
1161410 979.3
1161420 979.8
1161430 981.0
1161440 981.0
1161450 982.9
1161460 984.6
1161470 984.6
1161480 985.2
1161490 985.6
1161500 985.6
1161510 986.3
1161520 987.5
1161530 987.5
1161540 988.6
1161550 989.1
1161560 989.1
1161570 990.2
1161580 992.4
1161590 992.4
1161600 993.1
1161610 993.4
1161620 993.4
1161630 993.9
1161640 994.6
1161650 994.6
1161660 995.4
1161670 996.7
1161680 996.7
1161690 998.1
1161700 999.1
1161710 999.1
1161720 999.5
1161730 998.9
1161740 998.9
1161750 999.2
1161760 1000.5
1161770 1000.5
1161780 1003.3
1161790 1006.8
1161800 1006.8
1161810 1010.7
1161820 1014.0
1161830 1017.1
1161840 1017.1
1161850 1019.6
1161860 1021.2
1161870 1021.2
1161880 1022.1
1161890 1022.0
1161900 1022.0
1161910 1021.4
1161920 1020.9
1161930 1020.9
1161940 1019.8
1161950 1018.8
1161960 1018.8
1161970 1018.1
1161980 1017.3
1161990 1017.3
1162000 1017.1
1162010 1017.2
1162020 1017.2
1162030 1016.7
1162040 1015.3
1162050 1015.3
1162060 1013.4
1162070 1012.0
1162080 1012.0
1162090 1011.6
1162100 1011.4
1162110 1011.4
1162120 1011.9
1162130 1011.0
1162140 1011.0
1162150 1010.5
1162160 1009.9
1162170 1009.9
1162180 1010.5
1162190 1010.8
1162200 1011.3
1162210 1011.3
1162220 1012.2
1162230 1014.5
1162240 1014.5
1162250 1016.9
1162260 1018.5
1162270 1018.5
1162280 1020.2
1162290 1021.5
1162300 1021.5
1162310 1021.7
1162320 1021.3
1162330 1021.3
1162340 1021.4
1162350 1021.8
1162360 1021.8
1162370 1022.3
1162380 1022.6
1162390 1022.6
1162400 1022.9
1162410 1022.7
1162420 1022.7
1162430 1022.8
1162440 1024.0
1162450 1024.0
1162460 1025.8
1162470 1028.5
1162480 1028.5
1162490 1030.9
1162500 1031.8
1162510 1031.8
1162520 1029.6
1162530 1030.9
1162540 1030.9
1162550 1031.7
1162560 1032.0
1162570 1032.0
1162580 1031.3
1162590 1030.5
1162600 1031.2
1162610 1031.2
1162620 1032.5
1162630 1033.9
1162640 1033.9
1162650 1035.6
1162660 1037.3
1162670 1037.3
1162680 1038.7
1162690 1040.0
1162700 1040.0
1162710 1041.3
1162720 1042.7
1162730 1042.7
1162740 1043.2
1162750 1044.9
1162760 1044.9
1162770 1046.5
1162780 1047.4
1162790 1047.4
1162800 1048.7
1162810 1050.5
1162820 1050.5
1162830 1052.4
1162840 1054.6
1162850 1054.6
1162860 1056.1
1162870 1056.4
1162880 1056.4
1162890 1057.7
1162900 1060.2
1162910 1060.2
1162920 1065.3
1162930 1067.1
1162940 1067.1
1162950 1070.7
1162960 1074.4
1162970 1074.4
1162980 1077.3
1162990 1080.4
1163000 1083.4
1163010 1083.4
1163020 1085.3
1163030 1087.0
1163040 1087.0
1163050 1088.6
1163060 1090.6
1163070 1090.6
1163080 1092.7
1163090 1094.1
1163100 1094.1
1163110 1096.0
1163120 1097.1
1163130 1097.1
1163140 1098.7
1163150 1101.7
1163160 1101.7
1163170 1105.5
1163180 1109.0
1163190 1109.0
1163200 1112.2
1163210 1115.4
1163220 1115.4
1163230 1119.2
1163240 1122.8
1163250 1122.8
1163260 1127.8
1163270 1132.0
1163280 1132.0
1163290 1136.9
1163300 1141.7
1163310 1141.7
1163320 1146.9
1163330 1151.7
1163340 1151.7
1163350 1156.1
1163360 1160.6
1163370 1160.6
1163380 1164.0
1163390 1166.7
1163400 1169.2
1163410 1169.2
1163420 1171.9
1163430 1175.2
1163440 1175.2
1163450 1178.3
1163460 1181.3
1163470 1181.3
1163480 1184.6
1163490 1187.4
1163500 1187.4
1163510 1190.1
1163520 1192.7
1163530 1192.7
1163540 1195.5
1163550 1198.3
1163560 1198.3
1163570 1201.5
1163580 1205.1
1163590 1205.1
1163600 1208.9
1163610 1213.0
1163620 1213.0
1163630 1216.1
1163640 1218.2
1163650 1218.2
1163660 1219.5
1163670 1220.7
1163680 1220.7
1163690 1222.4
1163700 1224.9
1163710 1224.9
1163720 1226.4
1163730 1229.2
1163740 1229.2
1163750 1231.7
1163760 1233.3
1163770 1233.3
1163780 1234.1
1163790 1235.0
1163800 1236.4
1163810 1236.4
1163820 1237.8
1163830 1238.8
1163840 1238.8
1163850 1239.3
1163860 1239.4
1163870 1239.4
1163880 1239.9
1163890 1240.5
1163900 1240.5
1163910 1241.3
1163920 1242.2
1163930 1242.2
1163940 1242.9
1163950 1243.6
1163960 1243.6
1163970 1244.1
1163980 1244.5
1163990 1244.5
1164000 1244.8
1164010 1245.4
1164020 1245.4
1164030 1246.2
1164040 1247.1
1164050 1247.1
1164060 1248.0
1164070 1248.5
1164080 1248.5
1164090 1249.1
1164100 1249.8
1164110 1247.6
1164120 1248.3
1164130 1248.8
1164140 1248.8
1164150 1249.0
1164160 1249.2
1164170 1250.4
1164180 1250.4
1164190 1250.9
1164200 1252.1
1164210 1252.1
1164220 1253.2
1164230 1254.2
1164240 1254.2
1164250 1255.0
1164260 1256.0
1164270 1256.0
1164280 1257.1
1164290 1258.2
1164300 1258.2
1164310 1259.2
1164320 1260.3
1164330 1260.3
1164340 1261.4
1164350 1262.4
1164360 1262.4
1164370 1263.0
1164380 1263.4
1164390 1263.4
1164400 1264.2
1164410 1265.2
1164420 1265.2
1164430 1266.4
1164440 1267.5
1164450 1267.5
1164460 1268.6
1164470 1270.1
1164480 1270.1
1164490 1271.6
1164500 1272.9
1164510 1270.5
1164520 1271.9
1164530 1273.6
1164540 1273.6
1164550 1274.9
1164560 1276.0
1164570 1276.8
1164580 1276.8
1164590 1277.2
1164600 1277.4
1164610 1277.4
1164620 1277.4
1164630 1277.4
1164640 1277.4
1164650 1277.3
1164660 1276.8
1164670 1276.8
1164680 1275.9
1164690 1275.1
1164700 1275.1
1164710 1274.6
1164720 1274.4
1164730 1274.4
1164740 1274.0
1164750 1273.6
1164760 1273.6
1164770 1273.7
1164780 1273.6
1164790 1273.6
1164800 1273.1
1164810 1272.2
1164820 1272.2
1164830 1270.9
1164840 1270.9
1164850 1270.9
1164860 1270.5
1164870 1270.3
1164880 1270.3
1164890 1269.8
1164900 1269.4
1164910 1265.3
1164920 1264.4
1164930 1263.2
1164940 1263.2
1164950 1261.6
1164960 1261.8
1164970 1261.1
1164980 1261.1
1164990 1259.9
1165000 1257.8
1165010 1257.8
1165020 1257.5
1165030 1257.0
1165040 1257.0
1165050 1256.0
1165060 1254.9
1165070 1254.9
1165080 1254.0
1165090 1253.0
1165100 1253.0
1165110 1252.3
1165120 1251.4
1165130 1251.4
1165140 1250.5
1165150 1249.6
1165160 1249.6
1165170 1248.7
1165180 1247.7
1165190 1247.7
1165200 1247.1
1165210 1245.8
1165220 1245.8
1165230 1243.5
1165240 1240.7
1165250 1240.7
1165260 1237.5
1165270 1234.9
1165280 1234.9
1165290 1232.9
1165300 1230.9
1165310 1230.9
1165320 1228.2
1165330 1226.2
1165340 1226.2
1165350 1223.7
1165360 1220.2
1165370 1215.9
1165380 1215.9
1165390 1211.4
1165400 1206.6
1165410 1206.6
1165420 1202.5
1165430 1198.6
1165440 1198.6
1165450 1193.0
1165460 1187.6
1165470 1187.6
1165480 1183.3
1165490 1179.4
1165500 1179.4
1165510 1175.5
1165520 1171.7
1165530 1171.7
1165540 1168.2
1165550 1164.7
1165560 1164.7
1165570 1161.6
1165580 1158.8
1165590 1158.8
1165600 1156.2
1165610 1157.3
1165620 1157.3
1165630 1160.2
1165640 1163.3
1165650 1163.3
1165660 1166.1
1165670 1168.8
1165680 1168.8
1165690 1170.9
1165700 1172.8
1165710 1172.8
1165720 1171.4
1165730 1174.2
1165740 1176.8
1165750 1176.8
1165760 1178.7
1165770 1180.3
1165780 1180.3
1165790 1183.0
1165800 1185.8
1165810 1185.8
1165820 1188.6
1165830 1191.0
1165840 1191.0
1165850 1193.2
1165860 1195.4
1165870 1195.4
1165880 1197.4
1165890 1199.2
1165900 1199.2
1165910 1200.5
1165920 1201.5
1165930 1201.5
1165940 1202.5
1165950 1203.5
1165960 1203.5
1165970 1204.2
1165980 1204.6
1165990 1204.6
1166000 1205.2
1166010 1205.8
1166020 1205.8
1166030 1206.1
1166040 1206.2
1166050 1206.2
1166060 1206.1
1166070 1204.9
1166080 1204.9
1166090 1202.0
1166100 1202.9
1166110 1202.9
1166120 1200.6
1166130 1200.8
1166140 1203.3
1166150 1203.3
1166160 1203.9
1166170 1204.9
1166180 1204.9
1166190 1205.7
1166200 1206.0
1166210 1206.0
1166220 1206.3
1166230 1206.8
1166240 1206.8
1166250 1207.2
1166260 1207.6
1166270 1207.6
1166280 1208.0
1166290 1207.1
1166300 1207.1
1166310 1207.8
1166320 1208.3
1166330 1208.3
1166340 1208.8
1166350 1208.1
1166360 1208.1
1166370 1207.0
1166380 1205.4
1166390 1205.4
1166400 1207.0
1166410 1211.3
1166420 1211.3
1166430 1213.8
1166440 1215.4
1166450 1215.4
1166460 1216.9
1166470 1218.3
1166480 1218.3
1166490 1219.7
1166500 1221.0
1166510 1221.0
1166520 1220.0
1166530 1220.9
1166540 1221.4
1166550 1221.4
1166560 1221.5
1166570 1221.6
1166580 1221.6
1166590 1221.5
1166600 1221.4
1166610 1221.4
1166620 1221.4
1166630 1221.0
1166640 1221.0
1166650 1220.1
1166660 1219.0
1166670 1219.0
1166680 1217.5
1166690 1215.7
1166700 1215.7
1166710 1213.7
1166720 1211.7
1166730 1211.7
1166740 1209.9
1166750 1208.5
1166760 1208.5
1166770 1206.8
1166780 1204.7
1166790 1204.7
1166800 1202.6
1166810 1201.0
1166820 1201.0
1166830 1199.8
1166840 1198.5
1166850 1198.5
1166860 1196.8
1166870 1195.0
1166880 1195.0
1166890 1193.1
1166900 1191.3
1166910 1191.3
