1160280 945.5
1160290 947.2
1160300 947.2
1160310 948.1
1160320 948.9
1160330 948.9
1160340 949.4
1160350 949.9
1160360 949.9
1160370 950.0
1160380 950.1
1160390 950.1
1160400 949.7
1160410 949.1
1160420 949.1
1160430 948.3
1160440 947.9
1160450 947.9
1160460 948.0
1160470 947.8
1160480 947.8
1160490 947.2
1160500 946.5
1160510 946.5
1160520 945.8
1160530 945.6
1160540 945.6
1160550 945.5
1160560 945.4
1160570 945.4
1160580 945.4
1160590 945.6
1160600 945.6
1160610 944.6
1160620 944.7
1160630 945.4
1160640 945.4
1160650 945.9
1160660 946.6
1160670 946.6
1160680 947.2
1160690 948.0
1160700 948.0
1160710 948.9
1160720 950.0
1160730 950.0
1160740 951.1
1160750 951.7
1160760 951.7
1160770 952.5
1160780 954.0
1160790 954.0
1160800 956.0
1160810 957.8
1160820 957.8
1160830 959.7
1160840 961.4
1160850 961.4
1160860 963.0
1160870 964.7
1160880 964.7
1160890 966.3
1160900 967.2
1160910 967.2
1160920 967.7
1160930 969.6
1160940 969.6
1160950 971.8
1160960 973.3
1160970 974.6
1160980 974.6
1160990 975.6
1161000 976.4
1161010 974.0
1161020 976.6
1161030 978.4
1161040 978.4
1161050 979.5
1161060 980.6
1161070 980.6
1161080 981.7
1161090 982.9
1161100 982.9
1161110 984.1
1161120 984.8
1161130 984.8
1161140 985.0
1161150 984.2
1161160 984.2
1161170 983.4
1161180 981.4
1161190 981.4
1161200 980.8
1161210 981.3
1161220 981.3
1161230 980.4
1161240 979.3
1161250 979.3
1161260 979.4
1161270 978.8
1161280 978.8
1161290 976.9
1161300 975.0
1161310 975.0
1161320 974.0
1161330 973.5
1161340 973.9
1161350 973.9
1161360 974.6
1161370 975.0
1161380 975.0
1161390 975.0
1161400 974.9
1161410 974.9
1161420 975.4
1161430 974.8
1161440 974.8
1161450 974.5
1161460 979.2
1161470 979.2
1161480 985.0
1161490 989.2
1161500 989.2
1161510 993.0
1161520 995.5
1161530 995.5
1161540 996.9
1161550 998.1
1161560 998.1
1161570 999.1
1161580 999.8
1161590 999.8
1161600 1000.3
1161610 1000.4
1161620 1000.4
1161630 995.0
1161640 995.6
1161650 995.6
1161660 1002.7
1161670 1004.2
1161680 1004.2
1161690 1002.4
1161700 1003.5
1161710 1003.5
1161720 1006.2
1161730 1007.5
1161740 1007.1
1161750 1007.1
1161760 1006.5
1161770 1004.8
1161780 1004.8
1161790 1006.3
1161800 1011.2
1161810 1011.2
1161820 1013.5
1161830 1015.2
1161840 1015.2
1161850 1020.1
1161860 1023.8
1161870 1023.8
1161880 1024.9
1161890 1025.8
1161900 1025.8
1161910 1026.5
1161920 1027.9
1161930 1027.9
1161940 1030.8
1161950 1033.8
1161960 1033.8
1161970 1035.4
1161980 1037.0
1161990 1037.0
1162000 1038.9
1162010 1041.3
1162020 1041.3
1162030 1043.2
1162040 1044.6
1162050 1044.6
1162060 1047.5
1162070 1050.0
1162080 1050.0
1162090 1052.2
1162100 1054.7
1162110 1054.7
1162120 1056.8
1162130 1058.6
1162140 1060.8
1162150 1060.8
1162160 1062.7
1162170 1064.8
1162180 1064.8
1162190 1067.2
1162200 1069.3
1162210 1069.3
1162220 1071.7
1162230 1073.8
1162240 1073.8
1162250 1076.1
1162260 1078.1
1162270 1078.1
1162280 1079.7
1162290 1081.2
1162300 1081.2
1162310 1082.6
1162320 1084.0
1162330 1084.0
1162340 1085.3
1162350 1086.5
1162360 1086.5
1162370 1087.8
1162380 1088.4
1162390 1088.4
1162400 1085.5
1162410 1078.0
1162420 1078.0
1162430 1067.2
1162440 1058.2
1162450 1058.2
1162460 1061.9
1162470 1069.1
1162480 1069.1
1162490 1073.3
1162500 1080.1
1162510 1080.1
1162520 1087.7
1162530 1091.8
1162540 1093.4
1162550 1093.4
1162560 1095.0
1162570 1096.8
1162580 1096.8
1162590 1098.1
1162600 1099.1
1162610 1099.1
1162620 1100.1
1162630 1101.1
1162640 1101.1
1162650 1101.9
1162660 1102.8
1162670 1102.8
1162680 1104.0
1162690 1105.3
1162700 1105.3
1162710 1106.7
1162720 1107.9
1162730 1107.9
1162740 1109.3
1162750 1110.9
1162760 1110.9
1162770 1112.6
1162780 1114.5
1162790 1114.5
1162800 1116.4
1162810 1118.2
1162820 1118.2
1162830 1119.8
1162840 1121.5
1162850 1121.5
1162860 1123.9
1162870 1126.3
1162880 1126.3
1162890 1128.0
1162900 1129.6
1162910 1129.6
1162920 1131.4
1162930 1133.1
1162940 1134.7
1162950 1134.7
1162960 1135.9
1162970 1138.2
1162980 1138.2
1162990 1138.7
1163000 1140.8
1163010 1140.8
1163020 1142.9
1163030 1145.0
1163040 1145.0
1163050 1147.1
1163060 1149.1
1163070 1149.1
1163080 1151.4
1163090 1153.9
1163100 1153.9
1163110 1156.5
1163120 1159.2
1163130 1159.2
1163140 1162.1
1163150 1164.8
1163160 1164.8
1163170 1167.6
1163180 1170.8
1163190 1170.8
1163200 1173.9
1163210 1177.0
1163220 1177.0
1163230 1180.2
1163240 1184.1
1163250 1184.1
1163260 1186.5
1163270 1189.2
1163280 1189.2
1163290 1192.3
1163300 1195.3
1163310 1195.3
1163320 1198.1
1163330 1201.2
1163340 1204.5
1163350 1204.5
1163360 1207.7
1163370 1211.0
1163380 1211.0
1163390 1210.6
1163400 1213.3
1163410 1213.3
1163420 1217.1
1163430 1220.7
1163440 1220.7
1163450 1223.7
1163460 1227.3
1163470 1227.3
1163480 1230.4
1163490 1233.7
1163500 1233.7
1163510 1237.1
1163520 1240.3
1163530 1240.3
1163540 1243.6
1163550 1247.1
1163560 1247.1
1163570 1250.6
1163580 1253.9
1163590 1253.9
1163600 1257.2
1163610 1260.5
1163620 1260.5
1163630 1263.9
1163640 1267.2
1163650 1267.2
1163660 1270.8
1163670 1274.3
1163680 1274.3
1163690 1277.9
1163700 1281.2
1163710 1281.2
1163720 1284.5
1163730 1288.0
1163740 1291.6
1163750 1291.6
1163760 1295.0
1163770 1298.4
1163780 1298.4
1163790 1299.2
1163800 1302.4
1163810 1302.4
1163820 1305.8
1163830 1308.9
1163840 1308.9
1163850 1312.1
1163860 1315.1
1163870 1315.1
1163880 1318.1
1163890 1321.0
1163900 1321.0
1163910 1323.5
1163920 1325.9
1163930 1325.9
1163940 1328.4
1163950 1330.9
1163960 1330.9
1163970 1333.1
1163980 1335.2
1163990 1335.2
1164000 1337.3
1164010 1339.4
1164020 1339.4
1164030 1341.2
1164040 1342.9
1164050 1342.9
1164060 1344.1
1164070 1344.5
1164080 1344.5
1164090 1346.9
1164100 1349.2
1164110 1349.2
1164120 1350.3
1164130 1352.1
1164140 1353.9
1164150 1353.9
1164160 1355.0
1164170 1357.1
1164180 1357.1
1164190 1356.3
1164200 1358.3
1164210 1358.3
1164220 1360.4
1164230 1362.5
1164240 1362.5
1164250 1364.5
1164260 1366.3
1164270 1366.3
1164280 1368.1
1164290 1370.0
1164300 1370.0
1164310 1372.0
1164320 1374.1
1164330 1374.1
1164340 1376.0
1164350 1377.9
1164360 1377.9
1164370 1379.6
1164380 1381.1
1164390 1381.1
1164400 1382.6
1164410 1384.0
1164420 1384.0
1164430 1385.2
1164440 1386.6
1164450 1386.6
1164460 1388.2
1164470 1389.6
1164480 1389.6
1164490 1390.9
1164500 1392.2
1164510 1393.5
1164520 1393.5
1164530 1394.9
1164540 1396.1
1164550 1396.1
1164560 1397.4
1164570 1398.4
1164580 1398.4
1164590 1396.9
1164600 1397.6
1164610 1397.6
1164620 1398.1
1164630 1398.3
1164640 1398.3
1164650 1398.2
1164660 1397.6
1164670 1397.6
1164680 1396.5
1164690 1394.2
1164700 1394.2
1164710 1389.4
1164720 1383.1
1164730 1383.1
1164740 1376.9
1164750 1370.7
1164760 1370.7
1164770 1364.6
1164780 1359.5
1164790 1359.5
1164800 1355.1
1164810 1350.6
1164820 1350.6
1164830 1346.6
1164840 1342.8
1164850 1342.8
1164860 1339.7
1164870 1335.9
1164880 1335.9
1164890 1332.0
1164900 1328.0
1164910 1324.3
1164920 1324.3
1164930 1321.9
1164940 1319.1
1164950 1319.1
1164960 1316.6
1164970 1313.6
1164980 1313.6
1164990 1306.9
1165000 1303.6
1165010 1303.6
1165020 1300.4
1165030 1297.8
1165040 1297.8
1165050 1296.3
1165060 1294.6
1165070 1294.6
1165080 1292.5
1165090 1290.2
1165100 1290.2
1165110 1288.9
1165120 1288.2
1165130 1288.2
1165140 1287.1
1165150 1284.8
1165160 1284.8
1165170 1283.4
1165180 1282.8
1165190 1282.8
1165200 1282.2
1165210 1281.4
1165220 1281.4
1165230 1280.4
1165240 1278.7
1165250 1278.7
1165260 1276.9
1165270 1275.7
1165280 1275.7
1165290 1274.8
1165300 1272.8
1165310 1268.8
1165320 1268.8
1165330 1268.0
1165340 1267.3
1165350 1267.3
1165360 1265.9
1165370 1263.7
1165380 1263.7
1165390 1257.8
1165400 1256.1
1165410 1256.1
1165420 1255.0
1165430 1253.8
1165440 1253.8
1165450 1252.3
1165460 1249.4
1165470 1249.4
1165480 1245.0
1165490 1242.0
1165500 1242.0
1165510 1240.4
1165520 1239.3
1165530 1239.3
1165540 1238.2
1165550 1237.0
1165560 1237.0
1165570 1235.9
1165580 1235.1
1165590 1235.1
1165600 1234.4
1165610 1233.7
1165620 1233.7
1165630 1232.9
1165640 1232.2
1165650 1232.2
1165660 1231.8
1165670 1231.5
1165680 1231.5
1165690 1230.9
1165700 1230.1
1165710 1228.9
1165720 1228.9
1165730 1227.8
1165740 1226.8
1165750 1226.8
1165760 1227.3
1165770 1228.9
1165780 1228.9
1165790 1231.0
1165800 1231.9
1165810 1231.9
1165820 1232.9
1165830 1233.9
1165840 1233.9
1165850 1235.0
1165860 1236.1
1165870 1236.1
1165880 1237.8
1165890 1239.1
1165900 1239.1
1165910 1241.0
1165920 1241.9
1165930 1241.9
1165940 1244.2
1165950 1247.9
1165960 1247.9
1165970 1251.2
1165980 1254.4
1165990 1254.4
1166000 1257.2
1166010 1259.8
1166020 1259.8
1166030 1261.9
1166040 1263.9
1166050 1263.9
1166060 1265.5
1166070 1266.9
1166080 1266.9
1166090 1268.4
1166100 1271.3
1166110 1274.7
1166120 1274.7
1166130 1277.5
1166140 1280.6
1166150 1280.6
1166160 1283.9
1166170 1286.7
1166180 1286.7
1166190 1291.7
1166200 1295.6
1166210 1295.6
1166220 1299.2
1166230 1303.0
1166240 1303.0
1166250 1306.5
1166260 1309.7
1166270 1309.7
1166280 1313.1
1166290 1317.1
1166300 1317.1
1166310 1322.3
1166320 1328.1
1166330 1328.1
1166340 1333.7
1166350 1339.4
1166360 1339.4
1166370 1344.9
1166380 1349.1
1166390 1349.1
1166400 1352.6
1166410 1355.5
1166420 1355.5
1166430 1358.0
1166440 1360.2
1166450 1360.2
1166460 1362.0
1166470 1363.7
1166480 1363.7
1166490 1365.4
1166500 1367.0
1166510 1368.7
1166520 1368.7
1166530 1370.1
1166540 1371.3
1166550 1371.3
1166560 1372.2
1166570 1373.0
1166580 1373.0
1166590 1373.6
1166600 1372.9
1166610 1372.9
1166620 1373.3
1166630 1373.6
1166640 1373.6
1166650 1373.9
1166660 1373.9
1166670 1373.9
1166680 1374.0
1166690 1374.0
1166700 1374.0
1166710 1374.0
1166720 1373.7
1166730 1373.7
1166740 1373.5
1166750 1373.4
1166760 1373.4
1166770 1373.1
1166780 1372.6
1166790 1372.6
1166800 1371.8
1166810 1370.6
1166820 1370.6
1166830 1369.3
1166840 1367.7
1166850 1367.7
1166860 1365.5
1166870 1362.5
1166880 1362.5
1166890 1357.7
1166900 1351.5
1166910 1345.7
1166920 1345.7
1166930 1340.5
1166940 1337.9
1166950 1337.9
1166960 1334.0
1166970 1329.5
1166980 1329.5
1166990 1326.0
1167000 1329.1
1167010 1329.1
1167020 1327.6
1167030 1324.9
1167040 1324.9
1167050 1321.7
1167060 1318.5
1167070 1318.5
1167080 1314.9
1167090 1309.8
1167100 1309.8
1167110 1304.4
1167120 1300.9
1167130 1300.9
1167140 1300.3
1167150 1297.2
1167160 1297.2
1167170 1291.9
1167180 1285.9
1167190 1285.9
1167200 1279.4
1167210 1272.5
1167220 1272.5
1167230 1266.6
1167240 1262.7
1167250 1262.7
1167260 1259.0
1167270 1255.2
1167280 1251.2
1167290 1251.2
1167300 1246.9
1167310 1242.4
1167320 1242.4
1167330 1237.7
1167340 1232.8
1167350 1232.8
1167360 1227.5
1167370 1222.3
1167380 1222.3
1167390 1224.0
1167400 1223.7
1167410 1223.7
1167420 1222.6
1167430 1214.8
1167440 1214.8
1167450 1214.9
