1160350 985.8
1160360 985.6
1160370 985.6
1160380 983.8
1160390 983.1
1160400 983.1
1160410 982.9
1160420 981.5
1160430 981.5
1160440 981.4
1160450 981.4
1160460 981.4
1160470 980.2
1160480 977.9
1160490 977.9
1160500 975.7
1160510 968.6
1160520 968.6
1160530 966.9
1160540 966.4
1160550 966.4
1160560 966.5
1160570 966.8
1160580 966.8
1160590 967.6
1160600 968.0
1160610 968.0
1160620 967.7
1160630 967.8
1160640 967.8
1160650 967.9
1160660 967.6
1160670 967.6
1160680 967.6
1160690 967.8
1160700 967.6
1160710 967.6
1160720 967.0
1160730 965.9
1160740 965.9
1160750 964.4
1160760 962.5
1160770 962.5
1160780 961.6
1160790 961.3
1160800 961.3
1160810 960.8
1160820 960.2
1160830 960.2
1160840 960.9
1160850 965.3
1160860 965.3
1160870 969.6
1160880 973.0
1160890 973.0
1160900 974.8
1160910 976.5
1160920 976.5
1160930 978.3
1160940 980.4
1160950 980.4
1160960 982.4
1160970 983.4
1160980 983.4
1160990 985.2
1161000 987.9
1161010 987.9
1161020 989.7
1161030 991.1
1161040 992.7
1161050 992.7
1161060 994.0
1161070 995.1
1161080 995.1
1161090 996.4
1161100 997.2
1161110 997.2
1161120 998.1
1161130 999.1
1161140 999.1
1161150 1000.0
1161160 1000.8
1161170 1000.8
1161180 1001.4
1161190 1001.6
1161200 1001.6
1161210 1001.3
1161220 1000.3
1161230 1000.3
1161240 998.9
1161250 997.3
1161260 997.3
1161270 996.0
1161280 994.6
1161290 994.6
1161300 989.0
1161310 984.3
1161320 984.3
1161330 980.7
1161340 980.1
1161350 980.1
1161360 980.4
1161370 980.8
1161380 980.8
1161390 980.4
1161400 980.2
1161410 980.2
1161420 980.4
1161430 980.8
1161440 980.4
1161450 980.4
1161460 979.7
1161470 980.3
1161480 980.3
1161490 980.7
1161500 980.1
1161510 980.1
1161520 980.2
1161530 981.9
1161540 981.9
1161550 991.1
1161560 1000.5
1161570 1000.5
1161580 1006.6
1161590 1009.7
1161600 1009.7
1161610 1012.7
1161620 1016.0
1161630 1016.0
1161640 1017.9
1161650 1019.1
1161660 1019.1
1161670 1019.9
1161680 1020.6
1161690 1018.7
1161700 1018.5
1161710 1015.8
1161720 1015.8
1161730 1017.1
1161740 1019.3
1161750 1019.3
1161760 1020.0
1161770 1021.4
1161780 1021.4
1161790 1022.5
1161800 1024.0
1161810 1024.0
1161820 1026.1
1161830 1028.3
1161840 1030.3
1161850 1030.3
1161860 1031.7
1161870 1033.0
1161880 1033.0
1161890 1034.2
1161900 1035.7
1161910 1035.7
1161920 1037.2
1161930 1038.8
1161940 1038.8
1161950 1040.5
1161960 1042.6
1161970 1042.6
1161980 1044.5
1161990 1046.2
1162000 1046.2
1162010 1047.6
1162020 1049.3
1162030 1049.3
1162040 1051.1
1162050 1053.0
1162060 1053.0
1162070 1055.0
1162080 1056.8
1162090 1056.7
1162100 1058.6
1162110 1060.4
1162120 1060.4
1162130 1062.1
1162140 1063.9
1162150 1063.9
1162160 1065.6
1162170 1067.2
1162180 1067.2
1162190 1068.8
1162200 1070.1
1162210 1070.1
1162220 1071.3
1162230 1072.7
1162240 1073.8
1162250 1073.8
1162260 1074.8
1162270 1075.4
1162280 1075.4
1162290 1076.4
1162300 1077.5
1162310 1077.5
1162320 1078.4
1162330 1078.4
1162340 1078.4
1162350 1075.5
1162360 1067.6
1162370 1067.6
1162380 1059.1
1162390 1051.1
1162400 1051.1
1162410 1043.7
1162420 1043.2
1162430 1043.2
1162440 1049.2
1162450 1057.3
1162460 1057.3
1162470 1067.6
1162480 1078.8
1162490 1077.1
1162500 1084.6
1162510 1088.9
1162520 1088.9
1162530 1090.3
1162540 1091.7
1162550 1091.7
1162560 1093.0
1162570 1094.1
1162580 1094.1
1162590 1095.5
1162600 1096.9
1162610 1096.9
1162620 1098.3
1162630 1099.6
1162640 1101.0
1162650 1101.0
1162660 1102.7
1162670 1104.4
1162680 1104.4
1162690 1106.0
1162700 1107.9
1162710 1107.9
1162720 1109.6
1162730 1111.0
1162740 1111.0
1162750 1112.5
1162760 1114.1
1162770 1114.1
1162780 1115.6
1162790 1117.2
1162800 1117.2
1162810 1118.6
1162820 1120.1
1162830 1120.1
1162840 1121.8
1162850 1123.5
1162860 1123.5
1162870 1125.6
1162880 1128.1
1162890 1128.5
1162900 1130.9
1162910 1133.2
1162920 1133.2
1162930 1135.5
1162940 1137.7
1162950 1137.7
1162960 1139.7
1162970 1141.7
1162980 1141.7
1162990 1143.9
1163000 1146.4
1163010 1146.4
1163020 1148.9
1163030 1151.3
1163040 1153.8
1163050 1153.8
1163060 1156.3
1163070 1159.1
1163080 1159.1
1163090 1162.0
1163100 1165.0
1163110 1165.0
1163120 1168.3
1163130 1171.6
1163140 1171.6
1163150 1174.9
1163160 1178.2
1163170 1178.2
1163180 1181.6
1163190 1184.9
1163200 1184.9
1163210 1188.3
1163220 1191.6
1163230 1191.6
1163240 1194.8
1163250 1198.0
1163260 1198.0
1163270 1201.3
1163280 1204.4
1163290 1204.4
1163300 1207.8
1163310 1211.0
1163320 1211.0
1163330 1214.2
1163340 1217.6
1163350 1217.6
1163360 1221.2
1163370 1224.8
1163380 1224.8
1163390 1228.2
1163400 1231.7
1163410 1231.7
1163420 1235.1
1163430 1238.4
1163440 1241.6
1163450 1241.6
1163460 1244.9
1163470 1248.3
1163480 1248.3
1163490 1251.8
1163500 1255.1
1163510 1255.1
1163520 1258.5
1163530 1261.7
1163540 1261.7
1163550 1265.0
1163560 1268.2
1163570 1268.2
1163580 1271.3
1163590 1274.4
1163600 1274.4
1163610 1277.5
1163620 1280.6
1163630 1280.6
1163640 1283.9
1163650 1287.1
1163660 1287.1
1163670 1290.3
1163680 1292.1
1163690 1292.1
1163700 1295.4
1163710 1298.7
1163720 1298.7
1163730 1302.0
1163740 1305.2
1163750 1305.2
1163760 1308.5
1163770 1312.0
1163780 1312.0
1163790 1315.5
1163800 1318.8
1163810 1318.8
1163820 1322.3
1163830 1325.8
1163840 1329.5
1163850 1329.5
1163860 1332.5
1163870 1336.1
1163880 1336.1
1163890 1339.4
1163900 1342.4
1163910 1342.4
1163920 1345.5
1163930 1349.0
1163940 1349.0
1163950 1352.5
1163960 1355.9
1163970 1355.9
1163980 1359.0
1163990 1361.5
1164000 1361.5
1164010 1363.5
1164020 1364.9
1164030 1364.9
1164040 1366.5
1164050 1368.0
1164060 1368.0
1164070 1369.6
1164080 1368.9
1164090 1368.9
1164100 1370.1
1164110 1371.6
1164120 1371.6
1164130 1372.9
1164140 1373.7
1164150 1373.7
1164160 1376.0
1164170 1377.6
1164180 1377.6
1164190 1379.1
1164200 1380.5
1164210 1380.5
1164220 1381.6
1164230 1382.7
1164240 1384.2
1164250 1384.2
1164260 1386.0
1164270 1388.0
1164280 1388.0
1164290 1390.2
1164300 1391.9
1164310 1391.9
1164320 1393.8
1164330 1395.7
1164340 1395.7
1164350 1397.3
1164360 1398.8
1164370 1398.8
1164380 1400.1
1164390 1401.6
1164400 1401.6
1164410 1403.1
1164420 1404.6
1164430 1404.6
1164440 1405.8
1164450 1407.0
1164460 1407.0
1164470 1408.0
1164480 1407.3
1164490 1407.3
1164500 1408.6
1164510 1409.6
1164520 1409.6
1164530 1410.5
1164540 1411.4
1164550 1411.4
1164560 1412.1
1164570 1412.6
1164580 1412.6
1164590 1413.0
1164600 1412.9
1164610 1412.7
1164620 1412.7
1164630 1412.0
1164640 1410.8
1164650 1410.8
1164660 1409.1
1164670 1406.4
1164680 1406.4
1164690 1402.3
1164700 1396.5
1164710 1396.5
1164720 1390.4
1164730 1383.8
1164740 1383.8
1164750 1377.5
1164760 1371.7
1164770 1371.7
1164780 1366.2
1164790 1362.0
1164800 1362.0
1164810 1357.6
1164820 1352.9
1164830 1352.9
1164840 1348.9
1164850 1346.0
1164860 1346.0
1164870 1343.6
1164880 1341.9
1164890 1341.9
1164900 1338.9
1164910 1335.3
1164920 1335.3
1164930 1331.8
1164940 1329.1
1164950 1329.1
1164960 1327.6
1164970 1326.1
1164980 1326.1
1164990 1324.5
1165000 1322.4
1165010 1319.9
1165020 1319.9
1165030 1317.1
1165040 1314.2
1165050 1314.2
1165060 1311.2
1165070 1308.2
1165080 1308.2
1165090 1305.4
1165100 1302.8
1165110 1302.8
1165120 1300.2
1165130 1298.0
1165140 1298.0
1165150 1296.1
1165160 1294.5
1165170 1294.5
1165180 1293.0
1165190 1290.4
1165200 1290.4
1165210 1288.6
1165220 1289.4
1165230 1289.4
1165240 1288.2
1165250 1285.7
1165260 1285.7
1165270 1282.6
1165280 1281.2
1165290 1281.2
1165300 1281.1
1165310 1280.0
1165320 1280.0
1165330 1278.3
1165340 1276.0
1165350 1276.0
1165360 1274.3
1165370 1272.8
1165380 1272.8
1165390 1269.7
1165400 1265.8
1165410 1262.7
1165420 1262.7
1165430 1260.3
1165440 1258.0
1165450 1258.0
1165460 1255.7
1165470 1253.5
1165480 1253.5
1165490 1251.2
1165500 1249.2
1165510 1249.2
1165520 1247.6
1165530 1246.1
1165540 1246.1
1165550 1244.4
1165560 1242.9
1165570 1242.9
1165580 1241.5
1165590 1240.4
1165600 1240.4
1165610 1239.4
1165620 1238.1
1165630 1238.1
1165640 1237.1
1165650 1235.8
1165660 1235.8
1165670 1233.8
1165680 1230.5
1165690 1230.5
1165700 1228.7
1165710 1227.4
1165720 1227.4
1165730 1225.9
1165740 1223.1
1165750 1223.1
1165760 1223.2
1165770 1225.7
1165780 1225.7
1165790 1226.3
1165800 1226.1
1165810 1224.8
1165820 1224.8
1165830 1225.0
1165840 1226.2
1165850 1226.2
1165860 1227.8
1165870 1229.0
1165880 1229.0
1165890 1230.3
1165900 1231.9
1165910 1231.9
1165920 1234.2
1165930 1235.5
1165940 1235.5
1165950 1237.2
1165960 1240.9
1165970 1240.9
1165980 1244.2
1165990 1247.3
1166000 1247.3
1166010 1250.1
1166020 1253.6
1166030 1253.6
1166040 1256.6
1166050 1259.3
1166060 1259.3
1166070 1261.9
1166080 1264.0
1166090 1265.2
1166100 1266.9
1166110 1269.5
1166120 1269.5
1166130 1272.8
1166140 1276.0
1166150 1276.0
1166160 1280.5
1166170 1284.4
1166180 1284.4
1166190 1287.8
1166200 1291.8
1166210 1295.5
1166220 1295.5
1166230 1298.3
1166240 1300.8
1166250 1300.8
1166260 1303.6
1166270 1306.6
1166280 1306.6
1166290 1310.5
1166300 1313.6
1166310 1313.6
1166320 1316.7
1166330 1320.3
1166340 1320.3
1166350 1324.4
1166360 1329.2
1166370 1329.2
1166380 1334.0
1166390 1338.8
1166400 1338.8
1166410 1343.5
1166420 1347.8
1166430 1347.8
1166440 1351.3
1166450 1357.0
1166460 1357.0
1166470 1361.9
1166480 1365.1
1166490 1365.6
1166500 1368.0
1166510 1370.2
1166520 1370.2
1166530 1371.9
1166540 1373.6
1166550 1373.6
1166560 1375.0
1166570 1376.3
1166580 1376.3
1166590 1377.5
1166600 1378.6
1166610 1379.5
1166620 1379.5
1166630 1380.0
1166640 1380.2
1166650 1380.2
1166660 1380.1
1166670 1379.7
1166680 1379.7
1166690 1379.4
1166700 1378.9
1166710 1378.9
1166720 1378.3
1166730 1377.5
1166740 1377.5
1166750 1376.5
1166760 1375.4
1166770 1375.4
1166780 1374.2
1166790 1372.8
1166800 1372.8
1166810 1371.0
1166820 1369.2
1166830 1369.2
1166840 1366.7
1166850 1363.1
1166860 1363.1
1166870 1357.3
1166880 1350.7
1166890 1352.0
1166900 1345.6
1166910 1340.0
1166920 1340.0
1166930 1335.8
1166940 1330.5
1166950 1330.5
1166960 1326.1
1166970 1321.8
1166980 1321.8
1166990 1317.0
1167000 1312.5
1167010 1308.9
1167020 1308.9
1167030 1305.7
1167040 1301.4
1167050 1301.4
1167060 1296.7
1167070 1292.5
1167080 1292.5
1167090 1288.6
1167100 1284.8
1167110 1284.8
1167120 1282.5
1167130 1279.8
1167140 1279.8
1167150 1277.4
1167160 1274.8
1167170 1274.8
1167180 1271.9
1167190 1269.3
1167200 1269.3
1167210 1268.1
1167220 1267.5
1167230 1267.5
1167240 1265.4
1167250 1260.7
1167260 1260.7
1167270 1254.8
1167280 1250.9
1167290 1251.0
1167300 1247.8
1167310 1250.7
1167320 1250.7
1167330 1254.3
1167340 1255.8
1167350 1255.8
1167360 1255.8
1167370 1255.2
1167380 1255.2
1167390 1253.8
1167400 1251.1
1167410 1247.5
1167420 1247.5
1167430 1242.2
1167440 1239.3
1167450 1239.3
1167460 1242.9
1167470 1250.2
1167480 1250.2
1167490 1256.8
1167500 1261.5
1167510 1261.5
