1160920 1130.8
1160930 1130.8
1160940 1131.7
1160950 1131.6
1160960 1131.6
1160970 1131.6
1160980 1131.0
1160990 1131.0
1161000 1129.5
1161010 1126.1
1161020 1126.1
1161030 1111.9
1161040 1106.7
1161050 1106.7
1161060 1101.8
1161070 1098.0
1161080 1098.0
1161090 1094.1
1161100 1090.6
1161110 1087.0
1161120 1087.0
1161130 1083.5
1161140 1080.1
1161150 1080.1
1161160 1077.7
1161170 1074.5
1161180 1074.5
1161190 1071.2
1161200 1068.8
1161210 1068.8
1161220 1066.6
1161230 1063.7
1161240 1063.7
1161250 1060.4
1161260 1058.1
1161270 1058.1
1161280 1057.0
1161290 1056.0
1161300 1056.0
1161310 1053.9
1161320 1052.6
1161330 1052.6
1161340 1051.5
1161350 1050.0
1161360 1050.0
1161370 1049.1
1161380 1048.2
1161390 1048.2
1161400 1045.9
1161410 1043.8
1161420 1042.0
1161430 1041.2
1161440 1040.1
1161450 1040.1
1161460 1039.3
1161470 1039.1
1161480 1039.1
1161490 1040.0
1161500 1040.8
1161510 1041.8
1161520 1041.8
1161530 1042.7
1161540 1043.4
1161550 1043.4
1161560 1044.3
1161570 1045.4
1161580 1045.4
1161590 1045.9
1161600 1046.4
1161610 1046.4
1161620 1047.4
1161630 1048.4
1161640 1048.4
1161650 1049.6
1161660 1051.4
1161670 1051.4
1161680 1052.9
1161690 1053.9
1161700 1053.9
1161710 1054.7
1161720 1055.4
1161730 1055.4
1161740 1057.3
1161750 1059.2
1161760 1059.2
1161770 1060.5
1161780 1062.0
1161790 1062.0
1161800 1063.2
1161810 1064.1
1161820 1062.1
1161830 1063.3
1161840 1064.5
1161850 1064.5
1161860 1064.9
1161870 1063.8
1161880 1063.8
1161890 1062.6
1161900 1061.4
1161910 1059.4
1161920 1059.4
1161930 1057.8
1161940 1055.5
1161950 1055.5
1161960 1054.6
1161970 1054.4
1161980 1054.4
1161990 1055.1
1162000 1059.0
1162010 1059.0
1162020 1061.5
1162030 1064.2
1162040 1064.2
1162050 1067.0
1162060 1070.3
1162070 1070.3
1162080 1073.9
1162090 1078.2
1162100 1078.2
1162110 1082.7
1162120 1088.0
1162130 1088.0
1162140 1094.6
1162150 1097.9
1162160 1097.9
1162170 1099.2
1162180 1099.7
1162190 1099.7
1162200 1100.2
1162210 1100.5
1162220 1099.2
1162230 1099.4
1162240 1099.3
1162250 1099.3
1162260 1098.6
1162270 1097.8
1162280 1097.8
1162290 1097.1
1162300 1096.4
1162310 1095.6
1162320 1095.6
1162330 1094.5
1162340 1093.9
1162350 1093.9
1162360 1090.4
1162370 1085.6
1162380 1085.6
1162390 1081.9
1162400 1079.3
1162410 1079.3
1162420 1076.9
1162430 1075.3
1162440 1075.3
1162450 1073.3
1162460 1069.1
1162470 1069.1
1162480 1059.7
1162490 1049.5
1162500 1049.5
1162510 1048.2
1162520 1053.7
1162530 1053.7
1162540 1061.4
1162550 1069.2
1162560 1069.2
1162570 1076.7
1162580 1084.2
1162590 1084.2
1162600 1093.1
1162610 1100.0
1162620 1099.0
1162630 1103.8
1162640 1107.5
1162650 1107.5
1162660 1109.5
1162670 1111.3
1162680 1111.3
1162690 1112.9
1162700 1114.4
1162710 1115.7
1162720 1115.7
1162730 1117.1
1162740 1118.9
1162750 1118.9
1162760 1121.6
1162770 1123.7
1162780 1123.7
1162790 1125.2
1162800 1127.0
1162810 1127.0
1162820 1128.8
1162830 1130.3
1162840 1130.3
1162850 1131.8
1162860 1133.2
1162870 1133.2
1162880 1134.9
1162890 1136.8
1162900 1136.8
1162910 1138.8
1162920 1140.8
1162930 1140.8
1162940 1142.8
1162950 1144.7
1162960 1144.7
1162970 1146.6
1162980 1148.6
1162990 1148.6
1163000 1150.7
1163010 1153.0
1163020 1153.0
1163030 1155.3
1163040 1158.1
1163050 1158.1
1163060 1160.6
1163070 1162.2
1163080 1162.2
1163090 1164.4
1163100 1166.7
1163110 1168.7
1163120 1168.7
1163130 1170.5
1163140 1172.6
1163150 1172.6
1163160 1174.8
1163170 1176.8
1163180 1176.8
1163190 1179.0
1163200 1181.2
1163210 1181.2
1163220 1183.3
1163230 1185.0
1163240 1185.0
1163250 1186.8
1163260 1186.5
1163270 1186.5
1163280 1185.9
1163290 1186.1
1163300 1186.1
1163310 1187.6
1163320 1191.1
1163330 1191.1
1163340 1193.8
1163350 1194.9
1163360 1194.9
1163370 1194.7
1163380 1195.1
1163390 1195.1
1163400 1197.3
1163410 1205.6
1163420 1205.6
1163430 1208.2
1163440 1209.8
1163450 1209.8
1163460 1211.8
1163470 1214.4
1163480 1214.4
1163490 1216.4
1163500 1217.7
1163510 1218.7
1163520 1218.7
1163530 1220.1
1163540 1221.1
1163550 1221.1
1163560 1222.3
1163570 1223.0
1163580 1223.0
1163590 1224.1
1163600 1224.8
1163610 1224.8
1163620 1227.0
1163630 1229.8
1163640 1229.8
1163650 1232.4
1163660 1234.9
1163670 1234.9
1163680 1237.8
1163690 1240.2
1163700 1240.2
1163710 1243.4
1163720 1245.3
1163730 1245.3
1163740 1247.5
1163750 1249.6
1163760 1249.6
1163770 1250.1
1163780 1252.7
1163790 1252.7
1163800 1257.9
1163810 1264.0
1163820 1264.0
1163830 1267.4
1163840 1271.0
1163850 1271.0
1163860 1274.6
1163870 1277.4
1163880 1277.4
1163890 1279.9
1163900 1283.1
1163910 1286.7
1163920 1286.7
1163930 1290.3
1163940 1293.4
1163950 1293.4
1163960 1296.6
1163970 1300.0
1163980 1300.0
1163990 1303.2
1164000 1306.8
1164010 1306.8
1164020 1310.4
1164030 1314.1
1164040 1314.1
1164050 1317.8
1164060 1321.8
1164070 1321.8
1164080 1324.9
1164090 1328.8
1164100 1328.8
1164110 1333.0
1164120 1337.2
1164130 1337.2
1164140 1340.7
1164150 1345.0
1164160 1345.0
1164170 1350.0
1164180 1353.4
1164190 1353.4
1164200 1357.1
1164210 1363.9
1164220 1363.9
1164230 1368.0
1164240 1372.6
1164250 1372.6
1164260 1376.8
1164270 1380.6
1164280 1380.6
1164290 1384.6
1164300 1388.0
1164310 1391.8
1164320 1391.8
1164330 1395.9
1164340 1399.6
1164350 1399.6
1164360 1404.0
1164370 1408.1
1164380 1408.1
1164390 1412.2
1164400 1416.3
1164410 1416.3
1164420 1420.2
1164430 1423.6
1164440 1423.6
1164450 1426.7
1164460 1429.5
1164470 1429.5
1164480 1432.5
1164490 1435.5
1164500 1435.5
1164510 1438.9
1164520 1442.4
1164530 1442.4
1164540 1445.3
1164550 1447.1
1164560 1447.1
1164570 1448.3
1164580 1449.2
1164590 1449.2
1164600 1449.9
1164610 1449.7
1164620 1449.7
1164630 1446.6
1164640 1443.7
1164650 1443.7
1164660 1441.2
1164670 1438.8
1164680 1438.8
1164690 1436.1
1164700 1432.9
1164710 1429.5
1164720 1429.5
1164730 1425.9
1164740 1422.3
1164750 1422.3
1164760 1418.6
1164770 1415.2
1164780 1415.2
1164790 1411.7
1164800 1408.1
1164810 1408.1
1164820 1404.7
1164830 1401.4
1164840 1401.4
1164850 1398.2
1164860 1394.8
1164870 1394.8
1164880 1391.6
1164890 1388.3
1164900 1388.3
1164910 1384.7
1164920 1381.2
1164930 1381.2
1164940 1377.7
1164950 1374.3
1164960 1374.3
1164970 1370.9
1164980 1367.4
1164990 1367.4
1165000 1364.0
1165010 1359.0
1165020 1359.0
1165030 1355.1
1165040 1350.7
1165050 1350.7
1165060 1345.6
1165070 1340.0
1165080 1340.0
1165090 1334.5
1165100 1329.0
1165110 1323.0
1165120 1323.0
1165130 1317.3
1165140 1312.8
1165150 1312.8
1165160 1309.8
1165170 1305.2
1165180 1305.2
1165190 1299.6
1165200 1294.3
1165210 1294.3
1165220 1290.6
1165230 1287.6
1165240 1287.6
1165250 1284.1
1165260 1281.4
1165270 1281.4
1165280 1280.1
1165290 1280.5
1165300 1280.5
1165310 1278.9
1165320 1276.3
1165330 1276.3
1165340 1272.6
1165350 1269.3
1165360 1269.3
1165370 1266.5
1165380 1263.9
1165390 1263.9
1165400 1261.9
1165410 1259.6
1165420 1259.6
1165430 1256.8
1165440 1253.6
1165450 1253.6
1165460 1250.6
1165470 1247.4
1165480 1244.6
1165490 1244.6
1165500 1241.8
1165510 1239.1
1165520 1239.1
1165530 1236.6
1165540 1234.1
1165550 1234.1
1165560 1230.8
1165570 1225.9
1165580 1225.9
1165590 1221.2
1165600 1216.7
1165610 1216.7
1165620 1212.0
1165630 1207.1
1165640 1207.1
1165650 1202.7
1165660 1199.5
1165670 1199.5
1165680 1197.3
1165690 1194.4
1165700 1194.4
1165710 1191.1
1165720 1184.5
1165730 1184.5
1165740 1176.5
1165750 1168.6
1165760 1168.6
1165770 1166.7
1165780 1172.7
1165790 1172.7
1165800 1180.1
1165810 1189.2
1165820 1189.2
1165830 1191.4
1165840 1192.0
1165850 1192.0
1165860 1193.4
1165870 1194.8
1165880 1195.0
1165890 1195.0
1165900 1195.1
1165910 1198.2
1165920 1198.2
1165930 1200.9
1165940 1203.9
1165950 1203.9
1165960 1206.4
1165970 1208.9
1165980 1208.9
1165990 1211.4
1166000 1213.8
1166010 1213.8
1166020 1216.4
1166030 1218.6
1166040 1218.6
1166050 1220.8
1166060 1223.5
1166070 1223.5
1166080 1227.1
1166090 1232.1
1166100 1232.1
1166110 1236.5
1166120 1240.3
1166130 1240.3
1166140 1244.6
1166150 1248.6
1166160 1248.6
1166170 1252.5
1166180 1255.8
1166190 1255.8
1166200 1257.7
1166210 1261.5
1166220 1261.7
1166230 1265.5
1166240 1268.4
1166250 1268.4
1166260 1269.4
1166270 1273.0
1166280 1278.6
1166290 1278.6
1166300 1281.9
1166310 1285.4
1166320 1285.4
1166330 1288.8
1166340 1292.9
1166350 1292.9
1166360 1298.6
1166370 1303.6
1166380 1303.6
1166390 1307.3
1166400 1311.1
1166410 1311.1
1166420 1315.1
1166430 1319.7
1166440 1319.7
1166450 1324.4
1166460 1329.2
1166470 1329.2
1166480 1333.8
1166490 1338.8
1166500 1338.8
1166510 1343.4
1166520 1347.6
1166530 1347.6
1166540 1351.1
1166550 1355.1
1166560 1355.1
1166570 1359.6
1166580 1363.5
1166590 1363.5
1166600 1366.9
1166610 1370.4
1166620 1368.6
1166630 1372.0
1166640 1375.4
1166650 1375.4
1166660 1379.0
1166670 1382.7
1166680 1386.2
1166690 1386.2
1166700 1389.6
1166710 1393.0
1166720 1393.0
1166730 1396.4
1166740 1399.6
1166750 1399.6
1166760 1402.5
1166770 1405.4
1166780 1405.4
1166790 1408.4
1166800 1411.5
1166810 1411.5
1166820 1414.3
1166830 1416.6
1166840 1416.6
1166850 1418.8
1166860 1420.4
1166870 1420.4
1166880 1420.8
1166890 1418.8
1166900 1418.8
1166910 1414.1
1166920 1408.4
1166930 1408.4
1166940 1402.7
1166950 1397.0
1166960 1397.0
1166970 1392.1
1166980 1388.1
1166990 1388.1
1167000 1385.0
1167010 1383.3
1167020 1379.9
1167030 1377.8
1167040 1376.1
1167050 1376.1
1167060 1374.8
1167070 1374.0
1167080 1372.3
1167090 1372.3
1167100 1369.4
1167110 1369.5
1167120 1369.5
1167130 1367.8
1167140 1361.4
1167150 1361.4
1167160 1363.3
1167170 1367.3
1167180 1367.3
1167190 1365.6
1167200 1361.4
1167210 1361.4
1167220 1362.3
1167230 1367.7
1167240 1367.7
1167250 1372.2
1167260 1375.3
1167270 1375.3
1167280 1378.1
1167290 1380.4
1167300 1380.4
1167310 1382.5
1167320 1384.4
1167330 1384.4
1167340 1386.5
1167350 1388.2
1167360 1388.2
1167370 1389.5
1167380 1390.3
1167390 1390.3
1167400 1390.8
1167410 1391.4
1167420 1391.4
1167430 1387.3
1167440 1387.8
1167450 1387.8
1167460 1388.0
1167470 1387.9
1167480 1388.2
1167490 1388.2
1167500 1388.6
1167510 1389.1
1167520 1389.1
1167530 1389.8
1167540 1390.8
1167550 1390.8
1167560 1391.6
1167570 1392.1
1167580 1392.1
