1165180 1308.9
1165190 1308.9
1165200 1304.4
1165210 1298.6
1165220 1298.6
1165230 1292.7
1165240 1288.7
1165250 1299.1
1165260 1294.2
1165270 1280.0
1165280 1280.0
1165290 1267.3
1165300 1259.5
1165310 1259.5
1165320 1258.5
1165330 1257.7
1165340 1257.7
1165350 1252.7
1165360 1247.4
1165370 1247.4
1165380 1240.7
1165390 1232.9
1165400 1232.9
1165410 1227.2
1165420 1225.2
1165430 1222.9
1165440 1222.9
1165450 1219.9
1165460 1217.2
1165470 1217.2
1165480 1214.3
1165490 1212.4
1165500 1212.4
1165510 1210.6
1165520 1208.0
1165530 1208.0
1165540 1204.3
1165550 1200.9
1165560 1200.9
1165570 1198.3
1165580 1196.1
1165590 1196.1
1165600 1194.6
1165610 1193.8
1165620 1193.8
1165630 1192.7
1165640 1191.0
1165650 1196.6
1165660 1195.1
1165670 1192.2
1165680 1192.2
1165690 1188.6
1165700 1185.6
1165710 1185.6
1165720 1184.5
1165730 1183.4
1165740 1183.4
1165750 1182.2
1165760 1180.1
1165770 1180.1
1165780 1177.0
